-5.677847 -17.539396 1.183353 -5.570329 28.375292 -7.609495 6.172480 2.129627 -4.675268 7.844228 -24.202181 9.200561 -6.801133 -15.124141 14.726888 8.615702 12.404950 -4.671837 -8.386547 3.221158 7.236710 19.029675 -3.893485 9.243267 -13.786517 -3.322140 -12.227601 8.128727 -6.756854 8.299131
-5.898546 -17.541330 1.175095 -5.696510 28.370708 -7.696434 6.138258 1.981635 -4.613868 7.859625 -24.324635 9.356248 -6.923427 -14.966040 14.706267 8.583780 12.454885 -4.692662 -8.306006 3.242038 7.180146 19.013674 -3.970045 9.151168 -13.895963 -3.354978 -12.151897 8.122264 -6.752502 8.463866
-6.224456 -17.601709 1.028576 -5.957326 28.429497 -7.788342 6.022305 1.691135 -4.497389 7.898940 -24.477068 9.602302 -7.129210 -14.753097 14.719451 8.453882 12.654281 -4.694831 -8.171814 3.344561 7.110288 18.945650 -4.109075 9.053345 -14.032153 -3.399364 -12.062249 8.086508 -6.737459 8.583847
-6.602985 -17.663816 0.763235 -6.223361 28.563004 -7.967892 5.763397 1.337109 -4.446968 7.808405 -24.747643 9.923535 -7.286029 -14.513082 14.707710 8.284370 12.924840 -4.651377 -8.010024 3.596735 7.053982 18.779966 -4.455904 8.908470 -14.185579 -3.436034 -11.922015 7.971606 -6.709510 8.650035
-7.040040 -17.717001 0.212030 -6.599464 28.743473 -8.273954 5.305391 0.928232 -4.419545 7.610240 -25.052166 10.394841 -7.674172 -13.973200 14.833711 8.159445 13.490747 -4.812884 -7.717337 3.759319 6.901675 18.603069 -4.806186 8.669926 -14.517091 -3.548524 -11.660050 7.913259 -6.680470 8.906525
-7.329017 -17.770411 -0.354192 -7.026690 28.974192 -8.463550 4.663251 0.516152 -4.319489 7.366400 -25.391268 10.889582 -7.884858 -13.485035 15.042725 7.990941 14.146794 -4.834835 -7.473043 4.116498 6.786339 18.477400 -5.171019 8.374870 -15.033885 -3.702078 -11.409317 7.613343 -6.756228 9.089950
-7.788017 -18.049719 -0.989428 -7.540455 28.997032 -8.772752 4.059129 0.219980 -4.178118 6.967521 -25.751219 11.433370 -8.296556 -12.885263 15.167729 7.930574 14.901341 -5.020495 -7.161121 4.346351 6.723191 18.349863 -5.552347 8.113401 -15.413045 -3.807635 -11.181186 7.341969 -6.790591 9.160427
-8.342537 -18.125721 -1.546571 -7.876416 29.065231 -9.193447 3.355319 0.231045 -4.188656 6.481445 -26.140198 12.060929 -8.595086 -12.313539 15.455741 7.782376 15.564029 -5.099090 -6.794928 4.867512 6.612056 18.093531 -5.979811 7.767692 -15.714759 -3.931664 -10.948971 7.264858 -6.778885 9.412565
-8.999793 -17.923048 -1.833222 -8.120988 29.279545 -9.673063 2.600627 0.256370 -3.960773 5.921443 -26.577915 12.743305 -9.029218 -11.783231 15.669074 7.592199 16.031301 -4.938089 -6.392708 5.361799 6.480687 17.833469 -6.590455 7.462507 -16.038956 -4.032536 -10.686112 7.158521 -6.687898 9.551287
-9.596333 -17.813145 -1.886217 -8.395111 29.346931 -10.094215 1.965759 0.155218 -3.621073 5.193621 -26.993267 13.501792 -9.664021 -11.302943 15.656278 7.568850 16.060625 -4.653697 -5.924740 5.885796 6.340778 17.692953 -7.125864 7.203538 -16.280539 -4.003428 -10.457685 7.037536 -6.550390 9.749571
-9.992577 -17.885618 -1.818870 -8.756938 29.248755 -10.219829 1.591580 0.053955 -3.282847 4.564301 -27.244270 13.995298 -10.093968 -11.074193 15.566703 7.612067 16.089300 -4.413711 -5.576091 6.281301 6.186304 17.478323 -7.691275 6.807488 -16.450544 -4.066556 -10.363634 7.019630 -6.435754 9.864155
-10.173551 -17.932215 -1.821488 -9.211499 29.315853 -10.242494 1.092106 0.021475 -2.844420 4.052279 -27.768723 14.332623 -10.397469 -10.953255 15.291152 7.364769 15.955909 -3.880453 -5.406250 6.519030 6.053656 17.202789 -8.220607 6.300747 -16.564819 -4.145813 -10.404630 7.102361 -6.294206 10.063797
-10.119791 -17.941923 -2.119762 -9.851576 29.543869 -10.273276 0.268109 0.213431 -2.491361 3.616427 -28.194983 14.664201 -10.924905 -10.734544 14.901878 7.325957 15.652040 -3.247179 -5.100199 6.803321 5.884222 16.934725 -8.854414 5.879651 -16.771252 -4.209590 -10.321879 7.069123 -6.148615 10.242643
-9.992709 -17.936686 -2.269896 -10.353148 29.659967 -10.094670 -0.325832 0.503153 -2.243482 3.215098 -28.620136 15.056798 -11.348174 -10.661998 14.520344 7.202558 15.195935 -2.635325 -4.905445 7.233567 5.738953 16.745874 -9.273408 5.545391 -16.875881 -4.274008 -10.245529 7.132644 -6.016358 10.440750
-9.801533 -18.041267 -2.409795 -10.754166 29.653526 -9.832369 -0.850751 0.856248 -2.010319 2.815243 -28.928562 15.254425 -11.867050 -10.620042 14.014071 7.111688 14.778596 -2.151685 -4.746891 7.429546 5.581651 16.525568 -9.678373 5.280632 -17.032913 -4.257688 -10.179572 7.064107 -5.858891 10.592108
-9.599551 -18.238695 -2.589767 -11.088087 29.631268 -9.534159 -1.293777 1.198373 -1.843881 2.529371 -29.170185 15.376372 -12.274195 -10.672659 13.567485 7.027350 14.469334 -1.767793 -4.630170 7.413485 5.461195 16.346514 -9.985036 5.049669 -17.144558 -4.259396 -10.108388 7.073409 -5.731894 10.769325
-9.568419 -18.383703 -2.678172 -11.338644 29.566933 -9.305243 -1.595634 1.413688 -1.738150 2.219544 -29.477818 15.471195 -12.606660 -10.687833 13.030132 6.963442 14.292693 -1.373591 -4.484596 7.477272 5.351880 16.211580 -10.239031 4.939982 -17.211384 -4.221283 -10.019895 7.032054 -5.638337 10.891389
-9.531045 -18.369247 -2.796430 -11.503086 29.639591 -9.195415 -1.957230 1.609666 -1.694824 1.967157 -29.708784 15.554904 -12.803458 -10.665739 12.765620 6.809974 14.199155 -1.083905 -4.410023 7.593490 5.277061 16.059288 -10.523895 4.831801 -17.268105 -4.193405 -9.942773 7.000896 -5.528973 10.982222
-9.436507 -18.357700 -2.916084 -11.611080 29.694256 -9.093880 -2.218796 1.824207 -1.678185 1.829712 -29.821938 15.571630 -12.921650 -10.684274 12.582091 6.753268 14.121040 -0.915888 -4.361743 7.624227 5.244382 15.993760 -10.657598 4.745228 -17.300058 -4.203628 -9.920398 6.984500 -5.508062 11.008460
-9.424801 -18.396090 -2.904869 -11.653969 29.662022 -9.077612 -2.223622 1.856612 -1.644961 1.808803 -29.859697 15.549864 -13.007130 -10.676884 12.457619 6.744069 14.092135 -0.873996 -4.337084 7.555658 5.230444 15.953504 -10.672981 4.729434 -17.296144 -4.186269 -9.889668 7.017833 -5.457466 11.061840
-9.318316 -18.248163 -2.984842 -11.482904 29.858288 -9.192139 -2.070898 1.622992 -1.722149 2.069162 -29.742844 15.437656 -12.647378 -10.775796 12.649724 6.825572 14.023654 -1.043058 -4.522856 7.550849 5.334812 16.127392 -10.495720 4.791928 -17.370174 -4.212943 -9.971194 6.884836 -5.579098 10.933496
-9.074233 -17.417624 -3.223465 -10.966354 30.587955 -9.972645 -1.445377 0.994595 -1.875610 3.073276 -29.743567 15.097241 -11.518136 -10.931938 13.081091 6.953573 13.825492 -1.309564 -4.953858 7.775177 5.837224 16.476625 -9.958867 4.781407 -17.369932 -4.244156 -10.442495 6.591842 -5.838686 10.432996
-8.878832 -16.480579 -3.438350 -10.284644 31.345837 -10.074780 -0.469738 0.629199 -2.591775 4.247322 -29.130146 14.423793 -9.746017 -11.231584 14.375228 7.176982 13.591743 -1.922597 -5.619600 8.538963 6.592875 17.056868 -8.902342 5.175611 -17.156063 -4.240131 -11.082726 6.211622 -6.283947 9.590310
-8.118785 -14.850492 -3.432080 -9.298792 32.277191 -10.551196 0.939097 0.225711 -3.173151 5.903603 -28.254581 13.334916 -7.460482 -11.630786 16.004120 7.148511 13.922783 -3.070382 -6.745348 9.652411 7.308552 17.878466 -7.609276 5.704626 -16.805088 -4.213023 -11.756862 5.851928 -6.896267 8.675490
-7.232470 -13.028893 -3.754985 -8.177368 33.816292 -12.457745 2.678548 0.090167 -3.719643 8.812333 -26.972717 12.195607 -5.236161 -12.166539 18.547756 6.553289 13.078622 -3.655231 -8.164443 10.562843 7.832104 18.883890 -6.365568 6.600894 -16.457520 -4.297657 -12.346424 5.370753 -7.643193 7.535224
-7.754004 -11.212192 -3.747773 -7.484750 34.746395 -13.646555 6.669313 0.243703 -3.475637 11.555433 -24.866249 9.490281 -3.971442 -13.523274 20.689163 5.372616 13.388293 -4.473839 -9.566736 12.352654 6.908618 17.737928 -4.624636 9.132380 -16.786049 -5.579964 -12.948400 5.642253 -9.295283 4.848412
-6.515592 -8.380877 -4.248739 -8.506753 36.058704 -14.483215 11.530425 0.709724 -2.685752 16.112841 -21.080322 6.098588 -4.316593 -15.437177 23.365288 3.478581 15.336877 -4.514828 -10.451048 12.955437 5.738520 15.925028 -3.242110 12.397734 -16.955462 -6.724095 -13.406495 5.926027 -10.670657 1.065892
-1.633301 -6.066145 -3.457950 -9.072531 36.527458 -15.027827 13.941947 2.507548 -1.112466 18.628601 -17.981909 4.389242 -4.206234 -16.404884 27.485483 1.681516 15.515527 -4.823793 -11.587871 12.429541 5.147219 14.666524 -2.630670 15.228574 -16.775309 -7.378554 -13.012956 6.197969 -11.654655 -2.152550
1.928221 -6.012802 -3.192386 -7.316579 36.345253 -15.388651 15.409407 3.865156 -0.832512 18.514099 -15.322446 3.255007 -4.418555 -16.868473 30.712255 0.368229 14.919896 -5.172345 -12.236447 11.807156 5.414873 13.687528 -2.227412 17.246422 -16.471828 -7.106486 -12.549397 6.037902 -11.915185 -3.638719
5.157614 -7.173800 -2.663811 -6.305611 34.794121 -16.048700 18.296751 4.481104 -0.220560 19.443729 -12.061256 1.851937 -4.856248 -18.719088 32.565495 -0.423936 14.055740 -5.675920 -13.177841 11.696472 6.197896 12.725791 -1.373378 18.774412 -15.632836 -6.106413 -12.647575 6.390830 -11.270956 -3.820880
7.539152 -8.614621 -0.707122 -5.253043 33.007294 -15.583092 20.276794 5.218119 0.587743 19.324785 -9.299940 0.527203 -6.108891 -20.351782 34.069626 -0.776960 11.523161 -4.681545 -13.606801 12.481213 6.711631 10.731391 -0.111145 20.298740 -14.865851 -5.490849 -13.149585 7.375646 -10.386471 -3.785283
10.412319 -9.265959 1.313469 -4.453163 31.318346 -16.316477 23.068432 5.490049 1.389683 20.711576 -6.926053 -0.766763 -6.574811 -21.737562 35.915565 -1.202928 9.982125 -4.459805 -14.711266 12.157318 6.846974 8.629756 1.435975 21.931574 -14.572747 -4.912321 -13.580474 8.068962 -9.579438 -3.480982
11.791504 -10.158703 2.355408 -3.616974 29.554119 -14.999104 26.079441 6.491399 1.332755 22.005384 -5.236903 -2.089390 -7.486284 -23.208797 35.905121 -1.373754 7.948542 -3.918282 -15.447900 11.457898 6.700192 6.610585 2.629039 22.746202 -14.404644 -4.421243 -14.360108 8.749695 -8.702048 -2.758298
12.507065 -12.128660 2.738076 -3.190969 27.849777 -14.173522 28.347061 7.661789 1.395219 22.139500 -3.935575 -2.980408 -9.128271 -24.237455 35.469418 -1.237025 6.386622 -2.998914 -15.362071 10.882933 6.517844 4.519876 3.629939 23.232899 -14.408675 -3.703330 -15.133959 9.407299 -7.695085 -1.237492
11.836632 -13.935616 3.249338 -3.367554 26.178205 -13.988436 29.842678 7.674308 1.864885 21.944492 -3.511203 -3.308776 -10.799058 -24.292286 34.890133 -1.290638 5.660888 -1.949357 -15.018528 10.312023 6.371855 2.987305 3.470395 23.789194 -14.274608 -3.199198 -14.889813 10.044298 -6.754978 -0.542534
11.355665 -15.359206 3.780702 -4.254616 24.619442 -14.396601 31.673286 6.996629 2.793020 22.386084 -3.242823 -3.430270 -12.267190 -23.994492 34.824268 -1.544968 5.494911 -0.927049 -14.663022 10.086935 6.141957 1.426796 3.124756 24.162277 -14.153625 -2.855278 -14.546147 10.669308 -5.904613 0.167518
10.753862 -16.596205 4.299707 -4.826573 23.234798 -14.698909 33.126392 6.364353 3.568666 22.470098 -2.567710 -3.317315 -13.850928 -23.487019 34.945900 -1.972515 5.242619 -0.007668 -14.040972 9.833536 5.888823 0.274077 3.089548 24.492922 -13.948060 -2.635382 -14.387461 11.317706 -5.408747 0.598874
10.447279 -17.155260 4.526495 -5.035408 22.532900 -15.033700 34.003555 6.215597 3.896723 22.799320 -1.976438 -2.989727 -15.374314 -22.856133 35.089642 -2.264997 5.333185 0.525333 -13.312869 9.517669 5.607446 -0.829523 3.097747 24.634748 -13.682765 -2.351869 -14.380187 11.903959 -4.870384 1.285315
10.088987 -17.653975 4.578125 -5.057661 21.956524 -14.938536 34.697548 6.137882 4.089144 22.838575 -1.579659 -2.795349 -16.272223 -22.554256 35.206043 -2.538018 5.389473 0.946099 -12.871482 9.337557 5.487135 -1.537137 3.044071 24.623125 -13.459677 -2.158487 -14.379212 12.282053 -4.488882 1.757781
9.902498 -17.796072 4.567340 -5.081902 21.789200 -14.902082 34.916412 6.149224 4.115551 22.865402 -1.569161 -2.742199 -16.547024 -22.440067 35.089268 -2.518366 5.350171 1.015319 -12.746850 9.196707 5.466698 -1.745272 3.077551 24.648895 -13.409457 -2.083648 -14.407911 12.382151 -4.375686 1.900058
9.876555 -17.833868 4.615312 -5.023637 21.727566 -14.864252 35.018002 6.137470 4.101834 22.890343 -1.493133 -2.748879 -16.568489 -22.472256 35.108326 -2.529602 5.290582 1.078219 -12.722342 9.269717 5.466082 -1.812475 3.125872 24.666864 -13.364398 -2.064331 -14.422145 12.437676 -4.348618 1.939767
9.618304 -17.784674 4.820724 -4.976069 21.615356 -14.685140 35.306694 6.139875 4.122702 23.023733 -1.368576 -2.745868 -16.696514 -22.571468 34.932964 -2.497972 5.163443 1.270570 -12.605405 9.377010 5.492885 -1.896145 3.144002 24.734034 -13.296636 -2.018047 -14.421501 12.491657 -4.324974 1.954259
9.380693 -17.829397 5.096696 -4.995072 21.386827 -14.645156 35.635757 6.247964 4.196814 23.099733 -1.148909 -2.774593 -16.895802 -22.732233 34.830231 -2.475829 4.933651 1.580925 -12.484656 9.583551 5.493342 -2.102093 3.187941 24.761534 -13.153617 -1.955248 -14.417255 12.673208 -4.238074 2.093948
9.080171 -17.965485 5.377750 -5.006956 21.154819 -14.476137 36.032089 6.389023 4.226245 23.110304 -0.904854 -2.791071 -17.222370 -22.898685 34.740562 -2.483665 4.803670 1.966694 -12.314182 9.756006 5.490101 -2.413513 3.265209 24.810427 -12.969106 -1.863625 -14.426775 12.914863 -4.118208 2.322409
8.765377 -18.226179 5.629868 -5.079450 20.849190 -14.116992 36.546310 6.659869 4.199327 23.150875 -0.385868 -2.717582 -17.722496 -23.075871 34.922611 -2.625787 4.656814 2.493687 -12.061325 10.048760 5.462395 -2.776826 3.274721 24.872538 -12.745876 -1.766309 -14.406135 13.177666 -3.987678 2.566202
8.490388 -18.621061 5.976655 -5.249835 20.494671 -13.484646 37.024078 7.125315 4.220939 22.953802 -0.029951 -2.602158 -18.308912 -23.277807 34.814983 -2.528487 4.341954 2.983095 -11.831030 10.345819 5.411588 -3.071177 3.294354 24.859167 -12.365300 -1.702513 -14.310403 13.636222 -3.858905 2.776520
8.337228 -19.235079 6.453873 -5.292968 20.014719 -12.589923 37.626984 7.635539 4.220562 22.570631 0.345722 -2.568686 -18.955494 -23.663982 34.690491 -2.336297 3.850105 3.780288 -11.570577 10.763050 5.329115 -3.384809 3.250406 24.804796 -11.947982 -1.609334 -14.198279 14.170208 -3.731458 3.057316
8.233519 -19.594559 6.856439 -5.530544 19.649055 -11.992353 37.863861 8.324739 4.302313 22.216230 0.564918 -2.623091 -19.738560 -24.092419 34.148853 -1.905149 3.315218 4.588036 -11.252622 11.112535 5.183367 -3.832625 3.042570 24.721125 -11.523919 -1.533776 -14.033012 14.679841 -3.563086 3.371699
8.075190 -19.960556 7.205215 -5.710540 19.183840 -11.209759 37.743988 8.896954 4.355358 21.591822 0.652641 -2.603258 -20.405592 -24.320896 33.022976 -1.421942 2.895246 5.100207 -10.914834 11.483889 5.017027 -4.203299 2.666411 24.639662 -11.051835 -1.482906 -13.794805 15.169331 -3.376604 3.490967
8.007320 -20.454563 7.596841 -5.907364 18.594013 -10.562766 37.591549 9.576911 4.507684 20.753733 0.632346 -2.517597 -21.064734 -24.515289 32.007435 -0.818696 2.267833 5.757747 -10.614670 11.858351 4.901162 -4.542845 2.294424 24.530464 -10.531526 -1.385201 -13.568272 15.715618 -3.187297 3.594199
7.824048 -20.791880 7.989279 -6.209136 18.100615 -10.082820 37.260719 10.284590 4.704477 19.925730 0.597924 -2.400589 -21.726791 -24.619503 30.929998 -0.235083 1.733453 6.323767 -10.229735 12.188376 4.691084 -4.783135 1.733876 24.347715 -10.014606 -1.367010 -13.224423 16.216654 -2.999175 3.591359
7.602456 -21.028173 8.206735 -6.453032 17.675179 -9.626488 36.871788 10.936335 4.885592 19.159853 0.621745 -2.202582 -22.404602 -24.660080 29.677597 0.399034 1.175159 6.625013 -9.785913 12.405272 4.381230 -5.043014 1.110940 24.183229 -9.400021 -1.401356 -12.860148 16.766270 -2.821737 3.511664
7.139827 -20.999863 8.177133 -6.852220 17.518913 -9.235615 36.345604 11.747776 4.942914 18.581160 0.779106 -2.022548 -23.124443 -24.669445 28.503342 1.011744 0.512840 6.938094 -9.371546 12.760912 4.070372 -5.051191 0.428146 23.898945 -9.110094 -1.570933 -12.549617 17.117977 -2.788785 3.331920
6.658058 -21.090620 8.168834 -7.284838 17.163437 -9.127494 35.880383 12.667692 5.097760 17.930271 0.876726 -1.814028 -23.764959 -24.718739 27.201691 1.640802 -0.048896 7.058445 -8.963202 13.135490 3.782700 -5.012271 -0.217088 23.677689 -8.819910 -1.654295 -12.216519 17.395107 -2.769465 3.245852
6.178880 -21.060112 8.188649 -7.680333 16.939671 -9.061769 35.328911 13.478591 5.283370 17.290655 0.843068 -1.586932 -24.409328 -24.720718 26.038593 2.320469 -0.701825 7.177155 -8.605712 13.432913 3.501200 -5.157904 -0.671877 23.538248 -8.649959 -1.693220 -12.003940 17.560850 -2.699879 3.350336
5.834246 -20.939291 8.207568 -8.072180 16.770401 -8.764322 34.791752 14.207955 5.417850 16.747328 0.803968 -1.455872 -24.913204 -24.631466 25.142748 2.789261 -1.091847 7.236674 -8.339283 13.534948 3.388542 -5.213107 -1.013316 23.344995 -8.632468 -1.666834 -11.894462 17.602957 -2.661989 3.506986
5.610013 -20.852762 8.229851 -8.428312 16.729774 -8.444878 34.225765 14.769746 5.483888 16.245407 0.805700 -1.367782 -25.274376 -24.494324 24.618109 3.025802 -1.292030 7.346387 -8.127282 13.590567 3.307985 -5.263825 -1.321947 23.169901 -8.579099 -1.620014 -11.764651 17.668306 -2.607584 3.670039
5.470423 -20.798397 8.233977 -8.680908 16.747133 -8.246399 33.868240 15.131870 5.532128 15.941730 0.731778 -1.312914 -25.543346 -24.418655 24.254963 3.238570 -1.483538 7.486928 -7.993752 13.635174 3.220256 -5.310923 -1.511705 23.031681 -8.579429 -1.597462 -11.725375 17.731310 -2.582646 3.816206
5.385314 -20.717897 8.255605 -8.826418 16.813824 -8.076958 33.560944 15.367315 5.542095 15.728253 0.623312 -1.272945 -25.705240 -24.377909 23.867601 3.445408 -1.629139 7.508677 -7.901471 13.655171 3.160465 -5.285437 -1.647253 22.948090 -8.595579 -1.603413 -11.678401 17.736982 -2.587748 3.859226
5.360621 -20.700327 8.256190 -8.868580 16.825348 -8.055658 33.492599 15.426952 5.556220 15.673379 0.583896 -1.255750 -25.751530 -24.356308 23.767643 3.510523 -1.671436 7.503374 -7.875412 13.655569 3.144599 -5.278843 -1.682173 22.920515 -8.596619 -1.605483 -11.669927 17.744701 -2.591025 3.872920
5.382962 -20.648018 8.309192 -8.840237 16.835732 -8.081766 33.485725 15.426500 5.572687 15.706853 0.551213 -1.285051 -25.682674 -24.397429 23.715973 3.544275 -1.698828 7.480706 -7.897038 13.666165 3.150618 -5.226728 -1.685280 22.928312 -8.603426 -1.620497 -11.656196 17.721809 -2.606244 3.824094
5.391029 -20.455494 8.488105 -8.688100 16.873785 -8.191309 33.482552 15.389583 5.596080 15.814033 0.451170 -1.355079 -25.403973 -24.498638 23.677303 3.610250 -1.748244 7.362700 -7.996377 13.674232 3.177668 -5.112802 -1.601833 22.936152 -8.618526 -1.674459 -11.679265 17.679962 -2.653109 3.721077
5.562188 -20.124140 8.814821 -8.383236 16.978380 -8.364394 33.535446 15.311316 5.645896 16.044580 0.350906 -1.466230 -24.966152 -24.644123 23.631775 3.670481 -1.782767 7.157139 -8.139630 13.716552 3.243277 -4.952914 -1.462738 22.954823 -8.649608 -1.746258 -11.737996 17.631569 -2.747314 3.568396
5.605418 -19.671534 9.289834 -8.091509 17.148029 -8.586778 33.427364 15.257568 5.719288 16.231495 0.260029 -1.668320 -24.328213 -24.955532 23.691895 3.743970 -1.868269 6.959275 -8.398347 13.800630 3.288654 -4.696672 -1.382493 22.934629 -8.686993 -1.855728 -11.743379 17.534918 -2.875903 3.369319
5.681069 -19.218185 9.773486 -7.774652 17.406414 -8.722378 33.353340 15.167148 5.721872 16.456865 -0.104869 -1.886713 -23.621609 -25.251368 23.555790 3.997602 -1.966241 6.592119 -8.737340 13.712048 3.407764 -4.314583 -1.137597 22.944777 -8.759043 -2.008050 -11.860653 17.397387 -3.118874 3.047688
5.854483 -18.672270 10.190192 -7.456199 17.811396 -8.761341 33.022289 15.027384 5.653159 16.645498 -0.554732 -2.162542 -22.610237 -25.625767 23.464264 4.353431 -2.007612 5.956510 -9.211841 13.584393 3.568198 -3.875287 -0.876657 22.850042 -8.964469 -2.178533 -12.109492 17.168301 -3.436364 2.741910
6.267373 -18.122700 10.649709 -7.071079 18.297239 -8.596525 32.472698 14.871782 5.667890 16.592085 -0.892576 -2.375349 -21.575373 -25.816338 23.503283 4.534072 -1.703586 5.022845 -9.632463 13.335073 3.698921 -3.351373 -0.691022 22.704071 -9.210766 -2.360245 -12.329317 16.909695 -3.817120 2.483800
6.732353 -17.383688 11.424050 -6.922241 18.830437 -8.155339 31.634499 14.851772 5.826371 16.259365 -1.145979 -2.554632 -20.612356 -25.934700 23.566784 4.648595 -1.324802 4.179596 -10.010152 13.205533 3.826274 -2.672676 -0.444683 22.601677 -9.465182 -2.581989 -12.532212 16.580105 -4.312876 2.198024
7.343885 -16.480505 12.306668 -6.577636 19.507660 -8.090229 30.867388 14.314013 5.920924 16.273596 -1.233423 -2.662752 -19.542294 -26.002682 23.698456 4.613099 -0.576073 3.255923 -10.299945 13.114058 3.929399 -2.002772 -0.150048 22.630262 -9.670638 -2.857311 -12.600799 16.253660 -4.810997 1.761212
7.713083 -15.549386 12.813268 -6.176620 20.435219 -8.093878 30.226448 13.521475 5.954055 16.416586 -1.631141 -2.812518 -18.404366 -26.130585 23.711857 4.644336 -0.005467 2.541369 -10.617318 13.136946 4.050065 -0.906077 0.062731 22.609858 -9.800656 -3.204482 -12.608836 15.818175 -5.438323 0.957936
8.130382 -14.797905 13.117391 -5.736186 21.105488 -7.529571 29.561947 12.932659 5.951265 16.453489 -2.141796 -3.098717 -17.334873 -26.188244 23.945951 4.798407 0.332377 2.143648 -10.905176 13.302471 4.179444 0.429321 0.275249 22.463589 -9.899386 -3.598441 -12.654684 15.409773 -6.147477 0.107548
8.778006 -14.116964 12.947431 -5.564684 21.987602 -7.497477 28.446255 12.496244 5.800460 16.416407 -2.537434 -3.169898 -16.329082 -26.031961 24.262133 5.044564 0.554113 1.526648 -11.076920 13.543783 4.342556 1.831925 0.614699 22.209507 -10.104386 -4.050490 -12.851585 14.957216 -7.017462 -0.600102
9.532385 -13.424291 12.559627 -5.638040 23.075363 -7.032217 27.106995 11.825991 5.788540 16.195250 -3.024043 -2.955462 -15.551295 -25.502110 24.687807 5.182117 0.670418 1.197738 -11.123370 13.762393 4.413697 2.984225 0.743934 21.832998 -10.208681 -4.471232 -12.982496 14.694037 -7.696886 -1.197253
9.938183 -12.004171 12.287400 -5.172882 24.595459 -7.036011 25.770000 11.246477 5.597325 16.347435 -4.029146 -2.559194 -14.472661 -24.539810 24.991497 5.334840 1.075400 0.702861 -11.152938 14.008611 4.451570 3.894636 1.038952 21.475878 -10.129419 -4.841783 -13.251524 14.412605 -8.330217 -1.710840
5.732292 -18.559086 11.163330 -2.641663 23.902828 -2.508401 13.500915 13.978604 0.027426 13.280282 -16.369108 -3.115441 -7.654068 -25.325844 11.620040 11.287823 2.753766 8.057633 -6.526746 3.515290 6.546724 11.769282 -3.427160 14.495469 -8.022086 3.442506 -16.671238 8.537015 -4.362220 -1.247590
5.606682 -18.253813 10.726441 -3.379903 24.695730 -2.236482 12.369131 12.324156 0.482550 13.247977 -16.983528 -2.306148 -7.151885 -24.589466 11.409301 12.215010 3.107380 7.024628 -6.200655 4.365419 6.337296 12.489139 -3.136379 14.099842 -8.193077 3.106010 -16.685276 8.336952 -4.894749 -1.042864
4.496500 -18.060753 9.561864 -4.870111 25.317860 -2.076475 10.905802 11.018181 1.166742 12.936004 -17.624619 -1.285781 -6.965590 -23.508030 11.038375 13.423282 3.811318 5.216428 -5.803493 4.557791 5.896284 13.006595 -3.056682 13.425666 -8.694238 2.706884 -16.465563 8.346523 -5.359614 -0.173439
2.743744 -17.953447 8.602201 -6.026219 25.680664 -1.960305 9.666158 10.164590 1.305138 12.278954 -18.299210 -0.476440 -6.843940 -22.183010 10.621354 14.407368 4.332719 3.105537 -5.578659 3.938476 5.340793 13.225004 -3.208558 12.476998 -9.386297 2.204805 -16.176668 8.574606 -5.685795 1.020224
0.242399 -18.299181 8.173083 -6.183839 25.756798 -2.088547 9.830236 9.218909 0.939244 11.950644 -18.678627 0.093982 -7.102696 -20.825256 10.567926 15.073895 5.377457 0.873766 -5.573481 2.630696 4.780693 12.970948 -3.133561 11.729239 -10.009011 1.934995 -15.960019 9.041921 -5.636265 2.829697
-1.998279 -18.994862 6.696022 -4.334245 24.213665 -6.697076 9.622468 8.451183 -2.121723 8.505895 -18.841400 5.998421 -8.162121 -19.570915 13.368129 10.917613 5.792828 -2.618822 -8.789876 0.651499 6.724961 14.593645 -4.167598 9.489676 -9.417963 -0.429519 -15.232974 10.312187 -4.862732 5.172794
-3.950288 -19.580782 5.151587 -4.717299 23.475075 -7.225697 9.767792 7.506650 -3.158174 7.035944 -19.406876 7.926088 -9.535448 -18.661392 13.371411 9.601896 7.647770 -4.126716 -9.003834 0.705079 6.697353 14.522555 -4.929657 7.993204 -10.298376 -1.422753 -13.727855 11.073122 -4.329176 7.982313
-5.270394 -20.602720 3.840148 -5.357059 23.182966 -7.231449 9.159388 7.300321 -3.733621 5.875632 -20.295071 9.010196 -10.603532 -17.061411 13.087566 9.970753 8.969098 -4.955962 -8.338840 0.090332 6.286316 14.418169 -5.638364 7.772925 -10.977342 -1.696744 -12.753769 11.353050 -4.126750 9.857547
-6.399472 -20.924002 2.792665 -6.518241 23.440250 -7.502694 8.357264 7.262919 -3.627446 4.754812 -21.120335 9.337295 -11.820539 -15.758516 12.787213 9.800155 9.761961 -4.926737 -7.635647 -0.819304 5.987856 14.096679 -5.940782 8.071169 -11.433312 -1.663554 -11.874635 11.561455 -3.652670 10.622023
-6.573680 -21.881699 1.517721 -7.634292 23.332403 -7.390100 7.507555 7.471011 -3.033883 3.911847 -21.723038 9.488336 -13.031089 -14.865205 12.650545 9.221437 10.481864 -4.681319 -7.105514 -1.678831 5.700002 13.887486 -6.491500 8.451306 -11.902078 -1.543144 -10.947417 11.414054 -3.191634 10.945889
-6.377116 -22.640686 1.245628 -8.541224 22.746273 -7.011262 7.328053 7.386479 -2.134432 3.616674 -21.923964 9.631501 -14.556684 -14.166587 12.368632 8.910698 10.753832 -3.868175 -6.406979 -2.025460 5.285911 13.514164 -7.274492 8.772806 -12.321778 -1.371961 -9.945745 11.144716 -2.853750 10.992195
-6.474933 -23.142607 1.531225 -9.135147 21.872662 -7.145304 7.746830 7.473882 -1.547657 3.520380 -21.914337 9.711422 -16.031824 -14.029864 11.854087 8.810459 10.623877 -2.667629 -5.589843 -1.758955 4.806899 13.076774 -8.309628 9.154416 -12.649854 -1.378577 -8.945743 11.018984 -2.598790 10.836729
-6.081956 -23.559204 1.324095 -9.898088 21.228298 -7.336653 7.570760 7.784836 -1.019035 2.992941 -21.458019 9.531263 -17.333797 -14.392439 11.461347 8.477461 10.360785 -1.420569 -4.995888 -1.686870 4.540175 12.688399 -9.098116 9.673790 -12.579823 -1.305040 -8.393167 11.122434 -2.365505 10.617565
-5.403510 -23.839359 1.441989 -10.258506 20.842304 -7.604018 7.390171 8.116598 -0.508873 2.744514 -21.068247 9.496402 -18.500648 -14.676386 11.179322 8.101868 10.293412 -0.370546 -4.521586 -1.383290 4.335764 12.406001 -9.714781 10.082109 -12.291676 -1.201513 -8.331672 11.126259 -2.243567 10.258870
-4.998473 -23.828915 1.874273 -10.481668 20.495293 -7.688505 7.474297 8.766227 -0.154312 2.598023 -20.744678 9.499858 -19.354153 -14.934200 10.809098 8.081078 10.095105 0.275670 -4.169366 -1.072491 4.097166 12.328820 -10.144628 10.458437 -11.880215 -1.134273 -8.428655 11.203875 -2.266284 9.532443
-4.882061 -23.369829 2.812130 -10.310053 20.193548 -7.723251 7.754139 9.419289 -0.071035 2.515514 -20.232309 9.417613 -19.858381 -15.677675 10.350574 8.205694 9.129929 0.998635 -4.126883 -0.846788 3.648180 12.251342 -10.800914 11.067242 -11.508975 -1.189337 -7.933337 11.411886 -2.307384 8.712514
-4.452142 -22.916380 3.593407 -10.543239 19.919477 -7.889078 7.867276 9.920006 0.230575 2.454339 -19.828228 9.275746 -20.193804 -16.494299 9.889872 8.255516 7.986787 1.782359 -4.234200 -0.766848 3.739559 12.062436 -11.161904 11.438510 -11.004658 -1.098564 -7.752745 11.648132 -2.146251 7.877627
-3.926659 -22.586535 4.338917 -10.540033 19.835777 -8.479307 8.017805 10.402915 0.736422 2.677436 -19.568367 9.066139 -20.138496 -17.397129 9.465614 8.189215 6.611240 2.672703 -4.598109 -0.636517 3.916598 11.728572 -11.445620 11.561288 -10.534215 -0.856454 -7.636737 11.925886 -1.820764 7.361887
-3.163598 -21.843864 5.391196 -10.362863 20.153778 -9.098192 7.949945 10.702921 1.231404 3.121450 -19.407213 8.796552 -20.062885 -18.051479 9.226940 7.872534 5.590063 3.394364 -4.946445 -0.825886 4.030157 11.202877 -11.765322 11.510931 -10.128106 -0.476257 -7.736830 12.114058 -1.452970 6.967239
-2.429941 -21.231642 6.251307 -10.047016 20.538172 -9.527913 7.740005 10.945970 1.588105 3.448019 -19.237076 8.669755 -20.129343 -18.499310 8.973700 7.679122 4.741923 3.949554 -5.156200 -0.928074 4.098264 10.732626 -11.956705 11.281254 -9.886262 -0.158774 -7.938455 12.277252 -1.121598 6.668590
-1.479359 -20.409693 6.950934 -9.672202 20.852766 -9.516075 7.352146 11.503323 1.701417 3.627686 -19.134991 8.536202 -20.165661 -18.812380 8.778252 7.421388 4.129951 4.264859 -5.412920 -1.244331 4.130743 10.468328 -12.028493 11.158135 -9.735456 -0.006952 -8.057034 12.359972 -0.954864 6.549714
-0.986893 -19.871939 7.317793 -9.764752 21.087904 -9.396926 6.903542 12.058952 1.871681 3.577773 -18.996002 8.379101 -20.282722 -19.120163 8.620269 7.114177 3.699206 4.435603 -5.654384 -1.770297 4.139975 10.202483 -12.252598 11.257746 -9.561825 0.094109 -8.125351 12.368450 -0.819972 6.076643
-0.718019 -19.557373 7.332468 -9.823962 21.240887 -9.198380 6.591503 12.609290 1.834965 3.472714 -18.843466 8.210113 -20.411509 -19.377171 8.514987 6.798544 3.458967 4.515894 -5.864456 -2.337261 4.202265 10.036941 -12.412296 11.398663 -9.423577 0.116720 -8.309785 12.269670 -0.800090 5.563710
-0.536939 -19.497538 7.318604 -9.632463 21.213249 -9.062105 6.568063 12.964613 1.671230 3.398484 -18.731163 8.113675 -20.594929 -19.533623 8.413040 6.593692 3.257207 4.610708 -5.945570 -2.746389 4.252460 9.946567 -12.525604 11.505419 -9.337943 0.123795 -8.442065 12.181875 -0.797348 5.195948
-0.390213 -19.505703 7.292266 -9.509315 21.127625 -8.883335 6.605525 13.304977 1.512865 3.295127 -18.696877 8.055624 -20.684629 -19.589916 8.375009 6.472833 3.187449 4.643990 -5.967560 -2.987586 4.307852 9.871400 -12.584176 11.547507 -9.290852 0.147560 -8.542322 12.115532 -0.775676 4.980047
-0.355359 -19.509321 7.281435 -9.481184 21.107693 -8.833631 6.615836 13.386393 1.475671 3.274517 -18.683449 8.039144 -20.716888 -19.610203 8.355752 6.437562 3.160274 4.644412 -5.976533 -3.075783 4.356249 9.868442 -12.560610 11.542070 -9.283107 0.149560 -8.609717 12.086695 -0.780230 4.931235
