11.108649 -6.211765 7.414384 -7.006930 11.637303 -6.360463 23.563629 5.204617 -8.829520 -13.175003 -6.479535 -9.262282 -16.800575 -9.757170 10.760775 8.148014 -1.189856 5.100041 -21.854437 8.036735 5.019475 -4.997946 1.529649 9.280952 -17.684366 6.459543 -7.175183 17.534618 3.994783 -2.860384
11.249487 -6.005863 7.645320 -6.511392 11.799825 -6.250594 23.798643 5.116742 -9.090924 -12.887399 -6.347181 -9.336343 -16.482893 -9.892560 10.968259 8.371600 -1.299036 4.970169 -21.938055 8.442413 5.167746 -4.874791 1.730802 9.300715 -17.510105 6.579727 -7.386681 17.582268 3.952299 -3.105428
12.055876 -5.588747 8.307817 -5.785315 12.075103 -5.924523 24.091415 4.901460 -9.325099 -12.358100 -6.222586 -9.592557 -15.715477 -10.115215 11.285004 8.718342 -1.481739 4.850399 -22.105463 9.169553 5.404620 -4.554758 2.116861 9.338262 -17.395817 6.713421 -7.672063 17.540573 3.822688 -3.504688
13.694205 -4.913924 8.953528 -4.977555 12.524120 -5.200937 24.101929 3.840185 -9.362967 -11.599157 -6.439178 -9.662303 -14.360586 -10.046568 11.554446 9.469243 -1.334623 4.532738 -22.091455 10.421222 5.706829 -3.943776 2.753384 9.192073 -17.518839 6.767707 -8.044157 17.293383 3.551401 -3.884780
14.665895 -4.367023 8.586226 -4.975376 13.400968 -4.678265 23.721800 2.322423 -9.335752 -10.922791 -6.841054 -9.770351 -12.767732 -10.231402 11.608153 10.182988 -1.295991 4.304379 -22.112364 12.020712 5.936531 -3.026846 3.459361 8.814702 -17.866329 6.637136 -8.225732 16.859032 3.154282 -4.160992
14.945183 -3.917906 7.361845 -5.332437 14.640349 -4.450604 23.064777 0.573423 -9.428117 -10.229654 -7.373288 -10.073663 -11.113503 -10.363864 11.956431 10.313113 -0.730737 3.578740 -22.464994 12.552742 6.126107 -1.910457 4.009206 8.286805 -18.440149 6.377291 -8.300345 16.432953 2.731620 -4.320813
14.428639 -3.637326 6.603330 -5.226411 15.457944 -4.401908 22.772665 -0.622543 -9.980452 -9.783262 -8.586498 -10.067825 -9.634882 -9.643082 12.348290 10.170103 0.720973 2.212288 -22.845160 11.598623 6.133794 -1.072679 4.235208 7.757013 -19.135555 6.054174 -8.332692 16.179695 2.364560 -4.234844
13.995516 -3.606689 6.208675 -4.920365 16.016497 -4.001946 22.549036 -1.840549 -10.475055 -9.630323 -9.361320 -10.052809 -8.550447 -9.126270 12.894987 9.766827 2.309175 1.031664 -23.211699 10.572011 6.173239 -0.269482 4.421165 7.355314 -19.746853 5.748851 -8.276830 15.854273 2.040044 -4.079073
13.380518 -3.512393 5.696376 -4.964164 16.545475 -3.774478 22.032841 -2.552671 -10.999599 -9.487423 -9.867317 -10.039525 -7.714929 -8.748580 13.304285 9.570135 3.511075 0.157033 -23.406313 10.138579 6.215810 0.303977 4.505854 7.180850 -20.263271 5.481631 -8.162812 15.520920 1.819539 -3.991677
13.147169 -3.530692 5.335132 -5.004784 16.783360 -3.739836 21.759012 -2.943237 -11.262067 -9.453661 -10.196504 -10.046104 -7.218488 -8.608245 13.444420 9.429279 4.072786 -0.125477 -23.498667 9.913008 6.204679 0.576897 4.571826 7.062841 -20.458866 5.355434 -8.112997 15.412540 1.732764 -3.926926
13.083048 -3.592627 4.977680 -4.983432 16.937298 -3.704415 21.680340 -3.246034 -11.426579 -9.377100 -10.316782 -10.148532 -6.725653 -8.598054 13.704300 9.254080 4.550674 -0.303673 -23.620979 9.879058 6.262645 0.806143 4.575217 7.003145 -20.600681 5.289036 -8.073710 15.277990 1.676133 -3.889908
12.897074 -3.673143 2.229587 -5.043325 18.187157 -3.929106 20.988581 -4.740353 -12.231605 -9.138299 -11.167300 -10.105117 -4.737727 -7.967807 14.897245 8.999150 6.707932 -1.466236 -23.755426 10.202744 6.466090 1.723948 4.510511 6.545325 -21.567251 4.798623 -8.020043 14.632396 1.464699 -3.473549
10.593077 -1.829648 -0.962644 -4.752298 20.834396 -5.473904 17.991676 -4.890949 -14.128933 -8.878645 -14.510135 -8.404257 -2.592983 -5.625400 15.659142 8.651189 9.747595 -2.766150 -23.081686 10.892069 6.272348 2.857874 4.197510 5.444541 -23.278427 4.114818 -7.970447 13.515413 1.418073 -2.771004
8.780535 1.171571 0.534256 -0.564951 24.147770 -6.328591 10.845084 -5.348427 -17.100653 -12.913158 -22.147646 -10.057537 -1.170611 -7.636514 6.803144 6.753859 17.206287 1.141137 -21.506594 12.229627 3.927926 4.730313 4.125457 5.362511 -27.704807 4.059329 -9.999169 8.798797 1.273278 -2.445429
7.730422 6.457758 0.379535 -0.936371 28.319906 -6.613617 1.770318 -2.855231 -18.405531 -16.511030 -29.019970 -7.486224 -3.091473 -7.282503 -0.068338 1.981281 19.404991 8.372211 -19.967882 8.636488 1.063824 6.774273 -2.880795 1.123249 -25.538149 1.327742 -9.420069 10.129513 -0.097872 -8.882586
9.979839 10.464922 1.472393 -7.685958 30.109579 -7.098604 -7.804492 1.878267 -13.638272 -19.778868 -30.633043 -6.351838 -8.607729 -8.359384 -5.528601 0.966098 11.612492 19.848099 -16.903719 9.419939 0.519467 6.614351 -11.176626 -1.689864 -22.134827 0.361567 -6.119511 11.846685 0.508477 -12.699516
8.781307 9.874655 5.306553 -13.003481 27.229954 -6.882271 -10.249948 3.971152 -7.555594 -22.797819 -29.942078 -5.625381 -12.988488 -8.501883 -9.515376 5.474568 1.526169 24.825577 -15.202901 9.911907 0.184049 7.958533 -19.865263 -2.986967 -17.100250 4.038176 -1.738001 12.197151 3.381598 -10.222692
0.797103 6.638025 7.269839 -18.532045 23.226156 -4.657795 -10.590422 4.002664 -5.967093 -25.967257 -26.494347 -5.650642 -15.342307 -10.010406 -13.215343 9.944051 -4.067222 23.190022 -15.660077 7.244156 1.438518 5.358657 -21.705309 -5.798163 -14.915835 5.689140 -2.119468 13.310699 6.080977 -6.412808
-6.017501 5.098492 7.221441 -21.566702 22.175549 -3.413911 -9.344113 5.682609 -5.905087 -26.839247 -23.264755 -6.167141 -16.547781 -12.280236 -15.695155 13.631242 -7.134358 20.687351 -16.199549 6.126723 2.522241 4.211878 -21.821316 -7.382567 -12.327565 7.356173 -2.519994 16.917664 8.342491 -3.119658
-8.847650 4.636127 5.730121 -22.815083 21.777618 -2.891026 -8.100877 7.212198 -6.619797 -26.655321 -21.865671 -5.372825 -17.525545 -13.276425 -16.164083 14.637254 -9.198134 19.127230 -16.152750 4.789999 2.325399 2.473423 -20.724258 -8.581144 -10.700904 7.477994 -2.860880 19.338232 9.307509 -0.945400
-9.048839 4.622570 5.596948 -22.982849 21.737514 -2.902260 -7.944476 7.280284 -6.617366 -26.577545 -21.602377 -5.318006 -17.723747 -13.337114 -16.187723 14.706449 -9.483901 19.091965 -16.140324 4.687391 2.431343 2.238028 -20.494104 -8.460849 -10.659721 7.663636 -2.892379 19.083508 9.422340 -0.724531
-8.946222 4.577199 5.493432 -22.925474 21.992081 -2.381152 -8.276272 7.164797 -6.727820 -26.771534 -21.972317 -5.460937 -17.520048 -13.264268 -16.543049 14.872889 -9.471128 19.321175 -16.075310 5.029850 2.544123 2.227502 -20.716576 -8.556195 -10.782413 7.834523 -2.974292 18.961664 9.506622 -0.604165
-8.688518 4.461160 5.420510 -22.711699 22.324842 -1.726151 -8.812860 6.945091 -6.924096 -27.093351 -22.324162 -5.648308 -17.319683 -13.034874 -17.037613 15.142317 -9.143914 19.682701 -15.963925 5.612515 2.828381 2.775466 -21.039572 -8.806798 -10.929003 8.249478 -3.023815 18.799206 9.652835 -0.409109
-7.906214 4.373811 5.172049 -22.345179 22.836609 -0.750560 -9.421358 6.550435 -7.389695 -27.260296 -22.835899 -5.972281 -17.074429 -12.821452 -17.366508 15.301704 -8.441841 20.083733 -15.777634 6.268612 3.007101 3.509366 -20.601568 -9.096698 -10.953444 8.565382 -3.102738 18.624050 9.649016 0.092178
-6.672603 4.215444 4.872646 -21.499090 23.218708 0.341412 -10.201760 6.197170 -8.034415 -27.488876 -23.493771 -6.081805 -16.752483 -12.544726 -18.015959 15.471891 -7.427717 20.415462 -15.413108 7.114311 3.364689 4.722617 -20.283409 -9.518494 -11.067138 8.840376 -2.994369 18.069466 9.425723 0.236615
-5.014017 4.155725 4.907661 -20.628492 23.590036 0.950186 -11.131980 5.678481 -8.409777 -27.707472 -24.537968 -6.349072 -16.005920 -12.186525 -18.258270 15.268295 -6.272585 20.787579 -15.328017 7.981766 3.968718 6.094104 -20.422022 -9.441093 -11.292565 9.114962 -2.561677 17.416868 9.235439 0.108795
-3.570554 4.123776 4.694410 -19.368942 24.107952 1.647642 -12.258230 5.335394 -9.066075 -28.176302 -25.719244 -6.363708 -15.292907 -11.783917 -18.277447 14.994922 -5.331958 20.951265 -15.156489 8.664572 4.664457 7.549477 -20.701902 -9.610148 -11.192717 9.418120 -2.126164 16.417881 9.061735 0.007606
-1.915568 4.537141 4.745103 -18.485209 24.921652 1.962758 -13.159868 4.620036 -9.187808 -28.522642 -27.081940 -6.300846 -14.699050 -11.151235 -18.673660 14.642656 -4.344316 21.144030 -15.017745 9.623513 5.363538 8.623185 -20.936790 -9.660337 -11.230901 9.383257 -1.831486 15.688080 8.957118 -0.580687
-0.376082 5.068641 4.952879 -17.616634 25.581882 2.141693 -13.915091 4.096624 -9.229127 -28.573574 -28.408232 -6.303064 -13.921512 -10.504996 -18.937305 14.319901 -3.504395 21.375841 -14.887128 10.379065 5.840041 9.319068 -21.049225 -9.670154 -11.305684 9.309105 -1.931178 15.208419 8.717429 -1.076200
0.408140 5.425710 5.038058 -17.195742 25.929211 2.019578 -14.099967 3.916290 -9.214656 -28.500437 -29.120401 -6.274280 -13.555149 -10.052150 -19.011017 14.108083 -3.138710 21.540554 -14.774345 10.842861 6.036625 9.743748 -21.366312 -9.492204 -11.370017 9.198942 -1.914686 14.956419 8.545526 -1.579685
0.562920 5.427171 5.004717 -17.104767 25.971542 2.013660 -14.138317 3.912177 -9.243955 -28.516844 -29.184547 -6.271667 -13.520490 -10.003615 -19.003448 14.084192 -3.125269 21.562801 -14.757577 10.911258 6.076711 9.844038 -21.316010 -9.506948 -11.389111 9.173491 -1.909171 14.938198 8.495583 -1.632508
0.562920 5.427171 5.004717 -17.104767 25.971542 2.013660 -14.138317 3.912177 -9.243955 -28.516844 -29.184547 -6.271667 -13.520490 -10.003615 -19.003448 14.084192 -3.125269 21.562801 -14.757577 10.911258 6.076711 9.844038 -21.316010 -9.506948 -11.389111 9.173491 -1.909171 14.938198 8.495583 -1.632508
0.562920 5.427171 5.004717 -17.104767 25.971542 2.013660 -14.138317 3.912177 -9.243955 -28.516844 -29.184547 -6.271667 -13.520490 -10.003615 -19.003448 14.084192 -3.125269 21.562801 -14.757577 10.911258 6.076711 9.844038 -21.316010 -9.506948 -11.389111 9.173491 -1.909171 14.938198 8.495583 -1.632508
0.563942 5.425040 5.004773 -17.103474 25.969685 2.010916 -14.136943 3.914382 -9.243579 -28.517687 -29.184174 -6.272420 -13.520017 -10.004062 -19.002123 14.082876 -3.124164 21.563320 -14.758183 10.911221 6.074688 9.844919 -21.314600 -9.506207 -11.388079 9.172444 -1.907930 14.938706 8.493981 -1.635112
0.562920 5.427171 5.004717 -17.104767 25.971542 2.013660 -14.138317 3.912177 -9.243955 -28.516844 -29.184547 -6.271667 -13.520490 -10.003615 -19.003448 14.084192 -3.125269 21.562801 -14.757577 10.911258 6.076711 9.844038 -21.316010 -9.506948 -11.389111 9.173491 -1.909171 14.938198 8.495583 -1.632508
0.562920 5.427171 5.004717 -17.104767 25.971542 2.013660 -14.138317 3.912177 -9.243955 -28.516844 -29.184547 -6.271667 -13.520490 -10.003615 -19.003448 14.084192 -3.125269 21.562801 -14.757577 10.911258 6.076711 9.844038 -21.316010 -9.506948 -11.389111 9.173491 -1.909171 14.938198 8.495583 -1.632508
0.562920 5.427171 5.004717 -17.104767 25.971542 2.013660 -14.138317 3.912177 -9.243955 -28.516844 -29.184547 -6.271667 -13.520490 -10.003615 -19.003448 14.084192 -3.125269 21.562801 -14.757577 10.911258 6.076711 9.844038 -21.316010 -9.506948 -11.389111 9.173491 -1.909171 14.938198 8.495583 -1.632508
8.673403 5.141256 2.247878 -16.965078 18.646603 -3.746160 -6.058641 -1.587182 -10.856124 -34.393867 -25.950428 -5.871349 -16.545448 -11.104208 -13.549159 6.231177 -0.638456 17.321096 -17.327856 14.718083 6.850384 7.569954 -17.700441 -7.075466 -14.788685 11.735028 -0.664751 11.759007 7.334052 -1.796158
8.673403 5.141256 2.247878 -16.965078 18.646603 -3.746160 -6.058641 -1.587182 -10.856124 -34.393867 -25.950428 -5.871349 -16.545448 -11.104208 -13.549159 6.231177 -0.638456 17.321096 -17.327856 14.718083 6.850384 7.569954 -17.700441 -7.075466 -14.788685 11.735028 -0.664751 11.759007 7.334052 -1.796158
8.673403 5.141256 2.247878 -16.965078 18.646603 -3.746160 -6.058641 -1.587182 -10.856124 -34.393867 -25.950428 -5.871349 -16.545448 -11.104208 -13.549159 6.231177 -0.638456 17.321096 -17.327856 14.718083 6.850384 7.569954 -17.700441 -7.075466 -14.788685 11.735028 -0.664751 11.759007 7.334052 -1.796158
5.358743 -0.055335 3.788364 -13.592238 22.457989 -2.465951 -8.897975 1.419408 -6.583375 -30.948711 -26.299007 -9.683960 -16.413567 -8.647418 -13.352709 9.261238 2.979472 19.096172 -15.329832 12.783648 8.406005 7.709142 -18.505249 -6.910551 -14.468468 9.479777 -2.359334 11.252179 6.179074 -1.919079
5.483469 -0.245191 3.626897 -13.567839 22.738935 -2.191721 -9.070733 1.426847 -6.422364 -30.792664 -26.286507 -9.733395 -16.408590 -8.647451 -13.273223 9.217987 2.900870 19.115917 -15.374775 12.832497 8.647430 7.801688 -18.312548 -6.932084 -14.597736 9.430301 -2.367282 11.166089 6.205963 -1.783211
5.495294 -0.235763 3.621636 -13.573432 22.738873 -2.192875 -9.072462 1.421277 -6.431532 -30.797796 -26.287983 -9.730933 -16.410690 -8.641741 -13.281486 9.216930 2.892771 19.119526 -15.382193 12.830055 8.668219 7.796645 -18.303818 -6.937095 -14.600677 9.438584 -2.369615 11.156855 6.214716 -1.776568
5.502973 -0.227775 3.615283 -13.577068 22.740311 -2.195484 -9.073625 1.424937 -6.436956 -30.798151 -26.287468 -9.730844 -16.411070 -8.642920 -13.281419 9.216744 2.892623 19.118986 -15.382007 12.829614 8.670851 7.797432 -18.302593 -6.935853 -14.599878 9.436809 -2.369915 11.156811 6.213841 -1.775047
5.514925 -0.242427 3.589725 -13.578663 22.739069 -2.195650 -9.060321 1.416694 -6.435698 -30.791162 -26.305859 -9.720926 -16.393387 -8.624333 -13.270467 9.220428 2.844896 19.124397 -15.385587 12.819166 8.672859 7.793939 -18.302706 -6.935271 -14.603845 9.435299 -2.372565 11.154673 6.213683 -1.777213
5.497159 -0.229648 3.606812 -13.580952 22.740335 -2.199654 -9.061132 1.421865 -6.434730 -30.789560 -26.285759 -9.718358 -16.402790 -8.640794 -13.268214 9.209766 2.879888 19.126968 -15.383601 12.820379 8.664501 7.796824 -18.307959 -6.933919 -14.603240 9.432485 -2.371989 11.158293 6.213626 -1.781773
5.497159 -0.229648 3.606812 -13.580952 22.740335 -2.199654 -9.061132 1.421865 -6.434730 -30.789560 -26.285759 -9.718358 -16.402790 -8.640794 -13.268214 9.209766 2.879888 19.126968 -15.383601 12.820379 8.664209 7.796994 -18.308470 -6.934273 -14.603122 9.432374 -2.372083 11.158326 6.213732 -1.782102
5.515181 -0.242054 3.589404 -13.578377 22.739712 -2.195490 -9.060125 1.416435 -6.435406 -30.791445 -26.305988 -9.721482 -16.393642 -8.624061 -13.270298 9.220396 2.845254 19.124125 -15.385365 12.819830 8.672807 7.793868 -18.301987 -6.935085 -14.603448 9.435616 -2.372574 11.155019 6.213871 -1.776604
5.515291 -0.241838 3.589281 -13.578254 22.739958 -2.195581 -9.060171 1.416417 -6.435452 -30.791431 -26.305988 -9.721482 -16.393642 -8.624061 -13.270298 9.220396 2.845254 19.124125 -15.385365 12.819830 8.672750 7.793953 -18.301832 -6.935027 -14.603498 9.435623 -2.372460 11.154992 6.213826 -1.776458
5.516044 -0.239442 3.593803 -13.578608 22.741301 -2.196000 -9.063717 1.417878 -6.435034 -30.792200 -26.306999 -9.718173 -16.389999 -8.625078 -13.271186 9.220067 2.844439 19.125111 -15.386098 12.813601 8.673346 7.792185 -18.305040 -6.936688 -14.602899 9.435488 -2.375222 11.154640 6.215369 -1.778768
