-5.677847 -17.539396 1.183353 -5.570329 28.375292 -7.609495 6.172480 2.129627 -4.675268 7.844228 -24.202181 9.200561 -6.801133 -15.124141 14.726888 8.615702 12.404950 -4.671837 -8.386547 3.221158 7.236710 19.029675 -3.893485 9.243267 -13.786517 -3.322140 -12.227601 8.128727 -6.756854 8.299131
-6.224456 -17.601709 1.028576 -5.957326 28.429497 -7.788342 6.022305 1.691135 -4.497389 7.898940 -24.477068 9.602302 -7.129210 -14.753097 14.719451 8.453882 12.654281 -4.694831 -8.171814 3.344561 7.110288 18.945650 -4.109075 9.053345 -14.032153 -3.399364 -12.062249 8.086508 -6.737459 8.583847
-7.040040 -17.717001 0.212030 -6.599464 28.743473 -8.273954 5.305391 0.928232 -4.419545 7.610240 -25.052166 10.394841 -7.674172 -13.973200 14.833711 8.159445 13.490747 -4.812884 -7.717337 3.759319 6.901675 18.603069 -4.806186 8.669926 -14.517091 -3.548524 -11.660050 7.913259 -6.680470 8.906525
-7.788017 -18.049719 -0.989428 -7.540455 28.997032 -8.772752 4.059129 0.219980 -4.178118 6.967521 -25.751219 11.433370 -8.296556 -12.885263 15.167729 7.930574 14.901341 -5.020495 -7.161121 4.346351 6.723191 18.349863 -5.552347 8.113401 -15.413045 -3.807635 -11.181186 7.341969 -6.790591 9.160427
-8.999793 -17.923048 -1.833222 -8.120988 29.279545 -9.673063 2.600627 0.256370 -3.960773 5.921443 -26.577915 12.743305 -9.029218 -11.783231 15.669074 7.592199 16.031301 -4.938089 -6.392708 5.361799 6.480687 17.833469 -6.590455 7.462507 -16.038956 -4.032536 -10.686112 7.158521 -6.687898 9.551287
-9.992577 -17.885618 -1.818870 -8.756938 29.248755 -10.219829 1.591580 0.053955 -3.282847 4.564301 -27.244270 13.995298 -10.093968 -11.074193 15.566703 7.612067 16.089300 -4.413711 -5.576091 6.281301 6.186304 17.478323 -7.691275 6.807488 -16.450544 -4.066556 -10.363634 7.019630 -6.435754 9.864155
-10.119791 -17.941923 -2.119762 -9.851576 29.543869 -10.273276 0.268109 0.213431 -2.491361 3.616427 -28.194983 14.664201 -10.924905 -10.734544 14.901878 7.325957 15.652040 -3.247179 -5.100199 6.803321 5.884222 16.934725 -8.854414 5.879651 -16.771252 -4.209590 -10.321879 7.069123 -6.148615 10.242643
-9.801533 -18.041267 -2.409795 -10.754166 29.653526 -9.832369 -0.850751 0.856248 -2.010319 2.815243 -28.928562 15.254425 -11.867050 -10.620042 14.014071 7.111688 14.778596 -2.151685 -4.746891 7.429546 5.581651 16.525568 -9.678373 5.280632 -17.032913 -4.257688 -10.179572 7.064107 -5.858891 10.592108
-9.568419 -18.383703 -2.678172 -11.338644 29.566933 -9.305243 -1.595634 1.413688 -1.738150 2.219544 -29.477818 15.471195 -12.606660 -10.687833 13.030132 6.963442 14.292693 -1.373591 -4.484596 7.477272 5.351880 16.211580 -10.239031 4.939982 -17.211384 -4.221283 -10.019895 7.032054 -5.638337 10.891389
-9.436507 -18.357700 -2.916084 -11.611080 29.694256 -9.093880 -2.218796 1.824207 -1.678185 1.829712 -29.821938 15.571630 -12.921650 -10.684274 12.582091 6.753268 14.121040 -0.915888 -4.361743 7.624227 5.244382 15.993760 -10.657598 4.745228 -17.300058 -4.203628 -9.920398 6.984500 -5.508062 11.008460
-9.318316 -18.248163 -2.984842 -11.482904 29.858288 -9.192139 -2.070898 1.622992 -1.722149 2.069162 -29.742844 15.437656 -12.647378 -10.775796 12.649724 6.825572 14.023654 -1.043058 -4.522856 7.550849 5.334812 16.127392 -10.495720 4.791928 -17.370174 -4.212943 -9.971194 6.884836 -5.579098 10.933496
-8.878832 -16.480579 -3.438350 -10.284644 31.345837 -10.074780 -0.469738 0.629199 -2.591775 4.247322 -29.130146 14.423793 -9.746017 -11.231584 14.375228 7.176982 13.591743 -1.922597 -5.619600 8.538963 6.592875 17.056868 -8.902342 5.175611 -17.156063 -4.240131 -11.082726 6.211622 -6.283947 9.590310
-7.232470 -13.028893 -3.754985 -8.177368 33.816292 -12.457745 2.678548 0.090167 -3.719643 8.812333 -26.972717 12.195607 -5.236161 -12.166539 18.547756 6.553289 13.078622 -3.655231 -8.164443 10.562843 7.832104 18.883890 -6.365568 6.600894 -16.457520 -4.297657 -12.346424 5.370753 -7.643193 7.535224
-6.515592 -8.380877 -4.248739 -8.506753 36.058704 -14.483215 11.530425 0.709724 -2.685752 16.112841 -21.080322 6.098588 -4.316593 -15.437177 23.365288 3.478581 15.336877 -4.514828 -10.451048 12.955437 5.738520 15.925028 -3.242110 12.397734 -16.955462 -6.724095 -13.406495 5.926027 -10.670657 1.065892
1.928221 -6.012802 -3.192386 -7.316579 36.345253 -15.388651 15.409407 3.865156 -0.832512 18.514099 -15.322446 3.255007 -4.418555 -16.868473 30.712255 0.368229 14.919896 -5.172345 -12.236447 11.807156 5.414873 13.687528 -2.227412 17.246422 -16.471828 -7.106486 -12.549397 6.037902 -11.915185 -3.638719
7.539152 -8.614621 -0.707122 -5.253043 33.007294 -15.583092 20.276794 5.218119 0.587743 19.324785 -9.299940 0.527203 -6.108891 -20.351782 34.069626 -0.776960 11.523161 -4.681545 -13.606801 12.481213 6.711631 10.731391 -0.111145 20.298740 -14.865851 -5.490849 -13.149585 7.375646 -10.386471 -3.785283
11.791504 -10.158703 2.355408 -3.616974 29.554119 -14.999104 26.079441 6.491399 1.332755 22.005384 -5.236903 -2.089390 -7.486284 -23.208797 35.905121 -1.373754 7.948542 -3.918282 -15.447900 11.457898 6.700192 6.610585 2.629039 22.746202 -14.404644 -4.421243 -14.360108 8.749695 -8.702048 -2.758298
11.836632 -13.935616 3.249338 -3.367554 26.178205 -13.988436 29.842678 7.674308 1.864885 21.944492 -3.511203 -3.308776 -10.799058 -24.292286 34.890133 -1.290638 5.660888 -1.949357 -15.018528 10.312023 6.371855 2.987305 3.470395 23.789194 -14.274608 -3.199198 -14.889813 10.044298 -6.754978 -0.542534
10.753862 -16.596205 4.299707 -4.826573 23.234798 -14.698909 33.126392 6.364353 3.568666 22.470098 -2.567710 -3.317315 -13.850928 -23.487019 34.945900 -1.972515 5.242619 -0.007668 -14.040972 9.833536 5.888823 0.274077 3.089548 24.492922 -13.948060 -2.635382 -14.387461 11.317706 -5.408747 0.598874
10.088987 -17.653975 4.578125 -5.057661 21.956524 -14.938536 34.697548 6.137882 4.089144 22.838575 -1.579659 -2.795349 -16.272223 -22.554256 35.206043 -2.538018 5.389473 0.946099 -12.871482 9.337557 5.487135 -1.537137 3.044071 24.623125 -13.459677 -2.158487 -14.379212 12.282053 -4.488882 1.757781
9.876555 -17.833868 4.615312 -5.023637 21.727566 -14.864252 35.018002 6.137470 4.101834 22.890343 -1.493133 -2.748879 -16.568489 -22.472256 35.108326 -2.529602 5.290582 1.078219 -12.722342 9.269717 5.466082 -1.812475 3.125872 24.666864 -13.364398 -2.064331 -14.422145 12.437676 -4.348618 1.939767
9.380693 -17.829397 5.096696 -4.995072 21.386827 -14.645156 35.635757 6.247964 4.196814 23.099733 -1.148909 -2.774593 -16.895802 -22.732233 34.830231 -2.475829 4.933651 1.580925 -12.484656 9.583551 5.493342 -2.102093 3.187941 24.761534 -13.153617 -1.955248 -14.417255 12.673208 -4.238074 2.093948
8.765377 -18.226179 5.629868 -5.079450 20.849190 -14.116992 36.546310 6.659869 4.199327 23.150875 -0.385868 -2.717582 -17.722496 -23.075871 34.922611 -2.625787 4.656814 2.493687 -12.061325 10.048760 5.462395 -2.776826 3.274721 24.872538 -12.745876 -1.766309 -14.406135 13.177666 -3.987678 2.566202
8.337228 -19.235079 6.453873 -5.292968 20.014719 -12.589923 37.626984 7.635539 4.220562 22.570631 0.345722 -2.568686 -18.955494 -23.663982 34.690491 -2.336297 3.850105 3.780288 -11.570577 10.763050 5.329115 -3.384809 3.250406 24.804796 -11.947982 -1.609334 -14.198279 14.170208 -3.731458 3.057316
8.075190 -19.960556 7.205215 -5.710540 19.183840 -11.209759 37.743988 8.896954 4.355358 21.591822 0.652641 -2.603258 -20.405592 -24.320896 33.022976 -1.421942 2.895246 5.100207 -10.914834 11.483889 5.017027 -4.203299 2.666411 24.639662 -11.051835 -1.482906 -13.794805 15.169331 -3.376604 3.490967
7.824048 -20.791880 7.989279 -6.209136 18.100615 -10.082820 37.260719 10.284590 4.704477 19.925730 0.597924 -2.400589 -21.726791 -24.619503 30.929998 -0.235083 1.733453 6.323767 -10.229735 12.188376 4.691084 -4.783135 1.733876 24.347715 -10.014606 -1.367010 -13.224423 16.216654 -2.999175 3.591359
7.139827 -20.999863 8.177133 -6.852220 17.518913 -9.235615 36.345604 11.747776 4.942914 18.581160 0.779106 -2.022548 -23.124443 -24.669445 28.503342 1.011744 0.512840 6.938094 -9.371546 12.760912 4.070372 -5.051191 0.428146 23.898945 -9.110094 -1.570933 -12.549617 17.117977 -2.788785 3.331920
6.178880 -21.060112 8.188649 -7.680333 16.939671 -9.061769 35.328911 13.478591 5.283370 17.290655 0.843068 -1.586932 -24.409328 -24.720718 26.038593 2.320469 -0.701825 7.177155 -8.605712 13.432913 3.501200 -5.157904 -0.671877 23.538248 -8.649959 -1.693220 -12.003940 17.560850 -2.699879 3.350336
5.610013 -20.852762 8.229851 -8.428312 16.729774 -8.444878 34.225765 14.769746 5.483888 16.245407 0.805700 -1.367782 -25.274376 -24.494324 24.618109 3.025802 -1.292030 7.346387 -8.127282 13.590567 3.307985 -5.263825 -1.321947 23.169901 -8.579099 -1.620014 -11.764651 17.668306 -2.607584 3.670039
5.385314 -20.717897 8.255605 -8.826418 16.813824 -8.076958 33.560944 15.367315 5.542095 15.728253 0.623312 -1.272945 -25.705240 -24.377909 23.867601 3.445408 -1.629139 7.508677 -7.901471 13.655171 3.160465 -5.285437 -1.647253 22.948090 -8.595579 -1.603413 -11.678401 17.736982 -2.587748 3.859226
5.382962 -20.648018 8.309192 -8.840237 16.835732 -8.081766 33.485725 15.426500 5.572687 15.706853 0.551213 -1.285051 -25.682674 -24.397429 23.715973 3.544275 -1.698828 7.480706 -7.897038 13.666165 3.150618 -5.226728 -1.685280 22.928312 -8.603426 -1.620497 -11.656196 17.721809 -2.606244 3.824094
5.562188 -20.124140 8.814821 -8.383236 16.978380 -8.364394 33.535446 15.311316 5.645896 16.044580 0.350906 -1.466230 -24.966152 -24.644123 23.631775 3.670481 -1.782767 7.157139 -8.139630 13.716552 3.243277 -4.952914 -1.462738 22.954823 -8.649608 -1.746258 -11.737996 17.631569 -2.747314 3.568396
5.681069 -19.218185 9.773486 -7.774652 17.406414 -8.722378 33.353340 15.167148 5.721872 16.456865 -0.104869 -1.886713 -23.621609 -25.251368 23.555790 3.997602 -1.966241 6.592119 -8.737340 13.712048 3.407764 -4.314583 -1.137597 22.944777 -8.759043 -2.008050 -11.860653 17.397387 -3.118874 3.047688
6.267373 -18.122700 10.649709 -7.071079 18.297239 -8.596525 32.472698 14.871782 5.667890 16.592085 -0.892576 -2.375349 -21.575373 -25.816338 23.503283 4.534072 -1.703586 5.022845 -9.632463 13.335073 3.698921 -3.351373 -0.691022 22.704071 -9.210766 -2.360245 -12.329317 16.909695 -3.817120 2.483800
7.343885 -16.480505 12.306668 -6.577636 19.507660 -8.090229 30.867388 14.314013 5.920924 16.273596 -1.233423 -2.662752 -19.542294 -26.002682 23.698456 4.613099 -0.576073 3.255923 -10.299945 13.114058 3.929399 -2.002772 -0.150048 22.630262 -9.670638 -2.857311 -12.600799 16.253660 -4.810997 1.761212
8.130382 -14.797905 13.117391 -5.736186 21.105488 -7.529571 29.561947 12.932659 5.951265 16.453489 -2.141796 -3.098717 -17.334873 -26.188244 23.945951 4.798407 0.332377 2.143648 -10.905176 13.302471 4.179444 0.429321 0.275249 22.463589 -9.899386 -3.598441 -12.654684 15.409773 -6.147477 0.107548
9.532385 -13.424291 12.559627 -5.638040 23.075363 -7.032217 27.106995 11.825991 5.788540 16.195250 -3.024043 -2.955462 -15.551295 -25.502110 24.687807 5.182117 0.670418 1.197738 -11.123370 13.762393 4.413697 2.984225 0.743934 21.832998 -10.208681 -4.471232 -12.982496 14.694037 -7.696886 -1.197253
5.732292 -18.559086 11.163330 -2.641663 23.902828 -2.508401 13.500915 13.978604 0.027426 13.280282 -16.369108 -3.115441 -7.654068 -25.325844 11.620040 11.287823 2.753766 8.057633 -6.526746 3.515290 6.546724 11.769282 -3.427160 14.495469 -8.022086 3.442506 -16.671238 8.537015 -4.362220 -1.247590
4.496500 -18.060753 9.561864 -4.870111 25.317860 -2.076475 10.905802 11.018181 1.166742 12.936004 -17.624619 -1.285781 -6.965590 -23.508030 11.038375 13.423282 3.811318 5.216428 -5.803493 4.557791 5.896284 13.006595 -3.056682 13.425666 -8.694238 2.706884 -16.465563 8.346523 -5.359614 -0.173439
0.242399 -18.299181 8.173083 -6.183839 25.756798 -2.088547 9.830236 9.218909 0.939244 11.950644 -18.678627 0.093982 -7.102696 -20.825256 10.567926 15.073895 5.377457 0.873766 -5.573481 2.630696 4.780693 12.970948 -3.133561 11.729239 -10.009011 1.934995 -15.960019 9.041921 -5.636265 2.829697
-3.950288 -19.580782 5.151587 -4.717299 23.475075 -7.225697 9.767792 7.506650 -3.158174 7.035944 -19.406876 7.926088 -9.535448 -18.661392 13.371411 9.601896 7.647770 -4.126716 -9.003834 0.705079 6.697353 14.522555 -4.929657 7.993204 -10.298376 -1.422753 -13.727855 11.073122 -4.329176 7.982313
-6.399472 -20.924002 2.792665 -6.518241 23.440250 -7.502694 8.357264 7.262919 -3.627446 4.754812 -21.120335 9.337295 -11.820539 -15.758516 12.787213 9.800155 9.761961 -4.926737 -7.635647 -0.819304 5.987856 14.096679 -5.940782 8.071169 -11.433312 -1.663554 -11.874635 11.561455 -3.652670 10.622023
-6.377116 -22.640686 1.245628 -8.541224 22.746273 -7.011262 7.328053 7.386479 -2.134432 3.616674 -21.923964 9.631501 -14.556684 -14.166587 12.368632 8.910698 10.753832 -3.868175 -6.406979 -2.025460 5.285911 13.514164 -7.274492 8.772806 -12.321778 -1.371961 -9.945745 11.144716 -2.853750 10.992195
-6.081956 -23.559204 1.324095 -9.898088 21.228298 -7.336653 7.570760 7.784836 -1.019035 2.992941 -21.458019 9.531263 -17.333797 -14.392439 11.461347 8.477461 10.360785 -1.420569 -4.995888 -1.686870 4.540175 12.688399 -9.098116 9.673790 -12.579823 -1.305040 -8.393167 11.122434 -2.365505 10.617565
-4.998473 -23.828915 1.874273 -10.481668 20.495293 -7.688505 7.474297 8.766227 -0.154312 2.598023 -20.744678 9.499858 -19.354153 -14.934200 10.809098 8.081078 10.095105 0.275670 -4.169366 -1.072491 4.097166 12.328820 -10.144628 10.458437 -11.880215 -1.134273 -8.428655 11.203875 -2.266284 9.532443
-4.452142 -22.916380 3.593407 -10.543239 19.919477 -7.889078 7.867276 9.920006 0.230575 2.454339 -19.828228 9.275746 -20.193804 -16.494299 9.889872 8.255516 7.986787 1.782359 -4.234200 -0.766848 3.739559 12.062436 -11.161904 11.438510 -11.004658 -1.098564 -7.752745 11.648132 -2.146251 7.877627
-3.163598 -21.843864 5.391196 -10.362863 20.153778 -9.098192 7.949945 10.702921 1.231404 3.121450 -19.407213 8.796552 -20.062885 -18.051479 9.226940 7.872534 5.590063 3.394364 -4.946445 -0.825886 4.030157 11.202877 -11.765322 11.510931 -10.128106 -0.476257 -7.736830 12.114058 -1.452970 6.967239
-1.479359 -20.409693 6.950934 -9.672202 20.852766 -9.516075 7.352146 11.503323 1.701417 3.627686 -19.134991 8.536202 -20.165661 -18.812380 8.778252 7.421388 4.129951 4.264859 -5.412920 -1.244331 4.130743 10.468328 -12.028493 11.158135 -9.735456 -0.006952 -8.057034 12.359972 -0.954864 6.549714
-0.718019 -19.557373 7.332468 -9.823962 21.240887 -9.198380 6.591503 12.609290 1.834965 3.472714 -18.843466 8.210113 -20.411509 -19.377171 8.514987 6.798544 3.458967 4.515894 -5.864456 -2.337261 4.202265 10.036941 -12.412296 11.398663 -9.423577 0.116720 -8.309785 12.269670 -0.800090 5.563710
-0.390213 -19.505703 7.292266 -9.509315 21.127625 -8.883335 6.605525 13.304977 1.512865 3.295127 -18.696877 8.055624 -20.684629 -19.589916 8.375009 6.472833 3.187449 4.643990 -5.967560 -2.987586 4.307852 9.871400 -12.584176 11.547507 -9.290852 0.147560 -8.542322 12.115532 -0.775676 4.980047
