-6.226377 -21.884125 3.143614 0.835134 23.336227 -3.793267 11.056711 13.614506 -1.693715 -5.231496 -13.150581 -0.021049 -15.061928 -7.831727 4.738328 6.757286 8.393436 4.322476 -21.326719 -11.142776 8.919819 9.283988 -9.220287 7.056255 -7.609580 0.559858 -17.921240 9.936424 -1.455207 1.353064
-6.315134 -21.910160 3.148612 0.871919 23.338686 -3.794473 11.067890 13.569883 -1.716991 -5.236209 -13.137417 -0.038704 -14.984130 -7.835496 4.781348 6.777510 8.441435 4.239117 -21.369616 -11.165216 8.922916 9.318916 -9.164740 7.025639 -7.645754 0.557751 -17.909969 9.935747 -1.458221 1.469397
-6.457405 -21.941751 3.146079 0.948779 23.363317 -3.786933 11.094072 13.580113 -1.793035 -5.245883 -13.121954 -0.058393 -14.880828 -7.837442 4.826377 6.830692 8.500803 4.127217 -21.405712 -11.167168 8.935033 9.298629 -9.146515 6.970219 -7.618089 0.595525 -17.965702 9.931557 -1.445920 1.498132
-6.740950 -21.979244 3.101541 1.101480 23.409298 -3.775261 11.143667 13.576555 -1.952711 -5.248358 -13.069473 -0.096804 -14.713526 -7.852967 4.901302 6.932573 8.597939 3.923467 -21.492498 -11.195296 8.988054 9.302270 -9.057964 6.853129 -7.618500 0.652227 -18.059814 9.929977 -1.420219 1.612443
-6.961870 -22.038736 3.061967 1.213734 23.468025 -3.771461 11.150816 13.637513 -2.085372 -5.295891 -13.022639 -0.097123 -14.492656 -7.837766 5.022735 7.044405 8.747545 3.654398 -21.548464 -11.147676 9.023659 9.279779 -9.047601 6.810832 -7.569099 0.714545 -18.129868 9.921730 -1.392728 1.617965
-7.321362 -22.099436 2.959614 1.345866 23.588949 -3.765762 11.204421 13.643351 -2.310585 -5.320781 -12.944683 -0.161334 -14.205546 -7.860677 5.134023 7.248956 8.945984 3.314997 -21.697149 -11.125795 9.131069 9.283023 -8.928651 6.685682 -7.519244 0.820892 -18.269529 9.914129 -1.362521 1.748090
-7.727743 -22.199812 2.819967 1.545859 23.690351 -3.710632 11.287540 13.715557 -2.604679 -5.364098 -12.579687 -0.248549 -13.948829 -8.018661 5.148644 7.721783 8.963211 2.760123 -21.816368 -11.176971 9.266625 9.224278 -8.843956 6.580151 -7.380938 1.010775 -18.436544 9.927616 -1.281105 1.800371
-8.498003 -22.399294 2.893986 1.942358 23.489695 -3.475811 11.488088 14.127000 -3.083694 -5.741926 -11.816514 -0.374645 -14.189357 -8.308816 4.842146 8.642321 8.506209 2.274836 -21.754890 -11.415992 9.518362 8.966381 -8.920177 6.521192 -7.017716 1.456511 -18.669353 9.942280 -1.025364 1.590601
-9.317392 -22.664650 2.867648 2.305285 23.313686 -3.250155 11.741633 14.383745 -3.552246 -6.006975 -11.276274 -0.417561 -14.370072 -8.497653 4.641730 9.396395 8.261350 1.846931 -21.595804 -11.473249 9.901056 8.730491 -8.904778 6.546299 -6.545491 1.944208 -18.850761 10.024310 -0.717209 1.389968
-10.169524 -23.098560 2.875090 2.550293 23.017841 -2.949543 12.043425 14.714450 -3.916049 -6.362885 -10.579326 -0.517311 -14.388690 -8.826550 4.442114 10.209208 8.034705 1.273512 -21.656918 -11.553849 10.179651 8.446832 -8.984715 6.586634 -6.198366 2.376460 -18.937233 10.072118 -0.387853 1.234554
-11.013007 -23.551275 2.716104 2.724440 22.768341 -2.688216 12.376358 14.743022 -4.321941 -6.669819 -10.204503 -0.495584 -14.915181 -8.974507 4.205309 10.559698 7.752342 1.231775 -21.454853 -11.743136 10.546038 8.253228 -8.921831 6.453537 -5.933375 2.702176 -19.167908 10.120064 -0.120636 1.173724
-11.484642 -23.759130 2.397919 2.763165 22.554825 -2.436208 12.501284 14.870127 -4.617875 -6.932823 -9.954855 -0.545745 -14.544773 -9.217584 4.278473 10.669899 7.881804 0.569129 -21.706930 -11.996576 10.725387 8.107379 -9.009767 6.417296 -5.853346 2.812896 -19.279469 10.090108 0.010873 1.018082
-11.720858 -23.723341 2.074809 2.735656 22.523867 -2.310870 12.462065 15.133883 -4.894605 -7.128660 -9.678457 -0.546875 -14.457150 -9.538927 4.119311 10.795434 7.709317 0.049782 -21.987421 -12.395792 10.893561 7.933025 -9.128580 6.421729 -5.779464 2.907075 -19.415161 10.022479 0.147856 0.738904
-11.559703 -23.453543 1.617178 2.680509 22.728432 -2.271554 12.188928 15.532357 -5.081534 -7.160783 -9.399261 -0.541608 -14.566943 -9.792847 3.883457 10.870173 7.411425 -0.278851 -22.101841 -12.824463 11.007742 7.870388 -9.159192 6.343559 -5.786871 2.876408 -19.642836 9.907700 0.131763 0.576629
-11.288794 -23.143860 1.063252 2.509591 22.955015 -2.155537 11.812914 16.048649 -5.217412 -7.172800 -9.299956 -0.517486 -14.674747 -9.962214 3.547406 10.901898 7.031412 -0.463216 -22.198553 -13.240028 10.983784 7.758063 -9.309639 6.413069 -5.803366 2.862251 -19.723707 9.773819 0.140417 0.343933
-11.026794 -22.829380 0.719517 2.384479 23.124714 -2.098128 11.482049 16.490147 -5.291192 -7.215641 -9.111691 -0.586985 -14.642581 -10.117646 3.388639 10.975882 6.828170 -0.781590 -22.351192 -13.696087 11.040488 7.683695 -9.387301 6.380334 -5.823757 2.826407 -19.855659 9.673761 0.149450 0.217970
-10.856604 -22.583296 0.478735 2.317412 23.269783 -2.104846 11.281172 16.782078 -5.384873 -7.252747 -8.954049 -0.683956 -14.554463 -10.276219 3.305456 10.998965 6.738901 -1.089320 -22.531891 -14.099241 11.075912 7.664424 -9.445230 6.388791 -5.874456 2.733107 -19.926693 9.597338 0.114053 0.121802
-10.732500 -22.345930 0.347684 2.255250 23.369423 -2.123367 11.127909 16.989803 -5.474926 -7.329740 -8.921814 -0.701964 -14.566051 -10.360812 3.221736 10.921974 6.642808 -1.203100 -22.615843 -14.359671 11.139668 7.544290 -9.600866 6.497169 -5.828703 2.760484 -19.921122 9.559684 0.201744 -0.113967
-10.594568 -22.170214 0.299684 2.232357 23.439556 -2.120851 10.991819 17.204975 -5.512096 -7.384910 -8.900654 -0.694325 -14.616694 -10.423775 3.153210 10.850141 6.575438 -1.240833 -22.670311 -14.495979 11.188724 7.482609 -9.669990 6.532469 -5.799986 2.778795 -19.939301 9.547097 0.251888 -0.222443
-10.527086 -22.081755 0.270014 2.218485 23.493088 -2.146930 10.938337 17.247593 -5.526096 -7.381789 -8.906239 -0.693285 -14.641120 -10.425366 3.138133 10.815317 6.564480 -1.233213 -22.679083 -14.534222 11.187666 7.499204 -9.652809 6.486749 -5.843707 2.746189 -19.965950 9.531252 0.232468 -0.174281
-10.460737 -22.219297 0.690126 2.144457 23.199560 -2.094512 10.929547 17.504635 -5.264814 -7.604333 -8.812553 -0.670242 -15.139606 -10.459089 2.888064 10.839514 6.161964 -0.823490 -22.541643 -14.643234 11.118059 7.417526 -9.871284 6.740350 -5.741236 2.710978 -19.816957 9.557055 0.250552 -0.522064
-9.951159 -22.541224 2.332332 1.766695 22.093191 -1.934316 10.886912 18.254349 -4.178327 -8.283659 -8.282159 -0.811202 -16.596966 -10.682939 2.140440 10.972689 4.910339 0.304215 -22.414116 -15.289787 10.903124 7.115373 -10.498852 7.524943 -5.392361 2.671707 -19.330944 9.714752 0.403616 -1.574758
-9.320604 -22.700495 4.125105 1.412040 20.726173 -2.081292 10.931531 19.377043 -3.113575 -9.210407 -7.357133 -1.071634 -18.422235 -11.306952 1.285712 10.952768 3.255231 1.753950 -22.211569 -16.045238 10.485336 6.574637 -11.615049 8.708694 -5.043385 2.663888 -18.541668 9.918465 0.665565 -3.171987
-6.999372 -22.222767 5.805615 0.251379 19.721191 -2.673181 10.744577 20.927904 -1.524477 -9.920506 -6.193315 -1.473385 -20.113094 -12.234246 0.624024 10.132827 1.655391 3.242316 -22.172943 -17.005024 9.943929 5.554493 -13.186335 10.018003 -4.679229 3.128213 -17.516516 10.079172 1.353500 -4.936547
-4.046662 -20.854643 7.494272 -1.259280 18.658476 -3.423541 10.273244 22.132996 -0.009506 -10.790641 -4.830657 -1.638798 -23.135187 -13.534606 -0.441570 9.035378 0.157216 5.157526 -22.239870 -18.064678 9.050608 4.174040 -15.187862 11.217049 -4.605845 3.885268 -16.161243 9.914814 2.279259 -5.723384
-1.618245 -19.974100 8.841365 -3.618096 18.474663 -2.354001 9.135569 22.817652 1.695760 -11.134686 -4.894344 -0.650933 -26.570084 -13.369426 -1.727676 9.413013 -1.261857 7.309671 -20.192404 -17.443806 7.061849 2.998698 -17.359825 12.443820 -5.420207 4.957067 -13.795409 9.435633 3.250240 -5.317903
3.870822 -19.187502 9.239715 -5.995249 17.316504 -2.610831 8.310263 22.639656 3.808085 -11.801532 -5.391704 1.352113 -30.462872 -13.553317 -1.871661 8.300790 -0.620191 10.057487 -16.971592 -14.270876 2.655762 1.391318 -20.611616 14.474885 -6.080394 7.278542 -10.126952 7.936645 3.417823 -2.800617
7.354062 -18.889503 10.291116 -7.882276 14.529702 -5.912487 10.178220 19.176315 4.731210 -13.336349 -6.535626 4.043520 -33.356110 -15.273336 -0.744760 4.484263 1.229826 12.115029 -14.052141 -10.536612 -0.826446 0.795571 -23.376669 15.618384 -7.274871 8.676846 -7.526004 5.876846 2.398833 1.643756
7.782056 -18.025267 12.450540 -9.918926 12.549828 -11.331286 12.735928 14.491690 6.527999 -12.946435 -8.036397 5.785637 -33.079796 -15.573215 2.186911 1.667464 6.142484 12.240504 -12.283625 -6.113618 -2.660399 2.200450 -22.764721 16.335520 -9.025081 9.460138 -5.664541 4.536474 1.439464 5.143609
5.373309 -18.565048 12.766006 -11.545198 12.309802 -15.247931 14.510886 8.974282 7.584216 -11.983522 -9.407803 7.331497 -33.845558 -13.469616 3.941135 0.921484 10.719146 13.475831 -9.523713 -1.224112 -4.147951 3.965876 -21.665018 16.942125 -10.800830 9.705800 -3.975486 3.723169 0.331418 7.395957
1.782563 -18.159700 10.670141 -12.285391 12.660131 -16.763321 14.844283 6.485136 6.079885 -12.370869 -9.910416 8.120563 -34.115929 -12.515613 5.745858 0.181457 13.801165 13.789927 -7.880507 1.807716 -4.590980 6.541427 -19.171911 16.439009 -12.725511 8.966435 -2.995577 4.222477 -0.433914 8.042073
-0.561870 -18.741285 7.399957 -12.596178 13.082495 -15.800053 15.527512 5.074832 3.959851 -11.823257 -11.653116 8.968455 -31.452913 -11.774605 8.204865 -0.411452 16.629358 11.467151 -8.027419 3.389578 -4.567355 9.142251 -16.603714 16.284674 -14.028985 7.786916 -3.298651 4.288827 -1.775200 7.440387
-2.923930 -19.677896 3.546806 -12.365626 14.026452 -14.731970 15.650372 3.764918 1.882782 -11.027330 -14.001200 9.504126 -28.811790 -8.950773 10.449357 -0.138993 20.472164 7.640152 -7.959945 2.597565 -4.524493 11.234962 -14.716145 16.101030 -15.305984 6.894468 -4.112833 3.619435 -3.125440 7.240775
-4.086884 -20.036823 0.561485 -12.567541 14.796172 -14.358860 15.112806 2.911499 0.577001 -10.882899 -14.629523 10.224607 -26.917202 -8.345798 11.663617 0.461244 21.656151 5.188724 -8.453632 3.027999 -4.460563 12.561416 -13.173624 15.935142 -15.749913 6.319506 -5.201070 3.198493 -4.571197 7.704962
-4.750916 -20.076181 -1.788846 -12.788544 15.791677 -14.256861 13.924212 2.356539 -0.247930 -11.016333 -15.581929 10.842801 -24.775518 -8.246468 12.440120 0.660702 22.496626 3.053290 -9.292600 3.391111 -4.632452 13.237683 -12.219338 15.429341 -16.060783 5.868282 -6.126400 2.972323 -5.598714 8.167178
-5.560609 -19.739000 -3.312053 -12.668701 16.813942 -14.820480 13.355356 1.618454 -0.924018 -10.851687 -16.653872 10.934264 -22.724945 -8.652212 12.943295 0.102682 23.272234 1.943933 -10.164251 3.765178 -4.567697 13.451184 -11.709186 14.813703 -16.225012 5.686685 -6.721642 2.790971 -5.950399 8.459090
-6.053081 -19.078629 -4.195830 -12.474072 17.888613 -15.347229 12.899233 0.945126 -1.343231 -10.562452 -17.689005 10.914393 -21.040241 -8.905548 13.156902 -0.341779 23.787668 1.344245 -10.697171 4.061614 -4.310400 13.608983 -11.061430 14.237111 -16.179474 5.590997 -7.354914 2.802325 -6.176171 8.833076
-6.342751 -18.420305 -4.901613 -12.401951 18.755466 -15.637825 12.714383 0.320543 -1.838235 -10.143627 -18.239281 10.810405 -19.915770 -9.039167 13.165421 -0.123756 23.875731 0.735239 -10.926621 4.155666 -3.848003 13.821021 -10.422964 13.624374 -16.112068 5.513494 -7.900080 2.854895 -6.267123 9.037825
-6.315878 -17.984678 -5.022644 -12.353210 19.248329 -15.729019 12.663990 0.058018 -2.081742 -9.862141 -18.497341 10.693500 -19.277477 -9.097320 13.186646 -0.076287 23.774487 0.410810 -11.094507 4.178991 -3.544597 14.050735 -9.988398 13.299534 -16.092188 5.474130 -8.251416 2.845124 -6.364509 9.111032
-6.229024 -17.858702 -5.109880 -12.296722 19.440918 -15.690954 12.643064 -0.065327 -2.177032 -9.746739 -18.547503 10.593779 -18.998791 -9.167674 13.235289 -0.054188 23.738441 0.254313 -11.194448 4.146158 -3.417591 14.109925 -9.833923 13.242322 -16.073328 5.462442 -8.400696 2.804810 -6.422959 9.095596
-6.230091 -17.837725 -5.103858 -12.266260 19.462746 -15.666109 12.652796 -0.090163 -2.214755 -9.727259 -18.528423 10.578353 -18.995222 -9.186433 13.249553 -0.087949 23.734213 0.240255 -11.209090 4.127476 -3.396750 14.118318 -9.822433 13.237065 -16.045795 5.464128 -8.415040 2.810676 -6.429531 9.092341
-6.173261 -17.750277 -5.084846 -12.181005 19.489191 -15.642844 12.670953 -0.007641 -2.307368 -9.674238 -18.499067 10.512542 -18.956459 -9.214174 13.264043 -0.118604 23.706869 0.205780 -11.237005 4.058539 -3.317582 14.116755 -9.749705 13.263733 -15.979095 5.500516 -8.474903 2.809483 -6.427858 9.076334
-6.186856 -17.542696 -4.997945 -12.092730 19.540836 -15.614260 12.679990 0.142146 -2.478989 -9.621391 -18.421667 10.333606 -18.883314 -9.280849 13.293112 -0.179882 23.658842 0.172710 -11.314272 3.853991 -3.219234 14.087613 -9.676211 13.215901 -15.915972 5.533479 -8.539700 2.838012 -6.397860 9.087976
-6.135201 -17.377480 -4.877995 -11.935664 19.561115 -15.612535 12.802240 0.250684 -2.635146 -9.539919 -18.361441 10.164376 -18.829834 -9.350722 13.301770 -0.272343 23.655756 0.151635 -11.367198 3.728289 -3.071928 14.029416 -9.559696 13.195382 -15.792123 5.593629 -8.639007 2.893560 -6.340104 9.053421
-5.983819 -17.176123 -4.778109 -11.695999 19.682785 -15.542038 12.934209 0.310575 -2.798518 -9.421768 -18.219257 9.986928 -18.649717 -9.527463 13.377161 -0.383830 23.597174 0.035162 -11.492721 3.634863 -2.901846 14.002971 -9.411515 13.101882 -15.631047 5.638090 -8.843441 2.971079 -6.312193 9.003765
-5.936984 -17.091969 -4.708728 -11.513225 19.750637 -15.423254 13.122319 0.257875 -2.934113 -9.254160 -18.125816 9.808637 -18.368992 -9.661147 13.484084 -0.467291 23.568960 -0.207642 -11.649840 3.525274 -2.802770 14.021518 -9.234161 13.072038 -15.533656 5.663000 -9.009529 3.043858 -6.324011 9.033193
-5.795363 -16.959166 -4.496629 -11.282453 19.698112 -15.398989 13.438937 0.326667 -3.068325 -9.069651 -18.055962 9.696881 -18.053490 -9.887533 13.627814 -0.621460 23.573944 -0.435632 -11.815328 3.549861 -2.635082 13.970702 -9.042789 13.017270 -15.362306 5.719500 -9.300982 3.099663 -6.310940 8.997218
-5.833592 -16.729244 -4.088086 -10.876954 19.664473 -15.445772 13.795362 0.414750 -3.226883 -8.918544 -17.745552 9.450681 -17.718321 -10.308204 13.779891 -0.754200 23.342030 -0.486651 -12.051408 3.490708 -2.437183 14.045508 -8.659385 12.934425 -15.206339 5.745220 -9.666392 3.171185 -6.361029 9.045242
-5.909009 -16.486631 -3.616672 -10.351591 19.682739 -15.679523 14.093128 0.667012 -3.297969 -8.870979 -17.443287 9.257142 -17.372269 -10.833422 13.928431 -0.904790 23.214624 -0.573090 -12.273683 3.553827 -2.323003 14.062234 -8.490048 12.972652 -14.961361 5.789444 -10.026766 3.265585 -6.412091 8.955016
-6.156282 -16.292374 -3.090107 -9.877460 19.640303 -15.927504 14.325755 0.816432 -3.374131 -8.971139 -17.218746 9.185999 -17.041225 -11.298488 14.059805 -0.937170 23.042730 -0.698607 -12.449087 3.614528 -2.216647 14.116120 -8.236302 12.953781 -14.760207 5.843912 -10.415847 3.320270 -6.494164 8.955722
-6.233770 -16.007307 -2.595097 -9.454468 19.530613 -16.176281 14.563256 1.007288 -3.513700 -9.082693 -16.865238 9.095067 -16.792147 -11.768584 14.172184 -0.883526 22.697823 -0.741573 -12.607734 3.671030 -2.143423 14.136211 -7.983318 12.955452 -14.560508 5.900336 -10.836852 3.348607 -6.579852 8.957102
-6.136300 -15.721319 -2.340164 -9.092999 19.617037 -16.338207 14.685751 1.291678 -3.578417 -9.145003 -16.443531 8.959626 -16.570992 -12.235350 14.277640 -0.792595 22.397779 -0.702360 -12.752409 3.756028 -2.059129 14.094428 -7.787532 12.978576 -14.299489 5.965506 -11.231537 3.419804 -6.628604 8.867046
-6.031681 -15.511966 -2.181500 -8.828180 19.818958 -16.588675 14.693610 1.565182 -3.461010 -9.254663 -16.016781 8.798177 -16.421364 -12.694112 14.357380 -0.753185 22.259315 -0.671169 -12.892729 3.898418 -1.970458 13.967214 -7.694184 13.054370 -14.033298 6.059478 -11.578267 3.419086 -6.699547 8.811731
-5.708375 -15.276487 -1.909858 -8.390510 20.002275 -16.709454 14.694372 1.854666 -3.390705 -9.305188 -15.540294 8.611070 -16.408646 -13.190648 14.344082 -0.782199 22.070383 -0.585168 -13.043917 3.850984 -1.853801 13.899980 -7.574257 13.071915 -13.819863 6.138459 -11.926539 3.385846 -6.755054 8.722054
-5.260486 -14.989435 -1.569663 -8.028452 20.200283 -16.700109 14.667886 2.118751 -3.289885 -9.312454 -15.122766 8.497257 -16.446844 -13.515167 14.389134 -0.706851 22.048151 -0.590471 -13.111007 3.857950 -1.784521 13.736491 -7.552765 13.124095 -13.634226 6.254897 -12.183789 3.348884 -6.757821 8.601130
-4.985125 -14.836109 -1.279763 -7.876001 20.236696 -16.670885 14.745825 2.155952 -3.155346 -9.267885 -14.740554 8.352912 -16.633888 -13.860532 14.297591 -0.762212 21.946234 -0.443417 -13.194198 3.719611 -1.736210 13.612960 -7.485176 13.209102 -13.492261 6.333401 -12.360007 3.345880 -6.760082 8.471480
-4.716415 -14.709635 -0.995039 -7.744011 20.208019 -16.639894 14.855296 2.275063 -3.053803 -9.225393 -14.475791 8.185492 -16.799391 -14.107903 14.224599 -0.856600 21.877333 -0.262707 -13.249161 3.563806 -1.679594 13.459077 -7.533573 13.281224 -13.351254 6.404024 -12.496397 3.326184 -6.735164 8.296154
-4.600983 -14.653139 -0.778033 -7.673486 20.127827 -16.642181 14.978288 2.299764 -2.963971 -9.212943 -14.294414 8.076982 -16.942944 -14.248449 14.161036 -0.908450 21.819708 -0.128326 -13.272593 3.448827 -1.636316 13.321181 -7.612737 13.311292 -13.241332 6.481531 -12.574236 3.304899 -6.688590 8.190050
-4.511600 -14.610691 -0.602748 -7.615048 20.071186 -16.666527 15.039631 2.375809 -2.885945 -9.205902 -14.161495 7.938319 -17.096092 -14.400255 14.045424 -1.005810 21.703016 0.058045 -13.299959 3.266318 -1.618025 13.274572 -7.649024 13.323864 -13.187625 6.500588 -12.620772 3.290061 -6.683989 8.124865
-4.471457 -14.590128 -0.544077 -7.595788 20.045179 -16.668686 15.056361 2.428992 -2.873975 -9.210160 -14.098708 7.898379 -17.160046 -14.450825 14.022255 -1.042245 21.695452 0.112449 -13.305413 3.213850 -1.610040 13.241941 -7.677417 13.335964 -13.160298 6.516252 -12.626779 3.288299 -6.668030 8.099077
-4.493660 -14.580971 -0.514723 -7.577637 20.044823 -16.683504 15.086320 2.408808 -2.864293 -9.201030 -14.097355 7.901192 -17.149929 -14.454944 14.025524 -1.036799 21.697056 0.098451 -13.306298 3.221959 -1.607251 13.259566 -7.657217 13.336876 -13.165178 6.512025 -12.636416 3.281999 -6.681689 8.107847
-4.531069 -14.548166 -0.432723 -7.530021 20.029949 -16.702137 15.181203 2.362912 -2.851544 -9.190521 -14.064321 7.901483 -17.113258 -14.497974 14.028762 -1.009208 21.693262 0.053577 -13.320088 3.257560 -1.582874 13.269148 -7.618226 13.332963 -13.155908 6.520393 -12.668457 3.281182 -6.681809 8.095217
-4.539830 -14.488029 -0.324110 -7.453303 20.010695 -16.729605 15.290630 2.349196 -2.848881 -9.189043 -14.019595 7.878255 -17.117411 -14.555223 14.023537 -1.020985 21.680967 0.056601 -13.328508 3.248180 -1.562526 13.272507 -7.578481 13.339444 -13.139821 6.535467 -12.722628 3.260693 -6.699231 8.092226
-4.500174 -14.428580 -0.164923 -7.379373 19.965437 -16.719494 15.398834 2.354882 -2.825954 -9.167389 -13.936554 7.853777 -17.109882 -14.641253 14.039090 -1.006834 21.652292 0.055868 -13.339964 3.263079 -1.534435 13.284536 -7.528365 13.353775 -13.104517 6.554563 -12.804431 3.227874 -6.735509 8.056455
-4.387914 -14.357049 0.037311 -7.273292 19.898418 -16.672705 15.514591 2.424557 -2.808104 -9.092091 -13.835543 7.837637 -17.010651 -14.793284 14.103814 -0.979412 21.633131 -0.009079 -13.379788 3.328895 -1.491809 13.262462 -7.490660 13.388696 -13.027553 6.605826 -12.915973 3.191170 -6.757851 7.981999
-4.219052 -14.327094 0.195995 -7.196897 19.829012 -16.623592 15.665741 2.455467 -2.758279 -9.018277 -13.734789 7.840212 -16.995256 -14.878802 14.151084 -0.960027 21.605982 -0.065765 -13.394395 3.386880 -1.455437 13.249452 -7.473114 13.419821 -12.964601 6.643293 -13.029328 3.134091 -6.796460 7.898206
-4.127222 -14.282640 0.401933 -7.139719 19.771736 -16.622639 15.843554 2.387560 -2.667211 -8.946253 -13.603820 7.806779 -16.991993 -15.019522 14.136147 -0.975748 21.503477 -0.071689 -13.447490 3.404138 -1.430447 13.301387 -7.359757 13.409047 -12.953118 6.648079 -13.151830 3.088091 -6.866414 7.872641
-4.036099 -14.194668 0.609496 -7.060221 19.744688 -16.620743 15.951624 2.419788 -2.616867 -8.859283 -13.522774 7.778881 -16.919718 -15.152106 14.142869 -0.983356 21.428230 -0.089160 -13.511836 3.456535 -1.377268 13.387144 -7.168444 13.443055 -12.895093 6.656507 -13.323726 3.048538 -6.967395 7.798977
-3.786772 -14.136269 0.738233 -6.988769 19.732260 -16.577345 16.062799 2.483002 -2.564941 -8.744673 -13.375366 7.706417 -16.870354 -15.333177 14.168555 -1.017356 21.419538 -0.101853 -13.589138 3.498131 -1.316985 13.387194 -7.150947 13.496959 -12.759807 6.682240 -13.455401 3.030718 -6.998802 7.640623
-3.712976 -14.112705 0.825036 -7.008967 19.681669 -16.630939 16.208797 2.513856 -2.458330 -8.607714 -13.206541 7.625637 -16.867987 -15.523412 14.146906 -1.073509 21.269800 -0.028018 -13.673248 3.483745 -1.255118 13.462514 -7.030988 13.605959 -12.646728 6.680526 -13.618953 2.982939 -7.088148 7.440363
-3.439015 -14.003506 1.009169 -7.057390 19.645588 -16.649351 16.191360 2.742294 -2.340919 -8.420364 -12.939673 7.542893 -16.792564 -15.852876 14.196429 -1.112196 21.033201 0.036827 -13.789959 3.532945 -1.211411 13.478827 -7.024753 13.764834 -12.511691 6.689215 -13.766028 2.880434 -7.169502 7.130915
-3.193082 -13.909303 1.207473 -7.105652 19.579880 -16.634506 16.214008 2.857712 -2.290983 -8.257602 -12.725471 7.389357 -16.768522 -16.105963 14.213679 -1.196647 20.805460 0.208889 -13.897594 3.540238 -1.105582 13.607602 -6.763974 13.902486 -12.307269 6.665112 -14.065294 2.824622 -7.313695 6.771550
-2.836140 -13.815984 1.298805 -7.067637 19.555113 -16.509390 16.212845 2.770058 -2.313478 -8.009172 -12.453233 7.153968 -16.704391 -16.484207 14.216482 -1.282611 20.530218 0.482650 -14.031047 3.550718 -1.020526 13.715121 -6.562168 14.050498 -12.115155 6.655596 -14.314595 2.782264 -7.431690 6.474832
-2.203408 -13.704416 1.576186 -6.910941 19.471235 -16.299192 16.288624 2.852880 -2.369327 -7.659403 -12.102217 6.909066 -16.682779 -16.849014 14.243181 -1.358056 20.218004 0.817646 -14.151741 3.663859 -0.902200 13.718534 -6.452619 14.305757 -11.897468 6.685856 -14.523900 2.709267 -7.484620 6.027786
1.842301 -23.673254 2.856091 -3.052440 25.788065 -1.595622 10.236531 6.819973 4.414014 2.678033 -12.933424 1.630559 -11.341676 -13.555800 2.566721 6.938979 9.047242 2.467044 -21.913774 0.333157 3.993325 11.449752 -4.471850 10.330813 -10.323325 2.159338 -15.112679 9.811897 -4.680274 5.106529
2.750764 -23.499281 3.142879 -2.909220 25.813499 -1.413240 10.144782 6.873269 4.491325 2.857881 -12.851745 1.523871 -11.187740 -13.870036 2.434873 6.958222 8.282187 3.075246 -21.997465 0.719970 4.155895 11.443122 -4.328805 10.625358 -9.969132 2.244473 -15.507079 9.743010 -4.758039 4.398054
3.401734 -23.367723 3.327493 -2.711278 25.722725 -1.356514 10.254498 7.187967 4.440445 2.968809 -12.766928 1.425599 -11.035550 -14.190590 2.285356 7.030428 7.546547 3.676083 -22.030626 1.134787 4.247551 11.465543 -4.253851 10.855870 -9.814315 2.287863 -15.646680 9.721910 -4.782564 4.043068
3.542052 -23.297899 3.415024 -2.650792 25.657967 -1.506639 10.181608 7.538437 4.388704 2.896329 -12.684734 1.347150 -10.942235 -14.424345 2.233140 6.996038 6.977128 4.244892 -22.032038 1.481856 4.398470 11.489265 -4.185936 11.162692 -9.624135 2.339970 -15.856701 9.610573 -4.819695 3.414103
3.849899 -23.234821 3.476580 -2.506425 25.755444 -1.618692 10.029115 7.831902 4.449627 2.821551 -12.560499 1.269706 -11.037981 -14.615950 2.158821 6.917082 6.670791 4.675578 -21.966110 1.628371 4.496374 11.520749 -4.101301 11.390593 -9.548953 2.369322 -15.914996 9.556152 -4.831359 3.070684
3.508311 -21.268408 5.283871 -1.377225 25.507122 -2.150446 11.261335 7.438082 3.774520 0.605278 -13.413918 1.365907 -9.834664 -9.556271 6.503662 9.516357 5.768134 5.698486 -20.800230 -1.669596 6.909426 13.357409 -5.171856 10.505993 -8.292557 0.199960 -15.501832 10.430561 -4.188394 2.994811
3.631830 -20.136312 6.051775 -1.047643 25.167469 -2.797028 11.761045 7.718136 3.077342 -0.179052 -13.212456 0.644208 -9.796231 -9.182935 7.336033 9.551301 5.855350 6.433967 -20.502907 -1.794363 7.506434 13.390431 -5.340366 10.548631 -8.070051 -0.424924 -15.162715 10.781412 -3.871229 2.889423
3.715143 -19.927267 6.235911 -0.527581 25.027813 -3.179151 12.123051 8.179985 2.767164 -0.628887 -13.038929 0.542339 -10.096377 -9.500861 7.261389 9.257097 5.924109 6.786957 -20.482164 -1.989192 7.638139 13.699254 -5.436280 10.874717 -8.011013 -0.489624 -15.273273 10.469234 -4.090267 2.709709
3.942202 -19.853703 6.782144 -0.223282 24.946482 -3.293180 12.233405 8.547157 2.879980 -0.868186 -12.822268 0.348791 -10.398379 -9.689805 7.295816 8.879312 6.152812 7.048552 -20.510092 -2.118889 7.610926 13.648862 -5.584591 11.113002 -8.040864 -0.482677 -15.157776 10.409046 -4.039250 2.418159
4.130397 -19.747335 7.036056 -0.026758 24.804453 -3.284537 12.419441 8.980962 2.785492 -0.831264 -12.635869 0.220799 -10.621676 -9.846848 7.394720 8.578109 6.207260 7.357250 -20.543226 -2.156014 7.670949 13.604147 -5.707444 11.300870 -7.909378 -0.418343 -15.153270 10.360386 -3.988472 2.100773
4.227372 -19.728304 7.189933 0.079338 24.614113 -3.231802 12.669631 9.494612 2.674020 -0.757654 -12.498898 0.065024 -10.846999 -9.999316 7.415422 8.255610 6.294041 7.591238 -20.594135 -2.333926 7.729507 13.483537 -5.886414 11.513673 -7.814514 -0.308819 -15.043326 10.314691 -3.854636 1.833829
4.342739 -19.706934 7.282529 0.093984 24.398106 -3.215786 12.911755 9.843045 2.682912 -0.648227 -12.331136 -0.096694 -10.998729 -10.204764 7.478721 7.956574 6.310122 7.856383 -20.655050 -2.445167 7.819462 13.418275 -6.005656 11.730676 -7.724150 -0.207515 -14.955293 10.247091 -3.756395 1.543888
4.564847 -19.732355 7.446835 0.239407 24.172626 -3.286934 13.275467 10.186609 2.750985 -0.551110 -12.256321 -0.243637 -11.048031 -10.434708 7.515520 7.628169 6.240974 8.108417 -20.758745 -2.573576 7.881629 13.256963 -6.075296 11.904419 -7.607368 -0.118150 -14.961139 10.241869 -3.654120 1.250131
4.616760 -19.811960 7.604421 0.349031 23.842102 -3.301509 13.606091 10.548063 2.752211 -0.517247 -12.176906 -0.413182 -11.165977 -10.720845 7.494350 7.315337 6.067332 8.472060 -20.878647 -2.689102 7.944601 13.060208 -6.195637 12.121768 -7.483695 0.009095 -14.862851 10.261415 -3.484642 1.040504
4.647176 -19.919542 7.674261 0.519257 23.639463 -3.401299 13.972013 10.924058 2.715791 -0.494899 -12.067570 -0.645208 -11.239459 -11.063578 7.449584 7.017710 5.942060 8.884370 -20.980066 -2.710397 7.997515 12.849353 -6.328709 12.318237 -7.417710 0.115599 -14.770149 10.269784 -3.314686 0.879972
4.610584 -20.086273 7.716918 0.590747 23.431637 -3.474324 14.256674 11.205101 2.718729 -0.580209 -11.947402 -0.780794 -11.458419 -11.278011 7.395075 6.780754 5.735449 9.246623 -21.040560 -2.825994 8.045362 12.673073 -6.414489 12.553550 -7.331259 0.223724 -14.648809 10.298031 -3.163188 0.712783
4.687189 -20.206964 7.731686 0.609818 23.275284 -3.625322 14.425894 11.364294 2.811573 -0.643951 -11.813593 -0.966035 -11.709281 -11.491368 7.389289 6.476199 5.616011 9.641294 -21.115068 -2.985155 8.097565 12.551291 -6.433183 12.712648 -7.278245 0.290096 -14.620555 10.301341 -3.076114 0.580708
4.689906 -20.362482 7.774975 0.575190 23.027117 -3.656254 14.623998 11.597715 2.843057 -0.682153 -11.704288 -1.084282 -11.881307 -11.663199 7.348364 6.292798 5.465349 9.960918 -21.147671 -3.023396 8.106599 12.379355 -6.511527 12.816922 -7.252043 0.352193 -14.524439 10.341247 -2.946435 0.575992
4.670392 -20.518255 7.799007 0.537913 22.848253 -3.695737 14.760130 11.793919 2.898094 -0.769636 -11.620716 -1.185328 -12.096622 -11.788575 7.312497 6.079393 5.332519 10.271625 -21.175680 -3.115316 8.146415 12.306470 -6.502663 12.942613 -7.218549 0.396423 -14.473002 10.348346 -2.870895 0.524348
4.762578 -20.651814 7.863872 0.508229 22.698357 -3.715266 14.892752 11.950899 3.015193 -0.846325 -11.562409 -1.286694 -12.243152 -11.905349 7.281549 5.894779 5.258135 10.519565 -21.198925 -3.186615 8.173471 12.230345 -6.539276 13.060911 -7.207237 0.447758 -14.383767 10.343916 -2.778868 0.482580
4.753808 -20.839003 7.885076 0.459593 22.506470 -3.726879 15.016630 12.130397 3.063340 -0.936419 -11.485312 -1.371276 -12.374299 -11.980932 7.277622 5.762842 5.187478 10.731595 -21.208038 -3.228397 8.177387 12.158833 -6.581730 13.114682 -7.230372 0.477454 -14.296998 10.344654 -2.708455 0.521482
4.786536 -21.006721 7.878670 0.443933 22.379078 -3.695246 15.129240 12.246416 3.108810 -1.018799 -11.444595 -1.427174 -12.448171 -12.017471 7.260158 5.698496 5.158414 10.838541 -21.216734 -3.275907 8.186580 12.084828 -6.626429 13.209664 -7.213719 0.517839 -14.206113 10.362822 -2.622767 0.507770
4.838677 -21.129877 7.874404 0.417595 22.294338 -3.687967 15.188453 12.334431 3.165015 -1.091807 -11.423391 -1.485139 -12.508103 -12.051710 7.249865 5.621157 5.134003 10.954775 -21.232759 -3.316731 8.204927 12.024013 -6.664937 13.293571 -7.193224 0.554574 -14.143573 10.372620 -2.553874 0.481953
4.955551 -21.194788 7.905051 0.443947 22.261963 -3.689808 15.224325 12.377751 3.219729 -1.138974 -11.409874 -1.540681 -12.577766 -12.084543 7.245003 5.512985 5.144642 11.056001 -21.253942 -3.382247 8.217468 12.009712 -6.685867 13.327161 -7.191227 0.567213 -14.111979 10.365732 -2.525654 0.470808
4.994116 -21.226118 7.918839 0.444561 22.239822 -3.686656 15.245067 12.426807 3.244631 -1.160201 -11.396861 -1.561012 -12.618582 -12.100554 7.241546 5.470373 5.143641 11.104384 -21.257296 -3.406444 8.222468 11.992673 -6.693530 13.348926 -7.198277 0.574407 -14.089248 10.365613 -2.508646 0.470604
5.010143 -21.249315 7.931535 0.442183 22.226500 -3.683436 15.260230 12.438923 3.270546 -1.177441 -11.387615 -1.576850 -12.620013 -12.115822 7.244793 5.449387 5.144131 11.122805 -21.263872 -3.408539 8.217148 11.980066 -6.706437 13.356112 -7.207257 0.576343 -14.071467 10.370255 -2.497534 0.477622
