-0.500613 -11.538730 5.405369 -8.160718 33.798649 1.824273 -23.965748 10.861926 0.037918 -15.840185 -33.169079 2.662395 -15.285304 -24.850090 -13.071158 8.346409 2.395494 17.011414 -3.803844 9.991781 10.573057 12.324830 -24.416039 -2.336002 -9.450881 1.579229 -10.332576 6.107954 -0.045668 4.093726
-1.192099 -11.857773 5.309929 -8.706835 33.487358 1.911546 -23.671703 11.090185 0.141678 -15.769007 -32.679523 2.762964 -15.586181 -25.010639 -13.146094 8.656868 1.871185 16.929831 -3.928449 9.419493 10.386603 12.004708 -24.345160 -2.406754 -9.384505 1.725533 -10.287092 6.399267 0.185474 4.391956
-2.510495 -12.253418 5.118282 -9.842958 33.021736 2.062618 -23.129860 11.983127 0.360666 -15.844059 -31.433895 2.762473 -16.235714 -25.224293 -12.469663 9.049801 0.795541 17.065002 -3.986603 8.527562 9.988986 11.487581 -24.343023 -2.403488 -9.330015 1.874297 -10.257350 6.874005 0.485497 4.908287
-4.331740 -12.501423 4.914884 -11.044102 32.411900 1.888080 -21.964819 12.752417 0.769909 -15.405813 -30.257427 3.047620 -16.780415 -25.225124 -11.271828 9.258871 0.014224 17.104923 -4.001232 7.373147 9.420229 10.502155 -24.384043 -2.232991 -9.249038 2.111069 -10.430171 7.472978 0.923123 5.257707
-6.094667 -13.059149 4.202967 -12.358360 31.384291 1.189089 -20.447155 13.187433 1.066685 -14.800161 -29.040787 3.305749 -17.337620 -25.382034 -10.125342 9.152840 -0.741010 17.486019 -4.072995 6.231501 9.027161 9.421904 -24.044746 -2.045264 -9.213223 2.230066 -10.591662 8.219820 1.438184 5.734040
-7.141943 -13.758156 3.312599 -13.454752 30.544617 0.839175 -19.321878 13.547096 1.294931 -14.479876 -28.113203 3.769747 -17.993118 -25.551462 -9.703520 9.312763 -2.031821 17.463280 -4.096089 4.872371 8.478998 8.181115 -23.943447 -2.201802 -8.999141 2.303639 -10.964473 8.990335 1.903003 6.216904
-8.275412 -14.276884 2.543852 -14.628067 29.892242 0.220399 -18.234852 14.013492 1.548406 -13.853830 -27.177441 4.175570 -18.459465 -25.713348 -9.123615 9.176676 -3.078404 17.474798 -4.198530 3.494087 7.950892 7.181565 -23.656393 -2.129528 -8.778543 2.371478 -11.098548 9.742303 2.256627 6.705759
-8.880568 -14.605042 1.845277 -15.289150 29.495298 -0.180554 -17.380669 14.500064 1.538454 -13.494194 -26.529881 4.402065 -18.626583 -25.953983 -8.779332 9.002279 -3.451532 17.266006 -4.293803 2.625028 7.719169 6.502097 -23.475035 -2.112822 -8.676419 2.424425 -11.257817 10.009444 2.449270 6.849025
-9.254193 -14.887103 1.132676 -15.810773 29.201214 -0.604926 -16.667671 14.642430 1.536276 -13.173096 -25.945164 4.544300 -18.779385 -26.195160 -8.368427 8.812106 -3.738827 16.947447 -4.438183 2.013517 7.511266 6.088026 -23.082306 -1.913487 -8.509786 2.482197 -11.251763 10.257200 2.632584 7.151754
-9.353556 -14.999952 0.847793 -16.066895 29.045366 -0.856008 -16.191628 14.682609 1.559303 -12.969649 -25.565416 4.708235 -18.903852 -26.309347 -8.040487 8.655389 -3.811070 16.702862 -4.507853 1.667009 7.439297 6.066013 -22.810816 -1.678227 -8.445208 2.537005 -11.302270 10.283961 2.661962 7.137980
-9.236029 -14.980176 1.058144 -15.818121 29.137289 -0.616443 -16.406719 14.678911 1.497520 -13.093725 -25.697929 4.583116 -18.835320 -26.216244 -8.277393 8.630470 -3.545435 16.774103 -4.574001 1.993041 7.399795 6.169004 -22.952810 -1.669529 -8.494659 2.450809 -11.177173 10.267518 2.575703 7.042503
-7.455792 -13.907829 3.369763 -13.509974 30.118481 -0.022375 -17.724392 13.516705 1.263167 -13.273072 -26.922136 3.890625 -17.957321 -25.396053 -8.997733 8.291622 -1.087982 17.062344 -4.793404 4.748471 7.619203 7.568014 -23.332476 -1.958792 -9.339395 2.135149 -11.182100 9.166077 1.878895 6.496842
-2.440650 -12.413109 5.518693 -8.856012 30.829174 -2.657166 -19.060537 10.778214 1.006939 -13.214619 -28.655073 6.366468 -17.273991 -23.249626 -6.825765 5.474939 0.550416 16.904713 -4.841976 7.687200 7.987815 10.226348 -22.539015 -1.873354 -10.892661 0.562751 -11.898412 6.960326 -0.441083 3.958701
2.877015 -9.748963 0.116256 -4.541101 34.744896 -7.554321 -18.461504 12.409335 -2.201558 -10.428758 -31.746958 7.577003 -15.729812 -19.776348 -0.450841 1.199239 3.121874 16.166111 -4.891458 11.788713 7.742259 12.899452 -21.280226 -0.187776 -12.433696 -2.172278 -13.049001 5.260648 -3.728900 -0.604685
2.352683 -5.851471 -2.094812 -2.627951 39.023216 -7.305452 -15.889839 10.699709 -5.582817 -3.618335 -34.730587 6.119520 -9.741600 -18.097240 5.429024 -3.081806 12.908944 12.951125 -6.972937 9.499544 8.697022 14.594794 -16.587523 2.688860 -14.476060 -4.481620 -13.596232 4.079510 -6.360829 -1.320203
1.631063 -5.794261 2.754863 -1.661370 38.238113 -4.271995 -5.527631 5.648053 -4.257481 2.810325 -31.267300 4.943077 -4.517075 -17.746418 10.835719 0.102116 13.740127 3.615943 -9.949756 11.641235 8.989497 15.986731 -9.983185 7.845967 -16.724178 -4.186183 -13.900741 2.024307 -8.143367 0.444643
-1.637450 -8.343633 2.509778 -1.996772 36.378502 -7.498406 7.214585 3.332294 -2.516983 9.077058 -23.383297 3.207343 -3.925592 -17.773680 17.474676 5.351167 9.095145 -0.806598 -10.684072 14.314283 10.530630 15.400120 -2.260480 13.191895 -17.572365 -2.818451 -14.253497 2.075240 -8.563308 2.794614
1.860614 -13.961534 4.361907 0.551265 31.099731 -8.112822 10.474081 2.690365 -2.414007 8.343117 -21.222469 1.626038 -1.473964 -19.418911 18.298336 7.141248 6.639937 -3.659244 -12.248282 8.673687 11.291389 13.535415 1.120318 14.314669 -15.427482 -2.583247 -15.028552 6.454498 -7.488863 4.899144
2.759247 -14.486750 9.918305 0.328459 27.929157 -5.345466 12.891798 3.560519 -0.227732 7.872859 -18.726593 -0.341315 -3.755863 -22.534355 15.488791 8.169695 3.922928 -2.739220 -12.519081 7.136919 11.019041 11.522567 1.558836 14.728728 -13.159817 -2.333915 -15.328537 8.880535 -7.126491 4.416451
3.094215 -14.818806 12.038490 0.895292 26.395805 -6.756824 14.519657 4.825409 1.036673 7.655880 -17.958744 -0.146989 -5.588641 -22.902077 14.729324 8.402563 1.740036 -2.108331 -12.432419 6.536704 10.639389 10.149503 1.146533 15.104398 -11.606481 -2.033751 -15.197083 10.056429 -6.930595 3.681973
3.103520 -14.704103 12.331464 0.851443 26.347412 -7.078631 14.633802 5.232332 1.250909 7.643725 -17.781385 -0.020023 -6.074559 -22.966625 14.553926 8.532167 1.304659 -1.902903 -12.342353 6.562847 10.572849 9.902710 1.099245 15.136677 -11.452981 -1.986955 -15.222386 10.214741 -6.874821 3.644211
3.274284 -14.721052 12.813909 1.068983 26.009363 -6.853658 15.061716 5.674232 1.378807 7.754776 -17.548737 0.075605 -6.501152 -23.136045 14.303254 8.750508 0.667478 -1.545604 -12.225474 6.816869 10.534716 9.655336 0.962444 15.155111 -11.319632 -1.916208 -15.243152 10.292634 -6.776456 3.521009
4.417398 -15.005688 13.052625 0.936009 25.263273 -6.468358 15.208517 6.563565 1.788299 7.530224 -17.452593 0.010064 -6.958033 -23.581287 13.677989 9.044758 -0.886317 -0.213832 -11.989301 7.457505 10.505194 9.155623 0.780673 15.265346 -10.975880 -1.723866 -15.377875 10.445352 -6.602660 3.264298
5.524770 -15.354051 13.003654 0.480651 24.729403 -6.393201 15.127533 7.548649 2.253556 7.308591 -16.960381 0.054865 -7.856713 -24.085739 12.748158 9.887569 -2.858303 1.094867 -11.396824 9.059675 10.467783 8.508811 0.491556 15.569489 -10.623688 -1.427141 -15.431330 10.588978 -6.262107 2.917533
7.205077 -15.265753 13.736868 0.934960 24.225391 -5.226650 14.945068 8.540707 2.406088 6.882452 -15.922921 0.204243 -9.170445 -24.727367 12.438479 10.344940 -3.998514 2.178539 -10.914057 10.339388 10.501129 7.927114 0.138786 15.853856 -10.430061 -1.124805 -15.397893 10.542544 -5.884358 2.615715
8.021927 -15.172800 15.512626 1.925760 23.273724 -4.934067 15.276926 10.238901 2.417932 6.229471 -15.196391 0.497693 -11.021194 -24.844013 11.976956 10.413083 -4.295430 2.698034 -10.453446 9.719894 10.457906 7.126224 -0.507736 16.150911 -10.251517 -0.763147 -15.237552 10.459316 -5.351402 2.322784
6.108158 -15.059278 16.097952 1.089783 22.799320 -6.033931 14.662699 13.708879 2.202916 4.795503 -14.896341 0.609095 -12.673646 -24.437805 11.722013 9.648288 -3.613853 2.513764 -10.249798 7.512558 10.408321 6.233207 -1.142382 16.476112 -10.135572 -0.371246 -14.870233 10.452271 -4.756613 2.242075
4.153498 -15.831369 14.529704 -0.367946 22.597267 -6.934954 14.302753 14.920998 1.984922 3.924078 -14.682489 0.679791 -14.333016 -24.267252 11.402475 9.119713 -3.739038 2.827968 -10.032800 6.157249 10.309527 5.637042 -1.627805 16.721905 -10.166188 -0.127390 -14.410070 10.597046 -4.237550 2.359549
3.438681 -16.473318 14.302656 -1.017830 21.801432 -7.214739 14.237562 16.514751 2.202546 3.004250 -14.454121 0.761306 -15.448977 -24.133841 11.208983 8.816248 -3.762883 3.006525 -9.807385 5.422178 10.168509 5.390797 -1.905907 16.735399 -10.364552 -0.073167 -14.006215 10.699797 -3.934546 2.651007
3.541291 -16.504265 14.421071 -1.365556 21.611015 -6.998140 13.681379 17.149471 2.442707 2.504531 -14.633698 0.880857 -15.915700 -23.981293 11.031330 8.690400 -3.531788 3.020146 -9.707353 5.017149 10.124377 5.354164 -1.995939 16.807013 -10.500142 -0.043167 -13.739914 10.649422 -3.762208 2.799293
3.525413 -16.503462 14.400651 -1.402149 21.612953 -6.977127 13.624403 17.157995 2.447081 2.481923 -14.664345 0.903079 -15.946846 -23.956448 11.013204 8.694538 -3.505928 3.008812 -9.697776 4.973654 10.117573 5.351840 -1.996799 16.803957 -10.516069 -0.045342 -13.726828 10.649302 -3.755245 2.822030
3.544699 -16.482929 14.436854 -1.304483 21.660553 -7.040931 13.819536 16.978128 2.417635 2.623949 -14.575986 0.847710 -15.770535 -24.068748 11.039582 8.801338 -3.640589 3.037286 -9.741036 5.192049 10.136230 5.371172 -1.948565 16.780123 -10.450663 -0.053001 -13.823121 10.670134 -3.815951 2.767505
3.389682 -16.326241 14.211337 -1.090951 21.929277 -7.203093 14.024365 16.341368 2.232930 3.020775 -14.527002 0.850717 -15.424805 -23.973410 11.209246 8.882690 -3.672513 2.858105 -9.770444 5.344677 10.154129 5.408588 -1.870622 16.696243 -10.368372 -0.090229 -14.016168 10.700842 -3.944925 2.697149
3.470377 -15.982639 13.941907 -0.901553 22.428919 -7.206200 14.087996 15.268209 2.051122 3.618407 -14.583095 0.884757 -14.927962 -23.876217 11.376019 9.105362 -3.665714 2.662722 -9.829851 5.743706 10.189432 5.507742 -1.777289 16.616144 -10.275719 -0.148887 -14.260122 10.687278 -4.132871 2.568292
4.190968 -15.748495 14.197371 -0.538461 22.823912 -6.944530 14.093130 14.003935 2.131752 4.167536 -14.771870 0.823188 -14.001822 -23.885443 11.500924 9.386419 -3.539821 2.360829 -9.974158 6.400917 10.269143 5.760002 -1.499882 16.488165 -10.157959 -0.247273 -14.613255 10.633890 -4.420022 2.430572
5.058328 -15.382557 15.051991 -0.059390 23.118145 -6.338335 13.903492 13.188049 2.293770 4.468156 -15.139078 0.949187 -13.052575 -23.714085 11.711568 9.760948 -3.218122 1.895970 -10.072562 6.955171 10.322556 6.123991 -1.125430 16.282518 -10.094332 -0.402760 -15.014428 10.598719 -4.792215 2.428955
6.806794 -15.368641 15.528598 0.357419 23.358139 -5.834702 14.115803 11.342137 2.815593 5.167783 -15.410120 0.966358 -11.971499 -23.755531 11.927453 10.289613 -3.070871 1.710577 -10.192613 8.043033 10.405046 6.703175 -0.608913 16.122608 -10.124709 -0.596089 -15.297073 10.514593 -5.163822 2.507802
5.004647 -18.259552 10.069413 -4.402180 24.802458 -2.165497 11.475770 11.942907 0.983091 12.799219 -17.228014 -1.549199 -7.681065 -23.681015 11.071777 12.899771 3.691141 5.804910 -5.791692 4.058434 5.989833 12.529841 -3.276519 13.725117 -8.317172 2.958213 -16.500305 8.557887 -5.013082 -0.515730
4.564358 -18.060362 9.573192 -4.658079 25.446444 -2.032343 11.180468 10.736385 1.083619 13.193078 -17.679794 -1.380133 -6.589634 -23.679276 11.095698 13.406153 3.660610 5.280606 -5.934771 4.724050 6.051443 13.231318 -2.875350 13.507531 -8.812757 2.676140 -16.528612 8.096455 -5.469500 -0.293357
3.653090 -17.967297 8.774272 -5.030471 25.909222 -1.965565 10.801073 9.676121 0.977077 13.359331 -18.035412 -1.266517 -5.709171 -23.293129 11.448941 13.525707 4.416062 3.786515 -6.275425 4.229323 5.914116 13.886190 -2.675268 13.016397 -9.390079 2.279120 -16.394424 7.905491 -5.904344 0.276774
3.690272 -17.132069 8.094314 -2.881408 24.397335 -6.568175 10.477335 8.154830 -2.503879 9.721642 -17.981771 4.401251 -5.808280 -23.857500 14.146823 7.840419 3.501745 0.838609 -11.114053 3.368709 8.681332 16.225935 -3.428460 11.215848 -8.481242 -0.920528 -15.509636 9.544991 -5.325182 1.794873
2.195251 -17.275915 6.914792 -3.002919 24.844196 -6.308318 9.890649 7.041731 -3.370815 9.298098 -18.483856 4.931409 -5.598777 -22.535191 14.612366 7.755083 6.180441 -1.560725 -11.272179 2.046292 8.525391 17.191652 -3.217798 10.952466 -9.335822 -1.572557 -15.222307 9.246990 -5.961751 2.860497
1.358049 -17.671385 5.386152 -3.075454 25.578133 -5.582879 9.359085 6.116418 -4.108831 9.093174 -19.344957 5.310110 -5.272657 -21.550924 14.786619 7.754526 7.979436 -2.495362 -10.975396 2.106242 8.337497 17.741579 -2.942441 10.730317 -10.160181 -2.048855 -14.785616 9.215526 -6.255753 3.778289
0.586736 -18.202225 3.787264 -3.597654 26.204512 -5.268834 8.780949 4.971657 -4.503456 8.806644 -20.351360 5.702402 -4.718156 -20.449179 15.077502 7.825916 9.805931 -3.341257 -10.669178 2.572994 8.188722 18.302305 -2.775385 10.410590 -10.901292 -2.462846 -14.292590 9.126844 -6.537131 4.862103
-0.942843 -18.342329 2.642900 -3.665841 26.911179 -5.388303 8.281948 4.383035 -5.100651 8.627516 -21.015936 6.427483 -4.925049 -19.174274 15.457192 8.106197 10.912458 -3.883399 -10.147736 3.014206 8.118067 18.685562 -2.636731 10.125401 -11.568602 -2.719296 -13.882953 8.972672 -6.710209 6.001244
-2.499370 -18.223604 1.830002 -4.033506 27.458214 -6.206175 7.873647 3.752966 -5.308760 8.440969 -21.792522 7.190550 -5.185689 -17.979197 15.419796 8.543040 11.373180 -4.282859 -9.657637 3.312271 7.947451 18.984571 -2.909459 9.939696 -12.344638 -3.014772 -13.405471 8.637752 -6.881160 6.611206
-3.725692 -17.909990 1.393348 -4.515241 27.858208 -6.920477 7.274134 3.176635 -5.238885 8.161797 -22.481468 7.899567 -5.625080 -16.917648 15.451363 8.718966 11.660963 -4.545996 -9.247107 3.424207 7.681612 19.052004 -3.150681 9.781199 -12.922306 -3.167665 -12.972186 8.496769 -6.867781 7.323255
-4.683030 -17.595291 1.148664 -4.972250 28.231750 -7.257021 6.643540 2.835575 -5.125048 7.960157 -23.265800 8.402637 -6.015500 -16.110584 15.164945 8.716695 11.953139 -4.600729 -8.915666 3.421795 7.545501 19.150486 -3.459854 9.571956 -13.381225 -3.245393 -12.566209 8.271579 -6.808787 7.859832
-5.200611 -17.496395 1.153012 -5.231339 28.389355 -7.440588 6.289670 2.453187 -4.926806 7.876683 -23.858044 8.832462 -6.450624 -15.539855 14.851755 8.647341 12.177254 -4.592127 -8.628856 3.273167 7.390088 19.116602 -3.685039 9.417727 -13.603178 -3.286833 -12.392051 8.160421 -6.792168 8.044114
-5.512475 -17.537767 1.177145 -5.466391 28.385798 -7.560369 6.205943 2.239452 -4.738570 7.853807 -24.115696 9.087977 -6.723620 -15.259327 14.692476 8.643600 12.292685 -4.642068 -8.453607 3.181908 7.264320 19.076220 -3.841487 9.292850 -13.752299 -3.310690 -12.261096 8.119095 -6.769749 8.237071
