5.387510 -0.250991 3.592596 -13.655379 22.721481 -2.198967 -9.018816 1.414164 -6.412436 -30.782061 -33.169079 2.662395 -15.285304 -24.850090 -13.071158 8.346409 2.395494 17.011414 -3.803844 9.991781 8.617393 7.703636 -18.328520 -6.922884 -14.600324 9.445680 -2.363496 11.172518 6.239004 -1.718118
4.702778 -0.511275 3.442162 -14.104888 22.564598 -2.077685 -8.819317 1.505809 -6.361884 -30.963215 -32.679523 2.762964 -15.586181 -25.010639 -13.146094 8.656868 1.871185 16.929831 -3.928449 9.419493 8.611881 7.132340 -18.212008 -6.891436 -14.629315 9.562378 -2.311341 11.369598 6.447575 -1.397301
3.731805 -1.134563 2.960005 -14.963887 22.037888 -2.068830 -8.415384 2.215008 -6.370580 -31.209883 -31.433895 2.762473 -16.235714 -25.224293 -12.469663 9.049801 0.795541 17.065002 -3.986603 8.527562 8.337538 5.900285 -18.097754 -6.750859 -14.935714 9.453424 -2.219809 11.880676 6.746040 -0.746565
2.398735 -1.574587 2.355793 -16.091917 21.415022 -2.418203 -7.747003 3.057832 -6.242719 -31.071358 -30.257427 3.047620 -16.780415 -25.225124 -11.271828 9.258871 0.014224 17.104923 -4.001232 7.373147 8.123003 4.092061 -18.041630 -6.452853 -15.266835 9.426679 -2.558865 12.394348 7.126722 -0.006605
0.793317 -2.040021 1.415469 -17.243750 20.819088 -2.733112 -6.824215 3.766392 -6.254251 -30.843109 -29.040787 3.305749 -17.337620 -25.382034 -10.125342 9.152840 -0.741010 17.486019 -4.072995 6.231501 8.056047 2.402423 -17.686502 -6.161210 -15.372647 9.419414 -2.993314 13.000717 7.648362 0.531685
-0.680083 -2.680894 0.268689 -18.032391 20.236929 -2.776901 -6.016811 4.536582 -6.444358 -30.761314 -28.113203 3.769747 -17.993118 -25.551462 -9.703520 9.312763 -2.031821 17.463280 -4.096089 4.872371 7.689384 0.747856 -17.728741 -6.525777 -15.383347 9.148963 -3.593193 13.651556 7.928495 0.907757
-2.002887 -2.968036 -0.577837 -18.618107 19.893215 -2.866757 -5.330929 5.224869 -6.737554 -30.348219 -27.177441 4.175570 -18.459465 -25.713348 -9.123615 9.176676 -3.078404 17.474798 -4.198530 3.494087 7.326866 -0.671697 -17.527090 -6.620650 -15.317980 8.869016 -4.039821 14.301620 8.075949 1.238075
-2.780466 -3.138139 -1.395346 -18.969330 19.755713 -2.807707 -4.716429 5.818292 -7.011353 -29.939684 -26.529881 4.402065 -18.626583 -25.953983 -8.779332 9.002279 -3.451532 17.266006 -4.293803 2.625028 7.088380 -1.934782 -17.403450 -6.874713 -15.651077 8.736580 -4.546900 14.446215 8.298236 1.649756
-3.442739 -3.151886 -2.028228 -19.146376 19.715874 -2.941184 -4.191566 6.027219 -7.214615 -29.568045 -25.945164 4.544300 -18.779385 -26.195160 -8.368427 8.812106 -3.738827 16.947447 -4.438183 2.013517 6.884176 -2.863970 -16.908756 -6.740168 -15.691894 8.668591 -4.863482 14.687799 8.425409 2.112288
-3.728363 -3.117756 -2.235017 -19.238390 19.672199 -2.956379 -3.888569 6.148918 -7.305150 -29.371231 -25.565416 4.708235 -18.903852 -26.309347 -8.040487 8.655389 -3.811070 16.702862 -4.507853 1.667009 6.801987 -3.071186 -16.567909 -6.602679 -15.749346 8.588902 -5.060495 14.739582 8.406482 2.145111
-3.399354 -3.298552 -2.075398 -19.011156 19.648167 -2.976106 -3.961732 6.048725 -7.317926 -29.503357 -25.697929 4.583116 -18.835320 -26.216244 -8.277393 8.630470 -3.545435 16.774103 -4.574001 1.993041 6.771832 -2.784735 -16.734320 -6.513810 -15.643414 8.616425 -4.790394 14.756363 8.326627 1.940935
-0.894358 -3.146543 0.428122 -17.349041 19.589340 -3.841072 -4.848035 5.020139 -6.900162 -29.837469 -26.922136 3.890625 -17.957321 -25.396053 -8.997733 8.291622 -1.087982 17.062344 -4.793404 4.748471 6.884184 0.543766 -16.830997 -6.475739 -15.602723 8.538369 -3.940080 13.910033 7.439557 0.701846
3.601890 -1.857749 0.535625 -14.184676 20.857002 -5.134193 -5.568564 2.910627 -7.635597 -28.116423 -28.655073 6.366468 -17.273991 -23.249626 -6.825765 5.474939 0.550416 16.904713 -4.841976 7.687200 5.505938 4.450168 -16.346024 -6.974239 -17.040224 7.214406 -4.319755 12.276474 5.954393 -1.163911
9.304258 1.094039 -2.223820 -10.221983 24.102928 -7.796867 -4.183988 3.767855 -10.209122 -24.678637 -31.746958 7.577003 -15.729812 -19.776348 -0.450841 1.199239 3.121874 16.166111 -4.891458 11.788713 5.369149 5.398584 -14.432798 -5.828753 -19.309313 5.865052 -6.566420 10.488783 4.626284 -4.805691
9.433344 5.506482 -4.672583 -10.934192 27.939819 -10.572174 0.587287 0.146172 -11.554442 -17.344521 -34.730587 6.119520 -9.741600 -18.097240 5.429024 -3.081806 12.908944 12.951125 -6.972937 9.499544 6.902939 8.816687 -10.584436 -3.165705 -19.744034 5.391304 -5.314548 10.512753 3.303937 -6.862613
8.859517 6.491138 -6.188149 -10.806788 27.750546 -11.480385 8.266918 -3.504199 -13.856639 -8.939169 -31.267300 4.943077 -4.517075 -17.746418 10.835719 0.102116 13.740127 3.615943 -9.949756 11.641235 4.295838 12.382785 -5.083570 1.465993 -21.717844 4.072546 -4.156525 9.933405 0.258348 -7.813154
8.445332 2.096125 -8.599219 -8.354122 24.381035 -11.660595 17.397385 -5.499220 -18.029863 -1.545994 -23.383297 3.207343 -3.925592 -17.773680 17.474676 5.351167 9.095145 -0.806598 -10.684072 14.314283 2.714725 15.524198 1.699615 5.940120 -20.267056 4.522378 -3.301864 13.066803 0.176735 -4.248444
9.920483 -2.568586 -4.778005 -5.804970 19.703911 -8.975590 25.925354 -6.520822 -17.457216 0.929215 -21.222469 1.626038 -1.473964 -19.418911 18.298336 7.141248 6.639937 -3.659244 -12.248282 8.673687 3.553532 12.954114 2.870600 6.518408 -19.156635 5.098721 -5.254443 13.698431 1.066954 -4.781207
11.859793 -4.942911 0.866478 -4.622621 15.610694 -7.813076 27.667288 -5.294251 -15.913270 -0.867060 -18.726593 -0.341315 -3.755863 -22.534355 15.488791 8.169695 3.922928 -2.739220 -12.519081 7.136919 3.273819 12.824217 3.705033 7.736261 -16.744190 4.995465 -4.957058 15.973955 1.020989 -6.201906
12.844767 -5.153859 5.334125 -4.165593 13.843067 -7.591380 28.266132 -3.879359 -14.465580 -1.949217 -17.958744 -0.146989 -5.588641 -22.902077 14.729324 8.402563 1.740036 -2.108331 -12.432419 6.536704 2.890188 12.002092 3.820834 7.834701 -15.444652 5.391945 -5.631316 17.001102 1.568063 -6.628486
12.966820 -5.317588 5.791068 -4.214299 13.509130 -7.660459 28.574108 -3.586281 -14.242673 -2.039999 -17.781385 -0.020023 -6.074559 -22.966625 14.553926 8.532167 1.304659 -1.902903 -12.342353 6.562847 2.855299 11.844295 3.781749 7.918647 -15.268472 5.480999 -5.704970 17.077251 1.663532 -6.731872
13.116117 -5.347221 6.130029 -4.276784 13.281356 -7.840612 28.819683 -3.258326 -13.980813 -2.033005 -17.548737 0.075605 -6.501152 -23.136045 14.303254 8.750508 0.667478 -1.545604 -12.225474 6.816869 2.934823 11.673177 3.799814 8.008883 -15.085055 5.571309 -5.827408 17.123743 1.751002 -6.731011
13.552252 -5.279294 6.763525 -4.267378 12.946641 -8.038506 29.069561 -2.598239 -13.644573 -2.077999 -17.452593 0.010064 -6.958033 -23.581287 13.677989 9.044758 -0.886317 -0.213832 -11.989301 7.457505 2.895209 11.069335 3.763314 8.147042 -14.723601 5.810067 -6.007563 17.432688 1.968799 -6.645884
13.960025 -5.307651 7.326840 -4.294677 12.507791 -8.110945 29.276703 -1.624516 -13.367206 -2.158391 -16.960381 0.054865 -7.856713 -24.085739 12.748158 9.887569 -2.858303 1.094867 -11.396824 9.059675 2.909049 10.267898 3.507748 8.581185 -14.294279 6.180513 -6.200614 17.677479 2.335326 -6.757373
14.228561 -5.430887 7.502832 -4.424372 11.981692 -8.232020 29.378159 -0.454020 -13.164666 -2.373509 -15.922921 0.204243 -9.170445 -24.727367 12.438479 10.344940 -3.998514 2.178539 -10.914057 10.339388 2.885957 9.300361 3.047639 9.063872 -13.553351 6.554728 -6.268167 17.888115 2.696753 -7.015912
13.880131 -5.685933 7.645082 -4.735956 11.242671 -8.510536 29.571335 1.073705 -12.984266 -2.953791 -15.196391 0.497693 -11.021194 -24.844013 11.976956 10.413083 -4.295430 2.698034 -10.453446 9.719894 2.847566 8.542279 2.375245 9.681724 -12.922526 6.712941 -6.302735 18.197737 3.089540 -7.512853
13.653318 -6.341653 7.942584 -4.735440 10.283136 -8.742251 30.215393 2.292997 -12.809735 -3.402198 -14.896341 0.609095 -12.673646 -24.437805 11.722013 9.648288 -3.613853 2.513764 -10.249798 7.512558 2.526626 7.938030 1.563282 9.942150 -12.473897 6.667941 -6.136054 18.890915 3.485774 -7.443335
13.351634 -7.064357 7.780354 -5.243490 9.602898 -8.727150 30.567791 2.927751 -12.625649 -3.690451 -14.682489 0.679791 -14.333016 -24.267252 11.402475 9.119713 -3.739038 2.827968 -10.032800 6.157249 2.122450 7.373098 0.620753 10.032279 -12.369817 6.660290 -5.684092 19.299816 3.808689 -7.118731
12.896134 -7.508250 7.113088 -5.962305 9.190252 -8.647114 30.317295 2.975023 -12.492601 -3.941039 -14.454121 0.761306 -15.448977 -24.133841 11.208983 8.816248 -3.762883 3.006525 -9.807385 5.422178 1.921051 6.842700 0.192567 10.082854 -12.537506 6.780574 -5.341199 19.329388 4.052472 -6.401641
12.702371 -7.761183 6.703175 -6.379261 8.972191 -8.588718 30.135715 2.941995 -12.440777 -4.042096 -14.633698 0.880857 -15.915700 -23.981293 11.031330 8.690400 -3.531788 3.020146 -9.707353 5.017149 1.803575 6.614155 -0.046782 10.067273 -12.715178 6.762360 -5.104095 19.269653 4.131246 -6.028327
12.680824 -7.778640 6.662501 -6.415329 8.959552 -8.581556 30.118563 2.938203 -12.440784 -4.051332 -14.664345 0.903079 -15.946846 -23.956448 11.013204 8.694538 -3.505928 3.008812 -9.697776 4.973654 1.784388 6.608562 -0.061286 10.050535 -12.736021 6.759374 -5.089657 19.273373 4.134611 -5.989238
12.706997 -7.680969 6.800295 -6.294023 9.030380 -8.608624 30.163704 2.945462 -12.456996 -4.026714 -14.575986 0.847710 -15.770535 -24.068748 11.039582 8.801338 -3.640589 3.037286 -9.741036 5.192049 1.826077 6.701570 0.034059 10.043759 -12.671418 6.783031 -5.175866 19.270874 4.103573 -6.091702
12.771858 -7.468910 7.010134 -6.068147 9.216408 -8.672417 30.211075 2.942072 -12.491267 -3.963821 -14.527002 0.850717 -15.424805 -23.973410 11.209246 8.882690 -3.672513 2.858105 -9.770444 5.344677 1.880368 6.834610 0.173052 10.004835 -12.589408 6.790898 -5.343737 19.302889 4.042994 -6.322549
12.923018 -7.214574 7.362715 -5.704707 9.452922 -8.708756 30.324127 2.899337 -12.559592 -3.858631 -14.583095 0.884757 -14.927962 -23.876217 11.376019 9.105362 -3.665714 2.662722 -9.829851 5.743706 1.893047 7.135162 0.329714 9.870789 -12.551644 6.714977 -5.523217 19.354176 3.907724 -6.624222
12.997322 -6.922428 7.607325 -5.293562 9.779412 -8.688656 30.276615 2.615433 -12.692329 -3.729727 -14.771870 0.823188 -14.001822 -23.885443 11.500924 9.386419 -3.539821 2.360829 -9.974158 6.400917 1.994215 7.528748 0.665419 9.656238 -12.557468 6.651307 -5.824064 19.278954 3.702941 -6.960047
13.127533 -6.676290 7.787102 -5.077618 10.142018 -8.523646 30.182590 2.005201 -12.748862 -3.553612 -15.139078 0.949187 -13.052575 -23.714085 11.711568 9.760948 -3.218122 1.895970 -10.072562 6.955171 2.222475 8.020443 1.312797 9.537137 -12.621881 6.612855 -6.159451 19.121435 3.455704 -7.248597
13.607758 -6.482565 7.719365 -5.258948 10.570514 -8.387774 30.031828 1.026147 -12.627721 -3.234437 -15.410120 0.966358 -11.971499 -23.755531 11.927453 10.289613 -3.070871 1.710577 -10.192613 8.043033 2.405537 8.426167 1.780988 9.262867 -12.885075 6.591122 -6.340177 18.763504 3.186732 -7.365549
18.776209 1.259558 5.371435 -11.335573 9.698527 -6.604990 25.644964 -1.750439 -13.669499 -14.412466 -17.228014 -1.549199 -7.681065 -23.681015 11.071777 12.899771 3.691141 5.804910 -5.791692 4.058434 4.143351 0.319910 3.006340 8.238413 -16.442240 10.457795 -6.120965 16.746861 4.496667 -4.731178
18.645512 1.410008 4.576925 -12.064032 10.338633 -6.742367 25.165213 -3.069179 -13.366666 -14.036589 -17.679794 -1.380133 -6.589634 -23.679276 11.095698 13.406153 3.660610 5.280606 -5.934771 4.724050 4.284600 1.052942 3.605642 7.820944 -16.799862 10.245887 -6.115129 16.671589 4.227986 -4.543025
18.131199 1.397053 3.700541 -12.613630 10.837719 -6.873884 24.821108 -4.413459 -13.382898 -13.809290 -18.035412 -1.266517 -5.709171 -23.293129 11.448941 13.525707 4.416062 3.786515 -6.275425 4.229323 4.250155 1.916400 3.892956 7.194691 -17.163895 9.981456 -5.922263 16.626928 3.993527 -4.161438
12.905808 -3.900396 5.638219 -7.996019 15.495267 -5.736944 21.675774 -2.813855 -8.799623 -10.312161 -17.981771 4.401251 -5.808280 -23.857500 14.146823 7.840419 3.501745 0.838609 -11.114053 3.368709 5.276479 -0.275933 4.526222 6.912424 -19.403488 5.660863 -7.628872 16.566101 1.969777 -3.016986
11.686302 -4.268879 4.492028 -8.045653 16.532314 -4.547105 20.799101 -4.070419 -9.347507 -10.409285 -18.483856 4.931409 -5.598777 -22.535191 14.612366 7.755083 6.180441 -1.560725 -11.272179 2.046292 5.396539 0.222669 4.876228 6.324400 -20.412544 5.193163 -7.296532 16.476267 1.869459 -1.920149
10.937529 -4.473521 2.837639 -8.067294 17.351212 -3.685223 20.111633 -5.069246 -10.360353 -10.595874 -19.344957 5.310110 -5.272657 -21.550924 14.786619 7.754526 7.979436 -2.495362 -10.975396 2.106242 5.411786 0.963868 4.959859 5.855071 -21.140852 4.876141 -6.896035 16.283493 1.754863 -1.038648
9.925086 -4.822806 1.294695 -8.111767 17.940731 -2.979478 19.447081 -5.846636 -11.240687 -10.914104 -20.351360 5.702402 -4.718156 -20.449179 15.077502 7.825916 9.805931 -3.341257 -10.669178 2.572994 5.332211 1.596024 4.959797 5.366528 -21.879566 4.534114 -6.344914 16.149490 1.645383 0.037166
8.664993 -4.781363 -0.056992 -8.110514 18.687712 -2.693958 18.618412 -6.103516 -12.194550 -10.995271 -21.015936 6.427483 -4.925049 -19.174274 15.457192 8.106197 10.912458 -3.883399 -10.147736 3.014206 5.159544 2.217801 4.920924 4.930667 -22.553692 4.187867 -5.796066 16.074890 1.536217 1.078890
7.139809 -4.441378 -1.208557 -8.553411 19.446474 -3.478732 18.108799 -6.606468 -12.695575 -10.845749 -21.792522 7.190550 -5.185689 -17.979197 15.419796 8.543040 11.373180 -4.282859 -9.657637 3.312271 5.033485 2.702956 4.754768 4.733922 -23.150818 3.882904 -5.271334 15.912560 1.459194 1.782395
5.944948 -4.189478 -2.033893 -9.245486 19.965183 -4.239898 17.593254 -7.271349 -12.712499 -10.897557 -22.481468 7.899567 -5.625080 -16.917648 15.451363 8.718966 11.660963 -4.545996 -9.247107 3.424207 4.794429 2.955512 4.448278 4.531317 -23.582979 3.595327 -4.737396 15.925179 1.448401 2.551483
5.054829 -4.198618 -2.398683 -9.804878 20.112751 -4.722373 17.174549 -7.680491 -12.625968 -11.042789 -23.265800 8.402637 -6.015500 -16.110584 15.164945 8.716695 11.953139 -4.600729 -8.915666 3.421795 4.631486 3.151807 4.191071 4.268743 -23.858776 3.436881 -4.334878 15.932003 1.462289 2.975214
4.378122 -4.330918 -2.442113 -10.021185 20.140247 -5.045981 17.025570 -8.152065 -12.548877 -11.173431 -23.858044 8.832462 -6.450624 -15.539855 14.851755 8.647341 12.177254 -4.592127 -8.628856 3.273167 4.476647 3.281959 4.030593 4.140203 -24.006844 3.334238 -4.162997 15.916184 1.421311 3.031245
3.989558 -4.490509 -2.437641 -10.165828 20.069679 -5.229920 16.950624 -8.371292 -12.472955 -11.306536 -24.115696 9.087977 -6.723620 -15.259327 14.692476 8.643600 12.292685 -4.642068 -8.453607 3.181908 4.309658 3.349648 3.897314 4.042355 -24.155739 3.230515 -3.991082 15.914242 1.394698 3.185816
