-0.245833 -7.442031 2.766178 -6.702979 12.359277 -6.570898 19.423626 6.458411 -13.447428 -17.475189 -8.766232 -7.603800 -18.162918 -5.174485 9.277248 8.272791 3.459565 -0.892957 -21.997507 -0.360444 5.043038 -8.362832 -0.696109 3.390126 -17.582182 7.099124 -12.088863 16.935425 4.873280 -1.729468
-0.321450 -7.476540 2.752238 -6.671840 12.350310 -6.581693 19.438183 6.426712 -13.479525 -17.485783 -8.764389 -7.625401 -18.079922 -5.183818 9.302629 8.293267 3.512941 -0.969353 -22.039328 -0.383484 5.046335 -8.311270 -0.649418 3.342701 -17.640194 7.079294 -12.064965 16.936371 4.867619 -1.618463
-0.452733 -7.520048 2.721405 -6.620509 12.362811 -6.577813 19.472044 6.421348 -13.563012 -17.499784 -8.749161 -7.645349 -17.976444 -5.185475 9.347696 8.346896 3.571692 -1.081643 -22.075569 -0.385423 5.063957 -8.332708 -0.647458 3.280663 -17.616276 7.109596 -12.124804 16.929825 4.874597 -1.590804
-0.731343 -7.584424 2.632848 -6.499369 12.393422 -6.561466 19.531458 6.406517 -13.737605 -17.521278 -8.698427 -7.689951 -17.807190 -5.204320 9.415535 8.448592 3.671937 -1.279197 -22.161074 -0.406933 5.099566 -8.323249 -0.592839 3.164540 -17.630777 7.140224 -12.227998 16.913666 4.865682 -1.491487
-0.895067 -7.673339 2.543853 -6.416573 12.439336 -6.584995 19.538212 6.479013 -13.863880 -17.570724 -8.682220 -7.705737 -17.573162 -5.199644 9.493422 8.585476 3.805059 -1.540993 -22.215874 -0.370649 5.090635 -8.352262 -0.620789 3.132766 -17.603453 7.173812 -12.307067 16.887264 4.838114 -1.504316
-1.192935 -7.768157 2.393345 -6.340521 12.544711 -6.595285 19.581387 6.502642 -14.066533 -17.597269 -8.604101 -7.753484 -17.289125 -5.209634 9.622044 8.782967 3.996817 -1.879908 -22.364878 -0.358459 5.147861 -8.336526 -0.539732 3.039154 -17.570107 7.221848 -12.454638 16.870895 4.798476 -1.429199
-1.567769 -7.904311 2.203387 -6.190624 12.632728 -6.549003 19.650785 6.569172 -14.341980 -17.647865 -8.239054 -7.841017 -17.032650 -5.366413 9.637053 9.256099 4.015357 -2.436234 -22.483656 -0.408917 5.278230 -8.332561 -0.486984 3.009170 -17.409544 7.302067 -12.619847 16.862442 4.766135 -1.429814
-2.375558 -8.157591 2.274340 -5.787880 12.417122 -6.317908 19.849745 7.029815 -14.790637 -18.027136 -7.468082 -7.958938 -17.278040 -5.652245 9.345458 10.170441 3.559227 -2.923240 -22.424133 -0.647051 5.563198 -8.453990 -0.525765 3.148052 -16.958523 7.487543 -12.861320 16.851154 4.750950 -1.638124
-3.183333 -8.412028 2.167240 -5.410424 12.296418 -6.067810 20.063099 7.248473 -15.290519 -18.285320 -6.894368 -8.025098 -17.478104 -5.865842 9.135018 10.917604 3.382057 -3.354789 -22.258942 -0.666594 5.899744 -8.504835 -0.569695 3.387165 -16.424957 7.684077 -13.058766 16.856007 4.707457 -1.921159
-3.916527 -8.798772 2.123319 -5.051669 12.165237 -5.802027 20.261749 7.539549 -15.673105 -18.532597 -6.174001 -8.111486 -17.498442 -6.185987 8.982862 11.709352 3.163680 -3.938783 -22.324785 -0.745900 6.119582 -8.607261 -0.648185 3.642323 -16.104395 7.863924 -13.188030 16.767300 4.714301 -2.145161
-4.655143 -9.190028 1.909582 -4.802431 12.081531 -5.531967 20.481586 7.545986 -16.104889 -18.753630 -5.801385 -8.088594 -18.027069 -6.325884 8.745049 12.067139 2.889349 -3.984449 -22.120428 -0.937021 6.419335 -8.664778 -0.580669 3.638974 -15.909153 8.023406 -13.504264 16.670280 4.732803 -2.323207
-5.046051 -9.325790 1.591854 -4.671021 12.070266 -5.283822 20.477472 7.679496 -16.372017 -18.876944 -5.552498 -8.138354 -17.657402 -6.566172 8.817865 12.179862 3.021589 -4.648454 -22.371716 -1.191095 6.574073 -8.752851 -0.670174 3.683710 -15.771520 8.071090 -13.719610 16.560915 4.717174 -2.453138
-5.265109 -9.281914 1.296204 -4.610556 12.133476 -5.166467 20.386059 8.009815 -16.628498 -18.995260 -5.276381 -8.139337 -17.570049 -6.886496 8.658575 12.306318 2.850119 -5.168297 -22.651911 -1.590543 6.717098 -8.887643 -0.847450 3.746065 -15.632272 8.108560 -13.929295 16.420115 4.711290 -2.659845
-5.160265 -8.977472 0.941225 -4.557716 12.442138 -5.198715 20.124802 8.398249 -16.795015 -18.936789 -5.007536 -8.141609 -17.677925 -7.148446 8.396060 12.381338 2.562246 -5.488439 -22.762266 -2.018006 6.728697 -8.965459 -0.912751 3.621195 -15.617158 8.160957 -14.179327 16.288742 4.665516 -2.724774
-4.994258 -8.623871 0.521142 -4.700300 12.676927 -5.098559 19.783829 8.885836 -16.896748 -18.912325 -4.894948 -8.108183 -17.789274 -7.308071 8.091608 12.412787 2.170523 -5.683600 -22.863333 -2.435191 6.615735 -9.107108 -1.090648 3.668386 -15.587548 8.204688 -14.274944 16.147594 4.628149 -2.821436
-4.723865 -8.273859 0.246483 -4.709719 12.937325 -5.105706 19.427916 9.353522 -16.965771 -18.886835 -4.711919 -8.189582 -17.758364 -7.477627 7.901324 12.492035 1.977811 -5.997279 -23.012083 -2.882292 6.541537 -9.206456 -1.247308 3.653972 -15.569324 8.244687 -14.439771 15.987310 4.558505 -2.907740
-4.544186 -8.045518 0.027297 -4.772496 13.079904 -5.119150 19.215080 9.645697 -17.039261 -18.908625 -4.559630 -8.282163 -17.667027 -7.630156 7.822756 12.510384 1.887523 -6.301120 -23.192570 -3.293357 6.483297 -9.264815 -1.366303 3.663094 -15.601259 8.215063 -14.539586 15.873906 4.490026 -3.005347
-4.447466 -7.839092 -0.084355 -4.842196 13.186399 -5.146316 19.055733 9.877787 -17.098091 -18.967377 -4.527395 -8.300171 -17.678616 -7.714750 7.739036 12.433393 1.791430 -6.414900 -23.276522 -3.553787 6.473442 -9.399753 -1.576994 3.818142 -15.520619 8.235414 -14.582156 15.778459 4.491431 -3.246014
-4.301486 -7.686821 -0.122821 -4.847146 13.268674 -5.171502 18.908146 10.134190 -17.106129 -18.997435 -4.506077 -8.292224 -17.729406 -7.777706 7.670730 12.361356 1.723677 -6.452260 -23.330889 -3.690126 6.477601 -9.471281 -1.675762 3.876983 -15.481298 8.254280 -14.621849 15.736053 4.498127 -3.367530
-4.238523 -7.614656 -0.158150 -4.855410 13.328256 -5.208792 18.854683 10.188571 -17.116100 -18.987707 -4.511661 -8.291183 -17.753834 -7.779297 7.655652 12.326533 1.712718 -6.444640 -23.339663 -3.728371 6.444293 -9.468410 -1.667577 3.824804 -15.518240 8.246669 -14.652621 15.724603 4.477746 -3.316870
-4.099985 -7.741950 0.269405 -4.847286 13.081393 -5.196243 18.835316 10.451263 -16.881191 -19.174742 -4.417977 -8.268140 -18.252319 -7.813020 7.405584 12.350730 1.310203 -6.034917 -23.202223 -3.837385 6.400280 -9.540323 -1.922190 4.151229 -15.364999 8.231600 -14.504044 15.710520 4.442349 -3.602433
-3.283155 -7.994762 1.941174 -4.912312 12.063330 -5.270355 18.799433 11.313168 -15.898322 -19.781450 -3.887741 -8.409410 -19.709528 -8.036876 6.657738 12.484105 0.058960 -4.907584 -23.074793 -4.483901 6.264637 -9.829141 -2.542788 4.974849 -14.995396 8.351678 -14.080702 15.699999 4.532498 -4.360255
-2.221318 -7.948966 3.906443 -4.763092 10.968974 -5.828785 18.838297 12.696295 -14.881656 -20.415747 -2.963523 -8.665862 -21.531273 -8.658229 5.812582 12.463395 -1.600788 -3.458600 -22.875219 -5.242339 6.223887 -10.309049 -3.525193 6.312377 -14.423596 8.462504 -13.357641 15.732760 4.807156 -5.741572
0.252948 -7.095593 5.954784 -5.674156 10.556964 -6.298368 18.434614 14.533248 -13.277189 -20.742041 -1.798673 -9.072868 -23.217178 -9.566244 5.147776 11.658545 -3.199695 -1.983535 -22.839464 -6.222461 6.532860 -11.072228 -4.841709 7.822668 -13.685598 8.657013 -12.643138 15.630857 5.371896 -7.432533
2.874288 -6.622897 7.727603 -6.343291 9.707978 -6.450797 18.040737 15.488746 -11.294404 -20.952555 -0.424164 -9.248166 -26.235680 -10.850459 4.099319 10.562513 -4.680614 -0.081979 -22.912592 -7.285514 6.306669 -11.883570 -6.443888 9.266795 -13.460753 8.849758 -11.736514 15.041488 5.748502 -8.302306
4.539057 -9.037696 10.213713 -7.223464 9.187297 -4.247006 16.917854 16.617083 -7.802847 -21.090307 -0.487419 -8.255652 -29.667271 -10.682935 2.818004 10.941308 -6.117443 2.069021 -20.868753 -6.672191 5.056043 -13.003825 -9.069418 10.601290 -13.610229 8.783579 -9.704056 14.765388 6.130170 -7.448596
7.894660 -11.546179 9.680902 -11.007069 7.608825 0.430832 15.521510 16.438011 -5.434861 -21.936056 -0.987550 -6.243860 -33.567375 -10.904633 2.681064 9.789504 -5.473088 4.856160 -17.644815 -3.456731 4.286693 -13.419628 -10.937590 11.572141 -14.566008 8.190642 -6.612494 15.064393 7.004929 -5.423464
8.643781 -15.204075 9.693739 -13.643618 7.805780 6.650901 13.059612 14.758835 -2.895105 -22.092070 -2.143997 -3.506985 -36.489304 -12.613078 3.783183 5.956545 -3.661136 6.959110 -14.735713 0.300623 5.483860 -13.145801 -11.119604 10.588350 -15.898442 7.188711 -4.709823 15.649964 8.563014 -2.512502
9.247133 -15.652375 12.018380 -15.372739 7.439121 6.984738 13.077051 10.667353 0.441569 -20.486174 -3.622221 -1.766783 -36.235577 -12.910883 6.712598 3.119573 1.254547 7.102000 -12.969260 4.718719 5.588151 -12.009707 -11.094348 9.362369 -18.306953 6.364408 -3.510769 14.900645 8.707579 1.201051
7.389234 -16.908091 13.784163 -14.284140 8.421733 4.133884 14.195435 4.761977 2.707667 -17.470228 -5.011169 -0.221208 -36.984360 -10.762002 8.459566 2.410958 5.871294 8.308699 -10.192842 9.625851 4.684488 -10.214322 -10.470877 9.549315 -20.424492 5.614767 -1.988396 14.390207 7.543986 5.273493
5.131428 -16.283079 13.223117 -14.952993 10.464623 4.379037 13.216441 1.972881 2.880963 -16.226816 -5.514579 0.520583 -37.235374 -9.833992 10.214844 1.629691 9.062760 8.594632 -8.571704 12.647318 4.380677 -8.833755 -9.870316 9.211715 -21.859768 4.623013 -1.802833 14.042398 6.475981 7.407981
2.728134 -17.546150 10.177593 -15.067107 12.009130 4.343080 12.365573 0.421222 1.679517 -16.244560 -7.287688 1.325925 -34.535881 -9.122672 12.594323 1.062811 11.867918 6.234291 -8.733861 14.206577 4.043620 -7.641852 -9.261852 8.385861 -22.617569 3.621812 -2.416953 13.697812 5.328459 8.374737
-0.633372 -19.053896 7.509494 -14.379978 13.497874 4.311615 11.616296 -0.770994 0.553570 -15.745501 -9.635118 1.835363 -31.887846 -6.317008 14.821376 1.276900 15.828234 2.474697 -8.668565 13.305947 4.052295 -6.033943 -7.827107 7.389390 -23.912842 2.749046 -3.032068 13.317638 4.418637 9.216129
-1.609689 -20.106226 4.610754 -14.136631 14.807590 5.004281 10.561501 -2.247734 -0.469020 -15.404928 -10.300802 2.631983 -29.957497 -5.625428 16.129856 1.758560 17.100229 0.031693 -9.178473 13.642608 4.254569 -4.789222 -6.672686 6.388237 -24.749645 2.027704 -3.706398 13.275873 3.804127 9.985799
-1.651378 -21.316225 2.339784 -13.097586 15.797908 6.042546 9.832003 -3.031911 -1.711322 -15.006386 -11.258041 3.335334 -27.810604 -5.349421 17.062374 1.907341 17.887600 -2.205644 -10.009918 14.052647 4.418130 -3.660913 -5.714230 5.553216 -25.210499 1.523653 -4.269996 13.094498 3.283042 10.354501
-1.573341 -21.917643 1.424806 -11.622211 16.397272 6.416101 10.031931 -3.669304 -2.741807 -14.334949 -12.402626 3.472782 -25.867451 -5.578892 17.531525 1.360647 18.532495 -3.347003 -10.810760 14.586233 4.667166 -2.963494 -5.108403 4.922228 -25.271397 1.358409 -4.592012 12.915031 3.062674 10.472364
-2.039636 -21.796659 1.271382 -10.508322 17.372154 6.351940 10.130556 -4.595071 -3.074340 -13.522770 -13.458052 3.498329 -24.322300 -5.687858 17.731674 0.933200 19.011946 -4.077872 -11.272755 14.969137 4.980577 -2.646806 -4.418735 4.282534 -25.230515 1.316472 -4.916167 13.057648 3.011631 10.727771
-2.148225 -21.188562 1.087312 -10.040264 17.924114 6.148931 10.358192 -5.201424 -3.603369 -13.118747 -14.014870 3.410496 -23.315348 -5.790781 17.726246 1.117404 19.145697 -4.747232 -11.440582 15.141275 5.452298 -2.349811 -3.808726 3.668400 -25.195942 1.229861 -5.217362 13.192598 3.004444 10.944257
-2.083873 -20.919006 1.113271 -9.703032 18.319275 6.190111 10.480025 -5.506751 -3.860235 -12.779730 -14.381317 3.292845 -22.724472 -5.843539 17.622702 1.168288 19.135311 -5.064605 -11.581590 15.174189 5.748063 -2.145442 -3.419620 3.281142 -25.248188 1.180257 -5.376264 13.276306 3.013614 11.041165
-1.997906 -20.854727 1.107596 -9.548374 18.463608 6.232695 10.527601 -5.605738 -3.944198 -12.646140 -14.466360 3.199486 -22.438194 -5.932685 17.615723 1.205313 19.059198 -5.173327 -11.670033 15.171617 5.860809 -2.090484 -3.327888 3.159524 -25.290401 1.170258 -5.446487 13.263764 3.013038 11.051491
-1.992333 -20.840502 1.087015 -9.520095 18.485199 6.249501 10.526888 -5.622790 -3.990319 -12.636721 -14.453129 3.180681 -22.435568 -5.962771 17.612659 1.175219 19.058647 -5.173500 -11.682689 15.160232 5.903583 -2.086214 -3.316357 3.142303 -25.285461 1.166708 -5.456932 13.259593 3.024121 11.056251
-1.924105 -20.796066 1.031782 -9.447538 18.479855 6.283926 10.537622 -5.515666 -4.113944 -12.619228 -14.435003 3.119554 -22.389029 -6.009887 17.611399 1.131448 19.025606 -5.169780 -11.710384 15.095606 5.986917 -2.088476 -3.258794 3.126702 -25.259871 1.176539 -5.503085 13.260477 3.038446 11.041925
-1.827120 -20.697660 0.984518 -9.351042 18.455782 6.327887 10.564002 -5.363226 -4.318033 -12.611262 -14.341291 2.942053 -22.306467 -6.106143 17.629219 1.063543 18.960466 -5.165552 -11.790141 14.896106 6.106211 -2.106785 -3.214398 3.014497 -25.222157 1.167326 -5.575169 13.288330 3.071292 11.050634
-1.672955 -20.626265 0.960503 -9.201755 18.404888 6.390583 10.683262 -5.232155 -4.522532 -12.577333 -14.289883 2.752800 -22.226191 -6.183895 17.645210 0.943958 18.992249 -5.167069 -11.850755 14.761379 6.234376 -2.156763 -3.143722 2.933451 -25.150635 1.191045 -5.687010 13.315344 3.105980 11.004078
-1.453221 -20.535013 1.025895 -8.964098 18.418781 6.479904 10.817348 -5.135911 -4.667086 -12.531271 -14.162327 2.545858 -22.017723 -6.399577 17.687441 0.809606 18.941086 -5.227338 -11.993349 14.652050 6.429692 -2.221979 -3.026890 2.756230 -25.017870 1.216955 -5.877467 13.392720 3.163223 10.948406
-1.090773 -20.579357 0.838697 -8.833984 18.475132 6.659969 10.854209 -5.051589 -4.799553 -12.395163 -14.057479 2.353133 -21.728369 -6.608310 17.728365 0.740612 18.901133 -5.394055 -12.155652 14.555799 6.562685 -2.251062 -2.883127 2.640034 -24.945843 1.243765 -6.004821 13.461761 3.207965 10.952583
-0.632985 -20.599871 0.760833 -8.679231 18.406773 6.877097 11.053268 -4.861707 -4.958488 -12.212140 -14.026816 2.242649 -21.419956 -6.838189 17.817841 0.598256 18.929045 -5.592283 -12.316506 14.576519 6.713467 -2.410869 -2.791289 2.505357 -24.826384 1.328714 -6.247936 13.500074 3.289733 10.895673
-0.149985 -20.484159 0.829865 -8.432878 18.412285 7.179735 11.188934 -4.746006 -5.145796 -12.092434 -13.769530 2.020715 -21.097639 -7.294212 17.856876 0.540704 18.671286 -5.593552 -12.545143 14.517226 6.888967 -2.493538 -2.592070 2.294169 -24.737667 1.382090 -6.525081 13.558466 3.337696 10.883510
0.199281 -20.409487 1.030028 -7.989134 18.430796 7.296741 11.420460 -4.502491 -5.246497 -11.988571 -13.560572 1.869084 -20.816448 -7.786886 17.889748 0.436018 18.628433 -5.674538 -12.762801 14.528128 6.990140 -2.728999 -2.612076 2.191320 -24.527176 1.475468 -6.811769 13.610079 3.408023 10.738952
0.395129 -20.314550 1.264952 -7.565162 18.448193 7.368772 11.571316 -4.320410 -5.401968 -11.984915 -13.345719 1.810853 -20.574295 -8.270600 17.885542 0.508254 18.381571 -5.791892 -12.927474 14.620047 7.068114 -2.915488 -2.587348 1.995223 -24.374769 1.542992 -7.092273 13.672876 3.446255 10.720592
0.658453 -20.126677 1.548971 -7.134768 18.364214 7.445810 11.754734 -4.073359 -5.650794 -12.035922 -13.024110 1.732739 -20.405006 -8.766686 17.855511 0.660506 18.005587 -5.836979 -13.072878 14.677672 7.137478 -3.102165 -2.453282 1.951644 -24.239359 1.696905 -7.396298 13.689907 3.498734 10.691262
0.959013 -19.960730 1.752335 -6.711688 18.374365 7.568103 11.944244 -3.795596 -5.802872 -12.070377 -12.590152 1.595490 -20.291458 -9.238282 17.828585 0.869972 17.635258 -5.808772 -13.207283 14.793451 7.194018 -3.313253 -2.352112 1.946978 -24.043266 1.821238 -7.695013 13.757340 3.531799 10.590651
1.302180 -19.901937 1.882448 -6.405420 18.484217 7.601131 12.100239 -3.603884 -5.697505 -12.017668 -12.095775 1.370341 -20.247259 -9.724666 17.823063 0.992374 17.467192 -5.830678 -13.326066 15.018925 7.283709 -3.531096 -2.240338 2.013731 -23.914993 1.984150 -7.951580 13.781717 3.590920 10.545921
1.827859 -19.779272 2.027956 -6.046731 18.578289 7.697348 12.220941 -3.292735 -5.659602 -11.989347 -11.510078 1.080259 -20.318794 -10.266509 17.765499 1.038184 17.255953 -5.815766 -13.446588 15.077490 7.342955 -3.747502 -2.222607 1.999930 -23.807468 2.092149 -8.198232 13.803890 3.609273 10.476643
2.498644 -19.588573 2.299735 -5.767202 18.678337 7.829265 12.327041 -3.055831 -5.541538 -11.926176 -11.020145 0.886955 -20.407558 -10.642407 17.771236 1.183616 17.236399 -5.873979 -13.490167 15.178509 7.341251 -4.047787 -2.328787 1.999140 -23.689796 2.217181 -8.398308 13.824519 3.646128 10.400192
2.877953 -19.508905 2.536296 -5.651030 18.642300 7.926329 12.452495 -2.924320 -5.427464 -11.904429 -10.555164 0.642226 -20.633505 -11.021422 17.674068 1.161959 17.123945 -5.769350 -13.546576 15.102950 7.345050 -4.258842 -2.389863 2.050679 -23.581863 2.303515 -8.535435 13.831623 3.683013 10.301259
3.209149 -19.405958 2.719316 -5.595515 18.591021 7.979415 12.527519 -2.699405 -5.355064 -11.942687 -10.249750 0.416552 -20.805168 -11.281903 17.610786 1.083494 17.061861 -5.624295 -13.589343 14.997154 7.363346 -4.472644 -2.503992 2.103266 -23.473888 2.381182 -8.640523 13.820352 3.734197 10.189266
3.301010 -19.341955 2.897160 -5.578578 18.492052 7.967632 12.639747 -2.618377 -5.285207 -11.997503 -10.045591 0.280180 -20.949150 -11.424709 17.558620 1.044887 16.997786 -5.506072 -13.614713 14.895514 7.353052 -4.648216 -2.633378 2.135567 -23.375792 2.446562 -8.725023 13.804379 3.762900 10.119406
3.408847 -19.312243 3.031687 -5.574739 18.412184 7.934702 12.681561 -2.484237 -5.206656 -12.040412 -9.884306 0.121685 -21.086655 -11.589078 17.473415 0.941442 16.875664 -5.317410 -13.651004 14.713778 7.351576 -4.728726 -2.694293 2.132524 -23.324385 2.468454 -8.764781 13.806713 3.781915 10.080902
3.439256 -19.287647 3.077741 -5.570601 18.386032 7.921481 12.687727 -2.418051 -5.197718 -12.064472 -9.813751 0.071974 -21.146542 -11.641064 17.458221 0.905089 16.867159 -5.267015 -13.657726 14.662929 7.351291 -4.769911 -2.720268 2.148686 -23.300354 2.482231 -8.777690 13.806400 3.790608 10.063150
3.420469 -19.281637 3.104727 -5.545568 18.390190 7.915565 12.713987 -2.443050 -5.190024 -12.051538 -9.811023 0.073524 -21.140102 -11.646361 17.458958 0.913841 16.868372 -5.283195 -13.658104 14.674782 7.355945 -4.754711 -2.717682 2.142297 -23.308563 2.480383 -8.771207 13.801121 3.788917 10.071094
3.405450 -19.254530 3.172683 -5.510860 18.385363 7.894194 12.773039 -2.485518 -5.162206 -12.046040 -9.772104 0.064871 -21.116537 -11.692310 17.451609 0.954046 16.861629 -5.339299 -13.668263 14.724416 7.359520 -4.762111 -2.734651 2.124595 -23.294796 2.485745 -8.791648 13.797272 3.785525 10.078115
3.387320 -19.188169 3.296984 -5.415453 18.379482 7.851238 12.870001 -2.509981 -5.155346 -12.039835 -9.722951 0.039181 -21.124107 -11.749175 17.448515 0.949444 16.848171 -5.342815 -13.676825 14.721033 7.384337 -4.769867 -2.732296 2.114236 -23.288519 2.500552 -8.815150 13.788341 3.794348 10.081987
3.412364 -19.110506 3.479585 -5.306259 18.354809 7.834904 12.968461 -2.514386 -5.138059 -12.011625 -9.637680 0.007184 -21.124043 -11.837534 17.451149 0.985680 16.818789 -5.358328 -13.684379 14.748186 7.406424 -4.792697 -2.753944 2.106368 -23.271049 2.524144 -8.845888 13.771967 3.801756 10.073185
3.509601 -19.015707 3.729069 -5.159243 18.299786 7.859065 13.063477 -2.450235 -5.126945 -11.929358 -9.541260 -0.020960 -21.046406 -11.976417 17.486074 1.053934 16.802382 -5.456887 -13.713352 14.839743 7.428251 -4.870590 -2.815644 2.127819 -23.225349 2.579318 -8.900847 13.744257 3.818072 10.039175
3.593465 -18.974922 3.922894 -5.068313 18.229149 7.861669 13.163626 -2.450810 -5.076757 -11.882579 -9.449942 -0.028229 -21.049294 -12.065514 17.504946 1.108241 16.794899 -5.538171 -13.716731 14.915380 7.442372 -4.928434 -2.877009 2.140513 -23.187695 2.622068 -8.952740 13.718424 3.824954 10.001764
3.614929 -18.943659 4.168265 -4.969584 18.157490 7.830597 13.318213 -2.574955 -4.989251 -11.807642 -9.320400 -0.078452 -21.074194 -12.217830 17.457432 1.125641 16.702238 -5.572127 -13.756963 14.951921 7.457268 -4.930527 -2.889802 2.113057 -23.188967 2.637653 -8.986943 13.706479 3.818445 10.004122
3.663573 -18.896856 4.377781 -4.913366 18.111601 7.788211 13.436862 -2.588170 -4.911017 -11.725819 -9.265501 -0.103329 -21.009705 -12.339036 17.438843 1.146985 16.644432 -5.614433 -13.809901 15.003360 7.521011 -4.902136 -2.844252 2.129400 -23.162010 2.666718 -9.044510 13.686778 3.808786 9.947966
3.794873 -18.820982 4.470150 -4.901144 18.104321 7.710914 13.587551 -2.533472 -4.838538 -11.615029 -9.174055 -0.185419 -20.953503 -12.477070 17.441914 1.142320 16.690754 -5.683644 -13.858078 15.044962 7.580638 -4.954761 -2.888565 2.192336 -23.080038 2.702816 -9.105537 13.668337 3.814379 9.819204
3.773918 -18.785318 4.552464 -4.926131 18.051792 7.584533 13.787163 -2.503975 -4.725798 -11.479795 -9.047896 -0.272751 -20.948555 -12.651212 17.383692 1.114756 16.567709 -5.640746 -13.924202 15.012127 7.655141 -4.956222 -2.864836 2.290671 -23.004173 2.721902 -9.163248 13.655003 3.804466 9.655905
3.971474 -18.644449 4.777834 -4.977932 17.926077 7.486805 13.928912 -2.292660 -4.639084 -11.286850 -8.833141 -0.359049 -20.864347 -12.918632 17.413763 1.122393 16.375389 -5.656040 -14.004266 15.038401 7.719231 -5.000046 -2.798108 2.493073 -22.905556 2.763880 -9.245792 13.644140 3.796766 9.411738
4.210224 -18.497221 4.968467 -5.030548 17.840729 7.500622 14.022562 -2.142986 -4.639257 -11.093802 -8.665660 -0.500834 -20.823711 -13.142313 17.415115 1.062063 16.156038 -5.516708 -14.095534 14.992304 7.863519 -5.018251 -2.643270 2.686524 -22.700321 2.786006 -9.428154 13.657166 3.770626 9.061761
4.716413 -18.222813 5.030714 -5.011418 17.856922 7.574070 14.025309 -2.042483 -4.724707 -10.834086 -8.378616 -0.761420 -20.702080 -13.513398 17.414631 1.043844 15.816981 -5.309096 -14.226928 15.026382 7.978920 -5.036963 -2.542624 2.861702 -22.525433 2.794642 -9.573703 13.659084 3.743355 8.747154
5.363184 -17.909803 5.279369 -4.938848 17.853306 7.652768 14.020018 -1.747624 -4.810050 -10.558390 -8.005124 -1.046375 -20.599789 -13.916910 17.438799 1.029881 15.408977 -5.042831 -14.363225 15.139570 8.086761 -5.110431 -2.426432 3.167228 -22.324535 2.828194 -9.721732 13.659495 3.728976 8.326632
10.349128 -0.389495 1.859553 -14.375032 9.421144 -7.512614 23.445818 -3.665860 -14.692105 -16.560074 -8.091323 -0.482155 -15.049219 -5.884317 14.147004 9.586895 -1.471056 -5.802291 -22.878191 9.615017 2.381676 0.568978 1.843641 4.863445 -17.924255 9.568704 -4.696710 17.997913 4.815478 -0.039052
11.318320 -0.272300 2.093604 -14.220938 9.444461 -7.256022 23.425484 -3.663924 -14.632328 -16.267851 -7.878659 -0.628669 -14.958873 -6.100790 14.158065 9.606255 -2.117198 -5.470978 -23.001036 9.893031 2.492198 0.419290 1.984555 5.140152 -17.600218 9.681451 -5.036036 18.031000 4.809904 -0.719429
12.058223 -0.160813 2.242124 -14.035480 9.401918 -7.111521 23.552774 -3.407834 -14.664483 -16.002661 -7.698876 -0.773777 -14.886213 -6.383503 14.043076 9.707727 -2.943827 -4.926860 -23.045164 10.366055 2.556976 0.334843 1.995552 5.335444 -17.459110 9.762156 -5.149784 18.014517 4.831902 -1.039292
12.263201 0.028310 2.434021 -13.881376 9.379251 -7.144515 23.487421 -2.965463 -14.756877 -15.941111 -7.553438 -0.917473 -14.833285 -6.665982 13.953513 9.738535 -3.689728 -4.356653 -23.093981 10.739971 2.649799 0.185430 2.026277 5.612556 -17.210777 9.875363 -5.364197 18.002460 4.863133 -1.566603
12.597223 0.210876 2.599683 -13.692930 9.499458 -7.163363 23.316376 -2.589946 -14.722761 -15.937050 -7.364003 -1.010860 -14.972020 -6.873188 13.874646 9.714359 -4.159595 -3.908427 -23.067446 10.923948 2.723809 0.139684 2.077235 5.812762 -17.119152 9.921127 -5.459771 17.951664 4.865240 -1.852930
9.807995 -3.646944 4.820615 -9.654135 13.127721 -6.419794 21.341362 -0.254767 -10.609984 -13.475944 -8.715552 -6.356330 -14.054111 -6.159676 10.686585 12.114826 0.361759 -0.880888 -21.210028 9.660538 3.404779 -3.583303 2.991920 6.360744 -19.093281 6.941811 -7.462450 18.128443 3.545243 -1.592522
9.357100 -4.693767 5.476523 -8.398472 13.964226 -6.582846 20.680607 0.842602 -9.565035 -12.732479 -8.523853 -7.251844 -14.100375 -6.164834 10.737878 12.267814 0.797086 -0.129617 -20.853914 9.405374 3.957727 -3.368862 2.873623 6.680665 -18.658030 6.101688 -7.904571 17.949406 3.116816 -1.632126
9.494041 -4.761332 5.642250 -8.024216 14.449044 -5.966949 20.504673 1.251408 -9.513132 -12.667344 -8.324347 -7.464769 -14.353721 -6.545445 10.746147 11.903790 0.824759 0.351576 -20.886284 9.444673 4.245302 -3.676307 2.844839 6.954717 -18.737986 6.033123 -7.985384 17.871819 3.189705 -1.819523
9.748723 -4.590725 6.164969 -7.766598 14.314399 -6.104267 20.641548 1.574665 -9.466722 -12.983427 -8.213958 -7.559914 -14.592876 -6.699448 10.805377 11.585791 0.771186 0.675503 -20.960367 9.333060 4.284267 -3.833540 2.625369 7.186573 -18.687761 6.131297 -7.885213 17.775568 3.283366 -1.979439
9.969431 -4.490394 6.397572 -7.608716 14.182494 -6.069355 20.777699 1.991866 -9.538974 -12.953473 -8.100036 -7.664310 -14.757462 -6.889729 10.835321 11.301763 0.710606 1.026920 -21.016951 9.230256 4.353513 -3.921658 2.452879 7.366283 -18.554871 6.196391 -7.890269 17.677792 3.314857 -2.207709
10.080083 -4.509332 6.573905 -7.499555 13.984435 -6.003303 21.002384 2.460671 -9.612504 -12.883646 -7.969107 -7.799375 -14.945996 -7.090917 10.863691 10.942306 0.760259 1.319136 -21.087372 9.024631 4.393252 -4.001999 2.300144 7.569400 -18.441753 6.216809 -7.802312 17.628819 3.347136 -2.375013
10.204288 -4.520095 6.693678 -7.478037 13.761478 -5.989804 21.231827 2.775687 -9.571324 -12.774401 -7.802844 -7.906631 -15.042099 -7.289648 11.005096 10.609791 0.649728 1.615650 -21.179914 8.853700 4.454598 -4.052241 2.189227 7.771303 -18.347919 6.231274 -7.719119 17.574673 3.370716 -2.564120
10.452806 -4.576632 6.872368 -7.325804 13.537148 -6.056112 21.568417 3.098822 -9.462154 -12.668960 -7.704611 -8.033306 -15.071864 -7.547141 11.060123 10.252512 0.584737 1.891408 -21.294672 8.703843 4.524962 -4.163800 2.141636 7.933841 -18.234329 6.245504 -7.714430 17.589108 3.409563 -2.729314
10.549095 -4.696243 7.026988 -7.213843 13.214152 -6.060412 21.852428 3.450396 -9.417583 -12.630778 -7.600690 -8.168867 -15.166224 -7.855161 11.067515 9.925014 0.341879 2.274188 -21.426279 8.559799 4.581892 -4.283869 2.062783 8.136992 -18.106516 6.267571 -7.621012 17.620131 3.480457 -2.807400
10.622779 -4.834599 7.095832 -7.042315 13.018004 -6.148300 22.179636 3.814118 -9.414784 -12.602946 -7.453822 -8.315078 -15.259467 -8.164891 11.133651 9.644856 0.040456 2.669404 -21.548643 8.532943 4.617345 -4.425745 1.937111 8.320600 -18.008011 6.273503 -7.544227 17.650063 3.556787 -2.868817
10.615524 -5.028610 7.139982 -6.968150 12.821652 -6.208214 22.440033 4.084570 -9.376929 -12.672192 -7.249252 -8.468003 -15.490989 -8.483556 11.082339 9.383465 -0.160818 3.050231 -21.628611 8.448803 4.680717 -4.508656 1.872434 8.507498 -17.907639 6.286812 -7.454959 17.654453 3.622164 -2.928510
10.722205 -5.165761 7.152658 -6.942620 12.674270 -6.349564 22.595867 4.235912 -9.266589 -12.724958 -7.069235 -8.643407 -15.782903 -8.788713 11.039956 9.089645 -0.367804 3.485462 -21.705709 8.310264 4.742033 -4.581138 1.833642 8.637873 -17.847034 6.302200 -7.436268 17.654922 3.667812 -2.988289
10.755175 -5.333343 7.187000 -6.969388 12.437179 -6.375257 22.785469 4.464317 -9.228425 -12.750547 -6.908012 -8.760694 -16.002245 -9.027287 10.979283 8.922197 -0.589371 3.827842 -21.735895 8.301160 4.768519 -4.700027 1.761951 8.732760 -17.806366 6.312109 -7.389832 17.676189 3.735740 -2.939552
10.750810 -5.493362 7.215671 -6.998240 12.264523 -6.409817 22.928024 4.651299 -9.167018 -12.824378 -6.780138 -8.863513 -16.251842 -9.223308 10.914187 8.721476 -0.782786 4.165936 -21.762699 8.237597 4.839350 -4.760170 1.747881 8.850603 -17.761492 6.350062 -7.367874 17.646996 3.789753 -2.937332
10.847514 -5.626486 7.292549 -7.018292 12.115838 -6.425499 23.075787 4.796765 -9.048192 -12.889829 -6.693885 -8.959782 -16.431973 -9.391123 10.855697 8.548028 -0.900915 4.431401 -21.784588 8.184813 4.888510 -4.814740 1.697960 8.963088 -17.738018 6.369918 -7.311960 17.616957 3.840344 -2.929687
10.843695 -5.812915 7.323995 -7.059669 11.921151 -6.431378 23.214487 4.962948 -9.000699 -12.974399 -6.625320 -9.013387 -16.571396 -9.461244 10.870233 8.426359 -1.075473 4.656583 -21.795271 8.117077 4.910594 -4.873966 1.651094 9.017987 -17.754881 6.394382 -7.280672 17.586210 3.883430 -2.865707
10.873512 -5.978468 7.331572 -7.066481 11.787978 -6.398348 23.343487 5.067934 -8.957553 -13.054764 -6.580066 -9.073745 -16.650297 -9.522009 10.842785 8.354239 -1.114839 4.784416 -21.801455 8.070271 4.942856 -4.927192 1.607877 9.111402 -17.731672 6.415870 -7.229296 17.569904 3.930563 -2.838277
10.925648 -6.099558 7.336912 -7.086632 11.699472 -6.387856 23.414970 5.146717 -8.903234 -13.125615 -6.551016 -9.131995 -16.726332 -9.583812 10.810107 8.281978 -1.151549 4.910318 -21.811388 8.032759 4.974460 -4.969621 1.559709 9.197143 -17.704769 6.436691 -7.187709 17.556013 3.969591 -2.827005
11.039674 -6.162617 7.375823 -7.054521 11.662904 -6.388244 23.460808 5.183517 -8.851818 -13.173530 -6.565220 -9.196436 -16.786795 -9.654216 10.745609 8.182728 -1.157495 5.045670 -21.831982 7.957445 4.982292 -4.995343 1.532573 9.238088 -17.708813 6.435721 -7.167011 17.545116 3.982851 -2.830581
11.077869 -6.192751 7.393176 -7.050974 11.639363 -6.384328 23.487465 5.229179 -8.829284 -13.194066 -6.543640 -9.217276 -16.829178 -9.687230 10.731337 8.149588 -1.165818 5.089238 -21.833731 7.951005 4.990417 -5.011706 1.516233 9.256411 -17.716824 6.438949 -7.158121 17.538939 3.993624 -2.816863
11.092566 -6.214928 7.408001 -7.053075 11.624822 -6.380235 23.505417 5.239193 -8.805032 -13.212545 -6.532706 -9.232545 -16.834061 -9.709723 10.727050 8.135589 -1.168842 5.104337 -21.839151 7.956319 4.987798 -5.023763 1.501313 9.263238 -17.722240 6.440292 -7.149672 17.539705 4.000371 -2.803900
