-0.500613 -11.538730 5.405369 -8.160718 33.798649 1.824273 -23.965748 10.861926 0.037918 -15.840185 -33.169079 2.662395 -15.285304 -24.850090 -13.071158 8.346409 2.395494 17.011414 -3.803844 9.991781 10.573057 12.324830 -24.416039 -2.336002 -9.450881 1.579229 -10.332576 6.107954 -0.045668 4.093726
-0.906337 -11.648113 5.444171 -8.434941 33.637207 1.886768 -23.784420 10.938681 0.122408 -15.823828 -32.982380 2.697965 -15.414289 -24.944691 -13.195121 8.496202 2.176893 16.998791 -3.848785 9.739536 10.513834 12.220050 -24.341665 -2.344428 -9.402872 1.660371 -10.312499 6.228209 0.051328 4.234167
-1.192099 -11.857773 5.309929 -8.706835 33.487358 1.911546 -23.671703 11.090185 0.141678 -15.769007 -32.679523 2.762964 -15.586181 -25.010639 -13.146094 8.656868 1.871185 16.929831 -3.928449 9.419493 10.386603 12.004708 -24.345160 -2.406754 -9.384505 1.725533 -10.287092 6.399267 0.185474 4.391956
-1.724651 -12.074091 5.231067 -9.207796 33.285698 2.012555 -23.460197 11.503119 0.250428 -15.820345 -32.152225 2.819864 -15.974374 -25.101269 -13.017478 8.875151 1.315216 16.958748 -3.947464 8.968746 10.239973 11.804100 -24.312689 -2.426698 -9.261401 1.842299 -10.273338 6.644047 0.365814 4.620318
-2.510495 -12.253418 5.118282 -9.842958 33.021736 2.062618 -23.129860 11.983127 0.360666 -15.844059 -31.433895 2.762473 -16.235714 -25.224293 -12.469663 9.049801 0.795541 17.065002 -3.986603 8.527562 9.988986 11.487581 -24.343023 -2.403488 -9.330015 1.874297 -10.257350 6.874005 0.485497 4.908287
-3.356443 -12.396513 5.004929 -10.507288 32.791039 2.077502 -22.719215 12.452061 0.571522 -15.721919 -30.786854 2.855212 -16.476612 -25.331640 -11.905547 9.164151 0.278706 17.168427 -4.020089 8.124743 9.629743 11.038983 -24.467524 -2.382514 -9.352466 1.907908 -10.332377 7.202142 0.678322 5.129683
-4.331740 -12.501423 4.914884 -11.044102 32.411900 1.888080 -21.964819 12.752417 0.769909 -15.405813 -30.257427 3.047620 -16.780415 -25.225124 -11.271828 9.258871 0.014224 17.104923 -4.001232 7.373147 9.420229 10.502155 -24.384043 -2.232991 -9.249038 2.111069 -10.430171 7.472978 0.923123 5.257707
-5.307430 -12.780529 4.467840 -11.722422 31.917929 1.475031 -21.093977 13.045282 0.885662 -15.002379 -29.685322 3.125927 -16.977665 -25.254028 -10.662518 9.250566 -0.321917 17.231335 -4.041785 6.835994 9.159658 9.972786 -24.201427 -2.105185 -9.360397 2.142087 -10.547212 7.785154 1.124810 5.443974
-6.094667 -13.059149 4.202967 -12.358360 31.384291 1.189089 -20.447155 13.187433 1.066685 -14.800161 -29.040787 3.305749 -17.337620 -25.382034 -10.125342 9.152840 -0.741010 17.486019 -4.072995 6.231501 9.027161 9.421904 -24.044746 -2.045264 -9.213223 2.230066 -10.591662 8.219820 1.438184 5.734040
-6.659972 -13.353191 3.836157 -12.843409 30.955296 0.977768 -19.911964 13.318979 1.182327 -14.705748 -28.646542 3.493036 -17.717815 -25.491390 -9.875550 9.269781 -1.364621 17.573015 -4.047672 5.612917 8.791017 8.812555 -24.080074 -2.135627 -9.067445 2.231853 -10.796965 8.605312 1.676250 5.761662
-7.141943 -13.758156 3.312599 -13.454752 30.544617 0.839175 -19.321878 13.547096 1.294931 -14.479876 -28.113203 3.769747 -17.993118 -25.551462 -9.703520 9.312763 -2.031821 17.463280 -4.096089 4.872371 8.478998 8.181115 -23.943447 -2.201802 -8.999141 2.303639 -10.964473 8.990335 1.903003 6.216904
-7.655868 -14.108347 2.920537 -14.079298 30.107521 0.465888 -18.668064 13.754742 1.459319 -14.115150 -27.589554 4.009089 -18.242708 -25.609631 -9.374194 9.270389 -2.674410 17.506105 -4.153862 4.247451 8.174720 7.609223 -23.805765 -2.203036 -8.895501 2.396057 -11.003640 9.414506 2.146938 6.587905
-8.275412 -14.276884 2.543852 -14.628067 29.892242 0.220399 -18.234852 14.013492 1.548406 -13.853830 -27.177441 4.175570 -18.459465 -25.713348 -9.123615 9.176676 -3.078404 17.474798 -4.198530 3.494087 7.950892 7.181565 -23.656393 -2.129528 -8.778543 2.371478 -11.098548 9.742303 2.256627 6.705759
-8.650396 -14.441151 2.201976 -14.996885 29.689678 0.055125 -17.817451 14.286052 1.552218 -13.727577 -26.834133 4.364396 -18.582409 -25.838083 -8.944282 9.061534 -3.339018 17.407701 -4.256818 2.984683 7.834993 6.825475 -23.585165 -2.069724 -8.735019 2.418852 -11.124344 9.888510 2.403452 6.799972
-8.880568 -14.605042 1.845277 -15.289150 29.495298 -0.180554 -17.380669 14.500064 1.538454 -13.494194 -26.529881 4.402065 -18.626583 -25.953983 -8.779332 9.002279 -3.451532 17.266006 -4.293803 2.625028 7.719169 6.502097 -23.475035 -2.112822 -8.676419 2.424425 -11.257817 10.009444 2.449270 6.849025
-9.141908 -14.735503 1.523554 -15.546173 29.325571 -0.379441 -17.045321 14.585134 1.535991 -13.350024 -26.267523 4.426577 -18.676638 -26.062199 -8.594913 8.931106 -3.601403 17.121778 -4.362484 2.282460 7.598011 6.263061 -23.321070 -2.093992 -8.611548 2.416499 -11.266183 10.170191 2.541494 7.038611
-9.254193 -14.887103 1.132676 -15.810773 29.201214 -0.604926 -16.667671 14.642430 1.536276 -13.173096 -25.945164 4.544300 -18.779385 -26.195160 -8.368427 8.812106 -3.738827 16.947447 -4.438183 2.013517 7.511266 6.088026 -23.082306 -1.913487 -8.509786 2.482197 -11.251763 10.257200 2.632584 7.151754
-9.301565 -14.959137 0.932779 -16.006056 29.107803 -0.733902 -16.411568 14.683470 1.558782 -13.087038 -25.712795 4.654855 -18.857185 -26.240643 -8.163997 8.733698 -3.830221 16.826525 -4.486771 1.796826 7.465913 6.057126 -22.917006 -1.763764 -8.460710 2.528064 -11.266179 10.302193 2.671221 7.171077
-9.353556 -14.999952 0.847793 -16.066895 29.045366 -0.856008 -16.191628 14.682609 1.559303 -12.969649 -25.565416 4.708235 -18.903852 -26.309347 -8.040487 8.655389 -3.811070 16.702862 -4.507853 1.667009 7.439297 6.066013 -22.810816 -1.678227 -8.445208 2.537005 -11.302270 10.283961 2.661962 7.137980
-9.384087 -15.004413 0.813974 -16.089243 29.026865 -0.889546 -16.137341 14.695307 1.555650 -12.944109 -25.503250 4.730174 -18.932848 -26.364758 -8.012942 8.621626 -3.863041 16.683537 -4.511022 1.624369 7.461813 6.053267 -22.777578 -1.659837 -8.426618 2.522232 -11.286644 10.310925 2.666578 7.149075
-9.236029 -14.980176 1.058144 -15.818121 29.137289 -0.616443 -16.406719 14.678911 1.497520 -13.093725 -25.697929 4.583116 -18.835320 -26.216244 -8.277393 8.630470 -3.545435 16.774103 -4.574001 1.993041 7.399795 6.169004 -22.952810 -1.669529 -8.494659 2.450809 -11.177173 10.267518 2.575703 7.042503
-8.759008 -14.637121 1.764703 -15.247959 29.528511 -0.319122 -16.918097 14.525206 1.430842 -13.137890 -26.128571 4.464666 -18.590261 -25.831934 -8.438779 8.556379 -2.862376 17.042446 -4.598848 3.007049 7.495382 6.585149 -23.377920 -1.648220 -8.751430 2.474656 -11.134396 9.809926 2.414254 6.693739
-7.455792 -13.907829 3.369763 -13.509974 30.118481 -0.022375 -17.724392 13.516705 1.263167 -13.273072 -26.922136 3.890625 -17.957321 -25.396053 -8.997733 8.291622 -1.087982 17.062344 -4.793404 4.748471 7.619203 7.568014 -23.332476 -1.958792 -9.339395 2.135149 -11.182100 9.166077 1.878895 6.496842
-5.189219 -12.921234 4.859775 -11.334394 30.633453 -0.627135 -18.437757 12.292563 1.260110 -13.162596 -27.978886 4.387406 -17.402752 -24.600473 -8.876960 7.178168 0.309645 17.172756 -4.923629 6.284958 7.834544 8.965850 -23.125601 -2.068620 -10.174157 1.535125 -11.571386 7.998540 0.798299 5.464989
-2.440650 -12.413109 5.518693 -8.856012 30.829174 -2.657166 -19.060537 10.778214 1.006939 -13.214619 -28.655073 6.366468 -17.273991 -23.249626 -6.825765 5.474939 0.550416 16.904713 -4.841976 7.687200 7.987815 10.226348 -22.539015 -1.873354 -10.892661 0.562751 -11.898412 6.960326 -0.441083 3.958701
1.677709 -12.129854 3.160338 -5.788488 32.017807 -4.372451 -19.667786 10.936279 -1.296938 -12.507627 -30.525597 7.663928 -16.604517 -21.186657 -3.781436 3.774982 0.981227 16.119324 -4.626515 9.940851 8.034873 11.331176 -22.248041 -1.400162 -11.691581 -0.637097 -12.513286 5.902206 -1.879040 1.817468
2.877015 -9.748963 0.116256 -4.541101 34.744896 -7.554321 -18.461504 12.409335 -2.201558 -10.428758 -31.746958 7.577003 -15.729812 -19.776348 -0.450841 1.199239 3.121874 16.166111 -4.891458 11.788713 7.742259 12.899452 -21.280226 -0.187776 -12.433696 -2.172278 -13.049001 5.260648 -3.728900 -0.604685
2.357921 -8.206940 -2.604002 -3.512347 37.153515 -10.307742 -17.666245 12.069971 -3.518942 -7.070843 -32.969761 6.538759 -13.284281 -18.727152 3.552313 -1.303172 8.009073 15.651591 -5.438587 11.668246 7.776246 13.625953 -19.280746 1.026910 -13.161799 -3.811750 -13.562410 5.184843 -5.363289 -1.593272
2.352683 -5.851471 -2.094812 -2.627951 39.023216 -7.305452 -15.889839 10.699709 -5.582817 -3.618335 -34.730587 6.119520 -9.741600 -18.097240 5.429024 -3.081806 12.908944 12.951125 -6.972937 9.499544 8.697022 14.594794 -16.587523 2.688860 -14.476060 -4.481620 -13.596232 4.079510 -6.360829 -1.320203
1.771884 -5.472089 0.340631 -2.652138 38.693691 -4.512794 -10.921013 7.962385 -5.268615 -0.344533 -34.164818 4.941284 -6.506402 -17.576698 7.865725 -2.796242 16.766024 7.756646 -8.350366 10.089252 8.774575 15.459687 -13.886188 5.232257 -15.824520 -4.647288 -13.479280 2.978619 -7.409851 -0.906471
1.631063 -5.794261 2.754863 -1.661370 38.238113 -4.271995 -5.527631 5.648053 -4.257481 2.810325 -31.267300 4.943077 -4.517075 -17.746418 10.835719 0.102116 13.740127 3.615943 -9.949756 11.641235 8.989497 15.986731 -9.983185 7.845967 -16.724178 -4.186183 -13.900741 2.024307 -8.143367 0.444643
0.349746 -6.149769 1.960269 -1.653029 38.250526 -5.806799 1.318740 3.903982 -3.307790 6.970360 -25.929537 3.383363 -4.369267 -18.047497 14.878706 3.275292 10.605859 1.730123 -10.129355 14.829505 9.863507 15.857501 -5.794657 11.211634 -17.359486 -3.066436 -14.069417 1.227650 -8.518569 1.360990
-1.637450 -8.343633 2.509778 -1.996772 36.378502 -7.498406 7.214585 3.332294 -2.516983 9.077058 -23.383297 3.207343 -3.925592 -17.773680 17.474676 5.351167 9.095145 -0.806598 -10.684072 14.314283 10.530630 15.400120 -2.260480 13.191895 -17.572365 -2.818451 -14.253497 2.075240 -8.563308 2.794614
0.033170 -11.022203 3.228547 -0.409777 33.900970 -9.244841 10.546280 2.677276 -2.296101 9.684458 -22.633125 2.623032 -1.845795 -18.322351 18.274347 6.908189 6.695457 -2.651013 -11.807250 10.709657 11.216844 14.453067 -0.020175 14.088992 -16.613560 -2.614756 -14.708167 4.209245 -7.944065 4.152850
1.860614 -13.961534 4.361907 0.551265 31.099731 -8.112822 10.474081 2.690365 -2.414007 8.343117 -21.222469 1.626038 -1.473964 -19.418911 18.298336 7.141248 6.639937 -3.659244 -12.248282 8.673687 11.291389 13.535415 1.120318 14.314669 -15.427482 -2.583247 -15.028552 6.454498 -7.488863 4.899144
2.155953 -14.625783 7.361799 1.063278 29.088188 -5.598446 11.104544 3.415018 -1.967250 7.720974 -19.694031 0.273640 -2.660123 -21.446510 16.662304 7.617785 5.679565 -3.108126 -12.384578 7.535678 11.348140 12.566384 1.628396 14.555455 -14.249919 -2.463022 -15.276942 7.835236 -7.275818 4.796462
2.759247 -14.486750 9.918305 0.328459 27.929157 -5.345466 12.891798 3.560519 -0.227732 7.872859 -18.726593 -0.341315 -3.755863 -22.534355 15.488791 8.169695 3.922928 -2.739220 -12.519081 7.136919 11.019041 11.522567 1.558836 14.728728 -13.159817 -2.333915 -15.328537 8.880535 -7.126491 4.416451
2.845990 -14.662867 11.371870 0.337764 26.806450 -6.317553 14.301749 4.049284 0.889123 7.989037 -18.211273 -0.140753 -4.900799 -22.835323 14.973302 8.558003 2.353263 -2.423363 -12.488650 6.935265 10.876247 10.695996 1.280726 15.034326 -12.138601 -2.125096 -15.262285 9.516121 -7.022344 3.784082
3.094215 -14.818806 12.038490 0.895292 26.395805 -6.756824 14.519657 4.825409 1.036673 7.655880 -17.958744 -0.146989 -5.588641 -22.902077 14.729324 8.402563 1.740036 -2.108331 -12.432419 6.536704 10.639389 10.149503 1.146533 15.104398 -11.606481 -2.033751 -15.197083 10.056429 -6.930595 3.681973
3.042320 -14.688307 12.338048 0.808862 26.385700 -7.053238 14.592823 5.227375 1.233853 7.627207 -17.790644 -0.037432 -5.993546 -22.949783 14.602344 8.519382 1.376286 -1.948414 -12.352145 6.580018 10.572980 9.937264 1.111924 15.117221 -11.486753 -1.998248 -15.206820 10.199705 -6.882553 3.683586
3.103520 -14.704103 12.331464 0.851443 26.347412 -7.078631 14.633802 5.232332 1.250909 7.643725 -17.781385 -0.020023 -6.074559 -22.966625 14.553926 8.532167 1.304659 -1.902903 -12.342353 6.562847 10.572849 9.902710 1.099245 15.136677 -11.452981 -1.986955 -15.222386 10.214741 -6.874821 3.644211
3.023045 -14.669203 12.508679 1.054986 26.283501 -7.164824 14.803776 5.462213 1.205512 7.667048 -17.671738 0.000869 -6.227758 -23.062937 14.498651 8.594816 1.022871 -1.727791 -12.315713 6.688531 10.546097 9.817367 1.032989 15.137519 -11.403075 -1.970061 -15.218169 10.253217 -6.841205 3.599836
3.274284 -14.721052 12.813909 1.068983 26.009363 -6.853658 15.061716 5.674232 1.378807 7.754776 -17.548737 0.075605 -6.501152 -23.136045 14.303254 8.750508 0.667478 -1.545604 -12.225474 6.816869 10.534716 9.655336 0.962444 15.155111 -11.319632 -1.916208 -15.243152 10.292634 -6.776456 3.521009
3.936701 -14.988366 13.006190 0.986229 25.541029 -6.423523 15.256525 6.006191 1.645453 7.663212 -17.540413 0.083670 -6.706616 -23.321892 13.966500 8.909532 -0.019249 -0.974933 -12.130597 7.041873 10.544066 9.427136 0.899370 15.220954 -11.165049 -1.820679 -15.323494 10.336123 -6.700028 3.370733
4.417398 -15.005688 13.052625 0.936009 25.263273 -6.468358 15.208517 6.563565 1.788299 7.530224 -17.452593 0.010064 -6.958033 -23.581287 13.677989 9.044758 -0.886317 -0.213832 -11.989301 7.457505 10.505194 9.155623 0.780673 15.265346 -10.975880 -1.723866 -15.377875 10.445352 -6.602660 3.264298
4.975751 -15.066434 12.954205 0.864825 25.051342 -6.543444 15.137795 6.977773 1.930374 7.526721 -17.206621 -0.013827 -7.402833 -23.835304 13.250569 9.395549 -1.904023 0.590965 -11.680552 8.201689 10.500481 8.861483 0.692979 15.406816 -10.803310 -1.594420 -15.421324 10.504045 -6.472691 3.108222
5.524770 -15.354051 13.003654 0.480651 24.729403 -6.393201 15.127533 7.548649 2.253556 7.308591 -16.960381 0.054865 -7.856713 -24.085739 12.748158 9.887569 -2.858303 1.094867 -11.396824 9.059675 10.467783 8.508811 0.491556 15.569489 -10.623688 -1.427141 -15.431330 10.588978 -6.262107 2.917533
6.384437 -15.409676 13.177600 0.490752 24.607071 -6.018642 14.961931 8.004791 2.347349 7.131486 -16.486313 0.049613 -8.360601 -24.342033 12.709186 10.063666 -3.568019 1.687809 -11.167945 9.764410 10.487359 8.222528 0.287566 15.725595 -10.521878 -1.275497 -15.444698 10.559706 -6.080343 2.698823
7.205077 -15.265753 13.736868 0.934960 24.225391 -5.226650 14.945068 8.540707 2.406088 6.882452 -15.922921 0.204243 -9.170445 -24.727367 12.438479 10.344940 -3.998514 2.178539 -10.914057 10.339388 10.501129 7.927114 0.138786 15.853856 -10.430061 -1.124805 -15.397893 10.542544 -5.884358 2.615715
7.628941 -15.135750 14.400450 1.218886 24.032784 -4.851448 14.905928 9.012548 2.520662 6.491508 -15.606663 0.406776 -10.018667 -24.779743 12.145423 10.549402 -4.473211 2.639950 -10.634345 10.418548 10.525328 7.560660 -0.125083 16.013126 -10.324997 -0.939314 -15.371299 10.455574 -5.645698 2.450482
8.021927 -15.172800 15.512626 1.925760 23.273724 -4.934067 15.276926 10.238901 2.417932 6.229471 -15.196391 0.497693 -11.021194 -24.844013 11.976956 10.413083 -4.295430 2.698034 -10.453446 9.719894 10.457906 7.126224 -0.507736 16.150911 -10.251517 -0.763147 -15.237552 10.459316 -5.351402 2.322784
7.337745 -15.057985 16.096220 1.670318 22.938187 -5.572644 15.017416 12.222929 2.347034 5.449722 -14.937140 0.569283 -11.914292 -24.726097 11.820781 10.035544 -3.974355 2.645334 -10.335901 8.567919 10.449817 6.695587 -0.803322 16.295290 -10.155545 -0.570905 -15.129114 10.411615 -5.085380 2.233413
6.108158 -15.059278 16.097952 1.089783 22.799320 -6.033931 14.662699 13.708879 2.202916 4.795503 -14.896341 0.609095 -12.673646 -24.437805 11.722013 9.648288 -3.613853 2.513764 -10.249798 7.512558 10.408321 6.233207 -1.142382 16.476112 -10.135572 -0.371246 -14.870233 10.452271 -4.756613 2.242075
4.968971 -15.528955 15.284787 0.319400 22.630836 -6.390159 14.561015 14.423027 1.962421 4.413685 -14.921328 0.648422 -13.432846 -24.329176 11.551424 9.357982 -3.639134 2.637610 -10.174823 6.771432 10.337853 5.885415 -1.416638 16.572348 -10.168886 -0.251755 -14.640847 10.537900 -4.486525 2.326997
4.153498 -15.831369 14.529704 -0.367946 22.597267 -6.934954 14.302753 14.920998 1.984922 3.924078 -14.682489 0.679791 -14.333016 -24.267252 11.402475 9.119713 -3.739038 2.827968 -10.032800 6.157249 10.309527 5.637042 -1.627805 16.721905 -10.166188 -0.127390 -14.410070 10.597046 -4.237550 2.359549
3.592935 -16.177347 14.135816 -0.858789 22.237812 -7.204344 14.344255 15.706638 2.043105 3.532369 -14.476722 0.689528 -15.037900 -24.255547 11.314412 8.925985 -3.812615 3.010782 -9.913173 5.754016 10.218301 5.504623 -1.804086 16.720884 -10.288797 -0.108003 -14.196637 10.659784 -4.084789 2.522752
3.438681 -16.473318 14.302656 -1.017830 21.801432 -7.214739 14.237562 16.514751 2.202546 3.004250 -14.454121 0.761306 -15.448977 -24.133841 11.208983 8.816248 -3.762883 3.006525 -9.807385 5.422178 10.168509 5.390797 -1.905907 16.735399 -10.364552 -0.073167 -14.006215 10.699797 -3.934546 2.651007
3.494160 -16.548502 14.405473 -1.235195 21.639008 -7.081681 13.988379 16.934044 2.345747 2.706511 -14.518973 0.802676 -15.714378 -24.130991 11.071046 8.782805 -3.687291 3.061538 -9.766234 5.255635 10.146237 5.367884 -1.942575 16.795141 -10.429273 -0.043895 -13.842586 10.685680 -3.824637 2.744016
3.541291 -16.504265 14.421071 -1.365556 21.611015 -6.998140 13.681379 17.149471 2.442707 2.504531 -14.633698 0.880857 -15.915700 -23.981293 11.031330 8.690400 -3.531788 3.020146 -9.707353 5.017149 10.124377 5.354164 -1.995939 16.807013 -10.500142 -0.043167 -13.739914 10.649422 -3.762208 2.799293
3.524872 -16.518391 14.399736 -1.413277 21.600033 -6.966031 13.608711 17.184277 2.459151 2.459332 -14.671364 0.905459 -15.971792 -23.948662 11.005912 8.678246 -3.485841 3.007834 -9.692189 4.949993 10.109856 5.348306 -2.007607 16.800978 -10.530227 -0.048371 -13.704612 10.650669 -3.744608 2.839907
3.525413 -16.503462 14.400651 -1.402149 21.612953 -6.977127 13.624403 17.157995 2.447081 2.481923 -14.664345 0.903079 -15.946846 -23.956448 11.013204 8.694538 -3.505928 3.008812 -9.697776 4.973654 10.117573 5.351840 -1.996799 16.803957 -10.516069 -0.045342 -13.726828 10.649302 -3.755245 2.822030
3.534108 -16.512327 14.459475 -1.368114 21.589722 -7.017579 13.702208 17.178570 2.448717 2.486426 -14.624502 0.878044 -15.892967 -23.993084 11.030719 8.715805 -3.530405 3.014269 -9.709731 5.042752 10.124977 5.354316 -1.991992 16.805998 -10.494845 -0.042784 -13.742681 10.651901 -3.763748 2.800997
3.544699 -16.482929 14.436854 -1.304483 21.660553 -7.040931 13.819536 16.978128 2.417635 2.623949 -14.575986 0.847710 -15.770535 -24.068748 11.039582 8.801338 -3.640589 3.037286 -9.741036 5.192049 10.136230 5.371172 -1.948565 16.780123 -10.450663 -0.053001 -13.823121 10.670134 -3.815951 2.767505
3.451860 -16.454782 14.311675 -1.246035 21.757250 -7.109539 13.960179 16.659058 2.343375 2.821679 -14.536776 0.831706 -15.655574 -24.076851 11.102516 8.812140 -3.654021 2.993109 -9.759530 5.259537 10.146257 5.399745 -1.901228 16.735939 -10.408740 -0.073247 -13.922954 10.686532 -3.883573 2.736146
3.389682 -16.326241 14.211337 -1.090951 21.929277 -7.203093 14.024365 16.341368 2.232930 3.020775 -14.527002 0.850717 -15.424805 -23.973410 11.209246 8.882690 -3.672513 2.858105 -9.770444 5.344677 10.154129 5.408588 -1.870622 16.696243 -10.368372 -0.090229 -14.016168 10.700842 -3.944925 2.697149
3.355995 -16.178194 14.057024 -0.977558 22.161079 -7.223661 14.105066 15.842951 2.107752 3.317964 -14.537987 0.860785 -15.247554 -23.948021 11.269683 8.960050 -3.699822 2.803319 -9.792465 5.490724 10.168367 5.458045 -1.812401 16.664679 -10.313432 -0.119055 -14.132700 10.713761 -4.042069 2.645443
3.470377 -15.982639 13.941907 -0.901553 22.428919 -7.206200 14.087996 15.268209 2.051122 3.618407 -14.583095 0.884757 -14.927962 -23.876217 11.376019 9.105362 -3.665714 2.662722 -9.829851 5.743706 10.189432 5.507742 -1.777289 16.616144 -10.275719 -0.148887 -14.260122 10.687278 -4.132871 2.568292
3.806253 -15.854232 13.958308 -0.751624 22.714531 -7.092710 14.006464 14.445137 2.093719 3.872748 -14.639898 0.878723 -14.531087 -23.827080 11.469878 9.228848 -3.599439 2.488111 -9.883801 6.017699 10.226766 5.606660 -1.675767 16.552710 -10.220162 -0.184589 -14.423610 10.656122 -4.249863 2.490313
4.190968 -15.748495 14.197371 -0.538461 22.823912 -6.944530 14.093130 14.003935 2.131752 4.167536 -14.771870 0.823188 -14.001822 -23.885443 11.500924 9.386419 -3.539821 2.360829 -9.974158 6.400917 10.269143 5.760002 -1.499882 16.488165 -10.157959 -0.247273 -14.613255 10.633890 -4.420022 2.430572
4.632612 -15.608702 14.547391 -0.301958 22.961117 -6.655390 14.078259 13.537256 2.162897 4.400385 -14.954515 0.867543 -13.468499 -23.795479 11.624751 9.544549 -3.356301 2.097050 -10.021896 6.672599 10.293880 5.913365 -1.329908 16.395237 -10.110656 -0.321354 -14.819036 10.628813 -4.596654 2.414232
5.058328 -15.382557 15.051991 -0.059390 23.118145 -6.338335 13.903492 13.188049 2.293770 4.468156 -15.139078 0.949187 -13.052575 -23.714085 11.711568 9.760948 -3.218122 1.895970 -10.072562 6.955171 10.322556 6.123991 -1.125430 16.282518 -10.094332 -0.402760 -15.014428 10.598719 -4.792215 2.428955
6.033897 -15.285828 15.418940 0.355425 23.303257 -6.238262 13.979357 12.259989 2.539200 4.824300 -15.301994 0.981706 -12.546532 -23.649803 11.836473 10.036293 -3.058671 1.729465 -10.121828 7.424462 10.354377 6.370872 -0.914611 16.179399 -10.102176 -0.497167 -15.180780 10.546543 -4.971172 2.440204
6.806794 -15.368641 15.528598 0.357419 23.358139 -5.834702 14.115803 11.342137 2.815593 5.167783 -15.410120 0.966358 -11.971499 -23.755531 11.927453 10.289613 -3.070871 1.710577 -10.192613 8.043033 10.405046 6.703175 -0.608913 16.122608 -10.124709 -0.596089 -15.297073 10.514593 -5.163822 2.507802
7.090979 -15.282482 15.445338 0.068057 23.680466 -5.485823 13.856558 10.872871 2.967268 5.236597 -15.613640 1.080487 -11.545663 -23.664354 11.986852 10.651562 -3.264967 1.623774 -10.206364 8.609468 10.422919 7.011794 -0.326677 16.006025 -10.174829 -0.733916 -15.415150 10.513237 -5.374195 2.661175
5.004647 -18.259552 10.069413 -4.402180 24.802458 -2.165497 11.475770 11.942907 0.983091 12.799219 -17.228014 -1.549199 -7.681065 -23.681015 11.071777 12.899771 3.691141 5.804910 -5.791692 4.058434 5.989833 12.529841 -3.276519 13.725117 -8.317172 2.958213 -16.500305 8.557887 -5.013082 -0.515730
4.956241 -18.201345 9.900874 -4.505263 25.120796 -2.060705 11.350646 11.319805 1.056948 13.029098 -17.445181 -1.482550 -7.065869 -23.743994 11.109004 13.186651 3.625727 5.673455 -5.856484 4.578407 6.008253 12.891812 -3.054077 13.613257 -8.549950 2.832420 -16.515654 8.327583 -5.235436 -0.389913
4.564358 -18.060362 9.573192 -4.658079 25.446444 -2.032343 11.180468 10.736385 1.083619 13.193078 -17.679794 -1.380133 -6.589634 -23.679276 11.095698 13.406153 3.660610 5.280606 -5.934771 4.724050 6.051443 13.231318 -2.875350 13.507531 -8.812757 2.676140 -16.528612 8.096455 -5.469500 -0.293357
4.181382 -18.016573 9.199347 -4.816370 25.700729 -2.012748 11.028152 10.139038 1.084509 13.321777 -17.858309 -1.301241 -6.158585 -23.516468 11.173816 13.575003 3.788293 4.711094 -6.058596 4.662247 6.003624 13.592786 -2.754145 13.270261 -9.132935 2.475357 -16.470549 7.922077 -5.715664 -0.047478
3.653090 -17.967297 8.774272 -5.030471 25.909222 -1.965565 10.801073 9.676121 0.977077 13.359331 -18.035412 -1.266517 -5.709171 -23.293129 11.448941 13.525707 4.416062 3.786515 -6.275425 4.229323 5.914116 13.886190 -2.675268 13.016397 -9.390079 2.279120 -16.394424 7.905491 -5.904344 0.276774
4.171040 -17.890196 8.434098 -2.913815 24.485836 -5.832992 10.336037 9.029446 -1.559020 10.524071 -18.182037 3.575105 -5.719092 -23.538509 13.553370 9.772047 2.292766 2.146091 -9.847342 3.550524 8.191134 15.950381 -3.316242 11.740271 -8.368913 -0.042933 -15.943183 9.095555 -5.458357 1.083179
3.690272 -17.132069 8.094314 -2.881408 24.397335 -6.568175 10.477335 8.154830 -2.503879 9.721642 -17.981771 4.401251 -5.808280 -23.857500 14.146823 7.840419 3.501745 0.838609 -11.114053 3.368709 8.681332 16.225935 -3.428460 11.215848 -8.481242 -0.920528 -15.509636 9.544991 -5.325182 1.794873
2.907991 -17.234667 7.537763 -2.899080 24.404016 -6.564524 10.229895 7.591276 -3.088289 9.252409 -18.286865 4.804473 -5.768986 -23.093811 14.296007 7.787168 4.789105 -0.440174 -11.262242 2.467841 8.694843 16.920347 -3.311306 11.070467 -8.884198 -1.269135 -15.421893 9.250971 -5.768538 2.466599
2.195251 -17.275915 6.914792 -3.002919 24.844196 -6.308318 9.890649 7.041731 -3.370815 9.298098 -18.483856 4.931409 -5.598777 -22.535191 14.612366 7.755083 6.180441 -1.560725 -11.272179 2.046292 8.525391 17.191652 -3.217798 10.952466 -9.335822 -1.572557 -15.222307 9.246990 -5.961751 2.860497
1.747631 -17.484015 6.207399 -3.155876 25.161762 -5.810990 9.666143 6.558818 -3.713190 9.194079 -18.880177 5.131692 -5.522593 -22.031473 14.682089 7.742997 7.059129 -2.016829 -11.120689 2.055739 8.402782 17.453493 -3.090169 10.831196 -9.746638 -1.790475 -14.972316 9.246483 -6.097692 3.372921
1.358049 -17.671385 5.386152 -3.075454 25.578133 -5.582879 9.359085 6.116418 -4.108831 9.093174 -19.344957 5.310110 -5.272657 -21.550924 14.786619 7.754526 7.979436 -2.495362 -10.975396 2.106242 8.337497 17.741579 -2.942441 10.730317 -10.160181 -2.048855 -14.785616 9.215526 -6.255753 3.778289
1.106915 -17.974871 4.629990 -3.262910 25.833050 -5.397864 9.189627 5.468986 -4.305931 9.027000 -19.853893 5.472767 -4.873016 -21.104027 14.854335 7.791667 8.829746 -2.964257 -10.872705 2.295050 8.276672 18.063475 -2.847615 10.578298 -10.556487 -2.287885 -14.531605 9.168618 -6.409555 4.332747
0.586736 -18.202225 3.787264 -3.597654 26.204512 -5.268834 8.780949 4.971657 -4.503456 8.806644 -20.351360 5.702402 -4.718156 -20.449179 15.077502 7.825916 9.805931 -3.341257 -10.669178 2.572994 8.188722 18.302305 -2.775385 10.410590 -10.901292 -2.462846 -14.292590 9.126844 -6.537131 4.862103
-0.247398 -18.346275 3.159225 -3.575171 26.537214 -5.362075 8.648528 4.636852 -4.853058 8.734873 -20.679039 6.064194 -4.753195 -19.807621 15.383340 7.919792 10.413941 -3.643642 -10.451129 2.824909 8.159765 18.538168 -2.638788 10.309749 -11.251561 -2.609442 -14.096108 9.042614 -6.649541 5.445825
-0.942843 -18.342329 2.642900 -3.665841 26.911179 -5.388303 8.281948 4.383035 -5.100651 8.627516 -21.015936 6.427483 -4.925049 -19.174274 15.457192 8.106197 10.912458 -3.883399 -10.147736 3.014206 8.118067 18.685562 -2.636731 10.125401 -11.568602 -2.719296 -13.882953 8.972672 -6.710209 6.001244
-1.669724 -18.333565 2.142026 -3.806961 27.187840 -5.765040 8.120403 4.096685 -5.281124 8.544636 -21.442461 6.844806 -5.026395 -18.501358 15.509811 8.317209 11.228690 -4.156103 -9.889524 3.190254 8.052217 18.877081 -2.797006 10.059721 -11.977122 -2.887489 -13.617808 8.772739 -6.812222 6.235119
-2.499370 -18.223604 1.830002 -4.033506 27.458214 -6.206175 7.873647 3.752966 -5.308760 8.440969 -21.792522 7.190550 -5.185689 -17.979197 15.419796 8.543040 11.373180 -4.282859 -9.657637 3.312271 7.947451 18.984571 -2.909459 9.939696 -12.344638 -3.014772 -13.405471 8.637752 -6.881160 6.611206
-3.032639 -18.090055 1.601004 -4.275446 27.651649 -6.576072 7.576115 3.490067 -5.274861 8.309356 -22.106487 7.577042 -5.431675 -17.411154 15.485143 8.667095 11.501994 -4.415730 -9.428756 3.379128 7.819893 19.037714 -3.035188 9.898058 -12.628523 -3.077617 -13.196227 8.545281 -6.890479 6.885006
-3.725692 -17.909990 1.393348 -4.515241 27.858208 -6.920477 7.274134 3.176635 -5.238885 8.161797 -22.481468 7.899567 -5.625080 -16.917648 15.451363 8.718966 11.660963 -4.545996 -9.247107 3.424207 7.681612 19.052004 -3.150681 9.781199 -12.922306 -3.167665 -12.972186 8.496769 -6.867781 7.323255
-4.251819 -17.747360 1.186682 -4.758667 28.060009 -7.137400 6.947194 2.986655 -5.223689 8.035084 -22.872486 8.175120 -5.815393 -16.496452 15.334022 8.733303 11.785330 -4.615265 -9.078528 3.433513 7.611130 19.138161 -3.257968 9.705291 -13.196079 -3.221133 -12.735462 8.377700 -6.846284 7.640585
-4.683030 -17.595291 1.148664 -4.972250 28.231750 -7.257021 6.643540 2.835575 -5.125048 7.960157 -23.265800 8.402637 -6.015500 -16.110584 15.164945 8.716695 11.953139 -4.600729 -8.915666 3.421795 7.545501 19.150486 -3.459854 9.571956 -13.381225 -3.245393 -12.566209 8.271579 -6.808787 7.859832
-5.002372 -17.524172 1.156193 -5.105812 28.313540 -7.369775 6.431019 2.628976 -5.030972 7.882356 -23.625168 8.632363 -6.239995 -15.762661 15.002334 8.669004 12.129277 -4.578565 -8.748929 3.357808 7.436078 19.108204 -3.609885 9.476869 -13.476467 -3.280556 -12.460805 8.257393 -6.795273 7.993788
-5.200611 -17.496395 1.153012 -5.231339 28.389355 -7.440588 6.289670 2.453187 -4.926806 7.876683 -23.858044 8.832462 -6.450624 -15.539855 14.851755 8.647341 12.177254 -4.592127 -8.628856 3.273167 7.390088 19.116602 -3.685039 9.417727 -13.603178 -3.286833 -12.392051 8.160421 -6.792168 8.044114
-5.358316 -17.512573 1.152983 -5.387861 28.394985 -7.509495 6.209057 2.310872 -4.806834 7.848754 -24.040257 8.976514 -6.627172 -15.331733 14.791457 8.598506 12.350957 -4.627954 -8.507582 3.224775 7.281276 19.064096 -3.797534 9.337014 -13.686276 -3.291851 -12.293687 8.162039 -6.765075 8.201420
-5.512475 -17.537767 1.177145 -5.466391 28.385798 -7.560369 6.205943 2.239452 -4.738570 7.853807 -24.115696 9.087977 -6.723620 -15.259327 14.692476 8.643600 12.292685 -4.642068 -8.453607 3.181908 7.264320 19.076220 -3.841487 9.292850 -13.752299 -3.310690 -12.261096 8.119095 -6.769749 8.237071
-5.568712 -17.536846 1.185318 -5.493252 28.376253 -7.588429 6.200365 2.200008 -4.721256 7.842944 -24.135971 9.122910 -6.747546 -15.218731 14.706063 8.639338 12.319234 -4.643893 -8.431506 3.190587 7.254654 19.075533 -3.849757 9.292888 -13.772305 -3.312213 -12.244390 8.110813 -6.764467 8.250720
