5.929993 -4.682639 6.794307 -16.667288 10.264409 -10.864661 14.955170 6.278095 -10.793889 -9.030638 -13.662683 2.306099 -20.651634 -6.800661 3.000376 5.980796 6.942408 10.754800 -17.834379 -6.167158 4.550667 9.801968 -12.526869 11.528924 -9.210437 0.161548 -8.932141 11.948193 -0.784635 4.554581
6.072366 -4.606165 7.041321 -16.981413 10.228847 -10.898276 14.815170 6.363844 -10.462629 -9.110889 -13.613384 2.411340 -21.120872 -6.799237 2.755257 5.981716 6.529217 11.280810 -17.681942 -6.052763 4.279035 9.579127 -12.957294 11.709764 -9.160436 0.258333 -8.482878 12.070438 -0.596344 4.474709
6.107136 -4.476699 7.586259 -17.423281 10.065603 -10.956370 14.653386 6.625859 -9.946137 -9.350329 -13.597723 2.559995 -21.727840 -6.785896 2.375540 5.964309 5.883536 11.965911 -17.546049 -5.934735 3.929607 9.171871 -13.594089 11.873128 -9.017623 0.514009 -7.927883 12.243297 -0.246094 4.260897
6.113472 -4.332945 8.193027 -17.916063 9.885026 -11.018231 14.542124 6.947279 -9.346143 -9.556767 -13.576640 2.622125 -22.488258 -6.799163 1.907622 5.962529 5.062074 12.868249 -17.326023 -5.948299 3.672955 8.680628 -14.286825 12.108529 -8.844389 0.842983 -7.412088 12.329496 0.181133 3.854038
6.591502 -4.224122 8.579421 -18.407362 9.622892 -11.069487 14.341418 7.437618 -8.821143 -9.782893 -13.588382 2.586610 -23.278574 -6.770265 1.556092 5.838386 4.353452 13.691675 -17.113615 -6.307049 3.535192 8.231830 -14.895706 12.442431 -8.656416 1.141023 -7.039209 12.279935 0.565192 3.256788
7.371119 -4.266801 8.941537 -18.874697 9.307612 -10.978724 13.987423 7.962653 -8.125598 -9.929911 -13.632294 2.497890 -24.207705 -6.700265 1.262033 5.599484 3.842530 14.451958 -16.825327 -6.885387 3.430608 7.812234 -15.459084 13.061397 -8.606446 1.360799 -6.891137 11.953991 0.823405 2.137581
7.574181 -4.635089 9.597996 -18.983118 8.756806 -10.776722 14.046582 8.572594 -7.626232 -10.259117 -13.448305 2.404373 -25.186403 -6.705142 0.854310 5.635879 3.206549 14.894641 -16.499243 -7.745990 3.288847 7.416000 -16.015770 13.623022 -8.719578 1.538532 -6.877478 11.511514 0.977590 1.090242
7.667634 -4.874940 10.344344 -18.903700 8.271623 -10.528755 14.178820 9.292500 -7.374573 -10.611835 -13.192966 2.349814 -25.797750 -6.754591 0.446893 5.842128 2.653316 14.943598 -16.338514 -8.424679 3.191643 7.119763 -16.378481 13.718843 -8.923195 1.669632 -7.014743 11.157022 1.107958 0.485123
7.746020 -4.908083 10.868505 -18.864157 7.908904 -10.363825 14.358268 9.669905 -7.320463 -10.836220 -12.938766 2.398314 -26.246819 -6.862201 0.108258 6.209652 2.229268 14.726600 -16.179522 -8.861268 3.124498 6.908083 -16.671444 13.709023 -9.119525 1.726319 -6.984091 10.972275 1.252371 0.276949
7.750887 -4.847715 11.230038 -18.848009 7.741616 -10.232458 14.423286 9.857849 -7.271644 -10.930719 -12.848721 2.405542 -26.426666 -6.891908 0.003247 6.373215 2.082726 14.653001 -16.063086 -9.035673 3.150791 6.800554 -16.777655 13.643928 -9.195259 1.774132 -7.033860 10.874504 1.337617 0.184399
7.738897 -4.836144 11.309544 -18.896725 7.697687 -10.217607 14.470287 9.788887 -7.257628 -10.946682 -12.854229 2.433053 -26.463463 -6.892283 -0.028680 6.385902 2.045037 14.687087 -16.044006 -8.993809 3.105375 6.799751 -16.833652 13.669453 -9.252670 1.765029 -6.936562 10.874980 1.360233 0.201433
7.765877 -4.698815 11.463367 -19.395195 7.789356 -10.152531 14.448586 9.203811 -7.055368 -10.864029 -12.914915 2.617428 -26.590948 -6.792130 -0.116017 6.384762 2.080757 14.997249 -15.940432 -8.437515 2.849621 6.901645 -17.044544 13.846622 -9.548795 1.705538 -6.270300 10.958443 1.468385 0.408251
7.634252 -5.169261 11.617703 -19.553059 7.326427 -10.604752 14.917454 8.111748 -6.785372 -10.872010 -12.994287 3.150034 -26.863073 -6.497724 -0.319455 6.598698 2.278970 15.524380 -15.706055 -6.908784 2.490002 6.985869 -17.371714 13.862482 -10.020105 1.697250 -5.219027 11.137789 1.734984 1.010916
7.070084 -5.636122 12.698075 -19.580433 6.600947 -11.261787 15.908009 6.179074 -6.191663 -10.673537 -12.856088 3.990553 -27.410908 -6.203092 -0.341886 6.778282 3.093750 15.922915 -15.227458 -4.703910 1.897636 6.951428 -18.053713 13.760850 -10.563315 1.729211 -3.469994 11.504581 2.166847 2.704533
6.389104 -6.216700 13.082446 -19.653606 6.193552 -12.584183 16.482414 5.174619 -5.688788 -10.585918 -12.704197 4.944701 -28.168018 -5.436984 -0.199636 7.444595 4.532376 15.598827 -14.325528 -2.982128 1.404035 6.812913 -18.834578 13.429474 -11.110297 1.875658 -1.807897 11.764078 2.692048 4.824180
5.222173 -6.048667 12.567376 -20.891460 6.551245 -13.762331 16.125565 4.445684 -5.167049 -10.607073 -12.441198 5.193258 -28.565601 -4.710037 0.130378 7.414769 6.129760 15.364138 -13.920020 -2.217244 0.931450 7.257239 -19.071260 13.357314 -12.229405 1.741904 -0.691242 11.398582 2.750225 6.129306
3.634867 -6.047475 11.494506 -22.188999 6.496379 -15.066650 16.117695 4.172647 -5.039216 -10.766294 -12.776546 5.536575 -28.726875 -3.739273 0.432364 7.042276 7.407794 15.269899 -13.944539 -1.800126 0.443478 7.640683 -19.157358 13.143159 -13.351902 1.478276 -0.324329 10.759023 2.505179 7.116526
1.853689 -6.504854 10.217100 -22.988604 6.482801 -15.856171 16.359985 3.916549 -5.404491 -10.866701 -13.781349 6.238593 -28.816139 -2.432959 0.757001 6.596883 8.995058 14.517201 -13.850031 -1.937885 0.316212 8.030631 -19.009825 13.265684 -14.442660 1.146100 -0.126043 10.092522 2.201753 8.001700
0.790150 -7.326762 8.984241 -23.819513 6.239157 -16.379414 16.238365 3.336141 -5.383038 -11.250223 -14.581764 6.612482 -28.951653 -1.156659 1.247531 6.437433 10.557345 13.945981 -13.366717 -2.045839 0.457801 8.405896 -18.690065 13.350694 -15.090773 0.970993 0.026376 9.801925 2.092253 8.491072
0.477768 -7.871805 8.292471 -24.205431 6.235352 -16.394457 15.896188 2.852827 -5.292924 -11.431465 -14.923428 6.685742 -28.865238 -0.641250 1.499736 6.408189 11.151101 13.554710 -13.247996 -2.256336 0.509175 8.658790 -18.392618 13.333888 -15.397038 0.858169 0.036472 9.704020 1.955660 8.804438
0.431867 -7.908965 8.204355 -24.224749 6.301187 -16.301476 15.819397 2.786073 -5.308333 -11.432682 -14.965303 6.674017 -28.835289 -0.528879 1.554278 6.427064 11.265272 13.494957 -13.230825 -2.285904 0.489546 8.696898 -18.356133 13.326518 -15.455413 0.813819 0.052558 9.700740 1.916226 8.854512
0.172082 -7.564757 8.289969 -24.298845 6.622444 -15.819780 15.610317 2.786984 -5.367721 -11.262183 -15.109279 6.594650 -28.529903 -0.317941 1.732053 6.584479 11.334550 13.379878 -13.263019 -2.310856 0.466949 8.908347 -18.183149 13.312262 -15.491210 0.681713 -0.091322 9.654741 1.667065 8.899133
-0.102253 -6.804190 8.445767 -24.433798 7.359175 -14.894198 15.108610 2.794326 -5.502844 -10.936081 -15.206531 6.435304 -27.905331 0.046711 2.075566 7.120221 11.434268 13.010514 -13.349114 -2.250194 0.390500 9.231050 -17.819349 13.357931 -15.385432 0.538951 -0.485477 9.584866 1.194000 8.881872
-0.309581 -6.223405 8.724360 -24.708361 8.143994 -13.455365 14.430414 2.428479 -5.567318 -10.814153 -15.296485 6.164052 -26.989925 0.357821 2.634260 7.649922 11.921210 12.322513 -13.513467 -2.214293 0.279671 9.842088 -17.233631 13.397540 -15.183844 0.323573 -1.061929 9.505650 0.480537 8.918908
-0.613616 -6.363582 8.874916 -24.309809 8.601868 -11.641175 14.180831 1.818921 -6.019586 -10.852330 -15.563569 5.945816 -26.047245 0.866499 3.369413 8.212141 12.852132 11.281842 -13.389095 -2.254607 0.323206 10.645465 -16.421057 13.379636 -14.925635 -0.033692 -1.549538 9.691373 -0.224497 8.857110
-0.822221 -7.259665 8.565844 -23.185297 8.486972 -10.659281 14.546585 1.272303 -6.709049 -10.857786 -15.782736 5.764936 -25.409456 0.967851 3.830378 8.210070 13.641379 10.394566 -13.429200 -2.577152 0.850654 11.352405 -15.496709 13.398869 -14.311944 -0.444729 -2.254649 10.017096 -0.770903 8.615350
-0.613210 -8.320112 7.686771 -22.002804 8.215737 -10.371930 15.159936 0.639061 -7.512055 -10.773037 -15.931648 5.775154 -24.731077 0.613394 4.300004 7.736253 14.304085 9.478694 -13.749710 -2.820640 1.221617 11.870817 -14.732557 13.345778 -13.783579 -0.850265 -2.936646 10.340822 -1.295201 8.587153
-0.210428 -8.957951 6.606373 -21.298182 7.960486 -10.359000 15.671506 -0.236967 -8.389936 -10.864862 -16.031668 5.719458 -23.915359 0.438644 4.806113 7.475072 14.873232 8.657763 -14.052660 -2.918463 1.569843 12.145670 -14.037811 13.137815 -13.530560 -1.101182 -3.624103 10.475819 -1.660326 8.803663
-0.097403 -9.745192 5.852743 -20.627913 7.728489 -10.147820 15.984034 -0.814807 -9.027148 -10.984659 -16.089478 5.606163 -23.131752 0.058620 5.056845 7.153746 15.239821 8.027968 -14.479537 -2.923954 1.829575 12.270080 -13.483610 12.756091 -13.463002 -1.236908 -3.993193 10.639350 -1.780586 9.217832
-0.102198 -10.051487 5.523612 -20.327438 7.722034 -10.004604 16.037567 -0.944039 -9.308345 -11.015060 -16.190002 5.603527 -22.822708 0.038477 5.079786 7.187454 15.300931 7.806170 -14.632127 -2.861818 1.984841 12.297244 -13.159722 12.523084 -13.417949 -1.271925 -4.258781 10.693562 -1.844362 9.491673
-0.109027 -10.079583 5.457815 -20.303564 7.711892 -9.999479 16.049351 -0.968740 -9.353581 -11.026133 -16.222431 5.608248 -22.752855 0.063419 5.103700 7.203442 15.345543 7.727366 -14.650214 -2.863321 1.996836 12.301691 -13.116908 12.493875 -13.412002 -1.273598 -4.285687 10.705756 -1.853042 9.530378
-0.109027 -10.079583 5.457815 -20.303564 7.711892 -9.999479 16.049351 -0.968740 -9.353581 -11.026133 -16.222431 5.608248 -22.752855 0.063419 5.103700 7.203442 15.345543 7.727366 -14.650214 -2.863321 1.996836 12.301691 -13.116908 12.493875 -13.412002 -1.273598 -4.285687 10.705756 -1.853042 9.530378
-0.109027 -10.079583 5.457815 -20.303564 7.711892 -9.999479 16.049351 -0.968740 -9.353581 -11.026133 -16.222431 5.608248 -22.752855 0.063419 5.103700 7.203442 15.345543 7.727366 -14.650214 -2.863321 1.996836 12.301691 -13.116908 12.493875 -13.412002 -1.273598 -4.285687 10.705756 -1.853042 9.530378
-0.109027 -10.079583 5.457815 -20.303564 7.711892 -9.999479 16.049351 -0.968740 -9.353581 -11.026133 -16.222431 5.608248 -22.752855 0.063419 5.103700 7.203442 15.345543 7.727366 -14.650214 -2.863321 1.996836 12.301691 -13.116908 12.493875 -13.412002 -1.273598 -4.285687 10.705756 -1.853042 9.530378
-0.109027 -10.079583 5.457815 -20.303564 7.711892 -9.999479 16.049351 -0.968740 -9.353581 -11.026133 -16.222431 5.608248 -22.752855 0.063419 5.103700 7.203442 15.345543 7.727366 -14.650214 -2.863321 1.996836 12.301691 -13.116908 12.493875 -13.412002 -1.273598 -4.285687 10.705756 -1.853042 9.530378
-0.107586 -10.080552 5.456030 -20.301605 7.711599 -10.002213 16.046804 -0.969679 -9.355370 -11.027136 -16.222830 5.612020 -22.752077 0.066876 5.111959 7.202840 15.342462 7.725695 -14.651459 -2.864360 1.996918 12.300832 -13.117283 12.495198 -13.412811 -1.273788 -4.284269 10.704641 -1.853939 9.528792
-0.101083 -10.086408 5.449928 -20.303881 7.706028 -10.029167 16.048714 -0.967394 -9.353479 -11.024300 -16.227486 5.631058 -22.754284 0.075993 5.117171 7.202082 15.339311 7.720194 -14.651334 -2.873615 1.997124 12.301731 -13.117635 12.495103 -13.412715 -1.273823 -4.284064 10.704291 -1.854104 9.528231
0.894501 -3.019663 4.922706 -26.347456 5.678478 -7.414256 20.410431 -3.399842 -11.998607 -12.906355 -16.068348 5.977261 -23.828785 -5.413632 0.224001 4.408870 15.369929 7.149897 -16.015463 1.447042 -0.118876 10.154528 -11.816364 13.650643 -14.743678 1.591893 -4.751740 9.925340 -1.874310 8.944234
0.894501 -3.019663 4.922706 -26.347456 5.678478 -7.414256 20.410431 -3.399842 -11.998607 -12.906355 -16.068348 5.977261 -23.828785 -5.413632 0.224001 4.408870 15.369929 7.149897 -16.015463 1.447042 -0.118876 10.154528 -11.816364 13.650643 -14.743678 1.591893 -4.751740 9.925340 -1.874310 8.944234
0.894501 -3.019663 4.922706 -26.347456 5.678478 -7.414256 20.410431 -3.399842 -11.998607 -12.906355 -16.068348 5.977261 -23.828785 -5.413632 0.224001 4.408870 15.369929 7.149897 -16.015463 1.447042 -0.118876 10.154528 -11.816364 13.650643 -14.743678 1.591893 -4.751740 9.925340 -1.874310 8.944234
-0.032845 -9.910608 5.537450 -20.169222 7.336316 -10.766775 16.328173 -1.006334 -9.415138 -11.204111 -16.249613 5.574886 -22.695496 0.173741 5.234729 7.195772 15.108212 7.754985 -14.673369 -2.747625 1.912041 12.039233 -13.155352 12.366271 -13.370826 -1.170488 -4.019794 10.995167 -1.532021 9.434778
-0.103755 -10.108776 5.445252 -20.286142 7.701306 -10.073036 16.064507 -0.966417 -9.341525 -11.017228 -16.241718 5.642372 -22.745312 0.084784 5.125528 7.209436 15.315937 7.713752 -14.648899 -2.878552 2.010275 12.317218 -13.125704 12.489490 -13.412223 -1.272822 -4.268064 10.703453 -1.843870 9.520449
-0.106885 -10.090530 5.444948 -20.301172 7.702635 -10.067703 16.082239 -0.972700 -9.336162 -11.011257 -16.201687 5.650278 -22.770676 0.100342 5.182016 7.186608 15.344131 7.706672 -14.656914 -2.854897 2.006857 12.312890 -13.119976 12.495012 -13.413363 -1.275249 -4.278244 10.703499 -1.853243 9.525326
-0.101990 -10.088066 5.437607 -20.304083 7.702320 -10.058901 16.082563 -0.971944 -9.343305 -11.013926 -16.201328 5.650538 -22.771347 0.099585 5.182167 7.186699 15.344115 7.706553 -14.656190 -2.855227 2.002253 12.309018 -13.122085 12.494762 -13.409490 -1.272390 -4.281521 10.701738 -1.854327 9.524944
-0.121448 -10.067369 5.462538 -20.315233 7.721888 -9.978208 16.058180 -0.972154 -9.346650 -11.016528 -16.204975 5.599715 -22.762035 0.058358 5.113184 7.194431 15.372533 7.727367 -14.648674 -2.845642 2.011556 12.302849 -13.109770 12.494209 -13.414438 -1.257656 -4.286830 10.690999 -1.843112 9.550816
-0.111846 -10.076403 5.461710 -20.303595 7.715099 -9.989751 16.048161 -0.970390 -9.352120 -11.027364 -16.224634 5.600894 -22.751274 0.056226 5.085817 7.206356 15.348050 7.731245 -14.648133 -2.856776 1.997217 12.300041 -13.113760 12.496212 -13.413772 -1.274139 -4.285953 10.705105 -1.854419 9.530280
-0.111846 -10.076403 5.461710 -20.303595 7.715099 -9.989751 16.048161 -0.970390 -9.352120 -11.027364 -16.224634 5.600894 -22.751274 0.056226 5.085817 7.206356 15.348050 7.731245 -14.648133 -2.856776 1.997217 12.300041 -13.113760 12.496212 -13.413772 -1.274139 -4.285953 10.705105 -1.854419 9.530280
-0.121653 -10.066023 5.467312 -20.306810 7.723495 -9.971321 16.050581 -0.973357 -9.349014 -11.025352 -16.207987 5.594546 -22.759867 0.055967 5.103914 7.198923 15.367862 7.729741 -14.648190 -2.840602 2.006210 12.300974 -13.109411 12.499078 -13.415343 -1.262429 -4.284585 10.695017 -1.847437 9.541580
-0.121485 -10.066006 5.467302 -20.306755 7.723491 -9.971315 16.050432 -0.973337 -9.349082 -11.025370 -16.207714 5.594491 -22.759951 0.055950 5.104096 7.198658 15.368478 7.729586 -14.648214 -2.840566 2.006027 12.300717 -13.109278 12.499224 -13.415183 -1.262450 -4.284832 10.695217 -1.847407 9.541462
-0.119613 -10.067913 5.464509 -20.306688 7.719813 -9.982764 16.050583 -0.973375 -9.349950 -11.024563 -16.204899 5.596727 -22.761799 0.058111 5.110195 7.195474 15.373566 7.728276 -14.648088 -2.841795 2.009602 12.306260 -13.112069 12.490626 -13.412181 -1.260282 -4.284841 10.693516 -1.845113 9.549619
