-7.824540 -20.597494 4.435867 -2.731007 21.258038 -7.131697 8.900970 16.043938 -5.860293 1.762522 -8.766232 -7.603800 -18.162918 -5.174485 9.277248 8.272791 3.459565 -0.892957 -21.997507 -0.360444 8.919819 9.283988 -9.220287 7.056255 -7.609580 0.559858 -17.921240 9.936424 -1.455207 1.353064
-7.912533 -20.622683 4.438494 -2.700557 21.259571 -7.137752 8.921322 16.000011 -5.882493 1.767265 -8.764389 -7.625401 -18.079922 -5.183818 9.302629 8.293267 3.512941 -0.969353 -22.039328 -0.383484 8.922916 9.318916 -9.164740 7.025639 -7.645754 0.557751 -17.909969 9.935747 -1.458221 1.469397
-8.054830 -20.654245 4.436066 -2.623734 21.284149 -7.130217 8.947533 16.010262 -5.958424 1.757607 -8.749161 -7.645349 -17.976444 -5.185475 9.347696 8.346896 3.571692 -1.081643 -22.075569 -0.385423 8.935033 9.298629 -9.146515 6.970219 -7.618089 0.595525 -17.965702 9.931557 -1.445920 1.498132
-8.336613 -20.696056 4.387935 -2.477454 21.326376 -7.122124 9.001966 16.007236 -6.115768 1.758979 -8.698427 -7.689951 -17.807190 -5.204320 9.415535 8.448592 3.671937 -1.279197 -22.161074 -0.406933 8.988054 9.302270 -9.057964 6.853129 -7.618500 0.652227 -18.059814 9.929977 -1.420219 1.612443
-8.570711 -20.740921 4.351705 -2.378403 21.391525 -7.134082 9.020674 16.068626 -6.242158 1.723134 -8.682220 -7.705737 -17.573162 -5.199644 9.493422 8.585476 3.805059 -1.540993 -22.215874 -0.370649 9.023659 9.279779 -9.047601 6.810832 -7.569099 0.714545 -18.129868 9.921730 -1.392728 1.617965
-8.936800 -20.797058 4.255842 -2.244287 21.517738 -7.105152 9.071323 16.072708 -6.468285 1.697082 -8.604101 -7.753484 -17.289125 -5.209634 9.622044 8.782967 3.996817 -1.879908 -22.364878 -0.358459 9.131069 9.283023 -8.928651 6.685682 -7.519244 0.820892 -18.269529 9.914129 -1.362521 1.748090
-9.347424 -20.893587 4.110898 -2.044496 21.625959 -7.046763 9.158442 16.142008 -6.763868 1.654332 -8.239054 -7.841017 -17.032650 -5.366413 9.637053 9.256099 4.015357 -2.436234 -22.483656 -0.408917 9.266625 9.224278 -8.843956 6.580151 -7.380938 1.010775 -18.436544 9.927616 -1.281105 1.800371
-10.112438 -21.108633 4.186345 -1.641290 21.411854 -6.813444 9.351961 16.559322 -7.245696 1.268081 -7.468082 -7.958938 -17.278040 -5.652245 9.345458 10.170441 3.559227 -2.923240 -22.424133 -0.647051 9.518362 8.966381 -8.920177 6.521192 -7.017716 1.456511 -18.669353 9.942280 -1.025364 1.590601
-10.917637 -21.394842 4.140792 -1.269895 21.228132 -6.608185 9.595142 16.818468 -7.721950 0.990305 -6.894368 -8.025098 -17.478104 -5.865842 9.135018 10.917604 3.382057 -3.354789 -22.258942 -0.666594 9.901056 8.730491 -8.904778 6.546299 -6.545491 1.944208 -18.850761 10.024310 -0.717209 1.389968
-11.763971 -21.829008 4.159078 -1.019558 20.931870 -6.300017 9.889349 17.149830 -8.079944 0.623903 -6.174001 -8.111486 -17.498442 -6.185987 8.982862 11.709352 3.163680 -3.938783 -22.324785 -0.745900 10.179651 8.446832 -8.984715 6.586634 -6.198366 2.376460 -18.937233 10.072118 -0.387853 1.234554
-12.607454 -22.281725 4.000093 -0.845411 20.682369 -6.038692 10.222282 17.178402 -8.485835 0.316968 -5.801385 -8.088594 -18.027069 -6.325884 8.745049 12.067139 2.889349 -3.984449 -22.120428 -0.937021 10.546038 8.253228 -8.921831 6.453537 -5.933375 2.702176 -19.167908 10.120064 -0.120636 1.173724
-13.078918 -22.489561 3.681896 -0.806629 20.468853 -5.786675 10.347059 17.305527 -8.781837 0.053950 -5.552498 -8.138354 -17.657402 -6.566172 8.817865 12.179862 3.021589 -4.648454 -22.371716 -1.191095 10.725387 8.107379 -9.009767 6.417296 -5.853346 2.812896 -19.279469 10.090108 0.010873 1.018082
-13.315136 -22.453772 3.358787 -0.834137 20.437895 -5.661339 10.307840 17.569283 -9.058569 -0.141886 -5.276381 -8.139337 -17.570049 -6.886496 8.658575 12.306318 2.850119 -5.168297 -22.651911 -1.590543 10.893561 7.933025 -9.128580 6.421729 -5.779464 2.907075 -19.415161 10.022479 0.147856 0.738904
-13.151391 -22.186396 2.895836 -0.893902 20.640306 -5.630595 10.044709 17.969223 -9.246398 -0.164451 -5.007536 -8.141609 -17.677925 -7.148446 8.396060 12.381338 2.562246 -5.488439 -22.762266 -2.018006 11.007742 7.870388 -9.159192 6.343559 -5.786871 2.876408 -19.642836 9.907700 0.131763 0.576629
-12.883589 -21.873999 2.347911 -1.059575 20.869293 -5.505702 9.658039 18.484282 -9.381425 -0.186642 -4.894948 -8.108183 -17.789274 -7.308071 8.091608 12.412787 2.170523 -5.683600 -22.863333 -2.435191 10.983784 7.758063 -9.309639 6.413069 -5.803366 2.862251 -19.723707 9.773819 0.140417 0.343933
-12.615003 -21.563883 1.993325 -1.188254 21.035212 -5.460352 9.337528 18.927586 -9.459127 -0.219705 -4.711919 -8.189582 -17.758364 -7.477627 7.901324 12.492035 1.977811 -5.997279 -23.012083 -2.882292 11.040488 7.683695 -9.387301 6.380334 -5.823757 2.826407 -19.855659 9.673761 0.149450 0.217970
-12.448640 -21.315834 1.758066 -1.256316 21.181906 -5.463578 9.136154 19.219196 -9.549855 -0.257044 -4.559630 -8.282163 -17.667027 -7.630156 7.822756 12.510384 1.887523 -6.301120 -23.192570 -3.293357 11.075912 7.664424 -9.445230 6.388791 -5.874456 2.733107 -19.926693 9.597338 0.114053 0.121802
-12.324535 -21.078470 1.627015 -1.318478 21.281548 -5.482100 8.982889 19.426922 -9.639907 -0.334038 -4.527395 -8.300171 -17.678616 -7.714750 7.739036 12.433393 1.791430 -6.414900 -23.276522 -3.553787 11.139668 7.544290 -9.600866 6.497169 -5.828703 2.760484 -19.921122 9.559684 0.201744 -0.113967
-12.186186 -20.904230 1.578059 -1.342084 21.352482 -5.478735 8.846420 19.642071 -9.676368 -0.388118 -4.506077 -8.292224 -17.729406 -7.777706 7.670730 12.361356 1.723677 -6.452260 -23.330889 -3.690126 11.188724 7.482609 -9.669990 6.532469 -5.799986 2.778795 -19.939301 9.547097 0.251888 -0.222443
-12.117731 -20.816612 1.547360 -1.356542 21.407166 -5.503857 8.792692 19.684507 -9.689675 -0.383486 -4.511661 -8.291183 -17.753834 -7.779297 7.655652 12.326533 1.712718 -6.444640 -23.339663 -3.728371 11.187666 7.499204 -9.652809 6.486749 -5.843707 2.746189 -19.965950 9.531252 0.232468 -0.174281
-12.053493 -20.952326 1.969629 -1.429327 21.111248 -5.453510 8.784479 19.942055 -9.429854 -0.609185 -4.417977 -8.268140 -18.252319 -7.813020 7.405584 12.350730 1.310203 -6.034917 -23.202223 -3.837385 11.118059 7.417526 -9.871284 6.740350 -5.741236 2.710978 -19.816957 9.557055 0.250552 -0.522064
-11.543278 -21.273684 3.611678 -1.807006 20.005325 -5.293124 8.741957 20.691599 -8.343327 -1.287965 -3.887741 -8.409410 -19.709528 -8.036876 6.657738 12.484105 0.058960 -4.907584 -23.074793 -4.483901 10.903124 7.115373 -10.498852 7.524943 -5.392361 2.671707 -19.330944 9.714752 0.403616 -1.574758
-10.914490 -21.430590 5.407303 -2.163188 18.638943 -5.435355 8.787360 21.813801 -7.276861 -2.213745 -2.963523 -8.665862 -21.531273 -8.658229 5.812582 12.463395 -1.600788 -3.458600 -22.875219 -5.242339 10.485336 6.574637 -11.615049 8.708694 -5.043385 2.663888 -18.541668 9.918465 0.665565 -3.171987
-8.596863 -20.954603 7.091182 -3.323772 17.631590 -6.024146 8.603848 23.366196 -5.686586 -2.923509 -1.798673 -9.072868 -23.217178 -9.566244 5.147776 11.658545 -3.199695 -1.983535 -22.839464 -6.222461 9.943929 5.554493 -13.186335 10.018003 -4.679229 3.128213 -17.516516 10.079172 1.353500 -4.936547
-5.639719 -19.591919 8.777978 -4.829776 16.565451 -6.780631 8.129560 24.572247 -4.173278 -3.798935 -0.424164 -9.248166 -26.235680 -10.850459 4.099319 10.562513 -4.680614 -0.081979 -22.912592 -7.285514 9.050608 4.174040 -15.187862 11.217049 -4.605845 3.885268 -16.161243 9.914814 2.279259 -5.723384
-3.216691 -18.707283 10.128547 -7.186611 16.386860 -5.698021 6.985838 25.254990 -2.468594 -4.147240 -0.487419 -8.255652 -29.667271 -10.682935 2.818004 10.941308 -6.117443 2.069021 -20.868753 -6.672191 7.061849 2.998698 -17.359825 12.443820 -5.420207 4.957067 -13.795409 9.435633 3.250240 -5.317903
2.277895 -17.916220 10.518788 -9.570794 15.229356 -5.961276 6.157517 25.075798 -0.358871 -4.819145 -0.987550 -6.243860 -33.567375 -10.904633 2.681064 9.789504 -5.473088 4.856160 -17.644815 -3.456731 2.655762 1.391318 -20.611616 14.474885 -6.080394 7.278542 -10.126952 7.936645 3.417823 -2.800617
5.749934 -17.608347 11.583968 -11.454061 12.451169 -9.265623 8.017241 21.615826 0.570094 -6.344010 -2.143997 -3.506985 -36.489304 -12.613078 3.783183 5.956545 -3.661136 6.959110 -14.735713 0.300623 -0.826446 0.795571 -23.376669 15.618384 -7.274871 8.676846 -7.526004 5.876846 2.398833 1.643756
6.186335 -16.722197 13.749346 -13.483900 10.487746 -14.710337 10.554341 16.941608 2.362885 -5.944055 -3.622221 -1.766783 -36.235577 -12.910883 6.712598 3.119573 1.254547 7.102000 -12.969260 4.718719 -2.660399 2.200450 -22.764721 16.335520 -9.025081 9.460138 -5.664541 4.536474 1.439464 5.143609
3.826537 -17.257860 14.048702 -15.089218 10.251985 -18.618963 12.276355 11.446747 3.377645 -4.975685 -5.011169 -0.221208 -36.984360 -10.762002 8.459566 2.410958 5.871294 8.308699 -10.192842 9.625851 -4.147951 3.965876 -21.665018 16.942125 -10.800830 9.705800 -3.975486 3.723169 0.331418 7.395957
0.264175 -16.883757 11.937249 -15.744332 10.585210 -20.124975 12.609160 8.953957 1.884480 -5.451514 -5.514579 0.520583 -37.235374 -9.833992 10.214844 1.629691 9.062760 8.594632 -8.571704 12.647318 -4.590980 6.541427 -19.171911 16.439009 -12.725511 8.966435 -2.995577 4.222477 -0.433914 8.042073
-2.075374 -17.464647 8.619468 -15.980196 11.001578 -19.090551 13.262162 7.564934 -0.269360 -4.970695 -7.287688 1.325925 -34.535881 -9.122672 12.594323 1.062811 11.867918 6.234291 -8.733861 14.206577 -4.567355 9.142251 -16.603714 16.284674 -14.028985 7.786916 -3.298651 4.288827 -1.775200 7.440387
-4.411378 -18.451559 4.774208 -15.671679 11.939828 -17.899885 13.232826 6.305445 -2.367356 -4.321040 -9.635118 1.835363 -31.887846 -6.317008 14.821376 1.276900 15.828234 2.474697 -8.668565 13.305947 -4.524493 11.234962 -14.716145 16.101030 -15.305984 6.894468 -4.112833 3.619435 -3.125440 7.240775
-5.552111 -18.854578 1.834361 -15.762737 12.767200 -17.306501 12.380724 5.495929 -3.613257 -4.527433 -10.300802 2.631983 -29.957497 -5.625428 16.129856 1.758560 17.100229 0.031693 -9.178473 13.642608 -4.460563 12.561416 -13.173624 15.935142 -15.749913 6.319506 -5.201070 3.198493 -4.571197 7.704962
-5.973718 -18.807718 -0.473056 -15.865011 13.958987 -17.118767 10.787657 4.940629 -4.309225 -4.966729 -11.258041 3.335334 -27.810604 -5.349421 17.062374 1.907341 17.887600 -2.205644 -10.009918 14.052647 -4.632452 13.237683 -12.219338 15.429341 -16.060783 5.868282 -6.126400 2.972323 -5.598714 8.167178
-6.657383 -18.397694 -1.891645 -15.650732 15.176497 -17.695387 10.057837 4.140873 -5.008407 -4.809868 -12.402626 3.472782 -25.867451 -5.578892 17.531525 1.360647 18.532495 -3.347003 -10.810760 14.586233 -4.567697 13.451184 -11.709186 14.813703 -16.225012 5.686685 -6.721642 2.790971 -5.950399 8.459090
-7.218440 -17.727863 -2.639669 -15.354848 16.395823 -18.129259 9.555331 3.432916 -5.450438 -4.552680 -13.458052 3.498329 -24.322300 -5.687858 17.731674 0.933200 19.011946 -4.077872 -11.272755 14.969137 -4.310400 13.608983 -11.061430 14.237111 -16.179474 5.590997 -7.354914 2.802325 -6.176171 8.833076
-7.716402 -16.999727 -3.213481 -15.190389 17.350468 -18.558371 9.460680 2.799844 -5.969189 -4.116679 -14.014870 3.410496 -23.315348 -5.790781 17.726246 1.117404 19.145697 -4.747232 -11.440582 15.141275 -3.848003 13.821021 -10.422964 13.624374 -16.112068 5.513494 -7.900080 2.854895 -6.267123 9.037825
-7.826427 -16.480001 -3.289972 -15.057323 17.891823 -18.731398 9.445395 2.500978 -6.245477 -3.801281 -14.381317 3.292845 -22.724472 -5.843539 17.622702 1.168288 19.135311 -5.064605 -11.581590 15.174189 -3.544597 14.050735 -9.988398 13.299534 -16.092188 5.474130 -8.251416 2.845124 -6.364509 9.111032
-7.841644 -16.294998 -3.319293 -14.973146 18.084740 -18.754629 9.453159 2.381241 -6.363851 -3.647352 -14.466360 3.199486 -22.438194 -5.932685 17.615723 1.205313 19.059198 -5.173327 -11.670033 15.171617 -3.417591 14.109925 -9.833923 13.242322 -16.073328 5.462442 -8.400696 2.804810 -6.422959 9.095596
-7.860982 -16.273430 -3.310983 -14.932798 18.099310 -18.758986 9.492424 2.361973 -6.406052 -3.614383 -14.453129 3.180681 -22.435568 -5.962771 17.612659 1.175219 19.058647 -5.173500 -11.682689 15.160232 -3.396750 14.118318 -9.822433 13.237065 -16.045795 5.464128 -8.415040 2.810676 -6.429531 9.092341
-7.803740 -16.183002 -3.294905 -14.843294 18.133484 -18.763014 9.559342 2.426909 -6.482870 -3.547051 -14.435003 3.119554 -22.389029 -6.009887 17.611399 1.131448 19.025606 -5.169780 -11.710384 15.095606 -3.317582 14.116755 -9.749705 13.263733 -15.979095 5.500516 -8.474903 2.809483 -6.427858 9.076334
-7.769260 -15.992041 -3.229021 -14.754084 18.209423 -18.747541 9.631571 2.534120 -6.610318 -3.486254 -14.341291 2.942053 -22.306467 -6.106143 17.629219 1.063543 18.960466 -5.165552 -11.790141 14.896106 -3.219234 14.087613 -9.676211 13.215901 -15.915972 5.533479 -8.539700 2.838012 -6.397860 9.087976
-7.729563 -15.828167 -3.122396 -14.581452 18.218925 -18.817957 9.832297 2.620513 -6.776263 -3.357191 -14.289883 2.752800 -22.226191 -6.183895 17.645210 0.943958 18.992249 -5.167069 -11.850755 14.761379 -3.071928 14.029416 -9.559696 13.195382 -15.792123 5.593629 -8.639007 2.893560 -6.340104 9.053421
-7.650319 -15.586514 -3.013642 -14.305080 18.302616 -18.868757 10.040180 2.694903 -7.010313 -3.142510 -14.162327 2.545858 -22.017723 -6.399577 17.687441 0.809606 18.941086 -5.227338 -11.993349 14.652050 -2.901846 14.002971 -9.411515 13.101882 -15.631047 5.638090 -8.843441 2.971079 -6.312193 9.003765
-7.715794 -15.473289 -2.932018 -14.065630 18.339104 -18.903193 10.349069 2.660051 -7.211425 -2.897895 -14.057479 2.353133 -21.728369 -6.608310 17.728365 0.740612 18.901133 -5.394055 -12.155652 14.555799 -2.802770 14.021518 -9.234161 13.072038 -15.533656 5.663000 -9.009529 3.043858 -6.324011 9.033193
-7.666353 -15.340453 -2.699032 -13.828127 18.213501 -19.026949 10.805497 2.733654 -7.362599 -2.636728 -14.026816 2.242649 -21.419956 -6.838189 17.817841 0.598256 18.929045 -5.592283 -12.316506 14.576519 -2.635082 13.970702 -9.042789 13.017270 -15.362306 5.719500 -9.300982 3.099663 -6.310940 8.997218
-7.697744 -15.101796 -2.293170 -13.460154 18.108376 -19.175453 11.243135 2.807347 -7.508972 -2.415550 -13.769530 2.020715 -21.097639 -7.294212 17.856876 0.540704 18.671286 -5.593552 -12.545143 14.517226 -2.437183 14.045508 -8.659385 12.934425 -15.206339 5.745220 -9.666392 3.171185 -6.361029 9.045242
-7.800098 -14.824477 -1.842911 -12.964612 18.028542 -19.518789 11.570907 3.085639 -7.654720 -2.248964 -13.560572 1.869084 -20.816448 -7.786886 17.889748 0.436018 18.628433 -5.674538 -12.762801 14.528128 -2.323003 14.062234 -8.490048 12.972652 -14.961361 5.789444 -10.026766 3.265585 -6.412091 8.955016
-8.043739 -14.580555 -1.334052 -12.509272 17.925737 -19.878498 11.817525 3.257266 -7.787820 -2.241076 -13.345719 1.810853 -20.574295 -8.270600 17.885542 0.508254 18.381571 -5.791892 -12.927474 14.620047 -2.216647 14.116120 -8.236302 12.953781 -14.760207 5.843912 -10.415847 3.320270 -6.494164 8.955722
-8.174763 -14.249316 -0.791547 -12.089951 17.708534 -20.252974 12.113602 3.455665 -7.976585 -2.291185 -13.024110 1.732739 -20.405006 -8.766686 17.855511 0.660506 18.005587 -5.836979 -13.072878 14.677672 -2.143423 14.136211 -7.983318 12.955452 -14.560508 5.900336 -10.836852 3.348607 -6.579852 8.957102
-8.123410 -14.014357 -0.470742 -11.734440 17.611668 -20.464466 12.301521 3.758687 -8.136719 -2.294451 -12.590152 1.595490 -20.291458 -9.238282 17.828585 0.869972 17.635258 -5.808772 -13.207283 14.793451 -2.059129 14.094428 -7.787532 12.978576 -14.299489 5.965506 -11.231537 3.419804 -6.628604 8.867046
-8.114492 -13.787664 -0.329760 -11.486409 17.684710 -20.772448 12.388260 4.150767 -8.200261 -2.202876 -12.095775 1.370341 -20.247259 -9.724666 17.823063 0.992374 17.467192 -5.830678 -13.326066 15.018925 -1.970458 13.967214 -7.694184 13.054370 -14.033298 6.059478 -11.578267 3.419086 -6.699547 8.811731
-7.878739 -13.549838 -0.091623 -11.125980 17.756405 -20.979334 12.526598 4.546239 -8.267879 -2.031430 -11.510078 1.080259 -20.318794 -10.266509 17.765499 1.038184 17.255953 -5.815766 -13.446588 15.077490 -1.853801 13.899980 -7.574257 13.071915 -13.819863 6.138459 -11.926539 3.385846 -6.755054 8.722054
-7.581356 -13.241684 0.240653 -10.787157 17.857807 -21.081060 12.561042 4.967747 -8.353012 -1.869647 -11.020145 0.886955 -20.407558 -10.642407 17.771236 1.183616 17.236399 -5.873979 -13.490167 15.178509 -1.784521 13.736491 -7.552765 13.124095 -13.634226 6.254897 -12.183789 3.348884 -6.757821 8.601130
-7.457875 -13.071215 0.530078 -10.642748 17.823626 -21.114141 12.661201 5.183416 -8.350658 -1.758973 -10.555164 0.642226 -20.633505 -11.021422 17.674068 1.161959 17.123945 -5.769350 -13.546576 15.102950 -1.736210 13.612960 -7.485176 13.209102 -13.492261 6.333401 -12.360007 3.345880 -6.760082 8.471480
-7.260782 -12.941165 0.815788 -10.488150 17.715910 -21.105364 12.792608 5.403360 -8.356706 -1.643115 -10.249750 0.416552 -20.805168 -11.281903 17.610786 1.083494 17.061861 -5.624295 -13.589343 14.997154 -1.679594 13.459077 -7.533573 13.281224 -13.351254 6.404024 -12.496397 3.326184 -6.735164 8.296154
-7.201201 -12.883686 1.033145 -10.406443 17.582481 -21.121355 12.934074 5.493833 -8.339637 -1.582877 -10.045591 0.280180 -20.949150 -11.424709 17.558620 1.044887 16.997786 -5.506072 -13.614713 14.895514 -1.636316 13.321181 -7.612737 13.311292 -13.241332 6.481531 -12.574236 3.304899 -6.688590 8.190050
-7.143978 -12.843996 1.206539 -10.349545 17.502409 -21.132206 13.002455 5.599132 -8.288224 -1.556747 -9.884306 0.121685 -21.086655 -11.589078 17.473415 0.941442 16.875664 -5.317410 -13.651004 14.713778 -1.618025 13.274572 -7.649024 13.323864 -13.187625 6.500588 -12.620772 3.290061 -6.683989 8.124865
-7.105391 -12.825902 1.264455 -10.328188 17.467266 -21.128675 13.023726 5.654178 -8.281505 -1.554239 -9.813751 0.071974 -21.146542 -11.641064 17.458221 0.905089 16.867159 -5.267015 -13.657726 14.662929 -1.610040 13.241941 -7.677417 13.335964 -13.160298 6.516252 -12.626779 3.288299 -6.668030 8.099077
-7.135571 -12.813042 1.293829 -10.309652 17.465164 -21.150782 13.052794 5.639036 -8.282434 -1.537800 -9.811023 0.073524 -21.140102 -11.646361 17.458958 0.913841 16.868372 -5.283195 -13.658104 14.674782 -1.607251 13.259566 -7.657217 13.336876 -13.165178 6.512025 -12.636416 3.281999 -6.681689 8.107847
-7.193718 -12.770430 1.375643 -10.258483 17.434666 -21.187355 13.144526 5.608650 -8.305490 -1.500139 -9.772104 0.064871 -21.116537 -11.692310 17.451609 0.954046 16.861629 -5.339299 -13.668263 14.724416 -1.582874 13.269148 -7.618226 13.332963 -13.155908 6.520393 -12.668457 3.281182 -6.681809 8.095217
-7.235932 -12.695418 1.482257 -10.175686 17.390091 -21.237083 13.243963 5.620596 -8.357906 -1.465624 -9.722951 0.039181 -21.124107 -11.749175 17.448515 0.949444 16.848171 -5.342815 -13.676825 14.721033 -1.562526 13.272507 -7.578481 13.339444 -13.139821 6.535467 -12.722628 3.260693 -6.699231 8.092226
-7.221336 -12.620668 1.645927 -10.083158 17.324352 -21.265282 13.354998 5.641201 -8.383630 -1.414380 -9.637680 0.007184 -21.124043 -11.837534 17.451149 0.985680 16.818789 -5.358328 -13.684379 14.748186 -1.534435 13.284536 -7.528365 13.353775 -13.104517 6.554563 -12.804431 3.227874 -6.735509 8.056455
-7.115333 -12.529602 1.859342 -9.964968 17.241228 -21.261410 13.467270 5.711682 -8.387626 -1.331796 -9.541260 -0.020960 -21.046406 -11.976417 17.486074 1.053934 16.802382 -5.456887 -13.713352 14.839743 -1.491809 13.262462 -7.490660 13.388696 -13.027553 6.605826 -12.915973 3.191170 -6.757851 7.981999
-6.968173 -12.482556 2.048724 -9.846386 17.107662 -21.227068 13.620192 5.748249 -8.401921 -1.225710 -9.449942 -0.028229 -21.049294 -12.065514 17.504946 1.108241 16.794899 -5.538171 -13.716731 14.915380 -1.455437 13.249452 -7.473114 13.419821 -12.964601 6.643293 -13.029328 3.134091 -6.796460 7.898206
-6.917429 -12.412097 2.292251 -9.734150 16.992970 -21.239054 13.803136 5.695651 -8.382701 -1.127383 -9.320400 -0.078452 -21.074194 -12.217830 17.457432 1.125641 16.702238 -5.572127 -13.756963 14.951921 -1.430447 13.301387 -7.359757 13.409047 -12.953118 6.648079 -13.151830 3.088091 -6.866414 7.872641
-6.778454 -12.298992 2.496182 -9.605007 16.973242 -21.238176 13.875275 5.734550 -8.340264 -1.046232 -9.265501 -0.103329 -21.009705 -12.339036 17.438843 1.146985 16.644432 -5.614433 -13.809901 15.003360 -1.377268 13.387144 -7.168444 13.443055 -12.895093 6.656507 -13.323726 3.048538 -6.967395 7.798977
-6.542864 -12.164356 2.617242 -9.454348 16.977453 -21.238974 13.991502 5.841817 -8.330733 -0.888826 -9.174055 -0.185419 -20.953503 -12.477070 17.441914 1.142320 16.690754 -5.683644 -13.858078 15.044962 -1.316985 13.387194 -7.150947 13.496959 -12.759807 6.682240 -13.455401 3.030718 -6.998802 7.640623
-6.449682 -12.101561 2.746747 -9.346380 16.911308 -21.300064 14.164401 5.898636 -8.273269 -0.759010 -9.047896 -0.272751 -20.948555 -12.651212 17.383692 1.114756 16.567709 -5.640746 -13.924202 15.012127 -1.255118 13.462514 -7.030988 13.605959 -12.646728 6.680526 -13.618953 2.982939 -7.088148 7.440363
-6.206605 -11.981145 2.972514 -9.294003 16.895353 -21.343176 14.165699 6.155743 -8.134948 -0.682330 -8.833141 -0.359049 -20.864347 -12.918632 17.413763 1.122393 16.375389 -5.656040 -14.004266 15.038401 -1.211411 13.478827 -7.024753 13.764834 -12.511691 6.689215 -13.766028 2.880434 -7.169502 7.130915
-6.001672 -11.871615 3.212773 -9.256962 16.875526 -21.378632 14.215553 6.304157 -8.049698 -0.639128 -8.665660 -0.500834 -20.823711 -13.142313 17.415115 1.062063 16.156038 -5.516708 -14.095534 14.992304 -1.105582 13.607602 -6.763974 13.902486 -12.307269 6.665112 -14.065294 2.824622 -7.313695 6.771550
-5.732453 -11.744049 3.334227 -9.135764 16.913824 -21.383902 14.242817 6.313980 -8.057976 -0.508471 -8.378616 -0.761420 -20.702080 -13.513398 17.414631 1.043844 15.816981 -5.309096 -14.226928 15.026382 -1.020526 13.715121 -6.562168 14.050498 -12.115155 6.655596 -14.314595 2.782264 -7.431690 6.474832
-5.220908 -11.614128 3.641785 -8.931583 16.918425 -21.292677 14.351833 6.507379 -8.084424 -0.299563 -8.005124 -1.046375 -20.599789 -13.916910 17.438799 1.029881 15.408977 -5.042831 -14.363225 15.139570 -0.902200 13.718534 -6.452619 14.305757 -11.897468 6.685856 -14.523900 2.709267 -7.484620 6.027786
-3.258001 -19.458900 6.920648 -6.824025 24.995506 -2.343722 9.839222 9.973772 0.745494 10.422478 -8.091323 -0.482155 -15.049219 -5.884317 14.147004 9.586895 -1.471056 -5.802291 -22.878191 9.615017 3.993325 11.449752 -4.471850 10.330813 -10.323325 2.159338 -15.112679 9.811897 -4.680274 5.106529
-2.357766 -19.291988 7.225768 -6.828769 24.982281 -2.279262 9.713053 10.122092 0.879488 10.559361 -7.878659 -0.628669 -14.958873 -6.100790 14.158065 9.606255 -2.117198 -5.470978 -23.001036 9.893031 4.155895 11.443122 -4.328805 10.625358 -9.969132 2.244473 -15.507079 9.743010 -4.758039 4.398054
-1.615247 -19.145708 7.441765 -6.719882 24.890718 -2.265182 9.853750 10.441289 0.955878 10.647373 -7.698876 -0.773777 -14.886213 -6.383503 14.043076 9.707727 -2.943827 -4.926860 -23.045164 10.366055 4.247551 11.465543 -4.253851 10.855870 -9.814315 2.287863 -15.646680 9.721910 -4.782564 4.043068
-1.290457 -19.063971 7.543206 -6.697728 24.775043 -2.374605 9.782270 10.720494 0.953758 10.635077 -7.553438 -0.917473 -14.833285 -6.665982 13.953513 9.738535 -3.689728 -4.356653 -23.093981 10.739971 4.398470 11.489265 -4.185936 11.162692 -9.624135 2.339970 -15.856701 9.610573 -4.819695 3.414103
-0.826555 -18.995661 7.608878 -6.588334 24.800392 -2.465322 9.614456 10.908946 1.003184 10.683651 -7.364003 -1.010860 -14.972020 -6.873188 13.874646 9.714359 -4.159595 -3.908427 -23.067446 10.923948 4.496374 11.520749 -4.101301 11.390593 -9.548953 2.369322 -15.914996 9.556152 -4.831359 3.070684
0.672548 -19.026976 7.656902 -4.259928 23.093735 -6.708454 9.253124 10.971640 -1.301444 8.015058 -8.715552 -6.356330 -14.054111 -6.159676 10.686585 12.114826 0.361759 -0.880888 -21.210028 9.660538 6.909426 13.357409 -5.171856 10.505993 -8.292557 0.199960 -15.501832 10.430561 -4.188394 2.994811
1.524347 -18.155279 7.905205 -3.939178 22.702826 -7.525943 9.468482 11.062008 -2.095439 7.251058 -8.523853 -7.251844 -14.100375 -6.164834 10.737878 12.267814 0.797086 -0.129617 -20.853914 9.405374 7.506434 13.390431 -5.340366 10.548631 -8.070051 -0.424924 -15.162715 10.781412 -3.871229 2.889423
1.823128 -18.025587 8.155514 -3.616047 22.402416 -7.813775 9.503494 11.458529 -2.397658 6.824288 -8.324347 -7.464769 -14.353721 -6.545445 10.746147 11.903790 0.824759 0.351576 -20.886284 9.444673 7.638139 13.699254 -5.436280 10.874717 -8.011013 -0.489624 -15.273273 10.469234 -4.090267 2.709709
1.871111 -17.897848 8.601680 -3.543595 22.308300 -7.836656 9.628500 11.796898 -2.325217 6.796195 -8.213958 -7.559914 -14.592876 -6.699448 10.805377 11.585791 0.771186 0.675503 -20.960367 9.333060 7.610926 13.648862 -5.584591 11.113002 -8.040864 -0.482677 -15.157776 10.409046 -4.039250 2.418159
2.055333 -17.771881 8.805904 -3.411427 22.216494 -7.853679 9.834502 12.194626 -2.371676 6.840046 -8.100036 -7.664310 -14.757462 -6.889729 10.835321 11.301763 0.710606 1.026920 -21.016951 9.230256 7.670949 13.604147 -5.707444 11.300870 -7.909378 -0.418343 -15.153270 10.360386 -3.988472 2.100773
2.173684 -17.744711 8.901774 -3.359868 22.093296 -7.872234 10.092134 12.704657 -2.434108 6.893271 -7.969107 -7.799375 -14.945996 -7.090917 10.863691 10.942306 0.760259 1.319136 -21.087372 9.024631 7.729507 13.483537 -5.886414 11.513673 -7.814514 -0.308819 -15.043326 10.314691 -3.854636 1.833829
2.270736 -17.720987 8.900894 -3.411731 21.953703 -7.921353 10.349241 13.085833 -2.421459 6.995248 -7.802844 -7.906631 -15.042099 -7.289648 11.005096 10.609791 0.649728 1.615650 -21.179914 8.853700 7.819462 13.418275 -6.005656 11.730676 -7.724150 -0.207515 -14.955293 10.247091 -3.756395 1.543888
2.474598 -17.770840 8.924335 -3.375741 21.764328 -8.042653 10.687757 13.452662 -2.399606 7.151024 -7.704611 -8.033306 -15.071864 -7.547141 11.060123 10.252512 0.584737 1.891408 -21.294672 8.703843 7.881629 13.256963 -6.075296 11.904419 -7.607368 -0.118150 -14.961139 10.241869 -3.654120 1.250131
2.502805 -17.864370 8.936157 -3.391937 21.519550 -8.116510 10.992119 13.844221 -2.391711 7.175998 -7.600690 -8.168867 -15.166224 -7.855161 11.067515 9.925014 0.341879 2.274188 -21.426279 8.559799 7.944601 13.060208 -6.195637 12.121768 -7.483695 0.009095 -14.862851 10.261415 -3.484642 1.040504
2.578992 -17.979734 8.968186 -3.313605 21.363914 -8.125897 11.245714 14.180048 -2.391793 7.174067 -7.453822 -8.315078 -15.259467 -8.164891 11.133651 9.644856 0.040456 2.669404 -21.548643 8.532943 7.997515 12.849353 -6.328709 12.318237 -7.417710 0.115599 -14.770149 10.269784 -3.314686 0.879972
2.579936 -18.236643 8.932275 -3.270623 21.127956 -8.213396 11.521734 14.490402 -2.400295 7.115397 -7.249252 -8.468003 -15.490989 -8.483556 11.082339 9.383465 -0.160818 3.050231 -21.628611 8.448803 8.045362 12.673073 -6.414489 12.553550 -7.331259 0.223724 -14.648809 10.298031 -3.163188 0.712783
2.552565 -18.389849 8.920702 -3.259758 20.942039 -8.354510 11.698540 14.732120 -2.372650 7.084082 -7.069235 -8.643407 -15.782903 -8.788713 11.039956 9.089645 -0.367804 3.485462 -21.705709 8.310264 8.097565 12.551291 -6.433183 12.712648 -7.278245 0.290096 -14.620555 10.301341 -3.076114 0.580708
2.507452 -18.552021 8.933393 -3.338356 20.720219 -8.385046 11.849949 15.017320 -2.358867 7.031796 -6.908012 -8.760694 -16.002245 -9.027287 10.979283 8.922197 -0.589371 3.827842 -21.735895 8.301160 8.106599 12.379355 -6.511527 12.816922 -7.252043 0.352193 -14.524439 10.341247 -2.946435 0.575992
2.439415 -18.721407 8.912534 -3.418153 20.540956 -8.410545 11.946400 15.256947 -2.357316 6.972664 -6.780138 -8.863513 -16.251842 -9.223308 10.914187 8.721476 -0.782786 4.165936 -21.762699 8.237597 8.146415 12.306470 -6.502663 12.942613 -7.218549 0.396423 -14.473002 10.348346 -2.870895 0.524348
2.450765 -18.865448 8.904691 -3.491652 20.386013 -8.408431 12.025721 15.457323 -2.334471 6.944703 -6.693885 -8.959782 -16.431973 -9.391123 10.855697 8.548028 -0.900915 4.431401 -21.784588 8.184813 8.173471 12.230345 -6.539276 13.060911 -7.207237 0.447758 -14.383767 10.343916 -2.778868 0.482580
2.396677 -19.039480 8.882124 -3.601876 20.222603 -8.401108 12.084707 15.659561 -2.328806 6.876222 -6.625320 -9.013387 -16.571396 -9.461244 10.870233 8.426359 -1.075473 4.656583 -21.795271 8.117077 8.177387 12.158833 -6.581730 13.114682 -7.230372 0.477454 -14.296998 10.344654 -2.708455 0.521482
2.372856 -19.184904 8.855669 -3.649557 20.111286 -8.401704 12.138423 15.804674 -2.346551 6.833321 -6.580066 -9.073745 -16.650297 -9.522009 10.842785 8.354239 -1.114839 4.784416 -21.801455 8.070271 8.186580 12.084828 -6.626429 13.209664 -7.213719 0.517839 -14.206113 10.362822 -2.622767 0.507770
2.376354 -19.285421 8.833778 -3.693663 20.043388 -8.399431 12.142120 15.908607 -2.350506 6.790243 -6.551016 -9.131995 -16.726332 -9.583812 10.810107 8.281978 -1.151549 4.910318 -21.811388 8.032759 8.204927 12.024013 -6.664937 13.293571 -7.193224 0.554574 -14.143573 10.372620 -2.553874 0.481953
2.429569 -19.339909 8.830083 -3.693916 20.010017 -8.404634 12.164989 15.971073 -2.350513 6.786444 -6.565220 -9.196436 -16.786795 -9.654216 10.745609 8.182728 -1.157495 5.045670 -21.831982 7.957445 8.217468 12.009712 -6.685867 13.327161 -7.191227 0.567213 -14.111979 10.365732 -2.525654 0.470808
2.452106 -19.368616 8.823655 -3.704504 19.989250 -8.400700 12.168591 16.023567 -2.346488 6.777568 -6.543640 -9.217276 -16.829178 -9.687230 10.731337 8.149588 -1.165818 5.089238 -21.833731 7.951005 8.222468 11.992673 -6.693530 13.348926 -7.198277 0.574407 -14.089248 10.365613 -2.508646 0.470604
2.455480 -19.392258 8.826324 -3.708183 19.972233 -8.402682 12.178982 16.042246 -2.339108 6.772876 -6.532706 -9.232545 -16.834061 -9.709723 10.727050 8.135589 -1.168842 5.104337 -21.839151 7.956319 8.217148 11.980066 -6.706437 13.356112 -7.207257 0.576343 -14.071467 10.370255 -2.497534 0.477622
