-6.397791 -24.903807 5.722658 -13.351081 18.770487 -7.563560 7.573424 6.351103 3.134778 1.788340 -11.696123 -2.008649 -25.958033 2.660784 9.603509 8.658601 10.516402 2.624736 -15.316030 7.910553 1.991465 12.300361 -13.156157 12.523273 -13.417256 -1.264678 -4.257115 10.686646 -1.840983 9.500257
-6.371667 -24.579668 6.158432 -13.586324 18.673145 -7.591932 7.524308 6.661851 3.312447 1.657648 -11.613662 -1.998626 -26.256317 2.687631 9.572757 8.634863 10.442161 2.847333 -15.166525 7.849778 1.836439 12.273442 -13.480458 12.755662 -13.462660 -1.230451 -3.990985 10.632715 -1.777558 9.226029
-6.413837 -24.058535 6.789852 -14.240913 18.676622 -8.085911 7.289772 7.088861 4.011451 1.675860 -11.601258 -1.862436 -26.996489 3.085058 9.340048 8.949291 10.080457 3.513828 -14.744307 7.798823 1.581084 12.150494 -14.034900 13.132977 -13.529073 -1.087924 -3.624323 10.465733 -1.651060 8.822165
-6.584816 -23.498785 7.556765 -15.121338 18.553085 -8.518488 7.006370 7.592673 4.811903 1.529999 -11.519384 -1.800121 -27.780045 3.267835 8.858268 9.190853 9.523681 4.333321 -14.445952 7.888462 1.234311 11.873586 -14.726701 13.343556 -13.784534 -0.839935 -2.934442 10.330804 -1.289116 8.603848
-6.598390 -22.710894 7.909087 -16.335052 18.668520 -9.413197 6.570901 8.100957 5.519754 1.386165 -11.354659 -1.818635 -28.442471 3.623961 8.408502 9.656237 8.897111 5.281402 -14.139607 8.128613 0.857500 11.351661 -15.494637 13.396150 -14.313270 -0.436477 -2.255746 10.010161 -0.765219 8.628658
-6.322982 -22.066969 7.814508 -17.344391 18.698637 -10.613995 6.235335 8.781664 5.975996 1.254566 -11.064699 -1.647551 -29.130018 3.511740 7.965858 9.653706 8.120103 6.173845 -14.100056 8.460670 0.323186 10.643794 -16.418867 13.381499 -14.927348 -0.034337 -1.549610 9.690909 -0.225697 8.857403
-5.982701 -22.038662 7.698017 -17.751541 18.214952 -11.879543 6.295443 9.504738 6.421319 1.083787 -10.864646 -1.395470 -30.109310 3.056857 7.171910 9.098992 7.210557 7.238044 -14.203395 8.503698 0.279653 9.840421 -17.231440 13.399404 -15.185557 0.322926 -1.061996 9.505190 0.479341 8.919203
-5.602446 -22.441591 7.657848 -17.548008 17.620178 -12.496048 6.532498 9.968458 6.578131 0.886439 -10.816036 -1.111825 -31.029263 2.767835 6.586271 8.575777 6.762441 7.919858 -14.028979 8.463116 0.390534 9.230075 -17.817373 13.359810 -15.386915 0.538431 -0.485434 9.584228 1.192695 8.881878
-5.317214 -22.856853 7.609506 -17.410833 17.266644 -12.809351 6.603689 10.036482 6.704552 0.663448 -10.762518 -0.915565 -31.666225 2.405973 6.201291 8.043631 6.678617 8.290288 -13.932920 8.387449 0.467528 8.908343 -18.183237 13.313048 -15.493493 0.679263 -0.088327 9.654147 1.664200 8.897163
-5.155923 -23.083984 7.601484 -17.258379 17.079576 -12.994835 6.679145 10.072140 6.737879 0.537755 -10.630962 -0.825929 -31.965076 2.194644 6.035995 7.872558 6.609110 8.407568 -13.905765 8.421070 0.490190 8.696548 -18.355867 13.327477 -15.457643 0.811364 0.055416 9.700248 1.913332 8.852487
-5.115522 -23.032194 7.692069 -17.220707 17.045300 -13.054346 6.727829 10.159564 6.755801 0.550416 -10.570215 -0.820766 -31.994827 2.077419 6.003623 7.850678 6.491207 8.459615 -13.927081 8.472418 0.507101 8.656383 -18.392042 13.336992 -15.400441 0.853373 0.038675 9.705072 1.951028 8.799186
-4.863373 -22.648434 8.361968 -16.798811 16.965242 -13.057392 7.064236 10.681589 6.705304 0.700468 -10.209816 -0.908708 -32.062958 1.543458 5.761441 7.907275 5.796326 8.832744 -14.055449 8.738179 0.458574 8.406091 -18.688440 13.352071 -15.092761 0.969724 0.027330 9.800743 2.090234 8.489746
-3.810709 -21.914875 9.604307 -16.065071 16.826458 -12.756732 7.397265 11.187711 6.666070 0.870933 -9.341565 -1.337939 -31.935116 0.239616 5.294536 8.107005 4.149551 9.352006 -14.539012 8.931404 0.319726 8.033549 -19.008371 13.263577 -14.442242 1.147405 -0.126028 10.091003 2.202486 8.004745
-1.941162 -21.222727 10.966548 -15.436640 16.625402 -11.742504 7.403017 11.260897 6.683887 0.714008 -8.343745 -2.043101 -31.835215 -1.061579 4.982085 8.563931 2.556428 10.065721 -14.627469 9.063359 0.443510 7.641721 -19.154787 13.144394 -13.353644 1.476770 -0.324342 10.758444 2.502479 7.115339
-0.549333 -21.056040 11.871825 -14.348022 16.927755 -10.574714 7.296079 11.446834 6.481905 0.929485 -7.982311 -2.402532 -31.667671 -2.065973 4.702066 8.929676 1.291914 10.120239 -14.606723 8.631000 0.928664 7.254493 -19.071505 13.359234 -12.230350 1.739733 -0.691944 11.400313 2.748872 6.126596
0.270387 -21.053570 12.594607 -13.364966 17.144196 -9.507007 7.330571 12.134151 6.372805 1.239344 -8.274261 -2.654211 -31.274633 -2.793582 4.354429 8.949643 -0.322643 10.380593 -15.005671 7.844962 1.406821 6.815660 -18.834330 13.427554 -11.109353 1.877828 -1.807195 11.762344 2.693401 4.826888
0.593120 -20.553411 12.978837 -12.549598 17.359150 -8.452103 7.124850 13.465811 5.856990 1.143814 -8.445471 -3.611000 -30.521742 -3.562368 4.188674 8.285052 -1.761207 10.709816 -15.897559 6.109087 1.897604 6.950390 -18.056288 13.759614 -10.561573 1.730717 -3.469981 11.505161 2.169548 2.705720
0.933520 -19.698324 12.779134 -12.010332 17.946564 -7.764688 6.668544 15.383245 5.098426 1.049559 -8.581475 -4.458822 -29.981133 -3.851241 4.213301 8.109392 -2.558033 10.309310 -16.373363 3.912735 2.486709 6.979954 -17.373774 13.865539 -10.019655 1.697311 -5.219625 11.139245 1.736190 1.008530
1.244903 -18.918943 12.671315 -12.049605 18.252628 -7.460677 6.309912 16.334448 4.778900 0.932983 -8.509378 -4.985940 -29.704746 -4.144163 4.409153 7.898739 -2.771113 9.781589 -16.608328 2.375219 2.848900 6.899315 -17.046457 13.845968 -9.546473 1.707818 -6.271625 10.959467 1.471817 0.410367
1.340893 -18.754034 12.449197 -11.648092 18.282188 -7.350610 6.305738 16.744305 4.368564 0.821323 -8.446202 -5.173450 -29.582094 -4.246657 4.488097 7.901851 -2.803275 9.473171 -16.708370 1.819023 3.107501 6.800931 -16.834406 13.666768 -9.249057 1.770443 -6.939029 10.873798 1.365716 0.207097
1.381356 -18.727736 12.369393 -11.617829 18.309559 -7.353404 6.286863 16.763895 4.322446 0.821847 -8.442921 -5.200463 -29.544579 -4.245264 4.519216 7.890056 -2.767882 9.439992 -16.727304 1.775376 3.150246 6.799162 -16.778162 13.643574 -9.192736 1.777440 -7.037007 10.874871 1.341674 0.187076
1.440143 -18.798601 12.027793 -11.663989 18.431273 -7.526158 6.240657 16.542505 4.273875 0.874141 -8.533206 -5.207805 -29.364620 -4.215390 4.624339 7.726425 -2.620873 9.513751 -16.843699 1.949692 3.123997 6.906357 -16.671587 13.708833 -9.116963 1.729592 -6.987344 10.972765 1.256369 0.279591
1.373984 -18.827150 11.431697 -11.706953 18.787212 -7.796711 6.117421 16.189728 4.231914 1.116301 -8.787009 -5.249604 -28.916428 -4.103070 4.975336 7.357512 -2.199532 9.728194 -17.004282 2.380198 3.191656 7.118391 -16.380688 13.717772 -8.921418 1.671101 -7.014837 11.157722 1.110597 0.486274
1.100622 -18.838903 10.630788 -11.648932 19.315598 -8.177956 5.977445 15.702041 4.094097 1.529889 -9.042912 -5.195026 -28.300619 -4.054822 5.384347 7.148883 -1.645884 9.678284 -17.167250 3.061154 3.288908 7.415285 -16.018200 13.621972 -8.717566 1.540149 -6.877470 11.512031 0.980153 1.091084
0.777625 -18.746469 9.868205 -11.600016 19.992352 -8.551571 5.782657 15.317415 3.892996 1.995390 -9.226540 -5.101283 -27.326853 -4.048442 5.790374 7.114878 -1.010527 9.236894 -17.490673 3.919449 3.430669 7.811519 -15.461516 13.060348 -8.604434 1.362417 -6.891128 11.954508 0.825969 2.138424
0.049660 -18.755945 9.139122 -11.357981 20.641701 -8.805202 5.848848 14.991724 3.313474 2.385697 -9.187639 -5.020514 -26.395569 -4.127734 6.057612 7.359670 -0.498765 8.480953 -17.775854 4.499764 3.528802 8.231072 -14.897972 12.445765 -8.654758 1.133559 -7.037934 12.287018 0.560386 3.244326
-0.173550 -18.931210 8.495912 -10.745510 20.864767 -8.924181 6.110770 14.510170 2.660761 2.698618 -9.190855 -4.989494 -25.595703 -4.158851 6.389889 7.491870 0.185881 7.662076 -17.991983 4.842115 3.660791 8.674209 -14.293131 12.112113 -8.842773 0.834509 -7.414483 12.339497 0.177359 3.838986
-0.096634 -19.191130 7.983299 -10.197525 20.868221 -8.814077 6.356474 14.151860 2.095020 2.850838 -9.218494 -5.057479 -24.830341 -4.153085 6.847868 7.498964 1.008726 6.761603 -18.208525 4.862305 3.918862 9.164962 -13.597245 11.878821 -9.018682 0.501842 -7.927603 12.253477 -0.254090 4.243437
-0.115845 -19.432119 7.476482 -9.690096 20.951717 -8.713078 6.547765 13.868973 1.600031 3.068003 -9.222113 -5.188656 -24.231369 -4.151283 7.260797 7.504852 1.658377 6.068880 -18.347670 4.742592 4.272528 9.572995 -12.960777 11.711228 -9.160275 0.253258 -8.485339 12.077028 -0.597595 4.467674
-0.195770 -19.543533 7.254880 -9.379551 20.964554 -8.635604 6.682210 13.755379 1.315216 3.158899 -9.270607 -5.290565 -23.763063 -4.150676 7.511099 7.502835 2.071018 5.541933 -18.500109 4.623394 4.544475 9.796065 -12.530769 11.529840 -9.210622 0.155681 -8.933955 11.955108 -0.786227 4.547263
-0.209640 -19.553099 7.236229 -9.352551 20.963100 -8.626255 6.694491 13.757718 1.289414 3.162715 -9.276169 -5.312184 -23.718531 -4.154693 7.536105 7.493125 2.098052 5.494009 -18.521257 4.573613 4.557641 9.806080 -12.509682 11.520072 -9.213615 0.152910 -8.954095 11.952123 -0.792819 4.552229
-0.162248 -19.537159 7.349099 -9.439009 20.878990 -8.565952 6.696607 13.925697 1.342349 3.063379 -9.245560 -5.300643 -23.927555 -4.170904 7.415779 7.455803 1.905938 5.702133 -18.477522 4.520849 4.495732 9.693314 -12.687923 11.600188 -9.165797 0.194623 -8.858464 11.956402 -0.720086 4.407934
-0.096936 -19.534853 7.556086 -9.566010 20.682552 -8.399160 6.726200 14.323980 1.407264 2.833811 -9.209901 -5.318898 -24.271618 -4.203032 7.227934 7.364710 1.584486 5.998401 -18.417727 4.270994 4.415604 9.435840 -13.049717 11.777219 -9.071475 0.275397 -8.749772 11.902559 -0.560340 3.942224
0.053309 -19.437046 7.800890 -9.664932 20.494041 -8.152509 6.682737 14.902500 1.479356 2.571894 -9.084514 -5.410301 -24.718908 -4.325893 6.961805 7.230650 1.143734 6.219487 -18.447147 3.662833 4.393471 9.114167 -13.425685 11.953519 -8.978791 0.411999 -8.788085 11.747259 -0.372114 3.277832
-0.057556 -19.517748 8.074814 -9.814335 20.189980 -7.785825 6.653668 15.590273 1.488755 2.094043 -8.905478 -5.414300 -25.423012 -4.471197 6.540154 7.214218 0.522648 6.529721 -18.394268 3.135120 4.445213 8.809138 -13.702404 12.070478 -8.833836 0.598192 -8.915552 11.607615 -0.195642 2.699872
-0.221031 -19.893826 8.423126 -10.244206 19.702520 -7.093852 6.678822 16.473680 1.655934 1.500038 -8.698073 -5.560963 -26.020138 -4.704480 6.200993 7.197472 -0.042750 6.597853 -18.408676 2.265376 4.556088 8.238748 -14.163511 12.296657 -8.516919 0.951351 -9.192027 11.377741 0.103713 1.681524
-0.521038 -20.417164 8.721433 -10.356194 19.147377 -6.183043 6.805512 17.434460 1.555011 0.880347 -8.284706 -5.675615 -26.748909 -5.162563 5.745533 7.378561 -0.750273 6.416346 -18.416731 1.227011 4.727815 7.597187 -14.583669 12.451137 -8.037655 1.374883 -9.656644 11.178711 0.394561 0.673257
-3.115949 -21.850546 8.541993 -12.363998 20.403793 0.313567 7.383521 19.753601 4.101946 3.272762 -5.737971 0.005890 -28.544792 -7.523615 8.058182 5.077917 -7.162289 2.980328 -21.077028 1.983039 3.020891 5.110903 -13.317856 13.819662 -8.503850 4.658926 -10.795909 10.008450 0.084914 -0.045144
-3.095732 -21.944553 8.755095 -11.539471 19.947676 1.201687 7.451492 21.148643 3.492150 2.750361 -4.745991 -0.194186 -28.697800 -8.296679 7.658953 6.104606 -7.867588 1.948354 -21.316313 1.220732 3.746061 4.428300 -13.449453 13.775758 -7.861276 5.278358 -11.778367 9.704832 0.523763 -0.902133
-2.682976 -21.694609 8.429572 -10.170084 20.063692 1.373312 7.579393 21.828592 2.460629 2.725011 -3.450865 -0.491693 -28.788948 -8.851142 7.392455 7.110724 -8.353841 1.133970 -21.261194 0.765488 4.391098 4.089696 -13.250311 13.563691 -7.351162 5.620872 -12.790030 9.508854 0.698557 -1.467579
1.275569 -19.995028 7.929745 -6.760831 18.580982 -4.117998 6.488022 21.947979 -1.149646 -0.277322 -4.154877 -6.776255 -26.850578 -7.590918 4.535779 10.822685 -2.935846 2.821762 -19.020912 -1.600758 7.064087 5.512713 -14.509183 11.801108 -5.538973 3.197153 -13.347650 10.520559 1.461955 -1.888493
1.690801 -18.951880 7.261853 -6.110415 19.280733 -4.673109 6.397518 22.753660 -2.338362 -0.376864 -3.614382 -7.492480 -25.657429 -8.044219 5.030202 10.909541 -2.718560 1.920553 -19.621962 -2.294496 7.723774 6.029423 -13.792994 11.400519 -5.391448 2.865393 -14.965052 10.063692 0.740095 -2.349977
0.892491 -18.262594 6.586800 -5.525785 20.197397 -5.128274 6.315638 22.827847 -3.179050 0.093812 -4.029261 -8.082190 -24.352512 -7.934878 5.781510 9.977926 -1.994191 1.448575 -20.637112 -3.280543 8.264469 6.642618 -12.815867 10.603796 -5.541051 2.360039 -16.199812 10.009638 0.159440 -2.648471
-0.599564 -18.075981 5.590190 -4.952002 20.955416 -5.535152 6.299766 22.076187 -3.687236 0.929815 -4.951605 -8.267649 -23.046045 -7.442831 6.572027 8.928460 -0.848614 1.200921 -21.545725 -3.306620 8.542959 7.361959 -11.983506 9.934741 -5.861676 1.745865 -16.854286 10.044597 -0.427720 -2.513335
-2.305275 -18.376848 5.160810 -4.386784 21.459209 -5.867463 6.638171 21.109987 -4.270515 1.310789 -5.923687 -8.177897 -22.175547 -6.947593 7.206709 8.239173 0.113199 1.025644 -21.900267 -2.982776 8.687675 8.054309 -11.262709 9.307961 -6.197236 1.128619 -17.232296 10.065509 -0.995618 -1.962449
-4.054124 -19.151731 5.061331 -3.893980 21.510601 -6.370823 7.314639 19.653385 -4.681589 1.459881 -6.824411 -8.007903 -21.017403 -6.417009 7.732089 8.206108 1.122724 0.451821 -21.953966 -2.243495 8.641991 8.522260 -10.798387 8.838805 -6.599373 0.671566 -17.372437 10.048809 -1.365415 -1.471116
-5.647295 -19.874271 5.118439 -3.353328 21.312222 -6.800152 8.062573 18.208710 -5.054849 1.474500 -7.671449 -7.881611 -19.884922 -5.882155 8.358905 8.258768 2.088659 -0.056281 -21.973433 -1.541016 8.597702 8.837654 -10.416891 8.336598 -6.971811 0.468528 -17.471062 9.986802 -1.550629 -0.692673
-6.753364 -20.436304 5.074658 -2.977254 21.161083 -7.001854 8.625568 17.161865 -5.376476 1.492802 -8.203875 -7.822349 -19.013927 -5.460968 8.871609 8.268554 2.717799 -0.477370 -22.026974 -1.117161 8.649989 9.018075 -10.005610 7.824908 -7.273554 0.459611 -17.622814 9.935732 -1.557139 0.137772
-7.387906 -20.584448 4.767740 -2.844977 21.181143 -7.078540 8.834418 16.493176 -5.645399 1.612402 -8.533792 -7.689193 -18.521072 -5.278884 9.138171 8.285057 3.159310 -0.712101 -21.996572 -0.652475 8.784327 9.163899 -9.554820 7.372065 -7.473775 0.516138 -17.783337 9.935177 -1.500889 0.875459
-7.726149 -20.593603 4.488088 -2.765794 21.235939 -7.134814 8.890867 16.095795 -5.804772 1.746768 -8.744657 -7.615461 -18.219242 -5.189071 9.235247 8.283073 3.390522 -0.851047 -21.986189 -0.417806 8.881849 9.278149 -9.283648 7.134566 -7.598681 0.543790 -17.861677 9.930811 -1.467882 1.291242
