-6.397791 -24.903807 5.722658 -13.351081 18.770487 -7.563560 7.573424 6.351103 3.134778 1.788340 -16.873936 3.990336 -26.828529 -8.968994 14.449086 10.620480 6.100560 -3.430476 -2.374772 10.718510 3.499854 -2.556360 -9.574629 13.161793 -17.671305 -4.865662 -3.662292 14.393188 -4.435268 11.519489
-6.420636 -24.829594 5.860116 -13.450839 18.723209 -7.553742 7.558217 6.410583 3.202662 1.727068 -16.842476 3.987302 -26.967308 -8.946027 14.417145 10.600693 6.101003 -3.317392 -2.320030 10.707565 3.430706 -2.563097 -9.699335 13.247043 -17.693441 -4.864793 -3.553472 14.380045 -4.418707 11.414561
-6.371667 -24.579668 6.158432 -13.586324 18.673145 -7.591932 7.524308 6.661851 3.312447 1.657648 -16.773224 3.965956 -27.166052 -8.908122 14.359416 10.610254 6.040314 -3.156476 -2.256264 10.667305 3.347771 -2.596899 -9.886540 13.398029 -17.714581 -4.831851 -3.390443 14.352291 -4.369892 11.257772
-6.445356 -24.378885 6.443346 -13.910066 18.627663 -7.784157 7.456520 6.790858 3.613017 1.623344 -16.739584 4.003736 -27.550629 -8.690608 14.283675 10.698681 5.971632 -2.793127 -2.061165 10.716320 3.252179 -2.607102 -10.072615 13.558391 -17.809013 -4.792953 -3.232010 14.260988 -4.340576 11.131881
-6.413837 -24.058535 6.789852 -14.240913 18.676622 -8.085911 7.289772 7.088861 4.011451 1.675860 -16.717785 3.993853 -27.909664 -8.581406 14.122674 10.758947 5.723761 -2.329190 -1.907743 10.713951 3.102727 -2.788121 -10.388288 13.798328 -17.789204 -4.682590 -3.025212 14.218590 -4.241231 10.893291
-6.424501 -23.757523 7.180850 -14.633040 18.668161 -8.260836 7.122999 7.359018 4.392958 1.642883 -16.638491 3.995013 -28.274656 -8.606917 13.964936 10.770447 5.484226 -1.906229 -1.765215 10.775879 2.990412 -2.859693 -10.657221 13.890684 -17.865631 -4.601887 -2.803434 14.155054 -4.136860 10.764463
-6.584816 -23.498785 7.556765 -15.121338 18.553085 -8.518488 7.006370 7.592673 4.811903 1.529999 -16.576216 4.025315 -28.735310 -8.510177 13.835713 10.779305 5.436503 -1.481943 -1.511904 10.919975 2.773104 -3.051851 -11.072115 14.001977 -18.030527 -4.412848 -2.354454 14.067537 -3.871461 10.670604
-6.640198 -23.129248 7.825220 -15.712011 18.560530 -8.913177 6.833288 7.898459 5.219261 1.468861 -16.535110 4.112671 -29.238924 -8.298760 13.691231 10.850112 5.292034 -0.971483 -1.231439 11.100071 2.579030 -3.267690 -11.420977 14.017867 -18.268877 -4.221976 -1.966979 13.958803 -3.603269 10.662336
-6.598390 -22.710894 7.909087 -16.335052 18.668520 -9.413197 6.570901 8.100957 5.519754 1.386165 -16.467484 4.126345 -29.513014 -8.272630 13.506155 11.017881 4.905253 -0.532285 -1.096504 11.223249 2.377525 -3.514488 -11.817810 14.038366 -18.555317 -4.023701 -1.658056 13.751560 -3.375673 10.683115
-6.426789 -22.279495 7.884392 -16.913460 18.766497 -10.063088 6.334690 8.538544 5.805021 1.352957 -16.407921 4.284953 -29.912663 -8.325160 13.372518 10.924303 4.529682 -0.012873 -0.936177 11.451879 2.107027 -3.845948 -12.261118 13.995822 -18.854137 -3.796305 -1.373079 13.568008 -3.110994 10.757340
-6.322982 -22.066969 7.814508 -17.344391 18.698637 -10.613995 6.235335 8.781664 5.975996 1.254566 -16.262167 4.354507 -30.322968 -8.554198 13.162000 10.729729 4.155063 0.481279 -0.880268 11.574783 1.852314 -4.091006 -12.717775 13.976237 -19.176590 -3.628610 -0.993159 13.374122 -2.861717 10.869196
-6.228299 -22.001823 7.750463 -17.622591 18.509781 -11.232347 6.223112 9.086965 6.187886 1.181906 -16.275723 4.462660 -30.727118 -8.702810 12.923894 10.534208 3.801935 0.992538 -0.751892 11.646435 1.797629 -4.499563 -13.142466 14.017608 -19.348400 -3.422719 -0.753062 13.207452 -2.520042 10.927708
-5.982701 -22.038662 7.698017 -17.751541 18.214952 -11.879543 6.295443 9.504738 6.421319 1.083787 -16.090822 4.473552 -31.322701 -9.159062 12.630385 10.134129 3.459064 1.566410 -0.645712 11.614882 1.803185 -4.847991 -13.527654 13.980019 -19.427349 -3.257763 -0.509346 13.156527 -2.157534 10.919477
-5.766670 -22.251154 7.673931 -17.646393 17.863590 -12.174732 6.454867 9.771688 6.488278 0.964638 -15.997752 4.564924 -31.889660 -9.434216 12.381606 9.797203 3.231832 1.991301 -0.527555 11.565476 1.852872 -5.087780 -13.864420 13.912483 -19.545803 -3.134656 -0.155979 13.163261 -1.759684 10.891367
-5.602446 -22.441591 7.657848 -17.548008 17.620178 -12.496048 6.532498 9.968458 6.578131 0.886439 -15.895683 4.723091 -32.343922 -9.723290 12.178033 9.484440 3.144011 2.142271 -0.521573 11.571825 1.929047 -5.342770 -14.147954 13.887551 -19.588953 -3.013168 0.065571 13.189551 -1.420463 10.863654
-5.441780 -22.638464 7.624861 -17.468508 17.404482 -12.734720 6.573688 10.076922 6.649563 0.767009 -15.765194 4.924408 -32.843319 -10.138277 11.949756 9.019514 3.128633 2.270613 -0.559174 11.584730 1.976677 -5.558202 -14.396141 13.840440 -19.631735 -2.933216 0.303330 13.238789 -1.125276 10.897811
-5.317214 -22.856853 7.609506 -17.410833 17.266644 -12.809351 6.603689 10.036482 6.704552 0.663448 -15.667603 5.048162 -33.199581 -10.487083 11.749576 8.700662 2.982763 2.451011 -0.588742 11.574806 1.997313 -5.642982 -14.526882 13.830174 -19.694796 -2.864605 0.467282 13.249432 -0.939493 10.902523
-5.253632 -22.993227 7.616834 -17.310308 17.151451 -12.879791 6.637514 10.088694 6.715244 0.583733 -15.602351 5.067950 -33.372047 -10.669265 11.608229 8.551089 2.870309 2.561711 -0.630858 11.546921 1.999038 -5.778560 -14.659250 13.842963 -19.696087 -2.781347 0.569271 13.261647 -0.780015 10.890314
-5.155923 -23.083984 7.601484 -17.258379 17.079576 -12.994835 6.679145 10.072140 6.737879 0.537755 -15.520893 5.108629 -33.510143 -10.811531 11.565108 8.447484 2.848403 2.620414 -0.645130 11.595361 2.015343 -5.870344 -14.700769 13.845767 -19.660778 -2.726450 0.612885 13.302805 -0.676460 10.872545
-5.129347 -23.055567 7.620748 -17.258354 17.066050 -13.067402 6.693732 10.079624 6.750459 0.526645 -15.504950 5.117654 -33.548912 -10.849701 11.521318 8.438728 2.804917 2.643866 -0.654371 11.592210 2.046041 -5.903181 -14.699496 13.842847 -19.654114 -2.703029 0.606750 13.304110 -0.637741 10.867633
-5.115522 -23.032194 7.692069 -17.220707 17.045300 -13.054346 6.727829 10.159564 6.755801 0.550416 -15.454182 5.093392 -33.569206 -10.889316 11.494752 8.435848 2.730983 2.692053 -0.680010 11.605405 2.027501 -5.946257 -14.729064 13.864463 -19.607006 -2.689454 0.602349 13.325428 -0.639351 10.837759
-5.068488 -22.901979 7.944274 -17.067720 17.010475 -13.062803 6.865064 10.380691 6.737314 0.604567 -15.319641 5.013487 -33.666046 -11.050878 11.315922 8.488416 2.383886 2.928957 -0.729378 11.644716 2.019805 -6.085584 -14.795223 13.931287 -19.555450 -2.666460 0.618360 13.353675 -0.601129 10.773146
-4.863373 -22.648434 8.361968 -16.798811 16.965242 -13.057392 7.064236 10.681589 6.705304 0.700468 -15.103455 4.916524 -33.826675 -11.221203 11.082946 8.594071 1.944297 3.190953 -0.758799 11.679199 1.953228 -6.398691 -14.973878 13.954080 -19.329397 -2.590864 0.621205 13.501845 -0.502389 10.609703
-4.340984 -22.316174 8.983341 -16.362425 16.930901 -12.928120 7.273620 10.936445 6.662985 0.827159 -14.763294 4.631632 -33.740017 -11.683734 10.811711 8.681467 1.151056 3.543725 -0.998444 11.729940 1.893130 -6.759552 -15.110844 13.988760 -18.943527 -2.503677 0.548916 13.740001 -0.428847 10.371992
-3.810709 -21.914875 9.604307 -16.065071 16.826458 -12.756732 7.397265 11.187711 6.666070 0.870933 -14.374039 4.399725 -33.637009 -12.234248 10.582322 8.921905 0.291535 3.811329 -1.189315 11.794333 1.790552 -7.022693 -15.217405 13.967353 -18.712917 -2.429140 0.525949 13.914098 -0.385015 10.248106
-2.955951 -21.453196 10.324871 -15.690958 16.752552 -12.368797 7.443117 11.319460 6.660731 0.853105 -13.890939 4.122508 -33.539070 -12.884790 10.354795 9.042033 -0.617344 4.243026 -1.374380 11.895155 1.877228 -7.334605 -15.245994 13.822931 -18.186310 -2.278108 0.450219 14.318596 -0.224377 10.049243
-1.941162 -21.222727 10.966548 -15.436640 16.625402 -11.742504 7.403017 11.260897 6.683887 0.714008 -13.484981 3.819175 -33.430622 -13.370687 10.048999 9.352663 -1.448357 4.391719 -1.524911 11.710158 1.944964 -7.619847 -15.300638 13.932342 -17.641630 -2.059615 0.368875 14.653329 -0.047868 9.491071
-1.261028 -21.103819 11.427866 -14.959646 16.765047 -11.182350 7.338446 11.332479 6.601245 0.797822 -13.206816 3.657063 -33.476883 -13.732972 9.877501 9.430328 -1.826772 4.348230 -1.567929 11.417994 2.166088 -7.816794 -15.250523 14.019929 -17.119045 -1.907104 0.202760 14.971027 0.093204 8.971680
-0.549333 -21.056040 11.871825 -14.348022 16.927755 -10.574714 7.296079 11.446834 6.481905 0.929485 -13.011143 3.415607 -33.299454 -14.461184 9.654986 9.168066 -2.524142 4.504858 -1.935602 10.969442 2.421722 -8.039144 -15.202309 14.163125 -16.521519 -1.780831 0.012279 15.302702 0.203227 8.521444
-0.260928 -21.393692 11.973496 -13.826283 17.116596 -9.836759 7.295438 11.624153 6.433028 1.193817 -12.972539 3.232180 -33.279762 -14.816695 9.402402 9.088825 -3.052639 4.508190 -2.226274 10.348822 2.624647 -8.250928 -15.024265 14.167407 -15.906883 -1.666385 -0.448115 15.609833 0.210422 8.037781
0.270387 -21.053570 12.594607 -13.364966 17.144196 -9.507007 7.330571 12.134151 6.372805 1.239344 -13.043275 3.042667 -32.941086 -15.229848 9.350310 8.661011 -3.456861 4.517990 -2.754990 9.844610 2.882832 -8.483873 -14.968482 14.228868 -15.403579 -1.662036 -1.096349 15.679277 0.138325 7.213296
0.509880 -20.877748 12.869273 -12.964248 17.222836 -8.849051 7.229521 12.718121 6.176395 1.183048 -13.169108 2.543340 -32.171410 -15.616423 9.347003 8.349978 -4.072011 4.522882 -3.444716 9.199419 3.101931 -8.590743 -14.863787 14.392550 -15.171056 -1.698403 -1.700801 15.558207 0.055506 6.164964
0.593120 -20.553411 12.978837 -12.549598 17.359150 -8.452103 7.124850 13.465811 5.856990 1.143814 -13.151502 2.009953 -31.518049 -16.034969 9.201048 8.045556 -4.794312 4.310805 -4.101927 8.039087 3.390595 -8.336062 -14.187297 14.565953 -14.848200 -1.789977 -2.763216 15.407494 -0.379455 5.094082
0.808340 -20.201235 12.967516 -12.161690 17.571754 -8.043931 6.970410 14.640688 5.375252 0.975133 -13.224294 1.524208 -30.995579 -16.207592 9.227637 7.795081 -5.255663 4.211924 -4.619256 7.039380 3.652043 -8.351743 -13.870893 14.657218 -14.562577 -1.771876 -3.620882 15.229486 -0.570251 4.156455
0.933520 -19.698324 12.779134 -12.010332 17.946564 -7.764688 6.668544 15.383245 5.098426 1.049559 -13.223321 1.208395 -30.652548 -16.325939 9.153914 7.666442 -5.547191 3.970927 -4.979790 6.277086 3.979021 -8.304723 -13.508965 14.667033 -14.303164 -1.822936 -4.512735 15.043827 -0.811774 3.400126
1.045700 -19.278883 12.664113 -12.051489 18.174181 -7.539915 6.454748 15.891382 4.910720 1.023087 -13.130932 0.917341 -30.346636 -16.497185 9.146199 7.666178 -5.765560 3.641119 -5.195929 5.608050 4.200953 -8.289304 -13.242939 14.656266 -14.067676 -1.842723 -5.137875 14.935581 -0.995198 3.045111
1.244903 -18.918943 12.671315 -12.049605 18.252628 -7.460677 6.309912 16.334448 4.778900 0.932983 -13.087727 0.646889 -30.095663 -16.648026 9.154840 7.703188 -6.051497 3.448066 -5.327444 5.020597 4.343515 -8.390087 -13.178405 14.648520 -13.832570 -1.813016 -5.567509 14.861689 -1.073688 2.799509
1.315023 -18.789232 12.541257 -11.811539 18.289223 -7.373175 6.275911 16.618427 4.530274 0.868456 -13.042923 0.506872 -29.941235 -16.698765 9.166247 7.799362 -6.155581 3.262735 -5.414062 4.733377 4.467989 -8.452514 -13.065580 14.594995 -13.627028 -1.810873 -5.942087 14.847100 -1.162233 2.657692
1.340893 -18.754034 12.449197 -11.648092 18.282188 -7.350610 6.305738 16.744305 4.368564 0.821323 -12.994093 0.391697 -29.805038 -16.749599 9.191503 7.878947 -6.180658 3.105689 -5.458834 4.538678 4.586530 -8.491294 -12.965642 14.472246 -13.542400 -1.774726 -6.221100 14.796417 -1.187423 2.596377
1.371158 -18.731165 12.414528 -11.603443 18.282970 -7.321483 6.306018 16.802193 4.312684 0.804496 -12.969440 0.370571 -29.754028 -16.767792 9.180604 7.922041 -6.196201 3.012274 -5.471011 4.453051 4.638112 -8.496380 -12.930791 14.456302 -13.490758 -1.749503 -6.312169 14.777805 -1.195841 2.577064
1.381356 -18.727736 12.369393 -11.617829 18.309559 -7.353404 6.286863 16.763895 4.322446 0.821847 -12.985965 0.360634 -29.747173 -16.757648 9.206567 7.898253 -6.176188 3.056376 -5.481932 4.492879 4.647254 -8.488821 -12.908401 14.452234 -13.480798 -1.748406 -6.327162 14.783545 -1.201367 2.581470
1.383999 -18.775450 12.228909 -11.631840 18.355831 -7.419621 6.277689 16.646841 4.301134 0.851890 -13.007675 0.360993 -29.716393 -16.741632 9.232938 7.876342 -6.153067 3.082155 -5.500970 4.534324 4.651827 -8.437213 -12.843080 14.468362 -13.438008 -1.770423 -6.334835 14.819343 -1.248480 2.634637
1.440143 -18.798601 12.027793 -11.663989 18.431273 -7.526158 6.240657 16.542505 4.273875 0.874141 -13.080656 0.326442 -29.537718 -16.739286 9.345595 7.827408 -6.079775 3.065868 -5.572353 4.574308 4.621809 -8.381571 -12.801338 14.517549 -13.404329 -1.796613 -6.277406 14.882799 -1.285821 2.673514
1.480250 -18.827486 11.752387 -11.709681 18.552309 -7.653532 6.182868 16.384048 4.257444 0.939876 -13.245853 0.245697 -29.237514 -16.682585 9.575337 7.761336 -5.929227 3.084580 -5.623920 4.650846 4.640883 -8.290117 -12.679991 14.544765 -13.316323 -1.819322 -6.298624 14.950638 -1.364113 2.738635
1.373984 -18.827150 11.431697 -11.706953 18.787212 -7.796711 6.117421 16.189728 4.231914 1.116301 -13.435620 0.219347 -28.905380 -16.633194 9.797327 7.690289 -5.776406 3.123466 -5.691028 4.871444 4.695311 -8.170230 -12.509428 14.524381 -13.208790 -1.858157 -6.305385 15.069407 -1.429790 2.885889
1.216050 -18.873438 10.994815 -11.688745 19.069855 -7.955614 6.053166 15.977936 4.145276 1.320595 -13.602448 0.226048 -28.649162 -16.592762 10.057180 7.556510 -5.505171 3.128328 -5.730581 5.090653 4.764012 -8.010264 -12.319500 14.515523 -13.061735 -1.934920 -6.219998 15.268776 -1.507800 3.212352
1.100622 -18.838903 10.630788 -11.648932 19.315598 -8.177956 5.977445 15.702041 4.094097 1.529889 -13.786228 0.252659 -28.225742 -16.617395 10.349762 7.550147 -5.286659 3.068016 -5.789399 5.452631 4.803035 -7.877198 -12.145168 14.419126 -13.001559 -1.992529 -6.174907 15.427632 -1.556683 3.494306
0.884665 -18.833841 10.220368 -11.596461 19.613955 -8.374990 5.906485 15.421166 3.998902 1.769938 -13.952904 0.327141 -27.934778 -16.592278 10.575398 7.528255 -5.073190 3.060483 -5.839344 5.867213 4.905920 -7.697288 -11.846476 14.161224 -12.892474 -2.062729 -6.244849 15.635086 -1.639495 3.949543
0.777625 -18.746469 9.868205 -11.600016 19.992352 -8.551571 5.782657 15.317415 3.892996 1.995390 -14.068382 0.398128 -27.371801 -16.679680 10.848716 7.580269 -4.808306 2.765091 -5.985312 6.289683 4.944683 -7.480836 -11.588545 13.857656 -12.888254 -2.170403 -6.188504 15.870419 -1.710872 4.541280
0.411961 -18.729504 9.469968 -11.489592 20.354542 -8.675634 5.802029 15.181096 3.578473 2.192119 -14.124872 0.478377 -26.859177 -16.796532 11.115695 7.644607 -4.520592 2.382807 -6.071096 6.622550 5.033160 -7.295763 -11.328297 13.517102 -12.895616 -2.259807 -6.271783 16.017593 -1.811004 5.132731
0.049660 -18.755945 9.139122 -11.357981 20.641701 -8.805202 5.848848 14.991724 3.313474 2.385697 -14.108466 0.590834 -26.562204 -16.930016 11.238402 7.748415 -4.390505 2.096088 -6.131829 6.915601 5.042231 -7.058059 -11.024814 13.243693 -12.937253 -2.399830 -6.333874 16.202524 -1.977521 5.645185
-0.202328 -18.836592 8.793169 -11.067753 20.807087 -8.941043 6.011269 14.688606 2.991185 2.593716 -14.122097 0.684833 -26.141859 -17.007442 11.469317 7.823084 -4.058893 1.708246 -6.204145 7.264550 5.118827 -6.891279 -10.774773 13.079294 -13.013988 -2.517256 -6.543444 16.218475 -2.135168 5.860640
-0.173550 -18.931210 8.495912 -10.745510 20.864767 -8.924181 6.110770 14.510170 2.660761 2.698618 -14.092093 0.665005 -25.775515 -17.062099 11.662835 7.835105 -3.717882 1.308343 -6.303504 7.327002 5.174437 -6.616150 -10.421508 12.910552 -13.124224 -2.699664 -6.707949 16.257256 -2.360828 6.241506
-0.131622 -19.062567 8.265262 -10.485379 20.848503 -8.861732 6.247821 14.355316 2.369873 2.744532 -14.093811 0.634687 -25.411243 -17.065708 11.899739 7.795825 -3.283091 0.890437 -6.384098 7.346203 5.306425 -6.342957 -10.044705 12.779835 -13.232374 -2.896567 -6.997737 16.211250 -2.609817 6.459122
-0.096634 -19.191130 7.983299 -10.197525 20.868221 -8.814077 6.356474 14.151860 2.095020 2.850838 -14.095469 0.610104 -25.050831 -17.067873 12.129563 7.779841 -2.878639 0.519656 -6.467305 7.425461 5.432508 -6.125397 -9.725621 12.677258 -13.300132 -3.032331 -7.221068 16.171234 -2.792276 6.645957
-0.105802 -19.343718 7.673061 -9.900048 20.917818 -8.734015 6.469310 14.009454 1.785930 2.967525 -14.108452 0.562981 -24.754948 -17.056744 12.330293 7.786107 -2.557990 0.236199 -6.508531 7.452076 5.620202 -5.893614 -9.375785 12.595980 -13.389769 -3.181977 -7.515194 16.075821 -2.987883 6.769844
-0.115845 -19.432119 7.476482 -9.690096 20.951717 -8.713078 6.547765 13.868973 1.600031 3.068003 -14.118032 0.516200 -24.520309 -17.053764 12.491017 7.786027 -2.289041 -0.021479 -6.538772 7.429984 5.785857 -5.717895 -9.089125 12.509319 -13.442077 -3.281249 -7.778893 15.995067 -3.135817 6.870545
-0.159823 -19.501081 7.337631 -9.507328 20.957352 -8.676682 6.634460 13.788996 1.429139 3.125332 -14.158661 0.459995 -24.238476 -17.053383 12.643693 7.791643 -2.034099 -0.301721 -6.627697 7.390700 5.958511 -5.546669 -8.790999 12.396951 -13.493354 -3.363462 -8.040627 15.928326 -3.267075 6.980440
-0.195770 -19.543533 7.254880 -9.379551 20.964554 -8.635604 6.682210 13.755379 1.315216 3.158899 -14.189475 0.408063 -24.013063 -17.059689 12.742840 7.783739 -1.877752 -0.512668 -6.717724 7.328981 6.058097 -5.492340 -8.659274 12.333451 -13.495605 -3.382494 -8.221439 15.873827 -3.324701 6.956932
-0.219702 -19.563540 7.206841 -9.324292 20.980255 -8.622610 6.699716 13.731572 1.266200 3.182827 -14.202768 0.379887 -23.898453 -17.063047 12.791023 7.775139 -1.808485 -0.606220 -6.769879 7.300426 6.088343 -5.452997 -8.594036 12.307101 -13.513944 -3.392694 -8.264985 15.864071 -3.348162 6.995827
-0.209640 -19.553099 7.236229 -9.352551 20.963100 -8.626255 6.694491 13.757718 1.289414 3.162715 -14.193622 0.391236 -23.972063 -17.064564 12.759744 7.770164 -1.853075 -0.555330 -6.740217 7.290427 6.071264 -5.482324 -8.638186 12.323685 -13.498599 -3.385264 -8.241579 15.870844 -3.331294 6.961899
-0.195394 -19.549477 7.259115 -9.372004 20.941584 -8.605142 6.698699 13.806077 1.294850 3.138702 -14.188858 0.388363 -24.012711 -17.069622 12.737657 7.753708 -1.888373 -0.518128 -6.732312 7.267468 6.060281 -5.506686 -8.677589 12.341681 -13.488430 -3.378120 -8.225060 15.867863 -3.316595 6.923227
-0.162248 -19.537159 7.349099 -9.439009 20.878990 -8.565952 6.696607 13.925697 1.342349 3.063379 -14.160035 0.403841 -24.179960 -17.082134 12.651713 7.742162 -2.028151 -0.369388 -6.681570 7.251376 6.009353 -5.595091 -8.816429 12.403802 -13.450782 -3.343553 -8.145947 15.875120 -3.258561 6.817603
-0.165556 -19.548012 7.402903 -9.451290 20.810001 -8.498708 6.724038 14.061202 1.334201 2.987641 -14.148417 0.405577 -24.290333 -17.088146 12.592256 7.702535 -2.125021 -0.269067 -6.651252 7.201344 5.970510 -5.724022 -8.996965 12.490640 -13.395030 -3.299135 -8.086127 15.855665 -3.179080 6.603758
-0.096936 -19.534853 7.556086 -9.566010 20.682552 -8.399160 6.726200 14.323980 1.407264 2.833811 -14.100706 0.408671 -24.559668 -17.118736 12.449642 7.659370 -2.337957 -0.086081 -6.587952 7.061794 5.929544 -5.852034 -9.178249 12.581181 -13.356110 -3.262442 -8.037168 15.820997 -3.098778 6.351541
0.002125 -19.464417 7.693975 -9.634726 20.580664 -8.294909 6.698252 14.618694 1.465551 2.707059 -14.054693 0.377278 -24.775702 -17.169811 12.323307 7.603355 -2.522502 0.024892 -6.580277 6.832189 5.944503 -5.956988 -9.286748 12.634037 -13.328125 -3.218469 -8.086390 15.748727 -3.036024 6.092123
0.053309 -19.437046 7.800890 -9.664932 20.494041 -8.152509 6.682737 14.902500 1.479356 2.571894 -13.976074 0.317479 -24.943565 -17.235682 12.185382 7.563931 -2.728415 0.081226 -6.629138 6.542480 5.907183 -6.172476 -9.552689 12.756969 -13.264473 -3.125055 -8.077955 15.663433 -2.910284 5.685491
-0.027807 -19.467356 7.906913 -9.672718 20.345158 -7.990564 6.699470 15.208882 1.433436 2.349654 -13.905816 0.302084 -25.202799 -17.264339 12.023288 7.584298 -2.985002 0.235151 -6.611925 6.357078 5.895319 -6.344106 -9.738466 12.834614 -13.192620 -3.026099 -8.094933 15.606865 -2.808984 5.373306
-0.057556 -19.517748 8.074814 -9.814335 20.189980 -7.785825 6.653668 15.590273 1.488755 2.094043 -13.802202 0.257872 -25.574722 -17.306671 11.820944 7.595970 -3.283669 0.404991 -6.579499 6.027532 5.958924 -6.477505 -9.829407 12.873927 -13.119517 -2.938861 -8.205422 15.523787 -2.733812 5.107530
-0.186461 -19.752157 8.213584 -10.031279 19.928581 -7.402832 6.679187 16.102234 1.545601 1.769242 -13.692850 0.108518 -25.861450 -17.371315 11.652873 7.537998 -3.519878 0.507070 -6.603291 5.527286 6.023762 -6.805283 -10.090193 12.968997 -12.936017 -2.738888 -8.381436 15.406753 -2.561599 4.534386
-0.221031 -19.893826 8.423126 -10.244206 19.702520 -7.093852 6.678822 16.473680 1.655934 1.500038 -13.527605 -0.040561 -26.121967 -17.418047 11.477119 7.627822 -3.776289 0.572969 -6.630545 5.093093 6.070551 -7.044248 -10.290966 13.097649 -12.800513 -2.584271 -8.481925 15.295306 -2.433438 4.091603
-0.400003 -20.213844 8.581989 -10.358343 19.457033 -6.584135 6.757732 16.894672 1.617230 1.187930 -13.232060 -0.219321 -26.352551 -17.540607 11.277904 7.824921 -4.058608 0.516302 -6.698524 4.622302 6.122014 -7.418086 -10.575679 13.233655 -12.542516 -2.336933 -8.679315 15.186220 -2.257337 3.489142
-0.521038 -20.417164 8.721433 -10.356194 19.147377 -6.183043 6.805512 17.434460 1.555011 0.880347 -12.915943 -0.449506 -26.700981 -17.650597 11.021082 7.953253 -4.427163 0.517710 -6.758854 3.929708 6.244911 -7.681526 -10.711660 13.251732 -12.317727 -2.160350 -8.945420 15.095461 -2.143199 3.078858
-0.467444 -20.498243 8.934548 -10.274168 18.840715 -5.636374 6.777701 17.989895 1.449081 0.573948 -12.528064 -0.602067 -26.932140 -17.774788 10.729777 8.335470 -4.825511 0.341284 -6.883726 3.440536 6.351280 -8.103971 -11.021069 13.350013 -11.995488 -1.892240 -9.205571 14.987121 -1.947840 2.569269
-3.115949 -21.850546 8.541993 -12.363998 20.403793 0.313567 7.383521 19.753601 4.101946 3.272762 -11.780468 -1.651103 -25.667095 -12.497952 16.325560 14.506836 -8.556070 -0.954394 -3.737927 0.957101 5.138843 -4.029504 -11.758659 13.030084 -9.363519 2.744659 -8.827121 13.654662 -1.750797 1.950075
-3.307623 -22.024681 8.647334 -12.028465 20.065876 0.880742 7.475717 20.513302 3.799001 2.924635 -11.160460 -1.828258 -25.853905 -12.758372 15.959716 14.973041 -9.025102 -1.318453 -4.022359 0.464893 5.471282 -4.349505 -11.849527 13.005137 -9.084515 3.027181 -9.232090 13.525037 -1.526791 1.590422
-3.095732 -21.944553 8.755095 -11.539471 19.947676 1.201687 7.451492 21.148643 3.492150 2.750361 -10.637503 -1.930749 -25.903198 -13.027225 15.717481 15.338768 -9.396308 -1.628509 -4.195608 0.201218 5.864061 -4.711827 -11.890036 12.986215 -8.720958 3.363989 -9.809592 13.351126 -1.312148 1.093154
-3.043688 -21.971369 8.632648 -10.943505 19.924051 1.426818 7.519579 21.518190 3.028866 2.661803 -10.009600 -2.027444 -26.022118 -13.309119 15.502219 15.764079 -9.723031 -2.076470 -4.292573 -0.188526 6.206337 -4.947097 -11.854367 12.939290 -8.424541 3.586838 -10.313728 13.240606 -1.178074 0.723149
-2.682976 -21.694609 8.429572 -10.170084 20.063692 1.373312 7.579393 21.828592 2.460629 2.725011 -9.371085 -2.145627 -25.964733 -13.626904 15.302068 16.214094 -10.087453 -2.595635 -4.464793 -0.505734 6.511802 -5.047495 -11.687015 12.775077 -8.210383 3.706254 -10.820777 13.155679 -1.137643 0.527753
0.123304 -21.203978 8.186332 -7.602728 18.680784 -2.871167 6.445705 21.743120 0.038483 0.235866 -9.097420 -2.283886 -26.958035 -18.596996 9.658494 12.448124 -7.430220 -1.902088 -6.886611 0.758282 7.907435 -9.424871 -10.716254 13.028544 -9.914078 0.456221 -12.165122 14.129502 -1.191371 0.548799
1.275569 -19.995028 7.929745 -6.760831 18.580982 -4.117998 6.488022 21.947979 -1.149646 -0.277322 -8.322923 -1.703946 -27.012638 -20.004841 9.159446 11.078771 -7.145344 -2.687321 -7.984029 0.781859 8.627733 -9.370734 -10.695589 12.613709 -9.775837 -0.290201 -12.585591 14.243707 -1.071123 0.362024
1.712218 -19.469368 7.469552 -6.179662 18.807636 -4.523054 6.444789 22.475201 -2.045237 -0.610264 -7.872083 -1.866273 -26.603840 -20.321129 9.174172 11.239941 -7.116154 -3.348871 -8.317936 0.444663 8.877863 -9.413170 -10.354326 12.513442 -9.714271 -0.567200 -13.461997 14.105374 -1.573545 0.296695
1.690801 -18.951880 7.261853 -6.110415 19.280733 -4.673109 6.397518 22.753660 -2.338362 -0.376864 -7.822999 -2.131755 -25.977413 -20.484097 9.469165 11.123670 -7.058210 -3.825876 -8.650611 0.090738 9.218747 -9.272861 -9.911195 12.202420 -9.684131 -0.683503 -14.257340 13.989719 -1.806659 0.062479
1.535122 -18.549852 6.971700 -5.834658 19.766724 -4.867964 6.331044 22.964741 -2.810504 -0.220563 -7.922834 -2.476694 -25.344635 -20.521971 9.785521 10.723163 -6.779813 -4.206447 -9.133939 -0.551063 9.604089 -8.982020 -9.361354 11.741950 -9.713639 -0.877991 -15.069974 13.911468 -2.086780 -0.130645
0.892491 -18.262594 6.586800 -5.525785 20.197397 -5.128274 6.315638 22.827847 -3.179050 0.093812 -8.290751 -2.729108 -24.654142 -20.408699 10.218350 10.098920 -6.283791 -4.446732 -9.650674 -1.014052 9.793530 -8.662681 -8.937799 11.408750 -9.834266 -1.153227 -15.513392 13.907854 -2.366179 -0.221118
0.102312 -18.130049 6.069482 -5.164565 20.629257 -5.321174 6.332081 22.520493 -3.518376 0.513182 -8.855582 -2.872434 -23.989155 -20.145113 10.688415 9.447097 -5.734083 -4.472851 -10.144052 -1.136256 10.017927 -8.347321 -8.489482 11.078441 -9.925992 -1.379699 -15.937460 13.938398 -2.602020 -0.302839
-0.599564 -18.075981 5.590190 -4.952002 20.955416 -5.535152 6.299766 22.076187 -3.687236 0.929815 -9.338982 -2.995142 -23.303413 -19.956955 11.024358 9.010426 -5.190473 -4.711528 -10.551375 -1.293919 10.074520 -7.942878 -8.105494 10.740190 -10.151727 -1.768751 -16.168373 13.944250 -2.953025 -0.086025
-1.456197 -18.175047 5.342736 -4.621453 21.188519 -5.737729 6.471104 21.637283 -4.024415 1.115991 -9.904568 -3.045971 -22.724142 -19.682905 11.448143 8.489975 -4.542160 -4.829002 -10.828542 -1.285822 10.084394 -7.550636 -7.750999 10.451558 -10.354917 -2.150372 -16.319633 13.957355 -3.310705 0.218716
-2.305275 -18.376848 5.160810 -4.386784 21.459209 -5.867463 6.638171 21.109987 -4.270515 1.310789 -10.409287 -2.954432 -22.336277 -19.407328 11.775846 8.254353 -4.160502 -4.855000 -10.868628 -1.028272 10.201767 -7.244831 -7.396819 10.118329 -10.480325 -2.410953 -16.530666 13.986041 -3.535729 0.433276
-3.106459 -18.777822 5.154331 -4.220868 21.545494 -6.118979 6.934915 20.391701 -4.416258 1.401937 -10.969874 -2.851106 -21.631039 -19.133278 12.164496 8.171715 -3.483850 -5.171016 -10.828156 -0.555721 10.208600 -6.958267 -7.097971 9.818486 -10.709869 -2.684858 -16.645460 13.977003 -3.757995 0.713158
-4.054124 -19.151731 5.061331 -3.893980 21.510601 -6.370823 7.314639 19.653385 -4.681589 1.459881 -11.462961 -2.749954 -21.030827 -18.899906 12.426740 8.219775 -3.024385 -5.536502 -10.851478 -0.277603 10.158966 -6.774008 -6.929440 9.641767 -10.883630 -2.865385 -16.666113 13.967005 -3.899537 0.942111
-4.895212 -19.449167 5.058282 -3.580146 21.408884 -6.580888 7.678112 18.998682 -4.923893 1.449957 -11.952871 -2.650350 -20.470259 -18.693886 12.716531 8.239098 -2.530621 -5.789617 -10.801240 0.094931 10.166910 -6.595648 -6.714926 9.357524 -11.076943 -3.009284 -16.748562 13.943795 -4.005723 1.290924
-5.647295 -19.874271 5.118439 -3.353328 21.312222 -6.800152 8.062573 18.208710 -5.054849 1.474500 -12.383745 -2.589458 -19.963993 -18.503138 13.009799 8.175022 -2.064384 -6.022475 -10.836359 0.318645 10.114412 -6.459174 -6.547894 9.139144 -11.256485 -3.068689 -16.764851 13.905135 -4.084778 1.721058
-6.225564 -20.223028 5.171391 -3.143768 21.175833 -6.932225 8.384654 17.636536 -5.176144 1.460846 -12.744946 -2.537485 -19.462948 -18.318424 13.302709 8.165857 -1.623395 -6.232349 -10.807888 0.622508 10.107195 -6.355418 -6.387640 8.930605 -11.418429 -3.112201 -16.802807 13.878290 -4.115454 2.076017
-6.753364 -20.436304 5.074658 -2.977254 21.161083 -7.001854 8.625568 17.161865 -5.376476 1.492802 -12.979007 -2.505041 -19.120869 -18.175694 13.553617 8.161552 -1.382209 -6.370121 -10.795170 0.821724 10.173222 -6.275665 -6.139859 8.631001 -11.554222 -3.071889 -16.924191 13.849080 -4.091896 2.542193
-7.087340 -20.556585 4.952099 -2.904438 21.150551 -7.042669 8.758839 16.794662 -5.499139 1.548386 -13.160568 -2.432837 -18.874809 -18.074013 13.711061 8.183123 -1.132295 -6.456822 -10.737603 1.110901 10.256662 -6.188781 -5.869891 8.342868 -11.672961 -3.036530 -17.032200 13.849998 -4.062326 2.989141
-7.387906 -20.584448 4.767740 -2.844977 21.181143 -7.078540 8.834418 16.493176 -5.645399 1.612402 -13.328313 -2.332495 -18.664438 -17.986597 13.836036 8.222748 -0.900669 -6.543011 -10.678727 1.440702 10.307886 -6.131272 -5.689151 8.177930 -11.755327 -3.015296 -17.084988 13.848655 -4.035481 3.280627
-7.613719 -20.586252 4.577699 -2.787050 21.220518 -7.116169 8.871550 16.236042 -5.762308 1.698809 -13.482753 -2.274696 -18.494051 -17.917818 13.893120 8.253956 -0.759503 -6.582930 -10.614718 1.633627 10.351555 -6.057207 -5.523385 8.053780 -11.845668 -3.015258 -17.102274 13.855059 -4.017671 3.543855
-7.726149 -20.593603 4.488088 -2.765794 21.235939 -7.134814 8.890867 16.095795 -5.804772 1.746768 -13.576068 -2.235254 -18.362309 -17.869274 13.972484 8.246450 -0.634351 -6.638636 -10.598779 1.767876 10.399082 -6.027082 -5.415841 7.948161 -11.882881 -2.992210 -17.163944 13.848658 -4.003633 3.688884
-7.757975 -20.593775 4.450653 -2.758952 21.243637 -7.141413 8.895452 16.045561 -5.818044 1.767839 -13.607506 -2.221621 -18.336931 -17.854671 13.987605 8.245165 -0.605310 -6.640187 -10.596647 1.806498 10.415757 -6.001792 -5.362297 7.905381 -11.913005 -2.991842 -17.173344 13.849593 -4.000992 3.779950
