2.494144 -19.382387 8.858265 -3.647734 19.984917 -8.412500 12.239254 15.995918 -2.361291 6.805404 -11.183873 -3.454469 -17.381096 -22.391706 15.419024 8.171343 -5.295375 -0.337271 -10.204417 11.242743 3.569709 10.170855 -1.414892 8.919631 -13.044991 10.314466 -8.715846 13.561110 6.653664 -5.693198
2.817637 -19.216101 9.115972 -3.194489 20.118130 -8.471897 12.666452 15.747499 -2.475175 7.131314 -11.050837 -3.523066 -17.086994 -22.498158 15.600573 8.375445 -5.401196 -0.426760 -10.297286 11.642300 3.689209 10.329116 -1.077868 8.925061 -12.894834 10.336696 -8.954721 13.637601 6.563477 -5.936273
3.763129 -18.834995 9.761860 -2.604352 20.456148 -8.308899 13.222219 15.345751 -2.586473 7.776811 -10.924505 -3.762216 -16.374802 -22.680355 15.887249 8.639412 -5.522920 -0.472689 -10.492507 12.386650 3.888012 10.732080 -0.525220 8.956317 -12.819639 10.379616 -9.324646 13.583011 6.357190 -6.370564
5.419777 -18.257671 10.561286 -1.608377 21.008770 -7.653144 13.352742 14.054699 -2.721804 8.617300 -11.076486 -3.870775 -15.014724 -22.729095 16.174938 9.174948 -5.313436 -0.659053 -10.608300 13.711960 4.154105 11.414182 0.407371 8.854494 -12.911782 10.381323 -9.784932 13.397263 6.003640 -6.720247
6.441182 -17.553335 10.554706 -1.011717 22.078629 -6.969682 12.681175 12.510170 -2.994884 9.129265 -11.469613 -4.000315 -13.414662 -22.935825 16.242783 9.732428 -5.215667 -0.777507 -10.757913 15.424930 4.398378 12.123652 1.253909 8.606313 -13.366077 10.363919 -10.047900 12.996705 5.652535 -6.782390
6.099349 -17.221882 9.922692 -0.697614 23.011799 -7.080386 12.377977 11.042122 -3.258635 9.746647 -11.985870 -4.290583 -11.799788 -23.030167 16.602282 9.767320 -4.631527 -1.388976 -11.211854 16.045227 4.502055 13.161983 1.981449 8.194464 -14.087090 10.094996 -10.003818 12.717299 5.243444 -6.617908
5.102286 -16.829239 9.461692 -0.505326 23.728466 -7.011008 12.236837 10.041548 -3.616893 10.084487 -13.189425 -4.221829 -10.442626 -22.236347 16.950493 9.628443 -3.177292 -2.685131 -11.579287 15.145513 4.520452 14.065536 2.355462 7.638564 -14.758251 9.780437 -9.862417 12.676040 4.944963 -6.233583
4.409642 -16.580847 9.072375 -0.368439 24.387781 -6.560037 12.069121 9.102055 -3.990652 10.314738 -13.909817 -4.155429 -9.453214 -21.623943 17.464540 9.245853 -1.565446 -3.811828 -11.938663 14.195734 4.554286 14.841008 2.623618 7.318559 -15.363498 9.501176 -9.688339 12.502632 4.668596 -5.934354
3.747880 -16.389942 8.599293 -0.471916 25.024080 -6.123576 11.621386 8.487263 -4.331135 10.322330 -14.350267 -4.098392 -8.685937 -21.196487 17.856527 9.059926 -0.341195 -4.664533 -12.135999 13.843586 4.631849 15.384749 2.652546 7.249763 -15.911070 9.307841 -9.490233 12.126329 4.443591 -5.888745
3.437540 -16.352215 8.208545 -0.541514 25.318407 -5.991179 11.391933 8.145144 -4.541617 10.317519 -14.654935 -4.086508 -8.206992 -21.032326 17.988270 8.931934 0.234603 -4.956961 -12.234150 13.649404 4.624343 15.661113 2.671913 7.174038 -16.143175 9.179565 -9.404443 11.998467 4.309654 -5.870514
3.186278 -16.393101 7.852993 -0.601182 25.495985 -6.033426 11.426949 7.846972 -4.666537 10.436966 -14.778069 -4.171624 -7.708160 -21.013248 18.245911 8.770241 0.707884 -5.156051 -12.359984 13.631884 4.662856 15.802941 2.722473 7.168886 -16.320807 9.101961 -9.358579 11.874934 4.244692 -5.820115
2.114240 -16.487562 4.839606 -1.278129 26.882372 -6.360862 11.399046 6.199589 -5.456188 11.382656 -15.594521 -4.039546 -5.707011 -20.348448 19.415554 8.474298 2.888107 -6.379721 -12.589235 14.106026 4.907987 16.248274 2.997549 7.254891 -17.712156 8.595600 -8.867931 11.000523 3.740178 -5.482251
0.463924 -15.572745 0.956641 -1.536791 29.536930 -10.587533 8.719192 5.315364 -6.026788 10.978809 -18.775816 -2.420551 -3.511147 -17.789749 20.067602 7.883916 5.981071 -7.460323 -12.312188 14.915123 5.110390 17.153261 3.053612 6.901516 -19.155046 8.147494 -7.978145 9.891779 3.194432 -5.029511
0.423293 -7.541038 -1.065039 -4.423512 35.803532 -24.313318 5.393282 1.206322 -0.770362 11.619284 -26.184259 -4.150078 -2.266495 -19.411289 11.147530 5.889939 13.636079 -3.339466 -11.112039 15.998787 4.836628 19.381472 -0.082852 4.196732 -19.307245 5.528284 -4.823004 10.184218 0.985625 -7.308186
2.782969 -5.408825 1.167103 -1.240734 38.439125 -18.663115 -3.686554 3.010529 -0.442055 3.046996 -33.296658 -1.376400 -3.907181 -19.358891 4.665437 0.849931 15.839625 3.967507 -9.496192 13.047226 5.308198 17.358759 -6.496460 -0.347830 -18.592602 5.020426 -3.447561 10.437166 1.236706 -8.239747
4.558299 -6.571022 0.904875 1.153160 37.813164 -16.947306 -12.700516 8.152702 -0.792476 -6.929790 -35.088348 -0.104240 -9.207725 -20.701004 -0.561742 -0.197129 8.001140 14.956745 -6.298010 13.700638 6.534723 14.423800 -12.644643 -1.799806 -17.161472 6.977442 -1.708487 9.115402 3.466121 -8.025243
6.643363 -14.525246 0.426579 2.862938 33.028210 -11.873021 -18.226954 11.263075 -0.449181 -18.214174 -34.508213 0.933476 -14.165174 -21.006920 -4.635651 3.993546 -1.704665 19.842115 -4.180096 14.385281 6.649103 10.546018 -17.974646 -2.287911 -15.799651 9.878005 -1.495875 8.455382 6.482648 -4.745189
-1.046593 -20.386290 0.887756 -4.497253 27.380821 -6.904956 -18.459288 11.868462 2.603369 -20.611563 -31.459717 0.966753 -16.377375 -22.123005 -8.470662 9.071089 -7.509329 18.087070 -4.317014 11.623508 7.056909 7.412230 -19.243692 -4.380584 -14.837660 11.419372 -2.310674 10.320262 9.169619 1.650684
-7.172240 -20.139164 0.373302 -9.293740 28.131180 -2.983800 -18.569941 12.467856 2.612424 -20.778463 -28.517479 0.197867 -17.367315 -24.184406 -10.872934 12.892876 -10.940381 15.908955 -4.897097 10.138071 6.735777 5.173607 -17.532982 -6.075878 -13.751426 12.052676 -3.815826 13.023911 10.357944 6.054924
-10.397897 -21.074419 -2.297168 -11.934885 27.199268 -2.005060 -17.204599 14.064504 2.040634 -20.782698 -27.137066 0.761403 -18.331360 -25.175982 -11.456511 14.116255 -13.423909 14.589230 -4.799747 8.373902 6.020294 3.070390 -17.018730 -6.763444 -13.141755 12.066116 -4.304893 14.206137 11.082900 7.569788
-10.625678 -20.828596 -2.185961 -12.167503 27.118774 -2.085913 -17.025185 14.320982 2.084905 -20.633036 -26.868492 0.781281 -18.512947 -25.252506 -11.486453 14.206430 -13.740106 14.535825 -4.782535 8.229301 6.001324 2.886160 -16.969275 -6.821785 -13.104293 12.057631 -4.384600 14.234039 11.149639 7.655001
-10.727543 -20.622555 -2.045244 -12.002506 27.410410 -1.800140 -17.621582 14.171671 2.027251 -20.772554 -27.231590 0.654245 -18.321327 -25.124172 -11.828576 14.355065 -13.665231 14.770566 -4.734794 8.598083 6.040896 2.932936 -17.121099 -7.104063 -13.201730 12.087613 -4.301198 14.152389 11.192773 7.893394
-10.430249 -20.253195 -1.504054 -11.340164 27.840546 -1.130347 -18.348810 13.518160 1.965875 -20.834955 -27.625307 0.582923 -18.150778 -24.867409 -12.268317 14.529963 -13.202263 15.111636 -4.611151 9.348860 6.432703 3.415488 -17.516781 -7.564786 -13.555235 12.063607 -4.453445 13.767458 11.126429 7.668498
-10.283062 -19.231453 -0.792512 -10.907137 28.594572 -0.666419 -19.244755 12.527763 1.899419 -20.560635 -28.131298 0.341642 -17.908054 -24.623121 -12.547409 14.616991 -12.317785 15.431572 -4.433231 10.173092 6.629407 4.059946 -17.395674 -7.791177 -13.757321 12.063077 -4.444781 13.282528 10.957545 7.517126
-9.520377 -18.342733 -0.169111 -10.193927 29.484932 -0.065448 -20.317482 11.933208 1.880526 -21.056532 -28.721071 0.287037 -17.632679 -24.378838 -13.156936 14.740437 -11.125323 15.613500 -4.044331 11.163296 6.763785 5.043325 -17.396877 -8.073661 -14.238267 12.145601 -4.346642 12.537096 10.646232 7.076534
-8.044145 -17.567169 0.674122 -9.341674 30.233601 0.320177 -21.384352 11.550114 1.939446 -21.365589 -29.644794 0.060796 -16.919849 -24.103151 -13.413666 14.471813 -9.876538 15.904673 -3.978780 12.178138 7.162669 6.378390 -17.448444 -7.982083 -14.436042 12.078233 -4.051644 12.129272 10.238708 6.311804
-5.844916 -17.245306 1.275061 -7.935760 31.206778 1.091845 -22.664143 10.944933 1.593924 -21.965879 -30.651123 0.044273 -16.248589 -23.775803 -13.461766 14.120807 -8.829032 16.013958 -3.873161 12.993976 7.671208 7.409363 -17.779139 -7.954528 -14.462710 12.256389 -3.911779 11.466468 10.008723 5.486783
-3.757195 -16.778601 1.866002 -6.694040 31.923862 1.008841 -23.563004 10.432699 1.486737 -22.258915 -31.919451 0.073313 -15.650517 -23.244476 -13.832165 13.659529 -7.738208 16.193027 -3.773199 14.053547 8.169142 8.563491 -17.826092 -7.880562 -14.540823 12.230044 -3.607236 10.839827 9.727111 4.682487
-2.257051 -16.378794 2.347194 -5.620016 32.380173 1.051304 -24.228901 10.174764 1.411413 -22.451082 -33.202698 0.099680 -14.910440 -22.690193 -14.115013 13.213762 -6.832532 16.413101 -3.686770 14.911379 8.472685 9.338312 -17.762438 -7.839005 -14.591763 12.191535 -3.582207 10.335825 9.419535 4.139428
-1.316817 -16.247553 2.398574 -5.155322 32.420242 0.743854 -24.544615 10.271948 1.370341 -22.503660 -33.888329 0.134592 -14.555701 -22.280140 -14.186572 12.962204 -6.444815 16.553596 -3.586177 15.418601 8.579310 9.784051 -17.786322 -7.693148 -14.637120 12.157935 -3.570495 10.078653 9.245461 3.841217
-1.159217 -16.239309 2.366429 -5.085611 32.439941 0.704483 -24.602394 10.314053 1.325310 -22.521711 -33.945408 0.131191 -14.525172 -22.232109 -14.177945 12.927847 -6.418901 16.577532 -3.574415 15.492435 8.644629 9.876903 -17.742365 -7.683044 -14.665505 12.150256 -3.569899 10.030725 9.211080 3.781056
-1.159349 -16.239407 2.366309 -5.085662 32.439903 0.704499 -24.602556 10.314131 1.325258 -22.521852 -33.945408 0.131191 -14.525172 -22.232109 -14.177945 12.927847 -6.418901 16.577532 -3.574415 15.492435 8.644629 9.876903 -17.742365 -7.683044 -14.665505 12.150256 -3.569899 10.030725 9.211080 3.781056
-1.159349 -16.239407 2.366309 -5.085662 32.439903 0.704499 -24.602556 10.314131 1.325258 -22.521852 -33.945408 0.131191 -14.525172 -22.232109 -14.177945 12.927847 -6.418901 16.577532 -3.574415 15.492435 8.644629 9.876903 -17.742365 -7.683044 -14.665505 12.150256 -3.569899 10.030725 9.211080 3.781056
-1.157692 -16.238756 2.368016 -5.084394 32.440788 0.705754 -24.604065 10.314205 1.325357 -22.522772 -33.945034 0.130438 -14.524700 -22.232557 -14.176618 12.926532 -6.417796 16.578051 -3.575021 15.492395 8.646829 9.876685 -17.744806 -7.683811 -14.664454 12.149074 -3.570334 10.032630 9.211177 3.778879
-1.159349 -16.239407 2.366309 -5.085662 32.439903 0.704499 -24.602556 10.314131 1.325258 -22.521852 -33.945408 0.131191 -14.525172 -22.232109 -14.177945 12.927847 -6.418901 16.577532 -3.574415 15.492435 8.644629 9.876903 -17.742365 -7.683044 -14.665505 12.150256 -3.569899 10.030725 9.211080 3.781056
-1.159349 -16.239407 2.366309 -5.085662 32.439903 0.704499 -24.602556 10.314131 1.325258 -22.521852 -33.945408 0.131191 -14.525172 -22.232109 -14.177945 12.927847 -6.418901 16.577532 -3.574415 15.492435 8.644629 9.876903 -17.742365 -7.683044 -14.665505 12.150256 -3.569899 10.030725 9.211080 3.781056
-1.159349 -16.239407 2.366309 -5.085662 32.439903 0.704499 -24.602556 10.314131 1.325258 -22.521852 -33.945408 0.131191 -14.525172 -22.232109 -14.177945 12.927847 -6.418901 16.577532 -3.574415 15.492435 8.644629 9.876903 -17.742365 -7.683044 -14.665505 12.150256 -3.569899 10.030725 9.211080 3.781056
-0.372821 -12.805411 4.889120 -8.241233 35.470825 4.090532 -24.991196 11.319366 1.631309 -13.017520 -32.010593 -5.026528 -15.545851 -17.611544 -5.857842 12.535680 -1.628175 13.349051 -0.725914 15.366638 4.629603 9.164500 -19.201941 -6.081168 -15.551047 13.084489 -4.168034 9.104361 9.989209 -2.822678
-0.372821 -12.805411 4.889120 -8.241233 35.470825 4.090532 -24.991196 11.319366 1.631309 -13.017520 -32.010593 -5.026528 -15.545851 -17.611544 -5.857842 12.535680 -1.628175 13.349051 -0.725914 15.366638 4.629603 9.164500 -19.201941 -6.081168 -15.551047 13.084489 -4.168034 9.104361 9.989209 -2.822678
-0.372821 -12.805411 4.889120 -8.241233 35.470825 4.090532 -24.991196 11.319366 1.631309 -13.017520 -32.010593 -5.026528 -15.545851 -17.611544 -5.857842 12.535680 -1.628175 13.349051 -0.725914 15.366638 4.629603 9.164500 -19.201941 -6.081168 -15.551047 13.084489 -4.168034 9.104361 9.989209 -2.822678
-0.166274 -11.422071 5.388214 -8.188226 34.186260 1.738764 -24.403296 10.972743 0.297961 -15.635211 -30.938263 -3.362374 -17.372217 -21.143579 -8.452909 7.881048 -0.235766 14.092699 -4.217733 17.433216 6.146038 10.355062 -19.944277 -6.754206 -14.533610 10.712658 -5.161373 9.550808 8.707231 -1.759155
-0.351921 -11.513288 5.383447 -8.055096 33.859993 1.786627 -24.068748 10.857402 0.006242 -15.925200 -31.042713 -3.331120 -17.418196 -20.873541 -8.452773 8.059767 -0.395581 14.136112 -4.196335 17.413828 6.396687 10.404023 -19.775114 -6.690762 -14.723684 10.735871 -5.250816 9.335244 8.807083 -1.698524
-0.356425 -11.522828 5.382214 -8.047464 33.855949 1.790505 -24.064453 10.855202 0.002376 -15.921057 -31.048235 -3.330125 -17.415085 -20.871548 -8.455044 8.064422 -0.402109 14.135030 -4.194779 17.411381 6.398418 10.399627 -19.771532 -6.686817 -14.730452 10.732193 -5.248349 9.335388 8.808930 -1.704013
-0.352850 -11.523403 5.382444 -8.046741 33.852051 1.791029 -24.061682 10.854023 0.000466 -15.923964 -31.048090 -3.329036 -17.414614 -20.870163 -8.456393 8.063643 -0.402155 14.133895 -4.198153 17.411320 6.400759 10.400583 -19.770819 -6.685929 -14.729537 10.730306 -5.248745 9.335378 8.808162 -1.702821
-0.360948 -11.518105 5.386567 -8.053381 33.859016 1.814669 -24.053934 10.853255 0.000073 -15.913780 -31.066433 -3.317794 -17.398533 -20.852341 -8.445042 8.064249 -0.448026 14.138997 -4.202236 17.400133 6.405828 10.410075 -19.766848 -6.685011 -14.731862 10.739301 -5.247038 9.326572 8.811087 -1.693608
-0.357248 -11.519646 5.385831 -8.051199 33.857079 1.807059 -24.057146 10.853970 0.000894 -15.919065 -31.046331 -3.315226 -17.407936 -20.868801 -8.442789 8.053587 -0.413034 14.141565 -4.200252 17.401346 6.402575 10.407845 -19.766684 -6.689703 -14.730654 10.730527 -5.246479 9.335403 8.806689 -1.698069
-0.357248 -11.519646 5.385831 -8.051199 33.857079 1.807059 -24.057146 10.853970 0.000894 -15.919065 -31.046331 -3.315226 -17.407936 -20.868801 -8.442789 8.053587 -0.413034 14.141565 -4.200252 17.401346 6.402575 10.407845 -19.766684 -6.689703 -14.730654 10.730527 -5.246479 9.335403 8.806689 -1.698069
-0.360804 -11.518208 5.386550 -8.053930 33.858456 1.813811 -24.054615 10.853588 -0.000018 -15.913757 -31.066559 -3.318350 -17.398788 -20.852070 -8.444875 8.064214 -0.447668 14.138722 -4.202014 17.400795 6.405865 10.409831 -19.766314 -6.684195 -14.732496 10.739352 -5.246320 9.326306 8.811052 -1.693159
-0.360592 -11.518412 5.386655 -8.053756 33.858307 1.813671 -24.054508 10.853577 -0.000048 -15.913755 -31.066559 -3.318350 -17.398788 -20.852070 -8.444875 8.064214 -0.447668 14.138722 -4.202014 17.400795 6.405771 10.409595 -19.766188 -6.684126 -14.732325 10.739376 -5.246402 9.326468 8.811067 -1.693066
-0.359666 -11.518202 5.385929 -8.052504 33.857044 1.809129 -24.056601 10.854031 -0.000378 -15.915768 -31.067572 -3.315040 -17.395145 -20.853085 -8.445760 8.063887 -0.448483 14.139707 -4.202748 17.394567 6.404211 10.410552 -19.766890 -6.687916 -14.730806 10.735358 -5.244872 9.331886 8.808479 -1.691803
