11.108649 -6.211765 7.414384 -7.006930 11.637303 -6.360463 23.563629 5.204617 -8.829520 -13.175003 -11.364179 -1.603210 -12.557870 -12.162882 7.270147 5.458668 5.101084 11.155244 -21.280994 -3.349761 3.569709 10.170855 -1.414892 8.919631 -13.044991 10.314466 -8.715846 13.561110 6.653664 -5.693198
11.143898 -6.171197 7.515181 -6.793099 11.663810 -6.308298 23.699310 5.174042 -8.943477 -13.077166 -11.309491 -1.611785 -12.377337 -12.234782 7.375834 5.553219 5.008255 11.150281 -21.301874 -3.183488 3.619323 10.236230 -1.270100 8.934945 -12.977458 10.329263 -8.807633 13.594511 6.621039 -5.790569
11.249487 -6.005863 7.645320 -6.511392 11.799825 -6.250594 23.798643 5.116742 -9.090924 -12.887399 -11.251690 -1.666202 -12.125245 -12.332342 7.531857 5.610535 4.942986 11.148283 -21.365885 -3.003111 3.689209 10.329116 -1.077868 8.925061 -12.894834 10.336696 -8.954721 13.637601 6.563477 -5.936273
11.519025 -5.799634 7.959585 -6.201381 11.931123 -6.123428 23.950653 5.094026 -9.223847 -12.642885 -11.147310 -1.815832 -11.723433 -12.541608 7.755984 5.652516 4.817413 11.278075 -21.480837 -2.690345 3.784663 10.518546 -0.826791 8.945482 -12.842412 10.352842 -9.130104 13.620247 6.466063 -6.153666
12.055876 -5.588747 8.307817 -5.785315 12.075103 -5.924523 24.091415 4.901460 -9.325099 -12.358100 -11.081978 -1.952094 -11.131770 -12.671132 8.047196 5.737079 4.854108 11.222486 -21.591591 -2.267576 3.888012 10.732080 -0.525220 8.956317 -12.819639 10.379616 -9.324646 13.583011 6.357190 -6.370564
12.892258 -5.228938 8.720904 -5.319092 12.265059 -5.606865 24.100002 4.481026 -9.363924 -11.960616 -11.149261 -1.969943 -10.430053 -12.791741 8.250358 6.029610 4.812545 11.191427 -21.631697 -1.670766 4.009955 11.065253 -0.099314 8.888602 -12.855769 10.355071 -9.545090 13.520275 6.181773 -6.560173
13.694205 -4.913924 8.953528 -4.977555 12.524120 -5.200937 24.101929 3.840185 -9.362967 -11.599157 -11.269503 -1.988146 -9.640194 -12.852974 8.392100 6.381291 4.697710 11.196113 -21.638994 -0.862743 4.154105 11.414182 0.407371 8.854494 -12.911782 10.381323 -9.784932 13.397263 6.003640 -6.720247
14.380959 -4.630653 9.014403 -4.919542 12.886130 -4.932609 23.976789 3.196247 -9.282077 -11.283370 -11.441778 -1.878551 -8.935267 -12.991233 8.338151 6.812723 4.423900 11.182847 -21.643305 -0.126633 4.299015 11.805984 0.881558 8.767571 -13.089841 10.399133 -9.970201 13.190668 5.801895 -6.869241
14.665895 -4.367023 8.586226 -4.975376 13.400968 -4.678265 23.721800 2.322423 -9.335752 -10.922791 -11.731716 -1.865287 -8.022579 -13.147962 8.404378 7.173247 4.232049 11.068354 -21.724781 0.684450 4.398378 12.123652 1.253909 8.606313 -13.366077 10.363919 -10.047900 12.996705 5.652535 -6.782390
14.922228 -4.079590 7.940004 -5.245845 14.117932 -4.495564 23.345407 1.301754 -9.283828 -10.546893 -11.991224 -1.942412 -7.213567 -13.366083 8.361217 7.391553 4.101583 10.934907 -21.871462 1.208140 4.499689 12.611167 1.702165 8.450793 -13.711729 10.252337 -10.085900 12.789655 5.442371 -6.770083
14.945183 -3.917906 7.361845 -5.332437 14.640349 -4.450604 23.064777 0.573423 -9.428117 -10.229654 -12.228222 -2.134041 -6.427495 -13.525750 8.518088 7.362647 4.444789 10.399201 -22.154861 1.141260 4.502055 13.161983 1.981449 8.194464 -14.087090 10.094996 -10.003818 12.717299 5.243444 -6.617908
14.569405 -3.728209 6.894946 -5.440933 15.090926 -4.500537 22.788183 -0.010498 -9.670037 -9.968559 -12.634315 -2.251594 -5.790590 -13.378254 8.658917 7.368932 4.949920 9.703799 -22.377058 0.882335 4.543368 13.627110 2.196555 7.971408 -14.410533 9.963086 -9.949213 12.663995 5.098113 -6.496599
14.428639 -3.637326 6.603330 -5.226411 15.457944 -4.401908 22.772665 -0.622543 -9.980452 -9.783262 -12.978442 -2.381837 -5.302022 -13.175215 8.817943 7.309564 5.586625 8.964845 -22.589273 0.454481 4.520452 14.065536 2.355462 7.638564 -14.758251 9.780437 -9.862417 12.676040 4.944963 -6.233583
14.332543 -3.599358 6.457174 -5.013930 15.750051 -4.169213 22.686293 -1.276310 -10.191295 -9.707928 -13.299030 -2.496218 -4.869016 -12.965730 9.169383 7.091605 6.246190 8.355348 -22.848528 -0.015178 4.557281 14.490464 2.576458 7.470137 -15.078742 9.640573 -9.797778 12.600910 4.795158 -6.037180
13.995516 -3.606689 6.208675 -4.920365 16.016497 -4.001946 22.549036 -1.840549 -10.475055 -9.630323 -13.571104 -2.482386 -4.543312 -12.651319 9.504340 7.009485 6.851315 7.706101 -23.001442 -0.373446 4.554286 14.841008 2.623618 7.318559 -15.363498 9.501176 -9.688339 12.502632 4.668596 -5.934354
13.637935 -3.533406 5.943017 -4.969141 16.313961 -3.868266 22.245085 -2.244266 -10.734206 -9.555046 -13.759030 -2.502185 -4.228404 -12.402386 9.759528 6.990211 7.472817 7.090292 -23.108854 -0.584349 4.606456 15.177120 2.649383 7.312232 -15.626192 9.400539 -9.568700 12.295769 4.523187 -6.001843
13.380518 -3.512393 5.696376 -4.964164 16.545475 -3.774478 22.032841 -2.552671 -10.999599 -9.487423 -13.872409 -2.560273 -3.924438 -12.257858 9.957343 6.936919 7.946447 6.653443 -23.195818 -0.718981 4.631849 15.384749 2.652546 7.249763 -15.911070 9.307841 -9.490233 12.126329 4.443591 -5.888745
13.224826 -3.500757 5.499762 -4.987538 16.709749 -3.768296 21.853338 -2.790163 -11.158926 -9.467533 -14.020599 -2.578404 -3.695157 -12.143907 10.061206 6.875724 8.285915 6.376513 -23.252695 -0.847512 4.631196 15.571930 2.652123 7.197859 -16.078098 9.230794 -9.435149 12.021749 4.360167 -5.875216
13.147169 -3.530692 5.335132 -5.004784 16.783360 -3.739836 21.759012 -2.943237 -11.262067 -9.453661 -14.083614 -2.595500 -3.545544 -12.043262 10.152681 6.844734 8.550764 6.137217 -23.308897 -0.952029 4.624343 15.661113 2.671913 7.174038 -16.143175 9.179565 -9.404443 11.998467 4.309654 -5.870514
13.126926 -3.556766 5.265337 -5.016789 16.812660 -3.736628 21.737366 -3.014691 -11.279248 -9.443357 -14.087803 -2.627929 -3.458879 -12.045732 10.210680 6.827078 8.632112 6.083226 -23.338755 -0.940065 4.627141 15.694602 2.686288 7.164367 -16.179337 9.155988 -9.382185 11.991007 4.299110 -5.839475
13.083048 -3.592627 4.977680 -4.983432 16.937298 -3.704415 21.680340 -3.246034 -11.426579 -9.377100 -14.128704 -2.751325 -3.126517 -11.997449 10.493276 6.693243 9.044513 5.818531 -23.471418 -0.961958 4.662856 15.802941 2.722473 7.168886 -16.320807 9.101961 -9.358579 11.874934 4.244692 -5.820115
13.084181 -3.680659 3.979892 -4.955602 17.410294 -3.691247 21.439922 -3.963305 -11.771590 -9.189367 -14.215343 -2.800154 -2.408101 -11.729278 11.217475 6.647201 9.717022 5.153415 -23.665628 -0.839956 4.804041 16.067930 2.822678 7.233594 -16.837963 8.922158 -9.237454 11.477749 4.053912 -5.785425
12.897074 -3.673143 2.229587 -5.043325 18.187157 -3.929106 20.988581 -4.740353 -12.231605 -9.138299 -14.536081 -2.785978 -1.324049 -11.155051 12.414475 6.373346 11.005718 4.170567 -23.878315 -0.784004 4.907987 16.248274 2.997549 7.254891 -17.712156 8.595600 -8.867931 11.000523 3.740178 -5.482251
12.095175 -3.132764 0.240946 -5.033131 19.267815 -4.502001 19.705336 -5.087774 -13.166143 -8.922435 -15.437178 -2.433070 -0.283424 -10.244991 13.524602 5.977469 12.728679 3.532832 -23.760229 -0.450511 5.127882 16.466118 3.174233 7.162332 -18.487633 8.390380 -8.536544 10.462120 3.538560 -5.153425
10.593077 -1.829648 -0.962644 -4.752298 20.834396 -5.473904 17.991676 -4.890949 -14.128933 -8.878645 -17.320930 -0.421443 0.861469 -8.048965 15.923365 5.836827 12.972939 2.712537 -23.486979 0.157909 5.110390 17.153261 3.053612 6.901516 -19.155046 8.147494 -7.978145 9.891779 3.194432 -5.029511
9.454347 -0.908425 -0.348212 -1.669766 22.401279 -5.415906 14.184453 -5.539090 -15.981143 -11.548643 -19.611452 2.626507 1.411781 -4.393037 19.944363 4.899824 10.693818 1.979279 -23.636059 1.637947 4.805725 19.158504 1.515315 5.746923 -18.948118 6.960641 -6.380667 10.030736 2.151361 -6.447607
8.780535 1.171571 0.534256 -0.564951 24.147770 -6.328591 10.845084 -5.348427 -17.100653 -12.913158 -23.505205 4.680790 0.322171 -1.322903 19.122055 4.376033 8.790235 1.925549 -22.742136 5.017490 4.836628 19.381472 -0.082852 4.196732 -19.307245 5.528284 -4.823004 10.184218 0.985625 -7.308186
7.720542 3.758121 0.746295 -0.479344 25.953600 -7.136859 7.569077 -4.401606 -17.760452 -14.149719 -26.640465 4.340313 -0.743081 -0.682957 15.739598 3.503191 7.938626 4.095647 -22.196619 6.613968 4.925870 18.441946 -3.059898 1.880995 -19.074768 4.879205 -3.897407 10.555924 0.824299 -7.507496
7.730422 6.457758 0.379535 -0.936371 28.319906 -6.613617 1.770318 -2.855231 -18.405531 -16.511030 -29.502386 3.201847 -2.206624 -0.668473 11.489072 2.938719 7.072692 6.898169 -21.846933 6.325461 5.308198 17.358759 -6.496460 -0.347830 -18.592602 5.020426 -3.447561 10.437166 1.236706 -8.239747
8.760658 8.665979 0.396524 -3.879969 29.548912 -6.878685 -3.961759 -1.039060 -16.505426 -18.591471 -32.071621 2.039794 -4.111304 -0.561758 7.945908 0.786414 8.143979 11.178914 -20.987724 6.527285 5.950415 15.997113 -10.005033 -1.335921 -17.912397 6.129096 -2.608913 9.801798 2.352888 -8.615376
9.979839 10.464922 1.472393 -7.685958 30.109579 -7.098604 -7.804492 1.878267 -13.638272 -19.778868 -33.480442 0.435502 -7.357891 -2.196897 3.731752 -0.210592 7.126664 17.506123 -19.301882 5.927333 6.534723 14.423800 -12.644643 -1.799806 -17.161472 6.977442 -1.708487 9.115402 3.466121 -8.025243
10.163694 10.281933 3.258763 -10.763490 29.206177 -7.161205 -9.863883 3.383092 -9.874396 -21.613127 -32.634968 -2.752930 -11.069822 -3.252625 1.270158 -0.281649 7.152811 21.955688 -17.361628 6.655152 6.292585 12.556352 -15.894625 -1.914295 -16.120386 8.315633 -1.356825 8.806746 4.909549 -7.213703
8.781307 9.874655 5.306553 -13.003481 27.229954 -6.882271 -10.249948 3.971152 -7.555594 -22.797819 -31.032604 -4.626030 -14.713267 -4.601426 -1.932668 0.038097 7.215284 24.346962 -15.857421 5.484441 6.649103 10.546018 -17.974646 -2.287911 -15.799651 9.878005 -1.495875 8.455382 6.482648 -4.745189
6.027989 8.464134 6.451246 -15.553034 25.151894 -5.811701 -10.794419 3.809494 -6.674754 -24.226805 -28.408154 -5.079227 -16.715437 -5.613007 -5.230582 2.383513 5.908112 23.619604 -15.119514 4.956372 6.871162 8.756816 -19.067986 -3.181635 -15.576102 10.793145 -1.933389 8.815998 7.868426 -1.545316
0.797103 6.638025 7.269839 -18.532045 23.226156 -4.657795 -10.590422 4.002664 -5.967093 -25.967257 -24.566540 -4.690658 -17.977314 -7.072213 -8.904063 4.897140 3.727853 21.655663 -15.922954 5.318150 7.056909 7.412230 -19.243692 -4.380584 -14.837660 11.419372 -2.310674 10.320262 9.169619 1.650684
-2.895905 5.935847 7.733761 -20.435848 22.525352 -3.852677 -10.121821 4.765990 -5.450388 -26.666620 -22.534660 -6.045502 -18.879608 -9.046630 -10.701182 6.873207 2.830765 21.165237 -16.284428 4.754836 7.063615 6.303421 -18.525537 -5.368604 -14.210409 11.897266 -2.925858 11.708229 9.878654 4.028488
-6.017501 5.098492 7.221441 -21.566702 22.175549 -3.413911 -9.344113 5.682609 -5.905087 -26.839247 -20.789162 -7.192539 -19.282923 -10.486200 -10.999278 7.850690 2.049252 20.607586 -16.579847 4.213826 6.735777 5.173607 -17.532982 -6.075878 -13.751426 12.052676 -3.815826 13.023911 10.357944 6.054924
-8.035658 4.804439 6.295647 -22.390911 21.914923 -3.200631 -8.508869 6.665432 -6.391106 -26.710077 -19.651203 -7.241628 -19.765968 -11.466030 -10.945407 8.006655 1.814833 19.719357 -16.542452 3.301312 6.357740 3.922883 -17.264208 -6.452607 -13.317569 12.200164 -4.158932 13.690105 10.807675 6.766820
-8.847650 4.636127 5.730121 -22.815083 21.777618 -2.891026 -8.100877 7.212198 -6.619797 -26.655321 -19.313847 -7.287437 -20.288065 -12.153819 -10.943863 8.079485 1.300806 19.367542 -16.556210 2.448097 6.020294 3.070390 -17.018730 -6.763444 -13.141755 12.066116 -4.304893 14.206137 11.082900 7.569788
-9.044129 4.638162 5.602852 -22.972010 21.725727 -2.943301 -7.903054 7.292523 -6.614662 -26.540667 -19.232716 -7.284916 -20.514894 -12.316744 -10.864154 8.142526 1.029342 19.319107 -16.491568 2.175647 6.023623 2.881881 -16.927591 -6.795046 -13.087454 12.052531 -4.367166 14.238605 11.147154 7.653209
-9.048839 4.622570 5.596948 -22.982849 21.737514 -2.902260 -7.944476 7.280284 -6.617366 -26.577545 -19.263710 -7.293403 -20.455069 -12.269847 -10.889856 8.125525 1.086117 19.339418 -16.526016 2.216461 6.001324 2.886160 -16.969275 -6.821785 -13.104293 12.057631 -4.384600 14.234039 11.149639 7.655001
-8.986932 4.627011 5.563356 -22.978354 21.874847 -2.688653 -8.117259 7.265333 -6.656137 -26.700731 -19.314665 -7.284719 -20.352276 -12.244996 -11.022784 8.094915 1.052815 19.432957 -16.595926 2.301118 5.993708 2.879101 -16.993498 -6.926477 -13.133252 12.062582 -4.343185 14.225973 11.165177 7.799708
-8.946222 4.577199 5.493432 -22.925474 21.992081 -2.381152 -8.276272 7.164797 -6.727820 -26.771534 -19.491096 -7.265833 -20.273855 -12.204933 -11.141879 8.156908 1.146912 19.449558 -16.573858 2.462074 6.040896 2.932936 -17.121099 -7.104063 -13.201730 12.087613 -4.301198 14.152389 11.192773 7.893394
-8.836684 4.552699 5.439573 -22.795065 22.196541 -2.064339 -8.556961 7.051309 -6.862804 -26.927603 -19.657803 -7.332035 -20.190365 -12.145695 -11.319889 8.194707 1.204991 19.631178 -16.566702 2.606388 6.151783 3.175838 -17.291683 -7.360460 -13.346881 12.064546 -4.360800 14.005957 11.136298 7.834255
-8.688518 4.461160 5.420510 -22.711699 22.324842 -1.726151 -8.812860 6.945091 -6.924096 -27.093351 -19.897282 -7.394291 -20.159019 -12.090961 -11.450731 8.240442 1.365917 19.734684 -16.529234 2.767119 6.432703 3.415488 -17.516781 -7.564786 -13.555235 12.063607 -4.453445 13.767458 11.126429 7.668498
-8.409425 4.454788 5.359046 -22.564322 22.574886 -1.336660 -9.098527 6.727531 -7.113259 -27.187563 -20.246643 -7.462646 -20.058847 -12.013650 -11.623984 8.191546 1.559342 19.929853 -16.522600 2.859113 6.515588 3.717965 -17.433313 -7.649677 -13.675673 12.061129 -4.449526 13.534330 11.080367 7.687365
-7.906214 4.373811 5.172049 -22.345179 22.836609 -0.750560 -9.421358 6.550435 -7.389695 -27.260296 -20.718941 -7.619349 -19.880220 -11.902036 -11.578511 8.268692 1.710867 20.229700 -16.356880 3.049299 6.629407 4.059946 -17.395674 -7.791177 -13.757321 12.063077 -4.444781 13.282528 10.957545 7.517126
-7.259316 4.304673 5.032581 -22.006212 23.045818 -0.176348 -9.774932 6.405936 -7.676566 -27.368706 -21.147465 -7.630922 -19.650394 -11.800156 -11.674042 8.276659 2.018180 20.506180 -16.226217 3.411046 6.676331 4.522350 -17.373423 -8.002677 -13.960561 12.076059 -4.451528 12.961537 10.797763 7.314958
-6.672603 4.215444 4.872646 -21.499090 23.218708 0.341412 -10.201760 6.197170 -8.034415 -27.488876 -21.655714 -7.499157 -19.464331 -11.750356 -11.764243 8.263607 2.447418 20.528925 -16.000074 3.534192 6.763785 5.043325 -17.396877 -8.073661 -14.238267 12.145601 -4.346642 12.537096 10.646232 7.076534
-5.802492 4.214431 4.906053 -21.039274 23.408169 0.634531 -10.683089 5.951932 -8.228395 -27.600750 -22.284758 -7.485409 -19.079088 -11.569567 -11.959682 8.315743 2.845583 20.676390 -15.941207 4.064939 6.973377 5.744680 -17.496401 -8.087064 -14.297873 12.075601 -4.241825 12.343543 10.424358 6.535051
-5.014017 4.155725 4.907661 -20.628492 23.590036 0.950186 -11.131980 5.678481 -8.409777 -27.707472 -22.885046 -7.455023 -18.625231 -11.242337 -12.107208 8.226021 3.394480 20.734665 -15.954795 4.525010 7.162669 6.378390 -17.448444 -7.982083 -14.436042 12.078233 -4.051644 12.129272 10.238708 6.311804
-4.243047 4.126962 4.811534 -20.049883 23.839386 1.321250 -11.665879 5.531966 -8.694428 -27.873049 -23.694792 -7.417086 -18.130770 -10.863248 -12.402884 8.188780 3.803132 20.813713 -15.898759 5.110661 7.346241 6.947349 -17.562534 -7.971384 -14.465980 12.138804 -4.049302 11.848013 10.079315 5.829758
-3.570554 4.123776 4.694410 -19.368942 24.107952 1.647642 -12.258230 5.335394 -9.066075 -28.176302 -24.298771 -7.340760 -17.890196 -10.651322 -12.936344 8.276155 4.093702 20.979380 -15.796302 5.682127 7.671208 7.409363 -17.779139 -7.954528 -14.462710 12.256389 -3.911779 11.466468 10.008723 5.486783
-2.761456 4.269346 4.581573 -18.897909 24.556381 1.792688 -12.797903 5.010041 -9.197822 -28.441488 -24.864002 -7.380802 -17.503754 -10.607001 -13.436339 8.180166 4.585093 21.065792 -15.672268 6.373071 7.906905 7.981186 -17.908030 -8.076312 -14.634807 12.130919 -3.806581 11.147751 9.855808 5.089566
-1.915568 4.537141 4.745103 -18.485209 24.921652 1.962758 -13.159868 4.620036 -9.187808 -28.522642 -25.556526 -7.291215 -17.227261 -10.326468 -13.880821 8.124180 5.121432 21.057409 -15.540405 6.837644 8.169142 8.563491 -17.826092 -7.880562 -14.540823 12.230044 -3.607236 10.839827 9.727111 4.682487
-1.080854 4.747865 4.854424 -18.020468 25.255211 2.145766 -13.644485 4.310994 -9.207158 -28.628202 -26.408413 -7.163348 -16.931900 -10.086147 -14.174640 8.076678 5.533615 21.171043 -15.354403 7.137580 8.373132 9.005256 -17.775145 -7.828391 -14.505827 12.264131 -3.583217 10.565298 9.604084 4.365067
-0.376082 5.068641 4.952879 -17.616634 25.581882 2.141693 -13.915091 4.096624 -9.229127 -28.573574 -27.137110 -7.191563 -16.615709 -9.941255 -14.196827 8.060396 6.086501 21.302124 -15.122139 7.408551 8.472685 9.338312 -17.762438 -7.839005 -14.591763 12.191535 -3.582207 10.335825 9.419535 4.139428
-0.011796 5.274673 5.026948 -17.382780 25.761185 2.076429 -14.000882 3.999255 -9.204703 -28.557266 -27.644821 -7.158827 -16.536291 -9.790711 -14.216654 8.092052 6.425043 21.417248 -14.823076 7.587479 8.546809 9.609451 -17.752851 -7.713835 -14.592336 12.192923 -3.556085 10.186592 9.327222 3.969124
0.408140 5.425710 5.038058 -17.195742 25.929211 2.019578 -14.099967 3.916290 -9.214656 -28.500437 -28.033468 -7.123258 -16.435995 -9.610872 -14.159405 8.053658 6.725185 21.488607 -14.703507 7.719217 8.579310 9.784051 -17.786322 -7.693148 -14.637120 12.157935 -3.570495 10.078653 9.245461 3.841217
0.562920 5.427171 5.004717 -17.104767 25.971542 2.013660 -14.138317 3.912177 -9.243955 -28.516844 -28.136862 -7.118543 -16.402649 -9.581072 -14.148908 8.057963 6.732376 21.522190 -14.658451 7.751437 8.644629 9.876903 -17.742365 -7.683044 -14.665505 12.150256 -3.569899 10.030725 9.211080 3.781056
0.562920 5.427171 5.004717 -17.104767 25.971542 2.013660 -14.138317 3.912177 -9.243955 -28.516844 -28.136862 -7.118543 -16.402649 -9.581072 -14.148908 8.057963 6.732376 21.522190 -14.658451 7.751437 8.644629 9.876903 -17.742365 -7.683044 -14.665505 12.150256 -3.569899 10.030725 9.211080 3.781056
0.562920 5.427171 5.004717 -17.104767 25.971542 2.013660 -14.138317 3.912177 -9.243955 -28.516844 -28.136862 -7.118543 -16.402649 -9.581072 -14.148908 8.057963 6.732376 21.522190 -14.658451 7.751437 8.644629 9.876903 -17.742365 -7.683044 -14.665505 12.150256 -3.569899 10.030725 9.211080 3.781056
0.562920 5.427171 5.004717 -17.104767 25.971542 2.013660 -14.138317 3.912177 -9.243955 -28.516844 -28.136862 -7.118543 -16.402649 -9.581072 -14.148908 8.057963 6.732376 21.522190 -14.658451 7.751437 8.644629 9.876903 -17.742365 -7.683044 -14.665505 12.150256 -3.569899 10.030725 9.211080 3.781056
0.562920 5.427171 5.004717 -17.104767 25.971542 2.013660 -14.138317 3.912177 -9.243955 -28.516844 -28.136862 -7.118543 -16.402649 -9.581072 -14.148908 8.057963 6.732376 21.522190 -14.658451 7.751437 8.644629 9.876903 -17.742365 -7.683044 -14.665505 12.150256 -3.569899 10.030725 9.211080 3.781056
0.562920 5.427171 5.004717 -17.104767 25.971542 2.013660 -14.138317 3.912177 -9.243955 -28.516844 -28.136862 -7.118543 -16.402649 -9.581072 -14.148908 8.057963 6.732376 21.522190 -14.658451 7.751437 8.644629 9.876903 -17.742365 -7.683044 -14.665505 12.150256 -3.569899 10.030725 9.211080 3.781056
0.562920 5.427171 5.004717 -17.104767 25.971542 2.013660 -14.138317 3.912177 -9.243955 -28.516844 -28.137913 -7.118418 -16.402008 -9.581349 -14.149590 8.058022 6.730878 21.521721 -14.658414 7.750480 8.644629 9.876903 -17.742365 -7.683044 -14.665505 12.150256 -3.569899 10.030725 9.211080 3.781056
0.563942 5.425040 5.004773 -17.103474 25.969685 2.010916 -14.136943 3.914382 -9.243579 -28.517687 -28.138979 -7.117342 -16.401295 -9.580663 -14.150588 8.057606 6.730365 21.523129 -14.659414 7.749310 8.646829 9.876685 -17.744806 -7.683811 -14.664454 12.149074 -3.570334 10.032630 9.211177 3.778879
0.562920 5.427171 5.004717 -17.104767 25.971542 2.013660 -14.138317 3.912177 -9.243955 -28.516844 -28.136890 -7.118456 -16.402733 -9.581002 -14.149085 8.058078 6.732314 21.522217 -14.658547 7.751565 8.644629 9.876903 -17.742365 -7.683044 -14.665505 12.150256 -3.569899 10.030725 9.211080 3.781056
0.562920 5.427171 5.004717 -17.104767 25.971542 2.013660 -14.138317 3.912177 -9.243955 -28.516844 -28.137005 -7.118489 -16.402580 -9.581120 -14.149055 8.058035 6.732124 21.522207 -14.658465 7.751342 8.644629 9.876903 -17.742365 -7.683044 -14.665505 12.150256 -3.569899 10.030725 9.211080 3.781056
0.562920 5.427171 5.004717 -17.104767 25.971542 2.013660 -14.138317 3.912177 -9.243955 -28.516844 -28.137913 -7.118418 -16.402008 -9.581349 -14.149590 8.058022 6.730878 21.521721 -14.658414 7.750480 8.644629 9.876903 -17.742365 -7.683044 -14.665505 12.150256 -3.569899 10.030725 9.211080 3.781056
0.562920 5.427171 5.004717 -17.104767 25.971542 2.013660 -14.138317 3.912177 -9.243955 -28.516844 -28.137913 -7.118418 -16.402008 -9.581349 -14.149590 8.058022 6.730878 21.521721 -14.658414 7.750480 8.644629 9.876903 -17.742365 -7.683044 -14.665505 12.150256 -3.569899 10.030725 9.211080 3.781056
0.562920 5.427171 5.004717 -17.104767 25.971542 2.013660 -14.138317 3.912177 -9.243955 -28.516844 -28.137913 -7.118418 -16.402008 -9.581349 -14.149590 8.058022 6.730878 21.521721 -14.658414 7.750480 8.644629 9.876903 -17.742365 -7.683044 -14.665505 12.150256 -3.569899 10.030725 9.211080 3.781056
0.562920 5.427171 5.004717 -17.104767 25.971542 2.013660 -14.138317 3.912177 -9.243955 -28.516844 -28.137913 -7.118418 -16.402008 -9.581349 -14.149590 8.058022 6.730878 21.521721 -14.658414 7.750480 8.644629 9.876903 -17.742365 -7.683044 -14.665505 12.150256 -3.569899 10.030725 9.211080 3.781056
0.562920 5.427171 5.004717 -17.104767 25.971542 2.013660 -14.138317 3.912177 -9.243955 -28.516844 -28.137913 -7.118418 -16.402008 -9.581349 -14.149590 8.058022 6.730878 21.521721 -14.658414 7.750480 8.644629 9.876903 -17.742365 -7.683044 -14.665505 12.150256 -3.569899 10.030725 9.211080 3.781056
8.673403 5.141256 2.247878 -16.965078 18.646603 -3.746160 -6.058641 -1.587182 -10.856124 -34.393867 -27.330709 -1.280452 -15.545951 -16.774231 -20.112511 6.590443 4.862971 20.907085 -16.622601 8.399096 4.629603 9.164500 -19.201941 -6.081168 -15.551047 13.084489 -4.168034 9.104361 9.989209 -2.822678
8.673403 5.141256 2.247878 -16.965078 18.646603 -3.746160 -6.058641 -1.587182 -10.856124 -34.393867 -27.330709 -1.280452 -15.545951 -16.774231 -20.112511 6.590443 4.862971 20.907085 -16.622601 8.399096 4.629603 9.164500 -19.201941 -6.081168 -15.551047 13.084489 -4.168034 9.104361 9.989209 -2.822678
8.673403 5.141256 2.247878 -16.965078 18.646603 -3.746160 -6.058641 -1.587182 -10.856124 -34.393867 -27.330709 -1.280452 -15.545951 -16.774231 -20.112511 6.590443 4.862971 20.907085 -16.622601 8.399096 4.629603 9.164500 -19.201941 -6.081168 -15.551047 13.084489 -4.168034 9.104361 9.989209 -2.822678
8.673403 5.141256 2.247878 -16.965078 18.646603 -3.746160 -6.058641 -1.587182 -10.856124 -34.393867 -27.330709 -1.280452 -15.545951 -16.774231 -20.112511 6.590443 4.862971 20.907085 -16.622601 8.399096 4.629603 9.164500 -19.201941 -6.081168 -15.551047 13.084489 -4.168034 9.104361 9.989209 -2.822678
8.673403 5.141256 2.247878 -16.965078 18.646603 -3.746160 -6.058641 -1.587182 -10.856124 -34.393867 -27.330709 -1.280452 -15.545951 -16.774231 -20.112511 6.590443 4.862971 20.907085 -16.622601 8.399096 4.629603 9.164500 -19.201941 -6.081168 -15.551047 13.084489 -4.168034 9.104361 9.989209 -2.822678
6.033258 1.203001 3.519318 -14.250813 21.808695 -2.656014 -8.219717 0.852825 -7.529119 -31.623224 -28.523514 -3.253883 -14.365478 -12.880881 -18.231117 9.205376 5.295783 21.923599 -15.239975 5.815022 5.633005 10.218389 -19.737780 -6.719974 -14.940270 11.541116 -4.882864 9.409760 9.145885 -2.149740
5.358743 -0.055335 3.788364 -13.592238 22.457989 -2.465951 -8.897975 1.419408 -6.583375 -30.948711 -28.569012 -3.752251 -14.190036 -12.455701 -17.772909 9.496620 5.516905 22.005152 -14.934327 5.481307 6.146038 10.355062 -19.944277 -6.754206 -14.533610 10.712658 -5.161373 9.550808 8.707231 -1.759155
5.411778 -0.254731 3.686017 -13.513636 22.780247 -2.145670 -9.116411 1.463906 -6.420540 -30.753479 -28.498280 -3.764584 -14.240956 -12.586872 -17.835625 9.495615 5.627088 21.997944 -14.933732 5.503036 6.412848 10.443034 -19.816828 -6.735326 -14.657093 10.704614 -5.253929 9.359386 8.786521 -1.674312
5.483469 -0.245191 3.626897 -13.567839 22.738935 -2.191721 -9.070733 1.426847 -6.422364 -30.792664 -28.455561 -3.762001 -14.260335 -12.590750 -17.856266 9.479378 5.677877 21.993706 -14.959752 5.495678 6.396687 10.404023 -19.775114 -6.690762 -14.723684 10.735871 -5.250816 9.335244 8.807083 -1.698524
5.495147 -0.235926 3.621503 -13.573726 22.739132 -2.193368 -9.072712 1.421205 -6.431052 -30.797741 -28.433382 -3.768130 -14.274909 -12.597935 -17.856384 9.468836 5.692608 21.997936 -14.968451 5.503340 6.398205 10.399343 -19.771694 -6.686749 -14.730512 10.732505 -5.248116 9.335497 8.809159 -1.704097
5.495294 -0.235763 3.621636 -13.573432 22.738873 -2.192875 -9.072462 1.421277 -6.431532 -30.797796 -28.433189 -3.768146 -14.275067 -12.597551 -17.856541 9.469288 5.692762 21.997513 -14.967769 5.502979 6.398418 10.399627 -19.771532 -6.686817 -14.730452 10.732193 -5.248349 9.335388 8.808930 -1.704013
5.508317 -0.243712 3.608856 -13.571610 22.738808 -2.189708 -9.068916 1.417460 -6.431985 -30.798410 -28.431679 -3.769424 -14.276069 -12.600325 -17.859594 9.468616 5.697700 21.997404 -14.968908 5.504931 6.401398 10.405996 -19.770491 -6.689489 -14.728919 10.739068 -5.246083 9.332481 8.811975 -1.692573
5.502973 -0.227775 3.615283 -13.577068 22.740311 -2.195484 -9.073625 1.424937 -6.436956 -30.798151 -28.432674 -3.768059 -14.275447 -12.598729 -17.856474 9.469103 5.692614 21.996975 -14.967582 5.502539 6.400759 10.400583 -19.770819 -6.685929 -14.729537 10.730306 -5.248745 9.335378 8.808162 -1.702821
5.503033 -0.228327 3.615212 -13.576922 22.740566 -2.195072 -9.074091 1.425476 -6.436381 -30.797808 -28.432587 -3.769067 -14.274333 -12.598243 -17.856911 9.471286 5.690993 21.997543 -14.967445 5.503470 6.400929 10.400927 -19.770308 -6.686187 -14.729962 10.729877 -5.248829 9.335519 8.808192 -1.703127
5.514925 -0.242427 3.589725 -13.578663 22.739069 -2.195650 -9.060321 1.416694 -6.435698 -30.791162 -28.431385 -3.774278 -14.277378 -12.605686 -17.869694 9.472769 5.702211 22.001125 -14.968305 5.507020 6.405828 10.410075 -19.766848 -6.685011 -14.731862 10.739301 -5.247038 9.326572 8.811087 -1.693608
5.498438 -0.230313 3.605950 -13.581216 22.740520 -2.199326 -9.061213 1.421636 -6.434616 -30.789497 -28.444899 -3.768793 -14.270215 -12.599257 -17.872606 9.477800 5.686806 22.003084 -14.968129 5.502290 6.401490 10.405201 -19.767126 -6.687221 -14.731946 10.728953 -5.246066 9.335804 8.805724 -1.700470
5.497159 -0.229648 3.606812 -13.580952 22.740335 -2.199654 -9.061132 1.421865 -6.434730 -30.789560 -28.438412 -3.771336 -14.272889 -12.600659 -17.870033 9.473932 5.695924 22.001234 -14.967331 5.503227 6.402575 10.407845 -19.766684 -6.689703 -14.730654 10.730527 -5.246479 9.335403 8.806689 -1.698069
5.497159 -0.229648 3.606812 -13.580952 22.740335 -2.199654 -9.061132 1.421865 -6.434730 -30.789560 -28.438412 -3.771336 -14.272889 -12.600659 -17.870033 9.473932 5.695924 22.001234 -14.967331 5.503227 6.402575 10.407845 -19.766684 -6.689703 -14.730654 10.730527 -5.246479 9.335403 8.806689 -1.698069
5.497159 -0.229648 3.606812 -13.580952 22.740335 -2.199654 -9.061132 1.421865 -6.434730 -30.789560 -28.438412 -3.771336 -14.272889 -12.600659 -17.870033 9.473932 5.695924 22.001234 -14.967331 5.503227 6.402575 10.407845 -19.766684 -6.689703 -14.730654 10.730527 -5.246479 9.335403 8.806689 -1.698069
5.497159 -0.229648 3.606812 -13.580952 22.740335 -2.199654 -9.061132 1.421865 -6.434730 -30.789560 -28.438412 -3.771336 -14.272889 -12.600659 -17.870033 9.473932 5.695924 22.001234 -14.967331 5.503227 6.402575 10.407845 -19.766684 -6.689703 -14.730654 10.730527 -5.246479 9.335403 8.806689 -1.698069
5.515181 -0.242054 3.589404 -13.578377 22.739712 -2.195490 -9.060125 1.416435 -6.435406 -30.791445 -28.431610 -3.774228 -14.277329 -12.605458 -17.869518 9.473057 5.700759 22.001263 -14.968465 5.507325 6.405865 10.409831 -19.766314 -6.684195 -14.732496 10.739352 -5.246320 9.326306 8.811052 -1.693159
5.515291 -0.241838 3.589281 -13.578254 22.739958 -2.195581 -9.060171 1.416417 -6.435452 -30.791431 -28.431326 -3.774224 -14.277352 -12.605409 -17.869368 9.472784 5.701380 22.001080 -14.968430 5.507268 6.405771 10.409595 -19.766188 -6.684126 -14.732325 10.739376 -5.246402 9.326468 8.811067 -1.693066
5.515291 -0.241838 3.589281 -13.578254 22.739958 -2.195581 -9.060171 1.416417 -6.435452 -30.791431 -28.431326 -3.774224 -14.277352 -12.605409 -17.869368 9.472784 5.701380 22.001080 -14.968430 5.507268 6.405771 10.409595 -19.766188 -6.684126 -14.732325 10.739376 -5.246402 9.326468 8.811067 -1.693066
5.516044 -0.239442 3.593803 -13.578608 22.741301 -2.196000 -9.063717 1.417878 -6.435034 -30.792200 -28.430824 -3.774883 -14.277276 -12.605399 -17.869085 9.472188 5.703231 22.000269 -14.968476 5.507048 6.404211 10.410552 -19.766890 -6.687916 -14.730806 10.735358 -5.244872 9.331886 8.808479 -1.691803
5.516044 -0.239442 3.593803 -13.578608 22.741301 -2.196000 -9.063717 1.417878 -6.435034 -30.792200 -28.430824 -3.774883 -14.277276 -12.605399 -17.869085 9.472188 5.703231 22.000269 -14.968476 5.507048 6.404211 10.410552 -19.766890 -6.687916 -14.730806 10.735358 -5.244872 9.331886 8.808479 -1.691803
5.516044 -0.239442 3.593803 -13.578608 22.741301 -2.196000 -9.063717 1.417878 -6.435034 -30.792200 -28.430824 -3.774883 -14.277276 -12.605399 -17.869085 9.472188 5.703231 22.000269 -14.968476 5.507048 6.404211 10.410552 -19.766890 -6.687916 -14.730806 10.735358 -5.244872 9.331886 8.808479 -1.691803
