-1.809633 -6.159834 4.014646 -10.281126 10.293371 -9.919244 17.244228 8.902637 -17.619884 -10.489677 -13.601173 -2.222408 -18.311649 -17.858219 14.018289 8.235193 -0.564750 -6.666307 -10.599027 1.836932 5.043038 -8.362832 -0.696109 3.390126 -17.582182 7.099124 -12.088863 16.935425 4.873280 -1.729468
-2.015842 -6.236974 3.967610 -10.205080 10.295939 -9.931001 17.301813 8.866288 -17.734272 -10.504833 -13.567728 -2.274521 -18.132196 -17.914314 14.075059 8.273089 -0.474906 -6.840026 -10.700283 1.798212 5.063957 -8.332708 -0.647458 3.280663 -17.616276 7.109596 -12.124804 16.929825 4.874597 -1.590804
-2.469534 -6.379959 3.789804 -10.020704 10.375117 -9.957533 17.384418 8.924925 -18.026550 -10.560201 -13.445563 -2.344832 -17.749266 -18.016399 14.187698 8.454151 -0.282538 -7.287277 -10.883956 1.830916 5.090635 -8.352262 -0.620789 3.132766 -17.603453 7.173812 -12.307067 16.887264 4.838114 -1.504316
-3.152515 -6.602528 3.450362 -9.792848 10.580615 -9.895357 17.497959 9.010550 -18.506956 -10.637758 -12.873157 -2.476629 -17.222864 -18.281738 14.245938 9.091846 -0.138876 -8.213516 -11.248903 1.914739 5.278230 -8.332561 -0.486984 3.009170 -17.409544 7.302067 -12.619847 16.862442 4.766135 -1.429814
-4.738589 -7.138278 3.398702 -8.993555 10.229230 -9.436775 17.886801 9.694767 -19.467438 -11.293660 -11.535788 -2.593279 -17.357492 -18.698322 13.795993 10.810840 -0.663710 -9.448827 -11.253102 1.870993 5.899744 -8.504835 -0.569695 3.387165 -16.424957 7.684077 -13.058766 16.856007 4.707457 -1.921159
-6.204601 -7.916536 3.151886 -8.380235 10.013924 -8.893377 18.297707 9.992935 -20.275999 -11.772463 -10.513613 -2.683755 -17.874891 -19.069290 13.303425 12.065422 -1.296788 -10.125901 -11.210334 1.375846 6.419335 -8.664778 -0.580669 3.638974 -15.909153 8.023406 -13.504264 16.670280 4.732803 -2.323207
-6.814410 -8.008426 2.538457 -8.188293 10.065856 -8.527863 18.202030 10.456776 -20.799686 -12.014116 -10.100266 -2.743124 -17.409561 -19.373720 13.132408 12.572942 -1.419104 -11.326049 -11.617671 0.641517 6.717098 -8.887643 -0.847450 3.746065 -15.632272 8.108560 -13.929295 16.420115 4.711290 -2.659845
-6.545605 -7.348354 1.765634 -8.276994 10.610164 -8.459410 17.599075 11.333594 -21.068115 -11.930599 -9.772163 -2.883260 -17.572765 -19.486179 12.685818 12.803448 -1.984633 -11.790460 -11.720863 -0.411266 6.615735 -9.107108 -1.090648 3.668386 -15.587548 8.204688 -14.274944 16.147594 4.628149 -2.821436
-6.129587 -6.759692 1.299732 -8.345434 10.998201 -8.500647 17.067505 12.083910 -21.213860 -11.915924 -9.449431 -3.097690 -17.407043 -19.669235 12.515735 12.888779 -2.155373 -12.475540 -12.003119 -1.320410 6.483297 -9.264815 -1.366303 3.663094 -15.601259 8.215063 -14.539586 15.873906 4.490026 -3.005347
-5.887539 -6.401553 1.149788 -8.420155 11.186511 -8.553201 16.760460 12.572577 -21.280777 -12.005305 -9.345941 -3.148141 -17.503189 -19.763996 12.368501 12.770422 -2.315297 -12.616471 -12.108405 -1.773415 6.477601 -9.471281 -1.675762 3.876983 -15.481298 8.254280 -14.621849 15.736053 4.498127 -3.367530
-5.686038 -6.456682 1.542013 -8.420296 10.999230 -8.577942 16.687630 12.889652 -21.055841 -12.182612 -9.333630 -3.093176 -17.991680 -19.759907 12.111609 12.778069 -2.760317 -12.234002 -11.978850 -1.936829 6.400280 -9.540323 -1.922190 4.151229 -15.364999 8.231600 -14.504044 15.710520 4.442349 -3.602433
-3.808442 -6.660444 5.181008 -8.338183 8.888511 -9.206833 16.690121 15.133945 -19.054207 -13.422322 -8.059157 -3.407766 -21.260557 -20.283953 10.529709 13.018477 -5.749351 -9.712188 -11.770591 -3.362683 6.223887 -10.309049 -3.525193 6.312377 -14.423596 8.462504 -13.357641 15.732760 4.807156 -5.741572
1.290602 -5.340222 9.006223 -9.913094 7.629444 -9.831783 15.883832 17.920521 -15.462832 -13.962895 -5.523422 -3.788810 -26.213512 -21.587130 8.552734 11.306946 -8.954619 -5.741577 -12.011219 -5.519820 6.306669 -11.883570 -6.443888 9.266795 -13.460753 8.849758 -11.736514 15.041488 5.748502 -8.302306
6.298886 -10.255192 10.979861 -14.567084 5.527810 -2.921593 13.370202 18.874916 -9.610237 -14.945726 -5.998713 -0.239145 -34.081837 -17.186882 2.772671 13.885529 -12.008257 -1.845609 -8.985031 -4.070613 4.286693 -13.419628 -10.937590 11.572141 -14.566008 8.190642 -6.612494 15.064393 7.004929 -5.423464
7.660492 -14.363774 13.325486 -18.906309 5.355113 3.653069 10.930321 13.120707 -3.748657 -13.493082 -10.607702 1.749431 -33.066521 -6.927959 3.389117 19.565687 -6.526837 -2.615489 -5.486635 1.049063 5.588151 -12.009707 -11.094348 9.362369 -18.306953 6.364408 -3.510769 14.900645 8.707579 1.201051
3.542296 -15.035216 14.570228 -18.474506 8.382190 1.119300 10.977911 4.433149 -1.255618 -9.343304 -11.702553 0.835100 -32.099602 -1.449410 7.146577 21.569759 1.244966 -0.807083 -2.435926 5.837029 4.380677 -8.833755 -9.870316 9.211715 -21.859768 4.623013 -1.802833 14.042398 6.475981 7.407981
-2.074296 -17.886898 8.858445 -17.777870 11.435821 1.228482 9.107258 1.648624 -3.618029 -9.088759 -14.178342 0.281672 -28.227350 2.746175 11.684685 21.396223 8.666265 -5.296242 -2.496636 4.960832 4.052295 -6.033943 -7.827107 7.389390 -23.912842 2.749046 -3.032068 13.317638 4.418637 9.216129
-2.727340 -20.027597 3.685653 -16.267733 14.047627 3.188848 6.580526 -0.594769 -5.701785 -8.896257 -16.251389 0.951078 -23.983669 4.469181 13.904408 21.864252 11.736186 -9.325403 -3.331327 6.055527 4.418130 -3.660913 -5.714230 5.553216 -25.210499 1.523653 -4.269996 13.094498 3.283042 10.354501
-3.236922 -20.428244 2.960464 -13.504708 15.840504 3.588326 6.763296 -2.143491 -7.094490 -7.450238 -18.029787 0.740293 -20.546017 4.470186 14.398554 21.784775 12.690185 -11.464302 -4.940223 6.518646 4.980577 -2.646806 -4.418735 4.282534 -25.230515 1.316472 -4.916167 13.057648 3.011631 10.727771
-3.495842 -19.444250 2.986811 -12.569128 16.903439 3.296453 7.179332 -3.131830 -7.884925 -6.700946 -18.662453 0.376675 -18.159542 3.705556 14.524391 21.737194 12.358521 -12.686131 -6.311921 6.442979 5.748063 -2.145442 -3.419620 3.281142 -25.248188 1.180257 -5.376264 13.276306 3.013614 11.041165
-3.529694 -19.311148 3.030087 -12.342023 17.055069 3.265764 7.287355 -3.229962 -8.042309 -6.512458 -18.620277 0.255312 -17.814297 3.459509 14.542855 21.682846 12.250461 -12.845784 -6.554493 6.408034 5.903583 -2.086214 -3.316357 3.142303 -25.285461 1.166708 -5.456932 13.259593 3.024121 11.056251
-3.346499 -19.171419 2.913374 -12.190247 17.058735 3.295101 7.421967 -2.994710 -8.307790 -6.479887 -18.357004 0.067670 -17.710598 3.157497 14.609361 21.482880 12.150184 -12.933549 -6.761905 6.090941 6.106211 -2.106785 -3.214398 3.014497 -25.222157 1.167326 -5.575169 13.288330 3.071292 11.050634
-3.083670 -18.980291 2.941710 -11.789756 16.970341 3.254174 7.832376 -2.760784 -8.726310 -6.262947 -17.887234 -0.252980 -17.576225 2.661022 14.655369 21.175816 12.049034 -13.038722 -7.054587 5.723319 6.429692 -2.221979 -3.026890 2.756230 -25.017870 1.216955 -5.877467 13.392720 3.163223 10.948406
-2.508680 -18.994053 2.738851 -11.397096 16.879726 3.330065 8.354808 -2.502681 -9.124380 -5.800525 -17.518257 -0.600092 -17.048458 2.134290 14.600438 21.016287 11.766791 -13.295550 -7.590638 5.427132 6.713467 -2.410869 -2.791289 2.505357 -24.826384 1.328714 -6.247936 13.500074 3.289733 10.895673
-1.945001 -18.717810 3.083113 -10.557169 16.742800 3.437627 8.977158 -2.102920 -9.562438 -5.398607 -16.777380 -1.041048 -16.524609 1.209327 14.478541 21.007343 11.165761 -13.308475 -8.291245 5.068893 6.990140 -2.728999 -2.612076 2.191320 -24.527176 1.475468 -6.811769 13.610079 3.408023 10.738952
-1.497048 -18.334808 3.597531 -9.732746 16.537264 3.350894 9.357407 -1.639572 -10.065208 -5.265765 -16.202080 -1.332865 -15.918664 0.435930 14.268243 21.533659 10.041509 -13.292308 -8.831059 5.003692 7.137478 -3.102165 -2.453282 1.951644 -24.239359 1.696905 -7.396298 13.689907 3.498734 10.691262
-0.972351 -18.160009 3.973408 -9.038026 16.336624 3.408642 9.869390 -1.045954 -10.399109 -4.973691 -15.457346 -1.792888 -15.379945 -0.322692 14.131145 22.250051 8.993439 -13.297172 -9.195485 5.235594 7.283709 -3.531096 -2.240338 2.013731 -23.914993 1.984150 -7.951580 13.781717 3.590920 10.545921
-0.116682 -17.814150 4.359436 -8.438511 16.320255 3.437774 10.274422 -0.130920 -10.637843 -4.526733 -14.503096 -2.327161 -15.238736 -1.185126 13.894767 22.773998 8.070003 -13.180196 -9.487136 5.398512 7.341251 -4.047787 -2.328787 1.999140 -23.689796 2.217181 -8.398308 13.824519 3.646128 10.400192
0.381135 -17.609087 4.777937 -8.221539 16.090813 3.501178 10.530125 0.489476 -10.705338 -4.389530 -13.860464 -2.715287 -15.445647 -1.831844 13.641040 22.849203 7.513458 -12.899281 -9.622049 5.374799 7.363346 -4.472644 -2.503992 2.103266 -23.473888 2.381182 -8.640523 13.820352 3.734197 10.189266
0.494049 -17.516026 5.085861 -8.186823 15.837803 3.456786 10.710626 0.799027 -10.660556 -4.419295 -13.504151 -2.922351 -15.621089 -2.255721 13.478572 22.755514 7.149937 -12.629785 -9.726789 5.218979 7.351576 -4.728726 -2.694293 2.132524 -23.324385 2.468454 -8.764781 13.806713 3.781915 10.080902
0.495503 -17.483866 5.158920 -8.157987 15.804069 3.436532 10.743976 0.848800 -10.658650 -4.417671 -13.421435 -2.959885 -15.653617 -2.343772 13.457281 22.739380 7.093268 -12.590771 -9.746582 5.208075 7.355945 -4.754711 -2.717682 2.142297 -23.308563 2.480383 -8.771207 13.801121 3.788917 10.071094
0.407883 -17.369051 5.342314 -8.026890 15.753795 3.342590 10.876482 0.823709 -10.713230 -4.350758 -13.302307 -3.018284 -15.596678 -2.470390 13.420550 22.807632 6.948181 -12.576230 -9.802478 5.274503 7.384337 -4.769867 -2.732296 2.114236 -23.288519 2.500552 -8.815150 13.788341 3.794348 10.081987
0.474569 -17.168829 5.786959 -7.775005 15.633528 3.274609 11.066886 0.918437 -10.740690 -4.218863 -13.056217 -3.127126 -15.442407 -2.747544 13.417424 22.943005 6.699518 -12.571249 -9.916535 5.428043 7.428251 -4.870590 -2.815644 2.127819 -23.225349 2.579318 -8.900847 13.744257 3.818072 10.039175
0.504056 -17.006920 6.226920 -7.573997 15.471645 3.135841 11.317047 0.873851 -10.685059 -4.034321 -12.763334 -3.256503 -15.364509 -3.084064 13.327956 23.081682 6.307304 -12.528872 -10.025468 5.575188 7.457268 -4.930527 -2.889802 2.113057 -23.188967 2.637653 -8.986943 13.706479 3.818445 10.004122
0.680927 -16.792559 6.562016 -7.374650 15.413479 2.969219 11.585918 0.943168 -10.579656 -3.822843 -12.536497 -3.438942 -15.056185 -3.563457 13.315020 23.132988 5.996047 -12.537423 -10.231638 5.706957 7.580638 -4.954761 -2.888565 2.192336 -23.080038 2.702816 -9.105537 13.668337 3.814379 9.819204
0.858347 -16.578108 6.974455 -7.222127 15.221711 2.718506 11.961224 1.226150 -10.406056 -3.626651 -12.104035 -3.677600 -14.757113 -4.306532 13.263228 23.182692 5.309222 -12.435428 -10.493932 5.784561 7.719231 -5.000046 -2.798108 2.493073 -22.905556 2.763880 -9.245792 13.644140 3.796766 9.411738
1.427678 -16.139696 7.293021 -7.101239 15.255042 2.655869 12.136806 1.611464 -10.432072 -3.419238 -11.670299 -3.992552 -14.402359 -5.124012 13.287644 23.104855 4.631166 -12.247875 -10.817512 5.831209 7.978920 -5.036963 -2.542624 2.861702 -22.525433 2.794642 -9.573703 13.659084 3.743355 8.747154
5.245990 3.826520 5.923920 -18.141951 8.628477 -8.265919 23.052174 -0.508939 -18.362518 -8.812128 -14.119672 -1.240266 -13.603456 -11.212728 21.464521 17.712259 -2.892389 -8.986991 -5.799393 9.312737 2.381676 0.568978 1.843641 4.863445 -17.924255 9.568704 -4.696710 17.997913 4.815478 -0.039052
7.029743 4.056977 6.349032 -18.047678 8.567977 -8.033377 23.155615 -0.157901 -18.147457 -8.325523 -13.743922 -1.582723 -13.380940 -11.788451 21.414417 17.869034 -4.359332 -8.171357 -5.948039 10.011804 2.556976 0.334843 1.995552 5.335444 -17.459110 9.762156 -5.149784 18.014517 4.831902 -1.039292
7.912849 4.454768 6.732088 -17.771889 8.546840 -8.018023 22.900818 0.492249 -18.170271 -8.074316 -13.435463 -1.832129 -13.406791 -12.337394 21.333118 17.784868 -5.557943 -7.136419 -6.000356 10.555047 2.723809 0.139684 2.077235 5.812762 -17.119152 9.921127 -5.459771 17.951664 4.865240 -1.852930
7.248852 -2.708703 7.321640 -11.286062 11.499252 -11.328678 18.391073 4.191112 -14.744384 -5.306589 -12.994802 -1.612988 -14.875610 -18.917366 15.372441 11.630472 -2.882921 -5.087835 -9.532722 12.940471 3.957727 -3.368862 2.873623 6.680665 -18.658030 6.101688 -7.904571 17.949406 3.116816 -1.632126
7.704870 -2.637632 7.952460 -11.089320 11.684597 -10.659758 18.022085 4.836173 -14.677713 -5.324438 -12.776157 -1.787049 -15.404366 -19.368538 15.393501 11.014697 -2.997378 -4.306370 -9.628544 12.841440 4.284267 -3.833540 2.625369 7.186573 -18.687761 6.131297 -7.885213 17.775568 3.283366 -1.979439
8.063844 -2.528648 8.241385 -10.945956 11.477058 -10.654538 18.406843 5.691681 -14.728976 -5.235810 -12.559232 -2.021495 -15.725942 -19.766975 15.465037 10.464072 -3.043921 -3.735197 -9.680285 12.478735 4.393252 -4.001999 2.300144 7.569400 -18.441753 6.216809 -7.802312 17.628819 3.347136 -2.375013
8.400023 -2.618038 8.305488 -10.948154 11.142304 -10.822624 18.962620 6.385854 -14.621076 -4.969912 -12.301146 -2.248387 -15.819912 -20.221188 15.667969 9.873471 -3.275259 -3.239751 -9.833359 12.074617 4.524962 -4.163800 2.141636 7.933841 -18.234329 6.245504 -7.714430 17.589108 3.409563 -2.729314
8.592724 -2.897887 8.344151 -10.882574 10.756613 -10.883612 19.434589 7.091681 -14.530665 -4.936804 -12.074799 -2.510119 -15.980604 -20.800991 15.735497 9.402952 -3.905249 -2.539433 -10.016376 11.817568 4.617345 -4.425745 1.937111 8.320600 -18.008011 6.273503 -7.544227 17.650063 3.556787 -2.868817
8.618658 -3.345090 8.306144 -10.814606 10.346051 -11.097127 19.851442 7.627717 -14.462812 -5.011528 -11.747790 -2.810801 -16.477467 -21.343700 15.638261 8.996786 -4.376378 -1.824397 -10.102024 11.534307 4.742033 -4.581138 1.833642 8.637873 -17.847034 6.302200 -7.436268 17.654922 3.667812 -2.988289
8.550905 -3.692954 8.293681 -10.956712 9.962247 -11.143002 20.097254 8.138298 -14.434432 -5.096673 -11.473751 -3.042262 -16.887726 -21.799194 15.533883 8.704088 -4.860530 -1.203678 -10.134257 11.433064 4.839350 -4.760170 1.747881 8.850603 -17.761492 6.350062 -7.367874 17.646996 3.789753 -2.937332
8.517319 -4.009123 8.285637 -11.123797 9.642834 -11.124697 20.265755 8.517031 -14.405087 -5.175909 -11.320124 -3.203131 -17.171814 -22.070988 15.511810 8.435846 -5.179089 -0.750817 -10.156638 11.311768 4.910594 -4.873966 1.651094 9.017987 -17.754881 6.394382 -7.280672 17.586210 3.883430 -2.865707
8.494083 -4.250844 8.260865 -11.200552 9.454072 -11.118405 20.351791 8.745813 -14.430989 -5.257726 -11.247326 -3.323003 -17.315598 -22.208860 15.464555 8.297255 -5.255807 -0.515802 -10.169367 11.229897 4.974460 -4.969621 1.559709 9.197143 -17.704769 6.436691 -7.187709 17.556013 3.969591 -2.827005
8.563508 -4.330904 8.262952 -11.206093 9.395048 -11.116707 20.392006 8.850436 -14.432096 -5.272485 -11.245447 -3.408278 -17.408358 -22.322350 15.395558 8.173530 -5.269643 -0.351967 -10.182961 11.156842 4.990417 -5.011706 1.516233 9.256411 -17.716824 6.438949 -7.158121 17.538939 3.993624 -2.816863
