5.016727 2.627348 5.016848 -15.235443 23.697037 -0.998541 -15.996002 4.370951 -11.496701 -27.456738 -28.403770 -3.743440 -14.284520 -12.625784 -17.893600 9.490788 5.702888 21.995094 -14.988576 5.417566 10.573057 12.324830 -24.416039 -2.336002 -9.450881 1.579229 -10.332576 6.107954 -0.045668 4.093726
4.548531 2.522664 5.022884 -15.516356 23.535040 -0.959636 -15.817450 4.432733 -11.441970 -27.455679 -28.206406 -3.696109 -14.420924 -12.740258 -18.018066 9.629810 5.493960 21.967617 -15.032870 5.189716 10.513834 12.220050 -24.341665 -2.344428 -9.402872 1.660371 -10.312499 6.228209 0.051328 4.234167
4.192074 2.332350 4.879942 -15.825956 23.357521 -0.959405 -15.695628 4.553142 -11.446087 -27.430347 -27.886902 -3.636742 -14.597865 -12.829637 -17.966049 9.760048 5.201868 21.889839 -15.125508 4.889094 10.386603 12.004708 -24.345160 -2.406754 -9.384505 1.725533 -10.287092 6.399267 0.185474 4.391956
3.617188 2.094588 4.780986 -16.379698 23.106876 -0.885279 -15.478080 4.886276 -11.344584 -27.519491 -27.352741 -3.558242 -15.007656 -12.958154 -17.853283 9.926846 4.655083 21.917664 -15.162177 4.474314 10.239973 11.804100 -24.312689 -2.426698 -9.261401 1.842299 -10.273338 6.644047 0.365814 4.620318
2.858193 1.967257 4.684873 -17.053877 22.818201 -0.880629 -15.164471 5.340285 -11.232497 -27.556601 -26.597420 -3.608350 -15.285960 -13.135283 -17.308846 10.029247 4.193248 22.013187 -15.227695 4.099688 9.988986 11.487581 -24.343023 -2.403488 -9.330015 1.874297 -10.257350 6.874005 0.485497 4.908287
2.084385 1.885951 4.603298 -17.771235 22.534357 -0.945795 -14.759535 5.787641 -11.004491 -27.458820 -25.911350 -3.524844 -15.551667 -13.265513 -16.734800 10.113678 3.726835 22.106327 -15.257452 3.727926 9.629743 11.038983 -24.467524 -2.382514 -9.352466 1.907908 -10.332377 7.202142 0.678322 5.129683
1.190210 1.817631 4.602075 -18.341734 22.108524 -1.191848 -14.017843 6.047791 -10.734260 -27.133831 -25.326057 -3.355668 -15.827730 -13.238005 -16.084761 10.127915 3.516879 22.038855 -15.280498 3.046785 9.420229 10.502155 -24.384043 -2.232991 -9.249038 2.111069 -10.430171 7.472978 0.923123 5.257707
0.253825 1.589754 4.253649 -19.047934 21.571745 -1.648771 -13.145148 6.291653 -10.560761 -26.723835 -24.683775 -3.281352 -16.017738 -13.331391 -15.476211 10.063999 3.237479 22.125889 -15.360396 2.594535 9.159658 9.972786 -24.201427 -2.105185 -9.360397 2.142087 -10.547212 7.785154 1.124810 5.443974
-0.477162 1.377111 4.060800 -19.696726 20.997295 -1.970209 -12.485189 6.376952 -10.356105 -26.528006 -23.934954 -3.100506 -16.425886 -13.467847 -14.965137 9.944761 2.870939 22.365368 -15.417584 2.035523 9.027161 9.421904 -24.044746 -2.045264 -9.213223 2.230066 -10.591662 8.219820 1.438184 5.734040
-1.116884 1.117213 3.738065 -20.090025 20.575645 -2.189399 -11.909237 6.486444 -10.276842 -26.399202 -23.471239 -2.887631 -16.820671 -13.624321 -14.733401 10.042114 2.287812 22.398136 -15.403301 1.490819 8.791017 8.812555 -24.080074 -2.135627 -9.067445 2.231853 -10.796965 8.605312 1.676250 5.761662
-1.704247 0.746635 3.237169 -20.601246 20.162235 -2.364488 -11.271662 6.725911 -10.232355 -26.159575 -22.884954 -2.592641 -17.115452 -13.722998 -14.558911 10.041527 1.673331 22.256561 -15.459245 0.824856 8.478998 8.181115 -23.943447 -2.201802 -8.999141 2.303639 -10.964473 8.990335 1.903003 6.216904
-2.287755 0.451335 2.880747 -21.125303 19.728649 -2.755416 -10.584349 6.973879 -10.142619 -25.799597 -22.324413 -2.332738 -17.392998 -13.806932 -14.221700 9.963709 1.091677 22.258184 -15.513196 0.260048 8.174720 7.609223 -23.805765 -2.203036 -8.895501 2.396057 -11.003640 9.414506 2.146938 6.587905
-2.985026 0.327618 2.555856 -21.583120 19.528538 -3.028606 -10.111840 7.273322 -10.096797 -25.515995 -21.874369 -2.132682 -17.630264 -13.920165 -13.940685 9.857100 0.805698 22.118177 -15.540139 -0.409421 7.950892 7.181565 -23.656393 -2.129528 -8.778543 2.371478 -11.098548 9.742303 2.256627 6.705759
-3.432852 0.190949 2.277483 -21.859909 19.354212 -3.190867 -9.659248 7.585315 -10.113314 -25.350794 -21.513092 -1.912288 -17.755432 -14.019409 -13.744599 9.702438 0.653519 21.997580 -15.617929 -0.847684 7.834993 6.825475 -23.585165 -2.069724 -8.735019 2.418852 -11.124344 9.888510 2.403452 6.799972
-3.715346 0.024832 1.976065 -22.086935 19.181763 -3.416362 -9.202991 7.825951 -10.118816 -25.077152 -21.219643 -1.824019 -17.804289 -14.139262 -13.546441 9.605886 0.612089 21.836143 -15.640921 -1.106068 7.719169 6.502097 -23.475035 -2.112822 -8.676419 2.424425 -11.257817 10.009444 2.449270 6.849025
-4.044733 -0.091290 1.719876 -22.269079 19.038960 -3.609651 -8.846182 7.956570 -10.121068 -24.889795 -20.968033 -1.736031 -17.876856 -14.264844 -13.330110 9.466374 0.541271 21.676912 -15.703358 -1.336305 7.598011 6.263061 -23.321070 -2.093992 -8.611548 2.416499 -11.266183 10.170191 2.541494 7.038611
-4.219950 -0.223917 1.390199 -22.490402 18.926226 -3.840457 -8.451385 8.052099 -10.115948 -24.680380 -20.672131 -1.570896 -17.985588 -14.355862 -13.079185 9.325193 0.463846 21.491959 -15.771279 -1.551284 7.511266 6.088026 -23.082306 -1.913487 -8.509786 2.482197 -11.251763 10.257200 2.632584 7.151754
-4.309443 -0.284759 1.233146 -22.654205 18.849493 -3.969865 -8.185926 8.118158 -10.087558 -24.561821 -20.435625 -1.456809 -18.066071 -14.370000 -12.860896 9.226185 0.416847 21.377668 -15.833705 -1.750011 7.465913 6.057126 -22.917006 -1.763764 -8.460710 2.528064 -11.266179 10.302193 2.671221 7.171077
-4.381989 -0.317652 1.157177 -22.715643 18.791695 -4.078948 -7.972221 8.123013 -10.085692 -24.441587 -20.285503 -1.390896 -18.121593 -14.415625 -12.739100 9.151815 0.451851 21.251488 -15.858205 -1.871847 7.439297 6.066013 -22.810816 -1.678227 -8.445208 2.537005 -11.302270 10.283961 2.661962 7.137980
-4.421459 -0.329472 1.120445 -22.734663 18.778515 -4.097932 -7.923377 8.134656 -10.088192 -24.412447 -20.228321 -1.360627 -18.145235 -14.459455 -12.715165 9.131771 0.396428 21.221226 -15.859726 -1.914401 7.461813 6.053267 -22.777578 -1.659837 -8.426618 2.522232 -11.286644 10.310925 2.666578 7.149075
-4.206241 -0.319146 1.331781 -22.485680 18.853125 -3.854738 -8.178466 8.100356 -10.151589 -24.589317 -20.413071 -1.551480 -18.036438 -14.338121 -12.981556 9.147251 0.687818 21.305950 -15.919293 -1.587093 7.399795 6.169004 -22.952810 -1.669529 -8.494659 2.450809 -11.177173 10.267518 2.575703 7.042503
-3.556484 -0.059203 1.867767 -22.041336 19.168110 -3.564863 -8.731908 7.884325 -10.214536 -24.719694 -20.820290 -1.788140 -17.768925 -13.941638 -13.215333 9.211613 1.186611 21.598059 -15.934168 -0.798062 7.495382 6.585149 -23.377920 -1.648220 -8.751430 2.474656 -11.134396 9.809926 2.414254 6.693739
-2.046542 0.544748 3.294824 -20.526770 19.720600 -3.307867 -9.666521 6.860325 -10.239345 -24.876734 -21.662050 -2.470108 -17.143072 -13.502696 -13.819211 9.029680 2.721006 21.833202 -16.090631 0.736142 7.619203 7.568014 -23.332476 -1.958792 -9.339395 2.135149 -11.182100 9.166077 1.878895 6.496842
0.263208 1.399341 4.598001 -18.447472 20.283312 -3.822573 -10.423366 5.702230 -10.241038 -24.792133 -22.942333 -2.072361 -16.519054 -12.558419 -13.659232 8.021526 3.905810 22.142357 -16.186743 2.023570 7.834544 8.965850 -23.125601 -2.068620 -10.174157 1.535125 -11.571386 7.998540 0.798299 5.464989
2.846527 1.714897 4.982823 -15.812855 20.650581 -5.750506 -11.044079 4.366131 -10.616132 -24.776550 -23.692390 -0.243611 -16.238766 -11.140071 -11.567460 6.347175 3.995962 22.000641 -16.179714 3.310034 7.987815 10.226348 -22.539015 -1.873354 -10.892661 0.562751 -11.898412 6.960326 -0.441083 3.958701
7.776761 1.657666 2.862165 -12.581401 21.764894 -7.103733 -11.528673 4.380768 -12.674800 -23.947403 -25.779976 1.058370 -15.454598 -8.764733 -8.609975 5.006390 4.245629 21.208515 -15.823396 5.393783 8.034873 11.331176 -22.248041 -1.400162 -11.691581 -0.637097 -12.513286 5.902206 -1.879040 1.817468
9.220078 3.816356 -0.160617 -11.382366 24.332169 -9.996991 -10.177984 5.605582 -13.570027 -21.876068 -27.185444 1.022570 -14.550973 -7.279426 -5.329998 2.677123 6.349380 21.145147 -15.911269 7.318305 7.742259 12.899452 -21.280226 -0.187776 -12.433696 -2.172278 -13.049001 5.260648 -3.728900 -0.604685
8.435253 6.185596 -2.913842 -10.655378 26.651096 -12.565712 -9.034201 4.874616 -15.497903 -18.676680 -28.608467 0.226934 -12.346117 -6.215611 -1.574424 0.152175 11.150008 20.540354 -16.357075 7.307287 7.776246 13.625953 -19.280746 1.026910 -13.161799 -3.811750 -13.562410 5.184843 -5.363289 -1.593272
8.253925 9.045964 -2.290962 -10.006406 28.369535 -9.945587 -7.138661 3.562400 -17.552492 -15.369694 -30.281218 -0.123597 -9.135669 -5.762018 0.464645 -1.917818 16.518164 17.834713 -17.576082 5.225888 8.697022 14.594794 -16.587523 2.688860 -14.476060 -4.481620 -13.596232 4.079510 -6.360829 -1.320203
7.690254 9.619044 0.131313 -10.157621 27.967459 -7.366965 -2.272478 0.782337 -17.250828 -12.266960 -29.774862 -1.233539 -6.034887 -5.240530 3.051913 -1.791872 20.545479 12.385790 -18.883459 5.556368 8.774575 15.459687 -13.886188 5.232257 -15.824520 -4.647288 -13.479280 2.978619 -7.409851 -0.906471
7.634538 9.489873 2.490738 -9.056164 27.380493 -7.258006 3.101099 -1.487989 -16.432034 -9.315066 -26.984421 -1.175973 -3.702605 -5.667995 6.106400 1.222267 17.306673 8.032095 -20.428652 7.225513 8.989497 15.986731 -9.983185 7.845967 -16.724178 -4.186183 -13.900741 2.024307 -8.143367 0.444643
6.220961 9.245907 1.600088 -9.227429 27.218048 -8.930811 10.018456 -3.237124 -15.531829 -5.233394 -21.724689 -2.604560 -3.421236 -6.191265 10.247033 4.316719 13.956339 6.193604 -20.545790 10.676998 9.863507 15.857501 -5.794657 11.211634 -17.359486 -3.066436 -14.069417 1.227650 -8.518569 1.360990
4.204163 7.032966 2.023976 -9.564969 25.363991 -10.640950 15.956958 -3.829572 -14.847847 -3.085105 -19.333216 -2.701021 -2.854797 -6.005012 13.117696 6.199292 12.644450 3.695032 -21.088026 10.516563 10.530630 15.400120 -2.260480 13.191895 -17.572365 -2.818451 -14.253497 2.075240 -8.563308 2.794614
5.821468 4.359497 2.608246 -7.874962 23.096676 -12.302681 19.118256 -4.301754 -14.712132 -2.415626 -18.447565 -3.350318 -0.799025 -6.454640 13.935323 7.721771 10.355416 1.910585 -22.413580 6.753406 11.216844 14.453067 -0.020175 14.088992 -16.613560 -2.614756 -14.708167 4.209245 -7.944065 4.152850
7.662101 1.407340 3.691177 -6.826779 20.521549 -11.063609 18.892166 -4.256937 -14.846865 -3.707230 -16.936937 -4.345628 -0.585515 -7.249619 13.888758 7.876216 10.408920 1.060289 -23.027960 4.639378 11.291389 13.535415 1.120318 14.314669 -15.427482 -2.583247 -15.028552 6.454498 -7.488863 4.899144
8.039257 0.705877 6.657209 -6.384475 18.598072 -8.347267 19.447544 -3.460284 -14.411454 -4.367067 -15.177128 -5.795500 -1.863570 -9.141449 12.172816 8.204233 9.523667 1.754078 -23.398123 3.457718 11.348140 12.566384 1.628396 14.555455 -14.249919 -2.463022 -15.276942 7.835236 -7.275818 4.796462
8.709929 0.770281 9.352061 -7.062794 17.361500 -8.154953 21.243404 -3.276712 -12.578012 -4.293795 -14.271070 -6.371111 -2.868567 -10.146295 10.948861 8.672875 7.733255 2.229607 -23.671074 3.216443 11.019041 11.522567 1.558836 14.728728 -13.159817 -2.333915 -15.328537 8.880535 -7.126491 4.416451
8.868540 0.496974 10.770207 -7.090418 16.250168 -9.189217 22.605461 -2.811880 -11.383073 -4.185905 -13.740162 -6.130694 -3.997947 -10.436155 10.418191 8.987015 6.169221 2.560786 -23.725491 3.106245 10.876247 10.695996 1.280726 15.034326 -12.138601 -2.125096 -15.262285 9.516121 -7.022344 3.784082
9.114916 0.307705 11.454780 -6.570339 15.816908 -9.674474 22.831726 -2.095939 -11.183776 -4.518373 -13.479377 -6.097373 -4.681367 -10.481657 10.165678 8.839034 5.566064 2.832904 -23.691824 2.753552 10.639389 10.149503 1.146533 15.104398 -11.606481 -2.033751 -15.197083 10.056429 -6.930595 3.681973
9.049764 0.444427 11.765332 -6.671832 15.805299 -9.978409 22.916679 -1.722561 -10.979901 -4.537684 -13.319777 -5.973342 -5.077813 -10.524280 10.038220 8.967840 5.194321 2.974137 -23.612879 2.806914 10.572980 9.937264 1.111924 15.117221 -11.486753 -1.998248 -15.206820 10.199705 -6.882553 3.683586
9.114752 0.427232 11.753188 -6.633149 15.769230 -10.001772 22.956348 -1.723029 -10.963338 -4.520792 -13.309947 -5.952390 -5.157854 -10.538049 9.988352 8.982456 5.123653 3.015176 -23.605215 2.793639 10.572849 9.902710 1.099245 15.136677 -11.452981 -1.986955 -15.222386 10.214741 -6.874821 3.644211
9.040820 0.463420 11.927045 -6.438172 15.706316 -10.091088 23.127354 -1.506724 -11.004000 -4.490161 -13.200512 -5.923406 -5.309017 -10.626175 9.929797 9.055588 4.838897 3.182113 -23.579144 2.926475 10.546097 9.817367 1.032989 15.137519 -11.403075 -1.970061 -15.218169 10.253217 -6.841205 3.599836
9.281055 0.418014 12.249379 -6.428647 15.418788 -9.789991 23.408859 -1.317407 -10.826753 -4.398850 -13.056925 -5.838214 -5.598766 -10.684478 9.729459 9.213293 4.499577 3.359895 -23.494692 3.076423 10.534716 9.655336 0.962444 15.155111 -11.319632 -1.916208 -15.243152 10.292634 -6.776456 3.521009
9.922942 0.164337 12.467163 -6.509064 14.932141 -9.378233 23.639120 -1.006111 -10.558210 -4.486509 -13.022755 -5.803978 -5.834783 -10.852019 9.383637 9.379871 3.817700 3.935830 -23.398350 3.343927 10.544066 9.427136 0.899370 15.220954 -11.165049 -1.820679 -15.323494 10.336123 -6.700028 3.370733
10.413726 0.160920 12.505973 -6.578877 14.645624 -9.431278 23.602842 -0.460360 -10.405690 -4.609714 -12.894578 -5.859463 -6.123979 -11.080632 9.086970 9.518479 2.967453 4.711780 -23.261190 3.798383 10.505194 9.155623 0.780673 15.265346 -10.975880 -1.723866 -15.377875 10.445352 -6.602660 3.264298
10.936463 0.134317 12.437049 -6.651747 14.416057 -9.525801 23.564541 -0.044469 -10.253691 -4.596217 -12.612318 -5.857533 -6.611329 -11.289754 8.642429 9.881553 1.964274 5.534852 -22.951498 4.592176 10.500481 8.861483 0.692979 15.406816 -10.803310 -1.594420 -15.421324 10.504045 -6.472691 3.108222
11.449495 -0.121884 12.485288 -7.020669 14.097951 -9.387371 23.561520 0.555605 -9.936110 -4.790460 -12.343679 -5.759263 -7.109268 -11.489997 8.126164 10.397814 1.023031 6.053107 -22.657185 5.493097 10.467783 8.508811 0.491556 15.569489 -10.623688 -1.427141 -15.431330 10.588978 -6.262107 2.917533
12.234643 -0.165148 12.658874 -6.995176 13.974140 -9.014587 23.383354 1.021226 -9.839190 -4.953881 -11.871909 -5.724091 -7.647765 -11.686828 8.074584 10.579886 0.335085 6.654675 -22.431795 6.237872 10.487359 8.222528 0.287566 15.725595 -10.521878 -1.275497 -15.444698 10.559706 -6.080343 2.698823
12.971838 -0.011648 13.249196 -6.525313 13.573495 -8.225079 23.354750 1.573922 -9.766372 -5.198241 -11.294275 -5.544481 -8.542505 -12.047153 7.774553 10.858006 -0.101872 7.202068 -22.165937 6.833907 10.501129 7.927114 0.138786 15.853856 -10.430061 -1.124805 -15.397893 10.542544 -5.884358 2.615715
13.312226 0.118875 13.971940 -6.211147 13.365163 -7.844929 23.293745 2.063464 -9.631495 -5.587644 -10.956226 -5.329428 -9.427964 -12.075851 7.489822 11.027323 -0.576156 7.719837 -21.924818 6.942542 10.525328 7.560660 -0.125083 16.013126 -10.324997 -0.939314 -15.371299 10.455574 -5.645698 2.450482
13.765920 0.027948 15.027425 -5.541833 12.644084 -7.887794 23.572720 3.264937 -9.703909 -5.823867 -10.551691 -5.239781 -10.426343 -12.127531 7.326269 10.825998 -0.380143 7.837224 -21.812914 6.306286 10.457906 7.126224 -0.507736 16.150911 -10.251517 -0.763147 -15.237552 10.459316 -5.351402 2.322784
13.206928 0.079126 15.557144 -5.837986 12.323215 -8.458491 23.232557 5.208739 -9.736369 -6.612786 -10.289193 -5.180356 -11.312976 -12.004819 7.177722 10.366484 -0.021735 7.844566 -21.772429 5.218524 10.449817 6.695587 -0.803322 16.295290 -10.155545 -0.570905 -15.129114 10.411615 -5.085380 2.233413
12.074575 0.024686 15.517434 -6.451550 12.203129 -8.857319 22.817760 6.661615 -9.843709 -7.261844 -10.243040 -5.147596 -12.073974 -11.742978 7.086387 9.902971 0.361673 7.762609 -21.738520 4.210956 10.408321 6.233207 -1.142382 16.476112 -10.135572 -0.371246 -14.870233 10.452271 -4.756613 2.242075
11.006250 -0.485215 14.681712 -7.238334 12.051641 -9.162613 22.676958 7.349280 -10.059715 -7.636151 -10.222473 -5.150328 -12.804282 -11.724180 6.938693 9.498320 0.351159 7.959451 -21.753054 3.507060 10.337853 5.885415 -1.416638 16.572348 -10.168886 -0.251755 -14.640847 10.537900 -4.486525 2.326997
10.233147 -0.807797 13.919444 -7.917950 12.023739 -9.682069 22.419279 7.823482 -10.043513 -8.126796 -9.966947 -5.114484 -13.731368 -11.684781 6.781136 9.168457 0.305529 8.202559 -21.645029 2.929023 10.309527 5.637042 -1.627805 16.721905 -10.166188 -0.127390 -14.410070 10.597046 -4.237550 2.359549
9.700609 -1.158610 13.526616 -8.398181 11.667657 -9.935891 22.479155 8.588657 -9.999473 -8.514143 -9.757339 -5.095361 -14.466224 -11.657889 6.680417 8.915928 0.275610 8.425027 -21.546026 2.539919 10.218301 5.504623 -1.804086 16.720884 -10.288797 -0.108003 -14.196637 10.659784 -4.084789 2.522752
9.552994 -1.449210 13.710873 -8.542545 11.227492 -9.934233 22.405952 9.373316 -9.855653 -9.036507 -9.736599 -5.016038 -14.902509 -11.511795 6.558147 8.780928 0.343627 8.454901 -21.447607 2.211718 10.168509 5.390797 -1.905907 16.735399 -10.364552 -0.073167 -14.006215 10.699797 -3.934546 2.651007
9.608637 -1.519837 13.831984 -8.747454 11.056560 -9.793157 22.185165 9.771815 -9.722911 -9.332695 -9.805586 -4.970322 -15.179120 -11.491870 6.408485 8.736026 0.425435 8.531830 -21.408474 2.047920 10.146237 5.367884 -1.942575 16.795141 -10.429273 -0.043895 -13.842586 10.685680 -3.824637 2.744016
9.644670 -1.470747 13.868676 -8.866532 11.017587 -9.706503 21.904341 9.969423 -9.634097 -9.536240 -9.916024 -4.890552 -15.392930 -11.329679 6.354545 8.635865 0.578365 8.508870 -21.356361 1.801049 10.124377 5.354164 -1.995939 16.807013 -10.500142 -0.043167 -13.739914 10.649422 -3.762208 2.799293
9.624165 -1.482074 13.852914 -8.913478 11.004010 -9.672827 21.838745 9.999341 -9.622622 -9.584725 -9.953808 -4.866042 -15.450078 -11.295278 6.327029 8.621574 0.624331 8.499673 -21.343187 1.732176 10.109856 5.348306 -2.007607 16.800978 -10.530227 -0.048371 -13.704612 10.650669 -3.744608 2.839907
9.626205 -1.468655 13.851171 -8.902359 11.018079 -9.685413 21.850882 9.975799 -9.631944 -9.560347 -9.946623 -4.868577 -15.424102 -11.304202 6.335565 8.639502 0.603746 8.498671 -21.347677 1.756675 10.117573 5.351840 -1.996799 16.803957 -10.516069 -0.045342 -13.726828 10.649302 -3.755245 2.822030
9.641175 -1.479728 13.902410 -8.871462 10.998284 -9.725713 21.920578 10.001213 -9.627279 -9.554181 -9.908325 -4.892886 -15.367843 -11.343360 6.356448 8.663950 0.579472 8.499080 -21.356312 1.828585 10.124977 5.354316 -1.991992 16.805998 -10.494845 -0.042784 -13.742681 10.651901 -3.763748 2.800997
9.657257 -1.452870 13.867455 -8.814791 11.075170 -9.751635 22.022486 9.811689 -9.654288 -9.416888 -9.863272 -4.925486 -15.235131 -11.429027 6.376096 8.754601 0.471548 8.509249 -21.382204 1.985747 10.136230 5.371172 -1.948565 16.780123 -10.450663 -0.053001 -13.823121 10.670134 -3.815951 2.767505
9.567530 -1.428861 13.728641 -8.766146 11.179296 -9.822507 22.143749 9.505058 -9.721018 -9.217820 -9.823086 -4.941498 -15.116853 -11.445043 6.443951 8.767990 0.456628 8.455922 -21.400524 2.051929 10.146257 5.399745 -1.901228 16.735939 -10.408740 -0.073247 -13.922954 10.686532 -3.883573 2.736146
9.504788 -1.302813 13.613628 -8.621147 11.357056 -9.921207 22.187593 9.203075 -9.826432 -9.021886 -9.810814 -4.928074 -14.871100 -11.357230 6.562311 8.853072 0.428600 8.299345 -21.408533 2.134228 10.154129 5.408588 -1.870622 16.696243 -10.368372 -0.090229 -14.016168 10.700842 -3.944925 2.697149
9.469682 -1.158065 13.444652 -8.519901 11.590959 -9.946976 22.245804 8.719904 -9.944671 -8.730876 -9.820842 -4.922476 -14.678355 -11.347600 6.633003 8.943946 0.387845 8.226460 -21.426065 2.278340 10.168367 5.458045 -1.812401 16.664679 -10.313432 -0.119055 -14.132700 10.713761 -4.042069 2.645443
9.569721 -0.963950 13.325088 -8.454267 11.857460 -9.936113 22.212349 8.155155 -9.990172 -8.433172 -9.868522 -4.906215 -14.333695 -11.293704 6.752943 9.124271 0.394001 8.055623 -21.449598 2.523657 10.189432 5.507742 -1.777289 16.616144 -10.275719 -0.148887 -14.260122 10.687278 -4.132871 2.568292
9.885382 -0.831031 13.339921 -8.311324 12.141943 -9.833742 22.119747 7.348818 -9.938611 -8.180942 -9.935574 -4.917322 -13.906529 -11.246020 6.854232 9.309455 0.414301 7.842712 -21.486383 2.775835 10.226766 5.606660 -1.675767 16.552710 -10.220162 -0.184589 -14.423610 10.656122 -4.249863 2.490313
10.233410 -0.709163 13.586368 -8.103870 12.245683 -9.704288 22.213774 6.922639 -9.900821 -7.886168 -10.088753 -4.960293 -13.368482 -11.272591 6.886528 9.529303 0.440989 7.673635 -21.547861 3.136073 10.269143 5.760002 -1.499882 16.488165 -10.157959 -0.247273 -14.613255 10.633890 -4.420022 2.430572
10.628879 -0.543437 13.946440 -7.865363 12.374109 -9.440041 22.220406 6.471679 -9.884639 -7.656459 -10.300098 -4.887899 -12.848018 -11.123761 7.001081 9.753664 0.609123 7.367548 -21.552118 3.380627 10.293880 5.913365 -1.329908 16.395237 -10.110656 -0.321354 -14.819036 10.628813 -4.596654 2.414232
10.976906 -0.276806 14.482202 -7.610883 12.510785 -9.162394 22.094984 6.137681 -9.783156 -7.597825 -10.502216 -4.794671 -12.435578 -11.007081 7.074682 10.045393 0.724171 7.123955 -21.551348 3.632845 10.322556 6.123991 -1.125430 16.282518 -10.094332 -0.402760 -15.014428 10.598719 -4.792215 2.428955
11.852546 -0.137053 14.900455 -7.166373 12.671758 -9.111652 22.230820 5.225059 -9.571013 -7.252604 -10.668182 -4.759613 -11.920243 -10.927995 7.195975 10.399752 0.845261 6.914009 -21.555922 4.052768 10.354377 6.370872 -0.914611 16.179399 -10.102176 -0.497167 -15.180780 10.546543 -4.971172 2.440204
12.495083 -0.172958 15.075448 -7.129031 12.697375 -8.767988 22.450346 4.322244 -9.327435 -6.915233 -10.782368 -4.763626 -11.337072 -11.027588 7.283228 10.724009 0.785347 6.852825 -21.582840 4.617963 10.405046 6.703175 -0.608913 16.122608 -10.124709 -0.596089 -15.297073 10.514593 -5.163822 2.507802
12.773738 -0.075832 14.969146 -7.404381 13.018476 -8.428221 22.211033 3.874811 -9.197021 -6.858798 -10.994950 -4.639006 -10.904017 -10.937675 7.349266 11.155736 0.564609 6.705825 -21.537018 5.126160 10.422919 7.011794 -0.326677 16.006025 -10.174829 -0.733916 -15.415150 10.513237 -5.374195 2.661175
13.856686 5.159620 9.210912 -15.666570 8.539845 -7.710946 24.795324 1.509154 -18.027983 -5.893774 -11.035197 -0.649412 -9.510013 -18.137354 3.408184 4.937369 4.986382 9.065183 -22.786430 4.354905 5.989833 12.529841 -3.276519 13.725117 -8.317172 2.958213 -16.500305 8.557887 -5.013082 -0.515730
13.805712 5.214934 9.097435 -15.738642 8.810625 -7.603448 24.690117 0.886069 -17.956646 -5.733289 -11.282680 -0.587781 -8.804173 -18.211998 3.488744 5.251387 4.905813 8.856975 -22.860760 4.847462 6.008253 12.891812 -3.054077 13.613257 -8.549950 2.832420 -16.515654 8.327583 -5.235436 -0.389913
13.418341 5.339895 8.839841 -15.859938 9.070736 -7.578549 24.544941 0.284170 -17.946007 -5.657553 -11.505636 -0.516532 -8.280250 -18.186855 3.520831 5.451038 4.937902 8.440824 -22.955715 4.967421 6.051443 13.231318 -2.875350 13.507531 -8.812757 2.676140 -16.528612 8.096455 -5.469500 -0.293357
13.014120 5.374308 8.542640 -15.980597 9.263591 -7.569278 24.420103 -0.324110 -17.967537 -5.612113 -11.667013 -0.498082 -7.824334 -18.083233 3.643672 5.578300 5.046529 7.910361 -23.093912 4.850364 6.003624 13.592786 -2.754145 13.270261 -9.132935 2.475357 -16.470549 7.922077 -5.715664 -0.047478
12.473577 5.415781 8.192858 -16.164158 9.438684 -7.536406 24.210314 -0.785063 -18.079681 -5.623282 -11.804949 -0.548670 -7.332483 -17.936127 3.980515 5.464106 5.703794 7.002290 -23.340733 4.393727 5.914116 13.886190 -2.675268 13.016397 -9.390079 2.279120 -16.394424 7.905491 -5.904344 0.276774
10.521911 -0.358922 8.252669 -11.088966 12.023846 -10.151978 20.483727 1.249336 -15.816299 -3.707948 -13.344871 -0.824245 -5.427260 -12.438749 8.413318 8.351429 5.648095 6.690907 -22.495089 0.497486 8.191134 15.950381 -3.316242 11.740271 -8.368913 -0.042933 -15.943183 9.095555 -5.458357 1.083179
9.379269 -1.818211 7.812300 -10.118146 13.119272 -10.438387 19.456919 1.266271 -15.021564 -2.982798 -13.603924 -1.397573 -4.917753 -11.375901 9.561543 8.364660 7.132875 5.783614 -22.404417 -0.484927 8.681332 16.225935 -3.428460 11.215848 -8.481242 -0.920528 -15.509636 9.544991 -5.325182 1.794873
8.609077 -2.171406 7.331938 -10.216305 13.684496 -9.478601 18.760994 0.669886 -15.242186 -2.942997 -13.877826 -1.137907 -4.837294 -10.792539 9.793990 8.289632 8.495586 4.473598 -22.432255 -1.399192 8.694843 16.920347 -3.311306 11.070467 -8.884198 -1.269135 -15.421893 9.250971 -5.768538 2.466599
7.837411 -2.011915 6.773030 -10.361609 14.087537 -9.231768 18.471945 0.115259 -15.623248 -2.936157 -14.075324 -1.010150 -4.650539 -10.240150 10.099184 8.271993 9.872951 3.342828 -22.458052 -1.817212 8.525391 17.191652 -3.217798 10.952466 -9.335822 -1.572557 -15.222307 9.246990 -5.961751 2.860497
7.360163 -2.124292 6.080291 -10.595867 14.446792 -8.694638 18.252401 -0.402688 -15.989198 -2.982251 -14.508030 -0.806962 -4.541221 -9.732390 10.175314 8.313387 10.739219 2.853263 -22.283714 -1.814303 8.402782 17.453493 -3.090169 10.831196 -9.746638 -1.790475 -14.972316 9.246483 -6.097692 3.372921
6.899100 -2.189030 5.251075 -10.597426 14.924689 -8.395911 17.941730 -0.866012 -16.430410 -2.994327 -14.950552 -0.602761 -4.328819 -9.265609 10.293935 8.383615 11.694592 2.278806 -22.100595 -1.822922 8.337497 17.741579 -2.942441 10.730317 -10.160181 -2.048855 -14.785616 9.215526 -6.255753 3.778289
6.628299 -2.429466 4.475675 -10.810622 15.208838 -8.167083 17.776857 -1.529786 -16.660522 -3.005446 -15.426338 -0.405328 -4.009438 -8.861808 10.380929 8.474483 12.589370 1.710993 -21.927298 -1.701425 8.276672 18.063475 -2.847615 10.578298 -10.556487 -2.287885 -14.531605 9.168618 -6.409555 4.332747
6.130636 -2.649023 3.592421 -11.124775 15.582903 -8.016391 17.358810 -2.023938 -16.868458 -3.209904 -15.891996 -0.206644 -3.849063 -8.292450 10.622015 8.575052 13.541363 1.297373 -21.675955 -1.468143 8.188722 18.302305 -2.775385 10.410590 -10.901292 -2.462846 -14.292590 9.126844 -6.537131 4.862103
5.320740 -2.783397 2.913929 -11.107666 15.918523 -8.106523 17.212666 -2.361421 -17.220800 -3.264104 -16.281710 0.155611 -3.809170 -7.632517 10.949701 8.738949 14.154823 0.951177 -21.413412 -1.190754 8.159765 18.538168 -2.638788 10.309749 -11.251561 -2.609442 -14.096108 9.042614 -6.649541 5.445825
4.627552 -2.758535 2.351858 -11.226430 16.281254 -8.176138 16.855131 -2.628753 -17.462601 -3.346444 -16.656616 0.508236 -3.909753 -6.976871 11.045665 8.970500 14.668694 0.671452 -21.086575 -0.999946 8.118067 18.685562 -2.636731 10.125401 -11.568602 -2.719296 -13.882953 8.972672 -6.710209 6.001244
3.910616 -2.739101 1.804384 -11.393414 16.562651 -8.565539 16.657772 -2.912745 -17.633982 -3.405345 -17.090834 0.900866 -3.978303 -6.308144 11.106021 9.183546 15.000826 0.404541 -20.812191 -0.821725 8.052217 18.877081 -2.797006 10.059721 -11.977122 -2.887489 -13.617808 8.772739 -6.812222 6.235119
3.085303 -2.617777 1.417258 -11.622951 16.856527 -9.025721 16.384037 -3.248198 -17.683359 -3.480338 -17.473982 1.226545 -4.094759 -5.807827 11.032763 9.407785 15.145008 0.270845 -20.548265 -0.696645 7.947451 18.984571 -2.909459 9.939696 -12.344638 -3.014772 -13.405471 8.637752 -6.881160 6.611206
2.516223 -2.569807 1.117226 -11.844487 17.013647 -9.395389 16.109489 -3.562474 -17.665749 -3.618551 -17.821945 1.598404 -4.314276 -5.254769 11.095866 9.548494 15.267371 0.137094 -20.276926 -0.601788 7.819893 19.037714 -3.035188 9.898058 -12.628523 -3.077617 -13.196227 8.545281 -6.890479 6.885006
1.912351 -2.400985 0.864675 -12.050581 17.224957 -9.771595 15.781712 -3.869605 -17.622721 -3.745763 -18.276550 1.941447 -4.567521 -4.660785 11.062221 9.594118 15.534719 0.020580 -19.995972 -0.535609 7.681612 19.052004 -3.150681 9.781199 -12.922306 -3.167665 -12.972186 8.496769 -6.867781 7.323255
1.493183 -2.274276 0.646905 -12.282063 17.410080 -9.981273 15.433575 -4.103510 -17.578621 -3.874943 -18.706516 2.228245 -4.805026 -4.189089 10.945163 9.596313 15.744939 -0.035658 -19.756536 -0.504950 7.611130 19.138161 -3.257968 9.705291 -13.196079 -3.221133 -12.735462 8.377700 -6.846284 7.640585
1.154083 -2.166836 0.600056 -12.498102 17.550365 -10.079792 15.121317 -4.315488 -17.457003 -3.975321 -19.108238 2.446570 -4.992786 -3.832295 10.779475 9.579355 15.923678 -0.015982 -19.566332 -0.492536 7.545501 19.150486 -3.459854 9.571956 -13.381225 -3.245393 -12.566209 8.271579 -6.808787 7.859832
0.891237 -2.111967 0.603038 -12.648634 17.609808 -10.189809 14.906771 -4.565259 -17.345621 -4.069870 -19.475105 2.663841 -5.204659 -3.493785 10.608857 9.562122 16.087425 0.019028 -19.369629 -0.532528 7.436078 19.108204 -3.609885 9.476869 -13.476467 -3.280556 -12.460805 8.257393 -6.795273 7.993788
0.749447 -2.096202 0.598196 -12.785403 17.665785 -10.258846 14.769409 -4.779377 -17.227795 -4.093714 -19.693398 2.847716 -5.418289 -3.284582 10.450866 9.551071 16.134657 0.024825 -19.231598 -0.590804 7.390088 19.116602 -3.685039 9.417727 -13.603178 -3.286833 -12.392051 8.160421 -6.792168 8.044114
0.623950 -2.132912 0.592727 -12.969752 17.662170 -10.311413 14.674771 -4.956788 -17.092169 -4.148026 -19.871536 2.981134 -5.591035 -3.082912 10.381397 9.515470 16.295603 0.004216 -19.098463 -0.621620 7.281276 19.064096 -3.797534 9.337014 -13.686276 -3.291851 -12.293687 8.162039 -6.765075 8.201420
0.479973 -2.166283 0.613821 -13.072571 17.645891 -10.358210 14.667496 -5.045940 -17.015221 -4.163064 -19.943563 3.080740 -5.676486 -3.044744 10.296976 9.545034 16.240515 0.002131 -19.032236 -0.643012 7.264320 19.076220 -3.841487 9.292850 -13.752299 -3.310690 -12.261096 8.119095 -6.769749 8.237071
0.427396 -2.167791 0.620753 -13.105843 17.634224 -10.384813 14.660461 -5.090858 -16.995625 -4.179802 -19.966179 3.114128 -5.698343 -2.997190 10.303496 9.554839 16.257231 0.002069 -19.006582 -0.633127 7.254654 19.075533 -3.849757 9.292888 -13.772305 -3.312213 -12.244390 8.110813 -6.764467 8.250720
