11.108649 -6.211765 7.414384 -7.006930 11.637303 -6.360463 23.563629 5.204617 -8.829520 -13.175003 -11.368399 -1.599734 -12.556144 -12.167065 7.272331 5.457266 5.101203 11.152090 -21.277750 -3.347932 9.664523 -3.133523 -3.739090 13.774272 -11.809108 -3.292055 -12.532473 14.356821 -5.190501 3.225247
11.249487 -6.005863 7.645320 -6.511392 11.799825 -6.250594 23.798643 5.116742 -9.090924 -12.887399 -11.255886 -1.662841 -12.123431 -12.336541 7.534146 5.608972 4.943225 11.145213 -21.362738 -3.001258 9.822280 -3.006033 -3.576727 13.820380 -11.578780 -3.237968 -12.797489 14.391094 -5.309842 3.036353
12.055876 -5.588747 8.307817 -5.785315 12.075103 -5.924523 24.091415 4.901460 -9.325099 -12.358100 -11.086174 -1.948734 -11.129955 -12.675332 8.049484 5.735515 4.854346 11.219415 -21.588446 -2.265723 10.072983 -2.661484 -3.243324 13.912149 -11.364161 -3.227673 -13.190569 14.320103 -5.587499 2.733300
13.694205 -4.913924 8.953528 -4.977555 12.524120 -5.200937 24.101929 3.840185 -9.362967 -11.599157 -11.273582 -1.984917 -9.638175 -12.857335 8.394578 6.379486 4.697881 11.193231 -21.636080 -0.860920 10.406301 -2.022025 -2.675330 13.858521 -11.326547 -3.318730 -13.740186 14.000430 -6.064809 2.486420
14.665895 -4.367023 8.586226 -4.975376 13.400968 -4.678265 23.721800 2.322423 -9.335752 -10.922791 -11.735804 -1.862029 -8.020485 -13.152341 8.406857 7.171458 4.232188 11.065410 -21.721876 0.686300 10.667637 -1.039952 -2.013494 13.582394 -11.511760 -3.603983 -14.103453 13.489679 -6.692445 2.354096
14.945183 -3.917906 7.361845 -5.332437 14.640349 -4.450604 23.064777 0.573423 -9.428117 -10.229654 -12.232309 -2.130784 -6.425401 -13.530129 8.520566 7.360857 4.444929 10.396258 -22.151957 1.143110 10.871229 0.068890 -1.568400 13.141005 -11.930766 -3.963889 -14.326084 12.971855 -7.289514 2.326580
14.428639 -3.637326 6.603330 -5.226411 15.457944 -4.401908 22.772665 -0.622543 -9.980452 -9.783262 -12.982292 -2.378558 -5.300258 -13.179629 8.820128 7.307877 5.586284 8.962257 -22.586327 0.456131 10.887032 0.873668 -1.458149 12.701835 -12.522254 -4.336028 -14.453927 12.613463 -7.776627 2.435912
13.995516 -3.606689 6.208675 -4.920365 16.016497 -4.001946 22.549036 -1.840549 -10.475055 -9.630323 -13.574965 -2.479120 -4.541571 -12.655733 9.506524 7.007754 6.850964 7.703570 -22.998505 -0.371838 10.918644 1.695076 -1.329490 12.358857 -13.097792 -4.694039 -14.468167 12.212137 -8.219475 2.583581
13.380518 -3.512393 5.696376 -4.964164 16.545475 -3.774478 22.032841 -2.552671 -10.999599 -9.487423 -13.876269 -2.557006 -3.922697 -12.262274 9.959525 6.935189 7.946095 6.650912 -23.192881 -0.717374 10.938242 2.266582 -1.289595 12.206821 -13.608742 -4.961970 -14.378171 11.829301 -8.484529 2.660528
13.147169 -3.530692 5.335132 -5.004784 16.783360 -3.739836 21.759012 -2.943237 -11.262067 -9.453661 -14.087230 -2.592322 -3.543949 -12.047612 10.154868 6.843005 8.550578 6.134789 -23.305948 -0.950346 10.919159 2.535492 -1.241828 12.101752 -13.780749 -5.096205 -14.357558 11.691896 -8.612665 2.742591
13.083048 -3.592627 4.977680 -4.983432 16.937298 -3.704415 21.680340 -3.246034 -11.426579 -9.377100 -14.132494 -2.748096 -3.124987 -12.001992 10.495365 6.691691 9.043920 5.816084 -23.468222 -0.960181 10.967705 2.761265 -1.257179 12.050570 -13.919303 -5.160187 -14.327167 11.539296 -8.683569 2.776146
12.897074 -3.673143 2.229587 -5.043325 18.187157 -3.929106 20.988581 -4.740353 -12.231605 -9.138299 -14.539967 -2.782811 -1.322342 -11.159589 12.416566 6.371798 11.005031 4.168181 -23.875177 -0.782170 11.100616 3.685309 -1.425078 11.639464 -14.903028 -5.637750 -14.275811 10.811712 -8.964221 3.146694
10.593077 -1.829648 -0.962644 -4.752298 20.834396 -5.473904 17.991676 -4.890949 -14.128933 -8.878645 -17.324711 -0.418290 0.862935 -8.053294 15.925349 5.835429 12.972056 2.710413 -23.483871 0.159551 10.841015 5.027997 -1.772409 10.819234 -16.631733 -6.417704 -14.272757 9.514643 -9.343156 3.788184
8.780535 1.171571 0.534256 -0.564951 24.147770 -6.328591 10.845084 -5.348427 -17.100653 -12.913158 -23.509462 4.684425 0.323352 -1.326754 19.124018 4.374501 8.789471 1.923562 -22.738832 5.019444 8.547995 6.902585 -1.932522 10.880095 -21.011370 -6.525434 -16.355665 4.614827 -9.707363 4.408842
7.730422 6.457758 0.379535 -0.936371 28.319906 -6.613617 1.770318 -2.855231 -18.405531 -16.511030 -29.506468 3.205130 -2.205184 -0.671722 11.491763 2.937375 7.072680 6.896339 -21.843752 6.326907 5.818702 8.973889 -8.790901 6.499652 -18.977077 -9.366313 -15.758307 6.064218 -10.924132 -1.883816
9.979839 10.464922 1.472393 -7.685958 30.109579 -7.098604 -7.804492 1.878267 -13.638272 -19.778868 -33.484516 0.438585 -7.355904 -2.201196 3.734533 -0.212099 7.126335 17.503601 -19.298779 5.929095 5.083273 8.768163 -16.950182 3.508948 -16.162575 -9.862445 -12.264811 7.573040 -9.881139 -6.089999
8.781307 9.874655 5.306553 -13.003481 27.229954 -6.882271 -10.249948 3.971152 -7.555594 -22.797819 -31.036890 -4.622628 -14.711949 -4.605419 -1.931009 0.036748 7.214547 24.344490 -15.854215 5.486089 4.659799 10.142881 -24.873854 1.984401 -11.636224 -5.710216 -7.237942 8.432343 -6.306161 -4.271157
0.797103 6.638025 7.269839 -18.532045 23.226156 -4.657795 -10.590422 4.002664 -5.967093 -25.967257 -24.570360 -4.687703 -17.976837 -7.073563 -8.902876 4.896157 3.727901 21.654446 -15.920686 5.318402 5.649223 7.553634 -26.158125 -1.304324 -9.631183 -3.656526 -7.182276 10.128745 -2.985203 -0.865346
-6.017501 5.098492 7.221441 -21.566702 22.175549 -3.413911 -9.344113 5.682609 -5.905087 -26.839247 -20.791927 -7.189082 -19.282726 -10.489387 -10.997952 7.848118 2.050019 20.605631 -16.577969 4.215273 6.607919 6.187404 -26.163065 -2.740976 -7.203133 -1.353709 -7.095186 13.863036 -0.102288 2.217128
-8.847650 4.636127 5.730121 -22.815083 21.777618 -2.891026 -8.100877 7.212198 -6.619797 -26.655321 -19.316147 -7.285799 -20.288149 -12.156187 -10.941644 8.077538 1.303004 19.366491 -16.553522 2.448385 6.344560 4.420920 -25.055147 -3.769573 -5.667562 -0.929198 -7.213080 16.240652 1.039273 4.326529
-9.048839 4.622570 5.596948 -22.982849 21.737514 -2.902260 -7.944476 7.280284 -6.617366 -26.577545 -19.266197 -7.291230 -20.454884 -12.272087 -10.888167 8.123751 1.087744 19.337803 -16.523815 2.216885 6.456155 4.171316 -24.823175 -3.639776 -5.652746 -0.703189 -7.227991 15.968050 1.177931 4.551712
-8.946222 4.577199 5.493432 -22.925474 21.992081 -2.381152 -8.276272 7.164797 -6.727820 -26.771534 -19.493042 -7.264134 -20.274263 -12.207151 -11.139340 8.154613 1.150106 19.448219 -16.571257 2.462048 6.553274 4.181120 -25.023046 -3.765078 -5.743139 -0.573223 -7.336103 15.876408 1.240389 4.678572
-8.688518 4.461160 5.420510 -22.711699 22.324842 -1.726151 -8.812860 6.945091 -6.924096 -27.093351 -19.899155 -7.391587 -20.159847 -12.093490 -11.448741 8.236553 1.368925 19.733446 -16.527670 2.767515 6.848061 4.747317 -25.324709 -4.021678 -5.841591 -0.225212 -7.492105 15.695713 1.301637 4.914823
-7.906214 4.373811 5.172049 -22.345179 22.836609 -0.750560 -9.421358 6.550435 -7.389695 -27.260296 -20.720558 -7.616515 -19.881805 -11.905281 -11.576385 8.263662 1.714018 20.229263 -16.355158 3.050253 7.034970 5.492254 -24.901510 -4.390916 -5.853272 -0.001342 -7.661473 15.512908 1.230783 5.444409
-6.672603 4.215444 4.872646 -21.499090 23.218708 0.341412 -10.201760 6.197170 -8.034415 -27.488876 -21.658035 -7.496850 -19.465534 -11.753677 -11.761502 8.258900 2.450535 20.528719 -15.997407 3.534713 7.441213 6.721132 -24.585283 -4.866746 -5.887716 0.100509 -7.748718 14.931501 0.853599 5.665612
-5.014017 4.155725 4.907661 -20.628492 23.590036 0.950186 -11.131980 5.678481 -8.409777 -27.707472 -22.886377 -7.452941 -18.627758 -11.244646 -12.104701 8.221352 3.398449 20.733912 -15.952111 4.524546 8.061276 8.116786 -24.718752 -4.811409 -6.056824 0.289756 -7.463954 14.216755 0.542332 5.576667
-3.570554 4.123776 4.694410 -19.368942 24.107952 1.647642 -12.258230 5.335394 -9.066075 -28.176302 -24.300259 -7.337291 -17.892115 -10.655904 -12.934312 8.270971 4.096309 20.977753 -15.793839 5.683810 8.811720 9.602093 -25.062212 -5.108740 -5.893368 0.433907 -7.135995 13.225998 0.295707 5.536645
-1.915568 4.537141 4.745103 -18.485209 24.921652 1.962758 -13.159868 4.620036 -9.187808 -28.522642 -25.558506 -7.288377 -17.228174 -10.330594 -13.878523 8.120855 5.123686 21.055294 -15.537194 6.839233 9.544515 10.681774 -25.405817 -5.229235 -5.940267 0.251726 -6.903662 12.467427 0.074851 5.064084
-0.376082 5.068641 4.952879 -17.616634 25.581882 2.141693 -13.915091 4.096624 -9.229127 -28.573574 -27.139118 -7.188626 -16.616264 -9.945596 -14.194563 8.057398 6.088525 21.299660 -15.118913 7.410481 10.040862 11.338982 -25.626747 -5.289953 -6.044330 0.152351 -6.979636 11.954929 -0.163333 4.612311
0.408140 5.425710 5.038058 -17.195742 25.929211 2.019578 -14.099967 3.916290 -9.214656 -28.500437 -28.036209 -7.120309 -16.435802 -9.614453 -14.157495 8.052166 6.726191 21.485628 -14.700131 7.720607 10.263335 11.743156 -25.981264 -5.135500 -6.105834 0.014824 -6.993813 11.700088 -0.355198 4.133596
0.562920 5.427171 5.004717 -17.104767 25.971542 2.013660 -14.138317 3.912177 -9.243955 -28.516844 -28.139606 -7.115597 -16.402451 -9.584649 -14.146998 8.056479 6.733375 21.519207 -14.655076 7.752822 10.305905 11.842769 -25.951120 -5.140093 -6.124762 -0.019133 -6.994124 11.661898 -0.420320 4.086929
0.562920 5.427171 5.004717 -17.104767 25.971542 2.013660 -14.138317 3.912177 -9.243955 -28.516844 -28.139606 -7.115597 -16.402451 -9.584649 -14.146998 8.056479 6.733375 21.519207 -14.655076 7.752822 10.305905 11.842769 -25.951120 -5.140093 -6.124762 -0.019133 -6.994124 11.661898 -0.420320 4.086929
0.562920 5.427171 5.004717 -17.104767 25.971542 2.013660 -14.138317 3.912177 -9.243955 -28.516844 -28.139606 -7.115597 -16.402451 -9.584649 -14.146998 8.056479 6.733375 21.519207 -14.655076 7.752822 10.305905 11.842769 -25.951120 -5.140093 -6.124762 -0.019133 -6.994124 11.661898 -0.420320 4.086929
0.563942 5.425040 5.004773 -17.103474 25.969685 2.010916 -14.136943 3.914382 -9.243579 -28.517687 -28.141724 -7.114395 -16.401100 -9.584240 -14.148678 8.056121 6.731364 21.520147 -14.656040 7.750695 10.303883 11.843652 -25.949709 -5.139353 -6.123729 -0.020181 -6.992885 11.662406 -0.421921 4.084323
0.562920 5.427171 5.004717 -17.104767 25.971542 2.013660 -14.138317 3.912177 -9.243955 -28.516844 -28.139751 -7.115543 -16.402384 -9.584699 -14.147147 8.056549 6.733124 21.519226 -14.655089 7.752726 10.305905 11.842769 -25.951120 -5.140093 -6.124762 -0.019133 -6.994124 11.661898 -0.420320 4.086929
0.562920 5.427171 5.004717 -17.104767 25.971542 2.013660 -14.138317 3.912177 -9.243955 -28.516844 -28.140659 -7.115471 -16.401812 -9.584928 -14.147681 8.056537 6.731878 21.518738 -14.655038 7.751863 10.305905 11.842769 -25.951120 -5.140093 -6.124762 -0.019133 -6.994124 11.661898 -0.420320 4.086929
0.562920 5.427171 5.004717 -17.104767 25.971542 2.013660 -14.138317 3.912177 -9.243955 -28.516844 -28.140659 -7.115471 -16.401812 -9.584928 -14.147681 8.056537 6.731878 21.518738 -14.655038 7.751863 10.305905 11.842769 -25.951120 -5.140093 -6.124762 -0.019133 -6.994124 11.661898 -0.420320 4.086929
8.673403 5.141256 2.247878 -16.965078 18.646603 -3.746160 -6.058641 -1.587182 -10.856124 -34.393867 -27.335037 -1.277073 -15.547488 -16.775009 -20.112949 6.595830 4.858706 20.904133 -16.611738 8.401052 10.558763 9.655160 -22.279547 -2.743909 -9.288075 3.054304 -7.361402 7.932821 -2.919868 3.622454
8.673403 5.141256 2.247878 -16.965078 18.646603 -3.746160 -6.058641 -1.587182 -10.856124 -34.393867 -27.335037 -1.277073 -15.547488 -16.775009 -20.112949 6.595830 4.858706 20.904133 -16.611738 8.401052 10.558763 9.655160 -22.279547 -2.743909 -9.288075 3.054304 -7.361402 7.932821 -2.919868 3.622454
8.673403 5.141256 2.247878 -16.965078 18.646603 -3.746160 -6.058641 -1.587182 -10.856124 -34.393867 -27.335037 -1.277073 -15.547488 -16.775009 -20.112949 6.595830 4.858706 20.904133 -16.611738 8.401052 10.558763 9.655160 -22.279547 -2.743909 -9.288075 3.054304 -7.361402 7.932821 -2.919868 3.622454
5.358743 -0.055335 3.788364 -13.592238 22.457989 -2.465951 -8.897975 1.419408 -6.583375 -30.948711 -28.572855 -3.744441 -14.194506 -12.463918 -17.771755 9.491528 5.516401 22.002035 -14.926684 5.485741 12.973812 9.669561 -22.992483 -2.763450 -9.309420 0.326297 -7.304297 8.136839 -2.290585 3.648418
5.483469 -0.245191 3.626897 -13.567839 22.738935 -2.191721 -9.070733 1.426847 -6.422364 -30.792664 -28.458569 -3.759101 -14.260203 -12.594283 -17.854115 9.478498 5.678936 21.990774 -14.955362 5.497393 12.897926 9.803826 -22.939899 -2.572027 -9.340819 0.231762 -7.438272 7.898012 -2.690965 3.939569
5.495294 -0.235763 3.621636 -13.573432 22.738873 -2.192875 -9.072462 1.421277 -6.431532 -30.797796 -28.435934 -3.765199 -14.274872 -12.601127 -17.854631 9.467806 5.693758 21.994530 -14.964393 5.504364 12.907543 9.800518 -22.934431 -2.570769 -9.336406 0.237990 -7.451505 7.887923 -2.700153 3.942590
5.502973 -0.227775 3.615283 -13.577068 22.740311 -2.195484 -9.073625 1.424937 -6.436956 -30.798151 -28.435417 -3.765113 -14.275250 -12.602305 -17.854568 9.467618 5.693614 21.993992 -14.964208 5.503923 12.900210 9.796527 -22.937254 -2.569451 -9.336123 0.243452 -7.454826 7.880817 -2.702153 3.944178
5.514925 -0.242427 3.589725 -13.578663 22.739069 -2.195650 -9.060321 1.416694 -6.435698 -30.791162 -28.434132 -3.771332 -14.277181 -12.609262 -17.867781 9.471283 5.703211 21.998146 -14.964930 5.508403 12.902048 9.792690 -22.937872 -2.568609 -9.339665 0.242374 -7.457392 7.878538 -2.702342 3.942319
5.497159 -0.229648 3.606812 -13.580952 22.740335 -2.199654 -9.061132 1.421865 -6.434730 -30.789560 -28.441156 -3.768390 -14.272691 -12.604238 -17.868122 9.472447 5.696925 21.998251 -14.963955 5.504612 12.893691 9.795576 -22.943130 -2.567258 -9.339061 0.239558 -7.456816 7.882159 -2.702400 3.937758
5.497159 -0.229648 3.606812 -13.580952 22.740335 -2.199654 -9.061132 1.421865 -6.434730 -30.789560 -28.441156 -3.768390 -14.272691 -12.604238 -17.868122 9.472447 5.696925 21.998251 -14.963955 5.504612 12.893398 9.795746 -22.943640 -2.567611 -9.338943 0.239448 -7.456911 7.882191 -2.702293 3.937429
5.515181 -0.242054 3.589404 -13.578377 22.739712 -2.195490 -9.060125 1.416435 -6.435406 -30.791445 -28.434355 -3.771283 -14.277131 -12.609035 -17.867611 9.471573 5.701759 21.998281 -14.965090 5.508708 12.901999 9.792619 -22.937157 -2.568422 -9.339268 0.242691 -7.457400 7.878883 -2.702153 3.942928
5.515291 -0.241838 3.589281 -13.578254 22.739958 -2.195581 -9.060171 1.416417 -6.435452 -30.791431 -28.434071 -3.771277 -14.277154 -12.608986 -17.867458 9.471298 5.702381 21.998096 -14.965055 5.508652 12.901939 9.792705 -22.937002 -2.568365 -9.339319 0.242698 -7.457287 7.878857 -2.702198 3.943074
5.516044 -0.239442 3.593803 -13.578608 22.741301 -2.196000 -9.063717 1.417878 -6.435034 -30.792200 -28.433569 -3.771937 -14.277078 -12.608977 -17.867176 9.470703 5.704232 21.997288 -14.965101 5.508432 12.902535 9.790936 -22.940212 -2.570027 -9.338717 0.242562 -7.460049 7.878505 -2.700656 3.940764
