-0.245833 -7.442031 2.766178 -6.702979 12.359277 -6.570898 19.423626 6.458411 -13.447428 -17.475189 -18.008776 5.307440 -15.142470 -20.537323 9.499172 6.769681 4.366253 -1.511126 -9.910439 -8.920736 5.043038 -8.362832 -0.696109 3.390126 -17.582182 7.099124 -12.088863 16.935425 4.873280 -1.729468
-0.321450 -7.476540 2.752238 -6.671840 12.350310 -6.581693 19.438183 6.426712 -13.479525 -17.485783 -17.990635 5.284325 -15.066419 -20.558056 9.535769 6.775209 4.403927 -1.591212 -9.963641 -8.956345 5.046335 -8.311270 -0.649418 3.342701 -17.640194 7.079294 -12.064965 16.936371 4.867619 -1.618463
-0.452733 -7.520048 2.721405 -6.620509 12.362811 -6.577813 19.472044 6.421348 -13.563012 -17.499784 -17.964096 5.259192 -14.968167 -20.587948 9.573388 6.807299 4.450768 -1.691755 -10.012781 -8.958824 5.063957 -8.332708 -0.647458 3.280663 -17.616276 7.109596 -12.124804 16.929825 4.874597 -1.590804
-0.731343 -7.584424 2.632848 -6.499369 12.393422 -6.561466 19.531458 6.406517 -13.737605 -17.521278 -17.889858 5.211214 -14.806662 -20.649870 9.633784 6.872686 4.525668 -1.887140 -10.126396 -8.999401 5.099566 -8.323249 -0.592839 3.164540 -17.630777 7.140224 -12.227998 16.913666 4.865682 -1.491487
-0.895067 -7.673339 2.543853 -6.416573 12.439336 -6.584995 19.538212 6.479013 -13.863880 -17.570724 -17.809238 5.210886 -14.600572 -20.676386 9.736810 6.963072 4.657077 -2.152140 -10.198747 -8.921452 5.090635 -8.352262 -0.620789 3.132766 -17.603453 7.173812 -12.307067 16.887264 4.838114 -1.504316
-1.192935 -7.768157 2.393345 -6.340521 12.544711 -6.595285 19.581387 6.502642 -14.066533 -17.597269 -17.672215 5.138125 -14.348952 -20.761589 9.798907 7.138478 4.804530 -2.469253 -10.376307 -8.864143 5.147861 -8.336526 -0.539732 3.039154 -17.570107 7.221848 -12.454638 16.870895 4.798476 -1.429199
-1.567769 -7.904311 2.203387 -6.190624 12.632728 -6.549003 19.650785 6.569172 -14.341980 -17.647865 -17.236719 5.063053 -14.071047 -20.955786 9.777402 7.607211 4.806401 -3.077348 -10.564025 -8.828842 5.278230 -8.332561 -0.486984 3.009170 -17.409544 7.302067 -12.619847 16.862442 4.766135 -1.429814
-2.375558 -8.157591 2.274340 -5.787880 12.417122 -6.317908 19.849745 7.029815 -14.790637 -18.027136 -16.467325 4.956625 -14.105651 -21.226088 9.501307 8.556993 4.420932 -3.783471 -10.656116 -8.977407 5.563198 -8.453990 -0.525765 3.148052 -16.958523 7.487543 -12.861320 16.851154 4.750950 -1.638124
-3.183333 -8.412028 2.167240 -5.410424 12.296418 -6.067810 20.063099 7.248473 -15.290519 -18.285320 -15.941781 4.965107 -14.181284 -21.352730 9.323677 9.337119 4.214258 -4.308402 -10.572776 -8.912265 5.899744 -8.504835 -0.569695 3.387165 -16.424957 7.684077 -13.058766 16.856007 4.707457 -1.921159
-3.916527 -8.798772 2.123319 -5.051669 12.165237 -5.802027 20.261749 7.539549 -15.673105 -18.532597 -15.277263 4.875656 -14.194884 -21.663183 9.068202 10.178401 3.911397 -4.908085 -10.690827 -9.032213 6.119582 -8.607261 -0.648185 3.642323 -16.104395 7.863924 -13.188030 16.767300 4.714301 -2.145161
-4.655143 -9.190028 1.909582 -4.802431 12.081531 -5.531967 20.481586 7.545986 -16.104889 -18.753630 -14.937054 4.859857 -14.693753 -21.743885 8.780976 10.609243 3.568441 -4.976299 -10.534976 -9.406941 6.419335 -8.664778 -0.580669 3.638974 -15.909153 8.023406 -13.504264 16.670280 4.732803 -2.323207
-5.046051 -9.325790 1.591854 -4.671021 12.070266 -5.283822 20.477472 7.679496 -16.372017 -18.876944 -14.736315 4.829180 -14.345486 -21.867672 8.755374 10.876466 3.618486 -5.667156 -10.738097 -9.712900 6.574073 -8.752851 -0.670174 3.683710 -15.771520 8.071090 -13.719610 16.560915 4.717174 -2.453138
-5.265109 -9.281914 1.296204 -4.610556 12.133476 -5.166467 20.386059 8.009815 -16.628498 -18.995260 -14.524265 4.800381 -14.228333 -22.048174 8.609904 11.116598 3.446106 -6.176085 -10.942131 -10.141865 6.717098 -8.887643 -0.847450 3.746065 -15.632272 8.108560 -13.929295 16.420115 4.711290 -2.659845
-5.160265 -8.977472 0.941225 -4.557716 12.442138 -5.198715 20.124802 8.398249 -16.795015 -18.936789 -14.269756 4.723366 -14.331760 -22.139627 8.418168 11.266253 3.184604 -6.471804 -11.002714 -10.701981 6.728697 -8.965459 -0.912751 3.621195 -15.617158 8.160957 -14.179327 16.288742 4.665516 -2.724774
-4.994258 -8.623871 0.521142 -4.700300 12.676927 -5.098559 19.783829 8.885836 -16.896748 -18.912325 -14.200086 4.658322 -14.386184 -22.163464 8.160225 11.348331 2.879778 -6.641120 -11.046090 -11.197512 6.615735 -9.107108 -1.090648 3.668386 -15.587548 8.204688 -14.274944 16.147594 4.628149 -2.821436
-4.723865 -8.273859 0.246483 -4.709719 12.937325 -5.105706 19.427916 9.353522 -16.965771 -18.886835 -14.030844 4.563524 -14.319027 -22.251995 8.057679 11.430578 2.731355 -6.990846 -11.159062 -11.673426 6.541537 -9.206456 -1.247308 3.653972 -15.569324 8.244687 -14.439771 15.987310 4.558505 -2.907740
-4.544186 -8.045518 0.027297 -4.772496 13.079904 -5.119150 19.215080 9.645697 -17.039261 -18.908625 -13.867147 4.451308 -14.222350 -22.338333 8.017045 11.433010 2.699474 -7.334524 -11.332323 -12.108137 6.483297 -9.264815 -1.366303 3.663094 -15.601259 8.215063 -14.539586 15.873906 4.490026 -3.005347
-4.447466 -7.839092 -0.084355 -4.842196 13.186399 -5.146316 19.055733 9.877787 -17.098091 -18.967377 -13.810455 4.408121 -14.241469 -22.385513 7.943995 11.349222 2.620488 -7.447683 -11.414776 -12.407001 6.473442 -9.399753 -1.576994 3.818142 -15.520619 8.235414 -14.582156 15.778459 4.491431 -3.246014
-4.301486 -7.686821 -0.122821 -4.847146 13.268674 -5.171502 18.908146 10.134190 -17.106129 -18.997435 -13.764080 4.400474 -14.318292 -22.433071 7.869506 11.314779 2.539940 -7.475659 -11.437634 -12.561348 6.477601 -9.471281 -1.675762 3.876983 -15.481298 8.254280 -14.621849 15.736053 4.498127 -3.367530
-4.238523 -7.614656 -0.158150 -4.855410 13.328256 -5.208792 18.854683 10.188571 -17.116100 -18.987707 -13.767109 4.393221 -14.347612 -22.432079 7.856187 11.295187 2.526133 -7.466518 -11.426445 -12.606838 6.444293 -9.468410 -1.667577 3.824804 -15.518240 8.246669 -14.652621 15.724603 4.477746 -3.316870
-4.099985 -7.741950 0.269405 -4.847286 13.081393 -5.196243 18.835316 10.451263 -16.881191 -19.174742 -13.750147 4.454423 -14.806001 -22.426474 7.616208 11.324381 2.099323 -7.092592 -11.306878 -12.725356 6.400280 -9.540323 -1.922190 4.151229 -15.364999 8.231600 -14.504044 15.710520 4.442349 -3.602433
-3.283155 -7.994762 1.941174 -4.912312 12.063330 -5.270355 18.799433 11.313168 -15.898322 -19.781450 -13.371896 4.375313 -16.208946 -22.567783 6.922763 11.529572 0.836890 -5.997654 -11.126217 -13.254945 6.264637 -9.829141 -2.542788 4.974849 -14.995396 8.351678 -14.080702 15.699999 4.532498 -4.360255
-2.221318 -7.948966 3.906443 -4.763092 10.968974 -5.828785 18.838297 12.696295 -14.881656 -20.415747 -12.466667 4.133227 -18.080006 -22.944256 6.034482 11.571241 -0.869874 -4.566438 -11.091872 -14.144646 6.223887 -10.309049 -3.525193 6.312377 -14.423596 8.462504 -13.357641 15.732760 4.807156 -5.741572
0.252948 -7.095593 5.954784 -5.674156 10.556964 -6.298368 18.434614 14.533248 -13.277189 -20.742041 -11.185395 3.676345 -19.983150 -23.451004 5.371986 10.935053 -2.330944 -2.836441 -11.141456 -15.239750 6.532860 -11.072228 -4.841709 7.822668 -13.685598 8.657013 -12.643138 15.630857 5.371896 -7.432533
2.874288 -6.622897 7.727603 -6.343291 9.707978 -6.450797 18.040737 15.488746 -11.294404 -20.952555 -9.952057 3.755170 -23.019924 -24.242783 4.042840 9.867802 -4.090400 -0.592653 -11.334726 -16.318005 6.306669 -11.883570 -6.443888 9.266795 -13.460753 8.849758 -11.736514 15.041488 5.748502 -8.302306
4.539057 -9.037696 10.213713 -7.223464 9.187297 -4.247006 16.917854 16.617083 -7.802847 -21.090307 -9.368237 5.288759 -26.933899 -23.452337 1.486582 9.915895 -5.719715 1.450923 -10.690070 -15.769463 5.056043 -13.003825 -9.069418 10.601290 -13.610229 8.783579 -9.704056 14.765388 6.130170 -7.448596
7.894660 -11.546179 9.680902 -11.007069 7.608825 0.430832 15.521510 16.438011 -5.434861 -21.936056 -10.411567 7.297812 -30.906160 -19.859671 -1.754440 12.418032 -7.122266 3.305859 -8.311272 -14.858938 4.286693 -13.419628 -10.937590 11.572141 -14.566008 8.190642 -6.612494 15.064393 7.004929 -5.423464
8.643781 -15.204075 9.693739 -13.643618 7.805780 6.650901 13.059612 14.758835 -2.895105 -22.092070 -12.992657 8.813499 -32.451126 -13.426339 -3.048104 15.715231 -5.267742 3.621902 -5.802418 -13.320707 5.483860 -13.145801 -11.119604 10.588350 -15.898442 7.188711 -4.709823 15.649964 8.563014 -2.512502
9.247133 -15.652375 12.018380 -15.372739 7.439121 6.984738 13.077051 10.667353 0.441569 -20.486174 -15.059219 9.297307 -29.865135 -9.613778 -1.136704 18.090574 -1.685906 2.558237 -4.817022 -9.729610 5.588151 -12.009707 -11.094348 9.362369 -18.306953 6.364408 -3.510769 14.900645 8.707579 1.201051
7.389234 -16.908091 13.784163 -14.284140 8.421733 4.133884 14.195435 4.761977 2.707667 -17.470228 -15.977081 9.380052 -29.137800 -6.718214 0.804096 19.720768 2.380530 3.149698 -2.854251 -6.257269 4.684488 -10.214322 -10.470877 9.549315 -20.424492 5.614767 -1.988396 14.390207 7.543986 5.273493
5.131428 -16.283079 13.223117 -14.952993 10.464623 4.379037 13.216441 1.972881 2.880963 -16.226816 -16.202097 8.407056 -28.900776 -4.139750 2.580277 20.034370 6.047182 4.440259 -1.771206 -4.974735 4.380677 -8.833755 -9.870316 9.211715 -21.859768 4.623013 -1.802833 14.042398 6.475981 7.407981
2.728134 -17.546150 10.177593 -15.067107 12.009130 4.343080 12.365573 0.421222 1.679517 -16.244560 -17.184376 7.693522 -26.778969 -2.187777 5.154643 19.661762 10.006866 2.733639 -2.009642 -4.915874 4.043620 -7.641852 -9.261852 8.385861 -22.617569 3.621812 -2.416953 13.697812 5.328459 8.374737
-0.633372 -19.053896 7.509494 -14.379978 13.497874 4.311615 11.616296 -0.770994 0.553570 -15.745501 -18.722353 7.840514 -25.019176 0.085427 7.108432 19.904764 13.403811 -0.189432 -1.841854 -5.735579 4.052295 -6.033943 -7.827107 7.389390 -23.912842 2.749046 -3.032068 13.317638 4.418637 9.216129
-1.609689 -20.106226 4.610754 -14.136631 14.807590 5.004281 10.561501 -2.247734 -0.469020 -15.404928 -19.709227 8.114595 -22.725994 1.218508 8.541539 20.293285 15.541955 -2.760498 -2.149430 -5.417387 4.254569 -4.789222 -6.672686 6.388237 -24.749645 2.027704 -3.706398 13.275873 3.804127 9.985799
-1.651378 -21.316225 2.339784 -13.097586 15.797908 6.042546 9.832003 -3.031911 -1.711322 -15.006386 -20.560482 8.378402 -20.872931 1.463958 9.170520 20.489792 16.315790 -4.053745 -2.699399 -4.657124 4.418130 -3.660913 -5.714230 5.553216 -25.210499 1.523653 -4.269996 13.094498 3.283042 10.354501
-1.573341 -21.917643 1.424806 -11.622211 16.397272 6.416101 10.031931 -3.669304 -2.741807 -14.334949 -21.365257 8.350358 -19.088886 1.358484 9.512250 20.434490 16.930214 -5.059570 -3.534384 -4.380765 4.667166 -2.963494 -5.108403 4.922228 -25.271397 1.358409 -4.592012 12.915031 3.062674 10.472364
-2.039636 -21.796659 1.271382 -10.508322 17.372154 6.351940 10.130556 -4.595071 -3.074340 -13.522770 -22.224857 8.087946 -17.203831 1.204267 9.702030 20.437214 17.207132 -5.814374 -4.413340 -4.317720 4.980577 -2.646806 -4.418735 4.282534 -25.230515 1.316472 -4.916167 13.057648 3.011631 10.727771
-2.148225 -21.188562 1.087312 -10.040264 17.924114 6.148931 10.358192 -5.201424 -3.603369 -13.118747 -22.691246 7.852925 -15.555928 0.723582 9.770473 20.543182 16.938799 -6.512711 -5.256230 -4.241313 5.452298 -2.349811 -3.808726 3.668400 -25.195942 1.229861 -5.217362 13.192598 3.004444 10.944257
-2.083873 -20.919006 1.113271 -9.703032 18.319275 6.190111 10.480025 -5.506751 -3.860235 -12.779730 -22.766565 7.677753 -14.615032 0.329748 9.903792 20.448952 16.674616 -6.962687 -5.838940 -4.345562 5.748063 -2.145442 -3.419620 3.281142 -25.248188 1.180257 -5.376264 13.276306 3.013614 11.041165
-1.997906 -20.854727 1.107596 -9.548374 18.463608 6.232695 10.527601 -5.605738 -3.944198 -12.646140 -22.730740 7.567511 -14.289409 0.130480 9.950270 20.411823 16.579340 -7.122995 -6.060481 -4.371865 5.860809 -2.090484 -3.327888 3.159524 -25.290401 1.170258 -5.446487 13.263764 3.013038 11.051491
-1.992333 -20.840502 1.087015 -9.520095 18.485199 6.249501 10.526888 -5.622790 -3.990319 -12.636721 -22.700417 7.552840 -14.276734 0.096000 9.966042 20.378759 16.569216 -7.146022 -6.087629 -4.390815 5.903583 -2.086214 -3.316357 3.142303 -25.285461 1.166708 -5.456932 13.259593 3.024121 11.056251
-1.924105 -20.796066 1.031782 -9.447538 18.479855 6.283926 10.537622 -5.515666 -4.113944 -12.619228 -22.644821 7.500863 -14.233090 0.010472 9.993104 20.303310 16.524809 -7.181527 -6.150074 -4.451624 5.986917 -2.088476 -3.258794 3.126702 -25.259871 1.176539 -5.503085 13.260477 3.038446 11.041925
-1.827120 -20.697660 0.984518 -9.351042 18.455782 6.327887 10.564002 -5.363226 -4.318033 -12.611262 -22.451794 7.363268 -14.196214 -0.180757 10.030370 20.187981 16.466343 -7.282530 -6.290598 -4.702370 6.106211 -2.106785 -3.214398 3.014497 -25.222157 1.167326 -5.575169 13.288330 3.071292 11.050634
-1.672955 -20.626265 0.960503 -9.201755 18.404888 6.390583 10.683262 -5.232155 -4.522532 -12.577333 -22.258966 7.248489 -14.209304 -0.361147 10.104433 20.025612 16.533972 -7.390055 -6.375010 -4.871373 6.234376 -2.156763 -3.143722 2.933451 -25.150635 1.191045 -5.687010 13.315344 3.105980 11.004078
-1.453221 -20.535013 1.025895 -8.964098 18.418781 6.479904 10.817348 -5.135911 -4.667086 -12.531271 -21.974957 7.061967 -14.072650 -0.613782 10.146167 19.904102 16.446154 -7.559340 -6.590901 -5.111344 6.429692 -2.221979 -3.026890 2.756230 -25.017870 1.216955 -5.877467 13.392720 3.163223 10.948406
-1.090773 -20.579357 0.838697 -8.833984 18.475132 6.659969 10.854209 -5.051589 -4.799553 -12.395163 -21.734438 6.898244 -13.860999 -0.761262 10.178481 19.844999 16.342556 -7.808449 -6.864553 -5.380973 6.562685 -2.251062 -2.883127 2.640034 -24.945843 1.243765 -6.004821 13.461761 3.207965 10.952583
-0.632985 -20.599871 0.760833 -8.679231 18.406773 6.877097 11.053268 -4.861707 -4.958488 -12.212140 -21.533220 6.740402 -13.558573 -1.040520 10.255836 19.704826 16.282608 -8.037586 -7.151342 -5.496667 6.713467 -2.410869 -2.791289 2.505357 -24.826384 1.328714 -6.247936 13.500074 3.289733 10.895673
-0.149985 -20.484159 0.829865 -8.432878 18.412285 7.179735 11.188934 -4.746006 -5.145796 -12.092434 -21.142742 6.494191 -13.291827 -1.451783 10.293193 19.617126 16.005503 -8.100694 -7.487401 -5.743498 6.888967 -2.493538 -2.592070 2.294169 -24.737667 1.382090 -6.525081 13.558466 3.337696 10.883510
0.199281 -20.409487 1.030028 -7.989134 18.430796 7.296741 11.420460 -4.502491 -5.246497 -11.988571 -20.714640 6.260071 -12.987975 -1.915417 10.350173 19.571911 15.756884 -8.178034 -7.828649 -5.865100 6.990140 -2.728999 -2.612076 2.191320 -24.527176 1.475468 -6.811769 13.610079 3.408023 10.738952
0.395129 -20.314550 1.264952 -7.565162 18.448193 7.368772 11.571316 -4.320410 -5.401968 -11.984915 -20.466019 6.104737 -12.572374 -2.272666 10.399809 19.664833 15.382670 -8.215221 -8.134250 -5.915657 7.068114 -2.915488 -2.587348 1.995223 -24.374769 1.542992 -7.092273 13.672876 3.446255 10.720592
0.658453 -20.126677 1.548971 -7.134768 18.364214 7.445810 11.754734 -4.073359 -5.650794 -12.035922 -20.189760 5.929811 -12.216247 -2.599073 10.390216 19.854427 14.870023 -8.195721 -8.394385 -6.017349 7.137478 -3.102165 -2.453282 1.951644 -24.239359 1.696905 -7.396298 13.689907 3.498734 10.691262
0.959013 -19.960730 1.752335 -6.711688 18.374365 7.568103 11.944244 -3.795596 -5.802872 -12.070377 -19.863646 5.773009 -11.838073 -2.924922 10.452699 20.116312 14.340159 -8.110746 -8.600165 -5.996276 7.194018 -3.313253 -2.352112 1.946978 -24.043266 1.821238 -7.695013 13.757340 3.531799 10.590651
1.302180 -19.901937 1.882448 -6.405420 18.484217 7.601131 12.100239 -3.603884 -5.697505 -12.017668 -19.526253 5.553364 -11.464619 -3.306989 10.493848 20.355295 13.938621 -8.076874 -8.819274 -5.918534 7.283709 -3.531096 -2.240338 2.013731 -23.914993 1.984150 -7.951580 13.781717 3.590920 10.545921
1.827859 -19.779272 2.027956 -6.046731 18.578289 7.697348 12.220941 -3.292735 -5.659602 -11.989347 -19.129520 5.335852 -11.292184 -3.764675 10.393275 20.537209 13.408500 -7.953646 -9.018307 -5.970980 7.342955 -3.747502 -2.222607 1.999930 -23.807468 2.092149 -8.198232 13.803890 3.609273 10.476643
2.498644 -19.588573 2.299735 -5.767202 18.678337 7.829265 12.327041 -3.055831 -5.541538 -11.926176 -18.747862 5.188532 -11.176412 -4.099138 10.352524 20.742237 13.051429 -7.875914 -9.147174 -5.939357 7.341251 -4.047787 -2.328787 1.999140 -23.689796 2.217181 -8.398308 13.824519 3.646128 10.400192
2.877953 -19.508905 2.536296 -5.651030 18.642300 7.926329 12.452495 -2.924320 -5.427464 -11.904429 -18.475075 5.066803 -11.268447 -4.393531 10.166116 20.827648 12.705258 -7.678357 -9.220923 -5.991873 7.345050 -4.258842 -2.389863 2.050679 -23.581863 2.303515 -8.535435 13.831623 3.683013 10.301259
3.209149 -19.405958 2.719316 -5.595515 18.591021 7.979415 12.527519 -2.699405 -5.355064 -11.942687 -18.247158 4.939282 -11.344224 -4.697340 10.061036 20.773148 12.488625 -7.497725 -9.293891 -6.055815 7.363346 -4.472644 -2.503992 2.103266 -23.473888 2.381182 -8.640523 13.820352 3.734197 10.189266
3.301010 -19.341955 2.897160 -5.578578 18.492052 7.967632 12.639747 -2.618377 -5.285207 -11.997503 -18.086342 4.856834 -11.433346 -4.871068 9.971594 20.759521 12.337173 -7.376644 -9.326343 -6.129481 7.353052 -4.648216 -2.633378 2.135567 -23.375792 2.446562 -8.725023 13.804379 3.762900 10.119406
3.408847 -19.312243 3.031687 -5.574739 18.412184 7.934702 12.681561 -2.484237 -5.206656 -12.040412 -17.951561 4.782802 -11.531558 -5.099574 9.856148 20.675827 12.136274 -7.233772 -9.387615 -6.233078 7.351576 -4.728726 -2.694293 2.132524 -23.324385 2.468454 -8.764781 13.806713 3.781915 10.080902
3.439256 -19.287647 3.077741 -5.570601 18.386032 7.921481 12.687727 -2.418051 -5.197718 -12.064472 -17.890360 4.758910 -11.575208 -5.181849 9.829199 20.645109 12.089202 -7.182055 -9.401063 -6.256544 7.351291 -4.769911 -2.720268 2.148686 -23.300354 2.482231 -8.777690 13.806400 3.790608 10.063150
3.420469 -19.281637 3.104727 -5.545568 18.390190 7.915565 12.713987 -2.443050 -5.190024 -12.051538 -17.882221 4.756325 -11.562423 -5.186376 9.828722 20.655222 12.078523 -7.188327 -9.406895 -6.250349 7.355945 -4.754711 -2.717682 2.142297 -23.308563 2.480383 -8.771207 13.801121 3.788917 10.071094
3.405450 -19.254530 3.172683 -5.510860 18.385363 7.894194 12.773039 -2.485518 -5.162206 -12.046040 -17.841021 4.738584 -11.510365 -5.218533 9.822370 20.696444 12.029656 -7.191939 -9.434970 -6.219656 7.359520 -4.762111 -2.734651 2.124595 -23.294796 2.485745 -8.791648 13.797272 3.785525 10.078115
3.387320 -19.188169 3.296984 -5.415453 18.379482 7.851238 12.870001 -2.509981 -5.155346 -12.039835 -17.774553 4.708852 -11.487512 -5.312281 9.798450 20.704197 11.934905 -7.154181 -9.466303 -6.202231 7.384337 -4.769867 -2.732296 2.114236 -23.288519 2.500552 -8.815150 13.788341 3.794348 10.081987
3.412364 -19.110506 3.479585 -5.306259 18.354809 7.834904 12.968461 -2.514386 -5.138059 -12.011625 -17.671844 4.674289 -11.447461 -5.430575 9.789168 20.732346 11.812935 -7.103629 -9.505156 -6.156283 7.406424 -4.792697 -2.753944 2.106368 -23.271049 2.524144 -8.845888 13.771967 3.801756 10.073185
3.509601 -19.015707 3.729069 -5.159243 18.299786 7.859065 13.063477 -2.450235 -5.126945 -11.929358 -17.532505 4.617651 -11.303451 -5.605064 9.828629 20.776602 11.673099 -7.085848 -9.592833 -6.078341 7.428251 -4.870590 -2.815644 2.127819 -23.225349 2.579318 -8.900847 13.744257 3.818072 10.039175
3.593465 -18.974922 3.922894 -5.068313 18.229149 7.861669 13.163626 -2.450810 -5.076757 -11.882579 -17.389208 4.580539 -11.231459 -5.768031 9.837523 20.815950 11.478416 -7.026129 -9.642936 -5.992169 7.442372 -4.928434 -2.877009 2.140513 -23.187695 2.622068 -8.952740 13.718424 3.824954 10.001764
3.614929 -18.943659 4.168265 -4.969584 18.157490 7.830597 13.318213 -2.574955 -4.989251 -11.807642 -17.234051 4.511031 -11.170814 -5.953145 9.794305 20.835186 11.229506 -6.937981 -9.727014 -5.953015 7.457268 -4.930527 -2.889802 2.113057 -23.188967 2.637653 -8.986943 13.706479 3.818445 10.004122
3.663573 -18.896856 4.377781 -4.913366 18.111601 7.788211 13.436862 -2.588170 -4.911017 -11.725819 -17.097485 4.447093 -11.034037 -6.158567 9.824347 20.836502 11.056926 -6.906746 -9.839352 -5.910936 7.521011 -4.902136 -2.844252 2.129400 -23.162010 2.666718 -9.044510 13.686778 3.808786 9.947966
3.794873 -18.820982 4.470150 -4.901144 18.104321 7.710914 13.587551 -2.533472 -4.838538 -11.615029 -16.885361 4.339715 -10.847313 -6.492589 9.901820 20.805075 10.910314 -6.908634 -9.994100 -5.862175 7.580638 -4.954761 -2.888565 2.192336 -23.080038 2.702816 -9.105537 13.668337 3.814379 9.819204
3.773918 -18.785318 4.552464 -4.926131 18.051792 7.584533 13.787163 -2.503975 -4.725798 -11.479795 -16.678707 4.238645 -10.750183 -6.820304 9.878612 20.777895 10.600694 -6.807460 -10.127046 -5.829278 7.655141 -4.956222 -2.864836 2.290671 -23.004173 2.721902 -9.163248 13.655003 3.804466 9.655905
3.971474 -18.644449 4.777834 -4.977932 17.926077 7.486805 13.928912 -2.292660 -4.639084 -11.286850 -16.358892 4.113719 -10.547488 -7.317879 9.907575 20.782299 10.147763 -6.705338 -10.312635 -5.738106 7.719231 -5.000046 -2.798108 2.493073 -22.905556 2.763880 -9.245792 13.644140 3.796766 9.411738
4.210224 -18.497221 4.968467 -5.030548 17.840729 7.500622 14.022562 -2.142986 -4.639257 -11.093802 -16.122002 3.975657 -10.426627 -7.712625 9.931868 20.698635 9.813703 -6.558011 -10.471694 -5.679809 7.863519 -5.018251 -2.643270 2.686524 -22.700321 2.786006 -9.428154 13.657166 3.770626 9.061761
4.716413 -18.222813 5.030714 -5.011418 17.856922 7.574070 14.025309 -2.042483 -4.724707 -10.834086 -15.908479 3.829339 -10.303985 -8.167794 9.899115 20.634434 9.457835 -6.331530 -10.627387 -5.601711 7.978920 -5.036963 -2.542624 2.861702 -22.525433 2.794642 -9.573703 13.659084 3.743355 8.747154
5.363184 -17.909803 5.279369 -4.938848 17.853306 7.652768 14.020018 -1.747624 -4.810050 -10.558390 -15.668245 3.657263 -10.230998 -8.627445 9.796309 20.620256 8.995458 -5.945936 -10.734382 -5.377526 8.086761 -5.110431 -2.426432 3.167228 -22.324535 2.828194 -9.721732 13.659495 3.728976 8.326632
10.349128 -0.389495 1.859553 -14.375032 9.421144 -7.512614 23.445818 -3.665860 -14.692105 -16.560074 -18.980396 0.861454 -9.861048 -18.886864 9.884889 15.056671 7.620987 -0.730908 -4.844260 0.056363 2.381676 0.568978 1.843641 4.863445 -17.924255 9.568704 -4.696710 17.997913 4.815478 -0.039052
11.318320 -0.272300 2.093604 -14.220938 9.444461 -7.256022 23.425484 -3.663924 -14.632328 -16.267851 -18.916149 0.735837 -9.678492 -19.225857 9.769192 15.123761 6.865387 -0.176810 -4.907092 0.418180 2.492198 0.419290 1.984555 5.140152 -17.600218 9.681451 -5.036036 18.031000 4.809904 -0.719429
12.058223 -0.160813 2.242124 -14.035480 9.401918 -7.111521 23.552774 -3.407834 -14.664483 -16.002661 -18.832817 0.605808 -9.495194 -19.598837 9.659622 15.183554 6.130507 0.415798 -4.940829 0.806976 2.556976 0.334843 1.995552 5.335444 -17.459110 9.762156 -5.149784 18.014517 4.831902 -1.039292
12.263201 0.028310 2.434021 -13.881376 9.379251 -7.144515 23.487421 -2.965463 -14.756877 -15.941111 -18.753681 0.522974 -9.371070 -19.877319 9.646955 15.129425 5.548630 0.976437 -4.946568 1.146499 2.649799 0.185430 2.026277 5.612556 -17.210777 9.875363 -5.364197 18.002460 4.863133 -1.566603
12.597223 0.210876 2.599683 -13.692930 9.499458 -7.163363 23.316376 -2.589946 -14.722761 -15.937050 -18.648006 0.437668 -9.437387 -20.086432 9.620184 14.988771 5.270898 1.426040 -4.901195 1.292962 2.723809 0.139684 2.077235 5.812762 -17.119152 9.921127 -5.459771 17.951664 4.865240 -1.852930
9.807995 -3.646944 4.820615 -9.654135 13.127721 -6.419794 21.341362 -0.254767 -10.609984 -13.475944 -18.233061 5.558922 -10.022709 -20.859009 11.712035 10.915096 2.356138 1.125143 -8.130189 1.151170 3.404779 -3.583303 2.991920 6.360744 -19.093281 6.941811 -7.462450 18.128443 3.545243 -1.592522
9.357100 -4.693767 5.476523 -8.398472 13.964226 -6.582846 20.680607 0.842602 -9.565035 -12.732479 -17.711151 6.248699 -10.507709 -21.950867 12.000391 8.962382 2.173926 1.397236 -9.167204 1.761032 3.957727 -3.368862 2.873623 6.680665 -18.658030 6.101688 -7.904571 17.949406 3.116816 -1.632126
9.494041 -4.761332 5.642250 -8.024216 14.449044 -5.966949 20.504673 1.251408 -9.513132 -12.667344 -17.628288 6.286578 -10.829280 -22.166325 11.847243 8.709228 2.143015 1.740753 -9.203099 1.541159 4.245302 -3.676307 2.844839 6.954717 -18.737986 6.033123 -7.985384 17.871819 3.189705 -1.819523
9.748723 -4.590725 6.164969 -7.766598 14.314399 -6.104267 20.641548 1.574665 -9.466722 -12.983427 -17.427691 6.079386 -11.128444 -22.383280 11.905172 8.361807 2.385922 1.985471 -9.160562 1.408259 4.284267 -3.833540 2.625369 7.186573 -18.687761 6.131297 -7.885213 17.775568 3.283366 -1.979439
9.969431 -4.490394 6.397572 -7.608716 14.182494 -6.069355 20.777699 1.991866 -9.538974 -12.953473 -17.254801 5.949720 -11.334706 -22.548893 12.012458 8.102491 2.427406 2.261508 -9.153811 1.349620 4.353513 -3.921658 2.452879 7.366283 -18.554871 6.196391 -7.890269 17.677792 3.314857 -2.207709
10.080083 -4.509332 6.573905 -7.499555 13.984435 -6.003303 21.002384 2.460671 -9.612504 -12.883646 -17.129314 5.801400 -11.548931 -22.698437 12.038647 7.832726 2.493416 2.453635 -9.167114 1.136678 4.393252 -4.001999 2.300144 7.569400 -18.441753 6.216809 -7.802312 17.628819 3.347136 -2.375013
10.204288 -4.520095 6.693678 -7.478037 13.761478 -5.989804 21.231827 2.775687 -9.571324 -12.774401 -16.962265 5.641739 -11.684545 -22.906616 12.105954 7.580645 2.481232 2.677432 -9.201415 0.977166 4.454598 -4.052241 2.189227 7.771303 -18.347919 6.231274 -7.719119 17.574673 3.370716 -2.564120
10.452806 -4.576632 6.872368 -7.325804 13.537148 -6.056112 21.568417 3.098822 -9.462154 -12.668960 -16.893099 5.500353 -11.718472 -23.131826 12.145076 7.304811 2.382784 2.895165 -9.277162 0.814103 4.524962 -4.163800 2.141636 7.933841 -18.234329 6.245504 -7.714430 17.589108 3.409563 -2.729314
10.549095 -4.696243 7.026988 -7.213843 13.214152 -6.060412 21.852428 3.450396 -9.417583 -12.630778 -16.819895 5.336171 -11.812022 -23.412600 12.128232 7.058702 2.157103 3.218828 -9.367969 0.644116 4.581892 -4.283869 2.062783 8.136992 -18.106516 6.267571 -7.621012 17.620131 3.480457 -2.807400
10.622779 -4.834599 7.095832 -7.042315 13.018004 -6.148300 22.179636 3.814118 -9.414784 -12.602946 -16.727180 5.112199 -11.880258 -23.725920 12.071160 6.834938 1.994560 3.596567 -9.427524 0.591955 4.617345 -4.425745 1.937111 8.320600 -18.008011 6.273503 -7.544227 17.650063 3.556787 -2.868817
10.615524 -5.028610 7.139982 -6.968150 12.821652 -6.208214 22.440033 4.084570 -9.376929 -12.672192 -16.637173 4.994416 -12.086138 -23.895222 12.015260 6.670985 1.756423 3.908967 -9.452933 0.444640 4.680717 -4.508656 1.872434 8.507498 -17.907639 6.286812 -7.454959 17.654453 3.622164 -2.928510
10.722205 -5.165761 7.152658 -6.942620 12.674270 -6.349564 22.595867 4.235912 -9.266589 -12.724958 -16.529337 4.817651 -12.314093 -24.080549 12.014412 6.430152 1.598602 4.255489 -9.499500 0.259176 4.742033 -4.581138 1.833642 8.637873 -17.847034 6.302200 -7.436268 17.654922 3.667812 -2.988289
10.755175 -5.333343 7.187000 -6.969388 12.437179 -6.375257 22.785469 4.464317 -9.228425 -12.750547 -16.431599 4.700166 -12.464240 -24.248985 11.977117 6.292178 1.410638 4.545672 -9.517199 0.203665 4.768519 -4.700027 1.761951 8.732760 -17.806366 6.312109 -7.389832 17.676189 3.735740 -2.939552
10.750810 -5.493362 7.215671 -6.998240 12.264523 -6.409817 22.928024 4.651299 -9.167018 -12.824378 -16.352875 4.588815 -12.643910 -24.396109 11.957628 6.109859 1.243422 4.826138 -9.534534 0.099970 4.839350 -4.760170 1.747881 8.850603 -17.761492 6.350062 -7.367874 17.646996 3.789753 -2.937332
10.847514 -5.626486 7.292549 -7.018292 12.115838 -6.425499 23.075787 4.796765 -9.048192 -12.889829 -16.294844 4.480848 -12.770424 -24.531658 11.938508 5.940456 1.153512 5.053741 -9.551873 0.027711 4.888510 -4.814740 1.697960 8.963088 -17.738018 6.369918 -7.311960 17.616957 3.840344 -2.929687
10.843695 -5.812915 7.323995 -7.059669 11.921151 -6.431378 23.214487 4.962948 -9.000699 -12.974399 -16.218246 4.391536 -12.886649 -24.622000 11.944131 5.819807 1.072655 5.249062 -9.557185 -0.014550 4.910594 -4.873966 1.651094 9.017987 -17.754881 6.394382 -7.280672 17.586210 3.883430 -2.865707
10.873512 -5.978468 7.331572 -7.066481 11.787978 -6.398348 23.343487 5.067934 -8.957553 -13.054764 -16.176367 4.334227 -12.956255 -24.666035 11.932158 5.758271 1.042754 5.347344 -9.565608 -0.062561 4.942856 -4.927192 1.607877 9.111402 -17.731672 6.415870 -7.229296 17.569904 3.930563 -2.838277
10.925648 -6.099558 7.336912 -7.086632 11.699472 -6.387856 23.414970 5.146717 -8.903234 -13.125615 -16.156841 4.275524 -13.009095 -24.709274 11.929265 5.683408 1.017996 5.453588 -9.579384 -0.101355 4.974460 -4.969621 1.559709 9.197143 -17.704769 6.436691 -7.187709 17.556013 3.969591 -2.827005
11.039674 -6.162617 7.375823 -7.054521 11.662904 -6.388244 23.460808 5.183517 -8.851818 -13.173530 -16.147804 4.220399 -13.071832 -24.749401 11.932010 5.581320 1.029729 5.543631 -9.593823 -0.159836 4.982292 -4.995343 1.532573 9.238088 -17.708813 6.435721 -7.167011 17.545116 3.982851 -2.830581
11.077869 -6.192751 7.393176 -7.050974 11.639363 -6.384328 23.487465 5.229179 -8.829284 -13.194066 -16.135595 4.199881 -13.109718 -24.768028 11.930880 5.541631 1.027745 5.587837 -9.594995 -0.182401 4.990417 -5.011706 1.516233 9.256411 -17.716824 6.438949 -7.158121 17.538939 3.993624 -2.816863
11.092566 -6.214928 7.408001 -7.053075 11.624822 -6.380235 23.505417 5.239193 -8.805032 -13.212545 -16.126167 4.184126 -13.110946 -24.783865 11.934859 5.521367 1.028104 5.605416 -9.600759 -0.183794 4.987798 -5.023763 1.501313 9.263238 -17.722240 6.440292 -7.149672 17.539705 4.000371 -2.803900
