-7.824540 -20.597494 4.435867 -2.731007 21.258038 -7.131697 8.900970 16.043938 -5.860293 1.762522 -13.601173 -2.222408 -18.311649 -17.858219 14.018289 8.235193 -0.564750 -6.666307 -10.599027 1.836932 10.445385 -6.018880 -5.350744 7.866933 -11.894120 -2.967935 -17.225760 13.847309 -3.985631 3.761022
-8.054830 -20.654245 4.436066 -2.623734 21.284149 -7.130217 8.947533 16.010262 -5.958424 1.757607 -13.567728 -2.274521 -18.132196 -17.914314 14.075059 8.273089 -0.474906 -6.840026 -10.700283 1.798212 10.458184 -6.000240 -5.276831 7.780954 -11.900611 -2.933184 -17.268139 13.843195 -3.977456 3.904372
-8.570711 -20.740921 4.351705 -2.378403 21.391525 -7.134082 9.020674 16.068626 -6.242158 1.723134 -13.445563 -2.344832 -17.749266 -18.016399 14.187698 8.454151 -0.282538 -7.287277 -10.883956 1.830916 10.544483 -6.026970 -5.177214 7.626880 -11.855559 -2.816696 -17.435036 13.835312 -3.926975 4.020167
-9.347424 -20.893587 4.110898 -2.044496 21.625959 -7.046763 9.158442 16.142008 -6.763868 1.654332 -12.873157 -2.476629 -17.222864 -18.281738 14.245938 9.091846 -0.138876 -8.213516 -11.248903 1.914739 10.788347 -6.074903 -4.979764 7.392217 -11.664397 -2.514225 -17.746641 13.834595 -3.809569 4.204218
-10.917637 -21.394842 4.140792 -1.269895 21.228132 -6.608185 9.595142 16.818468 -7.721950 0.990305 -11.535788 -2.593279 -17.357492 -18.698322 13.795993 10.810840 -0.663710 -9.448827 -11.253102 1.870993 11.407769 -6.553698 -5.036284 7.352086 -10.825049 -1.604772 -18.134008 13.952774 -3.263434 3.786113
-12.607454 -22.281725 4.000093 -0.845411 20.682369 -6.038692 10.222282 17.178402 -8.485835 0.316968 -10.513613 -2.683755 -17.874891 -19.069290 13.303425 12.065422 -1.296788 -10.125901 -11.210334 1.375846 12.060759 -7.042686 -5.052090 7.255741 -10.218359 -0.837203 -18.459484 14.039729 -2.656619 3.586668
-13.315136 -22.453772 3.358787 -0.834137 20.437895 -5.661339 10.307840 17.569283 -9.058569 -0.141886 -10.100266 -2.743124 -17.409561 -19.373720 13.132408 12.572942 -1.419104 -11.326049 -11.617671 0.641517 12.407592 -7.363728 -5.258285 7.223099 -10.067317 -0.630351 -18.705816 13.940639 -2.387524 3.153425
-12.883589 -21.873999 2.347911 -1.059575 20.869293 -5.505702 9.658039 18.484282 -9.381425 -0.186642 -9.772163 -2.883260 -17.572765 -19.486179 12.685818 12.803448 -1.984633 -11.790460 -11.720863 -0.411266 12.498531 -7.540004 -5.438693 7.213629 -10.092191 -0.674667 -19.014776 13.690872 -2.394670 2.760541
-12.448640 -21.315834 1.758066 -1.256316 21.181906 -5.463578 9.136154 19.219196 -9.549855 -0.257044 -9.449431 -3.097690 -17.407043 -19.669235 12.515735 12.888779 -2.155373 -12.475540 -12.003119 -1.320410 12.589308 -7.627813 -5.573769 7.190748 -10.159353 -0.800814 -19.218779 13.513142 -2.420734 2.537754
-12.186186 -20.904230 1.578059 -1.342084 21.352482 -5.478735 8.846420 19.642071 -9.676368 -0.388118 -9.345941 -3.148141 -17.503189 -19.763996 12.368501 12.770422 -2.315297 -12.616471 -12.108405 -1.773415 12.701709 -7.811099 -5.797812 7.333477 -10.087428 -0.753729 -19.235161 13.460508 -2.282202 2.193458
-12.053493 -20.952326 1.969629 -1.429327 21.111248 -5.453510 8.784479 19.942055 -9.429854 -0.609185 -9.333630 -3.093176 -17.991680 -19.759907 12.111609 12.778069 -2.760317 -12.234002 -11.978850 -1.936829 12.630519 -7.875687 -5.999638 7.541709 -10.028969 -0.820912 -19.112801 13.468946 -2.284360 1.893833
-10.914490 -21.430590 5.407303 -2.163188 18.638943 -5.435355 8.787360 21.813801 -7.276861 -2.213745 -8.059157 -3.407766 -21.260557 -20.283953 10.529709 13.018477 -5.749351 -9.712188 -11.770591 -3.362683 11.992971 -8.720333 -7.747079 9.511532 -9.333034 -0.870600 -17.835840 13.829370 -1.873533 -0.759268
-5.639719 -19.591919 8.777978 -4.829776 16.565451 -6.780631 8.129560 24.572247 -4.173278 -3.798935 -5.523422 -3.788810 -26.213512 -21.587130 8.552734 11.306946 -8.954619 -5.741577 -12.011219 -5.519820 10.549986 -11.125746 -11.317177 12.014302 -8.893332 0.326021 -15.444600 13.851674 -0.260819 -3.316883
2.277895 -17.916220 10.518788 -9.570794 15.229356 -5.961276 6.157517 25.075798 -0.358871 -4.819145 -5.998713 -0.239145 -34.081837 -17.186882 2.772671 13.885529 -12.008257 -1.845609 -8.985031 -4.070613 4.185420 -13.922072 -16.749006 15.234094 -10.347722 3.736716 -9.447386 11.894552 0.897667 -0.410674
6.186335 -16.722197 13.749346 -13.483900 10.487746 -14.710337 10.554341 16.941608 2.362885 -5.944055 -10.607702 1.749431 -33.066521 -6.927959 3.389117 19.565687 -6.526837 -2.615489 -5.486635 1.049063 -1.117266 -13.118218 -18.890589 17.080679 -13.315469 5.922501 -4.991181 8.460389 -1.083225 7.586752
0.264175 -16.883757 11.937249 -15.744332 10.585210 -20.124975 12.609160 8.953957 1.884480 -5.451514 -11.702553 0.835100 -32.099602 -1.449410 7.146577 21.569759 1.244966 -0.807083 -2.435926 5.837029 -2.970425 -8.677946 -15.397940 17.122707 -16.969465 5.416506 -2.296253 8.085629 -2.994708 10.289831
-4.411378 -18.451559 4.774208 -15.671679 11.939828 -17.899885 13.232826 6.305445 -2.367356 -4.321040 -14.178342 0.281672 -28.227350 2.746175 11.684685 21.396223 8.666265 -5.296242 -2.496636 4.960832 -2.881253 -3.584179 -10.982090 16.676596 -19.468174 3.318944 -3.608207 7.351923 -5.768422 9.218336
-5.973718 -18.807718 -0.473056 -15.865011 13.958987 -17.118767 10.787657 4.940629 -4.309225 -4.966729 -16.251389 0.951078 -23.983669 4.469181 13.904408 21.864252 11.736186 -9.325403 -3.331327 6.055527 -2.994667 -0.677067 -8.939754 15.771609 -20.023550 2.263774 -5.639425 6.350028 -8.276462 9.601888
-7.218440 -17.727863 -2.639669 -15.354848 16.395823 -18.129259 9.555331 3.432916 -5.450438 -4.552680 -18.029787 0.740293 -20.546017 4.470186 14.398554 21.784775 12.690185 -11.464302 -4.940223 6.518646 -2.724122 0.016478 -8.005840 14.663793 -20.018900 2.018765 -6.456363 6.152816 -8.846626 10.231431
-7.826427 -16.480001 -3.289972 -15.057323 17.891823 -18.731398 9.445395 2.500978 -6.245477 -3.801281 -18.662453 0.376675 -18.159542 3.705556 14.524391 21.737194 12.358521 -12.686131 -6.311921 6.442979 -1.992549 0.504670 -6.980880 13.742928 -19.902504 1.909713 -7.196807 6.265334 -9.051175 10.547497
-7.860982 -16.273430 -3.310983 -14.932798 18.099310 -18.758986 9.492424 2.361973 -6.406052 -3.614383 -18.620277 0.255312 -17.814297 3.459509 14.542855 21.682846 12.250461 -12.845784 -6.554493 6.408034 -1.838708 0.578664 -6.830168 13.680018 -19.853607 1.914687 -7.357452 6.227431 -9.108052 10.533988
-7.769260 -15.992041 -3.229021 -14.754084 18.209423 -18.747541 9.631571 2.534120 -6.610318 -3.486254 -18.357004 0.067670 -17.710598 3.157497 14.609361 21.482880 12.150184 -12.933549 -6.761905 6.090941 -1.670587 0.536330 -6.699833 13.655406 -19.720127 1.968784 -7.492356 6.248119 -9.078185 10.510072
-7.650319 -15.586514 -3.013642 -14.305080 18.302616 -18.868757 10.040180 2.694903 -7.010313 -3.142510 -17.887234 -0.252980 -17.576225 2.661022 14.655369 21.175816 12.049034 -13.038722 -7.054587 5.723319 -1.333310 0.424055 -6.405523 13.544296 -19.412012 2.069222 -7.822471 6.369518 -8.998645 10.411406
-7.666353 -15.340453 -2.699032 -13.828127 18.213501 -19.026949 10.805497 2.733654 -7.362599 -2.636728 -17.518257 -0.600092 -17.048458 2.134290 14.600438 21.016287 11.766791 -13.295550 -7.590638 5.427132 -1.015061 0.334651 -6.012305 13.475114 -19.098557 2.147093 -8.279653 6.491243 -9.013206 10.340322
-7.800098 -14.824477 -1.842911 -12.964612 18.028542 -19.518789 11.570907 3.085639 -7.654720 -2.248964 -16.777380 -1.041048 -16.524609 1.209327 14.478541 21.007343 11.165761 -13.308475 -8.291245 5.068893 -0.665093 0.279123 -5.490735 13.446704 -18.736898 2.224514 -8.974051 6.557545 -9.143679 10.191545
-8.174763 -14.249316 -0.791547 -12.089951 17.708534 -20.252974 12.113602 3.455665 -7.976585 -2.291185 -16.202080 -1.332865 -15.918664 0.435930 14.268243 21.533659 10.041509 -13.292308 -8.831059 5.003692 -0.484783 0.214962 -5.023263 13.462640 -18.464697 2.354071 -9.717092 6.526977 -9.354657 10.137788
-8.114492 -13.787664 -0.329760 -11.486409 17.684710 -20.772448 12.388260 4.150767 -8.200261 -2.202876 -15.457346 -1.792888 -15.379945 -0.322692 14.131145 22.250051 8.993439 -13.297172 -9.195485 5.235594 -0.350551 -0.115944 -4.713352 13.619570 -18.088341 2.514677 -10.432124 6.593761 -9.494749 10.007696
-7.581356 -13.241684 0.240653 -10.787157 17.857807 -21.081060 12.561042 4.967747 -8.353012 -1.869647 -14.503096 -2.327161 -15.238736 -1.185126 13.894767 22.773998 8.070003 -13.180196 -9.487136 5.398512 -0.190180 -0.452215 -4.535875 13.714400 -17.755861 2.710559 -11.017520 6.628755 -9.563062 9.860006
-7.260782 -12.941165 0.815788 -10.488150 17.715910 -21.105364 12.792608 5.403360 -8.356706 -1.643115 -13.860464 -2.715287 -15.445647 -1.831844 13.641040 22.849203 7.513458 -12.899281 -9.622049 5.374799 -0.100249 -0.684951 -4.465096 13.832420 -17.484688 2.813227 -11.344668 6.688882 -9.571583 9.605841
-7.143978 -12.843996 1.206539 -10.349545 17.502409 -21.132206 13.002455 5.599132 -8.288224 -1.556747 -13.504151 -2.922351 -15.621089 -2.255721 13.478572 22.755514 7.149937 -12.629785 -9.726789 5.218979 -0.036468 -0.874713 -4.530263 13.875592 -17.306456 2.903948 -11.491950 6.702878 -9.511153 9.477299
-7.135571 -12.813042 1.293829 -10.309652 17.465164 -21.150782 13.052794 5.639036 -8.282434 -1.537800 -13.421435 -2.959885 -15.653617 -2.343772 13.457281 22.739380 7.093268 -12.590771 -9.746582 5.208075 -0.026463 -0.899263 -4.541291 13.892003 -17.283062 2.918869 -11.505132 6.698359 -9.503375 9.465073
-7.235932 -12.695418 1.482257 -10.175686 17.390091 -21.237083 13.243963 5.620596 -8.357906 -1.465624 -13.302307 -3.018284 -15.596678 -2.470390 13.420550 22.807632 6.948181 -12.576230 -9.802478 5.274503 0.013823 -0.887635 -4.488801 13.898423 -17.250679 2.947671 -11.573861 6.686944 -9.511707 9.447362
-7.115333 -12.529602 1.859342 -9.964968 17.241228 -21.261410 13.467270 5.711682 -8.387626 -1.331796 -13.056217 -3.127126 -15.442407 -2.747544 13.417424 22.943005 6.699518 -12.571249 -9.916535 5.428043 0.072544 -0.913278 -4.421084 13.962346 -17.124786 3.027452 -11.738120 6.663092 -9.552349 9.358584
-6.917429 -12.412097 2.292251 -9.734150 16.992970 -21.239054 13.803136 5.695651 -8.382701 -1.127383 -12.763334 -3.256503 -15.364509 -3.084064 13.327956 23.081682 6.307304 -12.528872 -10.025468 5.575188 0.113780 -0.876118 -4.321561 14.017854 -17.026154 3.083799 -11.911597 6.634626 -9.634575 9.272385
-6.542864 -12.164356 2.617242 -9.454348 16.977453 -21.238974 13.991502 5.841817 -8.330733 -0.888826 -12.536497 -3.438942 -15.056185 -3.563457 13.315020 23.132988 5.996047 -12.537423 -10.231638 5.706957 0.222015 -0.812162 -4.173297 14.142641 -16.822176 3.126428 -12.150432 6.624934 -9.750871 9.006178
-6.206605 -11.981145 2.972514 -9.294003 16.895353 -21.343176 14.165699 6.155743 -8.134948 -0.682330 -12.104035 -3.677600 -14.757113 -4.306532 13.263228 23.182692 5.309222 -12.435428 -10.493932 5.784561 0.299863 -0.827054 -4.113130 14.444449 -16.582565 3.131467 -12.361819 6.603192 -9.886519 8.547897
-5.732453 -11.744049 3.334227 -9.135764 16.913824 -21.383902 14.242817 6.313980 -8.057976 -0.508471 -11.670299 -3.992552 -14.402359 -5.124012 13.287644 23.104855 4.631166 -12.247875 -10.817512 5.831209 0.498893 -0.821447 -3.704538 14.838163 -16.180466 3.135905 -12.819369 6.638067 -10.058909 7.892981
-3.258001 -19.458900 6.920648 -6.824025 24.995506 -2.343722 9.839222 9.973772 0.745494 10.422478 -14.119672 -1.240266 -13.603456 -11.212728 21.464521 17.712259 -2.892389 -8.986991 -5.799393 9.312737 6.030730 2.654702 -3.833835 9.690225 -11.173608 0.225822 -12.209044 13.470301 -6.553430 6.429218
-1.615247 -19.145708 7.441765 -6.719882 24.890718 -2.265182 9.853750 10.441289 0.955878 10.647373 -13.743922 -1.582723 -13.380940 -11.788451 21.414417 17.869034 -4.359332 -8.171357 -5.948039 10.011804 6.262352 2.465800 -3.656854 10.225533 -10.703532 0.356686 -12.710615 13.459524 -6.609106 5.456437
-0.826555 -18.995661 7.608878 -6.588334 24.800392 -2.465322 9.614456 10.908946 1.003184 10.683651 -13.435463 -1.832129 -13.406791 -12.337394 21.333118 17.784868 -5.557943 -7.136419 -6.000356 10.555047 6.489904 2.333466 -3.547433 10.716769 -10.439757 0.441792 -12.994315 13.414045 -6.590904 4.656198
1.524347 -18.155279 7.905205 -3.939178 22.702826 -7.525943 9.468482 11.062008 -2.095439 7.251058 -12.994802 -1.612988 -14.875610 -18.917366 15.372441 11.630472 -2.882921 -5.087835 -9.532722 12.940471 8.913247 -1.517731 -2.626635 11.337404 -12.352651 -4.023897 -13.628751 14.665012 -6.358430 4.777822
1.871111 -17.897848 8.601680 -3.543595 22.308300 -7.836656 9.628500 11.796898 -2.325217 6.796195 -12.776157 -1.787049 -15.404366 -19.368538 15.393501 11.014697 -2.997378 -4.306370 -9.628544 12.841440 9.001768 -1.791381 -2.814515 11.872235 -12.405895 -4.169947 -13.649098 14.521160 -6.538021 4.619965
2.173684 -17.744711 8.901774 -3.359868 22.093296 -7.872234 10.092134 12.704657 -2.434108 6.893271 -12.559232 -2.021495 -15.725942 -19.766975 15.465037 10.464072 -3.043921 -3.735197 -9.680285 12.478735 9.116499 -1.956016 -3.096275 12.222701 -12.222406 -4.068058 -13.483505 14.437763 -6.382385 4.120881
2.474598 -17.770840 8.924335 -3.375741 21.764328 -8.042653 10.687757 13.452662 -2.399606 7.151024 -12.301146 -2.248387 -15.819912 -20.221188 15.667969 9.873471 -3.275259 -3.239751 -9.833359 12.074617 9.232258 -2.162391 -3.243655 12.564786 -12.069331 -3.942422 -13.352384 14.391527 -6.220216 3.674999
2.578992 -17.979734 8.968186 -3.313605 21.363914 -8.125897 11.245714 14.180048 -2.391793 7.174067 -12.074799 -2.510119 -15.980604 -20.800991 15.735497 9.402952 -3.905249 -2.539433 -10.016376 11.817568 9.299951 -2.472826 -3.423512 12.915590 -11.924506 -3.786414 -13.102860 14.458575 -5.946462 3.438114
2.552565 -18.389849 8.920702 -3.259758 20.942039 -8.354510 11.698540 14.732120 -2.372650 7.084082 -11.747790 -2.810801 -16.477467 -21.343700 15.638261 8.996786 -4.376378 -1.824397 -10.102024 11.534307 9.409519 -2.664689 -3.506986 13.203067 -11.823239 -3.660915 -12.940036 14.463899 -5.741958 3.252217
2.439415 -18.721407 8.912534 -3.418153 20.540956 -8.410545 11.946400 15.256947 -2.357316 6.972664 -11.473751 -3.042262 -16.887726 -21.799194 15.533883 8.704088 -4.860530 -1.203678 -10.134257 11.433064 9.498495 -2.873638 -3.577922 13.388867 -11.789992 -3.529706 -12.819358 14.454579 -5.536417 3.248111
2.396677 -19.039480 8.882124 -3.601876 20.222603 -8.401108 12.084707 15.659561 -2.328806 6.876222 -11.320124 -3.203131 -17.171814 -22.070988 15.511810 8.435846 -5.179089 -0.750817 -10.156638 11.311768 9.563724 -2.999118 -3.648739 13.536891 -11.827270 -3.423529 -12.688212 14.399363 -5.376103 3.270416
2.376354 -19.285421 8.833778 -3.693663 20.043388 -8.399431 12.142120 15.908607 -2.350506 6.790243 -11.247326 -3.323003 -17.315598 -22.208860 15.464555 8.297255 -5.255807 -0.515802 -10.169367 11.229897 9.619931 -3.104377 -3.718442 13.695130 -11.819478 -3.327924 -12.553215 14.375662 -5.230142 3.268915
2.452106 -19.368616 8.823655 -3.704504 19.989250 -8.400700 12.168591 16.023567 -2.346488 6.777568 -11.245447 -3.408278 -17.408358 -22.322350 15.395558 8.173530 -5.269643 -0.351967 -10.182961 11.156842 9.635237 -3.146501 -3.750036 13.749351 -11.843604 -3.309480 -12.513368 14.361169 -5.188249 3.263927
