-0.129270 -14.416907 3.980461 -6.581927 32.822990 0.622826 -16.988888 7.905367 5.122665 -19.165731 -28.401030 -3.746390 -14.284713 -12.622202 -17.895510 9.492279 5.701884 21.998074 -14.991953 5.416177 10.573057 12.324830 -24.416039 -2.336002 -9.450881 1.579229 -10.332576 6.107954 -0.045668 4.093726
-0.452496 -14.533972 3.988595 -6.770889 32.723598 0.707037 -16.859001 7.963411 5.187405 -19.249283 -28.203663 -3.699058 -14.421117 -12.736676 -18.019978 9.631300 5.492957 21.970600 -15.036248 5.188325 10.513834 12.220050 -24.341665 -2.344428 -9.402872 1.660371 -10.312499 6.228209 0.051328 4.234167
-0.683375 -14.700340 3.871047 -6.987384 32.695076 0.791380 -16.795536 8.044548 5.225923 -19.301563 -27.884895 -3.639680 -14.597311 -12.825295 -17.968313 9.763046 5.199842 21.892303 -15.128737 4.887163 10.386603 12.004708 -24.345160 -2.406754 -9.384505 1.725533 -10.287092 6.399267 0.185474 4.391956
-1.104405 -14.967663 3.719563 -7.338854 32.533813 0.887058 -16.632999 8.383202 5.272324 -19.425264 -27.350847 -3.561294 -15.006742 -12.953239 -17.855690 9.930580 4.652821 21.920225 -15.165563 4.472525 10.239973 11.804100 -24.312689 -2.426698 -9.261401 1.842299 -10.273338 6.644047 0.365814 4.620318
-1.643399 -15.354153 3.392571 -7.755229 32.242210 0.872169 -16.379841 8.859495 5.222690 -19.496807 -26.595562 -3.611294 -15.284690 -13.130595 -17.311329 10.033287 4.190776 22.015373 -15.231102 4.098244 9.988986 11.487581 -24.343023 -2.403488 -9.330015 1.874297 -10.257350 6.874005 0.485497 4.908287
-2.291454 -15.706472 3.014224 -8.263763 31.995312 0.818205 -16.153179 9.364730 5.257588 -19.517193 -25.909267 -3.528279 -15.550782 -13.260526 -16.737350 10.118069 3.724299 22.108330 -15.260455 3.725440 9.629743 11.038983 -24.467524 -2.382514 -9.352466 1.907908 -10.332377 7.202142 0.678322 5.129683
-3.136169 -15.893412 2.668359 -8.796154 31.721312 0.661031 -15.691986 9.764435 5.261815 -19.340963 -25.324570 -3.359137 -15.825812 -13.233420 -16.086796 10.133100 3.514272 22.040483 -15.282960 3.045102 9.420229 10.502155 -24.384043 -2.232991 -9.249038 2.111069 -10.430171 7.472978 0.923123 5.257707
-3.981060 -16.187336 2.075544 -9.373158 31.464392 0.482508 -15.191894 10.248191 5.188294 -19.163538 -24.682276 -3.283983 -16.015446 -13.328221 -15.478374 10.068569 3.234325 22.126801 -15.363187 2.594045 9.159658 9.972786 -24.201427 -2.105185 -9.360397 2.142087 -10.547212 7.785154 1.124810 5.443974
-4.840005 -16.478079 1.557426 -9.905088 31.213348 0.428761 -14.782429 10.575438 5.168984 -19.109514 -23.933622 -3.102588 -16.423359 -13.465535 -14.967645 9.949432 2.866968 22.366119 -15.420267 2.035985 9.027161 9.421904 -24.044746 -2.045264 -9.213223 2.230066 -10.591662 8.219820 1.438184 5.734040
-5.475616 -16.816288 0.892427 -10.427328 30.940407 0.401710 -14.406511 10.949632 5.120076 -19.083662 -23.468990 -2.889637 -16.819439 -13.622173 -14.735923 10.045224 2.284715 22.399250 -15.406487 1.491083 8.791017 8.812555 -24.080074 -2.135627 -9.067445 2.231853 -10.796965 8.605312 1.676250 5.761662
-6.118647 -17.189465 0.346180 -10.889915 30.623070 0.431887 -14.065749 11.349966 5.087844 -19.078600 -22.882633 -2.594949 -17.114248 -13.719677 -14.561650 10.046235 1.670215 22.256767 -15.461911 0.824335 8.478998 8.181115 -23.943447 -2.201802 -8.999141 2.303639 -10.964473 8.990335 1.903003 6.216904
-6.703998 -17.408216 -0.149960 -11.315870 30.417027 0.360484 -13.767561 11.669695 5.012414 -18.889273 -22.321945 -2.334962 -17.392193 -13.804145 -14.224277 9.967694 1.088776 22.258358 -15.515685 0.259361 8.174720 7.609223 -23.805765 -2.203036 -8.895501 2.396057 -11.003640 9.414506 2.146938 6.587905
-7.294334 -17.576406 -0.590906 -11.670531 30.260765 0.384450 -13.453201 11.958200 4.913279 -18.686769 -21.872751 -2.135515 -17.628681 -13.916921 -13.942813 9.862129 0.802548 22.118612 -15.541862 -0.410375 7.950892 7.181565 -23.656393 -2.129528 -8.778543 2.371478 -11.098548 9.742303 2.256627 6.705759
-7.677914 -17.697996 -1.060105 -11.994680 30.132307 0.433859 -13.159983 12.276803 4.790672 -18.531952 -21.511221 -1.915006 -17.754581 -14.016912 -13.746562 9.706268 0.650536 21.998835 -15.619525 -0.848059 7.834993 6.825475 -23.585165 -2.069724 -8.735019 2.418852 -11.124344 9.888510 2.403452 6.799972
-7.953317 -17.768076 -1.520571 -12.175163 30.075090 0.424416 -12.891042 12.494718 4.651786 -18.353201 -21.217770 -1.826723 -17.803461 -14.136733 -13.548430 9.609776 0.609080 21.837381 -15.642484 -1.106465 7.719169 6.502097 -23.475035 -2.112822 -8.676419 2.424425 -11.257817 10.009444 2.449270 6.849025
-8.275177 -17.780050 -1.926679 -12.356976 30.040102 0.349496 -12.655622 12.567177 4.532715 -18.177654 -20.966005 -1.738091 -17.876875 -14.262797 -13.332055 9.468487 0.538573 21.678841 -15.705367 -1.336574 7.598011 6.263061 -23.321070 -2.093992 -8.611548 2.416499 -11.266183 10.170191 2.541494 7.038611
-8.483689 -17.816204 -2.281601 -12.473339 29.995289 0.290381 -12.404968 12.624766 4.445051 -18.055717 -20.670185 -1.572595 -17.985182 -14.353642 -13.081723 9.327488 0.460652 21.493298 -15.773882 -1.551259 7.511266 6.088026 -23.082306 -1.913487 -8.509786 2.482197 -11.251763 10.257200 2.632584 7.151754
-8.609391 -17.799452 -2.452526 -12.580581 29.954985 0.294886 -12.258953 12.697952 4.395011 -18.000063 -20.434177 -1.458518 -18.064922 -14.367236 -12.863665 9.229734 0.412960 21.378754 -15.836354 -1.750189 7.465913 6.057126 -22.917006 -1.763764 -8.460710 2.528064 -11.266179 10.302193 2.671221 7.171077
-8.708281 -17.798784 -2.539789 -12.594669 29.930370 0.259127 -12.104838 12.718033 4.345819 -17.892778 -20.283825 -1.393156 -18.120743 -14.412993 -12.741273 9.155102 0.448655 21.253166 -15.860382 -1.872133 7.439297 6.066013 -22.810816 -1.678227 -8.445208 2.537005 -11.302270 10.283961 2.661962 7.137980
-8.744721 -17.789236 -2.566243 -12.590738 29.918079 0.246980 -12.052500 12.735716 4.326307 -17.859827 -20.226643 -1.362887 -18.144382 -14.456822 -12.717339 9.135057 0.393231 21.222902 -15.861903 -1.914687 7.461813 6.053267 -22.777578 -1.659837 -8.426618 2.522232 -11.286644 10.310925 2.666578 7.149075
-8.435626 -17.960218 -2.345032 -12.350896 29.936605 0.257243 -12.186949 12.634947 4.338762 -18.002478 -20.411581 -1.553207 -18.035316 -14.335359 -12.984262 9.150712 0.684049 21.307064 -15.921958 -1.587243 7.399795 6.169004 -22.952810 -1.669529 -8.494659 2.450809 -11.177173 10.267518 2.575703 7.042503
-7.639227 -18.051617 -1.300146 -11.591433 29.934877 0.050039 -12.514979 12.454615 4.395786 -18.243269 -20.817566 -1.790751 -17.768692 -13.939891 -13.216768 9.213562 1.185213 21.599323 -15.936399 -0.798284 7.495382 6.585149 -23.377920 -1.648220 -8.751430 2.474656 -11.134396 9.809926 2.414254 6.693739
-6.303639 -17.602192 0.505565 -10.336075 29.990292 -0.551630 -12.904008 11.671424 4.607478 -18.230701 -21.658621 -2.473341 -17.144276 -13.499686 -13.820435 9.031246 2.721047 21.835226 -16.092619 0.734590 7.619203 7.568014 -23.332476 -1.958792 -9.339395 2.135149 -11.182100 9.166077 1.878895 6.496842
-4.256009 -16.591696 1.582873 -8.730667 30.572292 -1.422067 -13.438831 10.638344 4.599788 -17.628046 -22.939411 -2.075905 -16.519279 -12.555282 -13.660554 8.024004 3.905124 22.144392 -16.188673 2.022149 7.834544 8.965850 -23.125601 -2.068620 -10.174157 1.535125 -11.571386 7.998540 0.798299 5.464989
-1.683941 -15.989212 1.073274 -7.233287 31.044884 -2.037322 -13.587702 9.322897 3.999482 -16.545300 -23.688551 -0.246554 -16.239235 -11.138736 -11.568654 6.348113 3.995868 22.001875 -16.182003 3.309801 7.987815 10.226348 -22.539015 -1.873354 -10.892661 0.562751 -11.898412 6.960326 -0.441083 3.958701
1.353281 -15.050108 -1.200944 -4.894176 32.516266 -2.882858 -13.377426 9.582485 2.080208 -15.289666 -25.776085 1.054703 -15.455570 -8.761727 -8.611049 5.008198 4.246162 21.210583 -15.825282 5.392270 8.034873 11.331176 -22.248041 -1.400162 -11.691581 -0.637097 -12.513286 5.902206 -1.879040 1.817468
2.962862 -12.474926 -1.946196 -3.380900 34.516708 -5.350918 -12.464849 10.567413 1.161756 -13.229124 -27.181158 1.019168 -14.552290 -7.275434 -5.331659 2.678472 6.350117 21.147617 -15.914474 7.316656 7.742259 12.899452 -21.280226 -0.187776 -12.433696 -2.172278 -13.049001 5.260648 -3.728900 -0.604685
3.348667 -10.805823 -2.885365 -3.354244 36.892166 -7.190085 -11.147640 9.376089 1.345065 -9.673534 -28.604462 0.223754 -12.347919 -6.211319 -1.576998 0.153538 11.150189 20.543186 -16.360231 7.305455 7.776246 13.625953 -19.280746 1.026910 -13.161799 -3.811750 -13.562410 5.184843 -5.363289 -1.593272
3.532102 -9.390952 -4.476434 -3.555737 38.593498 -7.932038 -8.163893 7.283479 0.415233 -5.593163 -30.277142 -0.126680 -9.137656 -5.757719 0.461864 -1.916312 16.518494 17.837238 -17.579184 5.224128 8.697022 14.594794 -16.587523 2.688860 -14.476060 -4.481620 -13.596232 4.079510 -6.360829 -1.320203
3.287127 -8.519966 -4.778066 -3.131173 38.933640 -8.425728 -4.676049 5.584436 -0.528004 -1.532180 -29.770504 -1.236716 -6.036778 -5.236562 3.049105 -1.790439 20.545809 12.388103 -18.886782 5.554705 8.774575 15.459687 -13.886188 5.232257 -15.824520 -4.647288 -13.479280 2.978619 -7.409851 -0.906471
2.850647 -8.792879 -5.924543 -3.413996 38.610786 -8.493924 -0.360852 3.632838 -1.681286 3.187496 -26.980339 -1.179257 -3.704044 -5.664747 6.103709 1.223612 17.306684 8.033923 -20.431835 7.224068 8.989497 15.986731 -9.983185 7.845967 -16.724178 -4.186183 -13.900741 2.024307 -8.143367 0.444643
2.660826 -10.540785 -7.998431 -2.742724 37.394821 -8.647828 3.675395 2.785450 -3.796883 7.331484 -21.720306 -2.607967 -3.422724 -6.187568 10.244790 4.318286 13.957057 6.195508 -20.548828 10.675604 9.863507 15.857501 -5.794657 11.211634 -17.359486 -3.066436 -14.069417 1.227650 -8.518569 1.360990
2.603719 -13.280472 -8.113418 -0.785924 35.395546 -8.518052 8.655014 1.662646 -5.699001 10.616169 -19.328955 -2.704656 -2.855978 -6.001160 13.115733 6.200823 12.645213 3.697019 -21.091330 10.514608 10.530630 15.400120 -2.260480 13.191895 -17.572365 -2.818451 -14.253497 2.075240 -8.563308 2.794614
3.197617 -16.067776 -6.307952 0.968291 32.682922 -7.652455 14.310087 0.452681 -5.629677 12.463539 -18.443295 -3.354082 -0.800072 -6.450765 13.933514 7.723476 10.356476 1.912359 -22.416740 6.751760 11.216844 14.453067 -0.020175 14.088992 -16.613560 -2.614756 -14.708167 4.209245 -7.944065 4.152850
4.118997 -17.937458 -4.107276 1.573075 30.282091 -6.024802 17.507267 0.426480 -5.024358 12.979562 -16.933159 -4.348780 -0.586982 -7.245290 13.886775 7.877615 10.409805 1.062413 -23.031069 4.637736 11.291389 13.535415 1.120318 14.314669 -15.427482 -2.583247 -15.028552 6.454498 -7.488863 4.899144
5.550361 -19.534439 -1.443874 2.535658 27.930689 -5.149352 18.707582 0.704825 -4.395093 12.218576 -15.173452 -5.798579 -1.865040 -9.136992 12.170850 8.205656 9.524634 1.756211 -23.401155 3.456181 11.348140 12.566384 1.628396 14.555455 -14.249919 -2.463022 -15.276942 7.835236 -7.275818 4.796462
5.909112 -20.199942 1.432720 2.768632 26.178349 -5.003588 19.315681 1.542979 -3.562991 11.299593 -14.267103 -6.374305 -2.870237 -10.141879 10.946774 8.674310 7.733913 2.232064 -23.674263 3.214671 11.019041 11.522567 1.558836 14.728728 -13.159817 -2.333915 -15.328537 8.880535 -7.126491 4.416451
6.317844 -20.109282 4.211742 3.096237 25.227015 -4.790575 19.503571 2.419114 -2.757866 10.576794 -13.736370 -6.133924 -3.999476 -10.431613 10.416101 8.988567 6.169815 2.563234 -23.728689 3.104468 10.876247 10.695996 1.280726 15.034326 -12.138601 -2.125096 -15.262285 9.516121 -7.022344 3.784082
6.824066 -20.280367 5.917834 3.300038 24.421965 -4.673731 19.954063 3.041990 -2.245132 10.225035 -13.475761 -6.100551 -4.682962 -10.477308 10.163491 8.840763 5.566250 2.835330 -23.694773 2.751868 10.639389 10.149503 1.146533 15.104398 -11.606481 -2.033751 -15.197083 10.056429 -6.930595 3.681973
6.917636 -20.446724 6.273487 3.258844 24.145985 -4.714631 20.188309 3.305688 -2.067010 10.128971 -13.316159 -5.976521 -5.079407 -10.519931 10.036034 8.969570 5.194509 2.976563 -23.615828 2.805230 10.572980 9.937264 1.111924 15.117221 -11.486753 -1.998248 -15.206820 10.199705 -6.882553 3.683586
6.955589 -20.448923 6.369343 3.270291 24.087311 -4.737317 20.251562 3.369079 -2.028427 10.124517 -13.306331 -5.955568 -5.159449 -10.533700 9.986165 8.984186 5.123840 3.017602 -23.608166 2.791955 10.572849 9.902710 1.099245 15.136677 -11.452981 -1.986955 -15.222386 10.214741 -6.874821 3.644211
6.980921 -20.456732 6.513147 3.249410 23.995609 -4.823063 20.345369 3.512038 -1.924445 10.108299 -13.196651 -5.926672 -5.310759 -10.621760 9.927614 9.057318 4.839248 3.184644 -23.582083 2.924868 10.546097 9.817367 1.032989 15.137519 -11.403075 -1.970061 -15.218169 10.253217 -6.841205 3.599836
7.109346 -20.486288 6.694558 3.220845 23.871931 -4.904278 20.472542 3.733313 -1.775254 10.120619 -13.053064 -5.841482 -5.600508 -10.680063 9.727276 9.215023 4.499928 3.362426 -23.497629 3.074816 10.534716 9.655336 0.962444 15.155111 -11.319632 -1.916208 -15.243152 10.292634 -6.776456 3.521009
7.295819 -20.516296 6.938543 3.157667 23.708084 -5.007582 20.594740 4.021650 -1.580474 10.118692 -13.018894 -5.807245 -5.836525 -10.847604 9.381455 9.381600 3.818051 3.938361 -23.401287 3.342319 10.544066 9.427136 0.899370 15.220954 -11.165049 -1.820679 -15.323494 10.336123 -6.700028 3.370733
7.555924 -20.445902 7.310176 3.247509 23.564291 -5.075584 20.675234 4.425685 -1.450583 10.061937 -12.890716 -5.862730 -6.125720 -11.076219 9.084786 9.520209 2.967806 4.714311 -23.264126 3.796776 10.505194 9.155623 0.780673 15.265346 -10.975880 -1.723866 -15.377875 10.445352 -6.602660 3.264298
7.838081 -20.461052 7.650550 3.265787 23.368044 -5.092736 20.769043 4.885757 -1.292767 10.001606 -12.608457 -5.860800 -6.613070 -11.285338 8.640246 9.883283 1.964626 5.537383 -22.954435 4.590570 10.500481 8.861483 0.692979 15.406816 -10.803310 -1.594420 -15.421324 10.504045 -6.472691 3.108222
8.035300 -20.539818 7.845205 3.206643 23.139240 -5.116774 20.842712 5.368528 -1.177541 9.940660 -12.339828 -5.762542 -7.111032 -11.485582 8.123978 10.399502 1.023373 6.055693 -22.660131 5.491447 10.467783 8.508811 0.491556 15.569489 -10.623688 -1.427141 -15.431330 10.588978 -6.262107 2.917533
8.304248 -20.642221 7.929873 3.081556 22.894981 -5.146232 20.865673 5.874137 -1.039485 9.836955 -11.868128 -5.727264 -7.649604 -11.682231 8.072295 10.581674 0.335195 6.657369 -22.434788 6.236047 10.487359 8.222528 0.287566 15.725595 -10.521878 -1.275497 -15.444698 10.559706 -6.080343 2.698823
8.461802 -20.684992 7.990504 3.035901 22.633587 -5.233592 20.968475 6.512764 -0.992207 9.707184 -11.290375 -5.547718 -8.544515 -12.042699 7.772188 10.859890 -0.101948 7.204894 -22.168814 6.831981 10.501129 7.927114 0.138786 15.853856 -10.430061 -1.124805 -15.397893 10.542544 -5.884358 2.615715
8.405201 -20.740263 8.060100 2.868501 22.317667 -5.377018 21.106951 7.208341 -0.916322 9.478726 -10.952139 -5.332686 -9.430059 -12.071471 7.487344 11.029112 -0.576296 7.722781 -21.927725 6.940692 10.525328 7.560660 -0.125083 16.013126 -10.324997 -0.939314 -15.371299 10.455574 -5.645698 2.450482
8.136139 -20.886683 8.130281 2.731638 21.872314 -5.556808 21.275539 8.047669 -0.862425 9.099546 -10.547603 -5.243039 -10.428437 -12.123152 7.323791 10.827787 -0.380282 7.840170 -21.815817 6.304435 10.457906 7.126224 -0.507736 16.150911 -10.251517 -0.763147 -15.237552 10.459316 -5.351402 2.322784
8.000969 -21.177954 8.419995 2.755893 21.289921 -5.702727 21.762650 8.772265 -0.754970 8.858215 -10.285104 -5.183613 -11.315070 -12.000440 7.175243 10.368273 -0.021874 7.847510 -21.775331 5.216672 10.449817 6.695587 -0.803322 16.295290 -10.155545 -0.570905 -15.129114 10.411615 -5.085380 2.233413
7.686901 -21.425617 8.523107 2.805893 20.879330 -5.918864 22.060329 9.340261 -0.763112 8.655150 -10.238960 -5.150827 -12.075993 -11.738618 7.083912 9.904776 0.361502 7.765493 -21.741434 4.209134 10.408321 6.233207 -1.142382 16.476112 -10.135572 -0.371246 -14.870233 10.452271 -4.756613 2.242075
7.421812 -21.758064 8.510859 2.624044 20.494696 -5.993781 22.312504 9.782896 -0.710212 8.503820 -10.218439 -5.153588 -12.806074 -11.719799 6.936409 9.500049 0.351074 7.962237 -21.756132 3.505256 10.337853 5.885415 -1.416638 16.572348 -10.168886 -0.251755 -14.640847 10.537900 -4.486525 2.326997
7.271985 -22.087931 8.390613 2.306514 20.176424 -5.980035 22.451263 10.025266 -0.597216 8.360422 -9.962749 -5.117845 -13.733183 -11.680583 6.778847 9.170021 0.305291 8.205630 -21.648178 2.927170 10.309527 5.637042 -1.627805 16.721905 -10.166188 -0.127390 -14.410070 10.597046 -4.237550 2.359549
7.020534 -22.314695 8.097614 1.921354 19.948393 -5.955159 22.354650 10.131506 -0.493840 8.222988 -9.753142 -5.098722 -14.468038 -11.653689 6.678127 8.917492 0.275371 8.428097 -21.549173 2.538066 10.218301 5.504623 -1.804086 16.720884 -10.288797 -0.108003 -14.196637 10.659784 -4.084789 2.522752
6.781824 -22.532354 7.704873 1.562409 19.764191 -5.927620 22.148903 10.116459 -0.434402 8.099718 -9.732403 -5.019400 -14.904324 -11.507596 6.555858 8.782493 0.343389 8.457972 -21.450754 2.209865 10.168509 5.390797 -1.905907 16.735399 -10.364552 -0.073167 -14.006215 10.699797 -3.934546 2.651007
6.646685 -22.683561 7.439000 1.294531 19.638149 -5.906138 22.003479 10.119872 -0.394881 8.027470 -9.801389 -4.973682 -15.180934 -11.487672 6.406196 8.737589 0.425197 8.534899 -21.411623 2.046067 10.146237 5.367884 -1.942575 16.795141 -10.429273 -0.043895 -13.842586 10.685680 -3.824637 2.744016
6.598991 -22.794703 7.255569 1.121714 19.565620 -5.880358 21.912752 10.122041 -0.363973 7.998676 -9.911802 -4.894028 -15.394656 -11.325496 6.352361 8.637269 0.578246 8.512025 -21.359608 1.799219 10.124377 5.354164 -1.995939 16.807013 -10.500142 -0.043167 -13.739914 10.649422 -3.762208 2.799293
6.581259 -22.834635 7.199575 1.063154 19.536102 -5.867488 21.881308 10.121945 -0.346996 7.982006 -9.949587 -4.869519 -15.451804 -11.291095 6.324845 8.622977 0.624211 8.502826 -21.346432 1.730347 10.109856 5.348306 -2.007607 16.800978 -10.530227 -0.048371 -13.704612 10.650669 -3.744608 2.839907
6.580031 -22.813450 7.211980 1.084881 19.554426 -5.873270 21.892082 10.120401 -0.361757 7.990938 -9.942402 -4.872054 -15.425828 -11.300020 6.333381 8.640904 0.603626 8.501824 -21.350922 1.754846 10.117573 5.351840 -1.996799 16.803957 -10.516069 -0.045342 -13.726828 10.649302 -3.755245 2.822030
6.589264 -22.783863 7.275442 1.132968 19.568542 -5.883247 21.920448 10.119152 -0.365347 7.994100 -9.904106 -4.896362 -15.369569 -11.339177 6.354263 8.665353 0.579353 8.502234 -21.359560 1.826757 10.124977 5.354316 -1.991992 16.805998 -10.494845 -0.042784 -13.742681 10.651901 -3.763748 2.800997
6.594441 -22.711031 7.369696 1.216284 19.615765 -5.897919 21.960754 10.111900 -0.385072 8.014125 -9.859076 -4.928846 -15.236945 -11.424828 6.373808 8.756165 0.471310 8.512318 -21.385349 1.983894 10.136230 5.371172 -1.948565 16.780123 -10.450663 -0.053001 -13.823121 10.670134 -3.815951 2.767505
6.615335 -22.617374 7.473871 1.324405 19.688446 -5.926336 22.001387 10.104163 -0.406114 8.033473 -9.818888 -4.944858 -15.118667 -11.440845 6.441664 8.769554 0.456391 8.458991 -21.403669 2.050076 10.146257 5.399745 -1.901228 16.735939 -10.408740 -0.073247 -13.922954 10.686532 -3.883573 2.736146
6.656754 -22.492342 7.607843 1.462049 19.788628 -5.954302 22.047842 10.080364 -0.431906 8.078840 -9.806616 -4.931436 -14.872916 -11.353032 6.560021 8.854637 0.428363 8.302414 -21.411680 2.132375 10.154129 5.408588 -1.870622 16.696243 -10.368372 -0.090229 -14.016168 10.700842 -3.944925 2.697149
6.713868 -22.371082 7.795946 1.635839 19.895929 -5.968049 22.147652 10.063227 -0.469463 8.136203 -9.816645 -4.925837 -14.680169 -11.343400 6.630713 8.945511 0.387606 8.229529 -21.429213 2.276486 10.168367 5.458045 -1.812401 16.664679 -10.313432 -0.119055 -14.132700 10.713761 -4.042069 2.645443
6.823674 -22.233265 7.979535 1.848006 20.024384 -5.978844 22.199776 10.012390 -0.518299 8.192947 -9.864325 -4.909575 -14.335509 -11.289505 6.750652 9.125835 0.393762 8.058692 -21.452745 2.521803 10.189432 5.507742 -1.777289 16.616144 -10.275719 -0.148887 -14.260122 10.687278 -4.132871 2.568292
6.889191 -22.085226 8.104772 2.051241 20.186731 -5.977491 22.189175 9.885053 -0.589703 8.258062 -9.931470 -4.920547 -13.908467 -11.241620 6.851900 9.311028 0.414143 7.845718 -21.489462 2.773990 10.226766 5.606660 -1.675767 16.552710 -10.220162 -0.184589 -14.423610 10.656122 -4.249863 2.490313
6.954881 -21.961760 8.218330 2.271848 20.357641 -5.928898 22.155972 9.696728 -0.659756 8.323977 -10.084720 -4.963554 -13.370274 -11.268211 6.884242 9.531034 0.440905 7.676423 -21.550940 3.134270 10.269143 5.760002 -1.499882 16.488165 -10.157959 -0.247273 -14.613255 10.633890 -4.420022 2.430572
7.032428 -21.831779 8.318830 2.447942 20.555340 -5.844877 22.091671 9.475610 -0.720411 8.410152 -10.296017 -4.891129 -12.850036 -11.119401 6.998606 9.755470 0.608953 7.370432 -21.555031 3.378806 10.293880 5.913365 -1.329908 16.395237 -10.110656 -0.321354 -14.819036 10.628813 -4.596654 2.414232
7.208955 -21.782042 8.356892 2.473875 20.749378 -5.699588 21.991098 9.055568 -0.671935 8.512369 -10.498128 -4.797929 -12.437673 -11.002702 7.072205 10.047182 0.724033 7.126899 -21.554253 3.630995 10.322556 6.123991 -1.125430 16.282518 -10.094332 -0.402760 -15.014428 10.598719 -4.792215 2.428955
7.538696 -21.745491 8.313428 2.374745 20.942822 -5.598785 21.907619 8.626556 -0.586337 8.671215 -10.664094 -4.762871 -11.922338 -10.923617 7.193498 10.401541 0.845122 6.916954 -21.558825 4.050918 10.354377 6.370872 -0.914611 16.179399 -10.102176 -0.497167 -15.180780 10.546543 -4.971172 2.440204
7.919468 -21.678247 8.172515 2.227502 21.231277 -5.454490 21.697289 8.046041 -0.484694 8.848579 -10.778272 -4.766812 -11.339215 -11.023211 7.280728 10.725839 0.784998 6.855913 -21.585707 4.616169 10.405046 6.703175 -0.608913 16.122608 -10.124709 -0.596089 -15.297073 10.514593 -5.163822 2.507802
8.243050 -21.576180 7.992895 2.079912 21.615837 -5.343360 21.444117 7.466741 -0.381478 9.031588 -10.990856 -4.642193 -10.906161 -10.933299 7.346766 11.157566 0.564260 6.708913 -21.539885 5.124365 10.422919 7.011794 -0.326677 16.006025 -10.174829 -0.733916 -15.415150 10.513237 -5.374195 2.661175
9.915596 -22.155039 6.228431 -0.067069 25.958775 -1.069665 12.326393 8.690045 5.336964 4.275958 -11.031004 -0.651871 -9.508248 -18.136562 3.409383 4.931151 4.992967 9.066386 -22.797379 4.354928 5.989833 12.529841 -3.276519 13.725117 -8.317172 2.958213 -16.500305 8.557887 -5.013082 -0.515730
10.040477 -22.122419 5.809418 -0.484956 26.294878 -1.099846 12.077084 8.039562 5.557977 4.564003 -11.278436 -0.590501 -8.802209 -18.211243 3.490177 5.244806 4.912664 8.858367 -22.871931 4.847539 6.008253 12.891812 -3.054077 13.613257 -8.549950 2.832420 -16.515654 8.327583 -5.235436 -0.389913
9.783548 -21.985561 5.308681 -0.858296 26.712536 -1.206572 11.801455 7.390024 5.658219 4.809741 -11.501194 -0.519425 -8.278487 -18.186329 3.522220 5.444499 4.944543 8.442472 -22.966776 4.967359 6.051443 13.231318 -2.875350 13.507531 -8.812757 2.676140 -16.528612 8.096455 -5.469500 -0.293357
9.603800 -21.964842 4.817331 -1.176198 27.066143 -1.290394 11.609303 6.671613 5.750485 4.994487 -11.662536 -0.500934 -7.822501 -18.082710 3.645072 5.571899 5.053204 7.911830 -23.104933 4.850441 6.003624 13.592786 -2.754145 13.270261 -9.132935 2.475357 -16.470549 7.922077 -5.715664 -0.047478
9.304798 -21.982960 4.279809 -1.477296 27.307529 -1.311713 11.412438 6.054206 5.671040 5.171492 -11.800467 -0.551475 -7.330684 -17.935606 3.981901 5.457732 5.710327 7.003856 -23.351728 4.393842 5.914116 13.886190 -2.675268 13.016397 -9.390079 2.279120 -16.394424 7.905491 -5.904344 0.276774
7.930749 -20.073137 5.792623 -0.669982 26.954767 -1.398758 12.480986 4.997339 4.557671 3.083010 -13.343714 -0.825533 -5.425720 -12.438359 8.414094 8.348454 5.650621 6.693121 -22.499823 0.498690 8.191134 15.950381 -3.316242 11.740271 -8.368913 -0.042933 -15.943183 9.095555 -5.458357 1.083179
7.214108 -19.209957 5.912908 -0.756293 26.771862 -1.883410 12.699400 4.082654 3.711539 2.387651 -13.600443 -1.404626 -4.916173 -11.365640 9.559844 8.369754 7.134020 5.787563 -22.410027 -0.491146 8.681332 16.225935 -3.428460 11.215848 -8.481242 -0.920528 -15.509636 9.544991 -5.325182 1.794873
6.633623 -19.396597 5.191838 -0.700274 26.905504 -1.876046 12.663486 3.383341 3.231002 1.875326 -13.875310 -1.141252 -4.837945 -10.788999 9.792654 8.290961 8.495834 4.476501 -22.435112 -1.400441 8.694843 16.920347 -3.311306 11.070467 -8.884198 -1.269135 -15.421893 9.250971 -5.768538 2.466599
6.045087 -19.528650 4.621457 -0.685388 27.290218 -1.642404 12.219773 2.862221 2.896956 1.820791 -14.071229 -1.013201 -4.652211 -10.236884 10.097419 8.272071 9.873988 3.344662 -22.461813 -1.818953 8.525391 17.191652 -3.217798 10.952466 -9.335822 -1.572557 -15.222307 9.246990 -5.961751 2.860497
5.685687 -19.787363 3.830103 -0.782956 27.578762 -1.187316 11.867267 2.402518 2.508783 1.565756 -14.503666 -0.809643 -4.543589 -9.728824 10.173005 8.313867 10.739886 2.855315 -22.287344 -1.816119 8.402782 17.453493 -3.090169 10.831196 -9.746638 -1.790475 -14.972316 9.246483 -6.097692 3.372921
5.399527 -19.953159 2.960648 -0.542016 28.005625 -0.889686 11.530327 1.918954 1.953370 1.487347 -14.946101 -0.605490 -4.331103 -9.261920 10.291690 8.383980 11.695497 2.280889 -22.104395 -1.824783 8.337497 17.741579 -2.942441 10.730317 -10.160181 -2.048855 -14.785616 9.215526 -6.255753 3.778289
5.044568 -20.223982 2.195374 -0.491843 28.252090 -0.560958 11.309189 1.455101 1.535352 1.344871 -15.422721 -0.408399 -4.010946 -8.857223 10.378974 8.476015 12.590393 1.713035 -21.930290 -1.703030 8.276672 18.063475 -2.847615 10.578298 -10.556487 -2.287885 -14.531605 9.168618 -6.409555 4.332747
4.391732 -20.376631 1.477550 -0.581813 28.562243 -0.248733 10.870684 1.151466 1.118595 1.096878 -15.888084 -0.209810 -3.850653 -8.288069 10.619925 8.576466 13.542242 1.299524 -21.679049 -1.469779 8.188722 18.302305 -2.775385 10.410590 -10.901292 -2.462846 -14.292590 9.126844 -6.537131 4.862103
3.916666 -20.429663 0.858542 -0.539010 28.941261 0.040715 10.420650 0.921742 0.683164 0.971946 -16.277704 0.152308 -3.810634 -7.628334 10.947654 8.740355 14.155618 0.953391 -21.416571 -1.192399 8.159765 18.538168 -2.638788 10.309749 -11.251561 -2.609442 -14.096108 9.042614 -6.649541 5.445825
3.097031 -20.369713 0.213415 -0.559122 29.316633 0.064951 10.046000 0.901747 0.165939 0.967054 -16.652611 0.504971 -3.911137 -6.972789 11.043677 8.971834 14.669501 0.673663 -21.089727 -1.001474 8.118067 18.685562 -2.636731 10.125401 -11.568602 -2.719296 -13.882953 8.972672 -6.710209 6.001244
2.334812 -20.249495 -0.386487 -0.724983 29.669437 -0.263219 9.874804 0.722033 -0.167625 1.028359 -17.086832 0.897600 -3.979686 -6.304062 11.104033 9.184879 15.001634 0.406753 -20.815344 -0.823253 8.052217 18.877081 -2.797006 10.059721 -11.977122 -2.887489 -13.617808 8.772739 -6.812222 6.235119
1.561882 -20.046206 -0.809872 -0.963458 30.044746 -0.681703 9.601494 0.398604 -0.328886 1.065252 -17.469990 1.223281 -4.096144 -5.803747 11.030774 9.409117 15.145810 0.273066 -20.551411 -0.698168 7.947451 18.984571 -2.909459 9.939696 -12.344638 -3.014772 -13.405471 8.637752 -6.881160 6.611206
0.950098 -19.839296 -1.181349 -1.336268 30.359390 -1.056894 9.337582 0.112080 -0.355706 1.049129 -17.817953 1.595142 -4.315661 -5.250691 11.093880 9.549825 15.268173 0.139316 -20.280069 -0.603311 7.819893 19.037714 -3.035188 9.898058 -12.628523 -3.077617 -13.196227 8.545281 -6.890479 6.885006
0.333556 -19.698309 -1.514470 -1.716828 30.591125 -1.409247 9.085513 -0.226748 -0.326908 0.999369 -18.272491 1.938154 -4.568808 -4.656870 11.060230 9.595449 15.535389 0.022813 -19.999201 -0.537118 7.681612 19.052004 -3.150681 9.781199 -12.922306 -3.167665 -12.972186 8.496769 -6.867781 7.323255
-0.196573 -19.628973 -1.756731 -2.038025 30.712845 -1.673526 8.875027 -0.417627 -0.314498 0.922199 -18.702457 2.224951 -4.806314 -4.185175 10.943173 9.597641 15.745610 -0.033425 -19.759764 -0.506458 7.611130 19.138161 -3.257968 9.705291 -13.196079 -3.221133 -12.735462 8.377700 -6.846284 7.640585
-0.762230 -19.628546 -1.859808 -2.289897 30.785536 -1.915473 8.698774 -0.536045 -0.292414 0.879870 -19.104179 2.443276 -4.994072 -3.828382 10.777486 9.580686 15.924350 -0.013749 -19.569559 -0.494043 7.545501 19.150486 -3.459854 9.571956 -13.381225 -3.245393 -12.566209 8.271579 -6.808787 7.859832
-1.238068 -19.686634 -1.870724 -2.403357 30.813198 -2.112601 8.613002 -0.751281 -0.258124 0.792266 -19.471069 2.660575 -5.205959 -3.489833 10.606858 9.563486 16.088108 0.021222 -19.372845 -0.534072 7.436078 19.108204 -3.609885 9.476869 -13.476467 -3.280556 -12.460805 8.257393 -6.795273 7.993788
-1.553047 -19.732450 -1.896307 -2.476243 30.854816 -2.242873 8.548536 -0.923814 -0.247289 0.784850 -19.689365 2.844451 -5.419590 -3.280629 10.448866 9.552437 16.135340 0.027019 -19.234816 -0.592348 7.390088 19.116602 -3.685039 9.417727 -13.603178 -3.286833 -12.392051 8.160421 -6.792168 8.044114
-1.796778 -19.808918 -1.900245 -2.542584 30.829130 -2.365368 8.492077 -1.040475 -0.209920 0.713294 -19.867502 2.977868 -5.592334 -3.078960 10.379397 9.516837 16.296286 0.006410 -19.101683 -0.623164 7.281276 19.064096 -3.797534 9.337014 -13.686276 -3.291851 -12.293687 8.162039 -6.765075 8.201420
-1.987063 -19.863857 -1.883106 -2.569579 30.801945 -2.444540 8.490335 -1.090026 -0.195677 0.698145 -19.939531 3.077474 -5.677786 -3.040792 10.294975 9.546400 16.241194 0.004325 -19.035452 -0.644557 7.264320 19.076220 -3.841487 9.292850 -13.752299 -3.310690 -12.261096 8.119095 -6.769749 8.237071
-2.052732 -19.871687 -1.874765 -2.584274 30.786755 -2.473928 8.488039 -1.119090 -0.187662 0.680625 -19.962143 3.110862 -5.699645 -2.993237 10.301496 9.556206 16.257914 0.004264 -19.009800 -0.634673 7.254654 19.075533 -3.849757 9.292888 -13.772305 -3.312213 -12.244390 8.110813 -6.764467 8.250720
