0.324737 -2.174353 0.614172 -13.197161 17.625420 -10.405613 14.636009 -5.170095 -16.947935 -4.192802 -20.043613 3.192102 -5.745041 -2.893032 10.316318 9.558018 16.327536 -0.027082 -18.950602 -0.599232 7.236710 19.029675 -3.893485 9.243267 -13.786517 -3.322140 -12.227601 8.128727 -6.756854 8.299131
-0.188156 -2.257531 0.439226 -13.681091 17.645323 -10.594025 14.453433 -5.657097 -16.758526 -4.230898 -20.349846 3.576699 -6.037346 -2.530307 10.293244 9.505932 16.514933 -0.051759 -18.663618 -0.458578 7.110288 18.945650 -4.109075 9.053345 -14.032153 -3.399364 -12.062249 8.086508 -6.737459 8.583847
-0.919635 -2.407835 -0.380348 -14.299088 17.906673 -11.078298 13.725868 -6.435237 -16.685085 -4.570829 -20.978611 4.387939 -6.637251 -1.606171 10.325227 9.427565 17.226969 -0.089625 -18.097445 -0.039191 6.901675 18.603069 -4.806186 8.669926 -14.517091 -3.548524 -11.660050 7.913259 -6.680470 8.906525
-1.592852 -2.738912 -1.572157 -15.233789 18.145664 -11.593307 12.490102 -7.157192 -16.441032 -5.261467 -21.668922 5.342930 -7.234159 -0.434900 10.696026 9.336728 18.593372 -0.201887 -17.477194 0.502315 6.723191 18.349863 -5.552347 8.113401 -15.413045 -3.807635 -11.181186 7.341969 -6.790591 9.160427
-2.704221 -2.631166 -2.408181 -15.849478 18.415432 -12.504723 11.052629 -7.135414 -16.192419 -6.335350 -22.454552 6.541740 -8.009052 0.665974 11.211590 8.912375 19.748112 0.086701 -16.706999 1.539439 6.480687 17.833469 -6.590455 7.462507 -16.038956 -4.032536 -10.686112 7.158521 -6.687898 9.551287
-3.713259 -2.533640 -2.350019 -16.480413 18.472473 -13.115045 10.043694 -7.301537 -15.511713 -7.679023 -22.900078 7.571714 -9.149058 1.496427 11.009997 8.926857 19.947405 0.686760 -16.016272 2.337751 6.186304 17.478323 -7.691275 6.807488 -16.450544 -4.066556 -10.363634 7.019630 -6.435754 9.864155
-3.894012 -2.474393 -2.586121 -17.563318 18.798256 -13.208626 8.780807 -7.132627 -14.771173 -8.641006 -23.646542 8.152496 -10.073809 1.815076 10.280560 8.542355 19.756266 1.869174 -15.572224 2.932283 5.884222 16.934725 -8.854414 5.879651 -16.771252 -4.209590 -10.321879 7.069123 -6.148615 10.242643
-3.641147 -2.442576 -2.842585 -18.538179 18.898258 -12.757911 7.720362 -6.549336 -14.334532 -9.474173 -24.275551 8.573100 -10.979795 1.981426 9.322726 8.250330 19.042006 2.995433 -15.297137 3.446583 5.581651 16.525568 -9.678373 5.280632 -17.032913 -4.257688 -10.179572 7.064107 -5.858891 10.592108
-3.488678 -2.637287 -3.031820 -19.175011 18.805115 -12.253618 7.025182 -6.010682 -14.085359 -10.071568 -24.725655 8.698327 -11.702184 1.864887 8.348489 7.968735 18.677662 3.781400 -15.130363 3.428456 5.351880 16.211580 -10.239031 4.939982 -17.211384 -4.221283 -10.019895 7.032054 -5.638337 10.891389
-3.366827 -2.579704 -3.240654 -19.441904 18.935833 -12.064558 6.449723 -5.623935 -14.037500 -10.444049 -25.056767 8.753071 -12.007636 1.901829 7.869925 7.740078 18.521564 4.262506 -15.049398 3.525698 5.244382 15.993760 -10.657598 4.745228 -17.300058 -4.203628 -9.920398 6.984500 -5.508062 11.008460
-3.248247 -2.470661 -3.315120 -19.315748 19.098976 -12.140849 6.569795 -5.814732 -14.076869 -10.206480 -24.984356 8.658519 -11.747046 1.767204 7.969569 7.795459 18.419418 4.126962 -15.190301 3.487127 5.334812 16.127392 -10.495720 4.791928 -17.370174 -4.212943 -9.971194 6.884836 -5.579098 10.933496
-2.651270 -0.968471 -3.867402 -18.073561 20.496536 -12.913792 8.066829 -6.790634 -14.851691 -8.045350 -24.547260 7.856224 -8.940326 1.225517 9.796816 8.195056 17.859690 3.287915 -16.069731 4.766080 6.592875 17.056868 -8.902342 5.175611 -17.156063 -4.240131 -11.082726 6.211622 -6.283947 9.590310
-0.893480 2.389053 -4.262242 -15.985485 22.840679 -15.411827 11.135880 -7.172966 -15.904635 -3.520609 -22.812952 6.005186 -4.416062 0.230700 14.066026 7.656652 17.092710 1.216324 -18.376526 6.634778 7.832104 18.883890 -6.365568 6.600894 -16.457520 -4.297657 -12.346424 5.370753 -7.643193 7.535224
-0.581216 7.128227 -4.787293 -16.208429 25.118717 -17.742773 20.135323 -6.311617 -14.959806 3.966482 -17.050110 0.086922 -3.194740 -3.577519 19.079700 4.316225 18.999628 0.135563 -20.867281 9.204272 5.738520 15.925028 -3.242110 12.397734 -16.955462 -6.724095 -13.406495 5.926027 -10.670657 1.065892
7.621070 9.282240 -3.788077 -14.723995 25.735317 -18.111002 23.830952 -3.298234 -13.320628 6.354685 -10.945311 -2.614207 -3.648555 -4.678848 26.126583 1.153969 18.584471 -0.628126 -23.061804 7.733586 5.414873 13.687528 -2.227412 17.246422 -16.471828 -7.106486 -12.549397 6.037902 -11.915185 -3.638719
13.282206 6.823032 -1.164085 -12.827160 22.548204 -18.177633 28.551228 -1.749433 -11.800478 7.248228 -4.696151 -5.380734 -5.474148 -7.833952 29.288517 -0.402154 15.355876 0.239743 -24.915541 8.545894 6.711631 10.731391 -0.111145 20.298740 -14.865851 -5.490849 -13.149585 7.375646 -10.386471 -3.785283
17.696342 4.970278 2.038702 -11.131814 18.930250 -17.808235 34.280048 -0.527745 -10.610568 9.907063 -0.540905 -7.798143 -7.209238 -10.687268 31.080254 -1.525239 12.118158 1.310476 -26.957783 7.953315 6.700192 6.610585 2.629039 22.746202 -14.404644 -4.421243 -14.360108 8.749695 -8.702048 -2.758298
17.889269 1.214476 2.923400 -10.822914 15.499600 -16.739468 38.153229 0.519137 -10.068348 9.927011 1.261382 -9.064290 -10.326422 -11.753113 30.165943 -1.634810 9.780911 3.589976 -26.861191 6.915568 6.371855 2.987305 3.470395 23.789194 -14.274608 -3.199198 -14.889813 10.044298 -6.754978 -0.542534
16.954763 -1.748524 3.623593 -12.423797 12.691689 -17.457453 41.210258 -0.792239 -8.311595 10.529507 2.093500 -9.006719 -13.328635 -10.762433 30.262156 -2.364330 9.510896 5.548705 -25.833155 6.495861 5.888823 0.274077 3.089548 24.492922 -13.948060 -2.635382 -14.387461 11.317706 -5.408747 0.598874
16.202896 -2.846847 3.978082 -12.600353 11.370563 -17.722061 42.854897 -1.049104 -7.797114 10.896637 3.069676 -8.500936 -15.701028 -9.803458 30.491154 -2.886207 9.615409 6.511229 -24.679739 6.029903 5.487135 -1.537137 3.044071 24.623125 -13.459677 -2.158487 -14.379212 12.282053 -4.488882 1.757781
15.992258 -3.025093 4.020602 -12.559557 11.143147 -17.653151 43.175343 -1.050506 -7.782327 10.952527 3.150171 -8.453980 -15.993278 -9.715667 30.388727 -2.870094 9.507363 6.645224 -24.529539 5.967036 5.466082 -1.812475 3.125872 24.666864 -13.364398 -2.064331 -14.422145 12.437676 -4.348618 1.939767
15.506841 -3.021576 4.498723 -12.527826 10.808050 -17.438211 43.785049 -0.934418 -7.681633 11.167790 3.493387 -8.478892 -16.320751 -9.975346 30.111031 -2.815887 9.150373 7.146908 -24.291639 6.280741 5.493342 -2.102093 3.187941 24.761534 -13.153617 -1.955248 -14.417255 12.673208 -4.238074 2.093948
14.915061 -3.424569 5.019701 -12.607624 10.283053 -16.920980 44.676857 -0.509161 -7.663290 11.232960 4.249466 -8.420741 -17.142582 -10.317025 30.204206 -2.960298 8.869294 8.058509 -23.863539 6.747576 5.462395 -2.776826 3.274721 24.872538 -12.745876 -1.766309 -14.406135 13.177666 -3.987678 2.566202
14.507644 -4.434761 5.841674 -12.811752 9.460093 -15.405273 45.742073 0.476505 -7.629659 10.666879 4.973600 -8.269282 -18.374355 -10.901658 29.974781 -2.665554 8.061438 9.343946 -23.366507 7.465641 5.329115 -3.384809 3.250406 24.804796 -11.947982 -1.609334 -14.198279 14.170208 -3.731458 3.057316
14.244859 -5.156670 6.600074 -13.222628 8.629730 -14.027306 45.859329 1.738327 -7.492741 9.690483 5.273621 -8.303877 -19.818813 -11.552883 28.307375 -1.743237 7.100615 10.662837 -22.705587 8.185379 5.017027 -4.203299 2.666411 24.639662 -11.051835 -1.482906 -13.794805 15.169331 -3.376604 3.490967
13.985062 -5.986161 7.393299 -13.715518 7.542929 -12.899908 45.383335 3.121352 -7.147440 8.022589 5.213301 -8.102491 -21.136854 -11.843014 26.215195 -0.546339 5.936170 11.886314 -22.012066 8.891899 4.691084 -4.783135 1.733876 24.347715 -10.014606 -1.367010 -13.224423 16.216654 -2.999175 3.591359
13.296373 -6.191306 7.585014 -14.358213 6.958376 -12.049343 44.472847 4.579631 -6.913956 6.674295 5.393049 -7.726776 -22.533241 -11.888761 23.788944 0.706898 4.714754 12.499524 -21.148214 9.465353 4.070372 -5.051191 0.428146 23.898945 -9.110094 -1.570933 -12.549617 17.117977 -2.788785 3.331920
12.324576 -6.243119 7.606203 -15.185217 6.372761 -11.869789 43.467247 6.300113 -6.584120 5.375117 5.457635 -7.292926 -23.817444 -11.939343 21.323555 2.017343 3.500564 12.738559 -20.380598 10.137915 3.501200 -5.157904 -0.671877 23.538248 -8.649959 -1.693220 -12.003940 17.560850 -2.699879 3.350336
11.754012 -6.031210 7.651420 -15.931484 6.161654 -11.251003 42.367264 7.587477 -6.388531 4.326921 5.415960 -7.073619 -24.678888 -11.714759 19.900143 2.722939 2.905448 12.905417 -19.902243 10.293194 3.307985 -5.263825 -1.321947 23.169901 -8.579099 -1.620014 -11.764651 17.668306 -2.607584 3.670039
11.524481 -5.893108 7.681510 -16.328274 6.243044 -10.881470 41.707214 8.181705 -6.334229 3.806484 5.231380 -6.978418 -25.108902 -11.597897 19.147394 3.142683 2.564864 13.067692 -19.676947 10.356040 3.160465 -5.285437 -1.647253 22.948090 -8.595579 -1.603413 -11.678401 17.736982 -2.587748 3.859226
11.518505 -5.822771 7.736159 -16.343428 6.263294 -10.884336 41.634186 8.239948 -6.305383 3.783142 5.161876 -6.991249 -25.087769 -11.615664 18.997265 3.242737 2.498286 13.040221 -19.671766 10.367982 3.150618 -5.226728 -1.685280 22.928312 -8.603426 -1.620497 -11.656196 17.721809 -2.606244 3.824094
11.643488 -5.297489 8.260054 -15.897293 6.381391 -11.149693 41.717598 8.116613 -6.247852 4.097683 4.974204 -7.173901 -24.388992 -11.856627 18.914513 3.371285 2.426187 12.721642 -19.910223 10.421152 3.243277 -4.952914 -1.462738 22.954823 -8.649608 -1.746258 -11.737996 17.631569 -2.747314 3.568396
11.731288 -4.342599 9.256614 -15.305902 6.780542 -11.466943 41.580994 7.929038 -6.225010 4.457845 4.540819 -7.593585 -23.105076 -12.449965 18.838675 3.718008 2.282715 12.156626 -20.476614 10.429343 3.407764 -4.314583 -1.137597 22.944777 -8.759043 -2.008050 -11.860653 17.397387 -3.118874 3.047688
12.294862 -3.107163 10.213277 -14.591405 7.641570 -11.275335 40.780434 7.573618 -6.389260 4.522634 3.783078 -8.103442 -21.132584 -13.028325 18.773186 4.372265 2.502062 10.599069 -21.298777 10.093260 3.698921 -3.351373 -0.691022 22.704071 -9.210766 -2.360245 -12.329317 16.909695 -3.817120 2.483800
13.427135 -1.432601 11.781749 -14.078632 8.892224 -10.782331 39.143742 7.086459 -6.182811 4.217969 3.482583 -8.430638 -19.023621 -13.335687 19.009993 4.547194 3.521153 8.770066 -21.957621 9.885305 3.929399 -2.002772 -0.150048 22.630262 -9.670638 -2.857311 -12.600799 16.253660 -4.810997 1.761212
14.218170 0.255359 12.536396 -13.268044 10.499946 -10.242302 37.754574 5.788063 -6.152640 4.359045 2.562422 -8.890231 -16.734882 -13.608140 19.315905 4.785184 4.391539 7.570137 -22.525705 10.099659 4.179444 0.429321 0.275249 22.463589 -9.899386 -3.598441 -12.654684 15.409773 -6.147477 0.107548
15.572123 1.627058 11.930971 -13.231478 12.488073 -9.759407 35.235519 4.729602 -6.260625 4.128195 1.662435 -8.763474 -14.894946 -12.916934 20.079670 5.341331 4.645732 6.512312 -22.687792 10.511826 4.413697 2.984225 0.743934 21.832998 -10.208681 -4.471232 -12.982496 14.694037 -7.696886 -1.197253
14.851393 4.697731 10.009726 -14.030149 7.944601 -7.946603 26.446558 3.401757 -18.772486 -5.148935 -10.091249 -2.255381 -9.699925 -19.769135 3.902574 3.186055 4.195200 11.538536 -23.514475 3.919339 6.546724 11.769282 -3.427160 14.495469 -8.022086 3.442506 -16.671238 8.537015 -4.362220 -1.247590
13.349417 5.340457 8.774180 -16.095732 8.978332 -7.603821 24.251638 0.567326 -17.867977 -5.878916 -11.471390 -0.401127 -8.661704 -17.990654 3.445560 5.495756 5.074463 8.371720 -22.815685 4.802013 5.896284 13.006595 -3.056682 13.425666 -8.694238 2.706884 -16.465563 8.346523 -5.359614 -0.173439
8.847068 5.165029 7.384857 -17.338655 9.405604 -7.801764 23.103588 -1.086689 -18.305830 -7.229743 -12.555429 0.765204 -8.532728 -15.579691 3.240065 6.975904 6.703625 4.012502 -22.653208 2.771542 4.780693 12.970948 -3.133561 11.729239 -10.009011 1.934995 -15.960019 9.041921 -5.636265 2.829697
1.768969 -4.125422 4.784725 -12.051604 12.155801 -11.334129 18.798271 0.788533 -15.635355 -5.535531 -15.077957 1.926302 -8.574041 -6.282825 8.765535 10.416019 11.057549 0.911665 -20.132006 -3.202579 6.697353 14.522555 -4.929657 7.993204 -10.298376 -1.422753 -13.727855 11.073122 -4.329176 7.982313
-0.514291 -5.668662 2.585337 -14.122183 12.680465 -10.397028 16.822380 -0.020940 -15.689910 -7.321661 -16.734715 3.329102 -11.076015 -3.329711 8.118419 10.564671 13.435987 0.250188 -18.512785 -4.312291 5.987856 14.096679 -5.940782 8.071169 -11.433312 -1.663554 -11.874635 11.561455 -3.652670 10.622023
-0.291765 -7.704638 1.123087 -15.839298 11.962354 -9.836820 15.715885 -0.092359 -14.051288 -8.498814 -17.220800 3.846302 -13.980927 -1.727765 7.593292 9.439154 14.709097 1.219863 -17.551289 -5.306445 5.285911 13.514164 -7.274492 8.772806 -12.321778 -1.371961 -9.945745 11.144716 -2.853750 10.992195
0.279060 -8.905233 0.989787 -17.073561 10.338414 -10.027363 15.978998 0.216783 -13.038258 -9.301630 -16.459703 3.822985 -16.435345 -2.146013 6.683430 8.464071 14.519995 3.398534 -16.830370 -4.848634 4.540175 12.688399 -9.098116 9.673790 -12.579823 -1.305040 -8.393167 11.122434 -2.365505 10.617565
1.451282 -8.803375 1.835252 -17.597746 9.641391 -10.583918 15.808380 1.220317 -12.126216 -9.637490 -15.594841 3.836928 -18.620796 -2.819160 5.802359 7.660013 14.338216 5.136701 -16.379599 -4.390338 4.097166 12.328820 -10.144628 10.458437 -11.880215 -1.134273 -8.428655 11.203875 -2.266284 9.532443
2.762736 -7.897167 3.259124 -17.613066 9.266414 -10.529434 15.866411 2.431074 -11.748783 -9.785302 -14.623157 3.526067 -19.637180 -4.333115 4.799211 7.184584 12.276363 7.122101 -16.800856 -4.150079 3.739559 12.062436 -11.161904 11.438510 -11.004658 -1.098564 -7.752745 11.648132 -2.146251 7.877627
4.020623 -7.095324 4.921839 -17.081957 9.421454 -11.476249 16.108940 2.999050 -10.982381 -9.144435 -14.248197 3.117061 -19.587252 -5.471881 3.979518 7.220172 9.855935 9.011235 -17.230169 -3.574240 4.030157 11.202877 -11.765322 11.510931 -10.128106 -0.476257 -7.736830 12.114058 -1.452970 6.967239
4.986652 -5.645515 6.537728 -16.934408 9.997037 -11.616063 15.731131 3.918761 -10.496419 -8.705971 -14.083790 2.927905 -19.770546 -5.989787 3.527227 7.104509 8.374759 10.188438 -17.284559 -3.481742 4.130743 10.468328 -12.028493 11.158135 -9.735456 -0.006952 -8.057034 12.359972 -0.954864 6.549714
5.636686 -4.792779 6.849842 -17.124987 10.404809 -11.348122 14.987433 5.011065 -10.366611 -8.853013 -13.898283 2.609415 -20.126221 -6.494502 3.256978 6.510293 7.525004 10.538396 -17.641558 -4.781854 4.202265 10.036941 -12.412296 11.398663 -9.423577 0.116720 -8.309785 12.269670 -0.800090 5.563710
5.844072 -4.623127 6.766091 -16.840563 10.389012 -11.102892 14.933740 5.724157 -10.679002 -8.945415 -13.747972 2.422092 -20.451550 -6.677037 3.136022 6.150730 7.203817 10.740708 -17.752613 -5.558653 4.307852 9.871400 -12.584176 11.547507 -9.290852 0.147560 -8.542322 12.115532 -0.775676 4.980047
