-6.226377 -21.884125 3.143614 0.835134 23.336227 -3.793267 11.056711 13.614506 -1.693715 -5.231496 -13.603934 -2.223098 -18.312105 -17.858925 14.013450 8.236132 -0.566292 -6.664599 -10.598375 1.837891 5.043038 -8.362832 -0.696109 3.390126 -17.582182 7.099124 -12.088863 16.935425 4.873280 -1.729468
-6.315134 -21.910160 3.148612 0.871919 23.338686 -3.794473 11.067890 13.569883 -1.716991 -5.236209 -13.597120 -2.250159 -18.230856 -17.885221 14.032411 8.241915 -0.523239 -6.737719 -10.650502 1.801681 5.046335 -8.311270 -0.649418 3.342701 -17.640194 7.079294 -12.064965 16.936371 4.867619 -1.618463
-6.457405 -21.941751 3.146079 0.948779 23.363317 -3.786933 11.094072 13.580113 -1.793035 -5.245883 -13.570820 -2.275553 -18.132425 -17.914822 14.070065 8.274446 -0.477017 -6.838648 -10.699785 1.799204 5.063957 -8.332708 -0.647458 3.280663 -17.616276 7.109596 -12.124804 16.929825 4.874597 -1.590804
-6.740950 -21.979244 3.101541 1.101480 23.409298 -3.775261 11.143667 13.576555 -1.952711 -5.248358 -13.497810 -2.330051 -17.969057 -17.979847 14.123248 8.339185 -0.398954 -7.027439 -10.812799 1.764644 5.099566 -8.323249 -0.592839 3.164540 -17.630777 7.140224 -12.227998 16.913666 4.865682 -1.491487
-6.961870 -22.038736 3.061967 1.213734 23.468025 -3.771461 11.150816 13.637513 -2.085372 -5.295891 -13.448325 -2.345515 -17.749722 -18.017105 14.182857 8.455091 -0.284082 -7.285572 -10.883306 1.831870 5.090635 -8.352262 -0.620789 3.132766 -17.603453 7.173812 -12.307067 16.887264 4.838114 -1.504316
-7.321362 -22.099436 2.959614 1.345866 23.588949 -3.765762 11.204421 13.643351 -2.310585 -5.320781 -13.311172 -2.401817 -17.501175 -18.089378 14.262284 8.623428 -0.143312 -7.602179 -11.061174 1.879459 5.147861 -8.336526 -0.539732 3.039154 -17.570107 7.221848 -12.454638 16.870895 4.798476 -1.429199
-7.727743 -22.199812 2.819967 1.545859 23.690351 -3.710632 11.287540 13.715557 -2.604679 -5.364098 -12.875916 -2.477316 -17.223322 -18.282448 14.241096 9.092785 -0.140418 -8.211811 -11.248252 1.915697 5.278230 -8.332561 -0.486984 3.009170 -17.409544 7.302067 -12.619847 16.862442 4.766135 -1.429814
-8.498003 -22.399294 2.893986 1.942358 23.489695 -3.475811 11.488088 14.127000 -3.083694 -5.741926 -12.099431 -2.578599 -17.262577 -18.547045 13.978466 10.038963 -0.524721 -8.918393 -11.340428 1.770056 5.563198 -8.453990 -0.525765 3.148052 -16.958523 7.487543 -12.861320 16.851154 4.750950 -1.638124
-9.317392 -22.664650 2.867648 2.305285 23.313686 -3.250155 11.741633 14.383745 -3.552246 -6.006975 -11.538874 -2.594261 -17.357641 -18.699383 13.790545 10.811523 -0.664441 -9.446679 -11.252360 1.871488 5.899744 -8.504835 -0.569695 3.387165 -16.424957 7.684077 -13.058766 16.856007 4.707457 -1.921159
-10.169524 -23.098560 2.875090 2.550293 23.017841 -2.949543 12.043425 14.714450 -3.916049 -6.362885 -10.854048 -2.669243 -17.374939 -18.994953 13.584071 11.633795 -0.957908 -10.055767 -11.369948 1.752185 6.119582 -8.607261 -0.648185 3.642323 -16.104395 7.863924 -13.188030 16.767300 4.714301 -2.145161
-11.013007 -23.551275 2.716104 2.724440 22.768341 -2.688216 12.376358 14.743022 -4.321941 -6.669819 -10.516425 -2.684461 -17.875340 -19.070038 13.298466 12.066353 -1.298270 -10.124171 -11.209680 1.376822 6.419335 -8.664778 -0.580669 3.638974 -15.909153 8.023406 -13.504264 16.670280 4.732803 -2.323207
-11.484642 -23.759130 2.397919 2.763165 22.554825 -2.436208 12.501284 14.870127 -4.617875 -6.932823 -10.315240 -2.715052 -17.527142 -19.193939 13.272908 12.333708 -1.248210 -10.815314 -11.412946 1.071337 6.574073 -8.752851 -0.670174 3.683710 -15.771520 8.071090 -13.719610 16.560915 4.717174 -2.453138
-11.720858 -23.723341 2.074809 2.735656 22.523867 -2.310870 12.462065 15.133883 -4.894605 -7.128660 -10.103078 -2.743830 -17.410007 -19.374470 13.127448 12.573874 -1.420586 -11.324317 -11.617017 0.642492 6.717098 -8.887643 -0.847450 3.746065 -15.632272 8.108560 -13.929295 16.420115 4.711290 -2.659845
-11.559703 -23.453543 1.617178 2.680509 22.728432 -2.271554 12.188928 15.532357 -5.081534 -7.160783 -9.858761 -2.828353 -17.511543 -19.473995 12.909066 12.723856 -1.672064 -11.611648 -11.673583 0.083755 6.728697 -8.965459 -0.912751 3.621195 -15.617158 8.160957 -14.179327 16.288742 4.665516 -2.724774
-11.288794 -23.143860 1.063252 2.509591 22.955015 -2.155537 11.812914 16.048649 -5.217412 -7.172800 -9.774942 -2.883934 -17.573235 -19.486897 12.680924 12.804390 -1.986132 -11.788753 -11.720206 -0.410299 6.615735 -9.107108 -1.090648 3.668386 -15.587548 8.204688 -14.274944 16.147594 4.628149 -2.821436
-11.026794 -22.829380 0.719517 2.384479 23.124714 -2.098128 11.482049 16.490147 -5.291192 -7.215641 -9.611126 -2.990666 -17.507298 -19.589502 12.546844 12.891847 -2.124028 -12.133660 -11.829228 -0.877453 6.541537 -9.206456 -1.247308 3.653972 -15.569324 8.244687 -14.439771 15.987310 4.558505 -2.907740
-10.856604 -22.583296 0.478735 2.317412 23.269783 -2.104846 11.281172 16.782078 -5.384873 -7.252747 -9.452196 -3.098380 -17.407495 -19.669949 12.510881 12.889717 -2.156910 -12.473830 -12.002467 -1.319453 6.483297 -9.264815 -1.366303 3.663094 -15.601259 8.215063 -14.539586 15.873906 4.490026 -3.005347
-10.732500 -22.345930 0.347684 2.255250 23.369423 -2.123367 11.127909 16.989803 -5.474926 -7.329740 -9.395343 -3.141538 -17.426643 -19.717171 12.437846 12.805977 -2.235891 -12.587096 -12.084973 -1.618144 6.473442 -9.399753 -1.576994 3.818142 -15.520619 8.235414 -14.582156 15.778459 4.491431 -3.246014
-10.594568 -22.170214 0.299684 2.232357 23.439556 -2.120851 10.991819 17.204975 -5.512096 -7.384910 -9.348737 -3.148863 -17.503624 -19.764744 12.363585 12.771351 -2.316819 -12.614742 -12.107755 -1.772448 6.477601 -9.471281 -1.675762 3.876983 -15.481298 8.254280 -14.621849 15.736053 4.498127 -3.367530
-10.527086 -22.081755 0.270014 2.218485 23.493088 -2.146930 10.938337 17.247593 -5.526096 -7.381789 -9.352569 -3.155837 -17.533157 -19.764496 12.349069 12.751041 -2.332070 -12.605618 -12.096869 -1.818037 6.444293 -9.468410 -1.667577 3.824804 -15.518240 8.246669 -14.652621 15.724603 4.477746 -3.316870
-10.460737 -22.219297 0.690126 2.144457 23.199560 -2.094512 10.929547 17.504635 -5.264814 -7.604333 -9.336426 -3.093897 -17.992117 -19.760654 12.106694 12.778999 -2.761839 -12.232273 -11.978202 -1.935861 6.400280 -9.540323 -1.922190 4.151229 -15.364999 8.231600 -14.504044 15.710520 4.442349 -3.602433
-9.951159 -22.541224 2.332332 1.766695 22.093191 -1.934316 10.886912 18.254349 -4.178327 -8.283659 -8.954872 -3.173979 -19.394424 -19.899935 11.416799 12.986891 -4.019425 -11.138299 -11.797038 -2.464061 6.264637 -9.829141 -2.542788 4.974849 -14.995396 8.351678 -14.080702 15.699999 4.532498 -4.360255
-9.320604 -22.700495 4.125105 1.412040 20.726173 -2.081292 10.931531 19.377043 -3.113575 -9.210407 -8.062196 -3.408738 -21.260826 -20.284410 10.524794 13.019855 -5.751450 -9.710857 -11.770081 -3.361705 6.223887 -10.309049 -3.525193 6.312377 -14.423596 8.462504 -13.357641 15.732760 4.807156 -5.741572
-6.999372 -22.222767 5.805615 0.251379 19.721191 -2.673181 10.744577 20.927904 -1.524477 -9.920506 -6.764041 -3.863136 -23.181679 -20.791376 9.857354 12.384068 -7.206284 -7.990647 -11.818393 -4.457654 6.532860 -11.072228 -4.841709 7.822668 -13.685598 8.657013 -12.643138 15.630857 5.371896 -7.432533
-4.046662 -20.854643 7.494272 -1.259280 18.658476 -3.423541 10.273244 22.132996 -0.009506 -10.790641 -5.526317 -3.789568 -26.213936 -21.587952 8.547565 11.307864 -8.955974 -5.739834 -12.010556 -5.518842 6.306669 -11.883570 -6.443888 9.266795 -13.460753 8.849758 -11.736514 15.041488 5.748502 -8.302306
-1.618245 -19.974100 8.841365 -3.618096 18.474663 -2.354001 9.135569 22.817652 1.695760 -11.134686 -4.968109 -2.270552 -30.093721 -20.799656 5.999257 11.336149 -10.611018 -3.687051 -11.390652 -4.995051 5.056043 -13.003825 -9.069418 10.601290 -13.610229 8.783579 -9.704056 14.765388 6.130170 -7.448596
3.870822 -19.187502 9.239715 -5.995249 17.316504 -2.610831 8.310263 22.639656 3.808085 -11.801532 -6.001492 -0.239820 -34.082306 -17.187599 2.767774 13.886471 -12.009757 -1.843898 -8.984373 -4.069647 4.286693 -13.419628 -10.937590 11.572141 -14.566008 8.190642 -6.612494 15.064393 7.004929 -5.423464
7.354062 -18.889503 10.291116 -7.882276 14.529702 -5.912487 10.178220 19.176315 4.731210 -13.336349 -8.572023 1.277293 -35.644661 -10.750464 1.462121 17.196018 -10.143704 -1.544581 -6.466289 -2.530639 5.483860 -13.145801 -11.119604 10.588350 -15.898442 7.188711 -4.709823 15.649964 8.563014 -2.512502
7.782056 -18.025267 12.450540 -9.918926 12.549828 -11.331286 12.735928 14.491690 6.527999 -12.946435 -10.610480 1.748756 -33.066986 -6.928677 3.384221 19.566628 -6.528338 -2.613778 -5.485978 1.050029 5.588151 -12.009707 -11.094348 9.362369 -18.306953 6.364408 -3.510769 14.900645 8.707579 1.201051
5.373309 -18.565048 12.766006 -11.545198 12.309802 -15.247931 14.510886 8.974282 7.584216 -11.983522 -11.532524 1.822534 -32.326054 -4.009137 5.312017 21.250664 -2.467850 -2.068543 -3.518733 4.491868 4.684488 -10.214322 -10.470877 9.549315 -20.424492 5.614767 -1.988396 14.390207 7.543986 5.273493
1.782563 -18.159700 10.670141 -12.285391 12.660131 -16.763321 14.844283 6.485136 6.079885 -12.370869 -11.705402 0.834399 -32.100060 -1.450183 7.141506 21.570694 1.243587 -0.805363 -2.435258 5.838005 4.380677 -8.833755 -9.870316 9.211715 -21.859768 4.623013 -1.802833 14.042398 6.475981 7.407981
-0.561870 -18.741285 7.399957 -12.596178 13.082495 -15.800053 15.527512 5.074832 3.959851 -11.823257 -12.678955 0.130518 -29.981171 0.478353 9.689363 21.204563 5.179106 -2.470172 -2.677283 5.867586 4.043620 -7.641852 -9.261852 8.385861 -22.617569 3.621812 -2.416953 13.697812 5.328459 8.374737
-2.923930 -19.677896 3.546806 -12.365626 14.026452 -14.731970 15.650372 3.764918 1.882782 -11.027330 -14.180374 0.280809 -28.228127 2.745558 11.680391 21.397346 8.664251 -5.294811 -2.496089 4.962191 4.052295 -6.033943 -7.827107 7.389390 -23.912842 2.749046 -3.032068 13.317638 4.418637 9.216129
-4.086884 -20.036823 0.561485 -12.567541 14.796172 -14.358860 15.112806 2.911499 0.577001 -10.882899 -15.299759 0.643820 -25.842472 4.057338 13.237981 21.700293 10.901163 -7.885641 -2.807839 5.211949 4.254569 -4.789222 -6.672686 6.388237 -24.749645 2.027704 -3.706398 13.275873 3.804127 9.985799
-4.750916 -20.076181 -1.788846 -12.788544 15.791677 -14.256861 13.924212 2.356539 -0.247930 -11.016333 -16.253500 0.950250 -23.984549 4.468388 13.899830 21.865475 11.734130 -9.324028 -3.330764 6.056557 4.418130 -3.660913 -5.714230 5.553216 -25.210499 1.523653 -4.269996 13.094498 3.283042 10.354501
-5.560609 -19.739000 -3.312053 -12.668701 16.813942 -14.820480 13.355356 1.618454 -0.924018 -10.851687 -17.121799 0.968603 -22.306702 4.519953 14.220021 21.793484 12.349813 -10.480529 -4.128503 6.400071 4.667166 -2.963494 -5.108403 4.922228 -25.271397 1.358409 -4.592012 12.915031 3.062674 10.472364
-6.053081 -19.078629 -4.195830 -12.474072 17.888613 -15.347229 12.899233 0.945126 -1.343231 -10.562452 -18.031876 0.739490 -20.546745 4.469425 14.394195 21.785915 12.688245 -11.462914 -4.939563 6.519926 4.980577 -2.646806 -4.418735 4.282534 -25.230515 1.316472 -4.916167 13.057648 3.011631 10.727771
-6.342751 -18.420305 -4.901613 -12.401951 18.755466 -15.637825 12.714383 0.320543 -1.838235 -10.143627 -18.488632 0.536998 -19.050171 4.086547 14.477880 21.838469 12.533652 -12.233833 -5.755606 6.573463 5.452298 -2.349811 -3.808726 3.668400 -25.195942 1.229861 -5.217362 13.192598 3.004444 10.944257
-6.315878 -17.984678 -5.022644 -12.353210 19.248329 -15.729019 12.663990 0.058018 -2.081742 -9.862141 -18.664518 0.375695 -18.160231 3.704674 14.519933 21.738390 12.356701 -12.684739 -6.311256 6.444405 5.748063 -2.145442 -3.419620 3.281142 -25.248188 1.180257 -5.376264 13.276306 3.013614 11.041165
-6.229024 -17.858702 -5.109880 -12.296722 19.440918 -15.690954 12.643064 -0.065327 -2.177032 -9.746739 -18.650034 0.272301 -17.826931 3.501797 14.534621 21.713802 12.249469 -12.827064 -6.527096 6.426091 5.860809 -2.090484 -3.327888 3.159524 -25.290401 1.170258 -5.446487 13.263764 3.013038 11.051491
-6.230091 -17.837725 -5.103858 -12.266260 19.462746 -15.666109 12.652796 -0.090163 -2.214755 -9.727259 -18.622389 0.254364 -17.814978 3.458632 14.538381 21.684059 12.248640 -12.844389 -6.553832 6.409449 5.903583 -2.086214 -3.316357 3.142303 -25.285461 1.166708 -5.456932 13.259593 3.024121 11.056251
-6.173261 -17.750277 -5.084846 -12.181005 19.489191 -15.642844 12.670953 -0.007641 -2.307368 -9.674238 -18.573492 0.204354 -17.760319 3.365749 14.563882 21.600487 12.215653 -12.859851 -6.618170 6.342633 5.986917 -2.088476 -3.258794 3.126702 -25.259871 1.176539 -5.503085 13.260477 3.038446 11.041925
-6.186856 -17.542696 -4.997945 -12.092730 19.540836 -15.614260 12.679990 0.142146 -2.478989 -9.621391 -18.359116 0.066723 -17.711281 3.156620 14.604886 21.484089 12.148361 -12.932154 -6.761242 6.092356 6.106211 -2.106785 -3.214398 3.014497 -25.222157 1.167326 -5.575169 13.288330 3.071292 11.050634
-6.135201 -17.377480 -4.877995 -11.935664 19.561115 -15.612535 12.802240 0.250684 -2.635146 -9.539919 -18.162939 -0.061236 -17.714985 2.958989 14.670424 21.304440 12.212667 -12.992581 -6.844079 5.931348 6.234376 -2.156763 -3.143722 2.933451 -25.150635 1.191045 -5.687010 13.315344 3.105980 11.004078
-5.983819 -17.176123 -4.778109 -11.695999 19.682785 -15.542038 12.934209 0.310575 -2.798518 -9.421768 -17.888916 -0.254002 -17.576757 2.660431 14.651735 21.176817 12.048245 -13.038618 -7.054254 5.723874 6.429692 -2.221979 -3.026890 2.756230 -25.017870 1.216955 -5.877467 13.392720 3.163223 10.948406
-5.936984 -17.091969 -4.708728 -11.513225 19.750637 -15.423254 13.122319 0.257875 -2.934113 -9.254160 -17.672873 -0.445139 -17.347351 2.410165 14.572948 21.129896 11.833821 -13.112494 -7.319160 5.518152 6.562685 -2.251062 -2.883127 2.640034 -24.945843 1.243765 -6.004821 13.461761 3.207965 10.952583
-5.795363 -16.959166 -4.496629 -11.282453 19.698112 -15.398989 13.438937 0.326667 -3.068325 -9.069651 -17.519939 -0.601115 -17.048988 2.133698 14.596806 21.017290 11.766005 -13.295445 -7.590305 5.427688 6.713467 -2.410869 -2.791289 2.505357 -24.826384 1.328714 -6.247936 13.500074 3.289733 10.895673
-5.833592 -16.729244 -4.088086 -10.876954 19.664473 -15.445772 13.795362 0.414750 -3.226883 -8.918544 -17.132967 -0.833032 -16.797684 1.679930 14.538667 21.004364 11.399734 -13.280439 -7.930380 5.212507 6.888967 -2.493538 -2.592070 2.294169 -24.737667 1.382090 -6.525081 13.558466 3.337696 10.883510
-5.909009 -16.486631 -3.616672 -10.351591 19.682739 -15.679523 14.093128 0.667012 -3.297969 -8.870979 -16.779064 -1.042070 -16.525139 1.208736 14.474907 21.008343 11.164973 -13.308372 -8.290913 5.069448 6.990140 -2.728999 -2.612076 2.191320 -24.527176 1.475468 -6.811769 13.610079 3.408023 10.738952
-6.156282 -16.292374 -3.090107 -9.877460 19.640303 -15.927504 14.325755 0.816432 -3.374131 -8.971139 -16.518555 -1.184128 -16.200111 0.815758 14.392129 21.206364 10.691135 -13.327279 -8.592874 5.060335 7.068114 -2.915488 -2.587348 1.995223 -24.374769 1.542992 -7.092273 13.672876 3.446255 10.720592
-6.233770 -16.007307 -2.595097 -9.454468 19.530613 -16.176281 14.563256 1.007288 -3.513700 -9.082693 -16.203739 -1.333858 -15.919215 0.435366 14.264661 21.534668 10.040700 -13.292212 -8.830722 5.004245 7.137478 -3.102165 -2.453282 1.951644 -24.239359 1.696905 -7.396298 13.689907 3.498734 10.691262
-6.136300 -15.721319 -2.340164 -9.092999 19.617037 -16.338207 14.685751 1.291678 -3.578417 -9.145003 -15.861563 -1.502440 -15.640184 0.087225 14.191981 21.921568 9.434822 -13.268505 -9.009180 5.072406 7.194018 -3.313253 -2.352112 1.946978 -24.043266 1.821238 -7.695013 13.757340 3.531799 10.590651
-6.031681 -15.511966 -2.181500 -8.828180 19.818958 -16.588675 14.693610 1.565182 -3.461010 -9.254663 -15.459051 -1.793739 -15.380518 -0.323161 14.127604 22.250999 8.992534 -13.297071 -9.195151 5.236022 7.283709 -3.531096 -2.240338 2.013731 -23.914993 1.984150 -7.951580 13.781717 3.590920 10.545921
-5.708375 -15.276487 -1.909858 -8.390510 20.002275 -16.709454 14.694372 1.854666 -3.390705 -9.305188 -14.951306 -2.110067 -15.294956 -0.826165 13.981094 22.498764 8.424603 -13.225825 -9.371446 5.284833 7.342955 -3.747502 -2.222607 1.999930 -23.807468 2.092149 -8.198232 13.803890 3.609273 10.476643
-5.260486 -14.989435 -1.569663 -8.028452 20.200283 -16.700109 14.667886 2.118751 -3.289885 -9.312454 -14.504834 -2.327980 -15.239335 -1.185496 13.891189 22.774960 8.069078 -13.180032 -9.486840 5.398889 7.341251 -4.047787 -2.328787 1.999140 -23.689796 2.217181 -8.398308 13.824519 3.646128 10.400192
-4.985125 -14.836109 -1.279763 -7.876001 20.236696 -16.670885 14.745825 2.155952 -3.155346 -9.267885 -14.144676 -2.538236 -15.351656 -1.507888 13.732028 22.882303 7.740476 -13.050273 -9.553012 5.400980 7.345050 -4.258842 -2.389863 2.050679 -23.581863 2.303515 -8.535435 13.831623 3.683013 10.301259
-4.716415 -14.709635 -0.995039 -7.744011 20.208019 -16.639894 14.855296 2.275063 -3.053803 -9.225393 -13.862203 -2.716107 -15.446243 -1.832217 13.637460 22.850163 7.512533 -12.899116 -9.621754 5.375176 7.363346 -4.472644 -2.503992 2.103266 -23.473888 2.381182 -8.640523 13.820352 3.734197 10.189266
-4.600983 -14.653139 -0.778033 -7.673486 20.127827 -16.642181 14.978288 2.299764 -2.963971 -9.212943 -13.677047 -2.825352 -15.532947 -2.015626 13.564308 22.845478 7.354174 -12.785354 -9.657743 5.315057 7.353052 -4.648216 -2.633378 2.135567 -23.375792 2.446562 -8.725023 13.804379 3.762900 10.119406
-4.511600 -14.610691 -0.602748 -7.615048 20.071186 -16.666527 15.039631 2.375809 -2.885945 -9.205902 -13.505891 -2.923172 -15.621686 -2.256092 13.474994 22.756475 7.149015 -12.629621 -9.726495 5.219356 7.351576 -4.728726 -2.694293 2.132524 -23.324385 2.468454 -8.764781 13.806713 3.781915 10.080902
-4.471457 -14.590128 -0.544077 -7.595788 20.045179 -16.668686 15.056361 2.428992 -2.873975 -9.210160 -13.432152 -2.956639 -15.661561 -2.339185 13.457602 22.727364 7.103436 -12.584134 -9.741829 5.197942 7.351291 -4.769911 -2.720268 2.148686 -23.300354 2.482231 -8.777690 13.806400 3.790608 10.063150
-4.493660 -14.580971 -0.514723 -7.577637 20.044823 -16.683504 15.086320 2.408808 -2.864293 -9.201030 -13.423175 -2.960705 -15.654214 -2.344142 13.453702 22.740341 7.092346 -12.590608 -9.746287 5.208451 7.355945 -4.754711 -2.717682 2.142297 -23.308563 2.480383 -8.771207 13.801121 3.788917 10.071094
-4.531069 -14.548166 -0.432723 -7.530021 20.029949 -16.702137 15.181203 2.362912 -2.851544 -9.190521 -13.377373 -2.986705 -15.617600 -2.379196 13.433805 22.794811 7.036859 -12.599537 -9.768788 5.256443 7.359520 -4.762111 -2.734651 2.124595 -23.294796 2.485745 -8.791648 13.797272 3.785525 10.078115
-4.539830 -14.488029 -0.324110 -7.453303 20.010695 -16.729605 15.290630 2.349196 -2.848881 -9.189043 -13.304046 -3.019103 -15.597276 -2.470761 13.416971 22.808594 6.947258 -12.576067 -9.802182 5.274880 7.384337 -4.769867 -2.732296 2.114236 -23.288519 2.500552 -8.815150 13.788341 3.794348 10.081987
-4.500174 -14.428580 -0.164923 -7.379373 19.965437 -16.719494 15.398834 2.354882 -2.825954 -9.167389 -13.193718 -3.059479 -15.565521 -2.587321 13.402520 22.858912 6.833724 -12.552758 -9.838986 5.326259 7.406424 -4.792697 -2.753944 2.106368 -23.271049 2.524144 -8.845888 13.771967 3.801756 10.073185
-4.387914 -14.357049 0.037311 -7.273292 19.898418 -16.672705 15.514591 2.424557 -2.808104 -9.092091 -13.057956 -3.127944 -15.443004 -2.747915 13.413845 22.943966 6.698595 -12.571086 -9.916242 5.428420 7.428251 -4.870590 -2.815644 2.127819 -23.225349 2.579318 -8.900847 13.744257 3.818072 10.039175
-4.219052 -14.327094 0.195995 -7.196897 19.829012 -16.623592 15.665741 2.455467 -2.758279 -9.018277 -12.919643 -3.173370 -15.391694 -2.899414 13.403654 23.022354 6.543008 -12.571557 -9.956136 5.519917 7.442372 -4.928434 -2.877009 2.140513 -23.187695 2.622068 -8.952740 13.718424 3.824954 10.001764
-4.127222 -14.282640 0.401933 -7.139719 19.771736 -16.622639 15.843554 2.387560 -2.667211 -8.946253 -12.765072 -3.257324 -15.365105 -3.084435 13.324378 23.082642 6.306381 -12.528708 -10.025172 5.575565 7.457268 -4.930527 -2.889802 2.113057 -23.188967 2.637653 -8.986943 13.706479 3.818445 10.004122
-4.036099 -14.194668 0.609496 -7.060221 19.744688 -16.620743 15.951624 2.419788 -2.616867 -8.859283 -12.673186 -3.323436 -15.242123 -3.273619 13.295168 23.124149 6.123694 -12.508842 -10.117583 5.633751 7.521011 -4.902136 -2.844252 2.129400 -23.162010 2.666718 -9.044510 13.686778 3.808786 9.947966
-3.786772 -14.136269 0.738233 -6.988769 19.732260 -16.577345 16.062799 2.483002 -2.564941 -8.744673 -12.538236 -3.439764 -15.056783 -3.563828 13.311440 23.133947 5.995124 -12.537260 -10.231341 5.707334 7.580638 -4.954761 -2.888565 2.192336 -23.080038 2.702816 -9.105537 13.668337 3.814379 9.819204
-3.712976 -14.112705 0.825036 -7.008967 19.681669 -16.630939 16.208797 2.513856 -2.458330 -8.607714 -12.374294 -3.546262 -14.958877 -3.873719 13.250558 23.134960 5.712346 -12.465574 -10.345855 5.720866 7.655141 -4.956222 -2.864836 2.290671 -23.004173 2.721902 -9.163248 13.655003 3.804466 9.655905
-3.439015 -14.003506 1.009169 -7.057390 19.645588 -16.649351 16.191360 2.742294 -2.340919 -8.420364 -12.105775 -3.678421 -14.757710 -4.306904 13.259647 23.183653 5.308299 -12.435264 -10.493638 5.784937 7.719231 -5.000046 -2.798108 2.493073 -22.905556 2.763880 -9.245792 13.644140 3.796766 9.411738
-3.193082 -13.909303 1.207473 -7.105652 19.579880 -16.634506 16.214008 2.857712 -2.290983 -8.257602 -11.913891 -3.810277 -14.615996 -4.675905 13.274390 23.117893 4.993754 -12.330199 -10.642070 5.779810 7.863519 -5.018251 -2.643270 2.686524 -22.700321 2.786006 -9.428154 13.657166 3.770626 9.061761
-2.836140 -13.815984 1.298805 -7.067637 19.555113 -16.509390 16.212845 2.770058 -2.313478 -8.009172 -11.671971 -3.993248 -14.403064 -5.124307 13.284074 23.105919 4.630225 -12.247746 -10.817153 5.831642 7.978920 -5.036963 -2.542624 2.861702 -22.525433 2.794642 -9.573703 13.659084 3.743355 8.747154
-2.203408 -13.704416 1.576186 -6.910941 19.471235 -16.299192 16.288624 2.852880 -2.369327 -7.659403 -11.335805 -4.200777 -14.240939 -5.568401 13.307701 23.134893 4.228407 -12.131034 -10.978549 5.935430 8.086761 -5.110431 -2.426432 3.167228 -22.324535 2.828194 -9.721732 13.659495 3.728976 8.326632
1.842301 -23.673254 2.856091 -3.052440 25.788065 -1.595622 10.236531 6.819973 4.414014 2.678033 -14.116926 -1.235112 -13.607003 -11.207722 21.473122 17.712973 -2.897143 -8.994916 -5.800065 9.317194 2.381676 0.568978 1.843641 4.863445 -17.924255 9.568704 -4.696710 17.997913 4.815478 -0.039052
2.750764 -23.499281 3.142879 -2.909220 25.813499 -1.413240 10.144782 6.873269 4.491325 2.857881 -13.919818 -1.401441 -13.487567 -11.447762 21.498363 17.780849 -3.535800 -8.717356 -5.904305 9.568028 2.492198 0.419290 1.984555 5.140152 -17.600218 9.681451 -5.036036 18.031000 4.809904 -0.719429
3.401734 -23.367723 3.327493 -2.711278 25.722725 -1.356514 10.254498 7.187967 4.440445 2.968809 -13.741065 -1.577450 -13.384567 -11.783283 21.423218 17.869770 -4.363907 -8.179633 -5.948756 10.015970 2.556976 0.334843 1.995552 5.335444 -17.459110 9.762156 -5.149784 18.014517 4.831902 -1.039292
3.542052 -23.297899 3.415024 -2.650792 25.657967 -1.506639 10.181608 7.538437 4.388704 2.896329 -13.603554 -1.725641 -13.300872 -12.107509 21.373398 17.871590 -5.121103 -7.611871 -6.006980 10.375617 2.649799 0.185430 2.026277 5.612556 -17.210777 9.875363 -5.364197 18.002460 4.863133 -1.566603
3.849899 -23.234821 3.476580 -2.506425 25.755444 -1.618692 10.029115 7.831902 4.449627 2.821551 -13.432606 -1.826849 -13.410411 -12.332227 21.341915 17.785612 -5.562532 -7.144693 -6.001074 10.559230 2.723809 0.139684 2.077235 5.812762 -17.119152 9.921127 -5.459771 17.951664 4.865240 -1.852930
3.508311 -21.268408 5.283871 -1.377225 25.507122 -2.150446 11.261335 7.438082 3.774520 0.605278 -13.500843 -2.125699 -14.329591 -17.439596 15.864263 13.459472 -3.059023 -5.362844 -8.550379 12.453978 3.404779 -3.583303 2.991920 6.360744 -19.093281 6.941811 -7.462450 18.128443 3.545243 -1.592522
3.631830 -20.136312 6.051775 -1.047643 25.167469 -2.797028 11.761045 7.718136 3.077342 -0.179052 -12.989868 -1.609399 -14.882876 -18.913090 15.380474 11.632149 -2.889077 -5.093176 -9.532335 12.945845 3.957727 -3.368862 2.873623 6.680665 -18.658030 6.101688 -7.904571 17.949406 3.116816 -1.632126
3.715143 -19.927267 6.235911 -0.527581 25.027813 -3.179151 12.123051 8.179985 2.767164 -0.628887 -12.873468 -1.678264 -15.168069 -19.187304 15.306930 11.303864 -2.960749 -4.612566 -9.624039 12.958556 4.245302 -3.676307 2.844839 6.954717 -18.737986 6.033123 -7.985384 17.871819 3.189705 -1.819523
3.942202 -19.853703 6.782144 -0.223282 24.946482 -3.293180 12.233405 8.547157 2.879980 -0.868186 -12.778696 -1.787395 -15.405052 -19.368744 15.389557 11.015451 -2.999547 -4.304714 -9.628032 12.842690 4.284267 -3.833540 2.625369 7.186573 -18.687761 6.131297 -7.885213 17.775568 3.283366 -1.979439
4.130397 -19.747335 7.036056 -0.026758 24.804453 -3.284537 12.419441 8.980962 2.785492 -0.831264 -12.681302 -1.894454 -15.549392 -19.568869 15.427069 10.771485 -3.074934 -3.983740 -9.646956 12.720596 4.353513 -3.921658 2.452879 7.366283 -18.554871 6.196391 -7.890269 17.677792 3.314857 -2.207709
4.227372 -19.728304 7.189933 0.079338 24.614113 -3.231802 12.669631 9.494612 2.674020 -0.757654 -12.561858 -2.022053 -15.726835 -19.767120 15.460904 10.464780 -3.046067 -3.733405 -9.679757 12.479909 4.393252 -4.001999 2.300144 7.569400 -18.441753 6.216809 -7.802312 17.628819 3.347136 -2.375013
4.342739 -19.706934 7.282529 0.093984 24.398106 -3.215786 12.911755 9.843045 2.682912 -0.648227 -12.396944 -2.126999 -15.806375 -19.969067 15.606469 10.179769 -3.185145 -3.478784 -9.745048 12.261415 4.454598 -4.052241 2.189227 7.771303 -18.347919 6.231274 -7.719119 17.574673 3.370716 -2.564120
4.564847 -19.732355 7.446835 0.239407 24.172626 -3.286934 13.275467 10.186609 2.750985 -0.551110 -12.303756 -2.248950 -15.820807 -20.221340 15.663863 9.874171 -3.277418 -3.237953 -9.832836 12.075801 4.524962 -4.163800 2.141636 7.933841 -18.234329 6.245504 -7.714430 17.589108 3.409563 -2.729314
4.616760 -19.811960 7.604421 0.349031 23.842102 -3.301509 13.606091 10.548063 2.752211 -0.517247 -12.206472 -2.377796 -15.890539 -20.524269 15.676534 9.612238 -3.571201 -2.896445 -9.935619 11.877075 4.581892 -4.283869 2.062783 8.136992 -18.106516 6.267571 -7.621012 17.620131 3.480457 -2.807400
4.647176 -19.919542 7.674261 0.519257 23.639463 -3.401299 13.972013 10.924058 2.715791 -0.494899 -12.077369 -2.511208 -15.981258 -20.801451 15.730850 9.403643 -3.906648 -2.537740 -10.015821 11.818653 4.617345 -4.425745 1.937111 8.320600 -18.008011 6.273503 -7.544227 17.650063 3.556787 -2.868817
4.610584 -20.086273 7.716918 0.590747 23.431637 -3.474324 14.256674 11.205101 2.718729 -0.580209 -11.901806 -2.646492 -16.206234 -21.077227 15.672233 9.218720 -4.142420 -2.205057 -10.055221 11.702665 4.680717 -4.508656 1.872434 8.507498 -17.907639 6.286812 -7.454959 17.654453 3.622164 -2.928510
4.687189 -20.206964 7.731686 0.609818 23.275284 -3.625322 14.425894 11.364294 2.811573 -0.643951 -11.750463 -2.811970 -16.477894 -21.344357 15.633535 8.997604 -4.377872 -1.822797 -10.101594 11.535540 4.742033 -4.581138 1.833642 8.637873 -17.847034 6.302200 -7.436268 17.654922 3.667812 -2.988289
4.689906 -20.362482 7.774975 0.575190 23.027117 -3.656254 14.623998 11.597715 2.843057 -0.682153 -11.600109 -2.930036 -16.674204 -21.580360 15.576871 8.877118 -4.635863 -1.509946 -10.117206 11.508689 4.768519 -4.700027 1.761951 8.732760 -17.806366 6.312109 -7.389832 17.676189 3.735740 -2.939552
4.670392 -20.518255 7.799007 0.537913 22.848253 -3.695737 14.760130 11.793919 2.898094 -0.769636 -11.476423 -3.043432 -16.888157 -21.799845 15.529159 8.704906 -4.862021 -1.202079 -10.133826 11.434296 4.839350 -4.760170 1.747881 8.850603 -17.761492 6.350062 -7.367874 17.646996 3.789753 -2.937332
4.762578 -20.651814 7.863872 0.508229 22.698357 -3.715266 14.892752 11.950899 3.015193 -0.846325 -11.390450 -3.146301 -17.048277 -21.986435 15.482490 8.546688 -4.995677 -0.956962 -10.149791 11.380547 4.888510 -4.814740 1.697960 8.963088 -17.738018 6.369918 -7.311960 17.616957 3.840344 -2.929687
4.753808 -20.839003 7.885076 0.459593 22.506470 -3.726879 15.016630 12.130397 3.063340 -0.936419 -11.322974 -3.204319 -17.172230 -22.071733 15.506854 8.436600 -5.180559 -0.749072 -10.156215 11.312949 4.910594 -4.873966 1.651094 9.017987 -17.754881 6.394382 -7.280672 17.586210 3.883430 -2.865707
4.786536 -21.006721 7.878670 0.443933 22.379078 -3.695246 15.129240 12.246416 3.108810 -1.018799 -11.276748 -3.265187 -17.247547 -22.139868 15.484097 8.368532 -5.221666 -0.630555 -10.161361 11.265471 4.942856 -4.927192 1.607877 9.111402 -17.731672 6.415870 -7.229296 17.569904 3.930563 -2.838277
4.838677 -21.129877 7.874404 0.417595 22.294338 -3.687967 15.188453 12.334431 3.165015 -1.091807 -11.250179 -3.324191 -17.316010 -22.209608 15.459600 8.298008 -5.257278 -0.514057 -10.168942 11.231076 4.974460 -4.969621 1.559709 9.197143 -17.704769 6.436691 -7.187709 17.556013 3.969591 -2.827005
4.955551 -21.194788 7.905051 0.443947 22.261963 -3.689808 15.224325 12.377751 3.219729 -1.138974 -11.268822 -3.388428 -17.369387 -22.287338 15.402898 8.204549 -5.261917 -0.389737 -10.182969 11.162842 4.982292 -4.995343 1.532573 9.238088 -17.708813 6.435721 -7.167011 17.545116 3.982851 -2.830581
4.994116 -21.226118 7.918839 0.444561 22.239822 -3.686656 15.245067 12.426807 3.244631 -1.160201 -11.248047 -3.409453 -17.408836 -22.322968 15.390954 8.174332 -5.271220 -0.350348 -10.182536 11.158032 4.990417 -5.011706 1.516233 9.256411 -17.716824 6.438949 -7.158121 17.538939 3.993624 -2.816863
5.010143 -21.249315 7.931535 0.442183 22.226500 -3.683436 15.260230 12.438923 3.270546 -1.177441 -11.236929 -3.424640 -17.413519 -22.346031 15.387401 8.161053 -5.274375 -0.336089 -10.187150 11.164048 4.987798 -5.023763 1.501313 9.263238 -17.722240 6.440292 -7.149672 17.539705 4.000371 -2.803900
