7.518436 -5.969778 5.509360 -13.103447 12.351169 -7.515343 17.095463 3.851536 -6.617542 -16.021980 -13.662683 2.306099 -20.651634 -6.800661 3.000376 5.980796 6.942408 10.754800 -17.834379 -6.167158 6.074976 -5.501215 -8.657089 12.339397 -13.497208 -3.364833 -8.235502 15.858671 -3.314588 6.962660
7.584300 -5.932625 5.603140 -13.232447 12.336673 -7.532073 17.038603 3.870442 -6.489915 -16.060982 -13.638747 2.360137 -20.861454 -6.795617 2.897518 5.985765 6.778786 10.974037 -17.765295 -6.109759 5.972681 -5.551949 -8.789364 12.402020 -13.494025 -3.347999 -8.052060 15.914410 -3.258428 6.984645
7.660119 -5.894182 5.758635 -13.411150 12.316571 -7.544117 16.946297 3.936572 -6.287481 -16.111671 -13.613384 2.411340 -21.120872 -6.799237 2.755257 5.981716 6.529217 11.280810 -17.681942 -6.052763 5.800639 -5.722575 -9.087212 12.514706 -13.441962 -3.265253 -7.790299 15.980991 -3.127146 6.874184
7.687537 -5.854619 5.969112 -13.588745 12.253142 -7.541108 16.876781 4.070176 -6.087157 -16.214548 -13.617706 2.478198 -21.379234 -6.795957 2.582026 5.984677 6.240174 11.603465 -17.615444 -5.971500 5.636819 -5.900765 -9.374158 12.601340 -13.390025 -3.163580 -7.529908 16.060150 -2.976966 6.775018
7.702960 -5.774940 6.304218 -13.837046 12.151423 -7.582060 16.765783 4.197168 -5.779005 -16.368841 -13.597723 2.559995 -21.727840 -6.785896 2.375540 5.964309 5.883536 11.965911 -17.546049 -5.934735 5.448878 -6.137724 -9.723306 12.683362 -13.303118 -3.012086 -7.238044 16.155731 -2.779624 6.656384
7.686031 -5.688162 6.653098 -14.101308 12.049111 -7.602183 16.701431 4.393337 -5.485140 -16.513140 -13.588717 2.588715 -22.118021 -6.799078 2.117711 5.951546 5.463904 12.400653 -17.440519 -5.984754 5.321815 -6.360084 -10.042387 12.785376 -13.238469 -2.878014 -7.016847 16.196396 -2.596839 6.470914
7.720620 -5.641504 6.911797 -14.330999 11.955790 -7.666775 16.655628 4.521036 -5.177737 -16.579567 -13.576640 2.622125 -22.488258 -6.799163 1.907622 5.962529 5.062074 12.868249 -17.326023 -5.948299 5.193152 -6.621457 -10.422218 12.914680 -13.126878 -2.676800 -6.727268 16.235260 -2.346607 6.251167
7.829458 -5.593776 7.129469 -14.584944 11.859556 -7.723684 16.626801 4.695644 -4.911281 -16.665443 -13.573725 2.616240 -22.819447 -6.777965 1.746004 5.957993 4.759760 13.277252 -17.217796 -5.962031 5.130750 -6.898196 -10.773552 13.082899 -13.016486 -2.504656 -6.554430 16.206062 -2.127790 5.865153
8.136302 -5.496001 7.345237 -14.832994 11.694734 -7.706713 16.505188 4.994386 -4.642310 -16.787580 -13.588382 2.586610 -23.278574 -6.770265 1.556092 5.838386 4.353452 13.691675 -17.113615 -6.307049 5.040192 -7.054039 -11.025251 13.241849 -12.936223 -2.401961 -6.329895 16.204777 -1.980051 5.644879
8.553827 -5.466508 7.445110 -15.087265 11.576483 -7.648297 16.342382 5.247504 -4.360652 -16.845673 -13.636970 2.511589 -23.618320 -6.731892 1.481872 5.678931 4.195938 14.026643 -16.995108 -6.570732 5.033133 -7.300900 -11.327069 13.517121 -12.898683 -2.261205 -6.274049 16.017666 -1.810794 5.134070
8.924980 -5.545493 7.695993 -15.295856 11.373296 -7.618165 16.172096 5.515066 -3.954366 -16.914228 -13.632294 2.497890 -24.207705 -6.700265 1.262033 5.599484 3.842530 14.451958 -16.825327 -6.885387 4.943732 -7.485198 -11.587305 13.857419 -12.891277 -2.172849 -6.190058 15.870789 -1.711345 4.541923
9.001917 -5.767552 7.961909 -15.374853 11.068257 -7.512116 16.210546 5.742964 -3.703053 -17.083754 -13.573659 2.480444 -24.861481 -6.655993 1.030006 5.575610 3.499087 14.851529 -16.591875 -7.262376 4.904970 -7.701649 -11.845236 14.160989 -12.895498 -2.065176 -6.246403 15.635458 -1.639967 3.950186
9.127876 -5.913801 8.352464 -15.404333 10.822492 -7.416167 16.231407 6.124983 -3.454931 -17.243422 -13.448305 2.404373 -25.186403 -6.705142 0.854310 5.635879 3.206549 14.894641 -16.499243 -7.745990 4.802085 -7.881561 -12.143929 14.418889 -13.004583 -1.994976 -6.176462 15.428004 -1.557156 3.494948
9.157380 -6.071673 8.730828 -15.382519 10.602180 -7.253690 16.263945 6.526813 -3.299118 -17.417566 -13.302643 2.384187 -25.605024 -6.725080 0.644126 5.680488 2.937441 14.966706 -16.393787 -8.148111 4.762880 -8.007156 -12.319191 14.515679 -13.060631 -1.936495 -6.218841 15.268843 -1.508807 3.210445
9.221787 -6.153906 9.098081 -15.325553 10.337100 -7.168561 16.364258 6.844709 -3.203258 -17.595524 -13.192966 2.349814 -25.797750 -6.754591 0.446893 5.842128 2.653316 14.943598 -16.338514 -8.424679 4.694042 -8.175138 -12.508162 14.523803 -13.212167 -1.860939 -6.307028 15.070062 -1.430300 2.886885
9.289477 -6.170713 9.373986 -15.330791 10.116879 -7.066835 16.454491 7.078758 -3.188540 -17.779005 -13.057234 2.366212 -26.051435 -6.814723 0.284296 5.982416 2.448011 14.827125 -16.276461 -8.708460 4.639866 -8.285774 -12.680056 14.544970 -13.314431 -1.820123 -6.296858 14.950135 -1.365203 2.736367
9.297898 -6.184632 9.627643 -15.281076 9.976558 -6.994836 16.534054 7.220271 -3.148301 -17.829439 -12.938766 2.398314 -26.246819 -6.862201 0.108258 6.209652 2.229268 14.726600 -16.179522 -8.861268 4.620668 -8.380451 -12.801048 14.517284 -13.404172 -1.798320 -6.276920 14.883227 -1.286552 2.672510
9.292807 -6.180248 9.820004 -15.268239 9.882799 -6.921064 16.571386 7.308040 -3.107648 -17.865610 -12.872858 2.409500 -26.391006 -6.872421 0.026085 6.331260 2.121023 14.701255 -16.086535 -8.954573 4.650692 -8.436055 -12.842792 14.468093 -13.437837 -1.772120 -6.334345 14.819763 -1.249202 2.633626
9.303417 -6.123708 9.989001 -15.264855 9.809731 -6.863266 16.599180 7.408043 -3.099430 -17.923370 -12.848721 2.405542 -26.426666 -6.891908 0.003247 6.373215 2.082726 14.653001 -16.063086 -9.035673 4.646716 -8.490933 -12.908119 14.451453 -13.481958 -1.749518 -6.328138 14.784300 -1.201160 2.582404
9.294012 -6.122216 10.051852 -15.248991 9.760404 -6.847760 16.642288 7.424302 -3.116703 -17.950418 -12.823587 2.396037 -26.425928 -6.899835 -0.016243 6.429399 2.052791 14.585250 -16.050863 -9.104099 4.638107 -8.498330 -12.930814 14.455876 -13.491691 -1.749628 -6.312838 14.778156 -1.195557 2.577958
9.291428 -6.112138 10.068509 -15.313570 9.765801 -6.848414 16.646183 7.339081 -3.085413 -17.939331 -12.854229 2.433053 -26.463463 -6.892283 -0.028680 6.385902 2.045037 14.687087 -16.044006 -8.993809 4.601285 -8.491255 -12.964340 14.477305 -13.539311 -1.758147 -6.230791 14.783949 -1.178863 2.599283
9.325128 -6.082840 10.112085 -15.507823 9.784857 -6.834486 16.622416 7.133011 -2.989095 -17.913130 -12.890257 2.524132 -26.525976 -6.859322 -0.083373 6.384436 2.020947 14.828579 -16.008749 -8.740623 4.481828 -8.449751 -13.064244 14.600221 -13.622960 -1.795215 -5.950402 14.834580 -1.154640 2.659008
9.317106 -5.965849 10.221025 -15.818946 9.857430 -6.797426 16.622694 6.756063 -2.882240 -17.858919 -12.914915 2.617428 -26.590948 -6.792130 -0.116017 6.384762 2.080757 14.997249 -15.940432 -8.437515 4.343796 -8.396216 -13.177725 14.647811 -13.835877 -1.813890 -5.570930 14.861361 -1.072660 2.801384
9.319532 -6.106595 10.207252 -15.976707 9.809468 -6.833776 16.711384 6.255542 -2.791321 -17.808935 -12.906998 2.870382 -26.709080 -6.675636 -0.206970 6.486198 2.215586 15.158688 -15.857108 -7.751578 4.201028 -8.295840 -13.242143 14.655892 -14.070643 -1.843544 -5.141419 14.935683 -0.994234 3.046772
9.181257 -6.430264 10.376959 -15.981382 9.398659 -7.243593 17.095024 5.662800 -2.610759 -17.860334 -12.994287 3.150034 -26.863073 -6.497724 -0.319455 6.598698 2.278970 15.524380 -15.706055 -6.908784 3.963334 -8.315078 -13.508146 14.662700 -14.311397 -1.842449 -4.508218 15.056884 -0.819435 3.398572
8.858501 -6.572888 10.914470 -16.091211 8.985337 -7.570568 17.643955 4.851136 -2.419874 -17.877981 -12.969240 3.475240 -27.124334 -6.368897 -0.349331 6.711449 2.534006 15.817143 -15.453499 -5.949586 3.652824 -8.351167 -13.870840 14.657420 -14.563163 -1.771959 -3.620714 15.228477 -0.570758 4.156123
8.620632 -6.902184 11.454311 -16.009211 8.668340 -7.912652 18.091673 3.731838 -2.017776 -17.658068 -12.856088 3.990553 -27.410908 -6.203092 -0.341886 6.778282 3.093750 15.922915 -15.227458 -4.703910 3.390813 -8.344411 -14.186654 14.565099 -14.853520 -1.791541 -2.766919 15.407269 -0.378653 5.097084
8.297745 -7.227821 11.801239 -16.032440 8.309552 -8.486542 18.459848 3.211559 -1.776596 -17.717680 -12.822948 4.495090 -27.718472 -5.884856 -0.270887 7.074007 3.728192 15.895724 -14.857745 -3.569877 3.102298 -8.598583 -14.862999 14.391816 -15.175311 -1.699421 -1.704618 15.558348 0.056636 6.167534
7.940963 -7.482390 11.837533 -16.083061 8.262645 -9.236653 18.665859 2.727202 -1.514806 -17.568861 -12.704197 4.944701 -28.168018 -5.436984 -0.199636 7.444595 4.532376 15.598827 -14.325528 -2.982128 2.897505 -8.482850 -14.967211 14.233695 -15.400066 -1.644894 -1.104881 15.666882 0.146538 7.216514
7.371942 -7.525645 11.464610 -16.542128 8.567629 -9.530739 18.418251 2.325779 -1.373868 -17.539122 -12.485580 5.050179 -28.516378 -5.043494 -0.033794 7.461587 5.443277 15.501298 -14.057331 -2.661819 2.624647 -8.250928 -15.024265 14.167407 -15.906883 -1.666385 -0.448115 15.609833 0.210422 8.037781
6.753091 -7.308153 11.323564 -17.318281 8.625452 -10.402506 18.316093 2.007944 -1.001418 -17.581656 -12.441198 5.193258 -28.565601 -4.710037 0.130378 7.414769 6.129760 15.364138 -13.920020 -2.217244 2.407050 -8.040165 -15.203579 14.158299 -16.525034 -1.797972 0.020811 15.315099 0.195015 8.518227
5.953799 -7.146875 10.894238 -18.160929 8.598605 -11.180658 18.244175 1.829953 -0.816014 -17.698801 -12.552814 5.378791 -28.839100 -4.091074 0.301803 7.261436 6.934892 15.361643 -13.793862 -1.997566 2.165722 -7.808947 -15.251309 14.020661 -17.114788 -1.906085 0.206577 14.970881 0.092077 8.969109
5.169612 -7.311194 10.262424 -18.609886 8.580474 -11.705220 18.306246 1.724723 -0.856708 -17.761633 -12.776546 5.536575 -28.726875 -3.739273 0.432364 7.042276 7.407794 15.269899 -13.944539 -1.800126 1.944745 -7.611513 -15.301281 13.933197 -17.636318 -2.058055 0.372578 14.653559 -0.048674 9.488071
4.136075 -7.627952 9.568635 -18.860899 8.564120 -12.255228 18.602747 1.624400 -1.099210 -17.749262 -13.248833 5.916419 -28.753002 -3.131322 0.601272 6.751238 8.170642 14.981349 -13.941704 -1.787276 1.876446 -7.335181 -15.246046 13.822730 -18.185722 -2.278026 0.450050 14.319606 -0.223870 10.049576
3.355496 -7.762281 9.023610 -19.393812 8.573098 -12.498823 18.625257 1.449635 -1.165663 -17.872896 -13.781349 6.238593 -28.816139 -2.432959 0.757001 6.596883 8.995058 14.517201 -13.850031 -1.937885 1.806054 -7.012248 -15.218002 13.971673 -18.705179 -2.409741 0.521504 13.900902 -0.377516 10.250034
2.816860 -8.142920 8.379611 -19.739941 8.475863 -12.865975 18.657974 1.207547 -1.237115 -18.034342 -14.187768 6.467646 -28.842125 -1.854461 1.056269 6.403284 9.855562 14.165162 -13.657946 -1.931584 1.893080 -6.753174 -15.111731 13.989070 -18.940510 -2.502851 0.552091 13.739725 -0.429893 10.370121
2.268621 -8.558824 7.849313 -20.189596 8.285787 -13.034891 18.558691 0.883637 -1.167915 -18.220406 -14.581764 6.612482 -28.951653 -1.156659 1.247531 6.437433 10.557345 13.945981 -13.366717 -2.045839 1.952942 -6.392587 -14.974554 13.954791 -19.326096 -2.589996 0.624625 13.502179 -0.503422 10.607834
1.979723 -8.926762 7.449625 -20.487606 8.193155 -13.039118 18.424101 0.559025 -1.112833 -18.334038 -14.775095 6.657796 -28.927546 -0.898207 1.363093 6.394048 10.878010 13.755847 -13.310565 -2.168077 2.005967 -6.088348 -14.796560 13.926059 -19.559517 -2.682118 0.626675 13.366195 -0.608722 10.771832
1.919482 -9.071003 7.182731 -20.593019 8.243300 -13.038927 18.274891 0.414793 -1.090318 -18.330206 -14.923428 6.685742 -28.865238 -0.641250 1.499736 6.408189 11.151101 13.554710 -13.247996 -2.256336 2.012746 -5.946295 -14.730366 13.859406 -19.610094 -2.706033 0.612040 13.337896 -0.647912 10.834851
1.908656 -9.116679 7.104188 -20.626333 8.256430 -13.063712 18.238857 0.366066 -1.079674 -18.323832 -14.952602 6.678166 -28.857849 -0.574448 1.519630 6.420860 11.213051 13.521863 -13.231299 -2.280835 2.046046 -5.901231 -14.699475 13.843272 -19.653179 -2.702906 0.607417 13.303759 -0.638025 10.866739
1.870109 -9.108408 7.096147 -20.615488 8.300121 -12.952953 18.208138 0.354501 -1.106232 -18.322950 -14.965303 6.674017 -28.835289 -0.528879 1.554278 6.427064 11.265272 13.494957 -13.230825 -2.285904 2.015875 -5.868271 -14.701048 13.846554 -19.659630 -2.725347 0.613859 13.302061 -0.676676 10.871619
1.738361 -8.959709 7.118278 -20.634779 8.448191 -12.737623 18.123619 0.392178 -1.141268 -18.263369 -15.033653 6.636245 -28.723591 -0.462515 1.593441 6.488697 11.243982 13.466920 -13.244509 -2.323867 2.000143 -5.779684 -14.659572 13.843225 -19.696232 -2.779673 0.568799 13.261189 -0.779239 10.891344
1.605709 -8.760916 7.190984 -20.682055 8.655580 -12.469898 18.002651 0.331311 -1.140927 -18.163141 -15.109279 6.594650 -28.529903 -0.317941 1.732053 6.584479 11.334550 13.379878 -13.263019 -2.310856 1.998418 -5.644106 -14.527206 13.830437 -19.694941 -2.862932 0.466810 13.248974 -0.938718 10.903553
1.464196 -8.449636 7.240797 -20.716818 8.955321 -12.155697 17.854568 0.342691 -1.183247 -18.015347 -15.190450 6.516246 -28.202763 -0.089618 1.903537 6.834119 11.410690 13.212220 -13.307321 -2.273519 1.977666 -5.562561 -14.396099 13.840234 -19.633621 -2.932443 0.301573 13.239273 -1.124157 10.900100
1.317644 -8.000772 7.336863 -20.828711 9.422462 -11.573928 17.540501 0.305302 -1.250125 -17.833982 -15.206531 6.435304 -27.905331 0.046711 2.075566 7.120221 11.434268 13.010514 -13.349114 -2.250194 1.930301 -5.337892 -14.149229 13.888133 -19.585583 -3.010402 0.067218 13.188895 -1.419947 10.862672
1.208507 -7.732038 7.465471 -20.962690 9.743366 -10.956742 17.293724 0.141523 -1.304545 -17.767933 -15.210919 6.314086 -27.553478 0.210894 2.304609 7.378905 11.585497 12.760034 -13.421865 -2.287029 1.853958 -5.090841 -13.864779 13.912318 -19.546871 -3.133117 -0.157112 13.163139 -1.758601 10.893301
1.086633 -7.419229 7.589509 -21.146494 10.196786 -10.239863 16.902292 -0.058852 -1.335684 -17.641714 -15.296485 6.164052 -26.989925 0.357821 2.634260 7.649922 11.921210 12.322513 -13.513467 -2.214293 1.804136 -4.843626 -13.528893 13.980256 -19.424328 -3.255317 -0.507791 13.156156 -2.157062 10.918834
0.916508 -7.313527 7.774303 -21.102926 10.507261 -9.307369 16.663990 -0.381806 -1.483553 -17.606056 -15.525762 6.019360 -26.359200 0.779965 3.096499 8.135707 12.387046 11.738378 -13.380881 -2.199414 1.798580 -4.495199 -13.143703 14.017842 -19.345377 -3.420273 -0.751505 13.207082 -2.519570 10.927065
0.828272 -7.563927 7.670125 -20.823067 10.636684 -8.455401 16.599470 -0.645138 -1.835498 -17.632322 -15.563569 5.945816 -26.047245 0.866499 3.369413 8.212141 12.852132 11.281842 -13.389095 -2.254607 1.853265 -4.086642 -12.719015 13.976473 -19.173569 -3.626164 -0.991604 13.373751 -2.861245 10.868552
0.741506 -7.910021 7.554271 -20.373142 10.664641 -7.880559 16.646011 -0.838968 -2.148985 -17.613468 -15.696760 5.881414 -25.746433 0.995659 3.612643 8.308931 13.196239 10.845692 -13.356843 -2.380805 2.107054 -3.840808 -12.262344 13.995801 -18.851068 -3.794906 -1.370813 13.567937 -3.111205 10.756001
0.708715 -8.477041 7.286014 -19.759384 10.519336 -7.436589 16.884949 -1.188879 -2.544228 -17.621489 -15.782736 5.764936 -25.409456 0.967851 3.830378 8.210070 13.641379 10.394566 -13.429200 -2.577152 2.379605 -3.518234 -11.817398 14.040177 -18.556255 -4.021505 -1.662019 13.749246 -3.373078 10.683365
0.784510 -9.085772 6.888093 -19.114153 10.349423 -7.326825 17.218258 -1.372560 -2.902537 -17.549639 -15.865194 5.783815 -25.157784 0.867456 4.038975 7.956825 14.041922 9.969001 -13.554774 -2.683521 2.567119 -3.260774 -11.422171 14.014312 -18.266357 -4.234488 -1.956010 13.971200 -3.610606 10.657682
0.919033 -9.589848 6.373553 -18.590036 10.219006 -7.093674 17.507362 -1.804974 -3.369917 -17.541456 -15.931648 5.775154 -24.731077 0.613394 4.300004 7.736253 14.304085 9.478694 -13.749710 -2.820640 2.754523 -3.046240 -11.071268 13.997802 -18.027859 -4.435518 -2.335231 14.089346 -3.885601 10.661022
1.148146 -9.933499 5.803296 -18.202230 10.096223 -7.043601 17.806086 -2.242856 -3.847946 -17.554556 -15.983162 5.758113 -24.305763 0.442347 4.548196 7.575067 14.526388 9.040484 -13.934312 -2.890159 2.976564 -2.843559 -10.660170 13.884818 -17.858135 -4.620212 -2.785189 14.170454 -4.149017 10.751266
1.317447 -10.279858 5.270025 -17.883881 9.932275 -7.009613 18.026138 -2.665182 -4.260179 -17.656677 -16.031668 5.719458 -23.915359 0.438644 4.806113 7.475072 14.873232 8.657763 -14.052660 -2.918463 3.086419 -2.775415 -10.390623 13.792250 -17.786108 -4.702661 -3.008262 14.233901 -4.253829 10.882689
1.384269 -10.737234 4.826468 -17.550650 9.733697 -6.911337 18.239666 -3.054281 -4.631502 -17.766310 -16.058968 5.679577 -23.495113 0.301310 5.003855 7.316900 15.167043 8.275562 -14.246394 -2.878480 3.235569 -2.599897 -10.074247 13.553025 -17.808735 -4.811337 -3.217292 14.276646 -4.351480 11.126697
1.435740 -11.080698 4.512901 -17.209534 9.690621 -6.762270 18.316978 -3.225107 -4.900765 -17.785675 -16.089478 5.606163 -23.131752 0.058620 5.056845 7.153746 15.239821 8.027968 -14.479537 -2.923954 3.333051 -2.592118 -9.888418 13.392701 -17.714642 -4.847761 -3.379080 14.366314 -4.378531 11.253988
1.410951 -11.336786 4.275900 -17.037052 9.677803 -6.638931 18.341742 -3.365208 -5.071340 -17.822834 -16.154671 5.613171 -22.948631 0.061372 5.081025 7.163390 15.307330 7.895960 -14.567281 -2.868940 3.416569 -2.557740 -9.700960 13.242036 -17.692757 -4.880160 -3.542079 14.393847 -4.427362 11.410234
1.450677 -11.400253 4.186730 -16.903580 9.681596 -6.600616 18.368513 -3.357682 -5.176365 -17.814419 -16.190002 5.603527 -22.822708 0.038477 5.079786 7.187454 15.300931 7.806170 -14.632127 -2.861818 3.483025 -2.547293 -9.576811 13.155925 -17.669670 -4.883222 -3.648233 14.408210 -4.445366 11.513655
1.445363 -11.428726 4.121461 -16.879908 9.670196 -6.593222 18.381535 -3.381648 -5.220625 -17.824484 -16.222431 5.608248 -22.752855 0.063419 5.103700 7.203442 15.345543 7.727366 -14.650214 -2.863321 3.494302 -2.541107 -9.533466 13.125600 -17.663948 -4.885382 -3.675430 14.419435 -4.454250 11.553877
1.445363 -11.428726 4.121461 -16.879908 9.670196 -6.593222 18.381535 -3.381648 -5.220625 -17.824484 -16.222431 5.608248 -22.752855 0.063419 5.103700 7.203442 15.345543 7.727366 -14.650214 -2.863321 3.494302 -2.541107 -9.533466 13.125600 -17.663948 -4.885382 -3.675430 14.419435 -4.454250 11.553877
1.445363 -11.428726 4.121461 -16.879908 9.670196 -6.593222 18.381535 -3.381648 -5.220625 -17.824484 -16.222431 5.608248 -22.752855 0.063419 5.103700 7.203442 15.345543 7.727366 -14.650214 -2.863321 3.494302 -2.541107 -9.533466 13.125600 -17.663948 -4.885382 -3.675430 14.419435 -4.454250 11.553877
1.445363 -11.428726 4.121461 -16.879908 9.670196 -6.593222 18.381535 -3.381648 -5.220625 -17.824484 -16.222431 5.608248 -22.752855 0.063419 5.103700 7.203442 15.345543 7.727366 -14.650214 -2.863321 3.494302 -2.541107 -9.533466 13.125600 -17.663948 -4.885382 -3.675430 14.419435 -4.454250 11.553877
1.445363 -11.428726 4.121461 -16.879908 9.670196 -6.593222 18.381535 -3.381648 -5.220625 -17.824484 -16.222431 5.608248 -22.752855 0.063419 5.103700 7.203442 15.345543 7.727366 -14.650214 -2.863321 3.494302 -2.541107 -9.533466 13.125600 -17.663948 -4.885382 -3.675430 14.419435 -4.454250 11.553877
1.445363 -11.428726 4.121461 -16.879908 9.670196 -6.593222 18.381535 -3.381648 -5.220625 -17.824484 -16.222431 5.608248 -22.752855 0.063419 5.103700 7.203442 15.345543 7.727366 -14.650214 -2.863321 3.494616 -2.540601 -9.533491 13.125949 -17.663609 -4.885054 -3.675344 14.419161 -4.454221 11.553531
1.445363 -11.428726 4.121461 -16.879908 9.670196 -6.593222 18.381535 -3.381648 -5.220625 -17.824484 -16.222431 5.608248 -22.752855 0.063419 5.103700 7.203442 15.345543 7.727366 -14.650214 -2.863321 3.494616 -2.540601 -9.533491 13.125949 -17.663609 -4.885054 -3.675344 14.419161 -4.454221 11.553531
1.445363 -11.428726 4.121461 -16.879908 9.670196 -6.593222 18.381535 -3.381648 -5.220625 -17.824484 -16.222431 5.608248 -22.752855 0.063419 5.103700 7.203442 15.345543 7.727366 -14.650214 -2.863321 3.494616 -2.540601 -9.533491 13.125949 -17.663609 -4.885054 -3.675344 14.419161 -4.454221 11.553531
1.445363 -11.428726 4.121461 -16.879908 9.670196 -6.593222 18.381535 -3.381648 -5.220625 -17.824484 -16.222431 5.608248 -22.752855 0.063419 5.103700 7.203442 15.345543 7.727366 -14.650214 -2.863321 3.494616 -2.540601 -9.533491 13.125949 -17.663609 -4.885054 -3.675344 14.419161 -4.454221 11.553531
1.445363 -11.428726 4.121461 -16.879908 9.670196 -6.593222 18.381535 -3.381648 -5.220625 -17.824484 -16.222431 5.608248 -22.752855 0.063419 5.103700 7.203442 15.345543 7.727366 -14.650214 -2.863321 3.494616 -2.540601 -9.533491 13.125949 -17.663609 -4.885054 -3.675344 14.419161 -4.454221 11.553531
1.446280 -11.426744 4.125692 -16.879078 9.670627 -6.590958 18.379725 -3.380403 -5.219427 -17.826994 -16.222830 5.612020 -22.752077 0.066876 5.111959 7.202840 15.342462 7.725695 -14.651459 -2.864360 3.495437 -2.538157 -9.534320 13.124890 -17.662365 -4.883783 -3.673974 14.419478 -4.454047 11.554474
1.446280 -11.426744 4.125692 -16.879078 9.670627 -6.590958 18.379725 -3.380403 -5.219427 -17.826994 -16.222830 5.612020 -22.752077 0.066876 5.111959 7.202840 15.342462 7.725695 -14.651459 -2.864360 3.495437 -2.538157 -9.534320 13.124890 -17.662365 -4.883783 -3.673974 14.419478 -4.454047 11.554474
1.446280 -11.426744 4.125692 -16.879078 9.670627 -6.590958 18.379725 -3.380403 -5.219427 -17.826994 -16.222830 5.612020 -22.752077 0.066876 5.111959 7.202840 15.342462 7.725695 -14.651459 -2.864360 3.495437 -2.538157 -9.534320 13.124890 -17.662365 -4.883783 -3.673974 14.419478 -4.454047 11.554474
1.445796 -11.426693 4.126969 -16.878325 9.671013 -6.590676 18.379446 -3.380960 -5.218697 -17.828283 -16.227486 5.631058 -22.754284 0.075993 5.117171 7.202082 15.339311 7.720194 -14.651334 -2.873615 3.498226 -2.533365 -9.535194 13.124461 -17.658833 -4.883450 -3.672691 14.418360 -4.454824 11.549526
1.445796 -11.426693 4.126969 -16.878325 9.671013 -6.590676 18.379446 -3.380960 -5.218697 -17.828283 -16.227486 5.631058 -22.754284 0.075993 5.117171 7.202082 15.339311 7.720194 -14.651334 -2.873615 3.498226 -2.533365 -9.535194 13.124461 -17.658833 -4.883450 -3.672691 14.418360 -4.454824 11.549526
4.526109 -6.881741 1.929815 -21.496988 5.503908 -8.040560 21.421143 -5.549814 -9.693122 -20.253496 -16.068348 5.977261 -23.828785 -5.413632 0.224001 4.408870 15.369929 7.149897 -16.015463 1.447042 2.019578 1.288042 -10.497908 12.794627 -15.520891 -0.286104 -2.837328 13.372150 -3.708139 10.659286
4.526109 -6.881741 1.929815 -21.496988 5.503908 -8.040560 21.421143 -5.549814 -9.693122 -20.253496 -16.068348 5.977261 -23.828785 -5.413632 0.224001 4.408870 15.369929 7.149897 -16.015463 1.447042 2.019578 1.288042 -10.497908 12.794627 -15.520891 -0.286104 -2.837328 13.372150 -3.708139 10.659286
4.526109 -6.881741 1.929815 -21.496988 5.503908 -8.040560 21.421143 -5.549814 -9.693122 -20.253496 -16.068348 5.977261 -23.828785 -5.413632 0.224001 4.408870 15.369929 7.149897 -16.015463 1.447042 2.019578 1.288042 -10.497908 12.794627 -15.520891 -0.286104 -2.837328 13.372150 -3.708139 10.659286
4.526109 -6.881741 1.929815 -21.496988 5.503908 -8.040560 21.421143 -5.549814 -9.693122 -20.253496 -16.068348 5.977261 -23.828785 -5.413632 0.224001 4.408870 15.369929 7.149897 -16.015463 1.447042 2.019578 1.288042 -10.497908 12.794627 -15.520891 -0.286104 -2.837328 13.372150 -3.708139 10.659286
4.526109 -6.881741 1.929815 -21.496988 5.503908 -8.040560 21.421143 -5.549814 -9.693122 -20.253496 -16.068348 5.977261 -23.828785 -5.413632 0.224001 4.408870 15.369929 7.149897 -16.015463 1.447042 2.019578 1.288042 -10.497908 12.794627 -15.520891 -0.286104 -2.837328 13.372150 -3.708139 10.659286
1.867515 -10.065237 3.955194 -17.814846 8.733953 -7.271476 19.192122 -3.843022 -6.158700 -18.470354 -16.356730 6.081375 -22.891113 -0.410883 4.456417 6.911175 14.955999 7.527735 -14.934898 -2.449332 3.037302 -2.490748 -9.468479 13.144241 -17.712105 -4.063354 -3.578082 14.318345 -4.287929 11.249636
1.320155 -11.212488 4.368659 -16.942373 9.249609 -7.269479 18.591486 -3.357635 -5.243108 -17.952528 -16.249613 5.574886 -22.695496 0.173741 5.234729 7.195772 15.108212 7.754985 -14.673369 -2.747625 3.451383 -2.401361 -9.637943 13.007900 -17.577366 -4.734431 -3.356325 14.509864 -4.140753 11.295273
1.357711 -11.456182 4.208760 -16.845011 9.698242 -6.525010 18.349152 -3.368130 -5.169728 -17.804197 -16.286535 5.666947 -22.710693 0.108347 5.155965 7.243287 15.213302 7.724519 -14.633399 -2.886617 3.473343 -2.517465 -9.550156 13.087552 -17.644558 -4.929619 -3.633686 14.452893 -4.449914 11.506870
1.436898 -11.438843 4.152597 -16.859045 9.674043 -6.601021 18.376335 -3.378196 -5.198844 -17.835218 -16.241718 5.642372 -22.745312 0.084784 5.125528 7.209436 15.315937 7.713752 -14.648899 -2.878552 3.489539 -2.542222 -9.533344 13.120317 -17.670521 -4.896186 -3.660446 14.427583 -4.452264 11.548537
1.462201 -11.444540 4.135092 -16.856571 9.666906 -6.609190 18.365475 -3.385894 -5.210063 -17.849806 -16.202051 5.650396 -22.770378 0.100060 5.182217 7.186096 15.344029 7.707125 -14.657434 -2.854386 3.517752 -2.550748 -9.530613 13.128625 -17.671843 -4.859139 -3.693682 14.397270 -4.438555 11.565696
1.462207 -11.444297 4.135170 -16.856365 9.666831 -6.608714 18.365568 -3.385739 -5.210456 -17.849800 -16.201687 5.650278 -22.770676 0.100342 5.182016 7.186608 15.344131 7.706672 -14.656914 -2.854897 3.519717 -2.551657 -9.530610 13.129144 -17.672661 -4.861259 -3.694733 14.397588 -4.439000 11.566849
1.468668 -11.444786 4.128715 -16.860037 9.669206 -6.612687 18.365479 -3.385875 -5.208672 -17.849241 -16.198624 5.644794 -22.772476 0.097128 5.177727 7.185693 15.352953 7.707689 -14.656484 -2.847088 3.516242 -2.555476 -9.531067 13.128695 -17.674107 -4.860767 -3.695040 14.397874 -4.439222 11.567247
1.467102 -11.441831 4.127828 -16.859276 9.666516 -6.599915 18.365892 -3.384984 -5.217600 -17.852470 -16.201328 5.650538 -22.771347 0.099585 5.182167 7.186699 15.344115 7.706553 -14.656190 -2.855227 3.515846 -2.555219 -9.532503 13.129003 -17.668533 -4.857944 -3.698001 14.395434 -4.439803 11.566595
1.467209 -11.442386 4.127546 -16.859148 9.666905 -6.599730 18.365311 -3.384544 -5.216965 -17.852076 -16.201920 5.648795 -22.769653 0.101031 5.182045 7.189024 15.342490 7.708657 -14.656174 -2.853958 3.515532 -2.555725 -9.532477 13.128654 -17.668873 -4.858271 -3.698087 14.395708 -4.439832 11.566942
1.470537 -11.438789 4.104250 -16.875320 9.667418 -6.605918 18.383518 -3.382110 -5.224168 -17.821766 -16.204975 5.599715 -22.762035 0.058358 5.113184 7.194431 15.372533 7.727367 -14.648674 -2.845642 3.507526 -2.549226 -9.531332 13.131520 -17.667393 -4.870665 -3.686642 14.405899 -4.446842 11.559365
1.450642 -11.428171 4.114513 -16.883278 9.671741 -6.595595 18.389696 -3.381737 -5.222250 -17.815672 -16.224308 5.602592 -22.751978 0.056794 5.088471 7.204917 15.350866 7.730558 -14.648391 -2.857202 3.495868 -2.549259 -9.532803 13.125442 -17.668415 -4.885416 -3.680363 14.417452 -4.452454 11.556561
1.449942 -11.428022 4.115014 -16.883106 9.671378 -6.595546 18.389906 -3.381592 -5.222283 -17.815752 -16.224634 5.600894 -22.751274 0.056226 5.085817 7.206356 15.348050 7.731245 -14.648133 -2.856776 3.496670 -2.548941 -9.532310 13.126246 -17.667641 -4.884223 -3.680540 14.417828 -4.452093 11.556775
1.449942 -11.428022 4.115014 -16.883106 9.671378 -6.595546 18.389906 -3.381592 -5.222283 -17.815752 -16.224634 5.600894 -22.751274 0.056226 5.085817 7.206356 15.348050 7.731245 -14.648133 -2.856776 3.496670 -2.548941 -9.532310 13.126246 -17.667641 -4.884223 -3.680540 14.417828 -4.452093 11.556775
1.449942 -11.428022 4.115014 -16.883106 9.671378 -6.595546 18.389906 -3.381592 -5.222283 -17.815752 -16.224634 5.600894 -22.751274 0.056226 5.085817 7.206356 15.348050 7.731245 -14.648133 -2.856776 3.496356 -2.549446 -9.532286 13.125896 -17.667980 -4.884551 -3.680625 14.418100 -4.452121 11.557119
1.449942 -11.428022 4.115014 -16.883106 9.671378 -6.595546 18.389906 -3.381592 -5.222283 -17.815752 -16.224634 5.600894 -22.751274 0.056226 5.085817 7.206356 15.348050 7.731245 -14.648133 -2.856776 3.496670 -2.548941 -9.532310 13.126246 -17.667641 -4.884223 -3.680540 14.417828 -4.452093 11.556775
1.459374 -11.429492 4.105437 -16.887445 9.672318 -6.599560 18.391613 -3.380747 -5.222679 -17.810650 -16.207987 5.594546 -22.759867 0.055967 5.103914 7.198923 15.367862 7.729741 -14.648190 -2.840602 3.511584 -2.546589 -9.531261 13.132378 -17.665680 -4.867085 -3.687109 14.403080 -4.445515 11.559413
1.459374 -11.429492 4.105437 -16.887445 9.672318 -6.599560 18.391613 -3.380747 -5.222679 -17.810650 -16.207714 5.594491 -22.759951 0.055950 5.104096 7.198658 15.368478 7.729586 -14.648214 -2.840566 3.511388 -2.548949 -9.531221 13.132016 -17.666721 -4.867303 -3.687744 14.403677 -4.445261 11.560423
1.459374 -11.429492 4.105437 -16.887445 9.672318 -6.599560 18.391613 -3.380747 -5.222679 -17.810650 -16.207714 5.594491 -22.759951 0.055950 5.104096 7.198658 15.368478 7.729586 -14.648214 -2.840566 3.511700 -2.548445 -9.531247 13.132367 -17.666382 -4.866976 -3.687658 14.403403 -4.445233 11.560078
1.471302 -11.435659 4.106818 -16.877085 9.670495 -6.607674 18.381027 -3.382844 -5.220324 -17.823830 -16.204899 5.596727 -22.761799 0.058111 5.110195 7.195474 15.373566 7.728276 -14.648088 -2.841795 3.508618 -2.549699 -9.531579 13.130404 -17.666376 -4.870636 -3.688129 14.405956 -4.445729 11.559320
1.471302 -11.435659 4.106818 -16.877085 9.670495 -6.607674 18.381027 -3.382844 -5.220324 -17.823830 -16.204899 5.596727 -22.761799 0.058111 5.110195 7.195474 15.373566 7.728276 -14.648088 -2.841795 3.508618 -2.549699 -9.531579 13.130404 -17.666376 -4.870636 -3.688129 14.405956 -4.445729 11.559320
1.471302 -11.435659 4.106818 -16.877085 9.670495 -6.607674 18.381027 -3.382844 -5.220324 -17.823830 -16.204899 5.596727 -22.761799 0.058111 5.110195 7.195474 15.373566 7.728276 -14.648088 -2.841795 3.508305 -2.550204 -9.531555 13.130055 -17.666718 -4.870963 -3.688215 14.406229 -4.445757 11.559664
