1.378425 -20.810949 5.968310 -5.821487 23.059513 -5.286090 8.824829 11.325998 5.486547 -3.841220 -14.199934 0.419567 -24.007874 -17.035486 12.763364 7.791428 -1.929311 -0.515291 -6.720510 7.318628 2.545855 -7.090529 -3.320216 8.006255 -18.839512 5.691015 -3.212766 18.860241 5.421745 1.459949
1.413524 -20.769358 6.052821 -5.945419 23.052898 -5.323087 8.770746 11.359238 5.600700 -3.881612 -14.179749 0.470774 -24.228645 -17.032747 12.651910 7.798484 -2.080678 -0.298571 -6.629666 7.374783 2.509959 -7.122463 -3.426688 8.064419 -18.799025 5.685876 -3.074905 18.903000 5.452460 1.500621
1.457501 -20.700396 6.191670 -6.128185 23.047264 -5.359483 8.684052 11.439216 5.771593 -3.938940 -14.139353 0.526720 -24.510302 -17.032839 12.499269 7.793314 -2.336238 -0.018720 -6.540886 7.414080 2.448486 -7.247688 -3.683505 8.212654 -18.697964 5.711932 -2.868238 18.938662 5.524583 1.459650
1.467038 -20.610361 6.389566 -6.336214 23.014488 -5.379281 8.605952 11.580124 5.956115 -4.038058 -14.132322 0.570306 -24.742899 -17.038261 12.332942 7.792212 -2.602636 0.244511 -6.510444 7.437859 2.404457 -7.379550 -3.922626 8.352077 -18.593540 5.742682 -2.668832 18.987171 5.608950 1.425217
1.490145 -20.471575 6.692039 -6.622547 22.956497 -5.470142 8.482612 11.720383 6.262180 -4.166957 -14.137081 0.616437 -25.033699 -17.045710 12.120379 7.800459 -2.935266 0.528262 -6.470274 7.403166 2.363698 -7.552627 -4.223433 8.527152 -18.442381 5.777996 -2.445283 19.034994 5.707391 1.356048
1.455371 -20.342911 6.971717 -6.912079 22.937412 -5.517862 8.376812 11.924967 6.536445 -4.271321 -14.138988 0.649268 -25.394188 -17.037582 11.895623 7.813013 -3.346136 0.903857 -6.385949 7.316694 2.341105 -7.718758 -4.504257 8.741471 -18.299927 5.812515 -2.302777 19.023323 5.766686 1.208951
1.412662 -20.207975 7.203472 -7.175214 22.953320 -5.582397 8.240790 12.080601 6.828339 -4.316454 -14.137022 0.679241 -25.758743 -17.033937 11.659108 7.852628 -3.780511 1.321136 -6.304769 7.300159 2.257845 -7.911453 -4.813327 8.968900 -18.125546 5.923562 -2.170727 19.003397 5.830754 1.057787
1.375795 -20.102049 7.508727 -7.506196 22.896824 -5.601072 8.145638 12.261068 7.164841 -4.419255 -14.164822 0.699059 -26.126244 -16.980396 11.465865 7.839544 -4.120749 1.721406 -6.205775 7.236552 2.182527 -8.103398 -5.106243 9.253237 -17.973118 5.987882 -2.158659 18.898836 5.818088 0.724304
1.618643 -20.018396 7.866098 -7.799482 22.726685 -5.463737 7.990446 12.564005 7.488645 -4.623349 -14.129213 0.587342 -26.558567 -16.924368 11.222417 7.762135 -4.407175 2.105276 -6.131174 6.911777 2.061643 -8.214734 -5.335523 9.491508 -17.871571 6.007146 -2.079878 18.831295 5.781856 0.529766
1.972686 -19.987476 8.190879 -7.938888 22.444061 -5.327507 7.952258 12.753308 7.751111 -4.805266 -14.127129 0.480658 -26.855202 -16.791534 11.120440 7.642793 -4.528366 2.386010 -6.072088 6.621783 1.942061 -8.349966 -5.648222 9.905107 -17.846581 6.011517 -2.165098 18.513737 5.655883 0.041131
2.347156 -20.008753 8.588078 -8.046480 22.077965 -5.198555 7.940055 12.886280 8.064533 -4.996540 -14.070707 0.399989 -27.367676 -16.674721 10.853282 7.578651 -4.815837 2.767936 -5.986392 6.288971 1.703504 -8.542705 -6.069898 10.345845 -17.869452 6.021713 -2.161861 18.214767 5.540481 -0.467657
2.460144 -20.097975 8.938632 -8.041623 21.697674 -5.019013 8.066913 12.988844 8.168980 -5.219429 -13.955232 0.329003 -27.930649 -16.587318 10.579963 7.526636 -5.080721 3.063328 -5.840422 5.866499 1.560332 -8.745914 -6.453743 10.713136 -17.864422 6.048650 -2.324409 17.833111 5.421374 -0.980218
2.650706 -20.095236 9.375772 -8.083745 21.387112 -4.832756 8.162366 13.260057 8.262361 -5.458070 -13.788555 0.254521 -28.221619 -16.612434 10.354327 7.548528 -5.294190 3.070861 -5.790479 5.451918 1.405096 -8.926653 -6.839283 11.056638 -17.836916 6.071715 -2.416641 17.525751 5.309703 -1.389460
2.758435 -20.128464 9.748797 -8.118679 21.139709 -4.608330 8.235538 13.533920 8.314282 -5.675257 -13.614941 0.227043 -28.643864 -16.591232 10.047282 7.553979 -5.506031 3.137297 -5.729194 5.084984 1.343834 -9.037868 -7.054562 11.193027 -17.824905 6.084085 -2.569997 17.297668 5.239485 -1.652770
2.918690 -20.082590 10.181219 -8.139980 20.856361 -4.453993 8.307804 13.746242 8.398887 -5.871633 -13.435095 0.223023 -28.902809 -16.626616 9.806853 7.688826 -5.785638 3.123834 -5.692278 4.870460 1.284570 -9.170461 -7.276896 11.315759 -17.835102 6.088656 -2.808873 17.014427 5.138904 -1.912287
3.021110 -20.082624 10.509328 -8.138823 20.621307 -4.307892 8.364461 13.939766 8.426929 -6.057340 -13.248688 0.244588 -29.237820 -16.683336 9.570305 7.762468 -5.930521 3.085932 -5.623357 4.651860 1.200671 -9.292039 -7.542654 11.379803 -17.820190 6.071422 -2.928826 16.823904 5.058322 -2.023650
2.982339 -20.054129 10.781217 -8.093252 20.500862 -4.179468 8.424449 14.098920 8.441835 -6.121606 -13.090311 0.329267 -29.533978 -16.736164 9.340604 7.825049 -6.082304 3.072308 -5.571131 4.568272 1.203310 -9.368590 -7.670228 11.378957 -17.838089 6.069841 -3.008388 16.701397 5.054505 -2.081118
2.926237 -20.031012 10.982227 -8.061045 20.425472 -4.072929 8.461463 14.203234 8.468978 -6.143863 -13.017330 0.363819 -29.712652 -16.738510 9.227948 7.873984 -6.155597 3.088594 -5.499747 4.528289 1.231299 -9.429072 -7.748762 11.362873 -17.808895 6.083091 -3.106455 16.604582 5.048484 -2.116133
2.958513 -19.992098 11.090266 -8.054832 20.393290 -3.994672 8.444267 14.332111 8.491616 -6.172448 -12.995580 0.363849 -29.743568 -16.754524 9.201694 7.895691 -6.178946 3.063194 -5.480623 4.486797 1.219992 -9.493678 -7.841091 11.364077 -17.791840 6.104881 -3.148950 16.547474 5.054641 -2.161737
2.951126 -19.996901 11.133143 -8.039376 20.364664 -3.967701 8.461260 14.369889 8.480419 -6.191192 -12.972235 0.369850 -29.754469 -16.768536 9.175689 7.922970 -6.197723 3.014004 -5.470362 4.454019 1.217779 -9.502260 -7.865806 11.376154 -17.787178 6.108237 -3.136646 16.540722 5.058941 -2.161360
2.915849 -20.013908 11.170020 -8.088200 20.369236 -3.987708 8.464087 14.311462 8.538510 -6.169414 -13.005964 0.395415 -29.800711 -16.745457 9.185834 7.877317 -6.185695 3.113436 -5.457347 4.530869 1.177730 -9.499632 -7.906800 11.408785 -17.810066 6.107672 -3.084830 16.529598 5.053228 -2.162814
2.856742 -20.039476 11.292947 -8.243842 20.363199 -4.024238 8.458377 14.173001 8.698422 -6.124507 -13.054834 0.510202 -29.936771 -16.694630 9.160459 7.797935 -6.160387 3.270104 -5.412662 4.725616 1.073318 -9.458564 -7.997293 11.532094 -17.873688 6.082781 -2.851217 16.553799 5.052310 -2.126341
2.791770 -20.173117 11.419621 -8.478518 20.324879 -4.117984 8.488674 13.888829 8.945168 -6.064236 -13.098490 0.651079 -30.088081 -16.644947 9.151853 7.700437 -6.056775 3.455446 -5.327831 5.012031 0.905885 -9.377975 -8.104082 11.699100 -18.032024 6.046947 -2.516665 16.548452 5.033459 -2.054584
2.592845 -20.532686 11.411488 -8.480458 20.247276 -4.196977 8.633886 13.445711 9.076125 -5.973057 -13.141178 0.921422 -30.338806 -16.494743 9.143014 7.663312 -5.769599 3.647293 -5.196417 5.599663 0.768008 -9.237834 -8.120001 11.837481 -18.210333 6.011258 -2.134835 16.605778 5.035415 -1.901756
2.476118 -20.950306 11.531566 -8.443729 20.020042 -4.418662 8.851345 12.936710 9.269386 -5.943482 -13.227839 1.215823 -30.647224 -16.321564 9.158092 7.661361 -5.552702 3.975188 -4.980609 6.270708 0.571732 -9.149302 -8.276841 12.027141 -18.336834 6.010141 -1.573973 16.707174 5.102976 -1.676780
2.357748 -21.459209 11.712466 -8.593116 19.639595 -4.714354 9.154849 12.194490 9.540962 -6.015741 -13.216223 1.523859 -31.000664 -16.204470 9.235946 7.797156 -5.262541 4.207472 -4.619583 7.046742 0.430277 -9.010723 -8.344191 12.114165 -18.426235 6.060262 -0.743483 17.024323 5.324381 -1.017561
2.136564 -21.808775 11.729032 -8.983606 19.428881 -5.109683 9.315281 11.018997 10.025662 -5.843859 -13.151031 2.014407 -31.515453 -16.028334 9.211020 8.043699 -4.804080 4.311967 -4.103120 8.037477 0.309216 -8.733729 -8.253258 12.182910 -18.642910 6.033384 0.103261 17.333101 5.472942 -0.154474
2.054193 -22.132990 11.618234 -9.400406 19.292715 -5.507259 9.422750 10.271438 10.345757 -5.801331 -13.179613 2.547828 -32.164024 -15.613603 9.344035 8.346791 -4.076691 4.530643 -3.444955 9.190841 0.317810 -8.621097 -8.308331 12.300233 -18.844589 6.155618 1.005005 17.581600 5.833771 0.707999
1.824544 -22.299278 11.347386 -9.796445 19.218437 -6.171006 9.519435 9.685838 10.540980 -5.739982 -13.048380 3.042473 -32.940819 -15.229602 9.344445 8.662876 -3.460521 4.520641 -2.754144 9.843855 0.301913 -8.411446 -8.178175 12.180169 -19.092308 6.196991 1.643225 17.811275 6.054127 1.616570
1.296429 -22.643667 10.725453 -10.254640 19.187920 -6.505744 9.482417 9.176540 10.600106 -5.789305 -12.975319 3.231505 -33.280231 -14.817411 9.397508 9.089767 -3.054139 4.509900 -2.225616 10.349787 0.158915 -8.084409 -8.046088 12.172443 -19.679184 6.124622 2.176648 17.697088 6.060667 2.393773
1.009575 -22.309763 10.620708 -10.778803 19.001471 -7.244533 9.477517 9.005761 10.652121 -6.047874 -13.011666 3.414424 -33.300644 -14.462917 9.650886 9.168076 -2.523361 4.505636 -1.935122 10.972140 -0.022347 -7.838551 -8.139993 12.336667 -20.355829 5.999323 2.519638 17.243797 5.952918 2.724043
0.301673 -22.356607 10.177096 -11.394264 18.834457 -7.847421 9.508555 8.893360 10.764897 -6.174989 -13.201838 3.651236 -33.485207 -13.737203 9.870755 9.435401 -1.825142 4.343884 -1.566379 11.428502 -0.286934 -7.678475 -8.266495 12.330144 -20.961895 5.913145 2.723746 16.803963 5.828186 3.116054
-0.381102 -22.477968 9.728999 -11.863653 18.708767 -8.414600 9.586620 8.811066 10.872369 -6.278291 -13.491219 3.813261 -33.433830 -13.378830 10.029188 9.356522 -1.442054 4.394450 -1.522405 11.714072 -0.578643 -7.508841 -8.381195 12.373507 -21.480463 5.797410 2.965518 16.431360 5.692957 3.474347
-1.391943 -22.716330 9.075858 -12.131151 18.839596 -9.047303 9.672390 8.847587 10.873981 -6.125853 -13.904615 4.121450 -33.534889 -12.889397 10.336600 9.041824 -0.613438 4.250923 -1.372742 11.889729 -0.758440 -7.230422 -8.349910 12.401687 -22.024162 5.695366 3.243699 16.115969 5.626586 3.719374
-2.289175 -23.157778 8.402898 -12.477962 18.920227 -9.433119 9.654745 8.716818 10.907051 -6.133016 -14.375643 4.391356 -33.643261 -12.238853 10.568625 8.928967 0.295535 3.809569 -1.186888 11.802791 -1.091505 -6.842671 -8.400660 12.601447 -22.538651 5.466715 3.414383 15.699860 5.341440 3.734668
-2.836241 -23.563269 7.797431 -12.762012 19.006611 -9.606743 9.558518 8.474928 10.903746 -6.174898 -14.757998 4.626011 -33.748203 -11.688502 10.805073 8.686253 1.151738 3.540367 -0.997104 11.740386 -1.209951 -6.537324 -8.343161 12.612082 -22.756092 5.290003 3.498856 15.583440 5.189578 3.713341
-3.381450 -23.877504 7.221343 -13.180056 19.014662 -9.743477 9.376706 8.222795 10.928119 -6.268083 -15.098334 4.910563 -33.834919 -11.225696 11.076199 8.599054 1.945815 3.186725 -0.757346 11.689682 -1.303314 -6.080612 -8.183849 12.496631 -23.145531 5.063140 3.613437 15.403527 5.004291 4.003284
-3.581969 -24.116365 6.817753 -13.457554 19.040607 -9.737258 9.200473 7.923505 10.959889 -6.324801 -15.313232 5.008716 -33.671383 -11.056563 11.311951 8.491687 2.385592 2.925087 -0.729498 11.654406 -1.387902 -5.724120 -8.010367 12.375091 -23.424900 4.878640 3.698947 15.324350 4.853025 4.253066
-3.644611 -24.220083 6.578967 -13.625525 19.060360 -9.725742 9.097292 7.708660 10.970260 -6.341518 -15.447908 5.088215 -33.574360 -10.895028 11.490554 8.439293 2.732971 2.687829 -0.680223 11.615122 -1.443100 -5.569638 -7.977643 12.268880 -23.512745 4.820057 3.697015 15.281050 4.789106 4.325274
-3.663113 -24.236769 6.507784 -13.670958 19.072693 -9.742865 9.075951 7.635180 10.959810 -6.345535 -15.507166 5.116724 -33.549561 -10.850490 11.516841 8.439761 2.803061 2.645358 -0.653814 11.593373 -1.431754 -5.501433 -7.946768 12.253420 -23.582899 4.812634 3.700268 15.229326 4.777483 4.370243
-3.688690 -24.267706 6.489780 -13.670422 19.089891 -9.668812 9.059817 7.626309 10.954324 -6.340567 -15.517115 5.104034 -33.513821 -10.815997 11.560285 8.452186 2.847845 2.616581 -0.645567 11.603367 -1.463112 -5.476355 -7.941362 12.259714 -23.582655 4.793838 3.729117 15.249975 4.754741 4.356336
-3.781475 -24.178974 6.498173 -13.720747 19.173893 -9.561413 9.016642 7.638048 10.940544 -6.301323 -15.598164 5.063661 -33.376663 -10.673947 11.603488 8.555288 2.869712 2.558752 -0.630820 11.554883 -1.499741 -5.409375 -7.914561 12.246426 -23.610466 4.737017 3.742635 15.255732 4.693636 4.369452
-3.846287 -24.042864 6.489903 -13.823036 19.305084 -9.496305 8.989673 7.571746 10.943377 -6.229693 -15.663416 5.043875 -33.204193 -10.491765 11.744834 8.704861 2.982166 2.448052 -0.588704 11.582767 -1.519143 -5.348974 -7.835968 12.206452 -23.594433 4.681747 3.706054 15.304520 4.629353 4.361397
-3.978182 -23.823084 6.508279 -13.886583 19.466408 -9.426857 8.978626 7.594368 10.909773 -6.132409 -15.767344 4.923900 -32.844116 -10.139041 11.945455 9.020350 3.126534 2.272475 -0.558529 11.585835 -1.543568 -5.381402 -7.787235 12.152513 -23.538902 4.671653 3.644459 15.381567 4.610198 4.334008
-4.144564 -23.631813 6.527411 -13.970488 19.686600 -9.216105 8.961893 7.472423 10.842094 -6.001824 -15.900731 4.717407 -32.347843 -9.731607 12.159231 9.487622 3.150383 2.144840 -0.519223 11.574762 -1.655462 -5.307803 -7.759448 12.020448 -23.565203 4.583717 3.579707 15.409996 4.498661 4.365032
-4.312999 -23.434752 6.538724 -14.085943 19.928232 -8.937145 8.902815 7.272889 10.750751 -5.892017 -15.990706 4.561955 -31.896046 -9.437724 12.381228 9.801042 3.230930 1.986069 -0.527542 11.572728 -1.739841 -5.213889 -7.619842 11.934405 -23.557560 4.514592 3.568756 15.515557 4.398867 4.379310
-4.548193 -23.227114 6.544115 -14.215476 20.270432 -8.703549 8.764749 7.011891 10.664961 -5.735228 -16.093584 4.469845 -31.328032 -9.165684 12.616151 10.137323 3.463948 1.566812 -0.643412 11.617475 -1.788692 -5.149351 -7.453409 11.812326 -23.519779 4.440972 3.431961 15.629752 4.294331 4.416650
-4.803562 -23.189394 6.571251 -14.103285 20.562634 -8.083498 8.688753 6.603170 10.403811 -5.619825 -16.278484 4.458962 -30.732439 -8.709437 12.909663 10.537403 3.806818 0.992930 -0.749589 11.649030 -1.817798 -4.953771 -7.185542 11.632236 -23.492283 4.306094 3.317677 15.807796 4.126857 4.472086
-4.858310 -23.259165 6.584927 -13.873990 20.739799 -7.466480 8.655394 6.317828 10.160010 -5.516631 -16.264839 4.350771 -30.328268 -8.560975 13.147787 10.732878 4.159888 0.481772 -0.877989 11.577387 -1.847778 -4.708407 -6.852728 11.317750 -23.335297 4.156125 3.208630 16.188635 3.972749 4.506215
-4.933934 -23.477257 6.629938 -13.469721 20.800001 -6.910223 8.723449 6.085489 9.969017 -5.401322 -16.410521 4.280717 -29.917900 -8.332034 13.358156 10.927597 4.534827 -0.012802 -0.934050 11.454375 -1.665815 -4.606138 -6.487638 11.099057 -23.104351 4.099301 2.955325 16.488422 3.908898 4.493006
-5.050009 -23.912714 6.615901 -12.925879 20.710573 -6.209235 8.913731 5.638429 9.686885 -5.369267 -16.451286 4.127968 -29.518076 -8.280028 13.512909 11.006239 4.918905 -0.537729 -1.095457 11.229240 -1.452262 -4.434906 -6.076182 10.850513 -22.988625 4.042070 2.821317 16.807652 3.910545 4.450478
-5.068880 -24.366339 6.505896 -12.300339 20.586578 -5.702366 9.157134 5.449729 9.370098 -5.301506 -16.497786 4.097355 -29.255705 -8.326978 13.684997 10.836215 5.350593 -0.981149 -1.228143 11.130308 -1.381210 -4.373633 -5.854164 10.577523 -22.856285 3.949193 2.754576 17.149149 3.912153 4.450735
-5.020820 -24.768881 6.230574 -11.712811 20.550922 -5.281951 9.344299 5.156076 8.949279 -5.240105 -16.536787 4.010206 -28.753178 -8.539330 13.829857 10.764406 5.496102 -1.491224 -1.508821 10.949215 -1.274722 -4.382395 -5.656466 10.288918 -22.786919 3.899835 2.616034 17.392365 3.947791 4.491822
-4.874452 -25.054974 5.835766 -11.232738 20.647419 -4.989851 9.489347 4.924736 8.521080 -5.123411 -16.596825 3.977317 -28.291615 -8.640889 13.958380 10.755311 5.540139 -1.913601 -1.763447 10.807501 -1.112773 -4.372932 -5.371076 9.995555 -22.798531 3.900572 2.329246 17.510025 3.968548 4.509565
-4.860003 -25.376638 5.441617 -10.829559 20.652510 -4.750148 9.638083 4.660472 8.135030 -5.116487 -16.681509 3.986518 -27.927977 -8.604702 14.122373 10.740847 5.777195 -2.334345 -1.903014 10.738599 -1.072078 -4.388139 -5.140559 9.759325 -22.829638 3.899992 2.242749 17.688126 4.031091 4.635401
-4.888709 -25.704363 5.083664 -10.497057 20.595673 -4.446534 9.786624 4.372248 7.732547 -5.177072 -16.721878 3.995135 -27.563461 -8.710582 14.270654 10.694306 6.013542 -2.797622 -2.057812 10.732342 -0.996439 -4.276546 -4.854285 9.465827 -22.942402 3.887660 2.128552 17.774742 4.040558 4.856951
-4.810376 -25.914660 4.796896 -10.177935 20.634514 -4.242991 9.858137 4.246399 7.432710 -5.142620 -16.757965 3.953931 -27.176693 -8.930005 14.341319 10.605580 6.083933 -3.156207 -2.252758 10.685207 -0.913812 -4.298155 -4.676520 9.255745 -22.885365 3.908348 1.994864 17.923141 4.087633 4.961595
-4.851511 -26.171953 4.502072 -10.044400 20.680307 -4.196383 9.894191 3.995082 7.330431 -5.071707 -16.827190 3.975295 -26.977966 -8.967945 14.399055 10.596011 6.144633 -3.317158 -2.316512 10.725491 -0.848830 -4.258968 -4.472870 9.040555 -22.894630 3.904415 1.850536 18.008316 4.096144 5.094978
-4.823648 -26.244671 4.367480 -9.946541 20.727312 -4.204219 9.911524 3.935285 7.267195 -5.006507 -16.869045 3.977502 -26.834517 -8.994510 14.418928 10.614822 6.149066 -3.424686 -2.370662 10.730774 -0.783278 -4.238638 -4.338955 8.917990 -22.896187 3.912540 1.756688 18.054298 4.109138 5.180089
-4.835254 -26.293396 4.274082 -9.920724 20.745327 -4.202021 9.915073 3.894753 7.230078 -4.988671 -16.898853 3.991993 -26.758759 -8.981322 14.459105 10.611804 6.204959 -3.516257 -2.386676 10.735852 -0.770690 -4.230421 -4.293081 8.872796 -22.898373 3.909200 1.737801 18.084476 4.111769 5.222237
-4.835254 -26.293396 4.274082 -9.920724 20.745327 -4.202021 9.915073 3.894753 7.230078 -4.988671 -16.898853 3.991993 -26.758759 -8.981322 14.459105 10.611804 6.204959 -3.516257 -2.386676 10.735852 -0.770690 -4.230421 -4.293081 8.872796 -22.898373 3.909200 1.737801 18.084476 4.111769 5.222237
-4.835254 -26.293396 4.274082 -9.920724 20.745327 -4.202021 9.915073 3.894753 7.230078 -4.988671 -16.898853 3.991993 -26.758759 -8.981322 14.459105 10.611804 6.204959 -3.516257 -2.386676 10.735852 -0.770690 -4.230421 -4.293081 8.872796 -22.898373 3.909200 1.737801 18.084476 4.111769 5.222237
-4.835254 -26.293396 4.274082 -9.920724 20.745327 -4.202021 9.915073 3.894753 7.230078 -4.988671 -16.898853 3.991993 -26.758759 -8.981322 14.459105 10.611804 6.204959 -3.516257 -2.386676 10.735852 -0.770690 -4.230421 -4.293081 8.872796 -22.898373 3.909200 1.737801 18.084476 4.111769 5.222237
-4.835254 -26.293396 4.274082 -9.920724 20.745327 -4.202021 9.915073 3.894753 7.230078 -4.988671 -16.898853 3.991993 -26.758759 -8.981322 14.459105 10.611804 6.204959 -3.516257 -2.386676 10.735852 -0.770690 -4.230421 -4.293081 8.872796 -22.898373 3.909200 1.737801 18.084476 4.111769 5.222237
-4.835254 -26.293396 4.274082 -9.920724 20.745327 -4.202021 9.915073 3.894753 7.230078 -4.988671 -16.898853 3.991993 -26.758759 -8.981322 14.459105 10.611804 6.204959 -3.516257 -2.386676 10.735852 -0.770377 -4.229916 -4.293106 8.873145 -22.898029 3.909528 1.737887 18.084200 4.111798 5.221892
-4.835254 -26.293396 4.274082 -9.920724 20.745327 -4.202021 9.915073 3.894753 7.230078 -4.988671 -16.898853 3.991993 -26.758759 -8.981322 14.459105 10.611804 6.204959 -3.516257 -2.386676 10.735852 -0.770377 -4.229916 -4.293106 8.873145 -22.898029 3.909528 1.737887 18.084200 4.111798 5.221892
-4.835254 -26.293396 4.274082 -9.920724 20.745327 -4.202021 9.915073 3.894753 7.230078 -4.988671 -16.898853 3.991993 -26.758759 -8.981322 14.459105 10.611804 6.204959 -3.516257 -2.386676 10.735852 -0.770377 -4.229916 -4.293106 8.873145 -22.898029 3.909528 1.737887 18.084200 4.111798 5.221892
-4.835254 -26.293396 4.274082 -9.920724 20.745327 -4.202021 9.915073 3.894753 7.230078 -4.988671 -16.898853 3.991993 -26.758759 -8.981322 14.459105 10.611804 6.204959 -3.516257 -2.386676 10.735852 -0.770377 -4.229916 -4.293106 8.873145 -22.898029 3.909528 1.737887 18.084200 4.111798 5.221892
-4.835254 -26.293396 4.274082 -9.920724 20.745327 -4.202021 9.915073 3.894753 7.230078 -4.988671 -16.898853 3.991993 -26.758759 -8.981322 14.459105 10.611804 6.204959 -3.516257 -2.386676 10.735852 -0.770377 -4.229916 -4.293106 8.873145 -22.898029 3.909528 1.737887 18.084200 4.111798 5.221892
-4.834338 -26.291416 4.278312 -9.919895 20.745760 -4.199757 9.913266 3.895998 7.231276 -4.991184 -16.902468 3.988073 -26.757530 -8.984008 14.452409 10.612900 6.208373 -3.514151 -2.386318 10.735929 -0.769554 -4.227471 -4.293934 8.872087 -22.896788 3.910799 1.739257 18.084518 4.111972 5.222836
-4.834338 -26.291416 4.278312 -9.919895 20.745760 -4.199757 9.913266 3.895998 7.231276 -4.991184 -16.902468 3.988073 -26.757530 -8.984008 14.452409 10.612900 6.208373 -3.514151 -2.386318 10.735929 -0.769554 -4.227471 -4.293934 8.872087 -22.896788 3.910799 1.739257 18.084518 4.111972 5.222836
-4.834338 -26.291416 4.278312 -9.919895 20.745760 -4.199757 9.913266 3.895998 7.231276 -4.991184 -16.902468 3.988073 -26.757530 -8.984008 14.452409 10.612900 6.208373 -3.514151 -2.386318 10.735929 -0.769554 -4.227471 -4.293934 8.872087 -22.896788 3.910799 1.739257 18.084518 4.111972 5.222836
-4.834820 -26.291365 4.279589 -9.919141 20.746145 -4.199474 9.912987 3.895441 7.232006 -4.992472 -16.904726 3.985781 -26.755951 -8.985506 14.448149 10.612679 6.211669 -3.513927 -2.386374 10.735876 -0.766766 -4.222679 -4.294809 8.871656 -22.893257 3.911130 1.740540 18.083401 4.111194 5.217888
-4.834820 -26.291365 4.279589 -9.919141 20.746145 -4.199474 9.912987 3.895441 7.232006 -4.992472 -16.904726 3.985781 -26.755951 -8.985506 14.448149 10.612679 6.211669 -3.513927 -2.386374 10.735876 -0.766766 -4.222679 -4.294809 8.871656 -22.893257 3.911130 1.740540 18.083401 4.111194 5.217888
-4.625539 -28.647573 2.993100 -10.636144 21.205860 -2.827148 8.595409 5.156333 8.438852 -2.040889 -16.368824 2.896811 -25.066772 -4.009268 20.064411 15.945950 2.240892 -4.082488 0.422535 8.716545 -2.035995 -0.463595 -5.765337 8.840585 -21.114588 7.453079 4.456631 17.738493 5.820992 4.027196
-4.625539 -28.647573 2.993100 -10.636144 21.205860 -2.827148 8.595409 5.156333 8.438852 -2.040889 -16.368824 2.896811 -25.066772 -4.009268 20.064411 15.945950 2.240892 -4.082488 0.422535 8.716545 -2.035995 -0.463595 -5.765337 8.840585 -21.114588 7.453079 4.456631 17.738493 5.820992 4.027196
-4.625539 -28.647573 2.993100 -10.636144 21.205860 -2.827148 8.595409 5.156333 8.438852 -2.040889 -16.368824 2.896811 -25.066772 -4.009268 20.064411 15.945950 2.240892 -4.082488 0.422535 8.716545 -2.035995 -0.463595 -5.765337 8.840585 -21.114588 7.453079 4.456631 17.738493 5.820992 4.027196
-4.625539 -28.647573 2.993100 -10.636144 21.205860 -2.827148 8.595409 5.156333 8.438852 -2.040889 -16.368824 2.896811 -25.066772 -4.009268 20.064411 15.945950 2.240892 -4.082488 0.422535 8.716545 -2.035995 -0.463595 -5.765337 8.840585 -21.114588 7.453079 4.456631 17.738493 5.820992 4.027196
-4.625539 -28.647573 2.993100 -10.636144 21.205860 -2.827148 8.595409 5.156333 8.438852 -2.040889 -16.368824 2.896811 -25.066772 -4.009268 20.064411 15.945950 2.240892 -4.082488 0.422535 8.716545 -2.035995 -0.463595 -5.765337 8.840585 -21.114588 7.453079 4.456631 17.738493 5.820992 4.027196
-4.962754 -26.925138 4.089175 -10.120028 21.278938 -3.515325 9.295248 4.190857 7.990854 -4.034686 -16.907337 2.938661 -26.279778 -8.272763 14.907878 12.026241 5.802082 -3.248886 -1.587758 10.202967 -1.520534 -4.141998 -4.428167 9.066454 -23.015911 4.618113 2.433439 18.158787 4.382142 4.782935
-4.875992 -26.195341 4.477973 -10.133324 20.881042 -4.059389 9.675214 3.890877 7.453380 -4.719279 -16.787128 3.853348 -26.719250 -9.130185 14.439397 10.610709 6.237680 -3.499521 -2.344687 10.668468 -1.015911 -3.984546 -4.443410 8.840054 -22.696095 3.914336 1.839452 18.101040 4.013824 5.124757
-4.884984 -26.229080 4.330823 -9.916516 20.728527 -4.188830 9.914979 3.883395 7.214127 -5.035618 -16.880547 3.969325 -26.780422 -9.011826 14.369439 10.587690 6.324315 -3.508324 -2.386853 10.705367 -0.798402 -4.195287 -4.308437 8.840910 -22.859428 3.838756 1.726394 18.102749 4.060690 5.198298
-4.829458 -26.278971 4.297095 -9.921098 20.754906 -4.200800 9.903992 3.892609 7.245075 -5.002923 -16.907988 3.978538 -26.756733 -8.990535 14.436229 10.617231 6.216533 -3.515306 -2.384596 10.741768 -0.787010 -4.231499 -4.294069 8.865115 -22.899801 3.898548 1.738886 18.090202 4.100776 5.219099
-4.814381 -26.307508 4.280418 -9.900694 20.745230 -4.208286 9.896667 3.892536 7.236575 -5.012562 -16.938377 3.983932 -26.749117 -8.980151 14.420912 10.631354 6.192436 -3.503308 -2.381485 10.721071 -0.752192 -4.242842 -4.292120 8.876288 -22.903431 3.937776 1.717272 18.061285 4.126125 5.233671
-4.814381 -26.307508 4.280418 -9.900694 20.745230 -4.208286 9.896667 3.892536 7.236575 -5.012562 -16.938435 3.983804 -26.749004 -8.980257 14.420970 10.631494 6.192387 -3.503339 -2.381351 10.721050 -0.752611 -4.244846 -4.292500 8.875998 -22.903761 3.937537 1.716413 18.061676 4.125933 5.235114
-4.808189 -26.307932 4.274408 -9.903649 20.748123 -4.210782 9.896060 3.893014 7.238364 -5.011067 -16.943523 3.995655 -26.745312 -8.964551 14.443002 10.635217 6.149594 -3.507914 -2.385301 10.713221 -0.753973 -4.247740 -4.292751 8.875865 -22.905499 3.936376 1.716452 18.062496 4.125795 5.235506
-4.813014 -26.307314 4.279673 -9.900680 20.742516 -4.207680 9.897961 3.891795 7.234296 -5.015889 -16.938299 3.985863 -26.749107 -8.978800 14.419710 10.629990 6.192994 -3.504283 -2.384601 10.721265 -0.749808 -4.244268 -4.292741 8.877675 -22.902031 3.936825 1.716053 18.061069 4.125652 5.235373
-4.813104 -26.306818 4.280107 -9.900146 20.742111 -4.208671 9.898851 3.891753 7.233719 -5.016266 -16.938175 3.986513 -26.749794 -8.978906 14.419700 10.629428 6.193240 -3.504419 -2.384700 10.721293 -0.749996 -4.244579 -4.292240 8.876555 -22.902878 3.936168 1.715670 18.061508 4.125834 5.235594
-4.810123 -26.303419 4.256831 -9.916152 20.742580 -4.214749 9.917048 3.894315 7.226500 -4.985960 -16.926567 4.003121 -26.750063 -8.951915 14.472058 10.629347 6.140201 -3.509768 -2.390051 10.721680 -0.757467 -4.238540 -4.290948 8.878716 -22.901814 3.923918 1.726590 18.070940 4.119178 5.227727
-4.830019 -26.292799 4.267096 -9.924110 20.746902 -4.204427 9.923225 3.894688 7.228418 -4.979867 -16.897358 3.996619 -26.754961 -8.973927 14.470572 10.609065 6.197787 -3.516471 -2.387970 10.734032 -0.769783 -4.238853 -4.292910 8.872796 -22.902370 3.909364 1.732919 18.082628 4.113277 5.225342
-4.830719 -26.292650 4.267595 -9.923939 20.746538 -4.204377 9.923435 3.894835 7.228384 -4.979947 -16.898350 3.995679 -26.754223 -8.975541 14.469078 10.608658 6.198812 -3.514166 -2.388112 10.733572 -0.768322 -4.238255 -4.291926 8.873443 -22.902065 3.910359 1.732692 18.082869 4.113927 5.225136
-4.830719 -26.292650 4.267595 -9.923939 20.746538 -4.204377 9.923435 3.894835 7.228384 -4.979947 -16.898350 3.995679 -26.754223 -8.975541 14.469078 10.608658 6.198812 -3.514166 -2.388112 10.733572 -0.768322 -4.238255 -4.291926 8.873443 -22.902065 3.910359 1.732692 18.082869 4.113927 5.225136
-4.830719 -26.292650 4.267595 -9.923939 20.746538 -4.204377 9.923435 3.894835 7.228384 -4.979947 -16.898350 3.995679 -26.754223 -8.975541 14.469078 10.608658 6.198812 -3.514166 -2.388112 10.733572 -0.768636 -4.238760 -4.291901 8.873094 -22.902405 3.910031 1.732607 18.083139 4.113898 5.225482
-4.830719 -26.292650 4.267595 -9.923939 20.746538 -4.204377 9.923435 3.894835 7.228384 -4.979947 -16.898350 3.995679 -26.754223 -8.975541 14.469078 10.608658 6.198812 -3.514166 -2.388112 10.733572 -0.768322 -4.238255 -4.291926 8.873443 -22.902065 3.910359 1.732692 18.082869 4.113927 5.225136
-4.821157 -26.294233 4.258026 -9.928432 20.747414 -4.208432 9.925125 3.895619 7.228127 -4.974792 -16.892218 4.010907 -26.763680 -8.948839 14.508878 10.621284 6.142444 -3.527840 -2.390265 10.732640 -0.753369 -4.236143 -4.291057 8.879479 -22.900150 3.927757 1.726040 18.067814 4.120666 5.227784
-4.821157 -26.294233 4.258026 -9.928432 20.747414 -4.208432 9.925125 3.895619 7.228127 -4.974792 -16.891768 4.010918 -26.763861 -8.948529 14.509928 10.621288 6.142371 -3.528098 -2.390277 10.733353 -0.753565 -4.238503 -4.291016 8.879119 -22.901192 3.927538 1.725405 18.068413 4.120920 5.228794
-4.821157 -26.294233 4.258026 -9.928432 20.747414 -4.208432 9.925125 3.895619 7.228127 -4.974792 -16.891768 4.010918 -26.763861 -8.948529 14.509928 10.621288 6.142371 -3.528098 -2.390277 10.733353 -0.753252 -4.237998 -4.291040 8.879469 -22.900852 3.927866 1.725491 18.068138 4.120948 5.228449
-4.809231 -26.300402 4.259407 -9.918072 20.745594 -4.216546 9.914542 3.893520 7.230481 -4.987973 -16.927366 4.006845 -26.747604 -8.950013 14.473629 10.627932 6.139768 -3.511354 -2.390207 10.713566 -0.756335 -4.239253 -4.291373 8.877507 -22.900848 3.924206 1.725020 18.070692 4.120452 5.227692
-4.809231 -26.300402 4.259407 -9.918072 20.745594 -4.216546 9.914542 3.893520 7.230481 -4.987973 -16.927366 4.006845 -26.747604 -8.950013 14.473629 10.627932 6.139768 -3.511354 -2.390207 10.713566 -0.756335 -4.239253 -4.291373 8.877507 -22.900848 3.924206 1.725020 18.070692 4.120452 5.227692
-4.809231 -26.300402 4.259407 -9.918072 20.745594 -4.216546 9.914542 3.893520 7.230481 -4.987973 -16.927366 4.006845 -26.747604 -8.950013 14.473629 10.627932 6.139768 -3.511354 -2.390207 10.713566 -0.756648 -4.239757 -4.291348 8.877158 -22.901188 3.923879 1.724934 18.070963 4.120424 5.228035
