11.108649 -6.211765 7.414384 -7.006930 11.637303 -6.360463 23.563629 5.204617 -8.829520 -13.175003 -6.479535 -9.262282 -16.800575 -9.757170 10.760775 8.148014 -1.189856 5.100041 -21.854437 8.036735 5.019475 -4.997946 1.529649 9.280952 -17.684366 6.459543 -7.175183 17.534618 3.994783 -2.860384
11.143898 -6.171197 7.515181 -6.793099 11.663810 -6.308298 23.699310 5.174042 -8.943477 -13.077166 -6.411529 -9.282928 -16.672167 -9.813983 10.844220 8.264644 -1.258833 5.051137 -21.876434 8.221253 5.077765 -4.946213 1.614814 9.295683 -17.608976 6.505144 -7.253506 17.556988 3.974134 -2.956651
11.249487 -6.005863 7.645320 -6.511392 11.799825 -6.250594 23.798643 5.116742 -9.090924 -12.887399 -6.347181 -9.336343 -16.482893 -9.892560 10.968259 8.371600 -1.299036 4.970169 -21.938055 8.442413 5.167746 -4.874791 1.730802 9.300715 -17.510105 6.579727 -7.386681 17.582268 3.952299 -3.105428
11.519025 -5.799634 7.959585 -6.201381 11.931123 -6.123428 23.950653 5.094026 -9.223847 -12.642885 -6.242328 -9.475768 -16.195654 -10.093623 11.092902 8.515820 -1.445494 5.007274 -22.030352 8.813174 5.285176 -4.709747 1.909917 9.324181 -17.427979 6.645257 -7.515966 17.569675 3.892127 -3.308572
12.055876 -5.588747 8.307817 -5.785315 12.075103 -5.924523 24.091415 4.901460 -9.325099 -12.358100 -6.222586 -9.592557 -15.715477 -10.115215 11.285004 8.718342 -1.481739 4.850399 -22.105463 9.169553 5.404620 -4.554758 2.116861 9.338262 -17.395817 6.713421 -7.672063 17.540573 3.822688 -3.504688
12.892258 -5.228938 8.720904 -5.319092 12.265059 -5.606865 24.100002 4.481026 -9.363924 -11.960616 -6.304993 -9.590943 -15.111983 -10.102885 11.438348 9.107729 -1.477207 4.673959 -22.121410 9.684220 5.549935 -4.287193 2.413639 9.253392 -17.459700 6.732868 -7.882224 17.445080 3.700484 -3.680282
13.694205 -4.913924 8.953528 -4.977555 12.524120 -5.200937 24.101929 3.840185 -9.362967 -11.599157 -6.439178 -9.662303 -14.360586 -10.046568 11.554446 9.469243 -1.334623 4.532738 -22.091455 10.421222 5.706829 -3.943776 2.753384 9.192073 -17.518839 6.767707 -8.044157 17.293383 3.551401 -3.884780
14.380959 -4.630653 9.014403 -4.919542 12.886130 -4.932609 23.976789 3.196247 -9.282077 -11.283370 -6.589224 -9.672154 -13.664266 -10.107751 11.532892 9.855838 -1.391802 4.467246 -22.062788 11.155412 5.833704 -3.452937 3.134931 9.019589 -17.656513 6.703529 -8.159123 17.082615 3.312330 -4.130707
14.665895 -4.367023 8.586226 -4.975376 13.400968 -4.678265 23.721800 2.322423 -9.335752 -10.922791 -6.841054 -9.770351 -12.767732 -10.231402 11.608153 10.182988 -1.295991 4.304379 -22.112364 12.020712 5.936531 -3.026846 3.459361 8.814702 -17.866329 6.637136 -8.225732 16.859032 3.154282 -4.160992
14.922228 -4.079590 7.940004 -5.245845 14.117932 -4.495564 23.345407 1.301754 -9.283828 -10.546893 -7.063232 -9.899026 -11.969465 -10.356780 11.699418 10.371281 -1.230393 4.122768 -22.230078 12.588356 6.092964 -2.421822 3.814249 8.578355 -18.103354 6.527017 -8.298958 16.599705 2.938357 -4.320018
14.945183 -3.917906 7.361845 -5.332437 14.640349 -4.450604 23.064777 0.573423 -9.428117 -10.229654 -7.373288 -10.073663 -11.113503 -10.363864 11.956431 10.313113 -0.730737 3.578740 -22.464994 12.552742 6.126107 -1.910457 4.009206 8.286805 -18.440149 6.377291 -8.300345 16.432953 2.731620 -4.320813
14.569405 -3.728209 6.894946 -5.440933 15.090926 -4.500537 22.788183 -0.010498 -9.670037 -9.968559 -8.041854 -10.065827 -10.287077 -10.016778 12.143822 10.272434 -0.091952 2.942766 -22.660234 12.162342 6.174366 -1.459900 4.126156 8.058849 -18.760365 6.242188 -8.323872 16.260273 2.552808 -4.364365
14.428639 -3.637326 6.603330 -5.226411 15.457944 -4.401908 22.772665 -0.622543 -9.980452 -9.783262 -8.586498 -10.067825 -9.634882 -9.643082 12.348290 10.170103 0.720973 2.212288 -22.845160 11.598623 6.133794 -1.072679 4.235208 7.757013 -19.135555 6.054174 -8.332692 16.179695 2.364560 -4.234844
14.332543 -3.599358 6.457174 -5.013930 15.750051 -4.169213 22.686293 -1.276310 -10.191295 -9.707928 -9.013553 -10.131124 -9.041276 -9.435565 12.605741 9.891421 1.580989 1.658300 -23.068438 11.011686 6.158856 -0.616851 4.387107 7.561577 -19.447342 5.888032 -8.312648 16.020210 2.166743 -4.163363
13.995516 -3.606689 6.208675 -4.920365 16.016497 -4.001946 22.549036 -1.840549 -10.475055 -9.630323 -9.361320 -10.052809 -8.550447 -9.126270 12.894987 9.766827 2.309175 1.031664 -23.211699 10.572011 6.173239 -0.269482 4.421165 7.355314 -19.746853 5.748851 -8.276830 15.854273 2.040044 -4.079073
13.637935 -3.533406 5.943017 -4.969141 16.313961 -3.868266 22.245085 -2.244266 -10.734206 -9.555046 -9.651962 -10.005404 -8.126229 -8.864781 13.122556 9.686499 3.018370 0.458475 -23.314222 10.279675 6.198632 0.069237 4.470536 7.282959 -19.988865 5.595853 -8.201868 15.674789 1.903360 -4.119975
13.380518 -3.512393 5.696376 -4.964164 16.545475 -3.774478 22.032841 -2.552671 -10.999599 -9.487423 -9.867317 -10.039525 -7.714929 -8.748580 13.304285 9.570135 3.511075 0.157033 -23.406313 10.138579 6.215810 0.303977 4.505854 7.180850 -20.263271 5.481631 -8.162812 15.520920 1.819539 -3.991677
13.224826 -3.500757 5.499762 -4.987538 16.709749 -3.768296 21.853338 -2.790163 -11.158926 -9.467533 -10.087358 -10.049335 -7.417900 -8.681262 13.373384 9.475836 3.834413 0.032243 -23.456261 10.019158 6.206060 0.480828 4.547521 7.103679 -20.405025 5.391822 -8.129053 15.442965 1.759371 -3.945036
13.147169 -3.530692 5.335132 -5.004784 16.783360 -3.739836 21.759012 -2.943237 -11.262067 -9.453661 -10.196504 -10.046104 -7.218488 -8.608245 13.444420 9.429279 4.072786 -0.125477 -23.498667 9.913008 6.204679 0.576897 4.571826 7.062841 -20.458866 5.355434 -8.112997 15.412540 1.732764 -3.926926
13.126926 -3.556766 5.265337 -5.016789 16.812660 -3.736628 21.737366 -3.014691 -11.279248 -9.443357 -10.220848 -10.070353 -7.121202 -8.618192 13.486917 9.412209 4.138643 -0.154422 -23.521732 9.921780 6.213235 0.623189 4.577847 7.044072 -20.490807 5.334165 -8.086565 15.399175 1.723646 -3.897182
13.083048 -3.592627 4.977680 -4.983432 16.937298 -3.704415 21.680340 -3.246034 -11.426579 -9.377100 -10.316782 -10.148532 -6.725653 -8.598054 13.704300 9.254080 4.550674 -0.303673 -23.620979 9.879058 6.262645 0.806143 4.575217 7.003145 -20.600681 5.289036 -8.073710 15.277990 1.676133 -3.889908
13.084181 -3.680659 3.979892 -4.955602 17.410294 -3.691247 21.439922 -3.963305 -11.771590 -9.189367 -10.600588 -10.177419 -5.879206 -8.451236 14.146400 9.219980 5.213623 -0.727763 -23.760632 9.997988 6.368146 1.251618 4.570732 6.880521 -20.952610 5.099609 -8.048227 14.983232 1.559199 -3.813229
12.897074 -3.673143 2.229587 -5.043325 18.187157 -3.929106 20.988581 -4.740353 -12.231605 -9.138299 -11.167300 -10.105117 -4.737727 -7.967807 14.897245 8.999150 6.707932 -1.466236 -23.755426 10.202744 6.466090 1.723948 4.510511 6.545325 -21.567251 4.798623 -8.020043 14.632396 1.464699 -3.473549
12.095175 -3.132764 0.240946 -5.033131 19.267815 -4.502001 19.705336 -5.087774 -13.166143 -8.922435 -12.276459 -9.715706 -3.619307 -7.154752 15.366036 8.696619 8.448658 -2.128469 -23.538990 10.442392 6.537783 2.324242 4.301999 6.141322 -22.213943 4.532163 -7.869769 14.189051 1.420095 -3.144062
10.593077 -1.829648 -0.962644 -4.752298 20.834396 -5.473904 17.991676 -4.890949 -14.128933 -8.878645 -14.510135 -8.404257 -2.592983 -5.625400 15.659142 8.651189 9.747595 -2.766150 -23.081686 10.892069 6.272348 2.857874 4.197510 5.444541 -23.278427 4.114818 -7.970447 13.515413 1.418073 -2.771004
9.454347 -0.908425 -0.348212 -1.669766 22.401279 -5.415906 14.184453 -5.539090 -15.981143 -11.548643 -18.431974 -10.088511 -1.056143 -6.994803 10.849805 8.270605 13.672284 -0.992337 -22.393599 11.301945 5.644955 3.198359 5.042938 5.424928 -25.674408 4.486041 -9.897871 10.808869 2.002589 -1.942805
8.780535 1.171571 0.534256 -0.564951 24.147770 -6.328591 10.845084 -5.348427 -17.100653 -12.913158 -22.147646 -10.057537 -1.170611 -7.636514 6.803144 6.753859 17.206287 1.141137 -21.506594 12.229627 3.927926 4.730313 4.125457 5.362511 -27.704807 4.059329 -9.999169 8.798797 1.273278 -2.445429
7.720542 3.758121 0.746295 -0.479344 25.953600 -7.136859 7.569077 -4.401606 -17.760452 -14.149719 -25.510611 -8.625213 -2.161814 -7.580353 3.462157 4.751579 18.369318 4.271770 -20.660192 10.545145 2.133440 5.213304 1.179413 4.051457 -27.903839 2.386075 -10.061107 8.631464 0.193703 -5.784934
7.730422 6.457758 0.379535 -0.936371 28.319906 -6.613617 1.770318 -2.855231 -18.405531 -16.511030 -29.019970 -7.486224 -3.091473 -7.282503 -0.068338 1.981281 19.404991 8.372211 -19.967882 8.636488 1.063824 6.774273 -2.880795 1.123249 -25.538149 1.327742 -9.420069 10.129513 -0.097872 -8.882586
8.760658 8.665979 0.396524 -3.879969 29.548912 -6.878685 -3.961759 -1.039060 -16.505426 -18.591471 -30.157261 -6.850642 -5.669008 -7.512324 -3.251446 0.708295 17.495739 13.731120 -18.250057 9.116671 0.055802 6.504966 -6.511366 -0.730644 -24.462940 0.472378 -8.468187 11.324682 0.008213 -10.661375
9.979839 10.464922 1.472393 -7.685958 30.109579 -7.098604 -7.804492 1.878267 -13.638272 -19.778868 -30.633043 -6.351838 -8.607729 -8.359384 -5.528601 0.966098 11.612492 19.848099 -16.903719 9.419939 0.519467 6.614351 -11.176626 -1.689864 -22.134827 0.361567 -6.119511 11.846685 0.508477 -12.699516
10.163694 10.281933 3.258763 -10.763490 29.206177 -7.161205 -9.863883 3.383092 -9.874396 -21.613127 -31.014675 -6.128974 -11.001584 -8.616614 -7.958838 2.917199 5.939798 23.634007 -16.052431 10.405903 -0.178021 7.851871 -16.228727 -2.381776 -19.188072 1.861326 -3.607191 12.151978 1.479705 -12.305384
8.781307 9.874655 5.306553 -13.003481 27.229954 -6.882271 -10.249948 3.971152 -7.555594 -22.797819 -29.942078 -5.625381 -12.988488 -8.501883 -9.515376 5.474568 1.526169 24.825577 -15.202901 9.911907 0.184049 7.958533 -19.865263 -2.986967 -17.100250 4.038176 -1.738001 12.197151 3.381598 -10.222692
6.027989 8.464134 6.451246 -15.553034 25.151894 -5.811701 -10.794419 3.809494 -6.674754 -24.226805 -28.600357 -5.490096 -14.254043 -8.874270 -10.834294 7.961888 -1.532625 23.993830 -14.985555 8.484078 0.766179 6.404649 -22.245491 -3.823661 -16.111742 4.778985 -1.480083 12.282501 4.708252 -8.892242
0.797103 6.638025 7.269839 -18.532045 23.226156 -4.657795 -10.590422 4.002664 -5.967093 -25.967257 -26.494347 -5.650642 -15.342307 -10.010406 -13.215343 9.944051 -4.067222 23.190022 -15.660077 7.244156 1.438518 5.358657 -21.705309 -5.798163 -14.915835 5.689140 -2.119468 13.310699 6.080977 -6.412808
-2.895905 5.935847 7.733761 -20.435848 22.525352 -3.852677 -10.121821 4.765990 -5.450388 -26.666620 -25.146618 -6.245717 -15.881991 -11.120931 -15.021171 12.354136 -6.124738 22.144264 -16.000753 6.652693 2.446373 4.847308 -22.042109 -6.836460 -13.518712 6.738048 -2.105248 14.726203 7.356726 -4.988740
-6.017501 5.098492 7.221441 -21.566702 22.175549 -3.413911 -9.344113 5.682609 -5.905087 -26.839247 -23.264755 -6.167141 -16.547781 -12.280236 -15.695155 13.631242 -7.134358 20.687351 -16.199549 6.126723 2.522241 4.211878 -21.821316 -7.382567 -12.327565 7.356173 -2.519994 16.917664 8.342491 -3.119658
-8.035658 4.804439 6.295647 -22.390911 21.914923 -3.200631 -8.508869 6.665432 -6.391106 -26.710077 -22.663147 -5.822309 -17.074799 -12.992064 -15.989039 14.492937 -8.463465 19.766993 -16.074423 5.271636 2.302682 3.089172 -21.109022 -8.324012 -11.583135 7.686567 -3.137682 18.397766 8.976104 -1.392010
-8.847650 4.636127 5.730121 -22.815083 21.777618 -2.891026 -8.100877 7.212198 -6.619797 -26.655321 -21.865671 -5.372825 -17.525545 -13.276425 -16.164083 14.637254 -9.198134 19.127230 -16.152750 4.789999 2.325399 2.473423 -20.724258 -8.581144 -10.700904 7.477994 -2.860880 19.338232 9.307509 -0.945400
-9.044129 4.638162 5.602852 -22.972010 21.725727 -2.943301 -7.903054 7.292523 -6.614662 -26.540667 -21.551197 -5.261481 -17.761543 -13.359487 -16.150175 14.692771 -9.545899 19.070902 -16.140444 4.620989 2.469082 2.214742 -20.489771 -8.439304 -10.651277 7.667231 -2.886453 19.104916 9.439311 -0.694434
-9.048839 4.622570 5.596948 -22.982849 21.737514 -2.902260 -7.944476 7.280284 -6.617366 -26.577545 -21.602377 -5.318006 -17.723747 -13.337114 -16.187723 14.706449 -9.483901 19.091965 -16.140324 4.687391 2.431343 2.238028 -20.494104 -8.460849 -10.659721 7.663636 -2.892379 19.083508 9.422340 -0.724531
-8.986932 4.627011 5.563356 -22.978354 21.874847 -2.688653 -8.117259 7.265333 -6.656137 -26.700731 -21.774191 -5.396379 -17.660133 -13.313682 -16.307619 14.778053 -9.471810 19.213116 -16.088465 4.790892 2.434735 2.173878 -20.561081 -8.492381 -10.735501 7.728746 -2.940226 19.033039 9.442790 -0.614065
-8.946222 4.577199 5.493432 -22.925474 21.992081 -2.381152 -8.276272 7.164797 -6.727820 -26.771534 -21.972317 -5.460937 -17.520048 -13.264268 -16.543049 14.872889 -9.471128 19.321175 -16.075310 5.029850 2.544123 2.227502 -20.716576 -8.556195 -10.782413 7.834523 -2.974292 18.961664 9.506622 -0.604165
-8.836684 4.552699 5.439573 -22.795065 22.196541 -2.064339 -8.556961 7.051309 -6.862804 -26.927603 -22.147230 -5.524610 -17.416899 -13.131963 -16.703228 14.953951 -9.326228 19.500753 -16.035130 5.260975 2.735235 2.444986 -20.978298 -8.628997 -10.877490 8.073086 -3.021197 18.863518 9.588344 -0.482385
-8.688518 4.461160 5.420510 -22.711699 22.324842 -1.726151 -8.812860 6.945091 -6.924096 -27.093351 -22.324162 -5.648308 -17.319683 -13.034874 -17.037613 15.142317 -9.143914 19.682701 -15.963925 5.612515 2.828381 2.775466 -21.039572 -8.806798 -10.929003 8.249478 -3.023815 18.799206 9.652835 -0.409109
-8.409425 4.454788 5.359046 -22.564322 22.574886 -1.336660 -9.098527 6.727531 -7.113259 -27.187563 -22.588333 -5.887677 -17.185230 -12.964275 -17.242702 15.235540 -8.775965 19.899033 -15.904782 5.958789 2.882550 3.131335 -20.868481 -8.844646 -10.957726 8.442191 -3.032501 18.705887 9.682357 -0.104563
-7.906214 4.373811 5.172049 -22.345179 22.836609 -0.750560 -9.421358 6.550435 -7.389695 -27.260296 -22.835899 -5.972281 -17.074429 -12.821452 -17.366508 15.301704 -8.441841 20.083733 -15.777634 6.268612 3.007101 3.509366 -20.601568 -9.096698 -10.953444 8.565382 -3.102738 18.624050 9.649016 0.092178
-7.259316 4.304673 5.032581 -22.006212 23.045818 -0.176348 -9.774932 6.405936 -7.676566 -27.368706 -23.196896 -5.992792 -16.966702 -12.651132 -17.661415 15.422444 -8.121738 20.312248 -15.590013 6.709333 3.117680 3.981035 -20.447756 -9.354801 -11.092175 8.648907 -3.074157 18.396517 9.505933 0.229157
-6.672603 4.215444 4.872646 -21.499090 23.218708 0.341412 -10.201760 6.197170 -8.034415 -27.488876 -23.493771 -6.081805 -16.752483 -12.544726 -18.015959 15.471891 -7.427717 20.415462 -15.413108 7.114311 3.364689 4.722617 -20.283409 -9.518494 -11.067138 8.840376 -2.994369 18.069466 9.425723 0.236615
-5.802492 4.214431 4.906053 -21.039274 23.408169 0.634531 -10.683089 5.951932 -8.228395 -27.600750 -24.034004 -6.241880 -16.379063 -12.410866 -18.161844 15.385509 -6.846176 20.662813 -15.338202 7.599411 3.687747 5.385113 -20.483782 -9.522431 -11.193045 8.926179 -2.867369 17.793842 9.339718 -0.014076
-5.014017 4.155725 4.907661 -20.628492 23.590036 0.950186 -11.131980 5.678481 -8.409777 -27.707472 -24.537968 -6.349072 -16.005920 -12.186525 -18.258270 15.268295 -6.272585 20.787579 -15.328017 7.981766 3.968718 6.094104 -20.422022 -9.441093 -11.292565 9.114962 -2.561677 17.416868 9.235439 0.108795
-4.243047 4.126962 4.811534 -20.049883 23.839386 1.321250 -11.665879 5.531966 -8.694428 -27.873049 -25.211098 -6.357413 -15.589655 -11.970073 -18.200829 15.139997 -5.768922 20.827847 -15.243577 8.325407 4.315240 6.898567 -20.510256 -9.463471 -11.297671 9.285466 -2.315871 16.832645 9.104239 0.023197
-3.570554 4.123776 4.694410 -19.368942 24.107952 1.647642 -12.258230 5.335394 -9.066075 -28.176302 -25.719244 -6.363708 -15.292907 -11.783917 -18.277447 14.994922 -5.331958 20.951265 -15.156489 8.664572 4.664457 7.549477 -20.701902 -9.610148 -11.192717 9.418120 -2.126164 16.417881 9.061735 0.007606
-2.761456 4.269346 4.581573 -18.897909 24.556381 1.792688 -12.797903 5.010041 -9.197822 -28.441488 -26.395275 -6.338859 -14.998357 -11.572766 -18.434917 14.824574 -4.869720 21.074066 -15.070823 9.193899 5.003698 8.168460 -20.791922 -9.732910 -11.313651 9.398042 -1.931530 15.932766 8.984970 -0.165874
-1.915568 4.537141 4.745103 -18.485209 24.921652 1.962758 -13.159868 4.620036 -9.187808 -28.522642 -27.081940 -6.300846 -14.699050 -11.151235 -18.673660 14.642656 -4.344316 21.144030 -15.017745 9.623513 5.363538 8.623185 -20.936790 -9.660337 -11.230901 9.383257 -1.831486 15.688080 8.957118 -0.580687
-1.080854 4.747865 4.854424 -18.020468 25.255211 2.145766 -13.644485 4.310994 -9.207158 -28.628202 -27.842197 -6.224754 -14.345889 -10.794049 -18.882845 14.474102 -3.935292 21.260361 -14.943058 9.969946 5.655851 9.024896 -21.017500 -9.663837 -11.187900 9.376494 -1.871198 15.460334 8.890813 -0.845657
-0.376082 5.068641 4.952879 -17.616634 25.581882 2.141693 -13.915091 4.096624 -9.229127 -28.573574 -28.408232 -6.303064 -13.921512 -10.504996 -18.937305 14.319901 -3.504395 21.375841 -14.887128 10.379065 5.840041 9.319068 -21.049225 -9.670154 -11.305684 9.309105 -1.931178 15.208419 8.717429 -1.076200
-0.011796 5.274673 5.026948 -17.382780 25.761185 2.076429 -14.000882 3.999255 -9.204703 -28.557266 -28.818504 -6.288663 -13.725277 -10.250817 -19.055954 14.225152 -3.357159 21.493793 -14.806623 10.663587 5.958400 9.551389 -21.222198 -9.542339 -11.323720 9.252345 -1.916354 15.074923 8.635191 -1.359400
0.408140 5.425710 5.038058 -17.195742 25.929211 2.019578 -14.099967 3.916290 -9.214656 -28.500437 -29.120401 -6.274280 -13.555149 -10.052150 -19.011017 14.108083 -3.138710 21.540554 -14.774345 10.842861 6.036625 9.743748 -21.366312 -9.492204 -11.370017 9.198942 -1.914686 14.956419 8.545526 -1.579685
0.562920 5.427171 5.004717 -17.104767 25.971542 2.013660 -14.138317 3.912177 -9.243955 -28.516844 -29.184547 -6.271667 -13.520490 -10.003615 -19.003448 14.084192 -3.125269 21.562801 -14.757577 10.911258 6.076711 9.844038 -21.316010 -9.506948 -11.389111 9.173491 -1.909171 14.938198 8.495583 -1.632508
0.562920 5.427171 5.004717 -17.104767 25.971542 2.013660 -14.138317 3.912177 -9.243955 -28.516844 -29.184547 -6.271667 -13.520490 -10.003615 -19.003448 14.084192 -3.125269 21.562801 -14.757577 10.911258 6.076711 9.844038 -21.316010 -9.506948 -11.389111 9.173491 -1.909171 14.938198 8.495583 -1.632508
0.562920 5.427171 5.004717 -17.104767 25.971542 2.013660 -14.138317 3.912177 -9.243955 -28.516844 -29.184547 -6.271667 -13.520490 -10.003615 -19.003448 14.084192 -3.125269 21.562801 -14.757577 10.911258 6.076711 9.844038 -21.316010 -9.506948 -11.389111 9.173491 -1.909171 14.938198 8.495583 -1.632508
0.562920 5.427171 5.004717 -17.104767 25.971542 2.013660 -14.138317 3.912177 -9.243955 -28.516844 -29.184547 -6.271667 -13.520490 -10.003615 -19.003448 14.084192 -3.125269 21.562801 -14.757577 10.911258 6.076711 9.844038 -21.316010 -9.506948 -11.389111 9.173491 -1.909171 14.938198 8.495583 -1.632508
0.562920 5.427171 5.004717 -17.104767 25.971542 2.013660 -14.138317 3.912177 -9.243955 -28.516844 -29.184547 -6.271667 -13.520490 -10.003615 -19.003448 14.084192 -3.125269 21.562801 -14.757577 10.911258 6.076711 9.844038 -21.316010 -9.506948 -11.389111 9.173491 -1.909171 14.938198 8.495583 -1.632508
0.562920 5.427171 5.004717 -17.104767 25.971542 2.013660 -14.138317 3.912177 -9.243955 -28.516844 -29.184547 -6.271667 -13.520490 -10.003615 -19.003448 14.084192 -3.125269 21.562801 -14.757577 10.911258 6.076711 9.844038 -21.316010 -9.506948 -11.389111 9.173491 -1.909171 14.938198 8.495583 -1.632508
0.562920 5.427171 5.004717 -17.104767 25.971542 2.013660 -14.138317 3.912177 -9.243955 -28.516844 -29.184547 -6.271667 -13.520490 -10.003615 -19.003448 14.084192 -3.125269 21.562801 -14.757577 10.911258 6.076711 9.844038 -21.316010 -9.506948 -11.389111 9.173491 -1.909171 14.938198 8.495583 -1.632508
0.563942 5.425040 5.004773 -17.103474 25.969685 2.010916 -14.136943 3.914382 -9.243579 -28.517687 -29.184174 -6.272420 -13.520017 -10.004062 -19.002123 14.082876 -3.124164 21.563320 -14.758183 10.911221 6.074688 9.844919 -21.314600 -9.506207 -11.388079 9.172444 -1.907930 14.938706 8.493981 -1.635112
0.562920 5.427171 5.004717 -17.104767 25.971542 2.013660 -14.138317 3.912177 -9.243955 -28.516844 -29.184547 -6.271667 -13.520490 -10.003615 -19.003448 14.084192 -3.125269 21.562801 -14.757577 10.911258 6.076711 9.844038 -21.316010 -9.506948 -11.389111 9.173491 -1.909171 14.938198 8.495583 -1.632508
0.562920 5.427171 5.004717 -17.104767 25.971542 2.013660 -14.138317 3.912177 -9.243955 -28.516844 -29.184547 -6.271667 -13.520490 -10.003615 -19.003448 14.084192 -3.125269 21.562801 -14.757577 10.911258 6.076711 9.844038 -21.316010 -9.506948 -11.389111 9.173491 -1.909171 14.938198 8.495583 -1.632508
0.562920 5.427171 5.004717 -17.104767 25.971542 2.013660 -14.138317 3.912177 -9.243955 -28.516844 -29.184547 -6.271667 -13.520490 -10.003615 -19.003448 14.084192 -3.125269 21.562801 -14.757577 10.911258 6.076711 9.844038 -21.316010 -9.506948 -11.389111 9.173491 -1.909171 14.938198 8.495583 -1.632508
0.562920 5.427171 5.004717 -17.104767 25.971542 2.013660 -14.138317 3.912177 -9.243955 -28.516844 -29.184547 -6.271667 -13.520490 -10.003615 -19.003448 14.084192 -3.125269 21.562801 -14.757577 10.911258 6.076711 9.844038 -21.316010 -9.506948 -11.389111 9.173491 -1.909171 14.938198 8.495583 -1.632508
0.562920 5.427171 5.004717 -17.104767 25.971542 2.013660 -14.138317 3.912177 -9.243955 -28.516844 -29.184547 -6.271667 -13.520490 -10.003615 -19.003448 14.084192 -3.125269 21.562801 -14.757577 10.911258 6.076711 9.844038 -21.316010 -9.506948 -11.389111 9.173491 -1.909171 14.938198 8.495583 -1.632508
0.562920 5.427171 5.004717 -17.104767 25.971542 2.013660 -14.138317 3.912177 -9.243955 -28.516844 -29.184547 -6.271667 -13.520490 -10.003615 -19.003448 14.084192 -3.125269 21.562801 -14.757577 10.911258 6.076711 9.844038 -21.316010 -9.506948 -11.389111 9.173491 -1.909171 14.938198 8.495583 -1.632508
0.562920 5.427171 5.004717 -17.104767 25.971542 2.013660 -14.138317 3.912177 -9.243955 -28.516844 -29.184547 -6.271667 -13.520490 -10.003615 -19.003448 14.084192 -3.125269 21.562801 -14.757577 10.911258 6.076711 9.844038 -21.316010 -9.506948 -11.389111 9.173491 -1.909171 14.938198 8.495583 -1.632508
8.673403 5.141256 2.247878 -16.965078 18.646603 -3.746160 -6.058641 -1.587182 -10.856124 -34.393867 -25.950428 -5.871349 -16.545448 -11.104208 -13.549159 6.231177 -0.638456 17.321096 -17.327856 14.718083 6.850384 7.569954 -17.700441 -7.075466 -14.788685 11.735028 -0.664751 11.759007 7.334052 -1.796158
8.673403 5.141256 2.247878 -16.965078 18.646603 -3.746160 -6.058641 -1.587182 -10.856124 -34.393867 -25.950428 -5.871349 -16.545448 -11.104208 -13.549159 6.231177 -0.638456 17.321096 -17.327856 14.718083 6.850384 7.569954 -17.700441 -7.075466 -14.788685 11.735028 -0.664751 11.759007 7.334052 -1.796158
8.673403 5.141256 2.247878 -16.965078 18.646603 -3.746160 -6.058641 -1.587182 -10.856124 -34.393867 -25.950428 -5.871349 -16.545448 -11.104208 -13.549159 6.231177 -0.638456 17.321096 -17.327856 14.718083 6.850384 7.569954 -17.700441 -7.075466 -14.788685 11.735028 -0.664751 11.759007 7.334052 -1.796158
8.673403 5.141256 2.247878 -16.965078 18.646603 -3.746160 -6.058641 -1.587182 -10.856124 -34.393867 -25.950428 -5.871349 -16.545448 -11.104208 -13.549159 6.231177 -0.638456 17.321096 -17.327856 14.718083 6.850384 7.569954 -17.700441 -7.075466 -14.788685 11.735028 -0.664751 11.759007 7.334052 -1.796158
8.673403 5.141256 2.247878 -16.965078 18.646603 -3.746160 -6.058641 -1.587182 -10.856124 -34.393867 -25.950428 -5.871349 -16.545448 -11.104208 -13.549159 6.231177 -0.638456 17.321096 -17.327856 14.718083 6.850384 7.569954 -17.700441 -7.075466 -14.788685 11.735028 -0.664751 11.759007 7.334052 -1.796158
6.033258 1.203001 3.519318 -14.250813 21.808695 -2.656014 -8.219717 0.852825 -7.529119 -31.623224 -26.366293 -9.200771 -16.476061 -8.854074 -13.515557 8.922112 2.362735 19.012981 -15.682166 13.160927 7.917075 7.644559 -18.245037 -7.026798 -14.771905 10.233305 -1.955068 11.298429 6.530952 -2.128881
5.358743 -0.055335 3.788364 -13.592238 22.457989 -2.465951 -8.897975 1.419408 -6.583375 -30.948711 -26.299007 -9.683960 -16.413567 -8.647418 -13.352709 9.261238 2.979472 19.096172 -15.329832 12.783648 8.406005 7.709142 -18.505249 -6.910551 -14.468468 9.479777 -2.359334 11.252179 6.179074 -1.919079
5.411778 -0.254731 3.686017 -13.513636 22.780247 -2.145670 -9.116411 1.463906 -6.420540 -30.753479 -26.249142 -9.730620 -16.439259 -8.715310 -13.289249 9.205751 3.035370 19.092953 -15.334270 12.806011 8.640041 7.791551 -18.367321 -6.930283 -14.574190 9.384380 -2.406533 11.168495 6.187035 -1.819833
5.483469 -0.245191 3.626897 -13.567839 22.738935 -2.191721 -9.070733 1.426847 -6.422364 -30.792664 -26.286507 -9.733395 -16.408590 -8.647451 -13.273223 9.217987 2.900870 19.115917 -15.374775 12.832497 8.647430 7.801688 -18.312548 -6.932084 -14.597736 9.430301 -2.367282 11.166089 6.205963 -1.783211
5.495147 -0.235926 3.621503 -13.573726 22.739132 -2.193368 -9.072712 1.421205 -6.431052 -30.797741 -26.287891 -9.730910 -16.410555 -8.642078 -13.281178 9.216205 2.893237 19.119762 -15.382839 12.830360 8.668298 7.796193 -18.303469 -6.936674 -14.600853 9.439006 -2.369286 11.156931 6.214838 -1.776323
5.495294 -0.235763 3.621636 -13.573432 22.738873 -2.192875 -9.072462 1.421277 -6.431532 -30.797796 -26.287983 -9.730933 -16.410690 -8.641741 -13.281486 9.216930 2.892771 19.119526 -15.382193 12.830055 8.668219 7.796645 -18.303818 -6.937095 -14.600677 9.438584 -2.369615 11.156855 6.214716 -1.776568
5.508317 -0.243712 3.608856 -13.571610 22.738808 -2.189708 -9.068916 1.417460 -6.431985 -30.798410 -26.304758 -9.728824 -16.395445 -8.628295 -13.277982 9.222782 2.856687 19.120590 -15.387124 12.822657 8.668006 7.795487 -18.303995 -6.937321 -14.601090 9.438201 -2.370096 11.157513 6.214664 -1.777578
5.502973 -0.227775 3.615283 -13.577068 22.740311 -2.195484 -9.073625 1.424937 -6.436956 -30.798151 -26.287468 -9.730844 -16.411070 -8.642920 -13.281419 9.216744 2.892623 19.118986 -15.382007 12.829614 8.670851 7.797432 -18.302593 -6.935853 -14.599878 9.436809 -2.369915 11.156811 6.213841 -1.775047
5.503033 -0.228327 3.615212 -13.576922 22.740566 -2.195072 -9.074091 1.425476 -6.436381 -30.797808 -26.287382 -9.731853 -16.409956 -8.642434 -13.281856 9.218929 2.891004 19.119555 -15.381871 12.830547 8.670730 7.797945 -18.302595 -6.936467 -14.600186 9.436267 -2.370095 11.156986 6.213979 -1.775682
5.514925 -0.242427 3.589725 -13.578663 22.739069 -2.195650 -9.060321 1.416694 -6.435698 -30.791162 -26.305859 -9.720926 -16.393387 -8.624333 -13.270467 9.220428 2.844896 19.124397 -15.385587 12.819166 8.672859 7.793939 -18.302706 -6.935271 -14.603845 9.435299 -2.372565 11.154673 6.213683 -1.777213
5.498438 -0.230313 3.605950 -13.581216 22.740520 -2.199326 -9.061213 1.421636 -6.434616 -30.789497 -26.285364 -9.718332 -16.402817 -8.640452 -13.268965 9.209835 2.881106 19.124926 -15.383367 12.820408 8.665812 7.796360 -18.308054 -6.935959 -14.603322 9.432100 -2.372895 11.158363 6.214319 -1.780452
5.497159 -0.229648 3.606812 -13.580952 22.740335 -2.199654 -9.061132 1.421865 -6.434730 -30.789560 -26.285759 -9.718358 -16.402790 -8.640794 -13.268214 9.209766 2.879888 19.126968 -15.383601 12.820379 8.664501 7.796824 -18.307959 -6.933919 -14.603240 9.432485 -2.371989 11.158293 6.213626 -1.781773
5.497159 -0.229648 3.606812 -13.580952 22.740335 -2.199654 -9.061132 1.421865 -6.434730 -30.789560 -26.285759 -9.718358 -16.402790 -8.640794 -13.268214 9.209766 2.879888 19.126968 -15.383601 12.820379 8.664501 7.796824 -18.307959 -6.933919 -14.603240 9.432485 -2.371989 11.158293 6.213626 -1.781773
5.497159 -0.229648 3.606812 -13.580952 22.740335 -2.199654 -9.061132 1.421865 -6.434730 -30.789560 -26.285759 -9.718358 -16.402790 -8.640794 -13.268214 9.209766 2.879888 19.126968 -15.383601 12.820379 8.664209 7.796994 -18.308470 -6.934273 -14.603122 9.432374 -2.372083 11.158326 6.213732 -1.782102
5.497159 -0.229648 3.606812 -13.580952 22.740335 -2.199654 -9.061132 1.421865 -6.434730 -30.789560 -26.285759 -9.718358 -16.402790 -8.640794 -13.268214 9.209766 2.879888 19.126968 -15.383601 12.820379 8.664501 7.796824 -18.307959 -6.933919 -14.603240 9.432485 -2.371989 11.158293 6.213626 -1.781773
5.515181 -0.242054 3.589404 -13.578377 22.739712 -2.195490 -9.060125 1.416435 -6.435406 -30.791445 -26.305988 -9.721482 -16.393642 -8.624061 -13.270298 9.220396 2.845254 19.124125 -15.385365 12.819830 8.672807 7.793868 -18.301987 -6.935085 -14.603448 9.435616 -2.372574 11.155019 6.213871 -1.776604
5.515291 -0.241838 3.589281 -13.578254 22.739958 -2.195581 -9.060171 1.416417 -6.435452 -30.791431 -26.305988 -9.721482 -16.393642 -8.624061 -13.270298 9.220396 2.845254 19.124125 -15.385365 12.819830 8.672457 7.794120 -18.302341 -6.935380 -14.603381 9.435513 -2.372555 11.155025 6.213934 -1.776785
5.515291 -0.241838 3.589281 -13.578254 22.739958 -2.195581 -9.060171 1.416417 -6.435452 -30.791431 -26.305988 -9.721482 -16.393642 -8.624061 -13.270298 9.220396 2.845254 19.124125 -15.385365 12.819830 8.672750 7.793953 -18.301832 -6.935027 -14.603498 9.435623 -2.372460 11.154992 6.213826 -1.776458
5.516044 -0.239442 3.593803 -13.578608 22.741301 -2.196000 -9.063717 1.417878 -6.435034 -30.792200 -26.306999 -9.718173 -16.389999 -8.625078 -13.271186 9.220067 2.844439 19.125111 -15.386098 12.813601 8.673346 7.792185 -18.305040 -6.936688 -14.602899 9.435488 -2.375222 11.154640 6.215369 -1.778768
5.516044 -0.239442 3.593803 -13.578608 22.741301 -2.196000 -9.063717 1.417878 -6.435034 -30.792200 -26.306999 -9.718173 -16.389999 -8.625078 -13.271186 9.220067 2.844439 19.125111 -15.386098 12.813601 8.673346 7.792185 -18.305040 -6.936688 -14.602899 9.435488 -2.375222 11.154640 6.215369 -1.778768
5.516044 -0.239442 3.593803 -13.578608 22.741301 -2.196000 -9.063717 1.417878 -6.435034 -30.792200 -26.306999 -9.718173 -16.389999 -8.625078 -13.271186 9.220067 2.844439 19.125111 -15.386098 12.813601 8.673055 7.792354 -18.305552 -6.937042 -14.602780 9.435378 -2.375317 11.154673 6.215477 -1.779096
