-0.245833 -7.442031 2.766178 -6.702979 12.359277 -6.570898 19.423626 6.458411 -13.447428 -17.475189 -13.154579 -0.017841 -15.060112 -7.835205 4.740159 6.756058 8.393835 4.319491 -21.323742 -11.140913 10.445385 -6.018880 -5.350744 7.866933 -11.894120 -2.967935 -17.225760 13.847309 -3.985631 3.761022
-0.452733 -7.520048 2.721405 -6.620509 12.362811 -6.577813 19.472044 6.421348 -13.563012 -17.499784 -13.125941 -0.055189 -14.879012 -7.840930 4.828209 6.829464 8.501206 4.124220 -21.402742 -11.165315 10.458184 -6.000240 -5.276831 7.780954 -11.900611 -2.933184 -17.268139 13.843195 -3.977456 3.904372
-0.895067 -7.673339 2.543853 -6.416573 12.439336 -6.584995 19.538212 6.479013 -13.863880 -17.570724 -13.026646 -0.093881 -14.490890 -7.841258 5.024551 7.043175 8.747919 3.651426 -21.545443 -11.145813 10.544483 -6.026970 -5.177214 7.626880 -11.855559 -2.816696 -17.435036 13.835312 -3.926975 4.020167
-1.567769 -7.904311 2.203387 -6.190624 12.632728 -6.549003 19.650785 6.569172 -14.341980 -17.647865 -12.583970 -0.245175 -13.946977 -8.021792 5.150486 7.720558 8.963520 2.757206 -21.813070 -11.174907 10.788347 -6.074903 -4.979764 7.392217 -11.664397 -2.514225 -17.746641 13.834595 -3.809569 4.204218
-3.183333 -8.412028 2.167240 -5.410424 12.296418 -6.067810 20.063099 7.248473 -15.290519 -18.285320 -11.280499 -0.414104 -14.367735 -8.501070 4.643545 9.395336 8.261524 1.843406 -21.592819 -11.471056 11.407769 -6.553698 -5.036284 7.352086 -10.825049 -1.604772 -18.134008 13.952774 -3.263434 3.786113
-4.655143 -9.190028 1.909582 -4.802431 12.081531 -5.531967 20.481586 7.545986 -16.104889 -18.753630 -10.208604 -0.491440 -14.913033 -8.978799 4.206185 10.558437 7.752049 1.227241 -21.452286 -11.740943 12.060759 -7.042686 -5.052090 7.255741 -10.218359 -0.837203 -18.459484 14.039729 -2.656619 3.586668
-5.265109 -9.281914 1.296204 -4.610556 12.133476 -5.166467 20.386059 8.009815 -16.628498 -18.995260 -9.682513 -0.542798 -14.455009 -9.543376 4.120143 10.794039 7.708773 0.045419 -21.985090 -12.393806 12.407592 -7.363728 -5.258285 7.223099 -10.067317 -0.630351 -18.705816 13.940639 -2.387524 3.153425
-4.994258 -8.623871 0.521142 -4.700300 12.676927 -5.098559 19.783829 8.885836 -16.896748 -18.912325 -9.304009 -0.513445 -14.672593 -9.966655 3.548253 10.900522 7.030894 -0.467599 -22.196207 -13.238094 12.498531 -7.540004 -5.438693 7.213629 -10.092191 -0.674667 -19.014776 13.690872 -2.394670 2.760541
-4.544186 -8.045518 0.027297 -4.772496 13.079904 -5.119150 19.215080 9.645697 -17.039261 -18.908625 -8.958120 -0.679927 -14.552286 -10.280629 3.306314 10.997604 6.738399 -1.093697 -22.529541 -14.097294 12.589308 -7.627813 -5.573769 7.190748 -10.159353 -0.800814 -19.218779 13.513142 -2.420734 2.537754
-4.301486 -7.686821 -0.122821 -4.847146 13.268674 -5.171502 18.908146 10.134190 -17.106129 -18.997435 -8.904722 -0.690472 -14.614398 -10.428160 3.154267 10.848301 6.575189 -1.245195 -22.668283 -14.494299 12.701709 -7.811099 -5.797812 7.333477 -10.087428 -0.753729 -19.235161 13.460508 -2.282202 2.193458
-4.099985 -7.741950 0.269405 -4.847286 13.081393 -5.196243 18.835316 10.451263 -16.881191 -19.174742 -8.816622 -0.666389 -15.137307 -10.463471 2.889121 10.837676 6.161717 -0.827850 -22.539618 -14.641553 12.630519 -7.875687 -5.999638 7.541709 -10.028969 -0.820912 -19.112801 13.468946 -2.284360 1.893833
-2.221318 -7.948966 3.906443 -4.763092 10.968974 -5.828785 18.838297 12.696295 -14.881656 -20.415747 -7.361176 -1.067895 -18.419689 -11.311625 1.286783 10.950913 3.254994 1.749245 -22.209980 -16.044048 11.992971 -8.720333 -7.747079 9.511532 -9.333034 -0.870600 -17.835840 13.829370 -1.873533 -0.759268
2.874288 -6.622897 7.727603 -6.343291 9.707978 -6.450797 18.040737 15.488746 -11.294404 -20.952555 -4.834907 -1.635225 -23.132753 -13.539145 -0.441238 9.034855 0.154926 5.152623 -22.237806 -18.065123 10.549986 -11.125746 -11.317177 12.014302 -8.893332 0.326021 -15.444600 13.851674 -0.260819 -3.316883
7.894660 -11.546179 9.680902 -11.007069 7.608825 0.430832 15.521510 16.438011 -5.434861 -21.936056 -5.395214 1.352432 -30.459072 -13.553067 -1.873388 8.304759 -0.624422 10.055404 -16.970953 -14.270332 4.185420 -13.922072 -16.749006 15.234094 -10.347722 3.736716 -9.447386 11.894552 0.897667 -0.410674
9.247133 -15.652375 12.018380 -15.372739 7.439121 6.984738 13.077051 10.667353 0.441569 -20.486174 -8.041116 5.788765 -33.080162 -15.572142 2.183832 1.671632 6.135307 12.239101 -12.280297 -6.115736 -1.117266 -13.118218 -18.890589 17.080679 -13.315469 5.922501 -4.991181 8.460389 -1.083225 7.586752
5.131428 -16.283079 13.223117 -14.952993 10.464623 4.379037 13.216441 1.972881 2.880963 -16.226816 -9.915805 8.119067 -34.109741 -12.513083 5.743054 0.188137 13.792739 13.789714 -7.881073 1.804237 -2.970425 -8.677946 -15.397940 17.122707 -16.969465 5.416506 -2.296253 8.085629 -2.994708 10.289831
-0.633372 -19.053896 7.509494 -14.379978 13.497874 4.311615 11.616296 -0.770994 0.553570 -15.745501 -14.005121 9.499310 -28.804768 -8.944490 10.447630 -0.131401 20.467619 7.640009 -7.960888 2.593267 -2.881253 -3.584179 -10.982090 16.676596 -19.468174 3.318944 -3.608207 7.351923 -5.768422 9.218336
-1.651378 -21.316225 2.339784 -13.097586 15.797908 6.042546 9.832003 -3.031911 -1.711322 -15.006386 -15.585638 10.838603 -24.768658 -8.241858 12.438037 0.666690 22.490786 3.054404 -9.294068 3.388115 -2.994667 -0.677067 -8.939754 15.771609 -20.023550 2.263774 -5.639425 6.350028 -8.276462 9.601888
-2.039636 -21.796659 1.271382 -10.508322 17.372154 6.351940 10.130556 -4.595071 -3.074340 -13.522770 -17.691427 10.910743 -21.035717 -8.901046 13.154729 -0.334869 23.782185 1.345130 -10.697434 4.058060 -2.724122 0.016478 -8.005840 14.663793 -20.018900 2.018765 -6.456363 6.152816 -8.846626 10.231431
-2.083873 -20.919006 1.113271 -9.703032 18.319275 6.190111 10.480025 -5.506751 -3.860235 -12.779730 -18.500004 10.689805 -19.272476 -9.093575 13.184936 -0.070291 23.768717 0.412587 -11.094674 4.175015 -1.992549 0.504670 -6.980880 13.742928 -19.902504 1.909713 -7.196807 6.265334 -9.051175 10.547497
-1.992333 -20.840502 1.087015 -9.520095 18.485199 6.249501 10.526888 -5.622790 -3.990319 -12.636721 -18.530939 10.574286 -18.989370 -9.182498 13.247994 -0.081528 23.728727 0.240606 -11.209680 4.123297 -1.838708 0.578664 -6.830168 13.680018 -19.853607 1.914687 -7.357452 6.227431 -9.108052 10.533988
-1.827120 -20.697660 0.984518 -9.351042 18.455782 6.327887 10.564002 -5.363226 -4.318033 -12.611262 -18.424067 10.329542 -18.877436 -9.276793 13.291854 -0.173520 23.653687 0.172729 -11.314924 3.849582 -1.670587 0.536330 -6.699833 13.655406 -19.720127 1.968784 -7.492356 6.248119 -9.078185 10.510072
-1.453221 -20.535013 1.025895 -8.964098 18.418781 6.479904 10.817348 -5.135911 -4.667086 -12.531271 -18.221901 9.984249 -18.645718 -9.524165 13.375372 -0.378211 23.591537 0.036212 -11.492606 3.631347 -1.333310 0.424055 -6.405523 13.544296 -19.412012 2.069222 -7.822471 6.369518 -8.998645 10.411406
-0.632985 -20.599871 0.760833 -8.679231 18.406773 6.877097 11.053268 -4.861707 -4.958488 -12.212140 -18.059301 9.694150 -18.049454 -9.883575 13.625566 -0.614979 23.566923 -0.433338 -11.814744 3.545656 -1.015061 0.334651 -6.012305 13.475114 -19.098557 2.147093 -8.279653 6.491243 -9.013206 10.340322
0.199281 -20.409487 1.030028 -7.989134 18.430796 7.296741 11.420460 -4.502491 -5.246497 -11.988571 -17.445393 9.253575 -17.367332 -10.830516 13.926767 -0.898783 23.208252 -0.571692 -12.274368 3.550058 -0.665093 0.279123 -5.490735 13.446704 -18.736898 2.224514 -8.974051 6.557545 -9.143679 10.191545
0.658453 -20.126677 1.548971 -7.134768 18.364214 7.445810 11.754734 -4.073359 -5.650794 -12.035922 -16.867989 9.091532 -16.787693 -11.765374 14.170565 -0.878119 22.691570 -0.738819 -12.607831 3.666769 -0.484783 0.214962 -5.023263 13.462640 -18.464697 2.354071 -9.717092 6.526977 -9.354657 10.137788
1.302180 -19.901937 1.882448 -6.405420 18.484217 7.601131 12.100239 -3.603884 -5.697505 -12.017668 -16.019600 8.794797 -16.416248 -12.690969 14.355456 -0.747066 22.252478 -0.668891 -12.892983 3.894471 -0.350551 -0.115944 -4.713352 13.619570 -18.088341 2.514677 -10.432124 6.593761 -9.494749 10.007696
2.498644 -19.588573 2.299735 -5.767202 18.678337 7.829265 12.327041 -3.055831 -5.541538 -11.926176 -15.125707 8.494000 -16.442116 -13.511994 14.387618 -0.701283 22.041983 -0.588052 -13.111006 3.853883 -0.190180 -0.452215 -4.535875 13.714400 -17.755861 2.710559 -11.017520 6.628755 -9.563062 9.860006
3.209149 -19.405958 2.719316 -5.595515 18.591021 7.979415 12.527519 -2.699405 -5.355064 -11.942687 -14.479105 8.182492 -16.794662 -14.103963 14.222580 -0.850542 21.870752 -0.260475 -13.249352 3.559797 -0.100249 -0.684951 -4.465096 13.832420 -17.484688 2.813227 -11.344668 6.688882 -9.571583 9.605841
3.408847 -19.312243 3.031687 -5.574739 18.412184 7.934702 12.681561 -2.484237 -5.206656 -12.040412 -14.165243 7.935729 -17.091629 -14.396355 14.043209 -0.999786 21.696058 0.060181 -13.299804 3.262437 -0.036468 -0.874713 -4.530263 13.875592 -17.306456 2.903948 -11.491950 6.702878 -9.511153 9.477299
3.420469 -19.281637 3.104727 -5.545568 18.390190 7.915565 12.713987 -2.443050 -5.190024 -12.051538 -14.101099 7.898602 -17.145466 -14.451044 14.023310 -1.030776 21.690100 0.100588 -13.306143 3.218077 -0.026463 -0.899263 -4.541291 13.892003 -17.283062 2.918869 -11.505132 6.698359 -9.503375 9.465073
3.387320 -19.188169 3.296984 -5.415453 18.379482 7.851238 12.870001 -2.509981 -5.155346 -12.039835 -14.023649 7.875182 -17.112255 -14.550603 14.021322 -1.014533 21.673748 0.059081 -13.328437 3.243673 0.013823 -0.887635 -4.488801 13.898423 -17.250679 2.947671 -11.573861 6.686944 -9.511707 9.447362
3.509601 -19.015707 3.729069 -5.159243 18.299786 7.859065 13.063477 -2.450235 -5.126945 -11.929358 -13.840305 7.834764 -17.005344 -14.788537 14.101243 -0.972234 21.624666 -0.006470 -13.379325 3.324111 0.072544 -0.913278 -4.421084 13.962346 -17.124786 3.027452 -11.738120 6.663092 -9.552349 9.358584
3.614929 -18.943659 4.168265 -4.969584 18.157490 7.830597 13.318213 -2.574955 -4.989251 -11.807642 -13.607836 7.803741 -16.986835 -15.014948 14.134006 -0.969335 21.496283 -0.069139 -13.447429 3.399612 0.113780 -0.876118 -4.321561 14.017854 -17.026154 3.083799 -11.911597 6.634626 -9.634575 9.272385
3.794873 -18.820982 4.470150 -4.901144 18.104321 7.710914 13.587551 -2.533472 -4.838538 -11.615029 -13.379373 7.703411 -16.865238 -15.328546 14.166372 -1.010999 21.412344 -0.099221 -13.589076 3.493569 0.222015 -0.812162 -4.173297 14.142641 -16.822176 3.126428 -12.150432 6.624934 -9.750871 9.006178
3.971474 -18.644449 4.777834 -4.977932 17.926077 7.486805 13.928912 -2.292660 -4.639084 -11.286850 -12.943674 7.539886 -16.787451 -15.848248 14.194247 -1.105843 21.026007 0.039461 -13.789898 3.528386 0.299863 -0.827054 -4.113130 14.444449 -16.582565 3.131467 -12.361819 6.603192 -9.886519 8.547897
4.716413 -18.222813 5.030714 -5.011418 17.856922 7.574070 14.025309 -2.042483 -4.724707 -10.834086 -12.457355 7.150936 -16.699722 -16.479055 14.214105 -1.276068 20.522905 0.485743 -14.030732 3.546241 0.498893 -0.821447 -3.704538 14.838163 -16.180466 3.135905 -12.819369 6.638067 -10.058909 7.892981
10.349128 -0.389495 1.859553 -14.375032 9.421144 -7.512614 23.445818 -3.665860 -14.692105 -16.560074 -12.937636 1.633232 -11.343409 -13.556155 2.565055 6.945447 9.040433 2.465525 -21.903097 0.332726 6.030730 2.654702 -3.833835 9.690225 -11.173608 0.225822 -12.209044 13.470301 -6.553430 6.429218
12.058223 -0.160813 2.242124 -14.035480 9.401918 -7.111521 23.552774 -3.407834 -14.664483 -16.002661 -12.771404 1.428451 -11.037383 -14.191113 2.283956 7.036830 7.539873 3.674613 -22.019604 1.134710 6.262352 2.465800 -3.656854 10.225533 -10.703532 0.356686 -12.710615 13.459524 -6.609106 5.456437
12.597223 0.210876 2.599683 -13.692930 9.499458 -7.163363 23.316376 -2.589946 -14.722761 -15.937050 -12.564779 1.272386 -11.040016 -14.616704 2.157376 6.923525 6.663909 4.674364 -21.954973 1.628155 6.489904 2.333466 -3.547433 10.716769 -10.439757 0.441792 -12.994315 13.414045 -6.590904 4.656198
9.357100 -4.693767 5.476523 -8.398472 13.964226 -6.582846 20.680607 0.842602 -9.565035 -12.732479 -13.215984 0.650705 -9.797305 -9.193488 7.338376 9.545794 5.855115 6.429783 -20.497438 -1.787951 8.913247 -1.517731 -2.626635 11.337404 -12.352651 -4.023897 -13.628751 14.665012 -6.358430 4.777822
9.748723 -4.590725 6.164969 -7.766598 14.314399 -6.104267 20.641548 1.574665 -9.466722 -12.983427 -12.826871 0.351867 -10.396161 -9.693166 7.297832 8.879019 6.152234 7.046117 -20.506439 -2.117068 9.001768 -1.791381 -2.814515 11.872235 -12.405895 -4.169947 -13.649098 14.521160 -6.538021 4.619965
10.080083 -4.509332 6.573905 -7.499555 13.984435 -6.003303 21.002384 2.460671 -9.612504 -12.883646 -12.503719 0.067654 -10.844102 -10.003059 7.418025 8.254976 6.293812 7.588602 -20.590570 -2.332048 9.116499 -1.956016 -3.096275 12.222701 -12.222406 -4.068058 -13.483505 14.437763 -6.382385 4.120881
10.452806 -4.576632 6.872368 -7.325804 13.537148 -6.056112 21.568417 3.098822 -9.462154 -12.668960 -12.260406 -0.240380 -11.045935 -10.439084 7.517997 7.626380 6.241113 8.105472 -20.755838 -2.571729 9.232258 -2.162391 -3.243655 12.564786 -12.069331 -3.942422 -13.352384 14.391527 -6.220216 3.674999
10.622779 -4.834599 7.095832 -7.042315 13.018004 -6.148300 22.179636 3.814118 -9.414784 -12.602946 -12.071656 -0.641951 -11.237365 -11.067956 7.452062 7.015921 5.942198 8.881425 -20.977163 -2.708547 9.299951 -2.472826 -3.423512 12.915590 -11.924506 -3.786414 -13.102860 14.458575 -5.946462 3.438114
10.722205 -5.165761 7.152658 -6.942620 12.674270 -6.349564 22.595867 4.235912 -9.266589 -12.724958 -11.817695 -0.962811 -11.707344 -11.495770 7.391622 6.474625 5.616169 9.638288 -21.111990 -2.983310 9.409519 -2.664689 -3.506986 13.203067 -11.823239 -3.660915 -12.940036 14.463899 -5.741958 3.252217
10.750810 -5.493362 7.215671 -6.998240 12.264523 -6.409817 22.928024 4.651299 -9.167018 -12.824378 -11.624913 -1.181967 -12.094808 -11.792775 7.314787 6.077828 5.332758 10.268556 -21.172533 -3.113462 9.498495 -2.873638 -3.577922 13.388867 -11.789992 -3.529706 -12.819358 14.454579 -5.536417 3.248111
10.843695 -5.812915 7.323995 -7.059669 11.921151 -6.431378 23.214487 4.962948 -9.000699 -12.974399 -11.489510 -1.367915 -12.372485 -11.985130 7.279910 5.761278 5.187715 10.728524 -21.204891 -3.226543 9.563724 -2.999118 -3.648739 13.536891 -11.827270 -3.423529 -12.688212 14.399363 -5.376103 3.270416
10.925648 -6.099558 7.336912 -7.086632 11.699472 -6.387856 23.414970 5.146717 -8.903234 -13.125615 -11.427611 -1.481662 -12.506380 -12.055893 7.252048 5.619755 5.134122 10.951622 -21.229515 -3.314901 9.619931 -3.104377 -3.718442 13.695130 -11.819478 -3.327924 -12.553215 14.375662 -5.230142 3.268915
11.077869 -6.192751 7.393176 -7.050974 11.639363 -6.384328 23.487465 5.229179 -8.829284 -13.194066 -11.401081 -1.557535 -12.616857 -12.104736 7.243730 5.468970 5.143759 11.101231 -21.254049 -3.404614 9.635237 -3.146501 -3.750036 13.749351 -11.843604 -3.309480 -12.513368 14.361169 -5.188249 3.263927
