-6.397791 -24.903807 5.722658 -13.351081 18.770487 -7.563560 7.573424 6.351103 3.134778 1.788340 -21.362644 11.520936 -23.605211 -11.606816 9.950797 9.168126 10.956731 1.704756 -1.710879 -0.000692 1.991465 12.300361 -13.156157 12.523273 -13.417256 -1.264678 -4.257115 10.686646 -1.840983 9.500257
-6.420636 -24.829594 5.860116 -13.450839 18.723209 -7.553742 7.558217 6.410583 3.202662 1.727068 -21.319056 11.519393 -23.749199 -11.580728 9.937175 9.143350 10.958549 1.812788 -1.655819 -0.015668 1.923335 12.294960 -13.284496 12.608785 -13.440120 -1.263103 -4.150423 10.668753 -1.824209 9.393301
-6.371667 -24.579668 6.158432 -13.586324 18.673145 -7.591932 7.524308 6.661851 3.312447 1.657648 -21.245716 11.492228 -23.953510 -11.549728 9.874373 9.146160 10.909776 1.977041 -1.588685 -0.059447 1.836439 12.273442 -13.480458 12.755662 -13.462660 -1.230451 -3.990985 10.632715 -1.777558 9.226029
-6.445356 -24.378885 6.443346 -13.910066 18.627663 -7.784157 7.456520 6.790858 3.613017 1.623344 -21.228264 11.531419 -24.343559 -11.332480 9.789828 9.247989 10.820040 2.313037 -1.382470 0.004969 1.736629 12.273072 -13.678801 12.915111 -13.556532 -1.194858 -3.827981 10.535805 -1.750497 9.088141
-6.413837 -24.058535 6.789852 -14.240913 18.676622 -8.085911 7.289772 7.088861 4.011451 1.675860 -21.159271 11.523515 -24.735119 -11.219378 9.659232 9.291117 10.586762 2.753432 -1.231218 0.036793 1.581084 12.150494 -14.034900 13.132977 -13.529073 -1.087924 -3.624323 10.465733 -1.651060 8.822165
-6.424501 -23.757523 7.180850 -14.633040 18.668161 -8.260836 7.122999 7.359018 4.392958 1.642883 -21.068321 11.506674 -25.120853 -11.254979 9.468097 9.328394 10.336959 3.168966 -1.085589 0.126633 1.460819 12.070899 -14.305494 13.230783 -13.615800 -1.015803 -3.390177 10.405548 -1.552532 8.703547
-6.584816 -23.498785 7.556765 -15.121338 18.553085 -8.518488 7.006370 7.592673 4.811903 1.529999 -20.997086 11.540643 -25.594141 -11.172867 9.335669 9.335066 10.282157 3.607867 -0.827834 0.266061 1.234311 11.873586 -14.726701 13.343556 -13.784534 -0.839935 -2.934442 10.330804 -1.289116 8.603848
-6.640198 -23.129248 7.825220 -15.712011 18.560530 -8.913177 6.833288 7.898459 5.219261 1.468861 -20.961086 11.613990 -26.104542 -10.986764 9.159360 9.417558 10.132514 4.111668 -0.536267 0.466638 1.053123 11.651145 -15.080715 13.361112 -14.024775 -0.643783 -2.552667 10.219901 -1.005606 8.602675
-6.598390 -22.710894 7.909087 -16.335052 18.668520 -9.413197 6.570901 8.100957 5.519754 1.386165 -20.940189 11.646522 -26.355606 -10.938445 8.970975 9.593875 9.677756 4.538978 -0.399843 0.579029 0.857500 11.351661 -15.494637 13.396150 -14.313270 -0.436477 -2.255746 10.010161 -0.765219 8.628658
-6.426789 -22.279495 7.884392 -16.913460 18.766497 -10.063088 6.334690 8.538544 5.805021 1.352957 -20.926147 11.797742 -26.730709 -10.991256 8.775572 9.539980 9.267511 5.056294 -0.241964 0.821801 0.580197 10.978818 -15.952936 13.373080 -14.602970 -0.209471 -1.948446 9.852310 -0.495113 8.706953
-6.322982 -22.066969 7.814508 -17.344391 18.698637 -10.613995 6.235335 8.781664 5.975996 1.254566 -20.806328 11.872857 -27.114679 -11.210190 8.579594 9.318706 8.918587 5.556066 -0.183417 0.921628 0.323186 10.643794 -16.418867 13.381499 -14.927348 -0.034337 -1.549610 9.690909 -0.225697 8.857403
-6.228299 -22.001823 7.750463 -17.622591 18.509781 -11.232347 6.223112 9.086965 6.187886 1.181906 -20.776577 11.968669 -27.503941 -11.376185 8.382431 9.107330 8.549952 6.056112 -0.070532 0.999531 0.276558 10.216850 -16.853294 13.428019 -15.096133 0.173446 -1.310655 9.532291 0.121637 8.912151
-5.982701 -22.038662 7.698017 -17.751541 18.214952 -11.879543 6.295443 9.504738 6.421319 1.083787 -20.588169 11.981830 -28.087767 -11.848231 8.105614 8.701387 8.188823 6.637748 0.026809 0.968120 0.279653 9.840421 -17.231440 13.399404 -15.185557 0.322926 -1.061996 9.505190 0.479341 8.919203
-5.766670 -22.251154 7.673931 -17.646393 17.863590 -12.174732 6.454867 9.771688 6.488278 0.964638 -20.451653 12.079733 -28.662792 -12.153913 7.883249 8.346716 7.927825 7.046006 0.123541 0.914649 0.324529 9.502378 -17.545938 13.370344 -15.331761 0.437314 -0.702355 9.543378 0.875381 8.917840
-5.602446 -22.441591 7.657848 -17.548008 17.620178 -12.496048 6.532498 9.968458 6.578131 0.886439 -20.347786 12.204171 -29.100403 -12.431039 7.664485 8.045938 7.824212 7.225596 0.134510 0.907120 0.390534 9.230075 -17.817373 13.359810 -15.386915 0.538431 -0.485434 9.584228 1.192695 8.881878
-5.441780 -22.638464 7.624861 -17.468508 17.404482 -12.734720 6.573688 10.076922 6.649563 0.767009 -20.194725 12.402426 -29.598276 -12.832259 7.492301 7.572553 7.786632 7.355859 0.100560 0.917217 0.446735 9.014114 -18.062628 13.308942 -15.426402 0.611651 -0.260766 9.635268 1.482478 8.895392
-5.317214 -22.856853 7.609506 -17.410833 17.266644 -12.809351 6.603689 10.036482 6.704552 0.663448 -20.069868 12.508782 -29.972702 -13.190576 7.292073 7.254976 7.657099 7.529874 0.072252 0.910770 0.467528 8.908343 -18.183237 13.313048 -15.493493 0.679263 -0.088327 9.654147 1.664200 8.897163
-5.253632 -22.993227 7.616834 -17.310308 17.151451 -12.879791 6.637514 10.088694 6.715244 0.583733 -19.993195 12.523085 -30.157944 -13.376635 7.144490 7.105306 7.550029 7.644978 0.033395 0.874345 0.470524 8.774385 -18.315149 13.325690 -15.493916 0.760639 0.015684 9.667514 1.820531 8.880050
-5.155923 -23.083984 7.601484 -17.258379 17.079576 -12.994835 6.679145 10.072140 6.737879 0.537755 -19.910843 12.558942 -30.299274 -13.520741 7.096179 7.000773 7.526626 7.706086 0.020918 0.919838 0.490190 8.696548 -18.355867 13.327477 -15.457643 0.811364 0.055416 9.700248 1.913332 8.852487
-5.129347 -23.055567 7.620748 -17.258354 17.066050 -13.067402 6.693732 10.079624 6.750459 0.526645 -19.896034 12.569688 -30.338840 -13.557805 7.052706 6.992551 7.478867 7.731253 0.012951 0.917092 0.523650 8.672534 -18.354937 13.323515 -15.450974 0.836677 0.047172 9.694982 1.950426 8.844137
-5.115522 -23.032194 7.692069 -17.220707 17.045300 -13.054346 6.727829 10.159564 6.755801 0.550416 -19.854481 12.548170 -30.364441 -13.595240 7.018226 6.985851 7.424892 7.785225 -0.007591 0.917659 0.507101 8.656383 -18.392042 13.336992 -15.400441 0.853373 0.038675 9.705072 1.951028 8.799186
-5.068488 -22.901979 7.944274 -17.067720 17.010475 -13.062803 6.865064 10.380691 6.737314 0.604567 -19.729168 12.473967 -30.468758 -13.761075 6.821944 7.024229 7.118886 8.033876 -0.059088 0.926770 0.513229 8.611323 -18.471537 13.370406 -15.338988 0.890255 0.043214 9.696501 1.993734 8.711253
-4.863373 -22.648434 8.361968 -16.798811 16.965242 -13.057392 7.064236 10.681589 6.705304 0.700468 -19.530159 12.383692 -30.638041 -13.920787 6.569218 7.117270 6.724601 8.309915 -0.082474 0.929023 0.458574 8.406091 -18.688440 13.352071 -15.092761 0.969724 0.027330 9.800743 2.090234 8.489746
-4.340984 -22.316174 8.983341 -16.362425 16.930901 -12.928120 7.273620 10.936445 6.662985 0.827159 -19.195171 12.131396 -30.561718 -14.401638 6.287831 7.168187 5.984653 8.680588 -0.330036 0.945329 0.401830 8.206332 -18.872812 13.321992 -14.688910 1.053900 -0.076777 9.969650 2.152845 8.169144
-3.810709 -21.914875 9.604307 -16.065071 16.826458 -12.756732 7.397265 11.187711 6.666070 0.870933 -18.857800 11.930036 -30.449722 -14.938343 6.023431 7.402375 5.137671 8.987845 -0.516090 0.952535 0.319726 8.033549 -19.008371 13.263577 -14.442242 1.147405 -0.126028 10.091003 2.202486 8.004745
-2.955951 -21.453196 10.324871 -15.690958 16.752552 -12.368797 7.443117 11.319460 6.660731 0.853105 -18.366615 11.654727 -30.361160 -15.588331 5.802536 7.512186 4.246652 9.443626 -0.701760 1.065461 0.386385 7.815552 -19.068520 13.080497 -13.907916 1.277137 -0.220378 10.466103 2.349295 7.738285
-1.941162 -21.222727 10.966548 -15.436640 16.625402 -11.742504 7.403017 11.260897 6.683887 0.714008 -17.953037 11.348911 -30.256933 -16.079456 5.495073 7.827317 3.409053 9.598857 -0.851836 0.887509 0.443510 7.641721 -19.154787 13.144394 -13.353644 1.476770 -0.324342 10.758444 2.502479 7.115339
-1.261028 -21.103819 11.427866 -14.959646 16.765047 -11.182350 7.338446 11.332479 6.601245 0.797822 -17.669733 11.195842 -30.308765 -16.436138 5.326107 7.908309 3.018317 9.556101 -0.897196 0.588088 0.674388 7.470557 -19.113346 13.219598 -12.830470 1.616858 -0.498646 11.068775 2.640375 6.585280
-0.549333 -21.056040 11.871825 -14.348022 16.927755 -10.574714 7.296079 11.446834 6.481905 0.929485 -17.472290 10.966933 -30.125460 -17.153233 5.114670 7.677783 2.329149 9.676261 -1.252489 0.164322 0.928664 7.254493 -19.071505 13.359234 -12.230350 1.739733 -0.691944 11.400313 2.748872 6.126596
-0.260928 -21.393692 11.973496 -13.826283 17.116596 -9.836759 7.295438 11.624153 6.433028 1.193817 -17.434225 10.780533 -30.103636 -17.494518 4.870991 7.607525 1.804057 9.683589 -1.542108 -0.449354 1.131477 7.044087 -18.892992 13.363144 -11.616546 1.853994 -1.151255 11.706793 2.755506 5.643843
0.270387 -21.053570 12.594607 -13.364966 17.144196 -9.507007 7.330571 12.134151 6.372805 1.239344 -17.518505 10.593100 -29.748894 -17.903614 4.801759 7.203401 1.378607 9.687284 -2.068402 -0.959162 1.406821 6.815660 -18.834330 13.427554 -11.109353 1.877828 -1.807195 11.762344 2.693401 4.826888
0.509880 -20.877748 12.869273 -12.964248 17.222836 -8.849051 7.229521 12.718121 6.176395 1.183048 -17.635372 10.096435 -28.975403 -18.285976 4.833568 6.878519 0.774817 9.696473 -2.763889 -1.600679 1.608107 6.694850 -18.732275 13.586944 -10.883222 1.823412 -2.408959 11.656567 2.605578 3.777318
0.593120 -20.553411 12.978837 -12.549598 17.359150 -8.452103 7.124850 13.465811 5.856990 1.143814 -17.603273 9.565104 -28.326477 -18.698229 4.704529 6.576269 0.045779 9.472708 -3.427016 -2.763853 1.897604 6.950390 -18.056288 13.759614 -10.561573 1.730717 -3.469981 11.505161 2.169548 2.705720
0.808340 -20.201235 12.967516 -12.161690 17.571754 -8.043931 6.970410 14.640688 5.375252 0.975133 -17.649500 9.064648 -27.801867 -18.868904 4.737454 6.345526 -0.387685 9.358411 -3.943978 -3.757595 2.159731 6.945385 -17.738844 13.852265 -10.274316 1.747491 -4.322478 11.325498 1.973993 1.763204
0.933520 -19.698324 12.779134 -12.010332 17.946564 -7.764688 6.668544 15.383245 5.098426 1.049559 -17.650879 8.764650 -27.453104 -18.973164 4.692296 6.209054 -0.689708 9.116742 -4.308787 -4.532031 2.486709 6.979954 -17.373774 13.865539 -10.019655 1.697311 -5.219625 11.139245 1.736190 1.008530
1.045700 -19.278883 12.664113 -12.051489 18.174181 -7.539915 6.454748 15.891382 4.910720 1.023087 -17.561630 8.466416 -27.146622 -19.150293 4.670255 6.210556 -0.901843 8.790332 -4.523252 -5.199380 2.704716 7.000285 -17.109961 13.852202 -9.782699 1.679916 -5.843884 11.031427 1.551900 0.653775
1.244903 -18.918943 12.671315 -12.049605 18.252628 -7.460677 6.309912 16.334448 4.778900 0.932983 -17.514915 8.198602 -26.895121 -19.306059 4.677806 6.248272 -1.188698 8.591264 -4.656620 -5.786169 2.848900 6.899315 -17.046457 13.845968 -9.546473 1.707818 -6.271625 10.959467 1.471817 0.410367
1.315023 -18.789232 12.541257 -11.811539 18.289223 -7.373175 6.275911 16.618427 4.530274 0.868456 -17.480560 8.061971 -26.735140 -19.357395 4.675078 6.351408 -1.302822 8.405313 -4.741962 -6.081071 2.989251 6.842197 -16.934502 13.795036 -9.336871 1.730628 -6.653947 10.925158 1.390649 0.275213
1.340893 -18.754034 12.449197 -11.648092 18.282188 -7.350610 6.305738 16.744305 4.368564 0.821323 -17.429626 7.947594 -26.599436 -19.408600 4.700840 6.431756 -1.326577 8.246495 -4.786562 -6.273612 3.107501 6.800931 -16.834406 13.666768 -9.249057 1.770443 -6.939029 10.873798 1.365716 0.207097
1.371158 -18.731165 12.414528 -11.603443 18.282970 -7.321483 6.306018 16.802193 4.312684 0.804496 -17.383060 7.918845 -26.559855 -19.431805 4.700129 6.474276 -1.325553 8.147926 -4.799091 -6.339546 3.142307 6.793168 -16.800272 13.648359 -9.204885 1.773965 -7.018544 10.868572 1.343351 0.179881
1.381356 -18.727736 12.369393 -11.617829 18.309559 -7.353404 6.286863 16.763895 4.322446 0.821847 -17.404036 7.913184 -26.550200 -19.415482 4.730966 6.445716 -1.305613 8.195714 -4.809644 -6.307067 3.150246 6.799162 -16.778162 13.643574 -9.192736 1.777440 -7.037007 10.874871 1.341674 0.187076
1.383999 -18.775450 12.228909 -11.631840 18.355831 -7.419621 6.277689 16.646841 4.301134 0.851890 -17.427029 7.914247 -26.518671 -19.399784 4.757470 6.423893 -1.282836 8.220643 -4.828381 -6.265987 3.154693 6.851285 -16.713139 13.660015 -9.149980 1.755958 -7.044641 10.909634 1.294127 0.240151
1.440143 -18.798601 12.027793 -11.663989 18.431273 -7.526158 6.240657 16.542505 4.273875 0.874141 -17.496849 7.879077 -26.341669 -19.396854 4.870347 6.375226 -1.207331 8.204837 -4.899511 -6.224552 3.123997 6.906357 -16.671587 13.708833 -9.116963 1.729592 -6.987344 10.972765 1.256369 0.279591
1.480250 -18.827486 11.752387 -11.709681 18.552309 -7.653532 6.182868 16.384048 4.257444 0.939876 -17.657488 7.797734 -26.043375 -19.339920 5.100310 6.309731 -1.054927 8.223460 -4.951567 -6.145169 3.141440 6.998213 -16.551199 13.736551 -9.029338 1.706884 -7.008461 11.039742 1.176787 0.344022
1.373984 -18.827150 11.431697 -11.706953 18.787212 -7.796711 6.117421 16.189728 4.231914 1.116301 -17.846254 7.771545 -25.711422 -19.290764 5.322392 6.238964 -0.902039 8.261758 -5.018983 -5.923548 3.191656 7.118391 -16.380688 13.717772 -8.921418 1.671101 -7.014837 11.157722 1.110597 0.486274
1.216050 -18.873438 10.994815 -11.688745 19.069855 -7.955614 6.053166 15.977936 4.145276 1.320595 -18.021481 7.781503 -25.456463 -19.253685 5.575218 6.100567 -0.638239 8.267503 -5.059012 -5.703892 3.249921 7.281453 -16.192404 13.716641 -8.776582 1.598843 -6.924469 11.353239 1.029269 0.806835
1.100622 -18.838903 10.630788 -11.648932 19.315598 -8.177956 5.977445 15.702041 4.094097 1.529889 -18.216049 7.811766 -25.034327 -19.286976 5.854518 6.086196 -0.436838 8.206416 -5.121178 -5.343744 3.288908 7.415285 -16.018200 13.621972 -8.717566 1.540149 -6.877470 11.512031 0.980153 1.091084
0.884665 -18.833841 10.220368 -11.596461 19.613955 -8.374990 5.906485 15.421166 3.998902 1.769938 -18.382526 7.886441 -24.743263 -19.262062 6.080197 6.064446 -0.223540 8.198447 -5.171293 -4.928737 3.391907 7.595068 -15.719445 13.363917 -8.608655 1.470090 -6.947473 11.719176 0.897347 1.546687
0.777625 -18.746469 9.868205 -11.600016 19.992352 -8.551571 5.782657 15.317415 3.892996 1.995390 -18.495171 7.956404 -24.181997 -19.348692 6.353555 6.116478 0.043250 7.904271 -5.317123 -4.505383 3.430669 7.811519 -15.461516 13.060348 -8.604434 1.362417 -6.891128 11.954508 0.825969 2.138424
0.411961 -18.729504 9.469968 -11.489592 20.354542 -8.675634 5.802029 15.181096 3.578473 2.192119 -18.549454 8.036265 -23.670748 -19.464958 6.620845 6.180634 0.331925 7.523202 -5.402709 -4.171927 3.520062 7.993893 -15.201474 12.719512 -8.612775 1.273922 -6.975759 12.101802 0.726946 2.731538
0.049660 -18.755945 9.139122 -11.357981 20.641701 -8.805202 5.848848 14.991724 3.313474 2.385697 -18.529297 8.147352 -23.376047 -19.597403 6.743604 6.284459 0.464557 7.238117 -5.463249 -3.877723 3.528802 8.231072 -14.897972 12.445765 -8.654758 1.133559 -7.037934 12.287018 0.560386 3.244326
-0.202328 -18.836592 8.793169 -11.067753 20.807087 -8.941043 6.011269 14.688606 2.991185 2.593716 -18.543568 8.241582 -22.955317 -19.675003 6.974510 6.359124 0.795737 6.850001 -5.535596 -3.528973 3.605410 8.397851 -14.647926 12.281365 -8.731488 1.016131 -7.247505 12.302980 0.402749 3.459780
-0.173550 -18.931210 8.495912 -10.745510 20.864767 -8.924181 6.110770 14.510170 2.660761 2.698618 -18.508904 8.220070 -22.591778 -19.728390 7.168094 6.371174 1.139889 6.452093 -5.634729 -3.465063 3.660791 8.674209 -14.293131 12.112113 -8.842773 0.834509 -7.414483 12.339497 0.177359 3.838986
-0.131622 -19.062567 8.265262 -10.485379 20.848503 -8.861732 6.247821 14.355316 2.369873 2.744532 -18.511879 8.190012 -22.227787 -19.730270 7.405487 6.332388 1.575294 6.034100 -5.713896 -3.446316 3.792779 8.947402 -13.916329 11.981396 -8.950925 0.637606 -7.704272 12.293491 -0.071631 4.056602
-0.096634 -19.191130 7.983299 -10.197525 20.868221 -8.814077 6.356474 14.151860 2.095020 2.850838 -18.516409 8.165711 -21.869667 -19.725210 7.637241 6.318322 1.983465 5.663842 -5.791488 -3.368187 3.918862 9.164962 -13.597245 11.878821 -9.018682 0.501842 -7.927603 12.253477 -0.254090 4.243437
-0.105802 -19.343718 7.673061 -9.900048 20.917818 -8.734015 6.469310 14.009454 1.785930 2.967525 -18.533207 8.119630 -21.573271 -19.711555 7.838790 6.325428 2.304061 5.379533 -5.830339 -3.342867 4.106555 9.396745 -13.247409 11.797542 -9.108317 0.352196 -8.221728 12.158064 -0.449697 4.367324
-0.115845 -19.432119 7.476482 -9.690096 20.951717 -8.713078 6.547765 13.868973 1.600031 3.068003 -18.543324 8.073043 -21.338310 -19.708721 7.999508 6.325344 2.572649 5.121627 -5.860605 -3.365128 4.272528 9.572995 -12.960777 11.711228 -9.160275 0.253258 -8.485339 12.077028 -0.597595 4.467674
-0.159823 -19.501081 7.337631 -9.507328 20.957352 -8.676682 6.634460 13.788996 1.429139 3.125332 -18.584793 8.017140 -21.055975 -19.708570 8.152172 6.330955 2.827026 4.841026 -5.949573 -3.404674 4.445066 9.743249 -12.662592 11.596698 -9.210306 0.172482 -8.749450 12.010019 -0.728754 4.574907
-0.195770 -19.543533 7.254880 -9.379551 20.964554 -8.635604 6.682210 13.755379 1.315216 3.158899 -18.615561 7.965192 -20.830587 -19.714863 8.251319 6.323050 2.983404 4.630098 -6.039597 -3.466378 4.544475 9.796065 -12.530769 11.529840 -9.210622 0.155681 -8.933955 11.955108 -0.786227 4.547263
-0.219702 -19.563540 7.206841 -9.324292 20.980255 -8.622610 6.699716 13.731572 1.266200 3.182827 -18.630566 7.937085 -20.713409 -19.718582 8.300169 6.315241 3.052052 4.535638 -6.091345 -3.494787 4.574719 9.835406 -12.465531 11.503489 -9.228961 0.145480 -8.977502 11.945353 -0.809688 4.586159
-0.209640 -19.553099 7.236229 -9.352551 20.963100 -8.626255 6.694491 13.757718 1.289414 3.162715 -18.619757 7.948289 -20.789295 -19.719734 8.268339 6.309613 3.008137 4.587385 -6.062009 -3.504834 4.557641 9.806080 -12.509682 11.520072 -9.213615 0.152910 -8.954095 11.952123 -0.792819 4.552229
-0.195394 -19.549477 7.259115 -9.372004 20.941584 -8.605142 6.698699 13.806077 1.294850 3.138702 -18.615376 7.945648 -20.829977 -19.724915 8.246129 6.293018 2.972491 4.624453 -6.054205 -3.528027 4.546658 9.781718 -12.549084 11.538070 -9.203445 0.160054 -8.937575 11.949144 -0.778121 4.513558
-0.162248 -19.537159 7.349099 -9.439009 20.878990 -8.565952 6.696607 13.925697 1.342349 3.063379 -18.587482 7.961461 -20.996666 -19.737679 8.160172 6.281466 2.832087 4.772795 -6.003507 -3.544410 4.495732 9.693314 -12.687923 11.600188 -9.165797 0.194623 -8.858464 11.956402 -0.720086 4.407934
-0.165556 -19.548012 7.402903 -9.451290 20.810001 -8.498708 6.724038 14.061202 1.334201 2.987641 -18.576710 7.963502 -21.106529 -19.743923 8.100702 6.241833 2.734647 4.872754 -5.973231 -3.594707 4.456887 9.564384 -12.868461 11.687026 -9.110045 0.239040 -8.798643 11.936947 -0.640605 4.194090
-0.096936 -19.534853 7.556086 -9.566010 20.682552 -8.399160 6.726200 14.323980 1.407264 2.833811 -18.530405 7.967104 -21.375019 -19.774899 7.958070 6.198660 2.520765 5.055139 -5.910000 -3.734696 4.415604 9.435840 -13.049717 11.777219 -9.071475 0.275397 -8.749772 11.902559 -0.560340 3.942224
0.002125 -19.464417 7.693975 -9.634726 20.580664 -8.294909 6.698252 14.618694 1.465551 2.707059 -18.485641 7.936162 -21.590300 -19.826313 7.831717 6.142636 2.335377 5.165578 -5.902386 -3.964693 4.430583 9.330776 -13.158348 11.830120 -9.043399 0.319304 -8.798779 11.830487 -0.497608 3.682950
0.053309 -19.437046 7.800890 -9.664932 20.494041 -8.152509 6.682737 14.902500 1.479356 2.571894 -18.405979 7.875986 -21.758793 -19.891895 7.693806 6.103220 2.130167 5.222357 -5.951195 -4.254075 4.393471 9.114167 -13.425685 11.953519 -8.978791 0.411999 -8.788085 11.747259 -0.372114 3.277832
-0.027807 -19.467356 7.906913 -9.672718 20.345158 -7.990564 6.699470 15.208882 1.433436 2.349654 -18.332436 7.859893 -22.017399 -19.924850 7.530482 6.122349 1.872128 5.376553 -5.937552 -4.438301 4.381607 8.942537 -13.611462 12.031163 -8.906937 0.510955 -8.805062 11.690692 -0.270815 2.965648
-0.057556 -19.517748 8.074814 -9.814335 20.189980 -7.785825 6.653668 15.590273 1.488755 2.094043 -18.222511 7.814201 -22.388878 -19.973917 7.326151 6.132016 1.571743 5.547243 -5.910894 -4.765628 4.445213 8.809138 -13.702404 12.070478 -8.833836 0.598192 -8.915552 11.607615 -0.195642 2.699872
-0.186461 -19.752157 8.213584 -10.031279 19.928581 -7.402832 6.679187 16.102234 1.545601 1.769242 -18.105583 7.670756 -22.677017 -20.030649 7.175744 6.073635 1.334322 5.646235 -5.935618 -5.266250 4.509299 8.477714 -13.962738 12.168004 -8.652423 0.796734 -9.091538 11.489185 -0.024449 2.124306
-0.221031 -19.893826 8.423126 -10.244206 19.702520 -7.093852 6.678822 16.473680 1.655934 1.500038 -17.940063 7.521484 -22.939304 -20.078421 6.997332 6.161832 1.076156 5.713111 -5.963401 -5.700104 4.556088 8.238748 -14.163511 12.296657 -8.516919 0.951351 -9.192027 11.377741 0.103713 1.681524
-0.400003 -20.213844 8.581989 -10.358343 19.457033 -6.584135 6.757732 16.894672 1.617230 1.187930 -17.644520 7.342725 -23.169888 -20.200981 6.798116 6.358931 0.793837 5.656444 -6.031380 -6.170894 4.607550 7.864909 -14.448223 12.432662 -8.258922 1.198690 -9.389418 11.268654 0.279813 1.079062
-0.521038 -20.417164 8.721433 -10.356194 19.147377 -6.183043 6.805512 17.434460 1.555011 0.880347 -17.328468 7.131070 -23.523041 -20.301996 6.550853 6.484823 0.424300 5.650816 -6.091859 -6.873833 4.727815 7.597187 -14.583669 12.451137 -8.037655 1.374883 -9.656644 11.178711 0.394561 0.673257
-0.467444 -20.498243 8.934548 -10.274168 18.840715 -5.636374 6.777701 17.989895 1.449081 0.573948 -16.940598 6.978508 -23.754204 -20.426186 6.259549 6.867039 0.025953 5.474395 -6.216729 -7.363013 4.834184 7.174742 -14.893075 12.549424 -7.715411 1.642989 -9.916795 11.070381 0.589922 0.163658
-3.115949 -21.850546 8.541993 -12.363998 20.403793 0.313567 7.383521 19.753601 4.101946 3.272762 -17.307617 0.477412 -22.460651 -19.329945 3.770353 13.102711 1.291190 6.329533 -2.352427 -7.544705 3.020891 5.110903 -13.317856 13.819662 -8.503850 4.658926 -10.795909 10.008450 0.084914 -0.045144
-3.307623 -22.024681 8.647334 -12.028465 20.065876 0.880742 7.475717 20.513302 3.799001 2.924635 -16.687607 0.300255 -22.647465 -19.590366 3.404508 13.568918 0.822158 5.965474 -2.636858 -8.036913 3.353282 4.790622 -13.408945 13.794683 -8.224832 4.941548 -11.200866 9.878742 0.309120 -0.404865
-3.095732 -21.944553 8.755095 -11.539471 19.947676 1.201687 7.451492 21.148643 3.492150 2.750361 -16.164650 0.197766 -22.696754 -19.859219 3.162273 13.934645 0.450949 5.655416 -2.810106 -8.300587 3.746061 4.428300 -13.449453 13.775758 -7.861276 5.278358 -11.778367 9.704832 0.523763 -0.902133
-3.043688 -21.971369 8.632648 -10.943505 19.924051 1.426818 7.519579 21.518190 3.028866 2.661803 -15.536746 0.101070 -22.815676 -20.141111 2.947010 14.359955 0.124229 5.207457 -2.907072 -8.690331 4.088336 4.193030 -13.413784 13.728834 -7.564857 5.501207 -12.282503 9.594312 0.657838 -1.272138
-2.682976 -21.694609 8.429572 -10.170084 20.063692 1.373312 7.579393 21.828592 2.460629 2.725011 -14.898233 -0.017113 -22.758293 -20.458897 2.746860 14.809969 -0.240193 4.688291 -3.079293 -9.007540 4.391098 4.089696 -13.250311 13.563691 -7.351162 5.620872 -12.790030 9.508854 0.698557 -1.467579
0.123304 -21.203978 8.186332 -7.602728 18.680784 -2.871167 6.445705 21.743120 0.038483 0.235866 -13.660582 5.035328 -23.700916 -21.441593 4.653797 11.042924 -2.411561 3.352949 -6.159982 -9.890248 6.341330 5.547037 -14.496297 12.305036 -5.826988 3.892068 -12.974194 10.215130 1.317759 -1.879909
1.275569 -19.995028 7.929745 -6.760831 18.580982 -4.117998 6.488022 21.947979 -1.149646 -0.277322 -12.740194 5.775083 -23.769508 -22.585375 4.894345 9.549974 -2.464419 2.530459 -7.366185 -9.773186 7.064087 5.512713 -14.509183 11.801108 -5.538973 3.197153 -13.347650 10.520559 1.461955 -1.888493
1.712218 -19.469368 7.469552 -6.179662 18.807636 -4.523054 6.444789 22.475201 -2.045237 -0.610264 -12.341497 5.768488 -23.391729 -22.892862 4.786392 9.800082 -2.467407 1.788279 -7.674473 -10.358095 7.430669 5.893510 -14.242904 11.666284 -5.388038 3.046662 -14.175014 10.168390 1.018601 -2.021228
1.690801 -18.951880 7.261853 -6.110415 19.280733 -4.673109 6.397518 22.753660 -2.338362 -0.376864 -12.245860 5.463613 -22.802874 -23.107704 5.017283 9.657452 -2.226910 1.311440 -7.975876 -10.726254 7.723774 6.029423 -13.792994 11.400519 -5.391448 2.865393 -14.965052 10.063692 0.740095 -2.349977
1.535122 -18.549852 6.971700 -5.834658 19.766724 -4.867964 6.331044 22.964741 -2.810504 -0.220563 -12.284311 5.120115 -22.193035 -23.140862 5.411231 9.228185 -1.902543 0.909671 -8.462232 -11.323015 8.074798 6.320439 -13.240841 10.937062 -5.420701 2.634573 -15.755167 10.015051 0.438581 -2.555933
0.892491 -18.262594 6.586800 -5.525785 20.197397 -5.128274 6.315638 22.827847 -3.179050 0.093812 -12.651875 4.867704 -21.502613 -23.027611 5.844251 8.603748 -1.405970 0.669159 -8.979035 -11.785794 8.264469 6.642618 -12.815867 10.603796 -5.541051 2.360039 -16.199812 10.009638 0.159440 -2.648471
0.102312 -18.130049 6.069482 -5.164565 20.629257 -5.321174 6.332081 22.520493 -3.518376 0.513182 -13.208773 4.709326 -20.843315 -22.784630 6.287817 7.946226 -0.808425 0.649508 -9.468189 -11.891310 8.496517 6.970172 -12.366196 10.267797 -5.629700 2.144795 -16.620529 10.032349 -0.070535 -2.720500
-0.599564 -18.075981 5.590190 -4.952002 20.955416 -5.535152 6.299766 22.076187 -3.687236 0.929815 -13.700363 4.602180 -20.152229 -22.575804 6.650057 7.515490 -0.314365 0.405726 -9.879320 -12.065545 8.542959 7.361959 -11.983506 9.934741 -5.861676 1.745865 -16.854286 10.044597 -0.427720 -2.513335
-1.456197 -18.175047 5.342736 -4.621453 21.188519 -5.737729 6.471104 21.637283 -4.024415 1.115991 -14.266008 4.550810 -19.572910 -22.301552 7.073583 6.995598 0.333953 0.288384 -10.156152 -12.056913 8.552958 7.754789 -11.629158 9.646508 -6.064568 1.364590 -17.005447 10.057296 -0.785523 -2.209015
-2.305275 -18.376848 5.160810 -4.386784 21.459209 -5.867463 6.638171 21.109987 -4.270515 1.310789 -14.794453 4.580666 -19.171412 -22.088736 7.278495 6.774509 0.786873 0.287887 -10.180859 -11.785709 8.687675 8.054309 -11.262709 9.307961 -6.197236 1.128619 -17.232296 10.065509 -0.995618 -1.962449
-3.106459 -18.777822 5.154331 -4.220868 21.545494 -6.118979 6.934915 20.391701 -4.416258 1.401937 -15.401121 4.691446 -18.452976 -21.796009 7.643857 6.721187 1.388634 -0.018321 -10.141671 -11.338098 8.690461 8.334504 -10.966084 9.018951 -6.426048 0.851435 -17.352024 10.060691 -1.224791 -1.702009
-4.054124 -19.151731 5.061331 -3.893980 21.510601 -6.370823 7.314639 19.653385 -4.681589 1.459881 -15.893229 4.791906 -17.852825 -21.561674 7.904899 6.771217 1.844279 -0.385618 -10.164702 -11.058629 8.641991 8.522260 -10.798387 8.838805 -6.599373 0.671566 -17.372437 10.048809 -1.365415 -1.471116
-4.895212 -19.449167 5.058282 -3.580146 21.408884 -6.580888 7.678112 18.998682 -4.923893 1.449957 -16.383156 4.891507 -17.292255 -21.355652 8.194689 6.790535 2.338042 -0.638723 -10.114458 -10.686115 8.649918 8.700644 -10.583882 8.554592 -6.792654 0.527641 -17.454874 10.025660 -1.471600 -1.122370
-5.647295 -19.874271 5.118439 -3.353328 21.312222 -6.800152 8.062573 18.208710 -5.054849 1.474500 -16.814224 4.952362 -16.785961 -21.164850 8.487939 6.726401 2.804273 -0.871455 -10.149514 -10.462606 8.597702 8.837654 -10.416891 8.336598 -6.971811 0.468528 -17.471062 9.986802 -1.550629 -0.692673
-6.225564 -20.223028 5.171391 -3.143768 21.175833 -6.932225 8.384654 17.636536 -5.176144 1.460846 -17.175568 5.004307 -16.284891 -20.980103 8.780834 6.717196 3.245257 -1.081238 -10.120998 -10.158892 8.590160 8.940902 -10.256618 8.127707 -7.134112 0.424698 -17.509104 9.960201 -1.581348 -0.337354
-6.753364 -20.436304 5.074658 -2.977254 21.161083 -7.001854 8.625568 17.161865 -5.376476 1.492802 -17.401196 5.017045 -15.941000 -20.863064 9.009693 6.693985 3.559392 -1.206007 -10.106153 -9.941973 8.649989 9.018075 -10.005610 7.824908 -7.273554 0.459611 -17.622814 9.935732 -1.557139 0.137772
-7.087340 -20.556585 4.952099 -2.904438 21.150551 -7.042669 8.758839 16.794662 -5.499139 1.548386 -17.583014 5.089237 -15.694816 -20.761654 9.166266 6.715326 3.809920 -1.292567 -10.048572 -9.653453 8.733433 9.106929 -9.735582 7.537340 -7.391060 0.495247 -17.730461 9.936233 -1.527690 0.583635
-7.387906 -20.584448 4.767740 -2.844977 21.181143 -7.078540 8.834418 16.493176 -5.645399 1.612402 -17.750755 5.189580 -15.484445 -20.674240 9.291242 6.754952 4.041546 -1.378757 -9.989696 -9.323649 8.784327 9.163899 -9.554820 7.372065 -7.473775 0.516138 -17.783337 9.935177 -1.500889 0.875459
-7.613719 -20.586252 4.577699 -2.787050 21.220518 -7.116169 8.871550 16.236042 -5.762308 1.698809 -17.866188 5.253041 -15.331721 -20.602039 9.391334 6.775840 4.189897 -1.437482 -9.926591 -9.112351 8.834327 9.248023 -9.391189 7.240181 -7.561469 0.520742 -17.800007 9.937213 -1.481917 1.146219
-7.726149 -20.593603 4.488088 -2.765794 21.235939 -7.134814 8.890867 16.095795 -5.804772 1.746768 -17.959507 5.292482 -15.199981 -20.553493 9.470698 6.768332 4.315049 -1.493184 -9.910651 -8.978107 8.881849 9.278149 -9.283648 7.134566 -7.598681 0.543790 -17.861677 9.930811 -1.467882 1.291242
-7.757975 -20.593775 4.450653 -2.758952 21.243637 -7.141413 8.895452 16.045561 -5.818044 1.767839 -17.990946 5.306116 -15.174604 -20.538893 9.485820 6.767046 4.344090 -1.494737 -9.908520 -8.939485 8.898843 9.303983 -9.230131 7.092130 -7.628450 0.544495 -17.870987 9.931466 -1.465204 1.381956
