11.108649 -6.211765 7.414384 -7.006930 11.637303 -6.360463 23.563629 5.204617 -8.829520 -13.175003 -11.368399 -1.599734 -12.556144 -12.167065 7.272331 5.457266 5.101203 11.152090 -21.277750 -3.347932 9.664523 -3.133523 -3.739090 13.774272 -11.809108 -3.292055 -12.532473 14.356821 -5.190501 3.225247
11.143898 -6.171197 7.515181 -6.793099 11.663810 -6.308298 23.699310 5.174042 -8.943477 -13.077166 -11.313688 -1.608425 -12.375523 -12.238980 7.378122 5.551656 5.008494 11.147211 -21.298731 -3.181635 9.725262 -3.080820 -3.670882 13.799026 -11.712348 -3.272234 -12.629813 14.374390 -5.241052 3.151109
11.249487 -6.005863 7.645320 -6.511392 11.799825 -6.250594 23.798643 5.116742 -9.090924 -12.887399 -11.255886 -1.662841 -12.123431 -12.336541 7.534146 5.608972 4.943225 11.145213 -21.362738 -3.001258 9.822280 -3.006033 -3.576727 13.820380 -11.578780 -3.237968 -12.797489 14.391094 -5.309842 3.036353
11.519025 -5.799634 7.959585 -6.201381 11.931123 -6.123428 23.950653 5.094026 -9.223847 -12.642885 -11.151507 -1.812471 -11.721619 -12.545808 7.758273 5.650952 4.817652 11.275006 -21.477690 -2.688491 9.945676 -2.833067 -3.427986 13.865635 -11.451820 -3.229782 -12.975160 14.363322 -5.438080 2.880819
12.055876 -5.588747 8.307817 -5.785315 12.075103 -5.924523 24.091415 4.901460 -9.325099 -12.358100 -11.086174 -1.948734 -11.129955 -12.675332 8.049484 5.735515 4.854346 11.219415 -21.588446 -2.265723 10.072983 -2.661484 -3.243324 13.912149 -11.364161 -3.227673 -13.190569 14.320103 -5.587499 2.733300
12.892258 -5.228938 8.720904 -5.319092 12.265059 -5.606865 24.100002 4.481026 -9.363924 -11.960616 -11.153322 -1.966668 -10.428287 -12.796021 8.252629 6.027970 4.812728 11.188591 -21.628590 -1.668986 10.228363 -2.385631 -2.984104 13.869477 -11.355354 -3.270718 -13.481997 14.188206 -5.803440 2.619361
13.694205 -4.913924 8.953528 -4.977555 12.524120 -5.200937 24.101929 3.840185 -9.362967 -11.599157 -11.273582 -1.984917 -9.638175 -12.857335 8.394578 6.379486 4.697881 11.193231 -21.636080 -0.860920 10.406301 -2.022025 -2.675330 13.858521 -11.326547 -3.318730 -13.740186 14.000430 -6.064809 2.486420
14.380959 -4.630653 9.014403 -4.919542 12.886130 -4.932609 23.976789 3.196247 -9.282077 -11.283370 -11.445859 -1.875321 -8.933248 -12.995593 8.340627 6.810918 4.424070 11.179963 -21.640390 -0.124810 10.554791 -1.495023 -2.320586 13.750364 -11.365212 -3.480431 -13.966233 13.745505 -6.439380 2.316104
14.665895 -4.367023 8.586226 -4.975376 13.400968 -4.678265 23.721800 2.322423 -9.335752 -10.922791 -11.735804 -1.862029 -8.020485 -13.152341 8.406857 7.171458 4.232188 11.065410 -21.721876 0.686300 10.667637 -1.039952 -2.013494 13.582394 -11.511760 -3.603983 -14.103453 13.489679 -6.692445 2.354096
14.922228 -4.079590 7.940004 -5.245845 14.117932 -4.495564 23.345407 1.301754 -9.283828 -10.546893 -11.995313 -1.939155 -7.211472 -13.370463 8.363694 7.389763 4.101724 10.931961 -21.868559 1.209990 10.833624 -0.428180 -1.706980 13.391536 -11.667027 -3.776991 -14.263762 13.179912 -7.016050 2.291212
14.945183 -3.917906 7.361845 -5.332437 14.640349 -4.450604 23.064777 0.573423 -9.428117 -10.229654 -12.232309 -2.130784 -6.425401 -13.530129 8.520566 7.360857 4.444929 10.396258 -22.151957 1.143110 10.871229 0.068890 -1.568400 13.141005 -11.930766 -3.963889 -14.326084 12.971855 -7.289514 2.326580
14.569405 -3.728209 6.894946 -5.440933 15.090926 -4.500537 22.788183 -0.010498 -9.670037 -9.968559 -12.638109 -2.248353 -5.788802 -13.382840 8.661149 7.367235 4.949742 9.701058 -22.374012 0.884146 10.922851 0.498949 -1.513082 12.960782 -12.189482 -4.123899 -14.400525 12.746935 -7.527832 2.299339
14.428639 -3.637326 6.603330 -5.226411 15.457944 -4.401908 22.772665 -0.622543 -9.980452 -9.783262 -12.982292 -2.378558 -5.300258 -13.179629 8.820128 7.307877 5.586284 8.962257 -22.586327 0.456131 10.887032 0.873668 -1.458149 12.701835 -12.522254 -4.336028 -14.453927 12.613463 -7.776627 2.435912
14.332543 -3.599358 6.457174 -5.013930 15.750051 -4.169213 22.686293 -1.276310 -10.191295 -9.707928 -13.302891 -2.492951 -4.867274 -12.970143 9.171567 7.089874 6.245840 8.352817 -22.845591 -0.013570 10.911416 1.333369 -1.342931 12.546944 -12.807153 -4.528408 -14.478287 12.405373 -8.042901 2.502952
13.995516 -3.606689 6.208675 -4.920365 16.016497 -4.001946 22.549036 -1.840549 -10.475055 -9.630323 -13.574965 -2.479120 -4.541571 -12.655733 9.506524 7.007754 6.850964 7.703570 -22.998505 -0.371838 10.918644 1.695076 -1.329490 12.358857 -13.097792 -4.694039 -14.468167 12.212137 -8.219475 2.583581
13.637935 -3.533406 5.943017 -4.969141 16.313961 -3.868266 22.245085 -2.244266 -10.734206 -9.555046 -13.762890 -2.498918 -4.226662 -12.406801 9.761710 6.988480 7.472467 7.087761 -23.105919 -0.582742 10.932329 2.036425 -1.305079 12.297337 -13.339419 -4.852175 -14.403599 12.008579 -8.380741 2.533807
13.380518 -3.512393 5.696376 -4.964164 16.545475 -3.774478 22.032841 -2.552671 -10.999599 -9.487423 -13.876269 -2.557006 -3.922697 -12.262274 9.959525 6.935189 7.946095 6.650912 -23.192881 -0.717374 10.938242 2.266582 -1.289595 12.206821 -13.608742 -4.961970 -14.378171 11.829301 -8.484529 2.660528
13.224826 -3.500757 5.499762 -4.987538 16.709749 -3.768296 21.853338 -2.790163 -11.158926 -9.467533 -14.024461 -2.575139 -3.693414 -12.148323 10.063390 6.873995 8.285563 6.373981 -23.249758 -0.845905 10.921546 2.439838 -1.262666 12.139424 -13.738062 -5.055800 -14.362669 11.731157 -8.570296 2.714574
13.147169 -3.530692 5.335132 -5.004784 16.783360 -3.739836 21.759012 -2.943237 -11.262067 -9.453661 -14.087230 -2.592322 -3.543949 -12.047612 10.154868 6.843005 8.550578 6.134789 -23.305948 -0.950346 10.919159 2.535492 -1.241828 12.101752 -13.780749 -5.096205 -14.357558 11.691896 -8.612665 2.742591
13.126926 -3.556766 5.265337 -5.016789 16.812660 -3.736628 21.737366 -3.014691 -11.279248 -9.443357 -14.091421 -2.624750 -3.457284 -12.050081 10.212865 6.825349 8.631925 6.080799 -23.335806 -0.938382 10.921234 2.581918 -1.235049 12.083060 -13.813114 -5.112522 -14.335787 11.673672 -8.625290 2.772030
13.083048 -3.592627 4.977680 -4.983432 16.937298 -3.704415 21.680340 -3.246034 -11.426579 -9.377100 -14.132494 -2.748096 -3.124987 -12.001992 10.495365 6.691691 9.043920 5.816084 -23.468222 -0.960181 10.967705 2.761265 -1.257179 12.050570 -13.919303 -5.160187 -14.327167 11.539296 -8.683569 2.776146
13.084181 -3.680659 3.979892 -4.955602 17.410294 -3.691247 21.439922 -3.963305 -11.771590 -9.189367 -14.219131 -2.796926 -2.406570 -11.733821 11.219565 6.645651 9.716428 5.150967 -23.662432 -0.838179 11.053311 3.198618 -1.322578 11.953483 -14.272712 -5.343135 -14.302325 11.202503 -8.824406 2.834536
12.897074 -3.673143 2.229587 -5.043325 18.187157 -3.929106 20.988581 -4.740353 -12.231605 -9.138299 -14.539967 -2.782811 -1.322342 -11.159589 12.416566 6.371798 11.005031 4.168181 -23.875177 -0.782170 11.100616 3.685309 -1.425078 11.639464 -14.903028 -5.637750 -14.275811 10.811712 -8.964221 3.146694
12.095175 -3.132764 0.240946 -5.033131 19.267815 -4.502001 19.705336 -5.087774 -13.166143 -8.922435 -15.440852 -2.429991 -0.281954 -10.249447 13.526568 5.976048 12.727712 3.530699 -23.757200 -0.448975 11.118513 4.391913 -1.636503 11.351268 -15.570048 -5.949622 -14.126299 10.314724 -9.148229 3.423912
10.593077 -1.829648 -0.962644 -4.752298 20.834396 -5.473904 17.991676 -4.890949 -14.128933 -8.878645 -17.324711 -0.418290 0.862935 -8.053294 15.925349 5.835429 12.972056 2.710413 -23.483871 0.159551 10.841015 5.027997 -1.772409 10.819234 -16.631733 -6.417704 -14.272757 9.514643 -9.343156 3.788184
9.454347 -0.908425 -0.348212 -1.669766 22.401279 -5.415906 14.184453 -5.539090 -15.981143 -11.548643 -19.615385 2.629741 1.413265 -4.397302 19.946407 4.898495 10.693165 1.976832 -23.632824 1.639655 10.250881 5.403618 -0.970767 10.888675 -18.986166 -6.096021 -16.245850 6.709362 -8.899911 4.722358
8.780535 1.171571 0.534256 -0.564951 24.147770 -6.328591 10.845084 -5.348427 -17.100653 -12.913158 -23.509462 4.684425 0.323352 -1.326754 19.124018 4.374501 8.789471 1.923562 -22.738832 5.019444 8.547995 6.902585 -1.932522 10.880095 -21.011370 -6.525434 -16.355665 4.614827 -9.707363 4.408842
7.720542 3.758121 0.746295 -0.479344 25.953600 -7.136859 7.569077 -4.401606 -17.760452 -14.149719 -26.644844 4.343720 -0.741593 -0.686654 15.741841 3.501623 7.937906 4.093743 -22.193579 6.615362 6.861661 7.370833 -4.760946 9.541625 -21.203918 -8.244999 -16.424576 4.518787 -10.729763 1.190309
7.730422 6.457758 0.379535 -0.936371 28.319906 -6.613617 1.770318 -2.855231 -18.405531 -16.511030 -29.506468 3.205130 -2.205184 -0.671722 11.491763 2.937375 7.072680 6.896339 -21.843752 6.326907 5.818702 8.973889 -8.790901 6.499652 -18.977077 -9.366313 -15.758307 6.064218 -10.924132 -1.883816
8.760658 8.665979 0.396524 -3.879969 29.548912 -6.878685 -3.961759 -1.039060 -16.505426 -18.591471 -32.075977 2.042972 -4.109413 -0.565725 7.948714 0.784980 8.143650 11.176601 -20.984402 6.528949 4.758524 8.721814 -12.335501 4.551910 -18.160086 -10.080856 -14.799324 7.160961 -10.672753 -3.710584
9.979839 10.464922 1.472393 -7.685958 30.109579 -7.098604 -7.804492 1.878267 -13.638272 -19.778868 -33.484516 0.438585 -7.355904 -2.201196 3.734533 -0.212099 7.126335 17.503601 -19.298779 5.929095 5.083273 8.768163 -16.950182 3.508948 -16.162575 -9.862445 -12.264811 7.573040 -9.881139 -6.089999
10.163694 10.281933 3.258763 -10.763490 29.206177 -7.161205 -9.863883 3.383092 -9.874396 -21.613127 -32.638973 -2.749750 -11.068021 -3.256917 1.272732 -0.283011 7.152628 21.952858 -17.358469 6.656982 4.278014 10.099241 -21.664375 2.866227 -13.532351 -8.114820 -9.386258 8.004335 -8.655599 -6.241036
8.781307 9.874655 5.306553 -13.003481 27.229954 -6.882271 -10.249948 3.971152 -7.555594 -22.797819 -31.036890 -4.622628 -14.711949 -4.605419 -1.931009 0.036748 7.214547 24.344490 -15.854215 5.486089 4.659799 10.142881 -24.873854 1.984401 -11.636224 -5.710216 -7.237942 8.432343 -6.306161 -4.271157
6.027989 8.464134 6.451246 -15.553034 25.151894 -5.811701 -10.794419 3.809494 -6.674754 -24.226805 -28.412043 -5.075561 -16.714466 -5.616012 -5.229508 2.381707 5.907580 23.617538 -15.117627 4.957885 5.237886 8.437364 -26.967699 0.657985 -10.721975 -4.795928 -6.716703 9.060868 -4.490005 -2.967744
0.797103 6.638025 7.269839 -18.532045 23.226156 -4.657795 -10.590422 4.002664 -5.967093 -25.967257 -24.570360 -4.687703 -17.976837 -7.073563 -8.902876 4.896157 3.727901 21.654446 -15.920686 5.318402 5.649223 7.553634 -26.158125 -1.304324 -9.631183 -3.656526 -7.182276 10.128745 -2.985203 -0.865346
-2.895905 5.935847 7.733761 -20.435848 22.525352 -3.852677 -10.121821 4.765990 -5.450388 -26.666620 -22.537584 -6.041957 -18.879383 -9.049767 -10.699860 6.870729 2.831452 21.163202 -16.282499 4.756258 6.569894 6.951722 -26.340405 -2.264242 -8.304349 -2.268188 -6.994713 11.587066 -1.418752 0.435298
-6.017501 5.098492 7.221441 -21.566702 22.175549 -3.413911 -9.344113 5.682609 -5.905087 -26.839247 -20.791927 -7.189082 -19.282726 -10.489387 -10.997952 7.848118 2.050019 20.605631 -16.577969 4.215273 6.607919 6.187404 -26.163065 -2.740976 -7.203133 -1.353709 -7.095186 13.863036 -0.102288 2.217128
-8.035658 4.804439 6.295647 -22.390911 21.914923 -3.200631 -8.508869 6.665432 -6.391106 -26.710077 -19.653927 -7.239016 -19.766205 -11.467776 -10.943971 8.004706 1.816232 19.718096 -16.540220 3.301534 6.333097 5.049280 -25.435854 -3.523264 -6.491250 -0.813041 -7.569138 15.307024 0.633471 3.898358
-8.847650 4.636127 5.730121 -22.815083 21.777618 -2.891026 -8.100877 7.212198 -6.619797 -26.655321 -19.316147 -7.285799 -20.288149 -12.156187 -10.941644 8.077538 1.303004 19.366491 -16.553522 2.448385 6.344560 4.420920 -25.055147 -3.769573 -5.667562 -0.929198 -7.213080 16.240652 1.039273 4.326529
-9.044129 4.638162 5.602852 -22.972010 21.725727 -2.943301 -7.903054 7.292523 -6.614662 -26.540667 -19.235205 -7.282745 -20.514706 -12.318985 -10.862464 8.140751 1.030969 19.317493 -16.489367 2.176071 6.480130 4.154289 -24.814009 -3.614579 -5.649793 -0.699468 -7.220114 15.987503 1.183643 4.577330
-9.048839 4.622570 5.596948 -22.982849 21.737514 -2.902260 -7.944476 7.280284 -6.617366 -26.577545 -19.266197 -7.291230 -20.454884 -12.272087 -10.888167 8.123751 1.087744 19.337803 -16.523815 2.216885 6.456155 4.171316 -24.823175 -3.639776 -5.652746 -0.703189 -7.227991 15.968050 1.177931 4.551712
-8.986932 4.627011 5.563356 -22.978354 21.874847 -2.688653 -8.117259 7.265333 -6.656137 -26.700731 -19.316929 -7.283098 -20.352386 -12.247367 -11.020501 8.092880 1.055133 19.431932 -16.593254 2.301435 6.450428 4.116100 -24.876692 -3.685400 -5.725844 -0.644878 -7.277781 15.928448 1.198022 4.654576
-8.946222 4.577199 5.493432 -22.925474 21.992081 -2.381152 -8.276272 7.164797 -6.727820 -26.771534 -19.493042 -7.264134 -20.274263 -12.207151 -11.139340 8.154613 1.150106 19.448219 -16.571257 2.462048 6.553274 4.181120 -25.023046 -3.765078 -5.743139 -0.573223 -7.336103 15.876408 1.240389 4.678572
-8.836684 4.552699 5.439573 -22.795065 22.196541 -2.064339 -8.556961 7.051309 -6.862804 -26.927603 -19.659832 -7.329975 -20.190348 -12.147742 -11.317943 8.192596 1.207690 19.629248 -16.564693 2.606657 6.733129 4.396547 -25.288961 -3.861637 -5.820040 -0.359338 -7.420859 15.786056 1.294380 4.816324
-8.688518 4.461160 5.420510 -22.711699 22.324842 -1.726151 -8.812860 6.945091 -6.924096 -27.093351 -19.899155 -7.391587 -20.159847 -12.093490 -11.448741 8.236553 1.368925 19.733446 -16.527670 2.767515 6.848061 4.747317 -25.324709 -4.021678 -5.841591 -0.225212 -7.492105 15.695713 1.301637 4.914823
-8.409425 4.454788 5.359046 -22.564322 22.574886 -1.336660 -9.098527 6.727531 -7.113259 -27.187563 -20.248516 -7.459912 -20.059711 -12.016202 -11.622014 8.187675 1.562325 19.928635 -16.520994 2.859544 6.906484 5.105010 -25.141544 -4.097600 -5.866395 -0.058013 -7.534779 15.610414 1.323368 5.229450
-7.906214 4.373811 5.172049 -22.345179 22.836609 -0.750560 -9.421358 6.550435 -7.389695 -27.260296 -20.720558 -7.616515 -19.881805 -11.905281 -11.576385 8.263662 1.714018 20.229263 -16.355158 3.050253 7.034970 5.492254 -24.901510 -4.390916 -5.853272 -0.001342 -7.661473 15.512908 1.230783 5.444409
-7.259316 4.304673 5.032581 -22.006212 23.045818 -0.176348 -9.774932 6.405936 -7.676566 -27.368706 -21.149931 -7.628699 -19.651199 -11.802945 -11.671466 8.272671 2.021080 20.506004 -16.223726 3.411734 7.157477 5.950739 -24.760286 -4.694112 -5.970707 0.022906 -7.696391 15.280117 1.049668 5.627438
-6.672603 4.215444 4.872646 -21.499090 23.218708 0.341412 -10.201760 6.197170 -8.034415 -27.488876 -21.658035 -7.496850 -19.465534 -11.753677 -11.761502 8.258900 2.450535 20.528719 -15.997407 3.534713 7.441213 6.721132 -24.585283 -4.866746 -5.887716 0.100509 -7.748718 14.931501 0.853599 5.665612
-5.802492 4.214431 4.906053 -21.039274 23.408169 0.634531 -10.683089 5.951932 -8.228395 -27.600750 -22.287006 -7.483404 -19.080320 -11.571715 -11.957162 8.312634 2.848679 20.675278 -15.938020 4.064676 7.788517 7.387586 -24.786642 -4.874404 -5.992120 0.141600 -7.695948 14.611599 0.715827 5.426368
-5.014017 4.155725 4.907661 -20.628492 23.590036 0.950186 -11.131980 5.678481 -8.409777 -27.707472 -22.886377 -7.452941 -18.627758 -11.244646 -12.104701 8.221352 3.398449 20.733912 -15.952111 4.524546 8.061276 8.116786 -24.718752 -4.811409 -6.056824 0.289756 -7.463954 14.216755 0.542332 5.576667
-4.243047 4.126962 4.811534 -20.049883 23.839386 1.321250 -11.665879 5.531966 -8.694428 -27.873049 -23.696289 -7.414454 -18.133060 -10.866418 -12.400722 8.184210 3.806287 20.812801 -15.895967 5.111150 8.448968 8.912980 -24.862429 -4.906611 -6.027569 0.393762 -7.273313 13.629609 0.393107 5.538122
-3.570554 4.123776 4.694410 -19.368942 24.107952 1.647642 -12.258230 5.335394 -9.066075 -28.176302 -24.300259 -7.337291 -17.892115 -10.655904 -12.934312 8.270971 4.096309 20.977753 -15.793839 5.683810 8.811720 9.602093 -25.062212 -5.108740 -5.893368 0.433907 -7.135995 13.225998 0.295707 5.536645
-2.761456 4.269346 4.581573 -18.897909 24.556381 1.792688 -12.797903 5.010041 -9.197822 -28.441488 -24.866085 -7.377366 -17.504637 -10.611991 -13.433787 8.175775 4.587629 21.063789 -15.669265 6.375558 9.183515 10.216012 -25.230574 -5.261957 -5.976968 0.329696 -7.003717 12.729948 0.157847 5.399989
-1.915568 4.537141 4.745103 -18.485209 24.921652 1.962758 -13.159868 4.620036 -9.187808 -28.522642 -25.558506 -7.288377 -17.228174 -10.330594 -13.878523 8.120855 5.123686 21.055294 -15.537194 6.839233 9.544515 10.681774 -25.405817 -5.229235 -5.940267 0.251726 -6.903662 12.467427 0.074851 5.064084
-1.080854 4.747865 4.854424 -18.020468 25.255211 2.145766 -13.644485 4.310994 -9.207158 -28.628202 -26.410416 -7.160410 -16.932472 -10.090487 -14.172416 8.073652 5.535653 21.168579 -15.351213 7.139507 9.840078 11.069623 -25.536081 -5.262040 -5.911000 0.222402 -6.935588 12.227381 -0.002406 4.815207
-0.376082 5.068641 4.952879 -17.616634 25.581882 2.141693 -13.915091 4.096624 -9.229127 -28.573574 -27.139118 -7.188626 -16.616264 -9.945596 -14.194563 8.057398 6.088525 21.299660 -15.118913 7.410481 10.040862 11.338982 -25.626747 -5.289953 -6.044330 0.152351 -6.979636 11.954929 -0.163333 4.612311
-0.011796 5.274673 5.026948 -17.382780 25.761185 2.076429 -14.000882 3.999255 -9.204703 -28.557266 -27.647562 -7.155879 -16.536100 -9.794292 -14.214744 8.090562 6.426045 21.414268 -14.819699 7.588870 10.165451 11.582952 -25.804565 -5.169981 -6.061909 0.078889 -6.983288 11.810569 -0.266624 4.328997
0.408140 5.425710 5.038058 -17.195742 25.929211 2.019578 -14.099967 3.916290 -9.214656 -28.500437 -28.036209 -7.120309 -16.435802 -9.614453 -14.157495 8.052166 6.726191 21.485628 -14.700131 7.720607 10.263335 11.743156 -25.981264 -5.135500 -6.105834 0.014824 -6.993813 11.700088 -0.355198 4.133596
0.562920 5.427171 5.004717 -17.104767 25.971542 2.013660 -14.138317 3.912177 -9.243955 -28.516844 -28.139606 -7.115597 -16.402451 -9.584649 -14.146998 8.056479 6.733375 21.519207 -14.655076 7.752822 10.305905 11.842769 -25.951120 -5.140093 -6.124762 -0.019133 -6.994124 11.661898 -0.420320 4.086929
0.562920 5.427171 5.004717 -17.104767 25.971542 2.013660 -14.138317 3.912177 -9.243955 -28.516844 -28.139606 -7.115597 -16.402451 -9.584649 -14.146998 8.056479 6.733375 21.519207 -14.655076 7.752822 10.305905 11.842769 -25.951120 -5.140093 -6.124762 -0.019133 -6.994124 11.661898 -0.420320 4.086929
0.562920 5.427171 5.004717 -17.104767 25.971542 2.013660 -14.138317 3.912177 -9.243955 -28.516844 -28.139606 -7.115597 -16.402451 -9.584649 -14.146998 8.056479 6.733375 21.519207 -14.655076 7.752822 10.305905 11.842769 -25.951120 -5.140093 -6.124762 -0.019133 -6.994124 11.661898 -0.420320 4.086929
0.562920 5.427171 5.004717 -17.104767 25.971542 2.013660 -14.138317 3.912177 -9.243955 -28.516844 -28.139606 -7.115597 -16.402451 -9.584649 -14.146998 8.056479 6.733375 21.519207 -14.655076 7.752822 10.305905 11.842769 -25.951120 -5.140093 -6.124762 -0.019133 -6.994124 11.661898 -0.420320 4.086929
0.562920 5.427171 5.004717 -17.104767 25.971542 2.013660 -14.138317 3.912177 -9.243955 -28.516844 -28.139606 -7.115597 -16.402451 -9.584649 -14.146998 8.056479 6.733375 21.519207 -14.655076 7.752822 10.305905 11.842769 -25.951120 -5.140093 -6.124762 -0.019133 -6.994124 11.661898 -0.420320 4.086929
0.562920 5.427171 5.004717 -17.104767 25.971542 2.013660 -14.138317 3.912177 -9.243955 -28.516844 -28.139606 -7.115597 -16.402451 -9.584649 -14.146998 8.056479 6.733375 21.519207 -14.655076 7.752822 10.305905 11.842769 -25.951120 -5.140093 -6.124762 -0.019133 -6.994124 11.661898 -0.420320 4.086929
0.562920 5.427171 5.004717 -17.104767 25.971542 2.013660 -14.138317 3.912177 -9.243955 -28.516844 -28.140659 -7.115471 -16.401812 -9.584928 -14.147681 8.056537 6.731878 21.518738 -14.655038 7.751863 10.305905 11.842769 -25.951120 -5.140093 -6.124762 -0.019133 -6.994124 11.661898 -0.420320 4.086929
0.563942 5.425040 5.004773 -17.103474 25.969685 2.010916 -14.136943 3.914382 -9.243579 -28.517687 -28.141724 -7.114395 -16.401100 -9.584240 -14.148678 8.056121 6.731364 21.520147 -14.656040 7.750695 10.303883 11.843652 -25.949709 -5.139353 -6.123729 -0.020181 -6.992885 11.662406 -0.421921 4.084323
0.562920 5.427171 5.004717 -17.104767 25.971542 2.013660 -14.138317 3.912177 -9.243955 -28.516844 -28.139637 -7.115510 -16.402534 -9.584580 -14.147176 8.056593 6.733314 21.519234 -14.655173 7.752949 10.305905 11.842769 -25.951120 -5.140093 -6.124762 -0.019133 -6.994124 11.661898 -0.420320 4.086929
0.562920 5.427171 5.004717 -17.104767 25.971542 2.013660 -14.138317 3.912177 -9.243955 -28.516844 -28.139751 -7.115543 -16.402384 -9.584699 -14.147147 8.056549 6.733124 21.519226 -14.655089 7.752726 10.305905 11.842769 -25.951120 -5.140093 -6.124762 -0.019133 -6.994124 11.661898 -0.420320 4.086929
0.562920 5.427171 5.004717 -17.104767 25.971542 2.013660 -14.138317 3.912177 -9.243955 -28.516844 -28.140659 -7.115471 -16.401812 -9.584928 -14.147681 8.056537 6.731878 21.518738 -14.655038 7.751863 10.305905 11.842769 -25.951120 -5.140093 -6.124762 -0.019133 -6.994124 11.661898 -0.420320 4.086929
0.562920 5.427171 5.004717 -17.104767 25.971542 2.013660 -14.138317 3.912177 -9.243955 -28.516844 -28.140659 -7.115471 -16.401812 -9.584928 -14.147681 8.056537 6.731878 21.518738 -14.655038 7.751863 10.305905 11.842769 -25.951120 -5.140093 -6.124762 -0.019133 -6.994124 11.661898 -0.420320 4.086929
0.562920 5.427171 5.004717 -17.104767 25.971542 2.013660 -14.138317 3.912177 -9.243955 -28.516844 -28.140659 -7.115471 -16.401812 -9.584928 -14.147681 8.056537 6.731878 21.518738 -14.655038 7.751863 10.305905 11.842769 -25.951120 -5.140093 -6.124762 -0.019133 -6.994124 11.661898 -0.420320 4.086929
0.562920 5.427171 5.004717 -17.104767 25.971542 2.013660 -14.138317 3.912177 -9.243955 -28.516844 -28.140659 -7.115471 -16.401812 -9.584928 -14.147681 8.056537 6.731878 21.518738 -14.655038 7.751863 10.305905 11.842769 -25.951120 -5.140093 -6.124762 -0.019133 -6.994124 11.661898 -0.420320 4.086929
0.562920 5.427171 5.004717 -17.104767 25.971542 2.013660 -14.138317 3.912177 -9.243955 -28.516844 -28.140659 -7.115471 -16.401812 -9.584928 -14.147681 8.056537 6.731878 21.518738 -14.655038 7.751863 10.305905 11.842769 -25.951120 -5.140093 -6.124762 -0.019133 -6.994124 11.661898 -0.420320 4.086929
8.673403 5.141256 2.247878 -16.965078 18.646603 -3.746160 -6.058641 -1.587182 -10.856124 -34.393867 -27.335037 -1.277073 -15.547488 -16.775009 -20.112949 6.595830 4.858706 20.904133 -16.611738 8.401052 10.558763 9.655160 -22.279547 -2.743909 -9.288075 3.054304 -7.361402 7.932821 -2.919868 3.622454
8.673403 5.141256 2.247878 -16.965078 18.646603 -3.746160 -6.058641 -1.587182 -10.856124 -34.393867 -27.335037 -1.277073 -15.547488 -16.775009 -20.112949 6.595830 4.858706 20.904133 -16.611738 8.401052 10.558763 9.655160 -22.279547 -2.743909 -9.288075 3.054304 -7.361402 7.932821 -2.919868 3.622454
8.673403 5.141256 2.247878 -16.965078 18.646603 -3.746160 -6.058641 -1.587182 -10.856124 -34.393867 -27.335037 -1.277073 -15.547488 -16.775009 -20.112949 6.595830 4.858706 20.904133 -16.611738 8.401052 10.558763 9.655160 -22.279547 -2.743909 -9.288075 3.054304 -7.361402 7.932821 -2.919868 3.622454
8.673403 5.141256 2.247878 -16.965078 18.646603 -3.746160 -6.058641 -1.587182 -10.856124 -34.393867 -27.335037 -1.277073 -15.547488 -16.775009 -20.112949 6.595830 4.858706 20.904133 -16.611738 8.401052 10.558763 9.655160 -22.279547 -2.743909 -9.288075 3.054304 -7.361402 7.932821 -2.919868 3.622454
8.673403 5.141256 2.247878 -16.965078 18.646603 -3.746160 -6.058641 -1.587182 -10.856124 -34.393867 -27.335037 -1.277073 -15.547488 -16.775009 -20.112949 6.595830 4.858706 20.904133 -16.611738 8.401052 10.558763 9.655160 -22.279547 -2.743909 -9.288075 3.054304 -7.361402 7.932821 -2.919868 3.622454
6.033258 1.203001 3.519318 -14.250813 21.808695 -2.656014 -8.219717 0.852825 -7.529119 -31.623224 -28.526367 -3.252170 -14.366454 -12.882719 -18.230145 9.208039 5.294594 21.921013 -15.232636 5.815992 12.505242 9.639657 -22.770000 -2.750651 -9.274227 0.853792 -7.499660 8.115098 -2.530008 3.441069
5.358743 -0.055335 3.788364 -13.592238 22.457989 -2.465951 -8.897975 1.419408 -6.583375 -30.948711 -28.572855 -3.744441 -14.194506 -12.463918 -17.771755 9.491528 5.516401 22.002035 -14.926684 5.485741 12.973812 9.669561 -22.992483 -2.763450 -9.309420 0.326297 -7.304297 8.136839 -2.290585 3.648418
5.411778 -0.254731 3.686017 -13.513636 22.780247 -2.145670 -9.116411 1.463906 -6.420540 -30.753479 -28.502386 -3.761742 -14.239279 -12.587853 -17.834778 9.499190 5.625619 21.993324 -14.928873 5.503489 12.884165 9.785008 -22.988256 -2.599129 -9.338222 0.221165 -7.452645 7.902771 -2.665928 3.900480
5.483469 -0.245191 3.626897 -13.567839 22.738935 -2.191721 -9.070733 1.426847 -6.422364 -30.792664 -28.458569 -3.759101 -14.260203 -12.594283 -17.854115 9.478498 5.678936 21.990774 -14.955362 5.497393 12.897926 9.803826 -22.939899 -2.572027 -9.340819 0.231762 -7.438272 7.898012 -2.690965 3.939569
5.495147 -0.235926 3.621503 -13.573726 22.739132 -2.193368 -9.072712 1.421205 -6.431052 -30.797741 -28.436127 -3.765184 -14.274710 -12.601514 -17.854475 9.467353 5.693606 21.994953 -14.965077 5.504724 12.905447 9.799815 -22.934059 -2.571344 -9.337123 0.239640 -7.451020 7.887624 -2.699942 3.943066
5.495294 -0.235763 3.621636 -13.573432 22.738873 -2.192875 -9.072462 1.421277 -6.431532 -30.797796 -28.435934 -3.765199 -14.274872 -12.601127 -17.854631 9.467806 5.693758 21.994530 -14.964393 5.504364 12.907543 9.800518 -22.934431 -2.570769 -9.336406 0.237990 -7.451505 7.887923 -2.700153 3.942590
5.508317 -0.243712 3.608856 -13.571610 22.738808 -2.189708 -9.068916 1.417460 -6.431985 -30.798410 -28.434425 -3.766479 -14.275870 -12.603903 -17.857689 9.467132 5.698696 21.994421 -14.965536 5.506315 12.904571 9.798690 -22.935232 -2.571299 -9.337522 0.239219 -7.452318 7.887026 -2.700569 3.942166
5.502973 -0.227775 3.615283 -13.577068 22.740311 -2.195484 -9.073625 1.424937 -6.436956 -30.798151 -28.435417 -3.765113 -14.275250 -12.602305 -17.854568 9.467618 5.693614 21.993992 -14.964208 5.503923 12.900210 9.796527 -22.937254 -2.569451 -9.336123 0.243452 -7.454826 7.880817 -2.702153 3.944178
5.503033 -0.228327 3.615212 -13.576922 22.740566 -2.195072 -9.074091 1.425476 -6.436381 -30.797808 -28.435331 -3.766120 -14.274135 -12.601822 -17.855000 9.469801 5.691995 21.994562 -14.964069 5.504855 12.899919 9.796696 -22.937767 -2.569805 -9.336007 0.243341 -7.454921 7.880849 -2.702046 3.943849
5.514925 -0.242427 3.589725 -13.578663 22.739069 -2.195650 -9.060321 1.416694 -6.435698 -30.791162 -28.434132 -3.771332 -14.277181 -12.609262 -17.867781 9.471283 5.703211 21.998146 -14.964930 5.508403 12.902048 9.792690 -22.937872 -2.568609 -9.339665 0.242374 -7.457392 7.878538 -2.702342 3.942319
5.498438 -0.230313 3.605950 -13.581216 22.740520 -2.199326 -9.061213 1.421636 -6.434616 -30.789497 -28.447641 -3.765846 -14.270019 -12.602835 -17.870697 9.476315 5.687805 22.000101 -14.964754 5.503675 12.895003 9.795112 -22.943224 -2.569298 -9.339143 0.239174 -7.457722 7.882228 -2.701705 3.939079
5.497159 -0.229648 3.606812 -13.580952 22.740335 -2.199654 -9.061132 1.421865 -6.434730 -30.789560 -28.441156 -3.768390 -14.272691 -12.604238 -17.868122 9.472447 5.696925 21.998251 -14.963955 5.504612 12.893691 9.795576 -22.943130 -2.567258 -9.339061 0.239558 -7.456816 7.882159 -2.702400 3.937758
5.497159 -0.229648 3.606812 -13.580952 22.740335 -2.199654 -9.061132 1.421865 -6.434730 -30.789560 -28.441156 -3.768390 -14.272691 -12.604238 -17.868122 9.472447 5.696925 21.998251 -14.963955 5.504612 12.893691 9.795576 -22.943130 -2.567258 -9.339061 0.239558 -7.456816 7.882159 -2.702400 3.937758
5.497159 -0.229648 3.606812 -13.580952 22.740335 -2.199654 -9.061132 1.421865 -6.434730 -30.789560 -28.441156 -3.768390 -14.272691 -12.604238 -17.868122 9.472447 5.696925 21.998251 -14.963955 5.504612 12.893398 9.795746 -22.943640 -2.567611 -9.338943 0.239448 -7.456911 7.882191 -2.702293 3.937429
5.497159 -0.229648 3.606812 -13.580952 22.740335 -2.199654 -9.061132 1.421865 -6.434730 -30.789560 -28.441156 -3.768390 -14.272691 -12.604238 -17.868122 9.472447 5.696925 21.998251 -14.963955 5.504612 12.893691 9.795576 -22.943130 -2.567258 -9.339061 0.239558 -7.456816 7.882159 -2.702400 3.937758
5.515181 -0.242054 3.589404 -13.578377 22.739712 -2.195490 -9.060125 1.416435 -6.435406 -30.791445 -28.434355 -3.771283 -14.277131 -12.609035 -17.867611 9.471573 5.701759 21.998281 -14.965090 5.508708 12.901999 9.792619 -22.937157 -2.568422 -9.339268 0.242691 -7.457400 7.878883 -2.702153 3.942928
5.515291 -0.241838 3.589281 -13.578254 22.739958 -2.195581 -9.060171 1.416417 -6.435452 -30.791431 -28.434071 -3.771277 -14.277154 -12.608986 -17.867458 9.471298 5.702381 21.998096 -14.965055 5.508652 12.901646 9.792872 -22.937513 -2.568719 -9.339202 0.242587 -7.457382 7.878890 -2.702091 3.942747
5.515291 -0.241838 3.589281 -13.578254 22.739958 -2.195581 -9.060171 1.416417 -6.435452 -30.791431 -28.434071 -3.771277 -14.277154 -12.608986 -17.867458 9.471298 5.702381 21.998096 -14.965055 5.508652 12.901939 9.792705 -22.937002 -2.568365 -9.339319 0.242698 -7.457287 7.878857 -2.702198 3.943074
5.516044 -0.239442 3.593803 -13.578608 22.741301 -2.196000 -9.063717 1.417878 -6.435034 -30.792200 -28.433569 -3.771937 -14.277078 -12.608977 -17.867176 9.470703 5.704232 21.997288 -14.965101 5.508432 12.902535 9.790936 -22.940212 -2.570027 -9.338717 0.242562 -7.460049 7.878505 -2.700656 3.940764
5.516044 -0.239442 3.593803 -13.578608 22.741301 -2.196000 -9.063717 1.417878 -6.435034 -30.792200 -28.433569 -3.771937 -14.277078 -12.608977 -17.867176 9.470703 5.704232 21.997288 -14.965101 5.508432 12.902535 9.790936 -22.940212 -2.570027 -9.338717 0.242562 -7.460049 7.878505 -2.700656 3.940764
5.516044 -0.239442 3.593803 -13.578608 22.741301 -2.196000 -9.063717 1.417878 -6.435034 -30.792200 -28.433569 -3.771937 -14.277078 -12.608977 -17.867176 9.470703 5.704232 21.997288 -14.965101 5.508432 12.902243 9.791106 -22.940725 -2.570381 -9.338600 0.242452 -7.460144 7.878538 -2.700548 3.940436
