-0.204591 -19.530443 7.260218 -9.380825 20.974810 -8.617510 6.680579 13.752699 1.317670 3.160505 -18.603445 7.954941 -20.836535 -19.720001 8.251516 6.319432 3.003866 4.631600 -6.037693 -3.444969 4.550667 9.801968 -12.526869 11.528924 -9.210437 0.161548 -8.932141 11.948193 -0.784635 4.554581
-0.124825 -19.419012 7.481318 -9.693949 20.961594 -8.695744 6.548968 13.866628 1.603913 3.072224 -18.530502 8.066012 -21.344830 -19.711859 8.005030 6.320619 2.592717 5.121943 -5.858962 -3.348681 4.279035 9.579127 -12.957294 11.709764 -9.160436 0.258333 -8.482878 12.070438 -0.596344 4.474709
-0.103538 -19.179886 7.981432 -10.207872 20.873482 -8.825756 6.363965 14.148768 2.103093 2.859782 -18.491545 8.176158 -21.884182 -19.713205 7.675972 6.302079 2.007501 5.656538 -5.793099 -3.353426 3.929607 9.171871 -13.594089 11.873128 -9.017623 0.514009 -7.927883 12.243297 -0.246094 4.260897
-0.189783 -18.911417 8.492647 -10.755585 20.882845 -8.909702 6.122116 14.503535 2.665624 2.709674 -18.487335 8.222307 -22.603630 -19.724243 7.194603 6.358337 1.163640 6.450175 -5.634808 -3.446103 3.672955 8.680628 -14.286825 12.108529 -8.844389 0.842983 -7.412088 12.329496 0.181133 3.854038
0.048851 -18.756046 9.137845 -11.355862 20.641430 -8.810262 5.846636 14.990149 3.311877 2.384001 -18.526472 8.147847 -23.376432 -19.594816 6.753188 6.281828 0.465983 7.237383 -5.464233 -3.872596 3.535192 8.231830 -14.895706 12.442431 -8.656416 1.141023 -7.039209 12.279935 0.565192 3.256788
0.774356 -18.742348 9.871707 -11.600363 19.996197 -8.542413 5.781493 15.316431 3.894675 1.994864 -18.497152 7.949227 -24.180340 -19.355511 6.336512 6.119381 0.045150 7.908121 -5.315012 -4.498479 3.430608 7.812234 -15.459084 13.061397 -8.606446 1.360799 -6.891137 11.953991 0.823405 2.137581
1.097519 -18.834764 10.634278 -11.649223 19.319443 -8.168793 5.976133 15.701078 4.095707 1.529349 -18.218031 7.804589 -25.032669 -19.293793 5.837475 6.089100 -0.434939 8.210266 -5.119065 -5.336841 3.288847 7.416000 -16.015770 13.623022 -8.719578 1.538532 -6.877478 11.511514 0.977590 1.090242
1.370880 -18.823011 11.435188 -11.707241 18.791059 -7.787548 6.116107 16.188765 4.233524 1.115760 -17.848236 7.764368 -25.709763 -19.297579 5.305348 6.241866 -0.900140 8.265609 -5.016870 -5.916643 3.191643 7.119763 -16.378481 13.718843 -8.923195 1.669632 -7.014743 11.157022 1.107958 0.485123
1.437440 -18.797022 12.029912 -11.665215 18.433437 -7.521622 6.242525 16.542877 4.275486 0.875395 -17.498421 7.878559 -26.340809 -19.399052 4.865687 6.376702 -1.208242 8.206177 -4.899026 -6.223746 3.124498 6.908083 -16.671444 13.709023 -9.119525 1.726319 -6.984091 10.972275 1.252371 0.276949
1.378907 -18.726194 12.371294 -11.618887 18.311819 -7.348859 6.288546 16.764250 4.323756 0.823078 -17.405725 7.912746 -26.549324 -19.417677 4.726204 6.447194 -1.306368 8.197058 -4.809171 -6.306275 3.150791 6.800554 -16.777655 13.643928 -9.195259 1.774132 -7.033860 10.874504 1.337617 0.184399
1.335506 -18.748346 12.451770 -11.652280 18.287304 -7.341072 6.309341 16.743935 4.370903 0.826443 -17.420456 7.945433 -26.604057 -19.409538 4.710141 6.428580 -1.316057 8.246200 -4.786152 -6.263982 3.105375 6.799751 -16.833652 13.669453 -9.252670 1.765029 -6.936562 10.874980 1.360233 0.201433
1.242180 -18.914991 12.674033 -12.052113 18.256268 -7.452131 6.311391 16.333624 4.781533 0.935049 -17.516979 8.195130 -26.893780 -19.310991 4.665298 6.250344 -1.187318 8.593939 -4.654871 -5.784868 2.849621 6.901645 -17.044544 13.846622 -9.548795 1.705538 -6.270300 10.958443 1.468385 0.408251
0.932218 -19.697615 12.782805 -12.011430 17.947594 -7.758534 6.670379 15.384252 5.101567 1.048657 -17.663332 8.759221 -27.446854 -18.982353 4.658045 6.216467 -0.696806 9.122512 -4.305746 -4.537805 2.490002 6.985869 -17.371714 13.862482 -10.020105 1.697250 -5.219027 11.137789 1.734984 1.010916
0.590409 -20.549349 12.982137 -12.549747 17.363098 -8.442766 7.123440 13.464792 5.858370 1.143309 -17.605595 9.558249 -28.324707 -18.705139 4.687226 6.579160 0.047915 9.476621 -3.424956 -2.757289 1.897636 6.951428 -18.053713 13.760850 -10.563315 1.729211 -3.469994 11.504581 2.166847 2.704533
0.267112 -21.049349 12.595398 -13.368210 17.147079 -9.502016 7.332571 12.133405 6.373942 1.243244 -17.507643 10.591212 -29.754410 -17.902388 4.815658 7.198824 1.389835 9.685666 -2.068405 -0.950168 1.404035 6.812913 -18.834578 13.429474 -11.110297 1.875658 -1.807897 11.764078 2.692048 4.824180
-0.546059 -21.060257 11.871036 -14.344778 16.924873 -10.579707 7.294080 11.447578 6.480769 0.925585 -17.483150 10.968822 -30.119942 -17.154461 5.100771 7.682361 2.317922 9.677879 -1.252485 0.155330 0.931450 7.257239 -19.071260 13.357314 -12.229405 1.741904 -0.691242 11.398582 2.750225 6.129306
-1.938451 -21.226793 10.963248 -15.436490 16.621454 -11.751841 7.404426 11.261914 6.682508 0.714513 -17.950939 11.355674 -30.258394 -16.072624 5.512285 7.824553 3.406491 9.595419 -0.853892 0.881324 0.443478 7.640683 -19.157358 13.143159 -13.351902 1.478276 -0.324329 10.759023 2.505179 7.116526
-3.811525 -21.916037 9.600301 -16.063583 16.825081 -12.763471 7.396168 11.186163 6.662244 0.871633 -18.845919 11.936075 -30.456062 -14.927731 6.058126 7.395214 5.146181 8.981133 -0.518685 0.958489 0.316212 8.030631 -19.009825 13.265684 -14.442660 1.146100 -0.126043 10.092522 2.201753 8.001700
-4.860959 -22.652348 8.359293 -16.796137 16.961576 -13.066082 7.062929 10.682472 6.702559 0.698447 -19.528631 12.388006 -30.639183 -13.915175 6.581776 7.115871 6.722085 8.307275 -0.084101 0.928203 0.457801 8.405896 -18.690065 13.350694 -15.090773 0.970993 0.026376 9.801925 2.092253 8.491072
-5.111720 -23.038095 7.689274 -17.217222 17.039278 -13.064701 6.724921 10.161097 6.753066 0.545924 -19.865791 12.552571 -30.358622 -13.592427 7.009072 6.990756 7.410643 7.785758 -0.007919 0.909253 0.509175 8.658790 -18.392618 13.333888 -15.397038 0.858169 0.036472 9.704020 1.955660 8.804438
-5.154891 -23.085545 7.599573 -17.257277 17.076839 -13.000076 6.678166 10.072453 6.736139 0.536915 -19.909754 12.560082 -30.299263 -13.517812 7.101069 7.000099 7.526448 7.704199 0.020133 0.919375 0.489546 8.696898 -18.356133 13.326518 -15.455413 0.813819 0.052558 9.700740 1.916226 8.854512
-5.315954 -22.858414 7.607417 -17.409426 17.264067 -12.814590 6.602555 10.036710 6.702489 0.662555 -20.068600 12.509885 -29.973486 -13.187904 7.296766 7.253977 7.657281 7.528553 0.071875 0.910326 0.466949 8.908347 -18.183149 13.312262 -15.491210 0.681713 -0.091322 9.654741 1.667065 8.899133
-5.600742 -22.445776 7.654319 -17.547779 17.615814 -12.505905 6.534494 9.970137 6.576108 0.887391 -20.346237 12.211767 -29.101826 -12.423942 7.681542 8.043312 7.821639 7.221721 0.132388 0.900261 0.390500 9.231050 -17.819349 13.357931 -15.385432 0.538951 -0.485477 9.584866 1.194000 8.881872
-5.980565 -22.042686 7.694656 -17.750729 18.211029 -11.889158 6.297297 9.505881 6.419362 1.084467 -20.586617 11.989425 -28.089190 -11.841132 8.122672 8.698761 8.186252 6.633873 0.024687 0.961261 0.279671 9.842088 -17.233631 13.397540 -15.183844 0.323573 -1.061929 9.505650 0.480537 8.918908
-6.319710 -22.071089 7.811007 -17.344046 18.694790 -10.623152 6.236498 8.782648 5.974317 1.255092 -20.804777 11.880452 -27.116104 -11.203091 8.596651 9.316081 8.916016 5.552190 -0.185538 0.914768 0.323206 10.645465 -16.421057 13.379636 -14.925635 -0.033692 -1.549538 9.691373 -0.224497 8.857110
-6.597580 -22.710794 7.910366 -16.337172 18.668789 -9.408137 6.573112 8.102532 5.521350 1.387860 -20.942646 11.645750 -26.355476 -10.941337 8.961360 9.596262 9.676940 4.539598 -0.398849 0.573602 0.850654 11.352405 -15.496709 13.398869 -14.311944 -0.444729 -2.254649 10.017096 -0.770903 8.615350
-6.569413 -23.515211 7.557558 -15.111080 18.538212 -8.535434 6.994532 7.601665 4.806201 1.521328 -21.020996 11.540345 -25.580940 -11.175309 9.309374 9.349167 10.254716 3.610434 -0.827767 0.248330 1.221617 11.870817 -14.732557 13.345778 -13.783579 -0.850265 -2.936646 10.340822 -1.295201 8.587153
-6.406871 -24.068708 6.790638 -14.230503 18.672544 -8.074991 7.282017 7.092895 4.003156 1.667905 -21.184879 11.513831 -24.720245 -11.230914 9.620487 9.307866 10.561282 2.760911 -1.229564 0.022497 1.569843 12.145670 -14.037811 13.137815 -13.530560 -1.101182 -3.624103 10.475819 -1.660326 8.803663
-6.362711 -24.590948 6.151973 -13.582394 18.665165 -7.610603 7.522758 6.665649 3.308224 1.655034 -21.260933 11.501512 -23.945642 -11.544934 9.868926 9.152472 10.885620 1.977016 -1.590326 -0.074844 1.829575 12.270080 -13.483610 12.756091 -13.463002 -1.236908 -3.993193 10.639350 -1.780586 9.217832
-6.389007 -24.914915 5.715594 -13.349724 18.762268 -7.583095 7.574694 6.355342 3.131950 1.788453 -21.376942 11.533221 -23.598087 -11.600204 9.950631 9.173166 10.932630 1.703483 -1.712798 -0.021427 1.984841 12.297244 -13.159722 12.523084 -13.417949 -1.271925 -4.258781 10.693562 -1.844362 9.491673
-6.402126 -24.963263 5.621667 -13.323704 18.781542 -7.583166 7.577008 6.314075 3.093855 1.805281 -21.413513 11.551064 -23.519474 -11.583306 9.989413 9.175024 10.985676 1.609123 -1.727791 -0.015801 1.996836 12.301691 -13.116908 12.493875 -13.412002 -1.273598 -4.285687 10.705756 -1.853042 9.530378
-6.402126 -24.963263 5.621667 -13.323704 18.781542 -7.583166 7.577008 6.314075 3.093855 1.805281 -21.413513 11.551064 -23.519474 -11.583306 9.989413 9.175024 10.985676 1.609123 -1.727791 -0.015801 1.996836 12.301691 -13.116908 12.493875 -13.412002 -1.273598 -4.285687 10.705756 -1.853042 9.530378
-6.402126 -24.963263 5.621667 -13.323704 18.781542 -7.583166 7.577008 6.314075 3.093855 1.805281 -21.413513 11.551064 -23.519474 -11.583306 9.989413 9.175024 10.985676 1.609123 -1.727791 -0.015801 1.996836 12.301691 -13.116908 12.493875 -13.412002 -1.273598 -4.285687 10.705756 -1.853042 9.530378
-6.402126 -24.963263 5.621667 -13.323704 18.781542 -7.583166 7.577008 6.314075 3.093855 1.805281 -21.413513 11.551064 -23.519474 -11.583306 9.989413 9.175024 10.985676 1.609123 -1.727791 -0.015801 1.996836 12.301691 -13.116908 12.493875 -13.412002 -1.273598 -4.285687 10.705756 -1.853042 9.530378
-6.402126 -24.963263 5.621667 -13.323704 18.781542 -7.583166 7.577008 6.314075 3.093855 1.805281 -21.413513 11.551064 -23.519474 -11.583306 9.989413 9.175024 10.985676 1.609123 -1.727791 -0.015801 1.996836 12.301691 -13.116908 12.493875 -13.412002 -1.273598 -4.285687 10.705756 -1.853042 9.530378
-6.400685 -24.964231 5.619882 -13.321746 18.781248 -7.585899 7.574459 6.313137 3.092067 1.804277 -21.413910 11.554838 -23.518700 -11.579848 9.997673 9.174423 10.982594 1.607452 -1.729035 -0.016839 1.996918 12.300832 -13.117283 12.495198 -13.412811 -1.273788 -4.284269 10.704641 -1.853939 9.528792
-6.394182 -24.970087 5.613782 -13.324019 18.775679 -7.612854 7.576368 6.315422 3.093958 1.807113 -21.418570 11.573874 -23.520903 -11.570731 10.002886 9.173664 10.979444 1.601951 -1.728912 -0.026094 1.997124 12.301731 -13.117635 12.495103 -13.412715 -1.273823 -4.284064 10.704291 -1.854104 9.528231
-8.249801 -24.784014 5.985398 -15.489283 21.379883 -2.196054 7.587565 7.307402 6.133434 5.309274 -21.651403 4.837718 -21.928961 -10.969209 7.591221 14.449932 12.431080 2.956131 1.739456 0.016477 -0.118876 10.154528 -11.816364 13.650643 -14.743678 1.591893 -4.751740 9.925340 -1.874310 8.944234
-8.249801 -24.784014 5.985398 -15.489283 21.379883 -2.196054 7.587565 7.307402 6.133434 5.309274 -21.651403 4.837718 -21.928961 -10.969209 7.591221 14.449932 12.431080 2.956131 1.739456 0.016477 -0.118876 10.154528 -11.816364 13.650643 -14.743678 1.591893 -4.751740 9.925340 -1.874310 8.944234
-8.249801 -24.784014 5.985398 -15.489283 21.379883 -2.196054 7.587565 7.307402 6.133434 5.309274 -21.651403 4.837718 -21.928961 -10.969209 7.591221 14.449932 12.431080 2.956131 1.739456 0.016477 -0.118876 10.154528 -11.816364 13.650643 -14.743678 1.591893 -4.751740 9.925340 -1.874310 8.944234
-6.235198 -24.907391 5.655733 -13.344648 18.964375 -7.536123 7.407138 6.245986 3.279421 2.026209 -21.330193 11.351204 -23.397461 -11.619021 10.197527 9.128758 10.823490 1.697714 -1.735608 0.160254 1.912041 12.039233 -13.155352 12.366271 -13.370826 -1.170488 -4.019794 10.995167 -1.532021 9.434778
-6.382365 -24.968039 5.600971 -13.327512 18.776730 -7.647497 7.586408 6.310788 3.099346 1.810952 -21.430111 11.585572 -23.514942 -11.560229 10.007739 9.179903 10.952750 1.599350 -1.730733 -0.030265 2.010275 12.317218 -13.125704 12.489490 -13.412223 -1.272822 -4.268064 10.703453 -1.843870 9.520449
-6.395712 -24.972979 5.600941 -13.325083 18.775909 -7.642313 7.607371 6.311685 3.107936 1.821985 -21.393169 11.589646 -23.536129 -11.546707 10.069091 9.162354 10.981406 1.591434 -1.730502 -0.007178 2.006857 12.312890 -13.119976 12.495012 -13.413363 -1.275249 -4.278244 10.703499 -1.853243 9.525326
-6.394345 -24.972788 5.600195 -13.325068 18.773197 -7.641706 7.608665 6.310943 3.105656 1.818659 -21.392963 11.591683 -23.536180 -11.545436 10.067778 9.160788 10.981925 1.590509 -1.733897 -0.006959 2.002253 12.309018 -13.122085 12.494762 -13.409490 -1.272390 -4.281521 10.701738 -1.854327 9.524944
-6.414548 -24.951050 5.626391 -13.335373 18.791536 -7.561895 7.585834 6.310662 3.100787 1.814885 -21.396057 11.542531 -23.528656 -11.588367 9.998899 9.166015 11.012667 1.609124 -1.726251 0.001878 2.011556 12.302849 -13.109770 12.494209 -13.414438 -1.257656 -4.286830 10.690999 -1.843112 9.550816
-6.404946 -24.960083 5.625564 -13.323734 18.784752 -7.573437 7.575816 6.312426 3.095317 1.804049 -21.415718 11.543711 -23.517895 -11.590499 9.971532 9.177938 10.988183 1.613001 -1.725709 -0.009257 1.997217 12.300041 -13.113760 12.496212 -13.413772 -1.274139 -4.285953 10.705105 -1.854419 9.530280
-6.404946 -24.960083 5.625564 -13.323734 18.784752 -7.573437 7.575816 6.312426 3.095317 1.804049 -21.415718 11.543711 -23.517895 -11.590499 9.971532 9.177938 10.988183 1.613001 -1.725709 -0.009257 1.997217 12.300041 -13.113760 12.496212 -13.413772 -1.274139 -4.285953 10.705105 -1.854419 9.530280
-6.414614 -24.949633 5.631005 -13.326958 18.793344 -7.555034 7.578166 6.309347 3.098406 1.806128 -21.398825 11.537198 -23.526337 -11.590783 9.989711 9.170359 11.008096 1.611397 -1.726050 0.006790 2.006210 12.300974 -13.109411 12.499078 -13.415343 -1.262429 -4.284585 10.695017 -1.847437 9.541580
-6.414446 -24.949614 5.630995 -13.326903 18.793343 -7.555026 7.578016 6.309367 3.098339 1.806112 -21.398552 11.537143 -23.526417 -11.590800 9.989892 9.170093 11.008713 1.611242 -1.726075 0.006825 2.006027 12.300717 -13.109278 12.499224 -13.415183 -1.262450 -4.284832 10.695217 -1.847407 9.541462
-6.412572 -24.951523 5.628203 -13.326838 18.789665 -7.566477 7.578166 6.309329 3.097471 1.806917 -21.395737 11.539381 -23.528263 -11.588639 9.995990 9.166909 11.013798 1.609932 -1.725947 0.005596 2.009602 12.306260 -13.112069 12.490626 -13.412181 -1.260282 -4.284841 10.693516 -1.845113 9.549619
