11.108649 -6.211765 7.414384 -7.006930 11.637303 -6.360463 23.563629 5.204617 -8.829520 -13.175003 -16.102846 4.157673 -13.049861 -24.829155 11.958116 5.528512 0.985075 5.640968 -9.619870 -0.126733 5.019475 -4.997946 1.529649 9.280952 -17.684366 6.459543 -7.175183 17.534618 3.994783 -2.860384
11.249487 -6.005863 7.645320 -6.511392 11.799825 -6.250594 23.798643 5.116742 -9.090924 -12.887399 -15.990627 4.100819 -12.640862 -24.968513 12.194058 5.661101 0.831095 5.674481 -9.713325 0.214752 5.167746 -4.874791 1.730802 9.300715 -17.510105 6.579727 -7.386681 17.582268 3.952299 -3.105428
12.055876 -5.588747 8.307817 -5.785315 12.075103 -5.924523 24.091415 4.901460 -9.325099 -12.358100 -15.818563 3.831711 -11.702581 -25.268633 12.680420 5.702210 0.805002 5.822496 -9.967300 0.968538 5.404620 -4.554758 2.116861 9.338262 -17.395817 6.713421 -7.672063 17.540573 3.822688 -3.504688
13.694205 -4.913924 8.953528 -4.977555 12.524120 -5.200937 24.101929 3.840185 -9.362967 -11.599157 -15.944419 3.758008 -10.211337 -25.560436 13.037795 6.144951 0.721332 5.920489 -10.135374 2.446067 5.706829 -3.943776 2.753384 9.192073 -17.518839 6.767707 -8.044157 17.293383 3.551401 -3.884780
14.665895 -4.367023 8.586226 -4.975376 13.400968 -4.678265 23.721800 2.322423 -9.335752 -10.922791 -16.398691 3.863642 -8.589448 -25.876492 13.065437 6.777852 0.316394 5.901280 -10.350444 4.104973 5.936531 -3.026846 3.459361 8.814702 -17.866329 6.637136 -8.225732 16.859032 3.154282 -4.160992
14.945183 -3.917906 7.361845 -5.332437 14.640349 -4.450604 23.064777 0.573423 -9.428117 -10.229654 -16.878695 3.605400 -7.024693 -26.218519 13.193994 6.865193 0.548323 5.347630 -10.890834 4.654726 6.126107 -1.910457 4.009206 8.286805 -18.440149 6.377291 -8.300345 16.432953 2.731620 -4.320813
14.428639 -3.637326 6.603330 -5.226411 15.457944 -4.401908 22.772665 -0.622543 -9.980452 -9.783262 -17.616312 3.424144 -6.018497 -25.778934 13.451960 6.814837 1.709464 3.977392 -11.317668 4.031217 6.133794 -1.072679 4.235208 7.757013 -19.135555 6.054174 -8.332692 16.179695 2.364560 -4.234844
13.995516 -3.606689 6.208675 -4.920365 16.016497 -4.001946 22.549036 -1.840549 -10.475055 -9.630323 -18.148966 3.380807 -5.342859 -25.160023 14.108217 6.557223 3.003874 2.742737 -11.716578 3.302123 6.173239 -0.269482 4.421165 7.355314 -19.746853 5.748851 -8.276830 15.854273 2.040044 -4.079073
13.380518 -3.512393 5.696376 -4.964164 16.545475 -3.774478 22.032841 -2.552671 -10.999599 -9.487423 -18.384243 3.346378 -4.791988 -24.717255 14.544178 6.496344 4.121191 1.709097 -11.913042 3.037486 6.215810 0.303977 4.505854 7.180850 -20.263271 5.481631 -8.162812 15.520920 1.819539 -3.991677
13.147169 -3.530692 5.335132 -5.004784 16.783360 -3.739836 21.759012 -2.943237 -11.262067 -9.453661 -18.579990 3.331407 -4.424793 -24.480600 14.731435 6.415546 4.737433 1.178365 -12.032933 2.832015 6.204679 0.576897 4.571826 7.062841 -20.458866 5.355434 -8.112997 15.412540 1.732764 -3.926926
13.083048 -3.592627 4.977680 -4.983432 16.937298 -3.704415 21.680340 -3.246034 -11.426579 -9.377100 -18.632549 3.192906 -3.995914 -24.425755 15.070470 6.276525 5.225938 0.837193 -12.200137 2.834784 6.262645 0.806143 4.575217 7.003145 -20.600681 5.289036 -8.073710 15.277990 1.676133 -3.889908
12.897074 -3.673143 2.229587 -5.043325 18.187157 -3.929106 20.988581 -4.740353 -12.231605 -9.138299 -19.024153 3.235640 -2.169244 -23.549267 16.966963 5.882195 7.199135 -0.823272 -12.717263 3.148303 6.466090 1.723948 4.510511 6.545325 -21.567251 4.798623 -8.020043 14.632396 1.464699 -3.473549
10.593077 -1.829648 -0.962644 -4.752298 20.834396 -5.473904 17.991676 -4.890949 -14.128933 -8.878645 -21.626495 5.550671 -0.012445 -20.228378 20.334148 5.116576 9.198592 -2.019634 -12.692672 4.199707 6.272348 2.857874 4.197510 5.444541 -23.278427 4.114818 -7.970447 13.515413 1.418073 -2.771004
8.780535 1.171571 0.534256 -0.564951 24.147770 -6.328591 10.845084 -5.348427 -17.100653 -12.913158 -27.567575 10.594342 -0.740726 -13.091685 23.477764 3.535512 5.236926 -2.584357 -12.333556 8.826751 3.927926 4.730313 4.125457 5.362511 -27.704807 4.059329 -9.999169 8.798797 1.273278 -2.445429
7.730422 6.457758 0.379535 -0.936371 28.319906 -6.613617 1.770318 -2.855231 -18.405531 -16.511030 -33.792778 9.327167 -3.018064 -12.753196 16.220894 1.819328 3.504844 2.478461 -11.361627 10.744014 1.063824 6.774273 -2.880795 1.123249 -25.538149 1.327742 -9.420069 10.129513 -0.097872 -8.882586
9.979839 10.464922 1.472393 -7.685958 30.109579 -7.098604 -7.804492 1.878267 -13.638272 -19.778868 -37.933098 6.681289 -7.963250 -14.535752 8.699162 -1.376870 3.517917 12.621738 -8.695361 10.201147 0.519467 6.614351 -11.176626 -1.689864 -22.134827 0.361567 -6.119511 11.846685 0.508477 -12.699516
8.781307 9.874655 5.306553 -13.003481 27.229954 -6.882271 -10.249948 3.971152 -7.555594 -22.797819 -35.598736 1.932828 -15.889952 -17.106461 2.947055 -1.442925 3.984449 19.363501 -4.834614 9.957815 0.184049 7.958533 -19.865263 -2.986967 -17.100250 4.038176 -1.738001 12.197151 3.381598 -10.222692
0.797103 6.638025 7.269839 -18.532045 23.226156 -4.657795 -10.590422 4.002664 -5.967093 -25.967257 -29.531910 1.926738 -19.012379 -19.184814 -4.159382 4.024179 0.285745 16.552710 -4.579893 9.697502 1.438518 5.358657 -21.705309 -5.798163 -14.915835 5.689140 -2.119468 13.310699 6.080977 -6.412808
-6.017501 5.098492 7.221441 -21.566702 22.175549 -3.413911 -9.344113 5.682609 -5.905087 -26.839247 -26.041887 -0.827532 -20.102459 -22.390369 -6.177059 7.112325 -1.756770 15.829192 -5.277397 8.225173 2.522241 4.211878 -21.821316 -7.382567 -12.327565 7.356173 -2.519994 16.917664 8.342491 -3.119658
-8.847650 4.636127 5.730121 -22.815083 21.777618 -2.891026 -8.100877 7.212198 -6.619797 -26.655321 -24.585243 -1.153210 -21.093884 -24.053379 -6.236292 7.558486 -2.924970 14.829542 -5.203207 6.032000 2.325399 2.473423 -20.724258 -8.581144 -10.700904 7.477994 -2.860880 19.338232 9.307509 -0.945400
-9.048839 4.622570 5.596948 -22.982849 21.737514 -2.902260 -7.944476 7.280284 -6.617366 -26.577545 -24.529823 -1.194117 -21.244268 -24.185242 -6.188587 7.625505 -3.170087 14.783277 -5.168229 5.758371 2.431343 2.238028 -20.494104 -8.460849 -10.659721 7.663636 -2.892379 19.083508 9.422340 -0.724531
-8.946222 4.577199 5.493432 -22.925474 21.992081 -2.381152 -8.276272 7.164797 -6.727820 -26.771534 -24.750372 -1.150651 -21.075132 -24.064838 -6.427407 7.639084 -3.047190 14.898952 -5.233341 6.030310 2.544123 2.227502 -20.716576 -8.556195 -10.782413 7.834523 -2.974292 18.961664 9.506622 -0.604165
-8.688518 4.461160 5.420510 -22.711699 22.324842 -1.726151 -8.812860 6.945091 -6.924096 -27.093351 -25.198425 -1.163059 -20.990112 -23.923494 -6.681433 7.628088 -2.692431 15.163620 -5.176459 6.503465 2.828381 2.775466 -21.039572 -8.806798 -10.929003 8.249478 -3.023815 18.799206 9.652835 -0.409109
-7.906214 4.373811 5.172049 -22.345179 22.836609 -0.750560 -9.421358 6.550435 -7.389695 -27.260296 -26.014341 -1.305425 -20.713844 -23.703705 -6.759411 7.583978 -2.165078 15.577540 -5.012478 6.953778 3.007101 3.509366 -20.601568 -9.096698 -10.953444 8.565382 -3.102738 18.624050 9.649016 0.092178
-6.672603 4.215444 4.872646 -21.499090 23.218708 0.341412 -10.201760 6.197170 -8.034415 -27.488876 -26.883015 -1.130317 -20.344526 -23.584467 -6.905220 7.532153 -1.250188 15.726960 -4.631296 7.583177 3.364689 4.722617 -20.283409 -9.518494 -11.067138 8.840376 -2.994369 18.069466 9.425723 0.236615
-5.014017 4.155725 4.907661 -20.628492 23.590036 0.950186 -11.131980 5.678481 -8.409777 -27.707472 -27.991871 -1.045155 -19.539158 -23.158960 -7.262606 7.429541 -0.209473 15.851756 -4.605559 8.721382 3.968718 6.094104 -20.422022 -9.441093 -11.292565 9.114962 -2.561677 17.416868 9.235439 0.108795
-3.570554 4.123776 4.694410 -19.368942 24.107952 1.647642 -12.258230 5.335394 -9.066075 -28.176302 -29.230652 -0.932779 -18.845879 -22.643209 -8.120667 7.402040 0.596628 16.042072 -4.512972 10.011532 4.664457 7.549477 -20.701902 -9.610148 -11.192717 9.418120 -2.126164 16.417881 9.061735 0.007606
-1.915568 4.537141 4.745103 -18.485209 24.921652 1.962758 -13.159868 4.620036 -9.187808 -28.522642 -30.394035 -0.917056 -18.178726 -22.419712 -9.039327 7.141052 1.727541 16.106407 -4.295857 11.267675 5.363538 8.623185 -20.936790 -9.660337 -11.230901 9.383257 -1.831486 15.688080 8.957118 -0.580687
-0.376082 5.068641 4.952879 -17.616634 25.581882 2.141693 -13.915091 4.096624 -9.229127 -28.573574 -31.931574 -0.788820 -17.604637 -22.126450 -9.374537 6.954258 2.758362 16.339384 -3.921781 11.940868 5.840041 9.319068 -21.049225 -9.670154 -11.305684 9.309105 -1.931178 15.208419 8.717429 -1.076200
0.408140 5.425710 5.038058 -17.195742 25.929211 2.019578 -14.099967 3.916290 -9.214656 -28.500437 -32.801392 -0.714386 -17.436546 -21.838863 -9.334957 6.907777 3.419081 16.501648 -3.515340 12.294955 6.036625 9.743748 -21.366312 -9.492204 -11.370017 9.198942 -1.914686 14.956419 8.545526 -1.579685
0.562920 5.427171 5.004717 -17.104767 25.971542 2.013660 -14.138317 3.912177 -9.243955 -28.516844 -32.897724 -0.715686 -17.407330 -21.809566 -9.323402 6.901619 3.438743 16.536922 -3.475290 12.332614 6.076711 9.844038 -21.316010 -9.506948 -11.389111 9.173491 -1.909171 14.938198 8.495583 -1.632508
0.562920 5.427171 5.004717 -17.104767 25.971542 2.013660 -14.138317 3.912177 -9.243955 -28.516844 -32.897724 -0.715686 -17.407330 -21.809566 -9.323402 6.901619 3.438743 16.536922 -3.475290 12.332614 6.076711 9.844038 -21.316010 -9.506948 -11.389111 9.173491 -1.909171 14.938198 8.495583 -1.632508
0.562920 5.427171 5.004717 -17.104767 25.971542 2.013660 -14.138317 3.912177 -9.243955 -28.516844 -32.897724 -0.715686 -17.407330 -21.809566 -9.323402 6.901619 3.438743 16.536922 -3.475290 12.332614 6.076711 9.844038 -21.316010 -9.506948 -11.389111 9.173491 -1.909171 14.938198 8.495583 -1.632508
0.563942 5.425040 5.004773 -17.103474 25.969685 2.010916 -14.136943 3.914382 -9.243579 -28.517687 -32.899837 -0.714483 -17.405979 -21.809158 -9.325084 6.901261 3.436732 16.537861 -3.476253 12.330488 6.074688 9.844919 -21.314600 -9.506207 -11.388079 9.172444 -1.907930 14.938706 8.493981 -1.635112
0.562920 5.427171 5.004717 -17.104767 25.971542 2.013660 -14.138317 3.912177 -9.243955 -28.516844 -32.897865 -0.715632 -17.407261 -21.809616 -9.323550 6.901689 3.438492 16.536938 -3.475304 12.332518 6.076711 9.844038 -21.316010 -9.506948 -11.389111 9.173491 -1.909171 14.938198 8.495583 -1.632508
0.562920 5.427171 5.004717 -17.104767 25.971542 2.013660 -14.138317 3.912177 -9.243955 -28.516844 -32.898773 -0.715559 -17.406691 -21.809845 -9.324086 6.901677 3.437246 16.536451 -3.475253 12.331656 6.076711 9.844038 -21.316010 -9.506948 -11.389111 9.173491 -1.909171 14.938198 8.495583 -1.632508
0.562920 5.427171 5.004717 -17.104767 25.971542 2.013660 -14.138317 3.912177 -9.243955 -28.516844 -32.898773 -0.715559 -17.406691 -21.809845 -9.324086 6.901677 3.437246 16.536451 -3.475253 12.331656 6.076711 9.844038 -21.316010 -9.506948 -11.389111 9.173491 -1.909171 14.938198 8.495583 -1.632508
8.673403 5.141256 2.247878 -16.965078 18.646603 -3.746160 -6.058641 -1.587182 -10.856124 -34.393867 -33.391296 -0.436058 -14.545853 -23.281918 -12.421443 12.894848 3.872748 16.934919 -0.021202 9.047626 6.850384 7.569954 -17.700441 -7.075466 -14.788685 11.735028 -0.664751 11.759007 7.334052 -1.796158
8.673403 5.141256 2.247878 -16.965078 18.646603 -3.746160 -6.058641 -1.587182 -10.856124 -34.393867 -33.391296 -0.436058 -14.545853 -23.281918 -12.421443 12.894848 3.872748 16.934919 -0.021202 9.047626 6.850384 7.569954 -17.700441 -7.075466 -14.788685 11.735028 -0.664751 11.759007 7.334052 -1.796158
8.673403 5.141256 2.247878 -16.965078 18.646603 -3.746160 -6.058641 -1.587182 -10.856124 -34.393867 -33.391296 -0.436058 -14.545853 -23.281918 -12.421443 12.894848 3.872748 16.934919 -0.021202 9.047626 6.850384 7.569954 -17.700441 -7.075466 -14.788685 11.735028 -0.664751 11.759007 7.334052 -1.796158
5.358743 -0.055335 3.788364 -13.592238 22.457989 -2.465951 -8.897975 1.419408 -6.583375 -30.948711 -33.208637 2.568998 -15.148279 -24.952244 -12.873112 8.116256 2.300757 17.002068 -3.822473 10.130950 8.406005 7.709142 -18.505249 -6.910551 -14.468468 9.479777 -2.359334 11.252179 6.179074 -1.919079
5.483469 -0.245191 3.626897 -13.567839 22.738935 -2.191721 -9.070733 1.426847 -6.422364 -30.792664 -33.212135 2.639936 -15.269536 -24.817221 -13.035816 8.320981 2.380521 17.014292 -3.781555 10.077085 8.647430 7.801688 -18.312548 -6.932084 -14.597736 9.430301 -2.367282 11.166089 6.205963 -1.783211
5.495294 -0.235763 3.621636 -13.573432 22.738873 -2.192875 -9.072462 1.421277 -6.431532 -30.797796 -33.193810 2.632325 -15.279061 -24.827738 -13.030099 8.316605 2.396976 17.013411 -3.780596 10.084383 8.668219 7.796645 -18.303818 -6.937095 -14.600677 9.438584 -2.369615 11.156855 6.214716 -1.776568
5.502973 -0.227775 3.615283 -13.577068 22.740311 -2.195484 -9.073625 1.424937 -6.436956 -30.798151 -33.193665 2.633414 -15.278587 -24.826351 -13.031448 8.315825 2.396930 17.012276 -3.783971 10.084320 8.670851 7.797432 -18.302593 -6.935853 -14.599878 9.436809 -2.369915 11.156811 6.213841 -1.775047
5.514925 -0.242427 3.589725 -13.578663 22.739069 -2.195650 -9.060321 1.416694 -6.435698 -30.791162 -33.192329 2.628519 -15.282121 -24.834076 -13.044269 8.316416 2.408382 17.016115 -3.785197 10.088064 8.672859 7.793939 -18.302706 -6.935271 -14.603845 9.435299 -2.372565 11.154673 6.213683 -1.777213
5.497159 -0.229648 3.606812 -13.580952 22.740335 -2.199654 -9.061132 1.421865 -6.434730 -30.789560 -33.199352 2.631459 -15.277632 -24.829048 -13.044610 8.317578 2.402096 17.016222 -3.784223 10.084274 8.664501 7.796824 -18.307959 -6.933919 -14.603240 9.432485 -2.371989 11.158293 6.213626 -1.781773
5.497159 -0.229648 3.606812 -13.580952 22.740335 -2.199654 -9.061132 1.421865 -6.434730 -30.789560 -33.199352 2.631459 -15.277632 -24.829048 -13.044610 8.317578 2.402096 17.016222 -3.784223 10.084274 8.664209 7.796994 -18.308470 -6.934273 -14.603122 9.432374 -2.372083 11.158326 6.213732 -1.782102
5.515181 -0.242054 3.589404 -13.578377 22.739712 -2.195490 -9.060125 1.416435 -6.435406 -30.791445 -33.192554 2.628567 -15.282071 -24.833847 -13.044095 8.316703 2.406931 17.016251 -3.785357 10.088370 8.672807 7.793868 -18.301987 -6.935085 -14.603448 9.435616 -2.372574 11.155019 6.213871 -1.776604
5.515291 -0.241838 3.589281 -13.578254 22.739958 -2.195581 -9.060171 1.416417 -6.435452 -30.791431 -33.192272 2.628572 -15.282095 -24.833797 -13.043943 8.316430 2.407552 17.016068 -3.785321 10.088314 8.672750 7.793953 -18.301832 -6.935027 -14.603498 9.435623 -2.372460 11.154992 6.213826 -1.776458
5.516044 -0.239442 3.593803 -13.578608 22.741301 -2.196000 -9.063717 1.417878 -6.435034 -30.792200 -33.191765 2.627913 -15.282018 -24.833788 -13.043663 8.315834 2.409403 17.015259 -3.785370 10.088095 8.673346 7.792185 -18.305040 -6.936688 -14.602899 9.435488 -2.375222 11.154640 6.215369 -1.778768
