-6.115992 -2.371955 0.703046 0.064587 15.855582 -1.595297 15.775671 25.485085 -22.071783 -20.497522 -0.376560 -12.158983 -13.687995 -9.729010 6.309407 14.395383 0.444082 -16.846874 -29.164877 -16.555458 6.151757 -12.672050 -5.118991 4.001196 -12.871516 10.131166 -20.576984 11.698053 2.938895 -6.930244
-5.324012 -3.668463 0.403651 0.359417 15.291495 -1.848769 15.766878 25.840609 -21.538029 -20.648325 -0.400004 -12.129100 -13.925402 -10.133115 6.467646 13.552621 0.593180 -16.581577 -29.323273 -16.615934 6.172001 -12.620430 -5.131485 4.166798 -13.071858 9.988201 -20.467653 11.625025 2.954718 -7.302558
-4.714146 -6.891572 -0.225086 1.263112 13.911059 -2.918208 15.902461 26.601337 -20.558855 -21.331831 -0.217464 -12.399459 -14.684888 -10.835749 6.799067 12.121653 0.707889 -15.366261 -29.457706 -16.866659 5.903969 -12.261606 -4.952438 4.396022 -13.662490 9.268689 -20.260386 11.677235 2.620332 -8.154422
-3.945478 -9.393991 -0.926709 1.562579 12.942948 -4.282976 15.208419 27.900124 -19.182182 -22.034502 -0.318867 -12.905913 -15.816176 -11.185467 7.248779 11.178787 0.817968 -13.444604 -28.644480 -17.075817 5.711522 -11.852563 -5.236766 4.793386 -14.141248 7.712479 -20.016302 11.770000 1.823095 -8.778137
-1.773991 -10.090544 -1.578147 0.292008 13.189320 -5.249294 13.583212 29.096054 -17.569279 -22.488550 -0.268603 -12.986119 -17.355675 -11.719834 6.954788 10.625496 -0.138847 -11.523259 -27.906839 -17.179745 5.128246 -11.933913 -5.942520 5.256192 -14.116735 7.052796 -19.480362 12.011763 1.454180 -9.202658
-0.292579 -6.862093 -1.311055 -2.708755 16.344414 -4.355510 10.392859 29.550070 -15.660630 -21.070667 -0.746442 -12.484248 -18.698444 -11.921819 6.495941 9.499265 -0.879055 -10.140186 -27.537233 -17.208622 4.347730 -12.095276 -6.540075 5.767495 -14.361888 6.463562 -18.824545 12.131351 1.266846 -10.051718
1.846812 -2.929303 -0.329226 -4.208871 19.546471 -2.652104 7.914558 29.497478 -14.969735 -19.520399 -1.700464 -12.021121 -19.382896 -11.660069 6.541024 7.829929 -0.891720 -9.070021 -27.318064 -17.519772 3.373534 -12.081195 -7.095826 6.218060 -14.815568 5.822104 -18.179127 12.135328 0.973483 -10.803425
4.093860 -0.904111 1.341027 -4.756280 20.925640 -1.060280 6.657006 29.046047 -13.857930 -18.157574 -2.714978 -11.695054 -19.911228 -11.318358 6.647009 6.493444 -0.866746 -8.093806 -27.031471 -17.741659 2.411601 -12.109468 -7.838793 6.500990 -15.492815 5.310371 -17.509598 11.899607 0.735733 -11.272077
5.618704 0.789211 2.364923 -4.723656 21.506420 -0.070222 6.115907 28.073242 -13.582606 -17.155226 -3.425821 -11.432091 -20.143295 -11.053345 6.507668 5.555054 -1.027367 -7.391549 -27.027592 -17.784336 1.777956 -12.052106 -8.267324 6.533591 -15.953984 4.878271 -17.070580 11.848881 0.570377 -11.512156
6.404731 1.762264 3.144513 -4.729281 21.574654 0.144939 6.085622 27.435173 -13.220899 -16.567762 -3.893193 -11.232907 -20.366053 -10.799422 6.420606 5.241115 -1.118888 -6.979079 -26.774181 -17.649334 1.363670 -12.048366 -8.603081 6.576528 -16.255293 4.662176 -16.652540 11.795198 0.479349 -11.358676
6.237119 1.425696 3.297787 -4.874034 21.287130 0.132470 6.147907 27.654373 -13.095374 -16.907459 -3.758196 -11.228033 -20.601006 -10.752908 6.323514 5.330198 -1.219267 -6.876214 -26.696201 -17.717194 1.396451 -12.163077 -8.706721 6.689092 -16.130529 4.798135 -16.717445 11.754526 0.519300 -11.501791
2.992914 -1.154439 4.185091 -5.591445 18.977863 -1.821997 7.359888 29.235434 -12.020084 -19.049356 -2.425642 -11.014706 -22.856743 -10.463614 5.158961 7.364439 -2.447123 -6.603204 -25.622787 -18.275005 2.014122 -13.347663 -9.852448 7.610969 -14.919881 6.258579 -16.776342 11.324114 1.266716 -11.114677
-0.130095 -9.463202 5.784522 -5.023033 10.268416 -2.564756 12.927404 27.351231 -11.011954 -23.434298 -0.095520 -10.449050 -26.627300 -10.035166 2.844779 12.053903 -5.088528 -5.436975 -23.183718 -17.193775 3.829944 -15.396974 -11.893398 9.479675 -12.160928 8.499104 -15.793432 11.572372 3.255788 -9.980323
-1.031361 -9.917593 12.417041 -5.760863 7.844801 4.576166 17.311096 22.356495 -11.293790 -23.605280 1.533527 -7.381185 -29.699709 -12.121588 0.313738 12.804098 -8.670031 -3.899596 -22.476501 -12.358406 4.667423 -16.399370 -12.633717 11.071665 -11.373830 10.239238 -12.753680 12.594577 6.180659 -10.569864
0.849576 -7.409663 16.337845 -5.079324 13.341697 3.927937 14.467501 19.144554 -7.088898 -18.054314 1.174157 -3.826929 -33.849129 -15.214190 -0.316904 9.466749 -10.274063 -1.203047 -20.361092 -8.094691 5.394082 -14.980728 -12.768629 13.664262 -12.908220 8.578593 -9.112243 12.389977 6.455032 -11.032427
4.540220 -10.574638 13.937257 -8.858949 13.723598 2.996630 9.541664 19.087168 -2.931142 -19.530485 -0.997067 0.037417 -39.598213 -12.700914 -1.213042 10.640035 -9.754622 1.172058 -14.187646 -4.455400 3.108170 -14.482343 -16.119196 16.255535 -14.559331 6.609148 -4.804525 11.701024 5.358232 -7.981705
12.942722 -15.860568 8.261095 -15.986782 13.576106 6.755330 5.220077 18.739870 3.272440 -18.220041 -5.334010 1.425487 -41.422482 -9.559155 0.009674 11.354177 -7.886947 5.133629 -8.896067 -0.164359 1.438541 -12.651473 -16.538912 16.422571 -15.749976 4.607783 -1.145531 13.066029 4.253709 -2.049346
17.598257 -14.090681 8.610602 -16.570509 15.348869 3.201981 4.655003 15.569648 5.480962 -15.245967 -10.442361 1.775286 -39.636818 -5.203013 3.272477 11.678925 -1.804636 5.147833 -5.568711 2.836715 -0.233791 -9.682579 -15.067665 16.553440 -18.745628 2.436432 0.865927 13.418686 2.470018 0.279175
16.656996 -12.338001 9.223308 -15.831142 17.273870 1.129176 4.645526 12.253414 5.864280 -13.362586 -12.425882 0.966661 -38.508034 -2.728480 5.429057 10.958013 2.258264 4.435520 -4.403894 2.092526 -0.739100 -7.871540 -13.416362 16.566921 -19.749855 1.402221 0.586219 13.222389 1.027108 0.591375
16.432270 -11.694563 8.441511 -16.225542 18.209730 -0.678304 4.897019 10.410032 6.177154 -12.137032 -13.354944 0.512283 -37.355324 -1.604757 6.467549 11.130206 3.650483 4.143437 -4.100424 2.145817 -0.999010 -7.121768 -12.682291 16.730223 -19.893719 1.129568 0.949364 13.520435 0.660518 0.933752
16.409029 -11.676629 8.242563 -16.199697 18.291727 -0.878949 4.961624 10.248880 6.051534 -12.092441 -13.465761 0.475782 -37.210228 -1.419707 6.598054 11.157845 3.848571 4.095948 -4.054420 2.143453 -0.932365 -7.009929 -12.473124 16.610874 -19.880770 1.110528 0.904806 13.616014 0.644354 1.067890
16.245432 -11.578403 8.005540 -16.402241 18.304600 -1.159309 5.079690 9.925619 6.009314 -12.066024 -13.539228 0.469887 -37.075867 -1.324341 6.663841 11.168676 3.912781 4.106257 -4.047216 2.198979 -0.938704 -6.959962 -12.367855 16.603373 -19.819763 1.096244 0.928304 13.716793 0.627834 1.108136
16.933344 -11.219884 6.874735 -17.259960 18.646257 -1.843814 4.928009 9.239933 6.038130 -11.920555 -13.654264 0.540863 -36.819099 -1.297486 6.791166 11.136057 3.978025 4.098383 -4.104360 2.413672 -0.922828 -6.774424 -12.059723 16.630493 -19.734474 1.095170 1.101264 13.965234 0.625046 1.337768
17.534657 -10.873608 5.706230 -18.138474 19.198280 -2.691719 4.816659 8.148997 6.030854 -11.612911 -13.832390 0.580819 -36.362228 -1.148715 7.071175 11.162346 4.269326 3.975176 -4.153737 2.698956 -0.940784 -6.509558 -11.705723 16.578512 -19.765951 1.066865 1.370874 14.226488 0.626047 1.677728
18.383936 -10.682099 4.279294 -19.029913 20.031265 -3.308986 4.274578 7.398736 6.254316 -11.109291 -13.929232 0.743087 -35.982506 -1.197138 7.185470 11.282371 4.243201 3.923255 -4.196696 3.200446 -0.878808 -6.319725 -11.407017 16.410095 -19.735689 1.042944 1.625913 14.563279 0.714249 2.057080
18.831625 -10.921036 3.081698 -19.283468 20.884277 -3.739614 3.927282 6.982792 6.289096 -10.682553 -14.032673 0.960637 -35.422382 -1.184578 7.326942 11.476528 4.341743 3.779636 -4.273751 3.989031 -0.739484 -6.102976 -11.019604 15.893959 -19.760620 0.961186 1.737052 14.936619 0.796522 2.638252
19.544725 -10.983395 1.633799 -19.098223 21.641861 -3.915346 3.709508 6.456463 5.841448 -10.128509 -14.014132 1.218390 -34.906528 -1.206635 7.454434 11.749920 4.471690 3.595757 -4.300354 4.972535 -0.671279 -5.945157 -10.743868 15.367205 -19.834202 0.913407 1.894677 15.282869 0.928456 3.232495
20.176901 -10.584378 1.044210 -18.469063 22.178627 -3.545782 3.395446 6.570401 5.268782 -9.743537 -14.094393 1.388552 -34.491600 -1.165244 7.618709 11.880171 4.722460 3.278526 -4.290467 5.452847 -0.670939 -5.752616 -10.512315 15.046570 -19.980253 0.809090 1.988492 15.423763 0.947513 3.502421
20.396156 -10.495304 0.395381 -18.047417 22.528820 -3.352704 3.337383 6.583619 4.742734 -9.478035 -14.225245 1.458889 -34.118301 -1.135192 7.784895 11.882891 4.977749 2.913317 -4.297516 5.558215 -0.678258 -5.607116 -10.335078 14.977602 -20.128563 0.704645 1.802839 15.284636 0.795688 3.386664
20.539534 -10.341702 0.128748 -17.788332 22.706459 -3.190508 3.322636 6.569850 4.406872 -9.324171 -14.289648 1.425457 -33.955387 -1.139751 7.867650 11.847124 5.128181 2.682308 -4.293482 5.422180 -0.628319 -5.422943 -10.097668 14.927241 -20.293240 0.603859 1.656273 15.173532 0.661155 3.355315
20.520323 -10.330908 0.073229 -17.751476 22.728079 -3.161206 3.329476 6.591419 4.341011 -9.313368 -14.297176 1.421465 -33.938438 -1.134821 7.872686 11.844633 5.139192 2.666273 -4.294798 5.411793 -0.621561 -5.405993 -10.075512 14.930129 -20.306353 0.593637 1.633453 15.156191 0.642441 3.342405
20.545555 -10.335266 0.169265 -17.852346 22.679031 -3.090559 3.237247 6.747801 4.448186 -9.414043 -14.280096 1.397250 -34.070137 -1.130727 7.847490 11.774464 5.107868 2.729788 -4.292561 5.263915 -0.657216 -5.488768 -10.202818 15.023070 -20.235901 0.628495 1.661433 15.143678 0.658696 3.256707
20.452927 -10.353605 0.313955 -18.014872 22.531319 -3.030818 3.199528 7.066869 4.573075 -9.621910 -14.241339 1.330246 -34.266220 -1.139086 7.807082 11.628151 5.055906 2.840794 -4.315647 4.991718 -0.693731 -5.599957 -10.410192 15.238649 -20.122345 0.672620 1.712437 15.096117 0.661995 3.100862
20.228418 -10.352478 0.627740 -17.983370 22.341711 -2.896490 3.219786 7.688796 4.652709 -9.814011 -14.184196 1.212939 -34.562164 -1.120779 7.686004 11.602813 4.931926 2.983365 -4.300926 4.613424 -0.669567 -5.664418 -10.550458 15.492436 -20.044067 0.713216 1.706344 14.991191 0.639068 2.947391
20.181292 -10.339332 1.238339 -18.239744 22.054052 -2.602796 3.086979 8.491385 5.004409 -10.195253 -14.171522 1.016982 -35.058189 -1.075774 7.565184 11.428128 4.852286 3.155581 -4.230976 3.866916 -0.705379 -5.768745 -10.786055 16.011551 -20.020798 0.751015 1.562160 14.634363 0.510045 2.384125
20.332115 -10.512482 2.047302 -18.492929 21.654165 -1.911883 2.900393 9.702716 5.469195 -10.632047 -14.033112 0.785598 -35.716923 -1.026004 7.388103 11.482821 4.728090 3.400544 -4.079679 3.279670 -0.768537 -5.968932 -11.112106 16.602987 -19.942631 0.871498 1.343354 14.171581 0.368585 1.763901
20.391947 -10.480633 2.718038 -18.341707 21.157248 -1.242131 2.862854 11.041674 5.457469 -11.104239 -13.758542 0.448133 -36.341156 -1.019107 7.190660 11.747837 4.556506 3.493376 -3.886655 2.582186 -0.763937 -6.263060 -11.433617 17.026255 -19.854347 1.002790 0.874534 13.684309 0.234574 1.119774
10.193085 -1.428606 7.075372 -17.710077 5.525275 -5.196380 19.829819 7.638795 -11.048526 -21.726912 -5.433912 0.015428 -29.203730 -7.738989 7.623580 5.291530 -7.889133 3.318585 -20.883167 1.696187 1.149019 -6.359569 -9.073362 10.912685 -14.082346 9.943522 -2.174076 16.382486 6.903771 -5.309550
10.012415 -1.748332 7.238499 -16.298552 5.500417 -4.416242 19.651421 9.307455 -11.597275 -21.828018 -4.206216 -0.199664 -29.377813 -8.599021 7.199652 6.418784 -8.553197 2.042113 -21.151106 0.828103 1.735321 -7.041675 -9.034101 10.694793 -13.318525 10.687564 -3.630764 15.974073 7.074316 -5.903624
10.501095 -1.559746 6.988453 -14.965511 5.860922 -4.481051 19.542973 10.209515 -12.392680 -21.773592 -2.793265 -0.559398 -29.371325 -9.091680 7.006046 7.469193 -8.925366 1.020812 -21.109703 0.201870 2.316550 -7.611533 -8.945285 10.344932 -12.671004 11.287053 -5.087200 15.608941 7.192993 -6.545985
9.209905 -6.044140 7.197459 -10.152386 10.218941 -5.189136 16.698660 13.474980 -8.593056 -19.059427 -3.426714 -7.063907 -27.038097 -7.960266 4.384068 11.195126 -3.265233 2.408365 -19.087854 -2.320356 4.137446 -11.205054 -6.854531 9.579587 -14.366442 8.266891 -9.084325 15.617301 5.536905 -5.201782
9.160637 -5.242317 6.349603 -9.011554 11.624931 -5.176929 16.492584 13.862421 -9.812490 -18.766790 -3.257708 -7.774701 -25.731613 -8.224382 5.057037 10.884986 -2.824572 1.706037 -19.790045 -3.074242 4.851082 -11.216978 -5.762843 8.701718 -14.539462 8.321298 -10.278395 15.756258 5.513621 -5.412636
7.961071 -4.545104 5.356534 -8.018475 12.554152 -5.725389 16.537783 13.583399 -10.927221 -18.269846 -4.128559 -8.321126 -24.106506 -7.831922 6.089681 9.557076 -1.663886 1.424295 -21.047033 -3.698545 5.308924 -10.733560 -4.642759 7.695279 -14.862101 8.255358 -11.108739 16.044323 5.460183 -5.619931
6.356115 -4.631577 4.383054 -7.503426 13.072149 -6.053881 16.754534 12.702745 -11.528680 -17.688782 -5.137553 -8.428907 -22.784698 -7.404664 6.879051 8.472865 -0.477248 1.061204 -21.927477 -3.718007 5.430886 -9.985139 -3.392462 6.651626 -15.417546 7.938657 -11.500539 16.428822 5.244378 -5.124270
4.638865 -5.326923 3.776886 -7.275088 13.224685 -6.278254 17.376862 11.217589 -12.132707 -17.460266 -6.224945 -8.251863 -21.582245 -6.756190 7.553475 8.057184 0.601745 0.665399 -22.157309 -3.033941 5.350717 -9.413803 -2.413932 5.593091 -16.006384 7.685699 -11.848077 16.711014 5.052844 -4.497000
2.764243 -6.333973 3.483486 -7.187740 12.738229 -6.432960 18.221277 9.507032 -12.594702 -17.655031 -7.176707 -8.170749 -20.114523 -6.129694 8.286317 8.207803 1.841785 -0.095789 -22.280321 -2.258798 5.170600 -9.079476 -1.923375 4.868466 -16.464407 7.415242 -11.953356 16.856455 4.924271 -3.814733
0.980148 -7.345967 3.501823 -6.887948 12.233514 -6.545956 19.063751 7.997537 -12.932769 -17.792418 -8.016620 -7.965889 -19.059723 -5.570741 8.823191 8.304385 2.713752 -0.540805 -22.164064 -1.391869 5.008421 -8.818826 -1.569306 4.333060 -16.894947 7.198033 -11.937216 16.908718 4.850655 -3.126524
-0.082628 -7.516789 3.046423 -6.662491 12.305173 -6.573806 19.376080 7.026745 -13.400978 -17.648701 -8.473531 -7.783402 -18.388294 -5.273806 9.214299 8.330809 3.223969 -0.872509 -22.097589 -0.814071 5.002160 -8.557847 -1.011554 3.586465 -17.340816 7.170664 -12.121850 16.915590 4.867451 -2.161702
-0.960807 -7.484753 2.352013 -6.486602 12.475533 -6.575019 19.523827 6.168033 -13.900412 -17.431429 -8.748289 -7.641039 -17.640831 -5.158707 9.524732 8.448971 3.760960 -1.410312 -22.171780 -0.259389 5.135619 -8.294310 -0.485194 3.015638 -17.683399 7.154426 -12.282260 16.921511 4.898088 -1.363732
-1.324933 -7.403575 1.892291 -6.448282 12.679278 -6.644864 19.568701 5.713080 -14.201240 -17.287262 -8.899010 -7.591069 -17.095049 -5.119535 9.703628 8.502326 4.126091 -1.833865 -22.241051 -0.022326 5.188919 -8.185216 -0.274353 2.798299 -17.835278 7.129485 -12.358414 16.917130 4.899126 -1.065598
