6.010636 -4.532383 7.194768 -17.199343 10.272977 -11.095818 14.767624 6.025416 -10.253242 -9.122411 -14.195522 0.669345 -24.501652 -16.923698 12.551764 8.027355 -2.279362 0.077769 -6.405722 7.932924 2.367431 -7.234686 -3.648725 8.062464 -18.760080 5.756217 -2.556159 19.172934 5.664746 1.854582
6.034403 -4.567548 7.527542 -17.475866 10.201022 -11.108925 14.710216 6.142187 -9.922074 -9.225878 -14.182579 0.727952 -24.778542 -16.939617 12.352259 8.026931 -2.590689 0.373535 -6.359992 7.951227 2.279935 -7.459772 -4.076316 8.315037 -18.559978 5.806212 -2.224914 19.237759 5.791772 1.763234
6.024155 -4.473620 8.223096 -17.877010 9.910435 -11.210293 14.729485 6.317784 -9.421005 -9.503080 -14.200676 0.777863 -25.406788 -16.933830 11.922390 8.049899 -3.303116 1.022969 -6.250342 7.828623 2.255411 -7.696045 -4.484951 8.586276 -18.330141 5.849944 -1.929673 19.281517 5.908309 1.704915
6.220068 -4.529626 8.551599 -18.344450 9.735593 -11.252616 14.581854 6.644093 -8.846417 -9.662505 -14.291700 0.828816 -26.243031 -16.842583 11.457847 7.982806 -4.170722 2.013767 -6.045732 7.700191 2.160545 -8.026365 -4.981754 9.040345 -18.042009 6.031833 -1.830426 19.176426 5.962929 1.332537
7.199542 -4.416284 8.767301 -19.121380 9.470637 -11.068455 14.033190 7.304656 -8.066190 -9.831440 -14.298248 0.680867 -27.111217 -16.581223 11.006528 7.795023 -4.655560 2.761901 -5.871377 7.107717 1.855665 -8.357507 -5.664852 9.746817 -17.879589 6.059134 -1.838078 18.783062 5.804885 0.435300
7.733572 -4.583664 9.103282 -19.451368 9.048009 -10.891024 13.885444 7.665123 -7.484864 -9.990919 -14.123363 0.454957 -27.929398 -16.425613 10.632880 7.596633 -5.013141 3.282333 -5.714269 6.338240 1.391319 -8.730681 -6.551085 10.708433 -17.937681 6.061069 -1.924644 18.030731 5.508083 -0.695649
7.761968 -4.793742 9.898745 -19.375444 8.584995 -10.557367 13.997003 8.541870 -7.286531 -10.365767 -13.790966 0.378498 -28.746490 -16.360069 10.071996 7.673208 -5.460166 3.462110 -5.569144 5.599733 1.163715 -8.982137 -7.155299 11.343958 -17.997223 6.084869 -2.203642 17.343388 5.258411 -1.500987
7.771792 -4.812732 10.648963 -19.302069 8.079668 -10.310811 14.262688 9.140532 -7.244114 -10.726692 -13.324528 0.452906 -29.642818 -16.492386 9.537278 7.667819 -5.837190 3.528992 -5.408319 5.071145 1.032424 -9.206061 -7.664279 11.635308 -18.022938 6.063178 -2.480779 16.832001 5.094370 -1.960204
7.773819 -4.726610 11.390907 -19.287422 7.743032 -10.141272 14.438060 9.366915 -7.111313 -10.905159 -13.081326 0.563065 -30.060183 -16.640505 9.133848 7.788561 -6.180737 3.466310 -5.344342 4.889198 0.965336 -9.406719 -8.080062 11.692392 -17.982521 6.070567 -2.616360 16.539070 5.043484 -2.105093
7.773250 -4.746819 11.833505 -19.173794 7.494602 -10.113066 14.622215 9.542923 -7.087595 -11.032542 -12.917515 0.692489 -30.410637 -16.718081 8.903581 7.756675 -6.273715 3.425241 -5.304235 4.821147 1.015448 -9.512543 -8.184704 11.609272 -17.921959 6.098003 -2.763594 16.455292 5.059236 -2.125180
7.821719 -4.718883 12.161362 -19.129251 7.309083 -10.072155 14.720129 9.698189 -7.061615 -11.157398 -12.816847 0.766628 -30.570398 -16.765656 8.753255 7.796339 -6.362640 3.327643 -5.320376 4.747165 1.011077 -9.661739 -8.388048 11.616300 -17.830616 6.138566 -2.830407 16.395313 5.093548 -2.207055
7.876269 -5.044652 13.659503 -18.427977 6.158028 -9.800795 15.402588 11.088783 -7.171681 -11.940826 -12.023909 1.357588 -31.707272 -17.207527 7.586926 8.449627 -7.370053 2.776230 -5.381210 4.382903 1.111995 -10.649591 -9.441143 11.425368 -17.112183 6.610272 -3.104638 16.291428 5.551069 -2.298783
9.300584 -6.494169 13.631944 -18.442598 4.463979 -9.015951 15.220773 14.031486 -7.171295 -13.781841 -10.314548 2.168091 -33.719227 -18.451939 5.872499 9.325123 -9.085807 2.078749 -5.691247 3.690225 0.853994 -12.620473 -11.776705 11.593986 -15.452269 7.740457 -2.112723 16.932339 6.948766 -2.356710
7.951592 -10.196832 9.501384 -17.763643 4.476394 -11.572693 13.603041 18.125807 -5.810692 -14.060105 -6.474359 2.881122 -36.730759 -22.096390 2.285086 7.384216 -12.424630 1.669088 -8.792127 1.117698 0.185503 -14.493164 -14.306039 12.476419 -13.447115 8.321671 -4.723434 15.372927 5.310102 -2.025054
5.323266 -10.592224 12.669867 -11.632283 6.753963 -13.935369 12.080896 22.977371 -5.558726 -12.937795 -1.292542 -1.384733 -36.223896 -22.085548 4.458486 3.056734 -6.867007 0.400688 -14.291082 -3.885511 -0.852145 -16.281034 -16.807327 14.232718 -12.520650 9.165219 -9.949682 10.629803 1.940145 -2.152478
-1.033710 -9.828884 14.447294 -9.483335 8.451021 -15.837109 13.256113 26.905212 -5.662997 -10.575468 2.568804 -5.950761 -35.314285 -22.472160 3.938132 3.768409 -7.427998 1.423384 -17.165554 -8.601297 -0.227527 -16.802567 -18.260368 14.819104 -10.738093 8.166647 -13.681500 8.729934 -0.578551 -2.738888
-9.470645 -10.755291 12.863742 -10.711874 8.785052 -13.098888 12.966183 29.074909 -7.252733 -12.261694 3.877810 -7.244968 -33.722870 -20.228916 2.751832 8.713601 -5.705758 -4.492737 -17.193174 -12.623192 2.005838 -16.863535 -17.463808 14.082382 -7.610973 7.207165 -16.406303 9.898722 -0.928886 -5.664347
-7.894533 -8.191631 9.307066 -10.077351 13.579485 -7.509540 7.691639 34.350616 -9.996235 -12.437923 0.706685 -7.524051 -31.036453 -15.316515 3.726680 8.963531 -1.699666 -9.713335 -18.815680 -17.010410 4.078548 -13.818370 -13.219732 11.560717 -10.783035 4.917494 -18.321060 9.677483 -1.965683 -9.431207
-4.732916 -3.649368 4.701097 -10.059540 19.651302 -5.437534 2.120633 37.417747 -12.273969 -10.106995 -3.256433 -8.736315 -26.178473 -11.887225 6.667498 6.734576 2.765676 -11.509400 -21.022734 -19.113062 3.376897 -11.033244 -10.136187 9.541402 -13.250319 1.464796 -19.427124 10.659791 -4.024543 -11.078899
-2.866178 -2.586524 2.104382 -10.121744 21.623119 -4.364940 0.370855 37.283127 -12.631004 -8.221006 -4.726697 -9.479809 -24.320395 -10.955363 8.157512 5.507421 4.642559 -11.185346 -21.237539 -18.952108 2.827361 -10.024667 -8.795563 8.627161 -13.899257 0.054550 -19.372633 11.590203 -4.557419 -10.898021
-2.603751 -2.406300 1.770298 -10.157351 21.819874 -4.367409 0.272559 37.140369 -12.669326 -8.006636 -4.798397 -9.627541 -24.078936 -10.933658 8.324370 5.397729 4.861565 -11.152787 -21.346075 -18.875046 2.819124 -9.970968 -8.726603 8.529625 -13.914957 -0.005845 -19.336311 11.643911 -4.554381 -10.703276
-3.209781 -2.917965 1.314997 -9.785971 21.861662 -4.372972 0.297442 37.609440 -13.184971 -8.360323 -4.520670 -9.434156 -23.903690 -11.192143 8.363496 5.635975 4.829781 -11.888835 -21.637060 -18.942213 3.110446 -9.876127 -8.294203 8.347896 -13.861187 0.256788 -19.682270 11.691221 -4.374403 -10.858047
-4.394022 -3.900545 0.769355 -8.998153 21.613873 -4.389419 0.769421 38.340809 -14.092272 -9.095907 -4.069799 -9.427649 -23.493637 -11.340522 8.567193 6.352882 5.004502 -13.074395 -22.074646 -19.036179 3.484594 -9.823074 -7.862566 8.247514 -13.603703 0.771611 -19.994106 11.712479 -4.093196 -10.853388
-6.076452 -5.439567 -0.108817 -7.487728 20.917439 -4.403780 1.909182 38.499245 -15.633987 -9.939862 -3.093869 -9.388383 -23.218700 -11.870749 8.545889 7.210627 5.121375 -14.574405 -22.564392 -18.977413 4.056655 -9.903105 -7.266015 7.758809 -13.104629 1.552554 -20.642109 11.774062 -3.709468 -10.439121
-7.691064 -7.391559 -0.895672 -5.955332 20.008287 -4.400197 3.490730 37.980862 -16.897640 -10.349524 -1.885514 -9.284460 -22.851017 -12.681441 8.174401 8.366064 4.874323 -16.068634 -22.980103 -18.508665 4.760122 -10.147344 -6.794031 7.464168 -12.668279 2.792543 -21.194317 11.475200 -3.201334 -9.729948
-9.700256 -8.651443 -1.272949 -4.236476 19.383968 -4.431063 5.033365 37.449501 -18.285992 -10.567087 -0.974724 -9.421558 -21.872911 -13.074407 8.203629 9.525047 5.025137 -17.791470 -22.959423 -18.155605 5.351955 -10.441653 -6.606951 7.334016 -11.981158 3.843460 -21.899490 11.116811 -2.985316 -9.030048
-11.738085 -9.406662 -1.112009 -3.141490 18.714733 -4.380938 6.487349 36.659016 -19.015469 -10.337361 -0.831788 -9.568412 -20.447634 -12.917310 8.596519 10.785528 5.719582 -19.447079 -22.631056 -17.848364 5.802538 -10.435584 -6.314250 7.008646 -11.576854 4.180025 -22.595228 10.873723 -3.181379 -8.015860
-13.044525 -8.754585 -0.444703 -2.591656 18.946424 -3.999865 7.209334 36.204685 -19.845322 -10.178196 -0.909055 -10.025381 -18.952276 -12.593186 9.150694 12.171939 6.310472 -20.635345 -22.311935 -17.726639 6.275176 -10.432973 -6.105987 6.555192 -10.893413 4.401839 -23.172215 10.983479 -3.323628 -6.775316
-13.799819 -7.626597 -0.066726 -2.644315 19.607973 -3.743965 7.347937 35.787777 -20.485447 -9.913850 -1.430639 -10.443682 -17.851524 -11.844914 9.774222 13.484323 6.939682 -21.248613 -21.704252 -17.744961 6.398043 -10.517435 -6.233072 6.142453 -10.366269 4.394436 -23.534643 11.095537 -3.528396 -5.630536
-14.202963 -7.093907 0.013410 -2.453011 20.045732 -3.797567 7.326044 35.587196 -20.792458 -9.665020 -1.515944 -10.523370 -17.529171 -11.483710 9.755952 14.202230 7.002314 -21.471798 -21.536314 -17.555836 6.339728 -10.531574 -6.297739 5.976120 -10.122705 4.312923 -23.682613 11.189364 -3.704720 -5.165099
-14.240759 -7.003813 0.022543 -2.470412 20.111763 -3.828165 7.302129 35.507065 -20.781256 -9.608251 -1.506576 -10.510652 -17.501953 -11.432455 9.719035 14.332771 6.979352 -21.515499 -21.496471 -17.493017 6.371951 -10.514070 -6.267857 5.926665 -10.099486 4.298444 -23.709507 11.202051 -3.721169 -5.053622
-14.238825 -7.003400 0.019380 -2.476962 20.116226 -3.826881 7.298412 35.500885 -20.775455 -9.605562 -1.505655 -10.511355 -17.504189 -11.430194 9.720595 14.333467 6.982339 -21.514679 -21.493921 -17.495344 6.366561 -10.512011 -6.267528 5.929288 -10.100113 4.300566 -23.711197 11.200422 -3.722821 -5.057869
-14.238825 -7.003400 0.019380 -2.476962 20.116226 -3.826881 7.298412 35.500885 -20.775455 -9.605562 -1.505655 -10.511355 -17.504189 -11.430194 9.720595 14.333467 6.982339 -21.514679 -21.493921 -17.495344 6.366878 -10.511477 -6.267556 5.929633 -10.099764 4.300900 -23.711109 11.200142 -3.722786 -5.058220
-14.238825 -7.003400 0.019380 -2.476962 20.116226 -3.826881 7.298412 35.500885 -20.775455 -9.605562 -1.505655 -10.511355 -17.504189 -11.430194 9.720595 14.333467 6.982339 -21.514679 -21.493921 -17.495344 6.366878 -10.511477 -6.267556 5.929633 -10.099764 4.300900 -23.711109 11.200142 -3.722786 -5.058220
-14.241961 -7.003764 0.017504 -2.481422 20.115681 -3.828844 7.298252 35.499729 -20.773607 -9.605494 -1.504552 -10.512982 -17.504984 -11.430273 9.722795 14.332336 6.984631 -21.513386 -21.494188 -17.498034 6.366656 -10.511387 -6.267277 5.929373 -10.099934 4.301072 -23.711227 11.200003 -3.722756 -5.058168
-14.240512 -7.004806 0.015774 -2.479463 20.115318 -3.831522 7.295711 35.498741 -20.775381 -9.606558 -1.508183 -10.516876 -17.503769 -11.432879 9.716077 14.333519 6.988013 -21.511148 -21.493734 -17.497972 6.367507 -10.508752 -6.268124 5.928293 -10.098626 4.302388 -23.709846 11.200279 -3.722537 -5.057262
-14.231638 -7.012215 0.013025 -2.482093 20.102976 -3.854734 7.299282 35.503765 -20.776592 -9.607044 -1.518207 -10.511769 -17.500177 -11.433684 9.713336 14.327066 6.991335 -21.515162 -21.494280 -17.494457 6.365861 -10.504098 -6.267953 5.926371 -10.088945 4.303542 -23.709356 11.205710 -3.721422 -5.062049
-9.144398 2.320712 2.782931 -6.128514 14.900211 -0.775665 15.563924 28.082458 -26.211170 -12.299996 -3.625921 -9.153296 -11.658570 -13.843211 16.476990 20.561705 -5.281491 -22.992723 -17.177134 -17.582272 6.371125 -8.487874 -6.099119 3.321805 -10.329951 11.933525 -19.457304 11.623403 3.742991 -8.111367
-9.144398 2.320712 2.782931 -6.128514 14.900211 -0.775665 15.563924 28.082458 -26.211170 -12.299996 -3.625921 -9.153296 -11.658570 -13.843211 16.476990 20.561705 -5.281491 -22.992723 -17.177134 -17.582272 6.371125 -8.487874 -6.099119 3.321805 -10.329951 11.933525 -19.457304 11.623403 3.742991 -8.111367
-9.144398 2.320712 2.782931 -6.128514 14.900211 -0.775665 15.563924 28.082458 -26.211170 -12.299996 -3.625921 -9.153296 -11.658570 -13.843211 16.476990 20.561705 -5.281491 -22.992723 -17.177134 -17.582272 6.371125 -8.487874 -6.099119 3.321805 -10.329951 11.933525 -19.457304 11.623403 3.742991 -8.111367
-7.561607 -0.867401 2.113641 -3.469234 13.560906 -5.419206 13.791577 27.782000 -26.275747 -13.595685 -4.583658 -10.068967 -12.366073 -17.379755 11.039961 18.937012 -1.917252 -22.924942 -17.723969 -17.194141 6.015467 -12.412576 -5.189750 3.819572 -12.625632 10.119024 -20.549458 11.816605 2.862962 -6.880739
-7.755262 -0.940141 2.067158 -3.530968 13.794833 -4.976132 13.652855 27.829990 -26.263296 -13.472271 -4.685141 -9.955535 -12.421318 -17.406916 10.995386 18.848381 -1.985635 -22.947750 -17.777643 -17.111027 6.136687 -12.643291 -5.080350 3.920189 -12.876497 10.106132 -20.577879 11.740473 2.915952 -6.834362
-7.761138 -0.928230 2.076870 -3.540102 13.792948 -4.972177 13.671627 27.828192 -26.252518 -13.465479 -4.715864 -9.949347 -12.413238 -17.395813 10.979915 18.862064 -2.009338 -22.935959 -17.775887 -17.131760 6.165235 -12.661103 -5.085470 3.928382 -12.877057 10.145495 -20.603365 11.711733 2.939703 -6.819163
-7.751650 -0.936456 2.063109 -3.537580 13.788648 -4.973742 13.676012 27.817230 -26.258020 -13.466951 -4.714928 -9.949897 -12.413098 -17.393656 10.978133 18.863522 -2.009288 -22.938251 -17.778242 -17.135546 6.167308 -12.660791 -5.086029 3.930311 -12.875531 10.144892 -20.603466 11.710907 2.939439 -6.819883
-7.772275 -0.908235 2.083652 -3.548503 13.814329 -4.898689 13.651646 27.821760 -26.263063 -13.464071 -4.702729 -9.933002 -12.413943 -17.367449 11.030879 18.862404 -2.063273 -22.944073 -17.784487 -17.135103 6.158718 -12.655236 -5.084270 3.932290 -12.875599 10.132110 -20.592516 11.720551 2.932109 -6.827965
-7.762507 -0.918685 2.083871 -3.536889 13.806195 -4.909179 13.641773 27.822586 -26.268280 -13.476049 -4.674335 -9.940836 -12.418008 -17.391264 11.027871 18.841398 -2.004755 -22.948708 -17.782982 -17.123543 6.147798 -12.655376 -5.085209 3.927064 -12.875991 10.118449 -20.586441 11.732574 2.926758 -6.830471
-7.762477 -0.918444 2.083980 -3.537055 13.806178 -4.908972 13.641813 27.822483 -26.268326 -13.476078 -4.674335 -9.940836 -12.418008 -17.391264 11.027871 18.841398 -2.004755 -22.948708 -17.782982 -17.123543 6.147485 -12.655881 -5.085184 3.926715 -12.876332 10.118121 -20.586525 11.732847 2.926730 -6.830125
-7.772258 -0.905857 2.087909 -3.540107 13.816731 -4.891967 13.643844 27.821140 -26.265713 -13.472358 -4.667911 -9.925885 -12.427200 -17.364214 11.068218 18.854084 -2.060889 -22.962891 -17.785324 -17.124685 6.162943 -12.652587 -5.084209 3.933075 -12.873901 10.136085 -20.593094 11.717364 2.933704 -6.827939
-7.772092 -0.905836 2.087898 -3.540051 13.816730 -4.891962 13.643693 27.821159 -26.265781 -13.472374 -4.667450 -9.925894 -12.427371 -17.363914 11.069274 18.854074 -2.060966 -22.963165 -17.785357 -17.123981 6.163062 -12.654428 -5.084196 3.933061 -12.874596 10.136196 -20.593643 11.717684 2.933991 -6.827278
-7.770152 -0.908787 2.085587 -3.539832 13.812308 -4.903024 13.643887 27.820690 -26.266466 -13.472186 -4.703789 -9.929217 -12.411452 -17.365055 11.032375 18.861303 -2.063301 -22.945618 -17.784328 -17.143465 6.159907 -12.656157 -5.084485 3.931155 -12.874751 10.132423 -20.594143 11.720344 2.933383 -6.827941
