-6.115992 -2.371955 0.703046 0.064587 15.855582 -1.595297 15.775671 25.485085 -22.071783 -20.497522 -4.761723 -4.559189 -10.597350 -12.431678 1.782833 12.849989 5.386284 -11.608855 -28.478182 -27.328835 12.547844 -12.229413 -8.810383 4.178195 -9.450548 1.540752 -23.634420 11.994587 -0.399278 -1.803126
-5.324012 -3.668463 0.403651 0.359417 15.291495 -1.848769 15.766878 25.840609 -21.538029 -20.648325 -4.775400 -4.526949 -10.848404 -12.826646 1.955370 12.000205 5.529665 -11.336221 -28.638758 -27.390423 12.834507 -12.529718 -9.031021 4.235974 -9.577693 1.639132 -23.422249 11.911425 0.123858 -2.422994
-4.714146 -6.891572 -0.225086 1.263112 13.911059 -2.918208 15.902461 26.601337 -20.558855 -21.331831 -4.572582 -4.776067 -11.624475 -13.525449 2.322414 10.528044 5.640809 -10.133943 -28.779985 -27.636969 13.208773 -13.288037 -9.427907 4.653941 -9.642803 2.224287 -22.993210 11.744738 1.240423 -4.095727
-3.945478 -9.393991 -0.926709 1.562579 12.942948 -4.282976 15.208419 27.900124 -19.182182 -22.034502 -4.664506 -5.318606 -12.734297 -13.873567 2.781838 9.605622 5.784501 -8.235507 -27.963032 -27.830544 13.102556 -13.658109 -9.598173 5.150409 -10.370984 2.513870 -22.291821 11.365915 2.046621 -5.586296
-1.773991 -10.090544 -1.578147 0.292008 13.189320 -5.249294 13.583212 29.096054 -17.569279 -22.488550 -4.656534 -5.384693 -14.246416 -14.393500 2.480555 9.060009 4.747539 -6.305878 -27.232315 -27.965929 12.473469 -13.685566 -9.712997 5.843541 -11.233285 2.587213 -21.504276 11.061020 2.326645 -7.365881
-0.292579 -6.862093 -1.311055 -2.708755 16.344414 -4.355510 10.392859 29.550070 -15.660630 -21.070667 -5.157240 -4.896211 -15.588102 -14.607337 1.973866 7.954072 3.999658 -4.914807 -26.857252 -27.994114 11.000437 -12.939542 -9.639622 6.014736 -12.707078 1.366990 -20.975965 11.268111 1.361377 -8.302000
1.846812 -2.929303 -0.329226 -4.208871 19.546471 -2.652104 7.914558 29.497478 -14.969735 -19.520399 -6.107625 -4.434412 -16.276112 -14.340467 2.020716 6.291037 3.990746 -3.842788 -26.635393 -28.306913 8.781630 -11.917404 -9.688495 6.147640 -14.122337 0.032846 -20.488869 11.681434 -0.188081 -9.240841
4.093860 -0.904111 1.341027 -4.756280 20.925640 -1.060280 6.657006 29.046047 -13.857930 -18.157574 -7.114685 -4.112927 -16.800722 -13.992562 2.138221 4.961849 4.038139 -2.862858 -26.342318 -28.523088 7.349759 -11.605194 -10.046202 6.558003 -14.498664 -0.592559 -19.896029 11.919114 -0.953678 -9.454587
5.618704 0.789211 2.364923 -4.723656 21.506420 -0.070222 6.115907 28.073242 -13.582606 -17.155226 -7.811802 -3.842862 -17.037323 -13.719776 2.025650 4.021232 3.868086 -2.167975 -26.342958 -28.568130 6.174707 -11.487758 -10.400743 6.476609 -14.602527 -1.062300 -19.474716 12.260309 -1.553314 -8.854874
6.404731 1.762264 3.144513 -4.729281 21.574654 0.144939 6.085622 27.435173 -13.220899 -16.567762 -8.279467 -3.643492 -17.256763 -13.467629 1.939616 3.707609 3.776456 -1.758933 -26.089773 -28.433048 5.106527 -11.413032 -10.808828 6.360611 -14.540059 -1.301781 -19.176483 12.436026 -2.194539 -7.886686
6.237119 1.425696 3.297787 -4.874034 21.287130 0.132470 6.147907 27.654373 -13.095374 -16.907459 -8.145018 -3.638517 -17.489365 -13.422313 1.843546 3.794921 3.675296 -1.656132 -26.013702 -28.501076 5.536513 -11.548214 -10.815186 6.599477 -14.554942 -1.162323 -19.237232 12.271931 -1.901235 -8.375584
2.992914 -1.154439 4.185091 -5.591445 18.977863 -1.821997 7.359888 29.235434 -12.020084 -19.049356 -6.813420 -3.429958 -19.753355 -13.129632 0.670974 5.820378 2.451210 -1.360674 -24.939516 -29.062931 6.939226 -12.627046 -11.709711 7.863694 -14.136834 0.131217 -19.294165 11.164182 -0.720615 -9.337528
-0.130095 -9.463202 5.784522 -5.023033 10.268416 -2.564756 12.927404 27.351231 -11.011954 -23.434298 -4.527925 -2.843005 -23.510618 -12.714385 -1.685170 10.510227 -0.244114 -0.180275 -22.506063 -27.986141 9.238537 -15.755306 -14.066628 10.766315 -10.678508 3.706947 -18.469843 10.052156 1.979038 -8.851256
-1.031361 -9.917593 12.417041 -5.760863 7.844801 4.576166 17.311096 22.356495 -11.293790 -23.605280 -2.900032 0.231793 -26.601427 -14.806571 -4.235383 11.283789 -3.821314 1.337488 -21.788595 -23.145319 6.354085 -16.834644 -17.169975 13.241057 -7.022075 4.307319 -16.714228 10.822170 0.076146 -3.719238
0.849576 -7.409663 16.337845 -5.079324 13.341697 3.927937 14.467501 19.144554 -7.088898 -18.054314 -3.203995 3.739563 -30.719193 -17.861666 -4.837616 8.010833 -5.379417 3.975379 -19.680008 -18.911446 2.231447 -13.629425 -15.661144 14.990127 -9.445549 4.760299 -15.330936 9.315229 -3.347894 -0.429674
4.540220 -10.574638 13.937257 -8.858949 13.723598 2.996630 9.541664 19.087168 -2.931142 -19.530485 -5.406221 7.623438 -36.474846 -15.415243 -5.776313 9.150161 -4.924682 6.391032 -13.505662 -15.281528 0.837930 -12.567842 -15.661715 14.806406 -11.515722 4.926278 -11.332625 10.838376 -2.036916 -1.485370
12.942722 -15.860568 8.261095 -15.986782 13.576106 6.755330 5.220077 18.739870 3.272440 -18.220041 -9.740091 9.021262 -38.304924 -12.238222 -4.512113 9.850700 -3.043820 10.314601 -8.221347 -11.014560 -1.045523 -14.336446 -18.748066 11.505454 -10.844620 3.528989 -6.203215 16.376820 0.660130 0.543523
17.598257 -14.090681 8.610602 -16.570509 15.348869 3.201981 4.655003 15.569648 5.480962 -15.245967 -14.864585 9.382931 -36.506599 -7.905610 -1.229930 10.164804 3.016539 10.330752 -4.892617 -7.979797 -2.738745 -13.519311 -18.733273 9.315860 -13.218417 1.434654 -4.645566 17.596455 0.602422 1.934833
16.656996 -12.338001 9.223308 -15.831142 17.273870 1.129176 4.645526 12.253414 5.864280 -13.362586 -16.857639 8.568857 -35.385677 -5.437699 0.909500 9.438826 7.080983 9.641516 -3.716861 -8.714846 -4.448120 -12.057021 -17.581764 9.019554 -15.328834 0.989664 -4.265355 16.657703 -0.662084 2.728340
16.432270 -11.694563 8.441511 -16.225542 18.209730 -0.678304 4.897019 10.410032 6.177154 -12.137032 -17.800196 8.119308 -34.234303 -4.320383 1.931824 9.597121 8.462419 9.367274 -3.419043 -8.666919 -4.896364 -11.538449 -17.001356 8.467166 -16.017708 0.609889 -3.794881 17.217754 -0.671383 2.498277
16.409029 -11.676629 8.242563 -16.199697 18.291727 -0.878949 4.961624 10.248880 6.051534 -12.092441 -17.905130 8.087719 -34.103027 -4.131047 2.072220 9.621288 8.668112 9.323798 -3.367002 -8.652825 -4.830801 -11.354905 -16.693983 8.563046 -16.078249 0.654139 -3.766365 17.237467 -0.689973 2.434916
16.245432 -11.578403 8.005540 -16.402241 18.304600 -1.159309 5.079690 9.925619 6.009314 -12.066024 -17.984192 8.084694 -33.964607 -4.037002 2.137693 9.631380 8.726546 9.336625 -3.360434 -8.594004 -4.886839 -11.280816 -16.570154 8.755754 -15.967796 0.791912 -3.717260 17.266129 -0.753712 2.368033
16.933344 -11.219884 6.874735 -17.259960 18.646257 -1.843814 4.928009 9.239933 6.038130 -11.920555 -18.099606 8.156952 -33.709988 -4.009891 2.266818 9.598886 8.794568 9.327941 -3.414961 -8.380383 -4.692379 -11.157272 -16.239285 8.655056 -15.871264 0.761745 -3.545735 17.717796 -0.586760 2.502094
17.534657 -10.873608 5.706230 -18.138474 19.198280 -2.691719 4.816659 8.148997 6.030854 -11.612911 -18.286335 8.206819 -33.259499 -3.857208 2.540956 9.627259 9.077573 9.212255 -3.457954 -8.086098 -4.571985 -11.157918 -16.060583 8.029840 -15.529418 0.707152 -3.594560 18.404064 -0.508520 3.001153
18.383936 -10.682099 4.279294 -19.029913 20.031265 -3.308986 4.274578 7.398736 6.254316 -11.109291 -18.386150 8.361737 -32.870884 -3.908283 2.658364 9.743891 9.057119 9.169181 -3.501795 -7.575795 -4.478576 -11.123677 -16.055769 7.138850 -15.132558 0.496774 -3.708002 19.109764 -0.566335 3.941532
18.831625 -10.921036 3.081698 -19.283468 20.884277 -3.739614 3.927282 6.982792 6.289096 -10.682553 -18.492367 8.573708 -32.304428 -3.895779 2.803632 9.932550 9.163045 9.033656 -3.579107 -6.781025 -4.282862 -11.044810 -15.902421 5.655290 -14.983516 -0.004172 -3.966193 20.028763 -0.525287 4.818051
19.544725 -10.983395 1.633799 -19.098223 21.641861 -3.915346 3.709508 6.456463 5.841448 -10.128509 -18.479321 8.825163 -31.800798 -3.916995 2.928827 10.185038 9.287807 8.878023 -3.610933 -5.819407 -4.104039 -10.657805 -15.322372 4.626590 -15.279713 -0.526608 -4.266549 20.540558 -0.591850 5.264925
20.176901 -10.584378 1.044210 -18.469063 22.178627 -3.545782 3.395446 6.570401 5.268782 -9.743537 -18.556023 8.992696 -31.387320 -3.877337 3.091307 10.312967 9.537316 8.562839 -3.603671 -5.341839 -4.033079 -10.530457 -15.119933 3.977007 -15.629791 -0.930383 -4.663575 20.599630 -0.656390 5.363917
20.396156 -10.495304 0.395381 -18.047417 22.528820 -3.352704 3.337383 6.583619 4.742734 -9.478035 -18.687096 9.063732 -31.013317 -3.847142 3.257999 10.316339 9.793635 8.195737 -3.610477 -5.236138 -4.135427 -10.605454 -15.145458 3.752123 -15.902747 -0.959644 -4.932809 20.441807 -0.669185 5.288254
20.539534 -10.341702 0.128748 -17.788332 22.706459 -3.190508 3.322636 6.569850 4.406872 -9.324171 -18.757032 9.032678 -30.850826 -3.854434 3.346075 10.279156 9.948485 7.964234 -3.600493 -5.365906 -4.162119 -10.675447 -15.063574 3.590578 -15.943460 -0.888459 -5.286006 20.278532 -0.715171 5.174136
20.520323 -10.330908 0.073229 -17.751476 22.728079 -3.161206 3.329476 6.591419 4.341011 -9.313368 -18.764639 9.028702 -30.833889 -3.849375 3.351188 10.276707 9.959565 7.948202 -3.601684 -5.376304 -4.160103 -10.689816 -15.059474 3.570242 -15.954712 -0.880696 -5.356364 20.235928 -0.725354 5.133695
20.545555 -10.335266 0.169265 -17.852346 22.679031 -3.090559 3.237247 6.747801 4.448186 -9.414043 -18.742081 9.001959 -30.964058 -3.843387 3.320651 10.207914 9.922812 8.012366 -3.606186 -5.529989 -4.146038 -10.685531 -15.118784 3.664159 -15.945338 -0.902913 -5.317580 20.192247 -0.740902 5.069076
20.452927 -10.353605 0.313955 -18.014872 22.531319 -3.030818 3.199528 7.066869 4.573075 -9.621910 -18.703535 8.934958 -31.160498 -3.850993 3.279935 10.061690 9.870910 8.123778 -3.629004 -5.801921 -4.160857 -10.748097 -15.368179 3.852234 -16.035763 -1.006845 -5.345201 19.941133 -0.801219 4.731374
20.228418 -10.352478 0.627740 -17.983370 22.341711 -2.896490 3.219786 7.688796 4.652709 -9.814011 -18.646229 8.817201 -31.456978 -3.833224 3.158880 10.035758 9.747326 8.266018 -3.614232 -6.181958 -4.166625 -10.868407 -15.646792 4.028798 -16.126610 -1.060541 -5.502819 19.604412 -0.863942 4.261988
20.181292 -10.339332 1.238339 -18.239744 22.054052 -2.602796 3.086979 8.491385 5.004409 -10.195253 -18.627703 8.627723 -31.941467 -3.788735 3.039142 9.883656 9.670987 8.411247 -3.538620 -6.905359 -4.110149 -10.973188 -15.859810 4.280811 -16.155148 -1.064201 -5.696521 19.230894 -0.927357 3.764684
20.332115 -10.512482 2.047302 -18.492929 21.654165 -1.911883 2.900393 9.702716 5.469195 -10.632047 -18.483412 8.412024 -32.608246 -3.731127 2.873663 9.940603 9.533638 8.639088 -3.389548 -7.505311 -3.913205 -11.169995 -16.013861 4.358592 -16.065956 -0.972643 -6.088195 18.926907 -0.875266 3.195584
20.391947 -10.480633 2.718038 -18.341707 21.157248 -1.242131 2.862854 11.041674 5.457469 -11.104239 -18.207397 8.098050 -33.241837 -3.713962 2.683364 10.206029 9.354360 8.720595 -3.196888 -8.217718 -3.655612 -11.603291 -16.402824 4.557065 -15.810613 -0.720754 -6.530988 18.598484 -0.699802 2.485584
10.193085 -1.428606 7.075372 -17.710077 5.525275 -5.196380 19.829819 7.638795 -11.048526 -21.726912 -10.952583 2.160911 -26.021456 -14.568141 -4.934439 3.897186 1.953351 10.608632 -19.486277 -6.828729 5.104608 -4.371814 -12.311657 13.433894 -9.243158 2.928217 -8.499898 13.583951 -1.463642 1.505789
10.012415 -1.748332 7.238499 -16.298552 5.500417 -4.416242 19.651421 9.307455 -11.597275 -21.828018 -9.719936 1.943804 -26.199764 -15.426105 -5.360206 5.021480 1.292103 9.335267 -19.753691 -7.695726 5.924820 -4.963607 -12.208986 13.173680 -8.638494 3.510136 -9.727357 13.285517 -1.094259 0.746062
10.501095 -1.559746 6.988453 -14.965511 5.860922 -4.481051 19.542973 10.209515 -12.392680 -21.773592 -8.306929 1.584755 -26.196152 -15.918137 -5.553719 6.076900 0.919445 8.314493 -19.710218 -8.322500 6.722227 -5.476317 -12.057026 12.904273 -8.007102 3.943864 -11.022677 13.010204 -0.836538 -0.028298
9.209905 -6.044140 7.197459 -10.152386 10.218941 -5.189136 16.698660 13.474980 -8.593056 -19.059427 -7.842471 0.461932 -23.850430 -10.534038 0.089723 9.615107 1.412178 7.693205 -18.470139 -12.888654 8.805223 -9.846947 -11.088742 12.632365 -9.649108 -0.016914 -12.832667 14.093939 -0.734127 -0.216152
9.160637 -5.242317 6.349603 -9.011554 11.624931 -5.176929 16.492584 13.862421 -9.812490 -18.766790 -7.661299 -0.128481 -22.615807 -10.842484 0.586277 9.362016 1.993752 6.906535 -19.131514 -13.909561 9.468412 -9.513212 -10.025301 12.048310 -9.639542 -0.584475 -14.685361 13.844172 -1.667908 -0.417408
7.961071 -4.545104 5.356534 -8.018475 12.554152 -5.725389 16.537783 13.583399 -10.927221 -18.269846 -8.468999 -0.674026 -21.016121 -10.444446 1.696808 8.003822 3.202980 6.604731 -20.391603 -14.488180 10.019265 -8.737451 -8.934231 11.210769 -9.917447 -1.118212 -15.762111 13.881861 -2.240211 -0.570107
6.356115 -4.631577 4.383054 -7.503426 13.072149 -6.053881 16.754534 12.702745 -11.528680 -17.688782 -9.480524 -0.779615 -19.697983 -10.006113 2.484636 6.928914 4.401944 6.235347 -21.269617 -14.510504 10.172404 -7.795742 -7.961596 10.479819 -10.307952 -1.936026 -16.316132 13.944662 -3.049891 -0.063848
4.638865 -5.326923 3.776886 -7.275088 13.224685 -6.278254 17.376862 11.217589 -12.132707 -17.460266 -10.590120 -0.660511 -18.483517 -9.420494 3.037759 6.524796 5.552090 5.864798 -21.486185 -13.814960 10.334763 -7.053570 -7.126943 9.744683 -10.700149 -2.567330 -16.743183 13.963887 -3.609795 0.549895
2.764243 -6.333973 3.483486 -7.187740 12.738229 -6.432960 18.221277 9.507032 -12.594702 -17.655031 -11.587601 -0.572567 -17.003025 -8.773927 3.745989 6.706627 6.713451 5.112144 -21.609713 -13.064148 10.305014 -6.617995 -6.612813 9.194037 -11.053173 -2.888415 -16.938660 13.928991 -3.929108 1.291357
0.980148 -7.345967 3.501823 -6.887948 12.233514 -6.545956 19.063751 7.997537 -12.932769 -17.792418 -12.427517 -0.367712 -15.948213 -8.214971 4.282876 6.803198 7.585434 4.667125 -21.493464 -12.197215 10.264788 -6.371708 -6.198447 8.715413 -11.378541 -2.955644 -17.023357 13.881627 -4.020985 2.198541
-0.082628 -7.516789 3.046423 -6.662491 12.305173 -6.573806 19.376080 7.026745 -13.400978 -17.648701 -12.876249 -0.205199 -15.274849 -7.942637 4.652782 6.812044 8.168815 4.348734 -21.423403 -11.600582 10.373253 -6.168286 -5.639998 8.069173 -11.695418 -2.934238 -17.216927 13.850637 -3.990072 3.267091
-0.960807 -7.484753 2.352013 -6.486602 12.475533 -6.575019 19.523827 6.168033 -13.900412 -17.431429 -13.151242 -0.062828 -14.527285 -7.827826 4.962352 6.929978 8.706427 3.811058 -21.497576 -11.046539 10.587906 -5.979866 -5.063318 7.532978 -11.921964 -2.848609 -17.427063 13.852398 -3.907196 4.170933
-1.324933 -7.403575 1.892291 -6.448282 12.679278 -6.644864 19.568701 5.713080 -14.201240 -17.287262 -13.263180 -0.007211 -13.999112 -7.785392 5.183875 6.972983 9.078772 3.368840 -21.567739 -10.791121 10.678440 -5.897268 -4.832538 7.313418 -12.037885 -2.836021 -17.512218 13.853638 -3.877254 4.533983
