8.098077 -3.747686 8.006330 -11.335091 9.884115 -11.190176 19.613699 8.370850 -14.407010 -5.442738 -11.719713 -2.887999 -17.163635 -21.552614 15.372336 8.503738 -4.617456 -1.290672 -10.017694 10.893935 4.711765 -4.902052 1.497796 8.852746 -17.893658 6.280682 -7.172082 17.618790 3.863110 -2.694233
8.225015 -3.731643 8.096999 -11.207107 9.907615 -11.172279 19.797571 8.285686 -14.415784 -5.322621 -11.619110 -2.955694 -17.086746 -21.662418 15.423795 8.565156 -4.775597 -1.192653 -10.060497 11.078196 4.742059 -4.839568 1.578606 8.835271 -17.869652 6.289580 -7.235842 17.620644 3.827349 -2.783917
8.502323 -3.683861 8.272983 -10.977467 9.975783 -11.131187 20.074322 8.136756 -14.443414 -5.111815 -11.566702 -2.984124 -16.854780 -21.688332 15.551718 8.703443 -4.803300 -1.286995 -10.121567 11.334658 4.821288 -4.743379 1.717663 8.837794 -17.770390 6.338155 -7.347743 17.650272 3.785957 -2.939709
8.852103 -3.548141 8.483053 -10.750071 10.119292 -11.078797 20.263157 7.910312 -14.477307 -4.838151 -11.544168 -3.003713 -16.480862 -21.700649 15.723291 8.903355 -4.835524 -1.394738 -10.197465 11.722453 4.952703 -4.592294 1.887032 8.867503 -17.673765 6.421509 -7.478249 17.619438 3.733145 -3.141564
9.342821 -3.319444 8.767587 -10.476519 10.326396 -10.993097 20.490318 7.602397 -14.511600 -4.457578 -11.447817 -3.166213 -16.061934 -21.876163 15.912471 9.023271 -4.914333 -1.340271 -10.305233 12.228271 5.081963 -4.429383 2.095854 8.857342 -17.659145 6.459421 -7.631624 17.582901 3.650098 -3.332728
9.969059 -3.106922 9.225578 -10.113909 10.510388 -10.749703 20.659760 7.169455 -14.556385 -4.080817 -11.456966 -3.299953 -15.552291 -21.905386 16.056580 9.215550 -4.743059 -1.460171 -10.379392 12.765615 5.242898 -4.167375 2.396991 8.840216 -17.659134 6.500940 -7.843620 17.496477 3.514453 -3.577700
10.735379 -2.939440 9.610230 -9.728953 10.705455 -10.475981 20.805973 6.586721 -14.604712 -3.740333 -11.497518 -3.326992 -14.953094 -21.967680 16.137245 9.549993 -4.731439 -1.537582 -10.396047 13.529894 5.399047 -3.828527 2.755786 8.767114 -17.698006 6.549052 -8.022422 17.378389 3.370026 -3.752859
11.335050 -2.638003 9.826286 -9.409335 11.055606 -10.170007 20.735796 5.903462 -14.685675 -3.461484 -11.595858 -3.339423 -14.369069 -22.017975 16.103052 9.973251 -4.771889 -1.587804 -10.390512 14.396046 5.559414 -3.418109 3.087942 8.696269 -17.813438 6.530562 -8.112781 17.192104 3.191273 -3.952133
11.665716 -2.208875 9.723821 -9.149116 11.615481 -10.018261 20.397560 5.154861 -14.803613 -3.206732 -11.771185 -3.434901 -13.596316 -22.189474 16.154461 10.298454 -4.941849 -1.540632 -10.494496 15.386168 5.639647 -2.956225 3.488105 8.474145 -18.009068 6.432004 -8.184655 17.054844 2.987536 -3.987572
11.594825 -2.006051 9.391714 -9.049690 12.071167 -10.026597 20.226158 4.453577 -14.896192 -2.968291 -11.998415 -3.525654 -12.843537 -22.283680 16.275423 10.427190 -4.896612 -1.710514 -10.695871 15.894291 5.747593 -2.418289 3.801674 8.221474 -18.251362 6.315919 -8.221958 16.866112 2.798723 -4.058910
11.396461 -1.932650 9.082549 -8.920389 12.424670 -10.066093 20.177261 3.840197 -15.018271 -2.736017 -12.332148 -3.631235 -12.111277 -22.256954 16.408447 10.480762 -4.582486 -2.158507 -10.918153 16.016325 5.817421 -1.941415 4.008154 7.980278 -18.533550 6.222431 -8.249037 16.701069 2.638604 -4.070556
10.971390 -1.813372 8.827723 -8.839836 12.799098 -9.985004 20.076633 3.340673 -15.240314 -2.618285 -12.822916 -3.716968 -11.378196 -22.001911 16.709587 10.235964 -3.730435 -2.829474 -11.155101 15.538361 5.834033 -1.487421 4.196992 7.703765 -18.845406 6.092704 -8.229138 16.575777 2.463588 -3.983060
10.557315 -1.658840 8.684125 -8.695118 13.111330 -9.855969 19.997536 2.832342 -15.457812 -2.504820 -13.355458 -3.629878 -10.831914 -21.506237 16.918802 10.118726 -2.849123 -3.583784 -11.321307 14.892828 5.797735 -1.097759 4.309895 7.357181 -19.225876 5.915315 -8.206791 16.475397 2.296154 -3.734447
10.088423 -1.548206 8.563037 -8.587223 13.427320 -9.612455 19.922039 2.356947 -15.687539 -2.438728 -13.740099 -3.635337 -10.310881 -21.188250 17.234127 9.929621 -1.908426 -4.227965 -11.554227 14.378575 5.819998 -0.697479 4.380854 7.186293 -19.504099 5.771438 -8.142594 16.300734 2.146035 -3.688285
9.629983 -1.510846 8.336157 -8.566614 13.739625 -9.400961 19.742573 1.881458 -15.910220 -2.427785 -14.046155 -3.565150 -9.743428 -20.872606 17.525904 9.823322 -1.077926 -4.901590 -11.730859 14.015707 5.816381 -0.339565 4.462429 7.011456 -19.855511 5.595376 -8.062778 16.138794 2.011709 -3.562093
9.209077 -1.452538 8.064291 -8.572077 14.039019 -9.237645 19.501644 1.560600 -16.140738 -2.475650 -14.298635 -3.522660 -9.331977 -20.623070 17.716166 9.704241 -0.401177 -5.377311 -11.845926 13.742355 5.818970 -0.067156 4.510353 6.887035 -20.080036 5.482420 -7.989960 16.018063 1.921121 -3.435630
8.944885 -1.406056 7.817667 -8.581562 14.312430 -9.062841 19.289978 1.318738 -16.313242 -2.485790 -14.473405 -3.489075 -9.034903 -20.440794 17.878601 9.630785 0.113519 -5.723031 -11.922539 13.559837 5.823367 0.140844 4.511076 6.772002 -20.241692 5.377309 -7.938047 15.927458 1.857907 -3.354889
8.733118 -1.423621 7.636206 -8.611989 14.457776 -8.946583 19.158129 1.104307 -16.408810 -2.524013 -14.571575 -3.395817 -8.828757 -20.265095 18.006556 9.678535 0.466652 -6.043453 -11.944039 13.544426 5.815823 0.316598 4.520399 6.705531 -20.391487 5.285740 -7.878743 15.849169 1.798815 -3.277570
8.589650 -1.416556 7.510771 -8.629591 14.559005 -8.894617 19.091770 1.004878 -16.478661 -2.530708 -14.643611 -3.375104 -8.673636 -20.170265 18.093586 9.658173 0.722451 -6.204276 -11.967965 13.512228 5.813285 0.467137 4.519692 6.660245 -20.506142 5.209788 -7.828159 15.778034 1.746063 -3.270113
8.574240 -1.401935 7.463971 -8.610417 14.608861 -8.864811 19.084139 0.953417 -16.513351 -2.503387 -14.661396 -3.371246 -8.613292 -20.154186 18.136494 9.631109 0.837416 -6.258300 -11.979301 13.493553 5.832450 0.542789 4.529681 6.648163 -20.546688 5.180690 -7.806746 15.742876 1.721175 -3.270771
8.479056 -1.423100 7.327114 -8.653820 14.696956 -8.821276 19.045162 0.803296 -16.551748 -2.481748 -14.763103 -3.354137 -8.459318 -20.098801 18.194427 9.584076 1.018068 -6.295074 -11.989766 13.502831 5.829568 0.630410 4.538097 6.599627 -20.630459 5.129570 -7.770844 15.708599 1.691416 -3.209057
8.176680 -1.476634 6.921238 -8.724053 14.915498 -8.796732 19.042042 0.383279 -16.717991 -2.374752 -15.061514 -3.365196 -8.019662 -19.990002 18.288527 9.449274 1.518845 -6.343327 -12.027999 13.553322 5.844167 0.867001 4.557890 6.503519 -20.788033 5.053777 -7.694686 15.602254 1.625931 -3.103551
7.698767 -1.524154 6.066947 -8.857785 15.333071 -8.766947 18.937462 -0.403656 -17.046940 -2.176716 -15.469994 -3.327204 -7.323263 -19.739161 18.551001 9.315191 2.326727 -6.585767 -12.050835 13.741666 5.880530 1.360607 4.495125 6.310318 -21.133978 4.857938 -7.454548 15.381939 1.521849 -2.797364
7.142332 -1.478575 4.776833 -9.133414 15.971179 -8.741790 18.792107 -1.133927 -17.415878 -1.851980 -15.979435 -3.165411 -6.543718 -19.275951 18.983795 9.175520 3.301759 -6.949815 -12.020639 14.077783 5.932659 1.701367 4.416490 6.109750 -21.434093 4.713323 -7.308947 15.186675 1.469170 -2.466249
6.429389 -1.269899 3.258654 -9.693703 16.832699 -9.045032 18.140240 -1.808400 -17.673512 -1.681503 -16.633257 -2.810103 -6.067082 -18.444260 19.354383 9.063986 4.484597 -7.340631 -11.789186 14.236929 5.977000 2.188855 4.388121 5.775653 -21.947754 4.473644 -7.052364 14.956463 1.395738 -1.908208
5.220934 -1.054718 2.051853 -10.151233 17.437504 -10.340149 17.604321 -2.271900 -17.746410 -1.726682 -17.724163 -2.205033 -5.556304 -17.271507 19.613403 8.921963 5.979641 -7.745929 -11.472665 14.485733 6.011563 2.670279 4.195516 5.302894 -22.428713 4.291118 -6.889116 14.682686 1.403582 -1.287724
4.321819 -0.750896 0.447433 -10.348092 18.230717 -11.794945 16.728064 -2.879404 -18.111355 -1.915177 -19.189306 -1.207236 -5.103611 -15.887834 19.830505 8.760996 7.104420 -8.091393 -11.168641 14.734755 5.790901 3.033130 4.044940 4.762870 -23.071129 4.033613 -6.684477 14.508547 1.422361 -0.597177
3.260295 -0.794718 -0.627482 -10.264685 18.550503 -14.182364 15.842928 -3.921752 -18.253483 -2.461963 -20.828156 -0.228370 -5.247468 -14.440518 19.382925 8.956604 8.165007 -8.462840 -10.708762 15.214396 5.694456 3.511558 4.217535 4.289171 -23.930889 4.075255 -6.858412 13.938007 1.594512 0.091903
1.091076 1.306042 -2.627213 -12.730528 20.195099 -20.051497 15.561659 -5.899409 -16.714260 -1.268172 -23.362837 0.124938 -4.785118 -14.449140 16.973988 8.833319 9.917449 -7.585219 -10.204022 15.838439 5.382539 3.737763 4.446529 3.628971 -25.674007 4.258659 -7.787087 12.492125 2.000262 1.052289
-0.476764 4.197428 -4.357064 -15.029559 22.690769 -24.240999 14.433699 -7.694367 -15.020937 -0.403771 -25.706995 0.447996 -4.883202 -14.407514 14.205626 9.069279 11.378528 -6.648404 -9.363534 16.900278 4.821938 4.199838 4.355423 2.954883 -26.977844 4.202320 -7.940872 11.494720 2.140195 2.147598
-0.924301 4.579447 -5.132864 -16.081554 23.611755 -25.362185 12.859306 -8.315277 -13.891361 -1.442069 -27.920448 1.677496 -5.580392 -13.996599 11.887882 8.887756 12.197497 -5.500381 -8.487370 17.135260 4.314098 4.782705 3.475983 2.129582 -28.063972 4.131035 -7.731499 10.564146 2.212409 2.816801
-0.853302 4.956879 -4.513212 -16.491161 23.964903 -25.647890 10.837054 -8.954037 -12.702018 -3.099683 -30.139786 2.534239 -6.001081 -13.843682 8.922046 8.873738 12.965408 -4.628920 -7.963325 16.882935 4.064362 5.061148 2.164587 1.365949 -28.922733 4.080272 -7.682408 9.456104 2.421111 3.134232
-0.276560 4.726572 -3.716278 -16.231039 24.038055 -23.556768 8.052361 -8.800714 -11.812598 -6.135168 -32.189995 3.338133 -7.086982 -13.373998 6.246444 8.513685 13.217268 -3.531976 -7.449004 16.157238 3.401256 4.492537 0.369811 0.474397 -29.494965 3.707512 -8.132108 8.970284 2.593789 2.598969
0.143961 4.754680 -4.026316 -17.003500 24.805531 -22.540945 5.701162 -8.542734 -11.214541 -8.139556 -34.118076 4.086294 -8.481149 -13.005461 3.643378 8.347801 12.357287 -2.007393 -6.789573 15.444504 2.613149 3.948695 -1.266673 -0.460686 -29.643208 3.424456 -8.555054 8.837381 2.790024 2.451526
0.308876 4.831362 -4.004460 -17.850998 24.821835 -22.667294 4.017620 -8.163200 -10.433203 -9.488813 -35.551430 4.858899 -9.803605 -12.240479 2.068188 8.016031 11.964668 -1.089794 -6.228003 14.771981 2.102060 3.565425 -2.975205 -1.499954 -29.448910 3.178988 -8.755535 8.926550 3.016963 2.436221
0.161576 5.170040 -3.503577 -18.815722 24.853298 -22.961941 3.059914 -7.899670 -9.413058 -10.547092 -36.651554 5.401217 -10.608556 -11.719911 1.247303 7.364759 11.705482 0.041030 -5.784418 14.246084 1.573452 3.014148 -4.305185 -2.501873 -29.244720 2.929962 -8.504018 9.351698 3.336682 3.209223
0.162955 5.220273 -2.722694 -19.234377 24.526653 -22.907574 2.192966 -7.683407 -8.550371 -11.635095 -37.443462 5.762809 -11.455601 -11.142419 0.668333 6.777548 11.681485 0.893452 -5.342018 14.007391 1.076127 2.564373 -5.457828 -3.282406 -28.794992 2.732023 -8.207187 9.928131 3.569958 3.604280
-0.012267 5.103249 -1.802614 -19.082743 24.197739 -22.789700 1.407845 -7.519145 -8.029681 -12.431215 -37.798409 5.952239 -12.225005 -10.738305 0.373063 6.307226 11.798926 1.479929 -5.028199 13.818380 0.899078 1.989483 -6.414293 -3.867085 -28.535719 2.642217 -8.017509 10.252180 3.788961 3.666627
0.351731 4.775908 -1.434647 -18.941355 23.807272 -22.949095 0.943023 -7.331919 -7.664104 -13.058302 -37.968079 6.010077 -12.787053 -10.585275 0.155112 5.902478 11.830945 2.082695 -4.838271 13.763882 0.656224 1.829017 -7.023010 -4.156188 -28.214672 2.595754 -7.712813 10.569372 3.879410 3.806932
0.494091 4.631457 -1.296251 -18.866697 23.649920 -22.921928 0.719730 -7.227894 -7.561375 -13.350534 -37.991116 5.995636 -12.982273 -10.527250 0.109328 5.739337 11.827248 2.274249 -4.810369 13.666483 0.590567 1.816789 -7.327099 -4.309903 -28.098606 2.577004 -7.590353 10.654476 3.915241 3.875464
0.414268 4.676193 -1.376728 -18.949190 23.707291 -22.939262 0.802630 -7.315439 -7.578176 -13.217875 -38.001575 6.025538 -12.900395 -10.515547 0.122979 5.813482 11.836637 2.176826 -4.811754 13.724183 0.598220 1.824342 -7.197124 -4.258453 -28.155844 2.579584 -7.637810 10.621359 3.899690 3.854307
0.283886 4.797886 -1.518761 -18.968660 23.880363 -22.869774 0.896850 -7.504216 -7.707626 -13.039211 -37.990620 6.058410 -12.690087 -10.529866 0.185466 6.028008 11.858448 1.963961 -4.812879 13.833952 0.673591 1.954977 -7.026700 -4.227232 -28.301056 2.566936 -7.696205 10.500466 3.861156 3.897571
-0.054203 4.965940 -1.714975 -19.178158 24.094898 -22.718168 1.118688 -7.760333 -7.878925 -12.670293 -37.985706 6.101565 -12.358168 -10.528478 0.294993 6.291403 11.843474 1.621488 -4.876030 13.916486 0.784747 2.015774 -6.689559 -4.130161 -28.574776 2.569103 -7.792758 10.324925 3.795012 3.936868
-0.278524 5.136818 -2.045656 -19.274752 24.398233 -22.784313 1.310555 -8.133156 -8.079172 -12.401525 -37.851982 6.110205 -12.037724 -10.582365 0.404493 6.658099 11.867200 1.197278 -4.932003 14.046371 0.885431 2.331906 -6.314542 -3.934616 -28.801210 2.601892 -7.859371 10.073197 3.718138 3.972398
-0.330905 5.221670 -2.470982 -19.367990 24.634930 -22.782053 1.580231 -8.393227 -8.345368 -12.132379 -37.717361 6.063795 -11.627663 -10.693002 0.582887 6.996632 11.899627 0.849273 -5.014195 14.265512 0.962518 2.746294 -5.881406 -3.658818 -28.976336 2.614356 -7.861628 9.889863 3.581673 3.971652
0.002656 5.118577 -2.977555 -19.239340 24.731014 -22.795568 2.027129 -8.584702 -8.793014 -11.652737 -37.504150 6.044302 -11.218106 -10.750890 0.793090 7.502663 12.014837 0.226232 -5.093820 14.382138 1.072108 3.075816 -5.195906 -3.234656 -29.336575 2.567134 -7.880712 9.675523 3.369555 3.941524
0.262362 5.119604 -3.560509 -18.970039 25.019888 -22.769329 2.370265 -8.934366 -9.332464 -11.073363 -37.197315 5.933086 -10.838096 -10.924994 0.945284 7.943996 12.267843 -0.390369 -5.221126 14.514223 1.289012 3.578520 -4.745391 -2.838876 -29.552719 2.602886 -7.972393 9.284581 3.176197 3.603495
0.378417 4.971590 -4.027687 -18.532862 25.225891 -22.885643 2.717338 -9.196150 -9.809392 -10.643497 -36.733555 5.731238 -10.275195 -11.191840 1.318246 8.420872 12.571934 -1.149233 -5.427149 14.724286 1.434151 3.853824 -4.240356 -2.461112 -29.821909 2.605337 -8.029741 9.037483 2.953778 3.350144
0.467238 4.911183 -4.005493 -18.029572 25.417786 -22.759815 3.087260 -9.473763 -10.032284 -10.298135 -36.339619 5.497815 -9.817262 -11.506836 1.509101 8.872946 12.825877 -1.731513 -5.566998 15.060365 1.482458 4.381443 -3.670237 -1.957354 -30.116360 2.562137 -8.041893 8.769832 2.600077 2.727233
-0.016750 4.919343 -3.512405 -17.189936 25.533100 -22.444086 3.773493 -9.918205 -10.445211 -10.001822 -35.990311 5.279469 -9.089412 -11.824334 1.912405 9.254588 13.167113 -2.297938 -5.744723 15.500877 1.634819 4.759232 -2.958351 -1.511147 -30.345840 2.450997 -8.082079 8.662478 2.302033 2.341047
-0.476317 5.020859 -3.225877 -16.589354 25.657928 -22.601318 4.353239 -10.226929 -10.916932 -9.597032 -35.648609 4.971659 -8.184941 -12.227070 2.557516 9.362407 13.618654 -2.687153 -5.990984 15.847524 1.893829 5.375835 -2.194578 -1.134904 -30.366951 2.527524 -8.104974 8.591333 2.154768 2.230677
-0.833461 5.090076 -2.860547 -16.069086 25.852291 -22.492323 5.003840 -10.571327 -11.143679 -9.237728 -35.040707 4.647770 -7.349989 -12.494996 3.588847 9.395789 14.204610 -3.362396 -6.245201 16.105520 1.926600 5.454203 -1.275270 -0.575479 -30.478899 2.549008 -8.123089 8.756668 2.047876 2.315833
-0.819599 5.122537 -2.972464 -15.809679 25.872349 -22.714796 5.977637 -11.000783 -11.273644 -8.457220 -34.340954 4.184943 -6.686896 -12.862084 4.374591 9.503557 14.690252 -4.062412 -6.538333 16.262630 2.091522 5.507016 -0.382984 -0.152816 -30.593185 2.527573 -8.256725 8.836256 1.942398 2.409550
-1.007925 5.263604 -3.441573 -15.521061 26.032681 -23.012188 6.935383 -11.258324 -11.639005 -7.524098 -33.656616 3.692345 -5.826176 -13.087602 5.521065 9.438126 15.405589 -4.760395 -6.915237 16.357174 2.142547 5.753797 0.462849 0.332189 -30.556194 2.600343 -8.291917 8.912434 1.822139 2.486588
-1.602219 4.962501 -4.324102 -15.486999 25.997204 -23.524469 8.054627 -11.564391 -12.084069 -6.644282 -32.886711 3.142141 -5.294023 -13.302184 6.527432 9.331216 16.170635 -5.407919 -7.178680 16.389059 2.258185 5.712399 1.188927 0.622978 -30.713104 2.693854 -8.371563 8.868425 1.761834 2.776687
-2.290210 4.781895 -5.275989 -15.568626 26.071285 -24.164202 9.003787 -11.819044 -12.650616 -5.733670 -32.308914 2.706115 -4.927322 -13.414826 7.366632 9.157091 16.827179 -5.876025 -7.337493 16.454563 2.392104 5.797872 1.758596 0.891421 -30.608198 2.766202 -8.448155 8.930610 1.715759 2.928058
-2.774873 4.830736 -6.012206 -15.832252 26.250824 -24.713743 9.625675 -11.898808 -12.920594 -4.976510 -31.959015 2.294953 -4.615238 -13.500295 8.021791 8.952019 17.330069 -6.102064 -7.447530 16.575462 2.564804 5.643738 2.282760 1.117829 -30.686707 2.803025 -8.553272 8.904041 1.686751 3.046357
-2.917873 4.759894 -6.371326 -15.771275 26.260529 -24.969677 10.076991 -11.927835 -13.136765 -4.580192 -31.595310 1.993423 -4.473088 -13.652805 8.428160 8.831924 17.517035 -6.258346 -7.543308 16.577927 2.636706 5.683940 2.634101 1.267017 -30.664761 2.798587 -8.618528 8.929203 1.614188 3.027651
-2.882428 4.744367 -6.606493 -15.733826 26.287172 -25.135998 10.384013 -11.969061 -13.231535 -4.264684 -31.363667 1.777611 -4.339818 -13.758726 8.710100 8.745157 17.575401 -6.360008 -7.630763 16.578547 2.709024 5.771590 2.867467 1.399911 -30.651094 2.786808 -8.626437 8.928593 1.559024 2.958246
-2.837718 4.730397 -6.593341 -15.715399 26.234722 -25.191921 10.502027 -11.977373 -13.229224 -4.169656 -31.307152 1.730417 -4.319418 -13.785786 8.763316 8.717335 17.590197 -6.377260 -7.655097 16.537632 2.703305 5.748658 2.913865 1.400103 -30.658375 2.785010 -8.624640 8.957738 1.550743 2.989624
-2.837718 4.730397 -6.593341 -15.715399 26.234722 -25.191921 10.502027 -11.977373 -13.229224 -4.169656 -31.307152 1.730417 -4.319418 -13.785786 8.763316 8.717335 17.590197 -6.377260 -7.655097 16.537632 2.703305 5.748658 2.913865 1.400103 -30.658375 2.785010 -8.624640 8.957738 1.550743 2.989624
-2.837718 4.730397 -6.593341 -15.715399 26.234722 -25.191921 10.502027 -11.977373 -13.229224 -4.169656 -31.307152 1.730417 -4.319418 -13.785786 8.763316 8.717335 17.590197 -6.377260 -7.655097 16.537632 2.703305 5.748658 2.913865 1.400103 -30.658375 2.785010 -8.624640 8.957738 1.550743 2.989624
-2.837718 4.730397 -6.593341 -15.715399 26.234722 -25.191921 10.502027 -11.977373 -13.229224 -4.169656 -31.307152 1.730417 -4.319418 -13.785786 8.763316 8.717335 17.590197 -6.377260 -7.655097 16.537632 2.703305 5.748658 2.913865 1.400103 -30.658375 2.785010 -8.624640 8.957738 1.550743 2.989624
-2.837718 4.730397 -6.593341 -15.715399 26.234722 -25.191921 10.502027 -11.977373 -13.229224 -4.169656 -31.307152 1.730417 -4.319418 -13.785786 8.763316 8.717335 17.590197 -6.377260 -7.655097 16.537632 2.703305 5.748658 2.913865 1.400103 -30.658375 2.785010 -8.624640 8.957738 1.550743 2.989624
-2.837718 4.730397 -6.593341 -15.715399 26.234722 -25.191921 10.502027 -11.977373 -13.229224 -4.169656 -31.307152 1.730417 -4.319418 -13.785786 8.763316 8.717335 17.590197 -6.377260 -7.655097 16.537632 2.703305 5.748658 2.913865 1.400103 -30.658375 2.785010 -8.624640 8.957738 1.550743 2.989624
-2.837718 4.730397 -6.593341 -15.715399 26.234722 -25.191921 10.502027 -11.977373 -13.229224 -4.169656 -31.307152 1.730417 -4.319418 -13.785786 8.763316 8.717335 17.590197 -6.377260 -7.655097 16.537632 2.703305 5.748658 2.913865 1.400103 -30.658375 2.785010 -8.624640 8.957738 1.550743 2.989624
-2.837718 4.730397 -6.593341 -15.715399 26.234722 -25.191921 10.502027 -11.977373 -13.229224 -4.169656 -31.307152 1.730417 -4.319418 -13.785786 8.763316 8.717335 17.590197 -6.377260 -7.655097 16.537632 2.703305 5.748658 2.913865 1.400103 -30.658375 2.785010 -8.624640 8.957738 1.550743 2.989624
-2.837718 4.730397 -6.593341 -15.715399 26.234722 -25.191921 10.502027 -11.977373 -13.229224 -4.169656 -31.307152 1.730417 -4.319418 -13.785786 8.763316 8.717335 17.590197 -6.377260 -7.655097 16.537632 2.703305 5.748658 2.913865 1.400103 -30.658375 2.785010 -8.624640 8.957738 1.550743 2.989624
-2.837718 4.730397 -6.593341 -15.715399 26.234722 -25.191921 10.502027 -11.977373 -13.229224 -4.169656 -31.307152 1.730417 -4.319418 -13.785786 8.763316 8.717335 17.590197 -6.377260 -7.655097 16.537632 2.703305 5.748658 2.913865 1.400103 -30.658375 2.785010 -8.624640 8.957738 1.550743 2.989624
-2.837718 4.730397 -6.593341 -15.715399 26.234722 -25.191921 10.502027 -11.977373 -13.229224 -4.169656 -31.307152 1.730417 -4.319418 -13.785786 8.763316 8.717335 17.590197 -6.377260 -7.655097 16.537632 2.703305 5.748658 2.913865 1.400103 -30.658375 2.785010 -8.624640 8.957738 1.550743 2.989624
-2.837718 4.730397 -6.593341 -15.715399 26.234722 -25.191921 10.502027 -11.977373 -13.229224 -4.169656 -31.307152 1.730417 -4.319418 -13.785786 8.763316 8.717335 17.590197 -6.377260 -7.655097 16.537632 2.703305 5.748658 2.913865 1.400103 -30.658375 2.785010 -8.624640 8.957738 1.550743 2.989624
-2.837718 4.730397 -6.593341 -15.715399 26.234722 -25.191921 10.502027 -11.977373 -13.229224 -4.169656 -31.307152 1.730417 -4.319418 -13.785786 8.763316 8.717335 17.590197 -6.377260 -7.655097 16.537632 2.703305 5.748658 2.913865 1.400103 -30.658375 2.785010 -8.624640 8.957738 1.550743 2.989624
-2.837718 4.730397 -6.593341 -15.715399 26.234722 -25.191921 10.502027 -11.977373 -13.229224 -4.169656 -31.307152 1.730417 -4.319418 -13.785786 8.763316 8.717335 17.590197 -6.377260 -7.655097 16.537632 2.703305 5.748658 2.913865 1.400103 -30.658375 2.785010 -8.624640 8.957738 1.550743 2.989624
-2.837718 4.730397 -6.593341 -15.715399 26.234722 -25.191921 10.502027 -11.977373 -13.229224 -4.169656 -31.307152 1.730417 -4.319418 -13.785786 8.763316 8.717335 17.590197 -6.377260 -7.655097 16.537632 2.703305 5.748658 2.913865 1.400103 -30.658375 2.785010 -8.624640 8.957738 1.550743 2.989624
-1.464515 10.171634 -7.522674 -20.431692 21.775253 -15.639674 14.605797 -13.597340 -20.842171 -7.456449 -28.047365 5.079285 -5.142780 -5.136754 23.322123 12.965677 8.775994 -9.431297 -4.793926 18.129803 3.830641 10.771928 1.798423 2.151276 -26.221085 7.140072 -1.819846 10.107874 2.183320 1.945852
-1.464515 10.171634 -7.522674 -20.431692 21.775253 -15.639674 14.605797 -13.597340 -20.842171 -7.456449 -28.047365 5.079285 -5.142780 -5.136754 23.322123 12.965677 8.775994 -9.431297 -4.793926 18.129803 3.830641 10.771928 1.798423 2.151276 -26.221085 7.140072 -1.819846 10.107874 2.183320 1.945852
-1.464515 10.171634 -7.522674 -20.431692 21.775253 -15.639674 14.605797 -13.597340 -20.842171 -7.456449 -28.047365 5.079285 -5.142780 -5.136754 23.322123 12.965677 8.775994 -9.431297 -4.793926 18.129803 3.830641 10.771928 1.798423 2.151276 -26.221085 7.140072 -1.819846 10.107874 2.183320 1.945852
-1.464515 10.171634 -7.522674 -20.431692 21.775253 -15.639674 14.605797 -13.597340 -20.842171 -7.456449 -28.047365 5.079285 -5.142780 -5.136754 23.322123 12.965677 8.775994 -9.431297 -4.793926 18.129803 3.830641 10.771928 1.798423 2.151276 -26.221085 7.140072 -1.819846 10.107874 2.183320 1.945852
-1.464515 10.171634 -7.522674 -20.431692 21.775253 -15.639674 14.605797 -13.597340 -20.842171 -7.456449 -28.047365 5.079285 -5.142780 -5.136754 23.322123 12.965677 8.775994 -9.431297 -4.793926 18.129803 3.830641 10.771928 1.798423 2.151276 -26.221085 7.140072 -1.819846 10.107874 2.183320 1.945852
-2.460873 4.465964 -8.062474 -16.650175 24.498060 -17.305414 11.371557 -11.070692 -17.693687 -4.638244 -27.447079 4.728243 -6.371373 -8.932881 18.921600 9.843750 11.030502 -8.204581 -7.144035 19.656811 4.796791 9.110351 1.968132 1.728519 -27.392006 5.135406 -3.875116 9.730326 1.590720 2.672999
-2.814654 2.909284 -8.097405 -15.581520 25.266705 -17.591585 10.681457 -10.515833 -16.674158 -3.833592 -27.092335 5.332797 -6.744736 -9.842124 18.395386 8.592567 11.202844 -8.285379 -8.057078 20.057974 5.212227 9.191450 1.721332 1.852316 -27.120737 4.347924 -4.260498 9.570658 1.178139 2.868915
-2.861197 2.593735 -8.093726 -15.510036 25.501501 -17.062510 10.493542 -10.438319 -16.614439 -3.609323 -27.140011 5.414552 -6.804520 -9.755564 18.323578 8.612688 11.252336 -8.287484 -8.085793 20.007948 5.495564 9.186109 1.896871 1.815929 -27.237240 4.250663 -4.337343 9.548113 1.216293 2.914466
-2.942322 2.736811 -8.124588 -15.692821 25.504045 -17.080780 10.589525 -10.460648 -16.606762 -3.553642 -27.185843 5.425297 -6.765564 -9.727418 18.374352 8.630236 11.161105 -8.310409 -8.093434 20.041996 5.510695 9.175705 1.901830 1.797951 -27.282810 4.309824 -4.345804 9.525608 1.264304 2.942654
-2.964069 2.771507 -8.130207 -15.722854 25.516228 -17.088610 10.599857 -10.469595 -16.610010 -3.542324 -27.217411 5.428360 -6.754240 -9.718040 18.358250 8.647139 11.135942 -8.297891 -8.091709 20.025431 5.544930 9.173579 1.904270 1.798985 -27.292021 4.348389 -4.369920 9.491083 1.287325 2.961411
-2.964020 2.771642 -8.130082 -15.722594 25.515909 -17.088114 10.600052 -10.469479 -16.610477 -3.542529 -27.217472 5.428290 -6.754105 -9.718152 18.358311 8.647228 11.135897 -8.298011 -8.091630 20.025415 5.544827 9.171935 1.904309 1.798733 -27.292051 4.348814 -4.371043 9.491072 1.287403 2.962982
-2.971196 2.776019 -8.132756 -15.730043 25.519588 -17.087116 10.602098 -10.470646 -16.610468 -3.538635 -27.228928 5.435314 -6.742324 -9.704772 18.373425 8.650175 11.092240 -8.295942 -8.097470 20.025551 5.543497 9.170376 1.905346 1.800081 -27.292866 4.348351 -4.369533 9.491957 1.286935 2.964287
-2.958262 2.774860 -8.136363 -15.725016 25.517052 -17.084246 10.600719 -10.468987 -16.615685 -3.541537 -27.217125 5.428750 -6.752831 -9.716316 18.357500 8.645872 11.136685 -8.298852 -8.096075 20.024607 5.547414 9.172970 1.904716 1.799891 -27.291136 4.347163 -4.371167 9.490749 1.286615 2.964016
-2.958097 2.774405 -8.136371 -15.724876 25.517349 -17.084028 10.600260 -10.468481 -16.615082 -3.541243 -27.217041 5.429069 -6.753256 -9.716437 18.357498 8.645214 11.136973 -8.298738 -8.096345 20.024845 5.547213 9.172795 1.905011 1.799188 -27.291656 4.346754 -4.371627 9.490867 1.286864 2.963878
-2.957484 2.759110 -8.114643 -15.713177 25.502190 -17.008659 10.597404 -10.458525 -16.628155 -3.554460 -27.223782 5.445465 -6.739248 -9.689879 18.399647 8.637920 11.088099 -8.300553 -8.106666 20.029449 5.541367 9.180474 1.902949 1.802377 -27.286924 4.338270 -4.356761 9.499088 1.281158 2.956758
-2.939082 2.749980 -8.112274 -15.697298 25.498470 -17.008463 10.587377 -10.456005 -16.629082 -3.568436 -27.187527 5.443062 -6.753913 -9.711474 18.401253 8.619083 11.144370 -8.311319 -8.100993 20.033897 5.527638 9.179353 1.903527 1.800540 -27.286392 4.324998 -4.350045 9.511455 1.275630 2.953675
-2.939424 2.751054 -8.112599 -15.698440 25.499397 -17.008747 10.588438 -10.456325 -16.628922 -3.566785 -27.188135 5.442312 -6.753652 -9.712829 18.400234 8.618958 11.144925 -8.309162 -8.101031 20.033264 5.529389 9.180200 1.904404 1.800888 -27.285440 4.326363 -4.350128 9.512032 1.276571 2.954366
-2.939424 2.751054 -8.112599 -15.698440 25.499397 -17.008747 10.588438 -10.456325 -16.628922 -3.566785 -27.188135 5.442312 -6.753652 -9.712829 18.400234 8.618958 11.144925 -8.309162 -8.101031 20.033264 5.529389 9.180200 1.904404 1.800888 -27.285440 4.326363 -4.350128 9.512032 1.276571 2.954366
-2.939424 2.751054 -8.112599 -15.698440 25.499397 -17.008747 10.588438 -10.456325 -16.628922 -3.566785 -27.188135 5.442312 -6.753652 -9.712829 18.400234 8.618958 11.144925 -8.309162 -8.101031 20.033264 5.529097 9.179906 1.904419 1.800624 -27.285563 4.326255 -4.350415 9.512115 1.276652 2.954530
-2.939424 2.751054 -8.112599 -15.698440 25.499397 -17.008747 10.588438 -10.456325 -16.628922 -3.566785 -27.188135 5.442312 -6.753652 -9.712829 18.400234 8.618958 11.144925 -8.309162 -8.101031 20.033264 5.529389 9.180200 1.904404 1.800888 -27.285440 4.326363 -4.350128 9.512032 1.276571 2.954366
-2.951447 2.756252 -8.112557 -15.705560 25.502491 -17.000765 10.591312 -10.457891 -16.630489 -3.561387 -27.190342 5.450955 -6.754154 -9.687638 18.431589 8.629789 11.089526 -8.314848 -8.104510 20.044624 5.545185 9.183242 1.903064 1.802460 -27.285383 4.341980 -4.356785 9.496600 1.282766 2.958634
-2.951447 2.756252 -8.112557 -15.705560 25.502491 -17.000765 10.591312 -10.457891 -16.630489 -3.561387 -27.190342 5.450955 -6.754154 -9.687638 18.431589 8.629789 11.089526 -8.314848 -8.104510 20.044624 5.545410 9.181754 1.903385 1.802083 -27.286057 4.342239 -4.357538 9.496638 1.283212 2.959836
-2.951447 2.756252 -8.112557 -15.705560 25.502491 -17.000765 10.591312 -10.457891 -16.630489 -3.561387 -27.190342 5.450955 -6.754154 -9.687638 18.431589 8.629789 11.089526 -8.314848 -8.104510 20.044624 5.545701 9.182048 1.903368 1.802347 -27.285934 4.342348 -4.357253 9.496558 1.283132 2.959673
-2.956772 2.758239 -8.116263 -15.709839 25.503231 -17.010122 10.592880 -10.459314 -16.629551 -3.558977 -27.226137 5.448566 -6.735847 -9.691510 18.396086 8.638302 11.084898 -8.296875 -8.105656 20.024292 5.541330 9.180243 1.904589 1.802606 -27.286648 4.339602 -4.357478 9.498627 1.282168 2.959578
-2.956772 2.758239 -8.116263 -15.709839 25.503231 -17.010122 10.592880 -10.459314 -16.629551 -3.558977 -27.226137 5.448566 -6.735847 -9.691510 18.396086 8.638302 11.084898 -8.296875 -8.105656 20.024292 5.541330 9.180243 1.904589 1.802606 -27.286648 4.339602 -4.357478 9.498627 1.282168 2.959578
-2.956772 2.758239 -8.116263 -15.709839 25.503231 -17.010122 10.592880 -10.459314 -16.629551 -3.558977 -27.226137 5.448566 -6.735847 -9.691510 18.396086 8.638302 11.084898 -8.296875 -8.105656 20.024292 5.541039 9.179950 1.904605 1.802341 -27.286774 4.339495 -4.357764 9.498708 1.282248 2.959744
