7.595791 -5.819440 5.910212 -13.639095 12.360487 -7.745700 16.905622 3.598410 -6.076318 -16.115910 -18.600868 8.203698 -21.331335 -19.608669 8.035087 6.556297 2.652893 5.226766 -5.722211 -2.829427 2.367431 -7.234686 -3.648725 8.062464 -18.760080 5.756217 -2.556159 19.172934 5.664746 1.854582
7.618143 -5.838806 6.080023 -13.778410 12.332879 -7.757634 16.864527 3.636161 -5.900842 -16.166489 -18.577297 8.231183 -21.467844 -19.616566 7.954664 6.570104 2.510863 5.350680 -5.695981 -2.828622 2.306006 -7.348092 -3.879820 8.190764 -18.668346 5.776713 -2.373760 19.203674 5.728544 1.800720
7.618867 -5.855483 6.245245 -13.909194 12.289497 -7.753967 16.839046 3.714468 -5.746349 -16.228815 -18.574339 8.265316 -21.614796 -19.618469 7.853061 6.555608 2.337829 5.516638 -5.677449 -2.809764 2.279935 -7.459772 -4.076316 8.315037 -18.559978 5.806212 -2.224914 19.237759 5.791772 1.763234
7.606869 -5.788771 6.583352 -14.095694 12.165833 -7.770967 16.834854 3.790115 -5.531335 -16.371840 -18.570873 8.296252 -21.899887 -19.615673 7.668068 6.549488 2.021275 5.799485 -5.641498 -2.871195 2.279317 -7.573652 -4.265272 8.448447 -18.440159 5.831519 -2.088347 19.262939 5.850332 1.731458
7.619979 -5.771861 6.941053 -14.290775 11.996256 -7.835984 16.841881 3.889092 -5.253871 -16.521591 -18.563484 8.338588 -22.256123 -19.600061 7.473922 6.553269 1.636815 6.151326 -5.570277 -2.928862 2.255411 -7.696045 -4.484951 8.586276 -18.330141 5.849944 -1.929673 19.281517 5.908309 1.704915
7.643002 -5.805688 7.197359 -14.518789 11.861300 -7.898476 16.839415 4.012969 -4.950692 -16.616156 -18.643635 8.345189 -22.575174 -19.580715 7.255406 6.506598 1.229740 6.621095 -5.483225 -2.964424 2.223310 -7.894895 -4.739442 8.792386 -18.174160 5.953675 -1.913930 19.232969 5.943618 1.522285
7.793454 -5.828914 7.302254 -14.751471 11.792890 -7.912888 16.721451 4.205960 -4.679460 -16.686203 -18.654915 8.374859 -23.082272 -19.536366 6.988355 6.489390 0.765055 7.140174 -5.375614 -3.048288 2.160545 -8.026365 -4.981754 9.040345 -18.042009 6.031833 -1.830426 19.176426 5.962929 1.332537
8.277105 -5.763193 7.424242 -15.211775 11.673851 -7.840595 16.428242 4.534585 -4.229177 -16.787729 -18.705519 8.333550 -23.517218 -19.402534 6.760228 6.399284 0.500395 7.510872 -5.293454 -3.333575 2.023652 -8.215876 -5.325308 9.394762 -17.931751 6.068593 -1.831515 19.004128 5.907461 0.864384
8.743839 -5.688334 7.533908 -15.545350 11.542675 -7.706486 16.196793 4.862516 -3.887610 -16.836821 -18.707199 8.243508 -23.924046 -19.255089 6.531729 6.315351 0.211053 7.892451 -5.204120 -3.678837 1.855665 -8.357507 -5.664852 9.746817 -17.879589 6.059134 -1.838078 18.783062 5.804885 0.435300
9.102341 -5.675144 7.602426 -15.727190 11.393762 -7.669905 16.057409 4.968970 -3.599607 -16.852207 -18.657276 8.115830 -24.378767 -19.159925 6.265298 6.226169 -0.047246 8.235631 -5.108291 -4.102341 1.622459 -8.502837 -6.080415 10.284160 -17.930202 6.039868 -1.859513 18.389668 5.627243 -0.149788
9.287495 -5.862312 7.857940 -15.872680 11.113757 -7.530423 16.070227 5.217323 -3.313625 -16.975254 -18.555573 8.004491 -24.740784 -19.107893 6.111100 6.138242 -0.155548 8.423116 -5.042331 -4.449249 1.391319 -8.730681 -6.551085 10.708433 -17.937681 6.061069 -1.924644 18.030731 5.508083 -0.695649
9.319071 -6.044233 8.221565 -15.840485 10.887615 -7.415596 16.111614 5.670931 -3.163632 -17.142744 -18.413351 7.942016 -25.149014 -19.051216 5.823524 6.141157 -0.415491 8.590345 -5.009427 -4.828054 1.254886 -8.864844 -6.856977 11.042097 -17.939041 6.048735 -2.132089 17.670135 5.335242 -1.178867
9.316144 -6.072440 8.653284 -15.796289 10.650702 -7.196586 16.182024 6.093908 -3.115352 -17.350056 -18.224680 7.927196 -25.561743 -19.037655 5.548237 6.216151 -0.604384 8.608727 -4.894664 -5.186812 1.163715 -8.982137 -7.155299 11.343958 -17.997223 6.084869 -2.203642 17.343388 5.258411 -1.500987
9.316589 -6.106738 9.059846 -15.763607 10.377431 -7.054869 16.327106 6.440444 -3.082276 -17.556028 -18.000622 7.926227 -26.020451 -19.060452 5.323671 6.189266 -0.763628 8.671339 -4.808308 -5.537148 1.100735 -9.059964 -7.365017 11.505767 -18.023094 6.079837 -2.334991 17.090111 5.177476 -1.772768
9.326429 -6.091682 9.402771 -15.723547 10.145167 -6.950390 16.448326 6.692387 -3.072922 -17.710363 -17.752014 7.995200 -26.447720 -19.162300 5.029191 6.221741 -0.959587 8.674973 -4.729983 -5.719928 1.032424 -9.206061 -7.664279 11.635308 -18.022938 6.063178 -2.480779 16.832001 5.094370 -1.960204
9.336628 -6.052595 9.775329 -15.729250 9.985150 -6.839767 16.504963 6.837309 -2.988100 -17.813076 -17.590124 8.046985 -26.708950 -19.247009 4.818793 6.310918 -1.191381 8.650153 -4.684433 -5.856331 0.994569 -9.300481 -7.893665 11.686593 -18.010431 6.063167 -2.565224 16.645687 5.048984 -2.059034
9.327147 -5.997031 10.148045 -15.707706 9.812587 -6.779002 16.610102 6.916641 -2.938954 -17.899977 -17.501135 8.111562 -26.863457 -19.304867 4.652786 6.339535 -1.315082 8.603555 -4.672863 -5.907477 0.965336 -9.406719 -8.080062 11.692392 -17.982521 6.070567 -2.616360 16.539070 5.043484 -2.105093
9.314213 -5.995964 10.414132 -15.642090 9.670785 -6.770940 16.718075 7.063623 -2.926927 -17.982584 -17.388411 8.161721 -27.074129 -19.353025 4.524522 6.301638 -1.361451 8.553820 -4.667782 -6.033845 0.966607 -9.495233 -8.192330 11.650413 -17.924191 6.091498 -2.697916 16.482134 5.047966 -2.126149
9.324264 -6.010514 10.592963 -15.598966 9.564334 -6.754017 16.796032 7.094100 -2.913007 -18.026300 -17.340832 8.238711 -27.212528 -19.381927 4.421539 6.306289 -1.408322 8.563802 -4.633693 -5.979270 1.015448 -9.512543 -8.184704 11.609272 -17.921959 6.098003 -2.763594 16.455292 5.059236 -2.125180
9.338595 -6.000119 10.669839 -15.617747 9.544532 -6.754683 16.795393 7.122666 -2.868706 -18.040779 -17.319817 8.252482 -27.251669 -19.394238 4.391042 6.311191 -1.433654 8.556055 -4.637562 -5.996789 1.020485 -9.533792 -8.216469 11.609942 -17.911171 6.097385 -2.788189 16.437428 5.058292 -2.148274
9.372734 -5.982578 10.920816 -15.554426 9.378816 -6.713107 16.893946 7.249368 -2.887027 -18.151155 -17.240164 8.312851 -27.372288 -19.429504 4.271213 6.345953 -1.497248 8.466203 -4.649835 -6.053252 1.011077 -9.661739 -8.388048 11.616300 -17.830616 6.138566 -2.830407 16.395313 5.093548 -2.207055
9.417438 -6.036797 11.563444 -15.307845 8.837863 -6.620406 17.223793 7.707496 -2.963355 -18.520102 -17.004570 8.488744 -27.733521 -19.536896 3.890635 6.611764 -1.806649 8.253158 -4.637420 -6.175698 1.072247 -10.000580 -8.774429 11.604335 -17.614094 6.297151 -2.998515 16.253151 5.211030 -2.308667
9.461588 -6.320967 12.385120 -14.859735 8.239725 -6.433887 17.550385 8.653069 -2.997076 -18.934784 -16.448006 8.898704 -28.511158 -19.871738 3.096084 6.996671 -2.501173 7.917526 -4.709171 -6.417379 1.111995 -10.649591 -9.441143 11.425368 -17.112183 6.610272 -3.104638 16.291428 5.551069 -2.298783
9.833952 -7.448966 12.749919 -14.715136 7.604522 -6.320752 17.409775 9.732450 -2.376680 -19.452734 -15.819858 9.532814 -29.486261 -20.335573 2.185340 7.563823 -3.354801 7.565783 -4.681120 -6.375945 1.043365 -11.728442 -10.701823 11.436893 -16.298321 7.213201 -2.767117 16.491776 6.277624 -2.362675
10.887789 -7.774743 12.345773 -14.878434 6.558232 -5.651117 17.361555 11.588305 -2.991434 -20.770208 -14.749619 9.713449 -30.550632 -21.119072 1.343467 7.846512 -4.225757 7.250202 -5.015597 -7.119111 0.853994 -12.620473 -11.776705 11.593986 -15.452269 7.740457 -2.112723 16.932339 6.948766 -2.356710
12.399170 -10.110184 10.305959 -14.551025 5.463808 -5.806817 17.123371 13.606551 -3.148411 -22.010332 -13.272789 9.876689 -31.786476 -22.517603 -0.140947 7.714033 -6.149719 7.141835 -5.932579 -8.401869 0.742092 -13.518230 -12.915833 12.041335 -14.292079 8.097720 -2.553864 16.913036 6.800325 -2.533116
9.539387 -11.476553 8.223265 -14.198178 6.540489 -8.221558 15.766367 15.693546 -1.642246 -21.064953 -10.868420 10.449245 -33.606030 -24.786449 -2.235589 5.905732 -7.521759 6.831064 -8.092052 -9.677498 0.185503 -14.493164 -14.306039 12.476419 -13.447115 8.321671 -4.723434 15.372927 5.310102 -2.025054
7.698285 -11.849726 8.763208 -12.282389 8.361909 -9.953095 14.043348 18.056620 -0.521989 -20.159019 -8.542951 8.916816 -33.336266 -24.977629 -1.481713 3.485387 -5.341174 6.240595 -11.152617 -11.582232 -0.673211 -15.565046 -15.702143 13.301703 -12.804425 8.730995 -7.119795 13.308051 3.657511 -1.956363
6.911313 -11.882670 11.390250 -8.055744 8.817080 -10.570892 14.254932 20.543068 -1.394360 -19.937737 -5.644092 6.175938 -33.109322 -24.768423 -0.060924 1.565771 -1.963482 5.567628 -13.611188 -14.702971 -0.852145 -16.281034 -16.807327 14.232718 -12.520650 9.165219 -9.949682 10.629803 1.940145 -2.152478
4.287733 -10.896585 14.137765 -5.848402 9.965892 -11.953287 14.901770 22.947725 -1.353434 -18.744949 -3.440077 3.744188 -33.507404 -24.692333 0.184576 1.150765 -1.426833 6.553848 -15.028492 -17.404842 -0.628945 -16.492918 -17.531797 14.765347 -11.950608 8.726141 -12.045385 9.094269 0.389545 -2.564205
0.525035 -11.107178 13.182558 -5.919259 10.507671 -12.478231 15.447762 24.438690 -1.494451 -17.579573 -1.815042 1.624881 -32.183441 -25.187122 -0.592870 2.264438 -2.542715 6.611601 -16.482874 -19.409971 -0.227527 -16.802567 -18.260368 14.819104 -10.738093 8.166647 -13.681500 8.729934 -0.578551 -2.738888
-4.604554 -11.632348 11.976619 -6.943336 10.697124 -11.449961 15.457048 24.848690 -1.905197 -17.608339 -0.639964 0.674237 -30.751244 -25.028282 -1.248253 4.707681 -2.338875 3.828945 -17.121675 -21.270899 0.789365 -17.384172 -18.615122 14.582442 -8.539166 7.672160 -15.286616 9.321290 -0.753360 -3.932920
-7.866241 -12.027681 11.593384 -7.144964 10.860112 -9.725734 15.103500 26.619070 -3.077545 -19.273050 -0.516708 0.364122 -30.605711 -22.913155 -1.735246 7.160494 -0.821630 0.724619 -16.519129 -23.412760 2.005838 -16.863535 -17.463808 14.082382 -7.610973 7.207165 -16.406303 9.898722 -0.928886 -5.664347
-8.279236 -10.953829 10.440782 -6.691968 12.565818 -6.299442 12.859159 29.376152 -4.867159 -19.677490 -1.690421 0.537749 -30.034882 -20.392128 -1.943101 8.464839 0.890694 -2.616902 -16.403254 -25.598698 3.275118 -15.700370 -15.542915 12.896979 -8.801044 6.349037 -17.405670 9.808395 -1.099267 -7.741738
-6.299482 -9.478757 8.033834 -6.515197 15.639497 -4.130215 9.849697 31.905794 -5.819885 -19.454966 -3.690572 0.072732 -27.917027 -17.997341 -0.739826 7.395481 3.193368 -4.479750 -18.144320 -27.789131 4.078548 -13.818370 -13.219732 11.560717 -10.783035 4.917494 -18.321060 9.677483 -1.965683 -9.431207
-4.497556 -7.333253 5.479941 -6.584798 19.045189 -2.801417 6.782846 33.479153 -6.970778 -18.337378 -5.854982 -0.536481 -25.375223 -16.021969 0.946704 6.234127 5.864432 -5.727205 -19.449389 -29.223808 3.750528 -12.166387 -11.354845 10.190800 -12.500004 2.916396 -19.240852 10.028021 -3.291566 -10.524877
-3.142179 -4.935670 3.430471 -6.482637 21.713375 -2.075972 4.280913 34.982937 -8.102420 -17.117144 -7.663165 -1.144159 -23.052980 -14.577347 2.194056 5.168633 7.668030 -6.278938 -20.343676 -29.890783 3.376897 -11.033244 -10.136187 9.541402 -13.250319 1.464796 -19.427124 10.659791 -4.024543 -11.078899
-2.180079 -4.276742 1.761983 -6.479154 23.089199 -1.076832 3.040858 35.168964 -8.444694 -15.966394 -8.700063 -1.607442 -21.792097 -13.786554 3.179094 4.409546 9.022898 -6.315268 -20.542553 -29.939522 3.151446 -10.280049 -9.152286 8.887836 -13.804964 0.529823 -19.445816 11.218672 -4.362071 -11.079918
-1.283768 -3.867521 0.824310 -6.552845 23.693584 -0.987818 2.536840 34.841228 -8.465220 -15.226778 -9.159689 -1.882746 -21.205128 -13.616218 3.669438 3.967550 9.523282 -5.938664 -20.544407 -29.745033 2.827361 -10.024667 -8.795563 8.627161 -13.899257 0.054550 -19.372633 11.590203 -4.557419 -10.898021
-0.994702 -3.623345 0.592854 -6.613620 23.876251 -1.017993 2.455213 34.696838 -8.468877 -14.995095 -9.248899 -2.050463 -20.963434 -13.587274 3.859433 3.814713 9.800185 -5.865452 -20.634806 -29.632534 2.813758 -9.979667 -8.771894 8.566743 -13.898752 -0.029364 -19.342148 11.616493 -4.587643 -10.668940
-1.016952 -3.691929 0.487967 -6.584716 23.887299 -0.997720 2.435326 34.699245 -8.504829 -15.017617 -9.218277 -2.032703 -20.969891 -13.594267 3.851153 3.852272 9.755843 -5.908675 -20.653183 -29.657410 2.819124 -9.970968 -8.726603 8.529625 -13.914957 -0.005845 -19.336311 11.643911 -4.554381 -10.703276
-1.277454 -3.889319 0.249454 -6.445590 23.902454 -1.035173 2.451154 34.862965 -8.766485 -15.181730 -9.130854 -1.940095 -20.868546 -13.732368 3.867912 3.959808 9.679712 -6.209746 -20.744261 -29.723553 2.965715 -9.937789 -8.525286 8.467265 -13.882997 0.125882 -19.475683 11.691273 -4.445272 -10.831202
-1.620509 -4.202236 0.035268 -6.212550 23.929470 -1.008804 2.455482 35.170269 -9.017808 -15.371603 -8.938396 -1.837095 -20.795704 -13.852511 3.891876 4.091800 9.729878 -6.647993 -20.940929 -29.722651 3.110446 -9.876127 -8.294203 8.347896 -13.861187 0.256788 -19.682270 11.691221 -4.374403 -10.858047
-2.088499 -4.649503 -0.251353 -5.930902 23.920622 -1.005929 2.560359 35.482983 -9.318831 -15.616259 -8.734685 -1.838232 -20.511738 -13.931747 4.013121 4.377183 9.828683 -7.260406 -21.263128 -29.821930 3.314471 -9.856093 -8.124571 8.336640 -13.742202 0.507394 -19.792868 11.690061 -4.220119 -10.817917
-2.802706 -5.180771 -0.508598 -5.427449 23.683765 -1.027550 2.925477 35.901951 -9.922565 -16.104816 -8.488382 -1.829161 -20.387793 -14.002502 4.094650 4.812918 9.904815 -7.834169 -21.374866 -29.820335 3.484594 -9.823074 -7.862566 8.247514 -13.603703 0.771611 -19.994106 11.712479 -4.093196 -10.853388
-3.617230 -5.869145 -0.910169 -4.728527 23.392357 -1.029553 3.419884 36.132710 -10.662919 -16.606497 -8.017107 -1.770689 -20.211975 -14.291924 4.043470 5.164536 9.955298 -8.566442 -21.725183 -29.745289 3.760112 -9.836753 -7.551477 8.000899 -13.333043 1.163240 -20.342247 11.758733 -3.927085 -10.642975
-4.482280 -6.718692 -1.387008 -3.916387 22.987270 -1.043932 4.065630 36.059113 -11.464211 -16.949375 -7.519250 -1.790175 -20.109789 -14.541698 4.075226 5.654131 10.016036 -9.320151 -21.868729 -29.757998 4.056655 -9.903105 -7.266015 7.758809 -13.104629 1.552554 -20.642109 11.774062 -3.709468 -10.439121
-5.199275 -7.710659 -1.871718 -3.262222 22.502121 -1.129267 4.810561 35.810215 -12.077046 -17.240412 -7.183620 -1.742194 -19.972412 -14.809244 4.103282 5.962769 10.204141 -9.935299 -21.979807 -29.652939 4.438416 -10.025278 -6.980722 7.572651 -12.888573 2.207385 -20.962534 11.642378 -3.403795 -10.244186
-6.098105 -8.672215 -2.175090 -2.386170 22.077940 -1.038838 5.645874 35.542522 -12.727588 -17.359325 -6.308238 -1.693051 -19.733917 -15.354505 3.710374 6.811954 9.781337 -10.821608 -22.282373 -29.277996 4.760122 -10.147344 -6.794031 7.464168 -12.668279 2.792543 -21.194317 11.475200 -3.201334 -9.729948
-7.155971 -9.389842 -2.370725 -1.410423 21.823566 -0.992032 6.397954 35.347748 -13.459528 -17.465969 -5.886940 -1.788976 -19.035759 -15.383404 3.712359 7.571805 9.753638 -11.771467 -22.402098 -29.080069 5.136862 -10.352674 -6.648587 7.428044 -12.304257 3.498034 -21.522518 11.278944 -2.929854 -9.486307
-8.111897 -9.932200 -2.551107 -0.670783 21.453869 -1.069578 7.186240 35.011581 -14.115281 -17.579500 -5.392651 -1.825965 -18.753143 -15.754239 3.743357 7.975759 9.938191 -12.556776 -22.260195 -28.918695 5.351955 -10.441653 -6.606951 7.334016 -11.981158 3.843460 -21.899490 11.116811 -2.985316 -9.030048
-9.228735 -10.620829 -2.535647 0.036427 20.919962 -1.090997 7.993699 34.663845 -14.508343 -17.572283 -5.269758 -1.880953 -18.239162 -15.784282 3.896044 8.384884 10.243979 -13.170432 -22.154621 -28.758797 5.632243 -10.415975 -6.408043 7.171335 -11.837499 4.068811 -22.330963 10.894316 -3.075919 -8.607380
-10.148211 -10.686451 -2.381143 0.423475 20.787405 -1.019093 8.637106 34.213009 -14.838301 -17.346951 -5.256561 -1.956561 -17.326952 -15.613611 4.118431 9.230101 10.604369 -14.208735 -21.946423 -28.625683 5.802538 -10.435584 -6.314250 7.008646 -11.576854 4.180025 -22.595228 10.873723 -3.181379 -8.015860
-10.935431 -10.336708 -2.022142 0.675405 20.910065 -0.883871 9.048813 33.918903 -15.209515 -17.195807 -5.377301 -2.245502 -16.345646 -15.456628 4.486591 9.967299 10.920847 -14.863955 -21.773718 -28.565231 6.087525 -10.444188 -6.175651 6.756750 -11.192470 4.361541 -22.906693 10.909775 -3.221952 -7.297465
-11.450836 -10.033114 -1.717700 0.973983 21.021425 -0.640808 9.354242 33.756607 -15.670074 -17.189444 -5.331566 -2.416311 -15.830781 -15.281922 4.668278 10.629927 11.193469 -15.405702 -21.628839 -28.507214 6.275176 -10.432973 -6.105987 6.555192 -10.893413 4.401839 -23.172215 10.983479 -3.323628 -6.775316
-11.925125 -9.459217 -1.528776 1.038681 21.326744 -0.506994 9.538435 33.456928 -16.120430 -17.068789 -5.611346 -2.655622 -15.146643 -14.803775 5.018171 11.476689 11.595696 -15.868919 -21.268732 -28.502710 6.335292 -10.472343 -6.188257 6.312708 -10.622132 4.319142 -23.373581 11.068007 -3.452849 -6.209908
-12.205904 -8.905243 -1.339871 0.921258 21.682928 -0.384898 9.492889 33.339680 -16.310183 -16.925293 -5.854819 -2.839994 -14.729776 -14.530274 5.299379 11.940245 11.830457 -16.014656 -21.018438 -28.519680 6.398043 -10.517435 -6.233072 6.142453 -10.366269 4.394436 -23.534643 11.095537 -3.528396 -5.630536
-12.473660 -8.586905 -1.316256 1.021521 22.007168 -0.389261 9.460893 33.230556 -16.509651 -16.754675 -5.893430 -2.890775 -14.578371 -14.339312 5.282199 12.355038 11.856093 -16.116823 -20.900179 -28.406416 6.355368 -10.505848 -6.238403 6.016609 -10.218740 4.343090 -23.631252 11.162374 -3.646150 -5.288844
-12.610695 -8.372057 -1.258813 1.110019 22.120895 -0.438525 9.470095 33.140041 -16.615959 -16.675661 -5.942033 -2.922402 -14.405334 -14.162413 5.284365 12.662539 11.896699 -16.237511 -20.849176 -28.327703 6.339728 -10.531574 -6.297739 5.976120 -10.122705 4.312923 -23.682613 11.189364 -3.704720 -5.165099
-12.647451 -8.280752 -1.255311 1.080914 22.194309 -0.470582 9.439090 33.053757 -16.596132 -16.613895 -5.930318 -2.913568 -14.379487 -14.105289 5.248157 12.801100 11.876758 -16.282528 -20.804457 -28.270014 6.372173 -10.519384 -6.278143 5.925543 -10.098269 4.301552 -23.707020 11.198264 -3.720119 -5.063854
-12.648488 -8.281963 -1.249679 1.092617 22.186926 -0.469124 9.446181 33.059910 -16.604757 -16.618893 -5.933308 -2.910282 -14.376752 -14.110008 5.248539 12.794407 11.873878 -16.281910 -20.809298 -28.265030 6.371951 -10.514070 -6.267857 5.926665 -10.099486 4.298444 -23.709507 11.202051 -3.721169 -5.053622
-12.646509 -8.281631 -1.252864 1.086092 22.191366 -0.467707 9.442526 33.053539 -16.598997 -16.616142 -5.932492 -2.911037 -14.378938 -14.107729 5.250193 12.795067 11.876899 -16.281075 -20.806747 -28.267216 6.366561 -10.512011 -6.267528 5.929288 -10.100113 4.300566 -23.711197 11.200422 -3.722821 -5.057869
-12.646555 -8.281549 -1.252842 1.086067 22.191387 -0.467839 9.442463 33.053730 -16.598957 -16.616205 -5.932413 -2.911022 -14.378960 -14.107658 5.250141 12.795164 11.876912 -16.281086 -20.806730 -28.267323 6.366561 -10.512011 -6.267528 5.929288 -10.100113 4.300566 -23.711197 11.200422 -3.722821 -5.057869
-12.646555 -8.281549 -1.252842 1.086067 22.191387 -0.467839 9.442463 33.053730 -16.598957 -16.616205 -5.932413 -2.911022 -14.378960 -14.107658 5.250141 12.795164 11.876912 -16.281086 -20.806730 -28.267323 6.366561 -10.512011 -6.267528 5.929288 -10.100113 4.300566 -23.711197 11.200422 -3.722821 -5.057869
-12.646555 -8.281549 -1.252842 1.086067 22.191387 -0.467839 9.442463 33.053730 -16.598957 -16.616205 -5.932413 -2.911022 -14.378960 -14.107658 5.250141 12.795164 11.876912 -16.281086 -20.806730 -28.267323 6.366878 -10.511477 -6.267556 5.929633 -10.099764 4.300900 -23.711109 11.200142 -3.722786 -5.058220
-12.646555 -8.281549 -1.252842 1.086067 22.191387 -0.467839 9.442463 33.053730 -16.598957 -16.616205 -5.932413 -2.911022 -14.378960 -14.107658 5.250141 12.795164 11.876912 -16.281086 -20.806730 -28.267323 6.366878 -10.511477 -6.267556 5.929633 -10.099764 4.300900 -23.711109 11.200142 -3.722786 -5.058220
-12.646555 -8.281549 -1.252842 1.086067 22.191387 -0.467839 9.442463 33.053730 -16.598957 -16.616205 -5.932413 -2.911022 -14.378960 -14.107658 5.250141 12.795164 11.876912 -16.281086 -20.806730 -28.267323 6.366878 -10.511477 -6.267556 5.929633 -10.099764 4.300900 -23.711109 11.200142 -3.722786 -5.058220
-12.646555 -8.281549 -1.252842 1.086067 22.191387 -0.467839 9.442463 33.053730 -16.598957 -16.616205 -5.932413 -2.911022 -14.378960 -14.107658 5.250141 12.795164 11.876912 -16.281086 -20.806730 -28.267323 6.366878 -10.511477 -6.267556 5.929633 -10.099764 4.300900 -23.711109 11.200142 -3.722786 -5.058220
-12.649693 -8.281913 -1.254718 1.081608 22.190842 -0.469802 9.442303 33.052570 -16.597109 -16.616137 -5.931328 -2.912678 -14.379731 -14.107663 5.252372 12.794083 11.879240 -16.279793 -20.806984 -28.269979 6.366656 -10.511387 -6.267277 5.929373 -10.099934 4.301072 -23.711227 11.200003 -3.722756 -5.058168
-12.648878 -8.279970 -1.250552 1.082118 22.191193 -0.467555 9.440611 33.053661 -16.595875 -16.618433 -5.931212 -2.909365 -14.379232 -14.104534 5.260592 12.793193 11.876882 -16.281420 -20.808195 -28.271248 6.367507 -10.508752 -6.268124 5.928293 -10.098626 4.302388 -23.709846 11.200279 -3.722537 -5.057262
-12.648878 -8.279970 -1.250552 1.082118 22.191193 -0.467555 9.440611 33.053661 -16.595875 -16.618433 -5.931212 -2.909365 -14.379232 -14.104534 5.260592 12.793193 11.876882 -16.281420 -20.808195 -28.271248 6.367507 -10.508752 -6.268124 5.928293 -10.098626 4.302388 -23.709846 11.200279 -3.722537 -5.057262
-12.648380 -8.281181 -1.246636 1.085487 22.181133 -0.460472 9.447462 33.057426 -16.602032 -16.623522 -5.936285 -2.905334 -14.374660 -14.105992 5.259328 12.790764 11.872531 -16.284496 -20.810232 -28.266953 6.363564 -10.509714 -6.267198 5.926241 -10.091300 4.303071 -23.711060 11.207263 -3.720521 -5.057535
-12.647040 -8.280174 -1.247045 1.082231 22.186035 -0.464538 9.442034 33.056511 -16.598391 -16.621763 -5.941899 -2.886086 -14.380000 -14.094009 5.268331 12.786277 11.878682 -16.291225 -20.808138 -28.276669 6.365861 -10.504098 -6.267953 5.926371 -10.088945 4.303542 -23.709356 11.205710 -3.721422 -5.062049
-12.647040 -8.280174 -1.247045 1.082231 22.186035 -0.464538 9.442034 33.056511 -16.598391 -16.621763 -5.941899 -2.886086 -14.380000 -14.094009 5.268331 12.786277 11.878682 -16.291225 -20.808138 -28.276669 6.365861 -10.504098 -6.267953 5.926371 -10.088945 4.303542 -23.709356 11.205710 -3.721422 -5.062049
-5.480566 -1.553249 -0.056372 -1.137515 14.790490 -1.333332 16.380814 25.799435 -23.793922 -19.937941 -9.167556 -7.009639 -8.473557 -20.670038 3.943029 19.141743 4.574023 -15.670094 -15.775928 -26.072880 6.371125 -8.487874 -6.099119 3.321805 -10.329951 11.933525 -19.457304 11.623403 3.742991 -8.111367
-5.480566 -1.553249 -0.056372 -1.137515 14.790490 -1.333332 16.380814 25.799435 -23.793922 -19.937941 -9.167556 -7.009639 -8.473557 -20.670038 3.943029 19.141743 4.574023 -15.670094 -15.775928 -26.072880 6.371125 -8.487874 -6.099119 3.321805 -10.329951 11.933525 -19.457304 11.623403 3.742991 -8.111367
-5.480566 -1.553249 -0.056372 -1.137515 14.790490 -1.333332 16.380814 25.799435 -23.793922 -19.937941 -9.167556 -7.009639 -8.473557 -20.670038 3.943029 19.141743 4.574023 -15.670094 -15.775928 -26.072880 6.371125 -8.487874 -6.099119 3.321805 -10.329951 11.933525 -19.457304 11.623403 3.742991 -8.111367
-5.480566 -1.553249 -0.056372 -1.137515 14.790490 -1.333332 16.380814 25.799435 -23.793922 -19.937941 -9.167556 -7.009639 -8.473557 -20.670038 3.943029 19.141743 4.574023 -15.670094 -15.775928 -26.072880 6.371125 -8.487874 -6.099119 3.321805 -10.329951 11.933525 -19.457304 11.623403 3.742991 -8.111367
-5.480566 -1.553249 -0.056372 -1.137515 14.790490 -1.333332 16.380814 25.799435 -23.793922 -19.937941 -9.167556 -7.009639 -8.473557 -20.670038 3.943029 19.141743 4.574023 -15.670094 -15.775928 -26.072880 6.371125 -8.487874 -6.099119 3.321805 -10.329951 11.933525 -19.457304 11.623403 3.742991 -8.111367
-6.211326 -1.568919 1.065872 -0.317589 15.674134 -1.562632 15.978060 25.398666 -22.349670 -20.475523 -9.377548 -3.237395 -8.806705 -19.446239 6.508313 18.308186 2.772798 -17.199890 -16.568317 -27.940144 5.941511 -12.630662 -5.164483 3.888351 -12.701737 10.465224 -20.422745 11.831646 3.087245 -7.005444
-6.202407 -2.104772 0.981891 -0.109350 15.613029 -1.977856 15.868477 25.389019 -22.053707 -20.537210 -9.031387 -2.561893 -9.165818 -19.945776 6.781845 17.356697 2.779474 -17.622066 -17.084808 -27.726086 6.015467 -12.412576 -5.189750 3.819572 -12.625632 10.119024 -20.549458 11.816605 2.862962 -6.880739
-6.283388 -2.234774 0.842098 0.045523 15.885742 -1.520797 15.778784 25.371161 -22.071014 -20.488970 -9.157859 -2.309173 -9.265025 -19.980286 6.555104 17.349262 2.778613 -17.731565 -17.107241 -27.944984 6.124593 -12.593348 -5.088051 3.908687 -12.862811 10.044373 -20.560202 11.752325 2.883756 -6.867997
-6.212928 -2.207647 0.811774 0.031981 15.903905 -1.560503 15.771327 25.382809 -22.075741 -20.493074 -9.133041 -2.334219 -9.279639 -20.012520 6.549831 17.336048 2.859579 -17.737732 -17.094461 -27.922222 6.136687 -12.643291 -5.080350 3.920189 -12.876497 10.106132 -20.577879 11.740473 2.915952 -6.834362
-6.194520 -2.215864 0.805049 0.043023 15.895411 -1.570724 15.760515 25.384537 -22.084414 -20.506453 -9.099804 -2.326802 -9.298450 -19.996126 6.610763 17.319595 2.882920 -17.745728 -17.096252 -27.898315 6.165302 -12.658950 -5.085163 3.928973 -12.876690 10.145794 -20.602245 11.711246 2.939685 -6.820857
-6.194235 -2.216090 0.804438 0.043195 15.895141 -1.571614 15.760798 25.384726 -22.084621 -20.506594 -9.099604 -2.326955 -9.298362 -19.996164 6.611055 17.319431 2.883470 -17.745876 -17.096214 -27.898279 6.165235 -12.661103 -5.085470 3.928382 -12.877057 10.145495 -20.603365 11.711733 2.939703 -6.819163
-6.188664 -2.216694 0.798766 0.039606 15.898138 -1.573431 15.760030 25.384649 -22.082447 -20.504971 -9.096962 -2.331748 -9.300128 -19.998737 6.606225 17.319332 2.890557 -17.745131 -17.095613 -27.890856 6.164147 -12.663831 -5.085229 3.928416 -12.878776 10.144361 -20.603428 11.712605 2.939529 -6.818795
-6.184133 -2.224844 0.790029 0.045349 15.891567 -1.572575 15.765028 25.373652 -22.089687 -20.507118 -9.098718 -2.327163 -9.298553 -19.995258 6.609453 17.319912 2.883516 -17.747324 -17.098379 -27.900759 6.167308 -12.660791 -5.086029 3.930311 -12.875531 10.144892 -20.603466 11.710907 2.939439 -6.819883
-6.184258 -2.225092 0.789849 0.045517 15.891717 -1.572848 15.764768 25.374184 -22.089573 -20.507032 -9.098608 -2.326692 -9.299079 -19.995499 6.609391 17.319054 2.883821 -17.747284 -17.098692 -27.900524 6.167231 -12.660711 -5.085069 3.929516 -12.876462 10.144327 -20.603638 11.711411 2.939534 -6.819425
-6.184315 -2.221326 0.766760 0.030559 15.892278 -1.579117 15.781902 25.379278 -22.098492 -20.477531 -9.109489 -2.369164 -9.286632 -20.032364 6.540919 17.330122 2.901411 -17.727446 -17.090969 -27.888376 6.158718 -12.655236 -5.084270 3.932290 -12.875599 10.132110 -20.592516 11.720551 2.932109 -6.827965
-6.201482 -2.210991 0.776524 0.021335 15.896645 -1.568697 15.788879 25.377296 -22.095072 -20.470655 -9.126145 -2.368593 -9.278245 -20.035927 6.516040 17.338856 2.884069 -17.724617 -17.090620 -27.901215 6.146886 -12.655887 -5.085825 3.926227 -12.876237 10.117360 -20.586525 11.732475 2.926250 -6.830075
-6.202091 -2.210861 0.777036 0.021458 15.896270 -1.568636 15.789100 25.377337 -22.095036 -20.470709 -9.126494 -2.370291 -9.277514 -20.036463 6.513394 17.340309 2.881206 -17.723896 -17.090363 -27.900717 6.147798 -12.655376 -5.085209 3.927064 -12.875991 10.118449 -20.586441 11.732574 2.926758 -6.830471
-6.202055 -2.210626 0.777136 0.021286 15.896265 -1.568419 15.789139 25.377234 -22.095074 -20.470722 -9.126494 -2.370291 -9.277514 -20.036463 6.513394 17.340309 2.881206 -17.723896 -17.090363 -27.900717 6.147798 -12.655376 -5.085209 3.927064 -12.875991 10.118449 -20.586441 11.732574 2.926758 -6.830471
-6.202055 -2.210626 0.777136 0.021286 15.896265 -1.568419 15.789139 25.377234 -22.095074 -20.470722 -9.126494 -2.370291 -9.277514 -20.036463 6.513394 17.340309 2.881206 -17.723896 -17.090363 -27.900717 6.147485 -12.655881 -5.085184 3.926715 -12.876332 10.118121 -20.586525 11.732847 2.926730 -6.830125
-6.202055 -2.210626 0.777136 0.021286 15.896265 -1.568419 15.789139 25.377234 -22.095074 -20.470722 -9.126494 -2.370291 -9.277514 -20.036463 6.513394 17.340309 2.881206 -17.723896 -17.090363 -27.900717 6.147798 -12.655376 -5.085209 3.927064 -12.875991 10.118449 -20.586441 11.732574 2.926758 -6.830471
-6.195289 -2.211869 0.767748 0.018031 15.897209 -1.572645 15.790590 25.380264 -22.096878 -20.466154 -9.111633 -2.374902 -9.284968 -20.035536 6.531508 17.333799 2.897802 -17.725266 -17.090759 -27.883930 6.162943 -12.652587 -5.084209 3.933075 -12.873901 10.136085 -20.593094 11.717364 2.933704 -6.827939
-6.195289 -2.211869 0.767748 0.018031 15.897209 -1.572645 15.790590 25.380264 -22.096878 -20.466154 -9.111410 -2.374919 -9.285018 -20.035515 6.531693 17.333565 2.898340 -17.725409 -17.090784 -27.883863 6.162743 -12.654969 -5.084167 3.932717 -12.874949 10.135859 -20.593733 11.717965 2.933954 -6.826925
-6.195289 -2.211869 0.767748 0.018031 15.897209 -1.572645 15.790590 25.380264 -22.096878 -20.466154 -9.111410 -2.374919 -9.285018 -20.035515 6.531693 17.333565 2.898340 -17.725409 -17.090784 -27.883863 6.163062 -12.654428 -5.084196 3.933061 -12.874596 10.136196 -20.593643 11.717684 2.933991 -6.827278
-6.183444 -2.218135 0.769520 0.028456 15.895260 -1.580642 15.779741 25.377962 -22.094387 -20.479450 -9.108738 -2.372578 -9.286764 -20.033234 6.537805 17.330475 2.903190 -17.726669 -17.090662 -27.884964 6.159907 -12.656157 -5.084485 3.931155 -12.874751 10.132423 -20.594143 11.720344 2.933383 -6.827941
-6.183483 -2.218369 0.769420 0.028627 15.895267 -1.580858 15.779704 25.378063 -22.094351 -20.479439 -9.108738 -2.372578 -9.286764 -20.033234 6.537805 17.330475 2.903190 -17.726669 -17.090662 -27.884964 6.159907 -12.656157 -5.084485 3.931155 -12.874751 10.132423 -20.594143 11.720344 2.933383 -6.827941
-6.183483 -2.218369 0.769420 0.028627 15.895267 -1.580858 15.779704 25.378063 -22.094351 -20.479439 -9.108738 -2.372578 -9.286764 -20.033234 6.537805 17.330475 2.903190 -17.726669 -17.090662 -27.884964 6.159587 -12.656699 -5.084456 3.930811 -12.875104 10.132087 -20.594233 11.720625 2.933345 -6.827588
