-1.447111 -7.392465 1.812652 -6.427672 12.725516 -6.632503 19.586746 5.673236 -14.284164 -17.271446 -8.850180 -7.611632 -17.002411 -5.131799 9.736169 8.540471 4.169946 -1.958496 -22.264713 -0.023596 5.221626 -8.148805 -0.207767 2.728750 -17.876057 7.124997 -12.389382 16.917339 4.901563 -0.974894
-1.516703 -7.404527 1.768429 -6.399258 12.726205 -6.637584 19.589462 5.638877 -14.314596 -17.271429 -8.899516 -7.601591 -16.862375 -5.107904 9.803691 8.554981 4.307499 -2.054726 -22.279524 0.051074 5.235578 -8.140607 -0.195606 2.703994 -17.872374 7.128369 -12.427171 16.909344 4.886776 -0.964833
-1.680597 -7.438514 1.692757 -6.336050 12.752315 -6.631433 19.612345 5.641557 -14.413432 -17.278431 -8.878897 -7.630471 -16.627544 -5.105177 9.913579 8.625944 4.472832 -2.304574 -22.363255 0.062545 5.267385 -8.123792 -0.144147 2.635144 -17.874527 7.145288 -12.517743 16.882864 4.858042 -0.901829
-1.853893 -7.477759 1.562465 -6.280024 12.820695 -6.640648 19.625702 5.623097 -14.533037 -17.263744 -8.825224 -7.666664 -16.466234 -5.126277 9.992929 8.697021 4.600459 -2.499605 -22.432016 0.061030 5.335145 -8.090861 -0.045013 2.514117 -17.873486 7.177059 -12.646919 16.865849 4.836455 -0.805758
-2.126316 -7.522848 1.349797 -6.135508 12.934783 -6.610167 19.618973 5.685134 -14.774868 -17.265667 -8.652620 -7.741078 -16.136738 -5.207140 10.083647 8.985353 4.755998 -2.991218 -22.602640 0.011757 5.421406 -8.060159 0.058156 2.438725 -17.834171 7.223287 -12.746802 16.864876 4.824420 -0.719069
-2.463759 -7.667421 1.363715 -5.923184 12.887464 -6.542189 19.706987 5.992190 -15.025205 -17.450262 -8.198480 -7.818742 -16.152534 -5.366828 9.982700 9.545211 4.576882 -3.354462 -22.578205 -0.063844 5.593930 -8.143871 0.077274 2.393317 -17.580570 7.352931 -13.006589 16.864033 4.813215 -0.841163
-3.196082 -7.909087 1.374276 -5.534159 12.744295 -6.326033 19.898191 6.329103 -15.462913 -17.729609 -7.531940 -7.895513 -16.435497 -5.607102 9.677509 10.430959 4.110209 -3.731816 -22.398046 -0.205176 5.793763 -8.270772 -0.100842 2.639141 -17.120695 7.487517 -13.139077 16.846371 4.780591 -1.172431
-4.051926 -8.228493 1.237801 -5.090248 12.703831 -6.042649 20.106258 6.669285 -16.024071 -17.977510 -6.948142 -8.001439 -16.328255 -5.853655 9.586939 11.129597 4.000737 -4.412968 -22.485209 -0.407835 6.200937 -8.338622 -0.123030 2.908564 -16.581577 7.672505 -13.353605 16.848785 4.754452 -1.433754
-4.774042 -8.637359 1.108953 -4.774082 12.540139 -5.677542 20.279064 6.971948 -16.425381 -18.240358 -6.011626 -8.153196 -16.772640 -6.290724 9.203848 12.004023 3.508271 -4.797199 -22.427578 -0.642640 6.416285 -8.421209 -0.288246 3.230707 -16.268265 7.777713 -13.458026 16.730385 4.701911 -1.836046
-5.374055 -8.986530 0.757953 -4.548444 12.551983 -5.447078 20.466568 6.984457 -16.852528 -18.390209 -5.867142 -8.133642 -16.972858 -6.340219 9.217896 12.114858 3.554798 -4.850834 -22.373844 -0.714973 6.623875 -8.483834 -0.273581 3.282153 -16.097021 7.924003 -13.728950 16.605400 4.684969 -1.989278
-5.615435 -9.143381 0.453956 -4.416190 12.557014 -5.198705 20.458542 7.254011 -17.104431 -18.535776 -5.566176 -8.182944 -16.756142 -6.620564 9.174198 12.281360 3.568856 -5.495334 -22.644562 -1.073505 6.834228 -8.577008 -0.330960 3.269427 -15.973865 7.993182 -14.015862 16.474119 4.680865 -2.106125
-5.738832 -8.940666 -0.014582 -4.341060 12.826135 -5.172276 20.256958 7.658518 -17.399677 -18.557497 -5.314145 -8.218604 -16.571716 -6.878328 9.100307 12.397918 3.487020 -6.028734 -22.917082 -1.433404 6.944656 -8.737685 -0.354598 3.046083 -15.940754 8.146550 -14.429639 16.304066 4.711966 -2.121696
-5.711472 -8.628345 -0.584272 -4.379198 13.122809 -5.077608 19.977673 8.101392 -17.700504 -18.579893 -5.064163 -8.192272 -16.776596 -7.163264 8.724539 12.484114 3.040443 -6.363840 -22.991976 -2.009499 6.841700 -8.872581 -0.567016 3.098292 -15.881095 8.166154 -14.542343 16.179024 4.652539 -2.284683
-5.371245 -8.156363 -0.866032 -4.408418 13.451629 -5.040784 19.526628 8.837526 -17.748638 -18.555983 -4.885836 -8.216997 -16.789127 -7.383047 8.438527 12.534506 2.774139 -6.729490 -23.162706 -2.517099 6.671299 -9.079133 -0.876513 3.208114 -15.806689 8.216656 -14.612267 15.999847 4.617162 -2.419254
-5.100276 -7.842205 -1.109613 -4.410070 13.722210 -5.007644 19.182987 9.326771 -17.822720 -18.530119 -4.755514 -8.310037 -16.554569 -7.560530 8.426785 12.400114 2.801147 -7.242126 -23.464180 -3.061200 6.607721 -9.142842 -0.923777 3.036902 -15.881770 8.226983 -14.887338 15.830693 4.515296 -2.423939
-4.801957 -7.567257 -1.212851 -4.634319 13.847892 -5.053758 18.889992 9.676325 -17.758810 -18.624720 -4.676994 -8.367089 -16.629959 -7.698394 8.282910 12.286060 2.673241 -7.425066 -23.579370 -3.530774 6.468692 -9.312806 -1.231997 3.164626 -15.856893 8.245575 -14.953357 15.632348 4.460057 -2.535495
-4.501092 -7.241217 -1.384871 -4.788560 14.011683 -5.117434 18.616459 10.067741 -17.806631 -18.709146 -4.607703 -8.424765 -16.636425 -7.760346 8.173636 12.343077 2.561559 -7.590805 -23.731447 -3.812339 6.394412 -9.411235 -1.384245 3.177530 -15.872595 8.254208 -15.007770 15.557772 4.438758 -2.560408
-4.262481 -6.971227 -1.474900 -4.837235 14.203197 -5.232173 18.404045 10.348372 -17.836823 -18.716185 -4.628995 -8.454437 -16.553776 -7.761955 8.205668 12.317752 2.622531 -7.691121 -23.827785 -3.890191 6.316655 -9.375401 -1.339356 3.012623 -15.994638 8.225586 -15.097736 15.528370 4.371296 -2.398610
-4.094257 -6.792381 -1.532062 -4.851359 14.311072 -5.275020 18.241348 10.589472 -17.863787 -18.737154 -4.620139 -8.550819 -16.371849 -7.768263 8.304400 12.296854 2.732270 -7.842235 -23.952381 -4.008880 6.285746 -9.413768 -1.395588 3.006821 -16.012043 8.238297 -15.146018 15.480620 4.353870 -2.431497
-4.018281 -6.713213 -1.545364 -4.867148 14.359513 -5.302550 18.172556 10.678190 -17.860039 -18.740376 -4.625373 -8.575631 -16.281143 -7.764050 8.358912 12.292749 2.796780 -7.911922 -23.994698 -4.024413 6.278902 -9.443192 -1.448770 3.039424 -15.991401 8.245325 -15.168208 15.456670 4.343337 -2.502377
-3.953316 -6.723998 -1.278127 -4.863725 14.285233 -5.363583 18.131744 10.843497 -17.717779 -18.815723 -4.536386 -8.567706 -16.544376 -7.826594 8.182080 12.298629 2.515720 -7.742228 -23.977345 -4.177444 6.275090 -9.497043 -1.611556 3.249403 -15.884242 8.236960 -15.108112 15.439882 4.325519 -2.749910
-3.553899 -6.671130 -0.367570 -4.803544 13.994454 -5.452419 17.974041 11.414448 -17.254810 -19.062292 -4.315055 -8.548344 -17.445744 -7.903936 7.687006 12.416357 1.674515 -7.034578 -23.686806 -4.454525 6.250915 -9.557494 -1.976885 3.740374 -15.649907 8.132708 -14.943702 15.407134 4.222894 -3.357452
-2.824601 -6.704134 1.163643 -4.742732 13.013695 -5.840382 17.962078 12.096743 -16.395281 -19.588051 -3.682534 -8.694650 -18.799404 -8.205533 7.003578 12.553414 0.369946 -5.928813 -23.506325 -5.042676 6.143833 -9.913817 -2.698459 4.654621 -15.181064 8.297379 -14.581326 15.364726 4.329667 -4.380095
-1.552450 -6.455447 3.357956 -4.491966 12.124183 -6.595581 18.007244 13.442383 -15.370536 -20.230082 -2.961983 -8.852330 -20.726131 -8.639878 6.090320 12.223956 -1.358238 -4.267712 -23.149031 -5.870940 6.062511 -10.244170 -3.487830 5.896888 -14.635997 8.281110 -13.960087 15.474638 4.510041 -5.889564
0.164252 -5.563580 5.777669 -4.818243 11.576129 -7.268691 17.771278 14.766601 -13.841835 -20.581816 -2.058805 -9.224469 -22.048683 -9.214984 5.664861 11.691174 -2.705730 -2.991210 -22.973597 -6.662382 6.294747 -10.818212 -4.437035 7.180887 -13.916320 8.427857 -13.383741 15.521907 4.970934 -7.519021
2.012795 -4.643683 7.872842 -5.526181 11.243922 -7.415853 17.297810 15.821893 -12.300692 -20.732744 -1.009256 -9.255992 -24.304012 -10.494830 5.085883 10.282665 -4.014245 -1.314853 -23.247147 -7.398879 6.381989 -11.572392 -5.628670 8.389124 -13.490175 8.851554 -12.730862 15.151117 5.514417 -8.572181
2.785399 -6.879824 9.747199 -5.670828 11.460752 -4.860590 16.352594 16.698372 -9.773115 -20.167004 0.084260 -9.016373 -27.201220 -11.141284 4.129113 10.205095 -5.151763 0.105523 -22.378319 -7.772965 6.069890 -12.588524 -7.573310 9.611938 -13.373227 9.031588 -11.635921 14.643015 5.901422 -8.394873
4.105328 -11.546989 10.326406 -6.254056 11.112988 1.933120 13.922467 17.753447 -7.379279 -21.172800 1.630047 -8.260533 -32.289906 -11.677817 4.371452 8.455515 -3.123536 2.327155 -19.524471 -6.477770 6.940878 -12.632668 -8.739914 10.681547 -15.124305 8.141141 -10.275880 13.339212 6.621584 -7.328283
4.620251 -15.242143 11.695487 -7.179851 9.306858 5.725765 12.813713 17.124481 -5.020103 -22.349813 2.602472 -6.619143 -37.120026 -13.275804 5.481434 5.468174 0.004612 3.924592 -16.192169 -4.573502 7.009220 -13.030994 -10.417240 10.661124 -17.018675 7.605367 -9.382750 11.934074 7.308352 -5.866750
5.160087 -18.330673 12.055202 -9.961174 8.045983 8.563104 11.112687 16.856697 -2.371610 -23.094652 1.334774 -4.507949 -39.520336 -13.845359 5.632648 3.480065 1.094985 5.404250 -13.721601 -1.801867 5.585422 -13.687729 -13.094403 10.810305 -18.460518 6.875413 -7.798659 11.046663 7.306509 -4.015842
7.326992 -21.008181 13.458310 -11.249842 9.031757 8.870935 9.076448 15.088149 2.310172 -20.994368 -1.080477 -1.939642 -40.949726 -13.979211 4.985760 2.208555 0.786170 7.108016 -11.741286 1.723703 3.985896 -14.160163 -15.169218 10.378520 -18.910194 6.415876 -5.777084 11.553574 7.280696 -0.540698
10.029869 -22.488947 14.393466 -12.621117 8.778272 5.408518 8.503637 12.041972 6.520494 -19.823465 -3.076278 0.926409 -41.330513 -14.699874 4.782764 1.132333 0.200713 8.283784 -10.662353 6.230209 3.019466 -13.699744 -15.880591 9.507298 -18.927219 5.957672 -3.625864 13.082471 7.223535 3.080124
11.363094 -23.338366 15.253663 -14.880118 7.535620 0.794381 10.442865 8.247709 9.243190 -18.828072 -5.964613 3.022523 -40.681358 -14.311248 4.460202 1.579611 -0.202567 9.284206 -9.169879 10.369808 1.824841 -12.838855 -15.760193 9.527356 -19.012526 5.733881 -1.270873 14.441630 6.950823 6.049426
12.436244 -24.174709 13.413775 -15.405644 7.384946 -3.531515 12.053013 4.929924 9.734500 -18.014429 -9.027633 3.636099 -39.214813 -13.199220 3.567766 3.338500 -1.156928 9.787343 -7.730562 12.172718 0.488651 -11.572680 -16.206301 9.911770 -19.349060 5.310917 0.999395 14.677433 6.166123 7.533381
11.753124 -24.545652 10.647574 -15.798475 7.789470 -6.766629 12.812239 3.104262 9.396061 -17.271053 -12.111694 4.451379 -38.234711 -11.757314 2.695143 4.265366 -1.035585 10.022133 -6.703795 13.265417 -0.216407 -10.177640 -16.807505 9.787431 -19.890001 4.823269 2.682385 14.084826 5.332144 8.969482
11.036623 -24.872934 9.210934 -16.196074 7.474762 -9.275067 13.617832 0.363534 8.935565 -17.203156 -14.892983 5.042192 -37.684135 -9.757878 2.099256 5.415221 -0.223777 9.893416 -5.393046 13.660940 -0.498070 -8.243314 -16.772539 10.052983 -20.889500 4.273943 3.295097 12.487438 3.964676 9.600017
9.628265 -24.671698 7.377499 -17.235966 7.655330 -11.021326 14.321280 -1.139869 8.525228 -16.665834 -16.581844 5.180352 -36.823906 -7.266891 1.819839 7.143441 0.502468 9.560161 -4.732361 13.787643 -0.840772 -6.928653 -16.659853 10.141803 -21.718594 3.752995 3.305533 11.303314 2.833550 9.926255
8.901370 -23.406698 6.268512 -18.091661 8.221876 -12.059576 14.652275 -2.388045 7.972335 -15.932238 -17.832439 5.416544 -35.806564 -5.393674 2.006445 8.311368 1.397530 9.013461 -4.324111 14.162395 -0.830588 -6.253973 -16.497942 10.108136 -22.320576 3.523797 3.084536 10.508976 2.353642 10.106347
8.141619 -22.913195 5.296798 -18.601852 8.497396 -13.151245 14.770936 -2.707278 7.866725 -15.175950 -18.667004 5.533680 -35.145332 -4.344883 2.408369 8.618711 1.967171 9.012908 -4.062912 14.607729 -1.093903 -5.745973 -16.492821 10.053393 -22.854940 3.304096 3.045412 10.024421 1.969007 10.228008
8.045214 -22.732885 5.157810 -18.754452 8.617841 -13.442461 15.000504 -3.043128 7.876174 -14.897701 -18.954987 5.529738 -34.893295 -3.990460 2.508580 8.741296 2.212981 8.930878 -4.000957 14.637889 -1.119117 -5.533406 -16.393890 10.033166 -23.085009 3.241700 3.023893 9.867669 1.865637 10.281221
8.099049 -22.715775 5.165110 -18.817785 8.626346 -13.443619 14.987848 -3.114789 7.902379 -14.920875 -18.978741 5.544682 -34.908836 -3.943486 2.515430 8.761711 2.241668 8.929627 -3.979081 14.650293 -1.133101 -5.537974 -16.397207 10.056951 -23.085451 3.246451 3.018698 9.846323 1.848748 10.269007
8.173579 -22.537218 5.271167 -19.097340 8.667832 -13.469713 14.927545 -3.259351 8.006018 -14.917497 -19.092339 5.505648 -34.820866 -3.834140 2.483003 8.895340 2.168681 8.944605 -3.944903 14.581887 -1.165940 -5.528309 -16.400597 10.066731 -23.098820 3.225215 2.996863 9.822019 1.808127 10.266342
8.179171 -22.281242 5.353979 -19.501612 8.725604 -13.478334 14.797642 -3.406077 8.145303 -14.946259 -19.281158 5.499559 -34.685650 -3.677488 2.422550 9.071924 2.137034 8.926923 -3.897950 14.562774 -1.262378 -5.538133 -16.437086 10.125228 -23.117378 3.201416 2.991066 9.772015 1.730004 10.258180
7.998604 -22.020288 5.555333 -19.824259 8.899754 -13.304016 14.637733 -3.740609 8.261363 -14.986080 -19.543520 5.423728 -34.470741 -3.394739 2.342143 9.400102 2.054112 8.858418 -3.819240 14.396367 -1.406164 -5.408271 -16.399799 10.163335 -23.213503 3.112916 2.981748 9.694241 1.550944 10.304639
7.957506 -21.767796 5.627440 -20.050535 9.088241 -13.127674 14.516760 -4.019688 8.250484 -15.000233 -19.808792 5.356481 -34.226284 -3.038750 2.290649 9.720876 2.060193 8.795707 -3.738516 14.267233 -1.531021 -5.385426 -16.453838 10.116354 -23.235546 3.043081 2.948602 9.649688 1.417133 10.419712
7.680817 -21.303675 5.711238 -20.249990 9.690348 -12.792835 13.921660 -4.332514 8.231768 -14.925427 -20.087107 5.305945 -33.902000 -2.715063 2.326174 10.107586 2.022891 8.634583 -3.680162 14.171567 -1.640530 -5.406810 -16.404072 10.130563 -23.245026 2.986147 2.897642 9.649548 1.320337 10.485088
7.215581 -20.783518 5.689531 -20.483782 10.352023 -12.574736 13.308833 -4.727837 8.226342 -14.742603 -20.331577 5.183168 -33.658131 -2.508600 2.359359 10.383284 1.937506 8.627162 -3.546212 14.112696 -1.819857 -5.210485 -16.398005 10.059716 -23.438145 2.845059 2.916566 9.553852 1.112920 10.607441
6.740499 -20.340147 5.950930 -20.529909 10.961076 -12.223859 12.694292 -5.158446 8.309732 -14.595968 -20.647797 5.087809 -33.127831 -2.050109 2.609025 10.852727 2.115095 8.315243 -3.459543 14.071964 -1.910360 -5.223036 -16.256701 9.987463 -23.329769 2.835007 2.776932 9.642111 1.009919 10.715716
6.308623 -20.044352 6.233294 -20.571857 11.420367 -11.740983 12.229179 -5.626726 8.386353 -14.518902 -20.727360 4.875269 -32.629158 -1.895954 2.950460 11.101805 2.242222 8.133207 -3.442610 14.085052 -2.075518 -5.097108 -16.061708 9.835084 -23.381687 2.659574 2.635724 9.749786 0.766035 10.780149
6.040707 -19.791067 6.265318 -20.379976 11.928095 -11.278288 11.935326 -5.925067 8.230437 -14.269352 -20.757830 4.576524 -32.069447 -1.650322 3.294212 11.456231 2.327961 8.088858 -3.446179 14.004644 -2.123732 -4.967783 -15.826742 9.708703 -23.320717 2.573196 2.497689 9.873098 0.616136 10.824209
5.700682 -19.714300 6.627200 -20.126514 12.209620 -10.900925 11.752632 -6.151213 8.262825 -14.114371 -20.797319 4.271884 -31.667866 -1.412565 3.477292 11.836174 2.216407 8.034010 -3.463006 13.776929 -2.157259 -4.779121 -15.532092 9.539992 -23.360395 2.503840 2.333221 9.939093 0.457557 10.931111
5.554516 -19.663862 6.691876 -19.833040 12.290946 -10.610554 11.869301 -6.479756 8.024460 -14.098652 -21.011393 4.221581 -31.043139 -1.163321 3.877396 12.048780 2.358124 7.767092 -3.578993 13.888771 -2.253404 -4.744582 -15.393034 9.379850 -23.201077 2.486659 2.170662 10.134356 0.347377 10.975450
5.237024 -19.732954 6.673093 -19.492538 12.454352 -10.218954 11.888361 -6.958834 7.738822 -14.010045 -21.147776 4.138063 -30.484913 -0.995134 4.129241 12.239523 2.422709 7.474090 -3.742796 13.910954 -2.363696 -4.551568 -15.127824 9.139241 -23.165348 2.377604 2.000219 10.308161 0.165930 11.050279
4.856958 -19.537262 6.590845 -19.170607 12.754081 -10.170043 11.746199 -6.965605 7.397071 -13.988525 -21.283298 4.192481 -30.129436 -0.847799 4.406958 12.339050 2.598993 7.199965 -3.814586 13.955608 -2.350084 -4.427311 -14.879444 8.940189 -23.061268 2.311155 1.827808 10.508430 0.100151 11.019129
4.613152 -19.393095 6.563003 -18.752377 12.855594 -10.218330 11.760253 -6.955592 7.020922 -14.036978 -21.375019 4.239106 -29.824190 -0.788045 4.653413 12.313742 2.840319 6.915679 -3.876896 14.034165 -2.276091 -4.289487 -14.613565 8.653769 -22.960224 2.251748 1.667761 10.732359 0.092956 11.094364
4.514537 -19.423176 6.477615 -18.443985 13.085092 -10.023432 11.671734 -7.166284 6.790856 -13.932912 -21.503176 4.260203 -29.509325 -0.732680 4.865606 12.241201 3.030260 6.565986 -4.008635 13.979128 -2.182909 -4.284665 -14.449511 8.379600 -22.783649 2.239239 1.461397 10.935575 0.121235 11.147964
4.316611 -19.443262 6.300053 -18.305262 13.218247 -10.007441 11.612429 -7.312311 6.597974 -13.839236 -21.593943 4.213707 -29.223005 -0.605445 5.065645 12.232540 3.252886 6.290874 -4.089489 13.859360 -2.106643 -4.268871 -14.351493 8.219489 -22.633991 2.215639 1.366802 11.117831 0.140070 11.149781
4.343559 -19.479033 6.160416 -18.127972 13.298174 -10.059324 11.672676 -7.482417 6.446994 -13.739739 -21.647400 4.131047 -28.958185 -0.617668 5.203509 12.143970 3.402992 6.103469 -4.217802 13.774514 -1.999149 -4.222480 -14.212273 8.088178 -22.592396 2.221524 1.232346 11.169226 0.149624 11.125507
4.349417 -19.586990 6.121510 -17.953247 13.302547 -9.946411 11.729731 -7.609597 6.352484 -13.726763 -21.666946 4.028603 -28.813881 -0.658811 5.231429 12.076949 3.469325 6.037191 -4.298526 13.688231 -1.938448 -4.131259 -14.122883 8.033363 -22.638527 2.225610 1.170352 11.121496 0.131206 11.144855
4.337692 -19.617220 6.103114 -17.857651 13.295010 -9.927540 11.771719 -7.639323 6.294256 -13.727638 -21.683437 4.003434 -28.754059 -0.670853 5.248626 12.050755 3.493665 6.016924 -4.327777 13.687958 -1.926564 -4.118437 -14.097865 8.027036 -22.624332 2.225287 1.154177 11.136871 0.130149 11.124285
4.319998 -19.655119 5.989075 -17.838991 13.325580 -9.918116 11.768294 -7.724697 6.236322 -13.695593 -21.719479 3.997888 -28.633469 -0.643639 5.305608 12.055334 3.553516 5.920671 -4.369601 13.691015 -1.881852 -4.111462 -14.030197 7.975349 -22.632984 2.215262 1.114898 11.161624 0.137578 11.180565
4.267630 -19.682440 5.832839 -17.805864 13.418484 -9.882483 11.741550 -7.931607 6.159079 -13.600391 -21.775732 4.000314 -28.491106 -0.569287 5.397262 12.038279 3.671059 5.780490 -4.425647 13.672018 -1.780702 -4.024912 -13.801549 7.787822 -22.676262 2.173860 0.953744 11.197085 0.112506 11.243160
4.255193 -19.820120 5.617816 -17.692156 13.540786 -9.822271 11.686897 -8.390369 6.083613 -13.479751 -21.919672 4.052377 -28.190132 -0.356998 5.578803 12.082757 3.941823 5.428903 -4.509254 13.666761 -1.673280 -3.891746 -13.460952 7.518008 -22.737532 2.106242 0.769082 11.294064 0.080929 11.383667
4.030762 -19.967226 5.156900 -17.636019 13.632188 -9.810388 11.624442 -8.787157 5.838992 -13.370489 -22.093697 4.117955 -27.828989 -0.143568 5.789790 12.089798 4.257438 4.992432 -4.643721 13.622599 -1.602469 -3.719668 -13.130369 7.276700 -22.848101 1.993580 0.665078 11.414280 0.021783 11.596120
3.678615 -20.183878 4.352303 -17.303627 13.782769 -9.560880 11.693122 -8.863410 5.194291 -13.305891 -22.245888 4.159882 -27.309143 0.007974 6.051951 12.120133 4.584617 4.420754 -4.866102 13.602137 -1.509250 -3.499674 -12.757031 6.942413 -22.965521 1.869862 0.545725 11.562234 -0.050625 11.845694
3.390297 -20.465883 3.624825 -16.890623 13.992902 -9.125763 11.534856 -8.811420 4.644702 -13.265627 -22.437321 4.169393 -26.800674 0.189832 6.266462 12.154305 4.972898 3.806918 -5.132545 13.510178 -1.360146 -3.317219 -12.228413 6.475734 -23.106873 1.767238 0.246322 11.647156 -0.129002 12.213120
2.812850 -21.061384 2.952721 -16.270338 14.118692 -8.694533 11.506641 -8.878531 4.099828 -13.290234 -22.680937 4.207819 -26.202555 0.083004 6.532068 11.970935 5.322408 3.138004 -5.476739 13.355244 -1.127806 -3.217452 -11.776602 6.073500 -23.200474 1.694421 0.002956 11.778170 -0.123224 12.552773
2.421394 -21.399292 2.274668 -15.619397 14.225538 -8.650994 11.708359 -9.173291 3.507687 -13.207676 -22.952623 4.249812 -25.608688 -0.139529 6.808044 11.706543 5.514014 2.590042 -5.787186 13.157494 -0.863722 -3.008400 -11.164679 5.645224 -23.397997 1.519424 -0.308432 11.882849 -0.206036 12.935120
2.281041 -21.471449 1.765168 -14.787064 14.321325 -8.520006 11.851557 -9.305374 2.750597 -13.179213 -23.254723 4.352458 -24.979250 -0.420759 7.034373 11.425735 5.714124 1.882897 -6.169985 12.997942 -0.675767 -2.870564 -10.764853 5.307846 -23.446396 1.429947 -0.534216 11.948536 -0.246185 13.141852
2.707996 -21.543198 0.527417 -14.350110 14.978841 -7.904716 11.426702 -9.620841 2.069937 -13.149920 -23.460293 4.487354 -24.395779 -0.619551 7.283485 11.212708 6.114320 1.088045 -6.535946 12.972303 -0.379901 -2.735253 -10.276413 4.963423 -23.515322 1.364340 -0.882002 11.943855 -0.291179 13.289746
2.705675 -21.579397 -0.423856 -13.981482 15.485211 -7.649836 11.158669 -10.085400 1.459464 -13.119371 -23.583706 4.440535 -23.734779 -1.116356 7.581757 10.684278 6.477950 0.470267 -6.985123 12.820227 -0.135643 -2.750650 -9.859476 4.585941 -23.495085 1.357710 -1.351946 11.938049 -0.327489 13.264971
2.721911 -21.640213 -1.291674 -13.386853 15.995341 -7.180793 11.322611 -10.555679 0.641147 -12.973909 -23.735806 4.406103 -23.090534 -1.487656 7.769412 10.268475 6.411363 0.166883 -7.404369 12.756165 0.135663 -2.729431 -9.350821 4.072180 -23.374331 1.395979 -1.847916 12.027111 -0.369776 13.189320
2.501326 -21.541079 -1.727873 -12.946992 16.384729 -7.210265 11.989847 -11.002219 0.040045 -12.635593 -23.920959 4.207918 -22.513821 -1.798599 7.956609 9.759997 6.477021 -0.054094 -7.761763 12.413016 0.467535 -2.714059 -8.981342 3.385702 -23.278421 1.460178 -2.401290 12.051098 -0.364745 13.111997
2.638232 -21.537924 -1.867669 -12.932835 16.562763 -7.689927 12.844578 -11.740588 0.120001 -11.834051 -24.182394 4.043755 -21.729353 -1.871454 8.023409 9.827107 6.371572 -0.504098 -8.058492 12.140382 0.844193 -2.677094 -8.541346 2.517613 -23.165806 1.463994 -3.009401 12.207747 -0.367748 13.107874
2.921596 -4.419997 -4.817593 -20.346552 10.073583 -6.572229 20.620438 -10.176795 -14.501068 -17.994738 -14.878293 4.817265 -19.336464 3.037507 15.187758 7.772978 8.895198 -7.727337 -18.448528 10.262288 0.243555 3.324118 -1.275502 4.543097 -22.379128 6.820504 2.070311 17.107161 4.552758 6.920065
2.836664 -3.849748 -4.608166 -19.510164 10.460720 -6.812626 21.325418 -10.336945 -15.092102 -17.252203 -14.817837 4.464649 -17.932707 2.311502 15.292687 8.183740 8.177377 -8.210650 -19.030445 9.971297 0.724285 3.666801 -0.629568 4.151191 -22.250378 6.888120 1.464481 17.059124 4.389480 6.817974
3.442857 -3.140518 -4.481937 -18.690165 10.875260 -6.811110 21.493078 -9.922790 -15.784285 -16.777433 -14.566606 4.127910 -16.635529 1.619410 15.478829 8.657710 7.320825 -8.484076 -19.560606 9.917154 1.191007 4.054279 0.347358 3.801082 -22.087940 6.960309 0.681809 17.153076 4.192755 6.394172
4.200219 -2.563733 -4.473108 -17.821747 11.301925 -6.543437 21.663057 -9.627642 -16.440502 -16.259375 -14.202827 3.602338 -15.336798 0.670918 15.428033 9.137557 6.258356 -8.565244 -20.102262 10.187606 1.651062 4.254143 1.400662 3.651513 -21.689072 7.204179 -0.260974 17.326420 4.071268 5.672815
5.431166 -2.059219 -4.330605 -16.805771 11.550767 -5.920302 21.811615 -8.812727 -17.075064 -15.723728 -13.533007 3.114657 -14.227267 -0.282932 15.577870 9.714153 5.181411 -8.618340 -20.602888 10.824265 2.073537 4.233776 2.307738 3.554586 -21.123325 7.554867 -1.309590 17.501818 4.000212 4.672887
3.602678 -5.271361 -1.970262 -12.357197 15.798528 -4.307964 19.425175 -5.719816 -13.261642 -12.827694 -13.715752 -3.126842 -12.157579 -0.696186 12.866542 12.608652 8.999184 -6.238963 -19.546930 9.546086 3.015999 0.461698 3.865410 3.914205 -22.875576 4.827949 -4.012270 17.689165 2.658001 4.470276
4.270654 -6.045259 -0.643665 -10.298857 16.668461 -4.015812 18.990898 -4.583091 -12.334412 -11.609539 -12.649105 -4.795516 -11.084218 -1.937047 13.065290 13.115102 8.618174 -5.879729 -19.849682 9.610563 3.755514 0.507447 4.013159 4.024063 -22.096340 4.243535 -5.177778 17.549585 2.213768 3.702256
4.960765 -5.875990 0.632398 -9.438168 16.807873 -3.782491 19.551250 -4.056555 -11.957940 -11.244072 -11.825852 -5.569196 -10.723581 -2.954019 13.158261 12.914003 8.023215 -5.704259 -20.385075 9.605680 4.228784 0.112083 4.249878 4.228422 -21.691193 4.453112 -5.975132 17.463568 2.251722 2.475377
6.142960 -4.914666 2.462115 -8.731222 16.575607 -4.744899 20.182230 -3.447745 -11.444478 -11.329388 -11.162658 -6.258454 -10.503846 -3.988092 12.963823 12.624243 6.552586 -5.100300 -21.041903 9.365884 4.340245 -0.370635 4.333921 4.755061 -21.230568 4.856212 -6.589481 17.348511 2.305151 1.267432
7.343221 -4.552421 3.709608 -8.600060 16.290133 -5.268766 20.385250 -3.030607 -10.679391 -11.599086 -10.435532 -6.841425 -10.587494 -4.775761 12.782956 12.310249 5.136914 -4.269704 -21.477766 9.287646 4.446948 -0.834781 4.351648 5.324368 -20.726036 5.191276 -7.152104 17.283764 2.356505 0.180371
8.979689 -4.583542 4.850107 -8.809793 15.711349 -5.359710 20.584637 -2.608435 -9.615493 -11.662895 -9.732566 -7.192595 -10.815969 -5.521444 12.517009 12.432364 3.674255 -3.453164 -21.620878 9.683550 4.575087 -1.291373 4.294636 5.794743 -20.242840 5.435789 -7.544996 17.285221 2.436305 -0.674283
10.354844 -4.444614 5.342444 -8.777813 15.435725 -5.277987 20.810478 -1.822388 -9.205360 -11.511963 -9.164533 -7.503344 -11.366149 -6.279483 11.874229 12.704866 1.627865 -1.741653 -21.460234 10.641300 4.683513 -1.753770 4.110151 6.260225 -19.707920 5.713747 -7.825847 17.300835 2.547511 -1.441353
11.365473 -4.315280 5.649948 -8.386478 15.261214 -5.249389 20.843691 -1.024253 -8.992021 -11.619819 -8.806411 -7.704553 -11.869321 -6.863923 11.365673 12.905759 0.281953 -0.416239 -21.268435 11.333845 4.804702 -2.142333 3.979144 6.645321 -19.227980 5.920888 -8.061341 17.337727 2.645435 -2.084148
11.846687 -4.279567 5.987533 -8.285518 14.941817 -5.519925 20.792938 0.035265 -8.799774 -11.885025 -8.503299 -7.847132 -12.441581 -7.297039 11.192855 12.620267 -0.114575 0.580707 -21.217203 11.459980 4.849674 -2.519389 3.747682 7.040122 -18.812178 6.055690 -8.135009 17.392414 2.752488 -2.618177
11.965009 -4.260570 6.240359 -7.998964 14.675250 -5.673344 20.970184 0.911098 -8.882503 -11.948763 -8.193486 -7.949914 -13.314992 -7.457453 10.956112 12.274692 -0.279088 1.313517 -21.142004 11.267945 4.828311 -2.849322 3.449303 7.361335 -18.514128 6.134468 -8.064974 17.453094 2.870463 -2.860737
11.790871 -4.336816 6.749275 -7.525963 14.287531 -5.558743 21.360174 1.578591 -9.095513 -12.029244 -7.833707 -8.108015 -13.988978 -7.644660 11.001057 11.593837 0.078762 1.585148 -21.198137 10.615822 4.792592 -3.231860 3.051760 7.646252 -18.303762 6.181541 -7.967461 17.479683 3.013422 -3.013736
11.575877 -4.340264 7.097229 -7.208619 13.956059 -5.552385 21.612743 2.210821 -9.256907 -12.155563 -7.652298 -8.244695 -14.433362 -7.775683 11.073628 10.912687 0.189799 1.956944 -21.308386 9.936869 4.775585 -3.605814 2.677076 7.868557 -18.137373 6.233462 -7.926536 17.530338 3.165751 -3.161484
11.374600 -4.606887 7.353291 -6.975893 13.420902 -5.631124 22.124353 2.822107 -9.297009 -12.231993 -7.402745 -8.407818 -14.788610 -8.110236 11.138061 10.352958 0.070308 2.373006 -21.474470 9.405405 4.792624 -3.901266 2.457740 8.123703 -17.992199 6.286385 -7.840981 17.573866 3.306933 -3.186886
11.030407 -4.801340 7.348973 -6.935991 13.040703 -5.872864 22.363056 3.465546 -9.315378 -12.375750 -7.322000 -8.431572 -15.051116 -8.289886 11.191334 9.856427 -0.038864 2.678832 -21.577368 8.935366 4.744468 -4.194504 2.197019 8.302164 -17.936520 6.287820 -7.673519 17.636633 3.456119 -3.076272
10.780129 -5.007529 7.232910 -6.882128 12.842172 -6.105134 22.511581 3.970991 -9.372028 -12.567657 -7.224966 -8.482497 -15.343971 -8.480378 11.159629 9.503565 -0.179386 2.988957 -21.637163 8.634039 4.749152 -4.411602 1.989419 8.512965 -17.860569 6.305730 -7.521675 17.652924 3.579393 -3.039501
10.672773 -5.175524 7.105934 -6.995454 12.673736 -6.360919 22.552210 4.230917 -9.267634 -12.752459 -7.093279 -8.599445 -15.805973 -8.720094 11.055894 9.121218 -0.392395 3.435458 -21.689306 8.289667 4.727105 -4.594922 1.815315 8.605144 -17.868109 6.314571 -7.437697 17.645172 3.679676 -2.935655
10.537897 -5.301848 6.990965 -7.172389 12.497323 -6.497414 22.534866 4.474758 -9.215390 -12.870984 -7.016708 -8.642810 -16.136044 -8.855216 10.926322 8.867653 -0.510080 3.755062 -21.681664 8.068432 4.682900 -4.744359 1.658241 8.667113 -17.910793 6.288890 -7.339402 17.642551 3.753054 -2.803848
10.404847 -5.426811 6.883385 -7.351620 12.349500 -6.571435 22.492243 4.653718 -9.178758 -12.969828 -6.982396 -8.675564 -16.367601 -8.902377 10.838695 8.677425 -0.549975 3.951837 -21.669313 7.884853 4.681811 -4.817320 1.571003 8.744446 -17.921572 6.269019 -7.254843 17.624096 3.800695 -2.750978
10.379989 -5.527955 6.847840 -7.444004 12.248765 -6.606085 22.460054 4.789882 -9.131611 -13.062263 -7.047718 -8.671054 -16.479670 -8.894429 10.756734 8.561954 -0.525409 4.052269 -21.655954 7.729306 4.679833 -4.883183 1.511883 8.797265 -17.917988 6.272653 -7.199483 17.625099 3.840344 -2.694135
10.386707 -5.599495 6.848387 -7.509649 12.167435 -6.618465 22.471874 4.859609 -9.079814 -13.116437 -7.083282 -8.660464 -16.547585 -8.872250 10.707801 8.514686 -0.475823 4.064193 -21.641191 7.652766 4.688042 -4.917439 1.473263 8.839504 -17.904825 6.273828 -7.157432 17.625923 3.868163 -2.664257
10.414821 -5.626698 6.855346 -7.512078 12.150804 -6.615609 22.492039 4.866767 -9.052722 -13.133995 -7.080659 -8.671556 -16.568642 -8.889788 10.693463 8.498388 -0.477262 4.095338 -21.641138 7.651079 4.684750 -4.936141 1.440524 8.862884 -17.906322 6.272970 -7.130852 17.621567 3.881653 -2.650066
