-9.048786 -20.535627 3.607433 -2.328168 21.650288 -7.211070 9.028312 15.348946 -6.631170 2.040182 -13.657951 -2.228075 -17.198723 -17.830153 14.475959 8.523278 0.170624 -7.640242 -10.787793 2.343518 3.674916 7.180177 -4.090191 1.954736 -13.598536 10.639586 -13.044679 13.016378 7.420399 -3.406260
-9.135386 -20.538919 3.576744 -2.299130 21.650257 -7.213801 9.044174 15.309268 -6.662823 2.048225 -13.689582 -2.215468 -17.076349 -17.823181 14.539974 8.538116 0.306918 -7.717937 -10.792340 2.462862 3.691823 7.185066 -4.077918 1.930266 -13.596102 10.644395 -13.084516 13.007368 7.406678 -3.395135
-9.327194 -20.557949 3.531509 -2.213393 21.680134 -7.197738 9.071102 15.301519 -6.766248 2.043993 -13.629816 -2.259590 -16.867218 -17.862236 14.626626 8.593424 0.454391 -7.955912 -10.885386 2.487091 3.722776 7.201610 -4.026796 1.861207 -13.599076 10.660722 -13.175094 12.980699 7.377683 -3.331897
-9.545648 -20.581293 3.442628 -2.127630 21.755182 -7.196826 9.096191 15.274465 -6.890811 2.064732 -13.530026 -2.308433 -16.724201 -17.919489 14.666707 8.651870 0.550074 -8.156117 -10.986256 2.482873 3.788903 7.233876 -3.926572 1.740442 -13.598688 10.689958 -13.300954 12.965452 7.354177 -3.235419
-9.864275 -20.583580 3.290803 -1.952091 21.881594 -7.183944 9.129223 15.348722 -7.145048 2.061868 -13.303120 -2.389356 -16.400148 -18.035698 14.713683 8.923101 0.671995 -8.669737 -11.202044 2.445760 3.879525 7.272601 -3.825092 1.659320 -13.554692 10.741326 -13.401450 12.961391 7.347173 -3.144608
-10.205710 -20.673353 3.337303 -1.719193 21.874773 -7.056135 9.218412 15.626784 -7.423532 1.883544 -12.765785 -2.444272 -16.368793 -18.242910 14.579402 9.476460 0.479652 -9.113528 -11.281554 2.477145 4.052548 7.198700 -3.805398 1.615983 -13.300714 10.869546 -13.655885 12.956158 7.330095 -3.273317
-10.882530 -20.878670 3.335687 -1.380652 21.718899 -6.844965 9.441062 15.925667 -7.884023 1.575003 -12.036405 -2.513283 -16.478340 -18.463877 14.288396 10.374571 0.087022 -9.669065 -11.287382 2.440365 4.247266 7.065387 -3.967393 1.864910 -12.844882 10.997691 -13.792752 12.946871 7.290864 -3.606629
-11.726512 -21.213923 3.249225 -0.996044 21.579716 -6.592340 9.711957 16.255554 -8.432254 1.270175 -11.477846 -2.619616 -16.305553 -18.684429 14.174651 11.082394 -0.048856 -10.409392 -11.468972 2.213358 4.660793 7.003108 -3.992945 2.133612 -12.306092 11.194320 -14.015377 12.937830 7.272093 -3.861550
-12.524632 -21.631083 3.136157 -0.698317 21.287495 -6.266223 9.978605 16.613005 -8.887106 0.906012 -10.564420 -2.780186 -16.749020 -19.094175 13.707520 11.980826 -0.647254 -10.820817 -11.511102 1.808522 4.884021 6.900431 -4.159519 2.463233 -11.996490 11.311722 -14.137891 12.809541 7.229858 -4.263274
-13.185978 -21.980410 2.887062 -0.592283 21.171413 -6.065107 10.239241 16.613346 -9.236102 0.702581 -10.420604 -2.761489 -16.957474 -19.081497 13.659209 12.194450 -0.622024 -10.926545 -11.438293 1.690357 5.085510 6.846062 -4.146846 2.516681 -11.819600 11.448496 -14.402123 12.693188 7.203918 -4.430760
-13.481433 -22.208479 2.543428 -0.617495 20.999973 -5.796244 10.320566 16.814665 -9.472526 0.448042 -10.164852 -2.827772 -16.744516 -19.239243 13.543504 12.515654 -0.676184 -11.583825 -11.643893 1.233291 5.301674 6.761924 -4.195565 2.506367 -11.694478 11.516497 -14.686580 12.563302 7.198784 -4.548716
-13.593083 -22.012400 2.057202 -0.646818 21.155231 -5.737293 10.148621 17.194635 -9.773599 0.347345 -9.985884 -2.914440 -16.503561 -19.376013 13.507300 12.660158 -0.720243 -12.132367 -11.903428 0.769624 5.412101 6.601247 -4.219202 2.283023 -11.661366 11.669866 -15.100355 12.393248 7.229884 -4.564286
-13.413933 -21.655893 1.418747 -0.795713 21.437664 -5.651746 9.805864 17.662235 -10.057023 0.313505 -9.787176 -3.028504 -16.624025 -19.467655 13.258458 12.743680 -1.042127 -12.471498 -11.973701 -0.045581 5.309146 6.466351 -4.431620 2.335232 -11.601707 11.689467 -15.213059 12.268206 7.170457 -4.727274
-13.008801 -21.221752 0.995122 -0.941693 21.669683 -5.567544 9.360165 18.417778 -10.149127 0.255761 -9.645698 -3.115608 -16.583553 -19.555710 13.073058 12.872145 -1.237900 -12.829719 -12.061984 -0.580639 5.139377 6.252473 -4.742173 2.443837 -11.532178 11.737247 -15.282586 12.089671 7.134264 -4.860821
-12.693815 -20.871410 0.687628 -1.024852 21.885246 -5.527678 9.021590 18.869301 -10.247846 0.225444 -9.518776 -3.219737 -16.340786 -19.616652 13.122049 12.815151 -1.150846 -13.385767 -12.267755 -1.119512 5.067894 6.189638 -4.798276 2.271744 -11.603686 11.751097 -15.558946 11.918301 7.033601 -4.867212
-12.360963 -20.558184 0.551145 -1.188599 22.032398 -5.573510 8.754829 19.193424 -10.264216 0.119917 -9.433481 -3.299716 -16.448593 -19.714800 12.956324 12.738849 -1.314354 -13.573123 -12.337775 -1.665002 4.928553 6.008449 -5.108692 2.397015 -11.582027 11.769248 -15.628689 11.721632 6.982000 -4.974046
-12.096401 -20.179949 0.383622 -1.269839 22.286770 -5.607132 8.470374 19.514185 -10.365644 0.067875 -9.374195 -3.382971 -16.461372 -19.783024 12.845966 12.815099 -1.463610 -13.728211 -12.444311 -2.000861 4.854943 5.914637 -5.260787 2.410743 -11.598520 11.775479 -15.678672 11.645756 6.956286 -5.002901
-11.876102 -19.863024 0.295445 -1.296054 22.507284 -5.683335 8.268645 19.744530 -10.441068 0.058840 -9.355906 -3.432435 -16.391346 -19.784122 12.876725 12.814488 -1.394361 -13.850404 -12.525657 -2.105149 4.778800 5.948854 -5.215440 2.245670 -11.719997 11.747462 -15.768754 11.618154 6.890167 -4.839610
-11.733591 -19.642012 0.254870 -1.316381 22.619759 -5.691989 8.103893 19.973396 -10.496682 0.013851 -9.309906 -3.532780 -16.231911 -19.832689 12.948504 12.781372 -1.296445 -14.031228 -12.657778 -2.262216 4.750306 5.908756 -5.270579 2.238690 -11.735894 11.760056 -15.815992 11.574969 6.874841 -4.869686
-11.657953 -19.553934 0.243451 -1.332722 22.660313 -5.709304 8.037564 20.057125 -10.502332 -0.004419 -9.299478 -3.561786 -16.152378 -19.845043 12.990186 12.776234 -1.230414 -14.110381 -12.703177 -2.283916 4.744765 5.877555 -5.323427 2.270716 -11.715045 11.767402 -15.838305 11.552884 6.865570 -4.938782
-11.655395 -19.609594 0.497956 -1.343084 22.503742 -5.735900 8.045714 20.210669 -10.388818 -0.159094 -9.249074 -3.537565 -16.410347 -19.872543 12.806731 12.796449 -1.526038 -13.966360 -12.694796 -2.477539 4.744457 5.818003 -5.485208 2.478659 -11.607627 11.759641 -15.778653 11.541834 6.851421 -5.180749
-11.405859 -19.657877 1.340187 -1.468777 22.023552 -5.753111 7.949237 20.755760 -9.884002 -0.564445 -9.139645 -3.441087 -17.252007 -19.900057 12.325368 12.907399 -2.399944 -13.320221 -12.471181 -2.768390 4.721865 5.753319 -5.850779 2.968994 -11.373725 11.656732 -15.615743 11.510493 6.750978 -5.785968
-10.980867 -19.862585 2.851656 -1.647826 21.013279 -5.832071 7.889960 21.291241 -8.853185 -1.110658 -8.516745 -3.518070 -18.687023 -20.135241 11.552014 13.116245 -3.787100 -12.245854 -12.382682 -3.347524 4.611740 5.398486 -6.573362 3.885573 -10.895282 11.824547 -15.256302 11.468374 6.857667 -6.817057
-10.047127 -19.823595 4.808947 -1.851435 19.761528 -6.229647 7.844207 22.587967 -7.703323 -1.979689 -7.822933 -3.634110 -20.738066 -20.177172 10.490777 12.975453 -5.589153 -10.552234 -12.180868 -4.291076 4.530525 5.070096 -7.362167 5.130168 -10.348723 11.806618 -14.638462 11.576179 7.033274 -8.328156
-8.042830 -19.553005 6.572144 -2.584456 18.569082 -6.860943 7.704395 23.760536 -6.126033 -2.710388 -6.933280 -4.035751 -22.047201 -20.348969 9.931334 12.692732 -6.929084 -9.317299 -12.248942 -5.224506 4.780412 4.498320 -8.310597 6.416909 -9.624972 11.972710 -14.070903 11.609300 7.504195 -9.951422
-6.395983 -18.924692 8.270724 -3.678347 17.853064 -7.242385 7.319038 24.640347 -4.660624 -3.210007 -5.983051 -4.393873 -24.544376 -20.297493 9.010537 12.315179 -8.295310 -7.239370 -12.248233 -6.493217 4.850123 3.738418 -9.501837 7.620412 -9.198710 12.377719 -13.411954 11.256678 8.041503 -11.006858
-4.929328 -18.153183 10.161741 -5.129105 16.568348 -6.899135 7.432304 25.096355 -3.964708 -4.393783 -5.342111 -4.056311 -27.464579 -18.791157 6.868969 12.595801 -9.590710 -5.488368 -12.618907 -7.419373 4.538627 2.726604 -11.447477 8.841780 -9.085969 12.553043 -12.315453 10.748714 8.423994 -10.824753
-2.192023 -17.401972 11.476524 -6.199829 13.086626 -10.366646 9.527437 23.960522 -3.787650 -7.177076 -5.115004 -3.530655 -31.274630 -14.455401 4.597385 15.685849 -9.594863 -4.721662 -11.295907 -8.820875 5.394243 2.672761 -12.628132 9.931288 -10.835424 11.673573 -10.944824 9.423433 9.138184 -9.765159
-0.242158 -17.093533 12.812077 -7.925519 10.528725 -12.633360 10.994017 22.220280 -2.561428 -8.613802 -5.276713 -2.308481 -34.921078 -10.324166 3.367108 18.350313 -7.442367 -4.756638 -8.703892 -8.683537 5.464296 2.270180 -14.307827 9.912598 -12.734307 11.145562 -10.053601 8.008416 9.827867 -8.303928
0.066666 -16.135204 15.114699 -9.602337 8.890835 -15.602654 12.703787 21.819578 -1.077139 -8.765701 -5.273259 -1.150028 -37.544403 -7.609072 3.203439 18.035423 -5.321082 -3.159591 -7.143759 -6.907130 4.042011 1.607815 -16.985212 10.064931 -14.174586 10.416268 -8.462439 7.127588 9.834830 -6.468274
0.296515 -16.345364 16.818008 -12.736189 7.760557 -18.152863 12.721861 20.153851 2.243718 -8.541327 -5.582255 -0.709255 -38.554024 -4.873838 2.999109 17.506601 -3.013408 -0.648180 -6.858075 -3.631132 2.486136 1.051272 -18.982994 9.649362 -14.643981 9.951201 -6.427565 7.672272 9.812444 -2.899256
1.703210 -17.535318 15.757355 -16.189348 7.254587 -16.958944 10.818327 16.865288 4.682382 -9.213529 -4.536436 -0.095302 -39.196320 -5.433114 2.987285 14.933546 -0.332141 0.869956 -7.663568 0.580527 1.519820 0.981108 -19.465284 8.924836 -14.692063 9.424949 -4.192417 9.454233 9.692930 1.120955
2.846769 -18.782703 13.023760 -19.312761 8.017676 -14.728158 8.281891 13.978788 5.668919 -9.931854 -5.667168 1.609433 -40.048206 -6.558085 3.545491 11.308481 2.611669 2.672681 -7.393622 5.181729 0.553230 1.206056 -19.178675 9.011277 -14.847095 9.126445 -1.765057 10.917099 9.347142 4.108131
3.056693 -19.271376 10.248150 -21.286360 9.155921 -13.049829 6.096382 10.824835 5.505735 -10.667353 -7.050858 1.942419 -39.633930 -6.673953 2.906616 10.579437 5.100054 2.925386 -6.656223 7.654676 -0.896555 2.003650 -19.485226 9.451182 -15.469260 8.492499 0.371229 11.284596 8.410286 5.616629
2.581795 -18.962503 8.092016 -22.764809 10.331340 -11.914434 3.412929 9.045626 4.850450 -11.961967 -9.177955 2.158380 -39.036907 -6.872886 2.229137 9.641432 7.316661 3.068764 -5.882052 9.039631 -1.838949 2.738316 -20.067572 9.273630 -16.208019 7.877234 1.850434 11.034634 7.642001 7.262469
1.845661 -18.822660 7.344935 -23.021906 11.051774 -10.381471 1.870398 7.695592 4.338426 -12.831553 -11.507828 2.210082 -38.778622 -5.734134 1.999306 9.030462 9.946409 3.519305 -4.616305 9.694099 -2.377917 4.225504 -20.286625 9.411110 -17.245190 7.409847 2.336510 9.682729 6.545009 8.213970
1.070737 -18.462360 6.984049 -23.587587 11.443385 -9.663116 1.006869 6.040965 4.174164 -13.489543 -13.225533 2.488467 -38.617374 -4.011217 2.528760 9.006712 10.906751 4.157919 -3.506026 9.867954 -2.851007 5.349905 -20.334032 9.408685 -18.172363 6.874669 2.399036 8.620604 5.528443 8.765815
0.723007 -17.817471 6.722205 -24.132561 11.821371 -9.552541 0.903785 4.608351 3.846749 -13.700541 -14.796869 2.067188 -37.632324 -2.820868 2.883923 9.585038 12.067064 3.999621 -2.629186 9.842121 -2.816201 6.123331 -20.238436 9.273347 -18.835821 6.562834 2.247857 7.887776 4.987216 8.899698
0.528560 -17.465420 5.993460 -24.618452 12.294537 -9.874799 0.513998 3.989895 3.702089 -13.723671 -15.753887 1.428834 -36.836235 -2.332952 3.047897 9.882168 12.298536 4.299470 -2.169961 9.850175 -3.097081 6.678619 -20.314917 9.201269 -19.384254 6.250124 2.231619 7.429506 4.525421 8.898616
0.499749 -17.314890 5.749670 -24.739101 12.480720 -9.884179 0.426138 3.644786 3.611802 -13.692734 -16.035624 1.338701 -36.599823 -2.085387 3.245762 9.903749 12.415379 4.333285 -2.047943 9.826470 -3.126862 6.896662 -20.233545 9.181822 -19.620846 6.147623 2.223325 7.289150 4.391163 8.898967
0.502280 -17.300066 5.737930 -24.783442 12.482172 -9.865351 0.402381 3.616992 3.623960 -13.713002 -16.113245 1.344721 -36.589466 -1.984218 3.215161 9.953242 12.411426 4.347134 -2.024289 9.805014 -3.136165 6.894113 -20.231730 9.204355 -19.618507 6.154799 2.215653 7.270941 4.376036 8.887288
0.527365 -17.245396 5.731259 -24.862823 12.474776 -9.853342 0.414577 3.553921 3.622285 -13.702504 -16.316401 1.260462 -36.446838 -1.787419 3.172415 10.129826 12.189154 4.480251 -1.959374 9.650578 -3.164346 6.893615 -20.234978 9.225921 -19.630180 6.140129 2.192088 7.247052 4.339134 8.871765
0.553957 -17.167397 5.688954 -25.042429 12.509221 -9.831011 0.311622 3.462276 3.668278 -13.760940 -16.640022 1.154228 -36.230362 -1.542503 2.968293 10.479465 12.095364 4.437737 -1.832066 9.501809 -3.254653 6.906815 -20.274019 9.289346 -19.659781 6.105887 2.190067 7.192329 4.246234 8.824857
0.416177 -17.023394 5.606627 -25.286669 12.581053 -9.670580 0.154497 3.252010 3.662131 -13.858155 -17.101013 1.070156 -35.975121 -1.058766 2.811333 10.920362 11.915606 4.364738 -1.658286 9.211697 -3.405953 7.002482 -20.244394 9.357800 -19.735540 6.027658 2.168852 7.132852 4.074880 8.844473
0.424424 -16.854250 5.577018 -25.504519 12.614751 -9.578525 0.047003 3.101305 3.665105 -13.930699 -17.416267 0.966941 -35.745407 -0.599485 2.801790 11.298687 11.819585 4.300574 -1.521209 8.964207 -3.529330 6.995822 -20.296371 9.332813 -19.753990 5.959674 2.123311 7.107506 3.942156 8.924307
0.359199 -16.701702 5.494472 -25.689505 12.690717 -9.367821 -0.102195 2.951531 3.658104 -13.970480 -17.733238 0.974292 -35.438236 -0.110896 3.079452 11.583628 11.670799 4.265941 -1.442481 8.800508 -3.599455 7.000104 -20.229803 9.364744 -19.773756 5.906692 2.081600 7.104200 3.841080 8.943764
0.101371 -16.432896 5.358274 -25.877010 12.827391 -9.138815 -0.244971 2.770698 3.531331 -13.923122 -17.933119 0.758556 -35.102108 0.313423 3.301111 11.934051 11.604682 4.183229 -1.336658 8.632442 -3.812045 7.137793 -20.226740 9.372214 -19.953392 5.775213 2.080047 7.037523 3.650706 9.024648
-0.183899 -16.227495 5.290727 -25.885063 12.997003 -8.837557 -0.266126 2.722317 3.368213 -13.728798 -18.242970 0.770209 -34.612373 1.060673 3.794352 12.544500 11.761703 3.802444 -1.141902 8.682521 -3.887741 7.119753 -20.116140 9.301890 -19.870924 5.761703 1.979291 7.128288 3.572406 9.126991
-0.317517 -16.034487 5.229978 -25.882040 13.219518 -8.513882 -0.129811 2.510016 3.233053 -13.342659 -18.434414 0.685551 -34.028969 1.479980 4.265249 12.914703 12.024467 3.328647 -1.067790 8.780149 -4.073058 7.254250 -19.926979 9.196144 -19.884674 5.600870 1.813085 7.235089 3.342090 9.139427
-0.320254 -15.951200 5.122304 -25.785227 13.446567 -8.067573 0.129547 2.195422 3.080225 -12.837021 -18.580832 0.632271 -33.305065 1.908325 4.850921 13.382774 12.161387 2.941503 -1.045016 8.795464 -4.149367 7.348745 -19.671431 9.102651 -19.839294 5.511228 1.671768 7.369899 3.204250 9.209888
-0.487049 -15.818707 5.171304 -25.597082 13.698667 -7.591874 0.381217 1.920266 2.943530 -12.323808 -18.522785 0.461945 -32.948612 2.028752 5.016626 13.710242 12.428643 2.469814 -1.078417 8.774018 -4.197522 7.523814 -19.314760 8.989473 -19.886726 5.458685 1.508122 7.435037 3.070381 9.365665
-0.709487 -15.719292 5.063916 -25.426062 14.011145 -7.081964 0.469835 1.589062 2.729929 -12.002972 -18.659504 0.410376 -32.197952 2.279526 5.479887 13.984325 12.794751 1.896763 -1.220397 8.898809 -4.342708 7.572309 -19.158533 8.900923 -19.738789 5.431093 1.382242 7.610944 2.948253 9.399765
-0.950947 -15.643887 4.901003 -25.280333 14.458620 -6.562659 0.442809 1.075388 2.536536 -11.737188 -18.600578 0.200162 -31.542130 2.137826 5.678402 14.083004 13.051893 1.419094 -1.485023 8.926739 -4.496982 7.831701 -18.856857 8.712728 -19.705925 5.321673 1.237875 7.755311 2.753290 9.488540
-0.949911 -15.563717 4.672909 -25.083532 14.896905 -6.167845 0.414167 0.855093 2.309304 -11.469972 -18.595478 0.190129 -31.112568 2.216467 5.906278 14.159158 13.429267 0.956792 -1.714197 8.955091 -4.519527 8.110267 -18.577620 8.488100 -19.645794 5.242657 1.117322 7.920548 2.651856 9.514706
-0.815474 -15.521151 4.558749 -24.885078 15.224322 -5.954514 0.341391 0.610223 2.179593 -11.286795 -18.560488 0.046557 -30.825974 2.130115 5.983728 14.143410 13.819235 0.565740 -1.841947 9.007800 -4.449117 8.361358 -18.295481 8.182240 -19.558498 5.173841 0.966288 8.115576 2.615417 9.589390
-0.702954 -15.558031 4.487997 -24.653311 15.513168 -5.731649 0.304677 0.326180 2.077165 -11.098240 -18.523293 -0.122250 -30.563015 1.937427 6.084153 13.971531 14.252500 0.221110 -2.021905 9.062201 -4.355077 8.470027 -18.133841 7.849465 -19.409918 5.153016 0.771428 8.294571 2.632401 9.679494
-0.678673 -15.648266 4.355416 -24.449610 15.641337 -5.579974 0.356432 0.168661 1.905872 -11.000347 -18.466988 -0.258530 -30.273079 1.780896 6.247524 13.821541 14.658326 -0.108074 -2.197347 9.077077 -4.280699 8.549998 -18.034330 7.658176 -19.262060 5.120738 0.672161 8.471804 2.642815 9.697989
-0.655519 -15.666712 4.269942 -24.307905 15.754767 -5.512539 0.381899 0.006759 1.788025 -10.923475 -18.474773 -0.315747 -30.033073 1.628124 6.376438 13.676007 14.841674 -0.295243 -2.344963 9.085744 -4.172782 8.612172 -17.895002 7.497320 -19.220509 5.114849 0.536529 8.536294 2.649687 9.695189
-0.686296 -15.726677 4.250042 -24.221537 15.794467 -5.414243 0.411855 -0.095641 1.739443 -10.897910 -18.438314 -0.369687 -29.948479 1.512070 6.393638 13.602036 14.970529 -0.450859 -2.433736 9.039297 -4.107220 8.675599 -17.807486 7.430677 -19.262005 5.120262 0.474333 8.502195 2.639254 9.739264
-0.694571 -15.732307 4.219792 -24.192451 15.820130 -5.409456 0.413966 -0.142766 1.719377 -10.877982 -18.439537 -0.375237 -29.897835 1.483993 6.418102 13.574084 14.987178 -0.481825 -2.473393 9.028943 -4.097205 8.687873 -17.782278 7.422926 -19.244068 5.118205 0.456403 8.522240 2.636283 9.721943
-0.711539 -15.753262 4.112545 -24.149803 15.844199 -5.423811 0.427295 -0.207320 1.647980 -10.864052 -18.460575 -0.372517 -29.772558 1.494040 6.482356 13.574938 15.044609 -0.573148 -2.522083 9.052692 -4.048358 8.689086 -17.718031 7.371677 -19.243870 5.110064 0.409939 8.549093 2.643571 9.768865
-0.733408 -15.776899 3.935376 -24.075117 15.905340 -5.393381 0.448783 -0.373116 1.524454 -10.799343 -18.518986 -0.334181 -29.614502 1.579727 6.591116 13.556954 15.197217 -0.740302 -2.584103 9.086213 -3.945746 8.747422 -17.495045 7.196733 -19.248037 5.080315 0.219661 8.597836 2.626268 9.814710
-0.813120 -15.820254 3.624604 -24.010593 15.998872 -5.414058 0.440218 -0.669726 1.355468 -10.727926 -18.685949 -0.200993 -29.263287 1.854176 6.859922 13.586080 15.535100 -1.076619 -2.679012 9.169682 -3.846424 8.848823 -17.156549 6.951375 -19.260677 5.027607 0.015694 8.713556 2.602123 9.951612
-0.914975 -15.973337 3.109939 -23.791185 16.109093 -5.322988 0.477087 -0.947373 1.002435 -10.670191 -18.911238 -0.098533 -28.791126 2.116877 7.079332 13.586206 15.972102 -1.490807 -2.854889 9.273819 -3.780324 9.032915 -16.789015 6.715950 -19.363991 4.929235 -0.078563 8.835864 2.545440 10.210336
-0.889192 -16.195822 2.318078 -23.481112 16.349878 -5.201026 0.462902 -1.252179 0.518373 -10.557888 -19.131718 0.014514 -28.059761 2.285854 7.447575 13.575397 16.447081 -2.084553 -3.157221 9.491724 -3.694656 9.243608 -16.372980 6.396002 -19.475962 4.823359 -0.193133 8.985792 2.479695 10.521066
-0.817881 -16.382963 1.434742 -23.111357 16.581615 -5.044631 0.463117 -1.481837 -0.101433 -10.477468 -19.443676 0.105026 -27.346161 2.496847 7.696694 13.589088 16.973940 -2.708376 -3.501465 9.656374 -3.560517 9.405839 -15.800383 5.948942 -19.617537 4.730999 -0.480286 9.086462 2.407196 10.958986
-0.834724 -16.650839 0.361815 -22.656261 16.799257 -4.832655 0.530203 -1.788758 -0.899216 -10.471893 -19.765316 0.104382 -26.490955 2.470314 7.919235 13.490473 17.485844 -3.387851 -3.944533 9.705503 -3.334608 9.543232 -15.301818 5.529355 -19.705362 4.648570 -0.730422 9.233244 2.402250 11.353024
-0.810076 -16.865046 -0.826363 -22.343199 16.980644 -4.727195 0.614234 -1.971512 -1.662812 -10.436874 -20.132694 0.148003 -25.643396 2.443673 8.224055 13.367689 17.938452 -3.928166 -4.322282 9.709352 -3.091508 9.805934 -14.663301 5.084792 -19.903633 4.480087 -1.050743 9.334873 2.301651 11.741845
-0.711301 -16.839085 -1.873142 -21.874359 17.224773 -4.637319 0.645406 -1.905637 -2.535308 -10.432049 -20.363876 0.078590 -24.868473 2.188344 8.272655 13.296638 18.235140 -4.564011 -4.786473 9.666227 -2.935595 9.975985 -14.251975 4.757603 -19.947910 4.390675 -1.267278 9.381393 2.268837 11.976849
-0.666837 -16.742357 -2.780126 -21.525816 17.693802 -4.691136 0.625244 -2.253503 -3.166113 -10.158834 -20.703894 -0.074466 -24.154659 2.037763 8.420630 13.043428 18.829168 -4.969587 -5.226243 9.798476 -2.614913 10.116929 -13.770733 4.399321 -20.015913 4.331974 -1.636238 9.353512 2.243804 12.109707
-0.013256 -16.643885 -3.789947 -21.315456 18.404543 -4.510760 0.181711 -2.487422 -3.580273 -9.770394 -20.771706 -0.439125 -23.356392 1.443149 8.624375 12.532610 19.440672 -5.497043 -5.767361 9.828566 -2.338392 10.210914 -13.365806 3.975093 -20.004543 4.277873 -2.153447 9.309371 2.171076 11.988106
1.033838 -16.597523 -4.985447 -20.877382 19.469803 -4.070328 -0.564633 -2.360149 -4.057804 -9.233440 -21.062033 -0.799101 -22.288727 1.047341 8.597550 12.198638 19.578890 -5.896801 -6.423095 9.962333 -2.035616 10.220218 -12.859182 3.469159 -19.897676 4.332315 -2.655366 9.380116 2.160969 11.899769
1.402885 -16.495611 -5.640432 -20.286943 20.367390 -3.818091 -0.988682 -2.345017 -4.531201 -8.592566 -21.452356 -1.137629 -21.412689 0.667169 8.505942 11.775085 19.839273 -6.291151 -6.886645 9.772339 -1.687413 10.183974 -12.507933 2.751755 -19.858101 4.363077 -3.264676 9.375340 2.168327 11.804358
1.340063 -16.374260 -5.861735 -19.813837 21.031292 -3.757064 -1.304529 -2.488851 -4.743623 -8.060048 -21.667587 -1.471704 -20.671129 0.098192 8.255052 11.535548 19.717697 -6.565173 -7.380735 9.354688 -1.247398 10.167060 -12.027756 1.868919 -19.760338 4.375798 -3.971498 9.487902 2.170957 11.751740
-10.620308 -24.004919 -0.363151 -12.844410 26.703529 -0.565792 5.708316 3.066333 1.661757 7.547075 -20.917263 4.404318 -17.536074 -2.181714 23.034666 15.611532 7.201161 -11.058398 -1.789759 10.034203 -2.079724 11.106791 -2.138667 5.449341 -22.272343 8.503842 -0.551634 13.731962 6.322684 5.548860
-10.481573 -23.315538 -0.204705 -12.012362 27.110176 -0.804271 6.154068 3.030290 1.069559 8.203135 -20.827311 4.028589 -16.044168 -2.882903 23.051687 15.960270 6.447317 -11.581277 -2.559977 9.625769 -1.570052 11.360327 -1.446804 5.072050 -22.112019 8.635743 -1.244695 13.676737 6.261946 5.564860
-9.907061 -22.618002 -0.091144 -11.127888 27.465000 -0.813023 6.394292 3.429887 0.442441 8.595070 -20.535896 3.671761 -14.604917 -3.685435 23.197809 16.410601 5.589986 -12.006400 -3.249142 9.441988 -1.036853 11.625577 -0.388917 4.768753 -21.839119 8.828390 -2.154495 13.756252 6.194517 5.237678
-9.168851 -21.884954 0.110067 -10.217880 27.797005 -0.919451 6.768672 3.885250 -0.215759 9.182215 -20.143942 3.145886 -13.245964 -4.646883 23.131500 16.968636 4.673335 -12.301383 -3.849871 9.576861 -0.550434 11.971935 0.692674 4.526055 -21.332520 9.062989 -3.248053 13.901983 6.078877 4.490123
-7.916321 -21.319605 0.314810 -9.237111 27.999628 -0.825781 7.344131 4.874761 -0.874635 9.994390 -19.429087 2.637727 -12.295781 -5.501753 23.146164 17.544960 3.728353 -12.259534 -4.319995 10.289474 -0.113277 12.134151 1.631607 4.322619 -20.619186 9.393516 -4.370473 14.141924 6.001863 3.532569
-5.346989 -21.017635 0.531846 -6.412228 26.392658 -5.061319 7.442444 5.113320 -3.502378 8.032659 -18.379917 1.442407 -12.345109 -11.566030 17.911263 13.790248 5.520564 -10.896662 -7.512401 12.343046 1.494723 14.416282 1.314005 3.290729 -18.950056 8.207511 -5.799749 14.327881 5.303390 3.060709
-3.997616 -19.879320 1.677165 -5.338537 25.632343 -6.046185 8.227203 5.600150 -4.411194 7.612930 -17.033920 1.122541 -12.041223 -13.965690 17.508389 12.319585 5.033844 -10.705272 -8.934236 13.339767 2.258072 14.530939 1.553713 3.351597 -17.939606 7.701617 -6.924459 14.358871 4.835598 2.464680
-3.420962 -19.450201 3.267015 -4.324057 24.912588 -6.624813 9.038176 6.339218 -4.435016 7.490324 -16.218533 0.381048 -11.640971 -15.024632 17.569931 12.066706 4.293564 -10.370399 -9.522181 13.421389 2.826555 14.633487 1.879576 3.542645 -17.428638 8.038507 -7.764730 14.022289 4.878389 1.199730
-2.605704 -18.524334 5.204162 -3.724471 24.532223 -7.297259 9.709758 7.042369 -3.937091 7.656056 -15.619787 -0.317941 -11.412810 -16.127842 17.444693 11.848514 2.854673 -9.754050 -9.989207 13.288490 2.894909 14.267137 2.005420 4.155596 -16.957691 8.390540 -8.370762 13.890960 4.874317 -0.171749
-1.795100 -17.817812 6.503942 -3.438846 24.328850 -7.702424 9.928178 7.670339 -3.657174 7.780325 -14.772556 -0.900415 -11.615569 -17.087084 17.285919 11.649029 1.456095 -9.036538 -10.306988 13.124941 3.001036 13.963256 2.072923 4.812555 -16.402239 8.735529 -8.841451 13.836367 4.899400 -1.372261
-0.090614 -17.683289 7.713862 -3.635417 23.695663 -7.546194 9.964975 8.170930 -2.882720 7.888687 -14.069368 -1.262491 -11.861526 -17.874193 16.980492 11.837267 -0.048935 -8.246187 -10.421795 13.501952 3.124334 13.684624 2.015024 5.321780 -15.895003 9.021039 -9.169760 13.735477 4.954391 -2.351761
1.641557 -17.597187 8.332626 -3.769286 23.316860 -7.248897 10.069416 8.938253 -2.399264 8.048028 -13.612780 -1.577266 -12.328767 -18.709261 16.339682 12.164211 -2.117013 -6.643137 -10.209096 14.431028 3.239742 13.370217 1.736607 5.755806 -15.353428 9.349961 -9.378979 13.586230 5.059184 -3.283996
2.808871 -17.543600 8.524552 -3.619910 23.097424 -7.131034 10.005917 9.591845 -2.240155 8.056442 -13.274519 -1.844765 -12.770450 -19.408802 15.881707 12.260777 -3.377267 -5.364056 -10.038948 15.075543 3.344537 13.075997 1.449754 6.084651 -14.905950 9.584259 -9.555569 13.468913 5.146003 -4.069737
3.426131 -17.596960 8.741838 -3.591660 22.778049 -7.239288 9.995695 10.452171 -2.110695 7.911449 -12.999321 -2.052219 -13.292388 -19.918472 15.770445 11.938676 -3.760920 -4.363944 -9.980180 15.123195 3.411471 12.800735 1.140331 6.454473 -14.512233 9.798554 -9.679090 13.346355 5.259912 -4.710034
3.745016 -17.574314 8.918439 -3.395516 22.640223 -7.306704 10.104088 11.190010 -2.130188 7.847247 -12.693565 -2.211953 -14.157047 -20.158707 15.562324 11.571461 -3.989049 -3.572115 -9.885159 14.834899 3.433992 12.513069 0.849876 6.797728 -14.183473 9.987565 -9.691174 13.338299 5.433017 -4.973336
3.774377 -17.666313 9.192504 -3.103784 22.364410 -7.377895 10.498776 11.815205 -2.234756 7.762886 -12.375233 -2.365421 -14.782425 -20.357786 15.604527 10.959413 -3.674810 -3.359934 -9.893528 14.140696 3.397284 12.172590 0.416522 7.072642 -13.914493 10.051785 -9.628175 13.364508 5.583385 -5.219566
3.651120 -17.643867 9.296660 -3.009146 22.121403 -7.526547 10.758713 12.485405 -2.319230 7.661333 -12.231928 -2.481782 -15.194589 -20.480179 15.680497 10.395591 -3.614637 -3.079336 -9.925760 13.394575 3.388286 11.831819 0.004549 7.285616 -13.716370 10.101941 -9.601374 13.382713 5.729243 -5.476887
3.385856 -17.866955 9.346438 -3.033866 21.711481 -7.700485 11.214795 13.180877 -2.340225 7.565004 -12.000191 -2.632922 -15.519968 -20.804592 15.747529 9.938856 -3.798914 -2.736943 -10.038616 12.780121 3.416176 11.525180 -0.262198 7.568471 -13.523265 10.170445 -9.547652 13.414446 5.877371 -5.644190
2.975267 -18.008034 9.200315 -3.175627 21.385767 -7.952127 11.459378 13.843458 -2.367221 7.438627 -11.932964 -2.645458 -15.758801 -20.968462 15.803540 9.545341 -3.967413 -2.491776 -10.086894 12.246366 3.388237 11.180595 -0.638402 7.761991 -13.444667 10.182445 -9.352615 13.464041 6.055311 -5.639545
2.742520 -18.217848 9.013989 -3.207817 21.161108 -8.144278 11.617081 14.357586 -2.403577 7.239618 -11.867004 -2.667763 -16.062548 -21.094654 15.748833 9.301488 -4.150408 -2.239121 -10.077910 11.901160 3.407301 10.894874 -0.926012 8.012392 -13.344213 10.222859 -9.194993 13.479198 6.207540 -5.699780
2.494160 -18.388056 8.893645 -3.300620 20.951014 -8.332328 11.646962 14.724293 -2.367002 7.053630 -11.771747 -2.768764 -16.502995 -21.277321 15.649099 9.027334 -4.401166 -1.870849 -10.086851 11.516111 3.380725 10.647000 -1.135693 8.146115 -13.337636 10.243617 -9.055457 13.494820 6.331295 -5.618452
2.285710 -18.506607 8.783475 -3.465759 20.776970 -8.423909 11.571587 15.030214 -2.332131 6.885618 -11.706484 -2.817174 -16.797264 -21.412579 15.529112 8.841343 -4.568637 -1.598341 -10.060499 11.268318 3.327538 10.457570 -1.336417 8.222487 -13.369693 10.230145 -8.910146 13.507658 6.423852 -5.483235
2.097307 -18.623774 8.662341 -3.649524 20.642342 -8.459215 11.465926 15.256216 -2.320317 6.742808 -11.674127 -2.858652 -16.996677 -21.489624 15.460694 8.673304 -4.636506 -1.433453 -10.040332 11.078452 3.316124 10.363448 -1.461128 8.311920 -13.375858 10.223287 -8.803499 13.498762 6.486638 -5.431391
2.009921 -18.707561 8.585351 -3.769279 20.558113 -8.470538 11.377609 15.429811 -2.320625 6.645949 -11.739624 -2.860807 -17.089291 -21.501488 15.390901 8.570695 -4.628706 -1.351233 -10.021295 10.920940 3.306162 10.276553 -1.552518 8.362023 -13.364463 10.235032 -8.736110 13.509796 6.542231 -5.366718
1.964817 -18.770411 8.549322 -3.856507 20.496544 -8.468458 11.336495 15.531393 -2.311093 6.594572 -11.775160 -2.851926 -17.150364 -21.489386 15.349010 8.526367 -4.581104 -1.349045 -10.005368 10.846109 3.302061 10.218337 -1.617812 8.402547 -13.348690 10.238116 -8.691252 13.521616 6.580080 -5.336556
1.968342 -18.796225 8.543623 -3.867218 20.480154 -8.462469 11.339064 15.555410 -2.306242 6.589677 -11.773602 -2.863332 -17.169077 -21.508743 15.337124 8.510748 -4.581434 -1.320887 -10.004724 10.845575 3.296143 10.190537 -1.661051 8.427979 -13.349656 10.239676 -8.659575 13.520483 6.598126 -5.323907
