-6.115992 -2.371955 0.703046 0.064587 15.855582 -1.595297 15.775671 25.485085 -22.071783 -20.497522 -4.761723 -4.559189 -10.597350 -12.431678 1.782833 12.849989 5.386284 -11.608855 -28.478182 -27.328835 12.547844 -12.229413 -8.810383 4.178195 -9.450548 1.540752 -23.634420 11.994587 -0.399278 -1.803126
-5.807717 -2.829612 0.579441 0.163920 15.707507 -1.775063 15.752214 25.636414 -21.856945 -20.519291 -4.781528 -4.528738 -10.713506 -12.596320 1.847983 12.528469 5.430184 -11.507101 -28.504017 -27.333656 12.629487 -12.372252 -8.951339 4.201824 -9.525860 1.572147 -23.484810 11.953300 -0.170269 -2.063985
-5.324012 -3.668463 0.403651 0.359417 15.291495 -1.848769 15.766878 25.840609 -21.538029 -20.648325 -4.775400 -4.526949 -10.848404 -12.826646 1.955370 12.000205 5.529665 -11.336221 -28.638758 -27.390423 12.834507 -12.529718 -9.031021 4.235974 -9.577693 1.639132 -23.422249 11.911425 0.123858 -2.422994
-4.954341 -5.250723 -0.054773 0.855893 14.754760 -2.302595 15.801686 26.093296 -21.111917 -20.850330 -4.717993 -4.609750 -11.160392 -13.102068 2.117050 11.373468 5.624547 -10.898025 -28.683819 -27.519386 13.016426 -12.832652 -9.193741 4.356272 -9.645318 1.796767 -23.267866 11.857657 0.588195 -3.167466
-4.714146 -6.891572 -0.225086 1.263112 13.911059 -2.918208 15.902461 26.601337 -20.558855 -21.331831 -4.572582 -4.776067 -11.624475 -13.525449 2.322414 10.528044 5.640809 -10.133943 -28.779985 -27.636969 13.208773 -13.288037 -9.427907 4.653941 -9.642803 2.224287 -22.993210 11.744738 1.240423 -4.095727
-4.609352 -8.347294 -0.463757 1.573525 13.308600 -3.547924 15.734494 27.201111 -19.865971 -21.646498 -4.632803 -4.977551 -12.019575 -13.823889 2.528454 9.985419 5.662843 -9.361495 -28.504030 -27.701790 13.181905 -13.538903 -9.607605 4.857106 -9.983245 2.391320 -22.696400 11.512600 1.641789 -4.723855
-3.945478 -9.393991 -0.926709 1.562579 12.942948 -4.282976 15.208419 27.900124 -19.182182 -22.034502 -4.664506 -5.318606 -12.734297 -13.873567 2.781838 9.605622 5.784501 -8.235507 -27.963032 -27.830544 13.102556 -13.658109 -9.598173 5.150409 -10.370984 2.513870 -22.291821 11.365915 2.046621 -5.586296
-2.840994 -10.473766 -1.509776 1.314276 12.640376 -4.896757 14.528982 28.604435 -18.331680 -22.383474 -4.620809 -5.527414 -13.610157 -14.079051 2.740871 9.230087 5.422481 -6.979771 -27.605354 -27.971895 12.869220 -13.815123 -9.691786 5.535868 -10.794878 2.770881 -21.995571 10.997215 2.307163 -6.625540
-1.773991 -10.090544 -1.578147 0.292008 13.189320 -5.249294 13.583212 29.096054 -17.569279 -22.488550 -4.656534 -5.384693 -14.246416 -14.393500 2.480555 9.060009 4.747539 -6.305878 -27.232315 -27.965929 12.473469 -13.685566 -9.712997 5.843541 -11.233285 2.587213 -21.504276 11.061020 2.326645 -7.365881
-1.250353 -8.769646 -1.452931 -1.141515 14.775776 -4.864026 11.991467 29.548719 -16.630566 -21.877539 -4.768671 -5.135148 -14.897617 -14.477527 2.135929 8.741991 4.271696 -5.731469 -27.028292 -27.899662 11.872805 -13.458304 -9.580878 5.918951 -12.032104 2.353585 -21.180687 11.054205 2.205656 -8.092997
-0.292579 -6.862093 -1.311055 -2.708755 16.344414 -4.355510 10.392859 29.550070 -15.660630 -21.070667 -5.157240 -4.896211 -15.588102 -14.607337 1.973866 7.954072 3.999658 -4.914807 -26.857252 -27.994114 11.000437 -12.939542 -9.639622 6.014736 -12.707078 1.366990 -20.975965 11.268111 1.361377 -8.302000
0.714978 -4.988217 -1.035295 -3.531417 18.122723 -3.538902 9.009353 29.518143 -15.148250 -20.129995 -5.827231 -4.597343 -15.940928 -14.414542 2.029004 6.846329 4.101869 -4.251550 -26.758005 -28.131529 9.923296 -12.442644 -9.555271 5.978526 -13.440365 0.714459 -20.811337 11.559309 0.652903 -8.943987
1.846812 -2.929303 -0.329226 -4.208871 19.546471 -2.652104 7.914558 29.497478 -14.969735 -19.520399 -6.107625 -4.434412 -16.276112 -14.340467 2.020716 6.291037 3.990746 -3.842788 -26.635393 -28.306913 8.781630 -11.917404 -9.688495 6.147640 -14.122337 0.032846 -20.488869 11.681434 -0.188081 -9.240841
3.079583 -1.734468 0.582591 -4.636751 20.356253 -1.725807 7.038372 29.604128 -14.343751 -18.983347 -6.618643 -4.279527 -16.527958 -14.225026 2.149194 5.632766 4.026936 -3.350866 -26.449085 -28.426159 8.015867 -11.701894 -9.839555 6.401890 -14.354835 -0.286695 -20.137650 11.803650 -0.593269 -9.432045
4.093860 -0.904111 1.341027 -4.756280 20.925640 -1.060280 6.657006 29.046047 -13.857930 -18.157574 -7.114685 -4.112927 -16.800722 -13.992562 2.138221 4.961849 4.038139 -2.862858 -26.342318 -28.523088 7.349759 -11.605194 -10.046202 6.558003 -14.498664 -0.592559 -19.896029 11.919114 -0.953678 -9.454587
5.016506 -0.124117 1.929348 -4.714592 21.269436 -0.311125 6.287620 28.563137 -13.671494 -17.646160 -7.461878 -3.978486 -16.901785 -13.874997 2.096970 4.424754 3.960700 -2.563008 -26.406473 -28.636494 6.778959 -11.552099 -10.303899 6.558954 -14.554914 -0.854552 -19.644913 12.078263 -1.251791 -9.126410
5.618704 0.789211 2.364923 -4.723656 21.506420 -0.070222 6.115907 28.073242 -13.582606 -17.155226 -7.811802 -3.842862 -17.037323 -13.719776 2.025650 4.021232 3.868086 -2.167975 -26.342958 -28.568130 6.174707 -11.487758 -10.400743 6.476609 -14.602527 -1.062300 -19.474716 12.260309 -1.553314 -8.854874
6.094190 1.389400 2.750156 -4.757944 21.535635 0.126058 6.081128 27.640509 -13.440034 -16.845371 -8.081121 -3.739388 -17.149723 -13.590431 1.981075 3.826582 3.791330 -1.932189 -26.210691 -28.522213 5.745059 -11.443193 -10.594711 6.458716 -14.580756 -1.191903 -19.316666 12.344836 -1.819615 -8.418255
6.404731 1.762264 3.144513 -4.729281 21.574654 0.144939 6.085622 27.435173 -13.220899 -16.567762 -8.279467 -3.643492 -17.256763 -13.467629 1.939616 3.707609 3.776456 -1.758933 -26.089773 -28.433048 5.106527 -11.413032 -10.808828 6.360611 -14.540059 -1.301781 -19.176483 12.436026 -2.194539 -7.886686
6.392312 1.877102 3.265126 -4.703926 21.600588 0.143192 6.138157 27.357800 -13.222281 -16.489798 -8.329880 -3.626937 -17.265614 -13.444625 1.937488 3.672338 3.785196 -1.727441 -26.072979 -28.418842 5.023242 -11.438436 -10.875336 6.334246 -14.461156 -1.282841 -19.238060 12.419668 -2.288355 -7.662826
6.237119 1.425696 3.297787 -4.874034 21.287130 0.132470 6.147907 27.654373 -13.095374 -16.907459 -8.145018 -3.638517 -17.489365 -13.422313 1.843546 3.794921 3.675296 -1.656132 -26.013702 -28.501076 5.536513 -11.548214 -10.815186 6.599477 -14.554942 -1.162323 -19.237232 12.271931 -1.901235 -8.375584
4.913138 0.226166 3.578732 -5.244534 20.442192 -0.408241 6.649834 28.503548 -12.810820 -17.877789 -7.608829 -3.560396 -18.210087 -13.319931 1.498642 4.376209 3.384472 -1.625053 -25.729074 -28.695396 6.220985 -11.971406 -11.071342 7.087178 -14.442513 -0.698200 -19.267725 11.925557 -1.306538 -9.153639
2.992914 -1.154439 4.185091 -5.591445 18.977863 -1.821997 7.359888 29.235434 -12.020084 -19.049356 -6.813420 -3.429958 -19.753355 -13.129632 0.670974 5.820378 2.451210 -1.360674 -24.939516 -29.062931 6.939226 -12.627046 -11.709711 7.863694 -14.136834 0.131217 -19.294165 11.164182 -0.720615 -9.337528
0.812208 -4.620937 4.379680 -6.136602 15.349925 -2.937577 9.375498 28.847054 -11.421784 -21.115164 -5.614012 -3.230574 -21.663776 -12.998623 -0.432901 7.752802 1.338813 -0.932242 -23.859159 -28.883747 8.011070 -13.807984 -12.562259 8.786016 -13.026479 1.416911 -19.181751 10.617168 0.322162 -9.121192
-0.130095 -9.463202 5.784522 -5.023033 10.268416 -2.564756 12.927404 27.351231 -11.011954 -23.434298 -4.527925 -2.843005 -23.510618 -12.714385 -1.685170 10.510227 -0.244114 -0.180275 -22.506063 -27.986141 9.238537 -15.755306 -14.066628 10.766315 -10.678508 3.706947 -18.469843 10.052156 1.979038 -8.851256
-1.192427 -11.344116 8.459853 -5.564573 8.175391 0.891130 15.310005 25.332485 -11.028037 -24.303183 -3.367489 -1.545250 -25.249256 -13.281710 -3.005443 11.586311 -1.712275 0.610679 -21.951359 -25.522245 8.709583 -17.224220 -16.079847 12.247374 -7.984965 4.704772 -17.515678 10.545431 2.130445 -7.045445
-1.031361 -9.917593 12.417041 -5.760863 7.844801 4.576166 17.311096 22.356495 -11.293790 -23.605280 -2.900032 0.231793 -26.601427 -14.806571 -4.235383 11.283789 -3.821314 1.337488 -21.788595 -23.145319 6.354085 -16.834644 -17.169975 13.241057 -7.022075 4.307319 -16.714228 10.822170 0.076146 -3.719238
-0.920855 -7.939094 15.011667 -5.329773 10.556729 5.724603 16.682732 20.680149 -9.931184 -20.510757 -2.984582 0.947224 -27.873028 -16.007164 -4.184691 10.166683 -4.696021 3.426739 -21.066479 -21.194984 4.071159 -15.711508 -17.089874 14.066403 -7.739891 4.385646 -16.077671 10.043470 -1.889397 -0.857258
0.849576 -7.409663 16.337845 -5.079324 13.341697 3.927937 14.467501 19.144554 -7.088898 -18.054314 -3.203995 3.739563 -30.719193 -17.861666 -4.837616 8.010833 -5.379417 3.975379 -19.680008 -18.911446 2.231447 -13.629425 -15.661144 14.990127 -9.445549 4.760299 -15.330936 9.315229 -3.347894 -0.429674
3.316252 -8.376457 16.798473 -5.435622 13.678731 2.365270 11.903972 19.112963 -4.801245 -18.477930 -3.938400 6.058658 -34.008041 -17.060671 -5.375778 8.562847 -5.259512 4.627142 -16.396811 -17.242178 1.517226 -12.384914 -14.858610 15.140510 -11.265014 4.692492 -13.651055 9.513249 -3.087940 -1.033842
4.540220 -10.574638 13.937257 -8.858949 13.723598 2.996630 9.541664 19.087168 -2.931142 -19.530485 -5.406221 7.623438 -36.474846 -15.415243 -5.776313 9.150161 -4.924682 6.391032 -13.505662 -15.281528 0.837930 -12.567842 -15.661715 14.806406 -11.515722 4.926278 -11.332625 10.838376 -2.036916 -1.485370
8.058602 -12.541254 10.781997 -13.703211 14.466237 5.404613 6.700063 19.073280 0.039191 -19.527126 -7.276179 8.371011 -37.937927 -14.001568 -5.690404 9.871737 -4.913188 8.649352 -10.729449 -13.370047 -0.183653 -13.367494 -17.321066 13.308274 -11.026033 4.307693 -8.947683 13.339789 -1.089580 -0.017070
12.942722 -15.860568 8.261095 -15.986782 13.576106 6.755330 5.220077 18.739870 3.272440 -18.220041 -9.740091 9.021262 -38.304924 -12.238222 -4.512113 9.850700 -3.043820 10.314601 -8.221347 -11.014560 -1.045523 -14.336446 -18.748066 11.505454 -10.844620 3.528989 -6.203215 16.376820 0.660130 0.543523
16.286888 -15.475266 7.755548 -16.218443 14.451661 4.239563 4.783338 17.709734 4.848352 -16.252056 -12.446851 9.378941 -37.565895 -10.000829 -3.020584 10.135696 -0.112012 10.626487 -6.397700 -9.116009 -2.560404 -14.428969 -19.814640 10.395160 -11.680301 2.496995 -5.115205 17.213943 0.471768 1.397994
17.598257 -14.090681 8.610602 -16.570509 15.348869 3.201981 4.655003 15.569648 5.480962 -15.245967 -14.864585 9.382931 -36.506599 -7.905610 -1.229930 10.164804 3.016539 10.330752 -4.892617 -7.979797 -2.738745 -13.519311 -18.733273 9.315860 -13.218417 1.434654 -4.645566 17.596455 0.602422 1.934833
17.529476 -13.423662 9.177535 -15.742941 16.198814 2.058765 4.698790 13.487360 5.730612 -14.266136 -16.059031 9.030152 -36.093800 -6.337184 0.069618 9.576571 5.678717 9.963118 -4.024367 -8.307848 -3.548720 -12.915854 -18.330873 9.207541 -14.351270 1.293127 -4.541624 16.815212 0.006715 2.544699
16.656996 -12.338001 9.223308 -15.831142 17.273870 1.129176 4.645526 12.253414 5.864280 -13.362586 -16.857639 8.568857 -35.385677 -5.437699 0.909500 9.438826 7.080983 9.641516 -3.716861 -8.714846 -4.448120 -12.057021 -17.581764 9.019554 -15.328834 0.989664 -4.265355 16.657703 -0.662084 2.728340
16.403336 -11.881907 8.777343 -15.984268 17.831543 -0.222150 4.926028 10.962610 6.042127 -12.531338 -17.489491 8.174418 -34.583157 -4.741755 1.609724 9.547190 7.958787 9.531524 -3.534053 -8.694389 -4.840942 -11.731566 -17.290775 8.890997 -15.818118 0.792165 -3.836180 16.929003 -0.689573 2.438281
16.432270 -11.694563 8.441511 -16.225542 18.209730 -0.678304 4.897019 10.410032 6.177154 -12.137032 -17.800196 8.119308 -34.234303 -4.320383 1.931824 9.597121 8.462419 9.367274 -3.419043 -8.666919 -4.896364 -11.538449 -17.001356 8.467166 -16.017708 0.609889 -3.794881 17.217754 -0.671383 2.498277
16.493864 -11.665115 8.270327 -16.257181 18.312019 -0.832001 4.887070 10.299206 6.130426 -12.089281 -17.888687 8.099273 -34.152428 -4.135442 2.047109 9.618665 8.662251 9.332780 -3.364701 -8.656090 -4.814693 -11.367791 -16.715834 8.559376 -16.089014 0.643504 -3.759670 17.235811 -0.670816 2.452623
16.409029 -11.676629 8.242563 -16.199697 18.291727 -0.878949 4.961624 10.248880 6.051534 -12.092441 -17.905130 8.087719 -34.103027 -4.131047 2.072220 9.621288 8.668112 9.323798 -3.367002 -8.652825 -4.830801 -11.354905 -16.693983 8.563046 -16.078249 0.654139 -3.766365 17.237467 -0.689973 2.434916
16.440935 -11.639086 8.161245 -16.348091 18.268188 -0.971092 4.956770 10.172860 6.112556 -12.106911 -17.937527 8.089610 -34.074604 -4.086326 2.094813 9.599874 8.713098 9.314637 -3.360456 -8.665130 -4.920381 -11.366709 -16.744997 8.631972 -16.017488 0.715565 -3.757974 17.217741 -0.744332 2.406808
16.245432 -11.578403 8.005540 -16.402241 18.304600 -1.159309 5.079690 9.925619 6.009314 -12.066024 -17.984192 8.084694 -33.964607 -4.037002 2.137693 9.631380 8.726546 9.336625 -3.360434 -8.594004 -4.886839 -11.280816 -16.570154 8.755754 -15.967796 0.791912 -3.717260 17.266129 -0.753712 2.368033
16.333185 -11.552554 7.665344 -16.576754 18.377546 -1.467456 5.084400 9.690443 6.011581 -12.003184 -18.005550 8.117507 -33.903305 -4.061523 2.168498 9.606058 8.715579 9.360898 -3.383522 -8.513506 -4.890254 -11.258825 -16.527252 8.736114 -15.886159 0.808637 -3.648211 17.431730 -0.740952 2.463326
16.933344 -11.219884 6.874735 -17.259960 18.646257 -1.843814 4.928009 9.239933 6.038130 -11.920555 -18.099606 8.156952 -33.709988 -4.009891 2.266818 9.598886 8.794568 9.327941 -3.414961 -8.380383 -4.692379 -11.157272 -16.239285 8.655056 -15.871264 0.761745 -3.545735 17.717796 -0.586760 2.502094
17.203421 -11.026717 6.356648 -17.674536 18.876724 -2.272866 4.928106 8.742609 6.024166 -11.792150 -18.222361 8.185554 -33.496841 -3.864965 2.441159 9.618546 9.028548 9.232995 -3.408828 -8.263565 -4.580060 -11.119740 -16.061441 8.296632 -15.660050 0.712172 -3.531114 18.174519 -0.516393 2.798568
17.534657 -10.873608 5.706230 -18.138474 19.198280 -2.691719 4.816659 8.148997 6.030854 -11.612911 -18.286335 8.206819 -33.259499 -3.857208 2.540956 9.627259 9.077573 9.212255 -3.457954 -8.086098 -4.571985 -11.157918 -16.060583 8.029840 -15.529418 0.707152 -3.594560 18.404064 -0.508520 3.001153
17.939404 -10.596008 5.065948 -18.702139 19.754930 -2.947995 4.494090 7.750216 6.118371 -11.329143 -18.340086 8.269786 -33.109470 -3.859665 2.620942 9.631719 9.098241 9.224895 -3.477152 -7.879217 -4.645993 -11.196449 -16.198767 7.469154 -15.366525 0.536093 -3.764877 18.694864 -0.635766 3.409230
18.383936 -10.682099 4.279294 -19.029913 20.031265 -3.308986 4.274578 7.398736 6.254316 -11.109291 -18.386150 8.361737 -32.870884 -3.908283 2.658364 9.743891 9.057119 9.169181 -3.501795 -7.575795 -4.478576 -11.123677 -16.055769 7.138850 -15.132558 0.496774 -3.708002 19.109764 -0.566335 3.941532
18.596075 -10.855687 3.652151 -19.286013 20.441862 -3.649575 4.123268 7.059785 6.371833 -10.870717 -18.416653 8.472383 -32.648361 -3.905119 2.667419 9.872061 9.012958 9.169800 -3.534706 -7.181083 -4.446880 -11.134758 -16.094629 6.322012 -15.056434 0.212445 -3.842353 19.579914 -0.569579 4.387863
18.831625 -10.921036 3.081698 -19.283468 20.884277 -3.739614 3.927282 6.982792 6.289096 -10.682553 -18.492367 8.573708 -32.304428 -3.895779 2.803632 9.932550 9.163045 9.033656 -3.579107 -6.781025 -4.282862 -11.044810 -15.902421 5.655290 -14.983516 -0.004172 -3.966193 20.028763 -0.525287 4.818051
19.087225 -10.980124 2.376369 -19.374222 21.238443 -3.881425 3.869944 6.694915 6.085677 -10.511191 -18.508251 8.702377 -32.031052 -3.898807 2.906883 10.049906 9.292508 8.887485 -3.584287 -6.317507 -4.190521 -10.867761 -15.633382 5.080751 -15.090774 -0.275867 -4.096055 20.357088 -0.549795 5.082156
19.544725 -10.983395 1.633799 -19.098223 21.641861 -3.915346 3.709508 6.456463 5.841448 -10.128509 -18.479321 8.825163 -31.800798 -3.916995 2.928827 10.185038 9.287807 8.878023 -3.610933 -5.819407 -4.104039 -10.657805 -15.322372 4.626590 -15.279713 -0.526608 -4.266549 20.540558 -0.591850 5.264925
19.958361 -10.825214 1.323953 -18.822001 21.971109 -3.768653 3.533615 6.474386 5.628249 -9.875021 -18.525198 8.937322 -31.527588 -3.882956 3.012616 10.265919 9.422715 8.695312 -3.619075 -5.508999 -4.072742 -10.541194 -15.170073 4.064177 -15.506848 -0.858608 -4.524687 20.680996 -0.659746 5.389465
20.176901 -10.584378 1.044210 -18.469063 22.178627 -3.545782 3.395446 6.570401 5.268782 -9.743537 -18.556023 8.992696 -31.387320 -3.877337 3.091307 10.312967 9.537316 8.562839 -3.603671 -5.341839 -4.033079 -10.530457 -15.119933 3.977007 -15.629791 -0.930383 -4.663575 20.599630 -0.656390 5.363917
20.331301 -10.486870 0.711476 -18.273706 22.373695 -3.443225 3.359890 6.566626 4.989890 -9.602783 -18.615543 9.041957 -31.179726 -3.873885 3.182222 10.328644 9.658240 8.388595 -3.615090 -5.228955 -4.083848 -10.564310 -15.124019 3.835895 -15.783528 -0.958842 -4.814303 20.526276 -0.664781 5.341451
20.396156 -10.495304 0.395381 -18.047417 22.528820 -3.352704 3.337383 6.583619 4.742734 -9.478035 -18.687096 9.063732 -31.013317 -3.847142 3.257999 10.316339 9.793635 8.195737 -3.610477 -5.236138 -4.135427 -10.605454 -15.145458 3.752123 -15.902747 -0.959644 -4.932809 20.441807 -0.669185 5.288254
20.491425 -10.414669 0.288733 -17.917114 22.611898 -3.270496 3.319584 6.576469 4.595803 -9.401915 -18.729761 9.049723 -30.929848 -3.844221 3.308914 10.299860 9.888437 8.059157 -3.599929 -5.313636 -4.147395 -10.633849 -15.102580 3.687680 -15.915847 -0.922775 -5.082416 20.373318 -0.687187 5.243008
20.539534 -10.341702 0.128748 -17.788332 22.706459 -3.190508 3.322636 6.569850 4.406872 -9.324171 -18.757032 9.032678 -30.850826 -3.854434 3.346075 10.279156 9.948485 7.964234 -3.600493 -5.365906 -4.162119 -10.675447 -15.063574 3.590578 -15.943460 -0.888459 -5.286006 20.278532 -0.715171 5.174136
20.520452 -10.333048 0.067012 -17.750435 22.728657 -3.174829 3.338775 6.571795 4.341427 -9.305304 -18.765139 9.027441 -30.822643 -3.852115 3.353647 10.280071 9.960153 7.942916 -3.603778 -5.371725 -4.168810 -10.690379 -15.061090 3.566055 -15.953946 -0.880054 -5.342243 20.248558 -0.722606 5.149297
20.520323 -10.330908 0.073229 -17.751476 22.728079 -3.161206 3.329476 6.591419 4.341011 -9.313368 -18.764639 9.028702 -30.833889 -3.849375 3.351188 10.276707 9.959565 7.948202 -3.601684 -5.376304 -4.160103 -10.689816 -15.059474 3.570242 -15.954712 -0.880696 -5.356364 20.235928 -0.725354 5.133695
20.546824 -10.328758 0.130652 -17.820156 22.695824 -3.136769 3.280824 6.657203 4.414729 -9.363676 -18.749325 9.022817 -30.913242 -3.847070 3.331087 10.253254 9.934709 7.993178 -3.597054 -5.427854 -4.148204 -10.681414 -15.094387 3.627067 -15.946134 -0.902265 -5.312378 20.226345 -0.729245 5.111590
20.545555 -10.335266 0.169265 -17.852346 22.679031 -3.090559 3.237247 6.747801 4.448186 -9.414043 -18.742081 9.001959 -30.964058 -3.843387 3.320651 10.207914 9.922812 8.012366 -3.606186 -5.529989 -4.146038 -10.685531 -15.118784 3.664159 -15.945338 -0.902913 -5.317580 20.192247 -0.740902 5.069076
20.527039 -10.339124 0.265178 -17.936859 22.616247 -3.046365 3.190698 6.930118 4.530827 -9.518318 -18.732151 8.964774 -31.049431 -3.846641 3.309221 10.123520 9.909321 8.051699 -3.621075 -5.689089 -4.147629 -10.706567 -15.236448 3.764501 -15.986527 -0.954864 -5.318250 20.077709 -0.770178 4.915081
20.452927 -10.353605 0.313955 -18.014872 22.531319 -3.030818 3.199528 7.066869 4.573075 -9.621910 -18.703535 8.934958 -31.160498 -3.850993 3.279935 10.061690 9.870910 8.123778 -3.629004 -5.801921 -4.160857 -10.748097 -15.368179 3.852234 -16.035763 -1.006845 -5.345201 19.941133 -0.801219 4.731374
20.359890 -10.370488 0.484307 -18.044573 22.413141 -2.996180 3.205886 7.292510 4.655317 -9.735370 -18.671038 8.887061 -31.298441 -3.841969 3.226639 10.036786 9.814216 8.210692 -3.628004 -5.944314 -4.168429 -10.792078 -15.483130 3.927274 -16.074305 -1.041249 -5.394868 19.806633 -0.828722 4.546816
20.228418 -10.352478 0.627740 -17.983370 22.341711 -2.896490 3.219786 7.688796 4.652709 -9.814011 -18.646229 8.817201 -31.456978 -3.833224 3.158880 10.035758 9.747326 8.266018 -3.614232 -6.181958 -4.166625 -10.868407 -15.646792 4.028798 -16.126610 -1.060541 -5.502819 19.604412 -0.863942 4.261988
20.208635 -10.311181 0.894524 -18.096083 22.212772 -2.747273 3.145060 8.123071 4.796735 -10.001347 -18.622566 8.737666 -31.698713 -3.800729 3.065156 10.003810 9.664016 8.353875 -3.566015 -6.491704 -4.160964 -10.915251 -15.721016 4.117838 -16.158825 -1.053110 -5.646634 19.398615 -0.918955 4.027608
20.181292 -10.339332 1.238339 -18.239744 22.054052 -2.602796 3.086979 8.491385 5.004409 -10.195253 -18.627703 8.627723 -31.941467 -3.788735 3.039142 9.883656 9.670987 8.411247 -3.538620 -6.905359 -4.110149 -10.973188 -15.859810 4.280811 -16.155148 -1.064201 -5.696521 19.230894 -0.927357 3.764684
20.142487 -10.457519 1.623324 -18.312691 21.801498 -2.297495 3.046900 9.044472 5.187573 -10.431990 -18.555042 8.533777 -32.284683 -3.776706 2.944034 9.931296 9.552938 8.544902 -3.466945 -7.187521 -4.010735 -11.041131 -15.938318 4.350586 -16.119091 -1.051536 -5.825188 19.095959 -0.909124 3.521312
20.332115 -10.512482 2.047302 -18.492929 21.654165 -1.911883 2.900393 9.702716 5.469195 -10.632047 -18.483412 8.412024 -32.608246 -3.731127 2.873663 9.940603 9.533638 8.639088 -3.389548 -7.505311 -3.913205 -11.169995 -16.013861 4.358592 -16.065956 -0.972643 -6.088195 18.926907 -0.875266 3.195584
20.443542 -10.487079 2.407248 -18.531969 21.455688 -1.550962 2.830315 10.430338 5.551181 -10.859560 -18.329514 8.260928 -32.898026 -3.760384 2.766915 10.092461 9.387602 8.695365 -3.308783 -7.820970 -3.798887 -11.346272 -16.151686 4.384398 -15.998465 -0.884743 -6.323010 18.772017 -0.800520 2.877153
20.391947 -10.480633 2.718038 -18.341707 21.157248 -1.242131 2.862854 11.041674 5.457469 -11.104239 -18.207397 8.098050 -33.241837 -3.713962 2.683364 10.206029 9.354360 8.720595 -3.196888 -8.217718 -3.655612 -11.603291 -16.402824 4.557065 -15.810613 -0.720754 -6.530988 18.598484 -0.699802 2.485584
20.347296 -10.486614 3.060323 -18.150679 20.842052 -0.741613 2.791191 12.072515 5.408034 -11.381468 -18.030153 7.953606 -33.473610 -3.750898 2.604993 10.460998 9.305533 8.570189 -3.077639 -8.500662 -3.573174 -11.840013 -16.582005 4.613295 -15.656096 -0.565574 -6.769010 18.485714 -0.610078 2.202666
10.193085 -1.428606 7.075372 -17.710077 5.525275 -5.196380 19.829819 7.638795 -11.048526 -21.726912 -10.952583 2.160911 -26.021456 -14.568141 -4.934439 3.897186 1.953351 10.608632 -19.486277 -6.828729 5.104608 -4.371814 -12.311657 13.433894 -9.243158 2.928217 -8.499898 13.583951 -1.463642 1.505789
9.866690 -1.724219 7.160857 -17.131075 5.381400 -4.603034 19.767395 8.482707 -11.297404 -21.876400 -10.266863 2.044487 -26.205990 -15.136765 -5.264070 4.563365 1.450229 9.843927 -19.701036 -7.449234 5.559420 -4.708286 -12.305192 13.319038 -8.923124 3.243381 -9.115220 13.426927 -1.234890 1.072980
10.012415 -1.748332 7.238499 -16.298552 5.500417 -4.416242 19.651421 9.307455 -11.597275 -21.828018 -9.719936 1.943804 -26.199764 -15.426105 -5.360206 5.021480 1.292103 9.335267 -19.753691 -7.695726 5.924820 -4.963607 -12.208986 13.173680 -8.638494 3.510136 -9.727357 13.285517 -1.094259 0.746062
10.106099 -1.771205 7.243859 -15.566915 5.647389 -4.338427 19.577534 9.818167 -11.935178 -21.805248 -9.015520 1.798134 -26.284897 -15.676616 -5.518727 5.543899 1.056275 8.859533 -19.744789 -8.042544 6.354736 -5.321443 -12.220356 13.131251 -8.259893 3.806471 -10.405297 13.106264 -0.906752 0.221936
10.501095 -1.559746 6.988453 -14.965511 5.860922 -4.481051 19.542973 10.209515 -12.392680 -21.773592 -8.306929 1.584755 -26.196152 -15.918137 -5.553719 6.076900 0.919445 8.314493 -19.710218 -8.322500 6.722227 -5.476317 -12.057026 12.904273 -8.007102 3.943864 -11.022677 13.010204 -0.836538 -0.028298
8.923038 -4.989699 7.764996 -11.250400 9.529880 -4.566221 17.227142 12.729200 -9.006373 -19.531603 -8.362959 1.398137 -24.757011 -10.904823 -1.050267 9.089129 0.908009 8.092654 -18.540384 -12.331714 8.009638 -9.867814 -11.134503 13.071942 -9.825371 0.694561 -12.319166 13.978873 -0.895110 0.065977
9.209905 -6.044140 7.197459 -10.152386 10.218941 -5.189136 16.698660 13.474980 -8.593056 -19.059427 -7.842471 0.461932 -23.850430 -10.534038 0.089723 9.615107 1.412178 7.693205 -18.470139 -12.888654 8.805223 -9.846947 -11.088742 12.632365 -9.649108 -0.016914 -12.832667 14.093939 -0.734127 -0.216152
9.449695 -5.847705 6.730065 -9.574532 11.108809 -4.800593 16.446520 13.802385 -9.074265 -18.877579 -7.678093 0.272638 -23.372753 -10.717349 0.234704 9.662220 1.621220 7.298706 -18.580280 -13.429708 9.165552 -9.724738 -10.488742 12.379369 -9.639006 -0.431195 -13.983182 13.924218 -1.387879 -0.279587
9.160637 -5.242317 6.349603 -9.011554 11.624931 -5.176929 16.492584 13.862421 -9.812490 -18.766790 -7.661299 -0.128481 -22.615807 -10.842484 0.586277 9.362016 1.993752 6.906535 -19.131514 -13.909561 9.468412 -9.513212 -10.025301 12.048310 -9.639542 -0.584475 -14.685361 13.844172 -1.667908 -0.417408
8.672054 -4.792136 5.938543 -8.451711 12.057927 -5.484305 16.519981 13.859510 -10.447146 -18.616850 -7.941462 -0.504126 -21.706699 -10.714830 1.207310 8.731894 2.550020 6.610441 -19.793669 -14.387922 9.783746 -9.193740 -9.531828 11.656298 -9.713212 -0.793828 -15.288937 13.830648 -1.928384 -0.554925
7.961071 -4.545104 5.356534 -8.018475 12.554152 -5.725389 16.537783 13.583399 -10.927221 -18.269846 -8.468999 -0.674026 -21.016121 -10.444446 1.696808 8.003822 3.202980 6.604731 -20.391603 -14.488180 10.019265 -8.737451 -8.934231 11.210769 -9.917447 -1.118212 -15.762111 13.881861 -2.240211 -0.570107
7.273875 -4.503989 4.864712 -7.652020 12.960297 -5.949881 16.567791 13.275602 -11.218956 -17.878330 -8.924608 -0.809531 -20.269121 -10.243102 2.127596 7.423567 3.812037 6.396485 -20.923092 -14.567054 10.135073 -8.206261 -8.347234 10.813184 -10.102000 -1.550453 -16.111534 13.934484 -2.686823 -0.326726
6.356115 -4.631577 4.383054 -7.503426 13.072149 -6.053881 16.754534 12.702745 -11.528680 -17.688782 -9.480524 -0.779615 -19.697983 -10.006113 2.484636 6.928914 4.401944 6.235347 -21.269617 -14.510504 10.172404 -7.795742 -7.961596 10.479819 -10.307952 -1.936026 -16.316132 13.944662 -3.049891 -0.063848
5.612968 -4.896043 4.060704 -7.437006 13.195901 -6.142703 16.982756 12.006828 -11.765478 -17.530811 -10.094421 -0.684583 -19.151035 -9.689866 2.807697 6.615658 5.007209 6.145674 -21.438622 -14.151531 10.294309 -7.407801 -7.488231 10.057231 -10.484307 -2.243251 -16.570942 13.979883 -3.315979 0.247946
4.638865 -5.326923 3.776886 -7.275088 13.224685 -6.278254 17.376862 11.217589 -12.132707 -17.460266 -10.590120 -0.660511 -18.483517 -9.420494 3.037759 6.524796 5.552090 5.864798 -21.486185 -13.814960 10.334763 -7.053570 -7.126943 9.744683 -10.700149 -2.567330 -16.743183 13.963887 -3.609795 0.549895
3.723061 -5.807333 3.594151 -7.284818 13.014348 -6.321444 17.780514 10.339427 -12.384435 -17.544714 -11.115354 -0.610718 -17.766590 -9.099009 3.355532 6.591344 6.091849 5.502159 -21.571005 -13.489758 10.248857 -6.818430 -6.919264 9.572596 -10.871343 -2.806833 -16.764727 13.956683 -3.822333 0.832108
2.764243 -6.333973 3.483486 -7.187740 12.738229 -6.432960 18.221277 9.507032 -12.594702 -17.655031 -11.587601 -0.572567 -17.003025 -8.773927 3.745989 6.706627 6.713451 5.112144 -21.609713 -13.064148 10.305014 -6.617995 -6.612813 9.194037 -11.053173 -2.888415 -16.938660 13.928991 -3.929108 1.291357
1.626014 -6.994806 3.529579 -6.962326 12.451369 -6.517373 18.739779 8.653952 -12.809132 -17.754293 -12.006789 -0.460924 -16.511164 -8.520103 3.981345 6.775839 7.112664 4.898063 -21.573580 -12.643335 10.247968 -6.440270 -6.373405 8.906312 -11.266975 -2.951620 -16.979805 13.893435 -4.028093 1.846686
0.980148 -7.345967 3.501823 -6.887948 12.233514 -6.545956 19.063751 7.997537 -12.932769 -17.792418 -12.427517 -0.367712 -15.948213 -8.214971 4.282876 6.803198 7.585434 4.667125 -21.493464 -12.197215 10.264788 -6.371708 -6.198447 8.715413 -11.378541 -2.955644 -17.023357 13.881627 -4.020985 2.198541
0.440451 -7.496807 3.339251 -6.793122 12.238288 -6.568562 19.266396 7.429524 -13.119611 -17.720915 -12.707746 -0.288189 -15.607369 -8.037507 4.487871 6.776941 7.887430 4.565908 -21.427084 -11.894470 10.279445 -6.248884 -5.910722 8.379862 -11.558090 -2.964568 -17.077892 13.871617 -4.030509 2.837539
-0.082628 -7.516789 3.046423 -6.662491 12.305173 -6.573806 19.376080 7.026745 -13.400978 -17.648701 -12.876249 -0.205199 -15.274849 -7.942637 4.652782 6.812044 8.168815 4.348734 -21.423403 -11.600582 10.373253 -6.168286 -5.639998 8.069173 -11.695418 -2.934238 -17.216927 13.850637 -3.990072 3.267091
-0.593810 -7.526191 2.709286 -6.550494 12.372619 -6.560031 19.476360 6.548939 -13.657950 -17.538097 -13.051722 -0.118917 -14.857961 -7.870679 4.833186 6.873169 8.481682 4.056056 -21.473207 -11.282612 10.508465 -6.050153 -5.276265 7.728220 -11.844203 -2.880713 -17.366962 13.844426 -3.947028 3.826791
-0.960807 -7.484753 2.352013 -6.486602 12.475533 -6.575019 19.523827 6.168033 -13.900412 -17.431429 -13.151242 -0.062828 -14.527285 -7.827826 4.962352 6.929978 8.706427 3.811058 -21.497576 -11.046539 10.587906 -5.979866 -5.063318 7.532978 -11.921964 -2.848609 -17.427063 13.852398 -3.907196 4.170933
-1.177202 -7.437661 2.086348 -6.459933 12.582334 -6.613520 19.545910 5.902827 -14.077912 -17.362974 -13.243422 -0.018958 -14.191703 -7.786457 5.109715 6.942594 8.951829 3.548117 -21.531103 -10.866877 10.643451 -5.949585 -4.940488 7.400217 -11.976448 -2.833694 -17.489899 13.853458 -3.881852 4.353141
-1.324933 -7.403575 1.892291 -6.448282 12.679278 -6.644864 19.568701 5.713080 -14.201240 -17.287262 -13.263180 -0.007211 -13.999112 -7.785392 5.183875 6.972983 9.078772 3.368840 -21.567739 -10.791121 10.678440 -5.897268 -4.832538 7.313418 -12.037885 -2.836021 -17.512218 13.853638 -3.877254 4.533983
-1.381514 -7.392253 1.837107 -6.433722 12.699653 -6.644057 19.571724 5.684043 -14.245276 -17.276752 -13.244386 -0.012365 -13.946660 -7.793647 5.185224 7.009510 9.080971 3.299568 -21.574804 -10.793943 10.690062 -5.874769 -4.782246 7.279277 -12.068941 -2.835863 -17.519905 13.853436 -3.875133 4.612390
