-7.691553 -1.069532 2.016897 -3.493907 13.767074 -4.923401 13.632719 27.928043 -26.246712 -13.499609 -4.761723 -4.559189 -10.597350 -12.431678 1.782833 12.849989 5.386284 -11.608855 -28.478182 -27.328835 11.003561 3.104234 -12.652557 3.402933 -5.186752 5.061482 -24.298401 8.076363 2.121489 -4.223220
-6.905660 -2.370829 1.708368 -3.212847 13.200835 -5.188429 13.632599 28.278336 -25.708824 -13.645248 -4.775400 -4.526949 -10.848404 -12.826646 1.955370 12.000205 5.529665 -11.336221 -28.638758 -27.390423 11.289437 2.797224 -12.876835 3.459584 -5.319543 5.165737 -24.089306 7.988274 2.647195 -4.844261
-6.324830 -5.586205 1.057179 -2.337655 11.852057 -6.290054 13.766619 29.031881 -24.713104 -14.300270 -4.572582 -4.776067 -11.624475 -13.525449 2.322414 10.528044 5.640809 -10.133943 -28.779985 -27.636969 11.670337 2.047200 -13.272696 3.872414 -5.379319 5.752649 -23.658081 7.820056 3.768139 -6.511628
-5.560531 -8.076946 0.358658 -2.034060 10.897033 -7.630593 13.072014 30.329985 -23.338207 -15.002766 -4.664506 -5.318606 -12.734297 -13.873567 2.781838 9.605622 5.784501 -8.235507 -27.963032 -27.830544 11.557240 1.665994 -13.440056 4.387473 -6.108512 6.043550 -22.945351 7.437744 4.569434 -8.008207
-3.367246 -8.797750 -0.307267 -3.286084 11.129629 -8.619404 11.423653 31.533009 -21.739529 -15.473660 -4.656534 -5.384693 -14.246416 -14.393500 2.480555 9.060009 4.747539 -6.305878 -27.232315 -27.965929 10.940470 1.630499 -13.563639 5.089387 -6.992212 6.138688 -22.184496 7.089937 4.850710 -9.772218
-1.882101 -5.575035 -0.031371 -6.284443 14.278983 -7.717650 8.223322 31.986553 -19.826817 -14.074163 -5.157240 -4.896211 -15.588102 -14.607337 1.973866 7.954072 3.999658 -4.914807 -26.857252 -27.994114 9.452080 2.390068 -13.492231 5.258782 -8.467374 4.907866 -21.641899 7.311162 3.873715 -10.710907
0.262123 -1.645926 0.946654 -7.789268 17.482456 -6.013399 5.743284 31.927025 -19.132418 -12.524429 -6.107625 -4.434412 -16.276112 -14.340467 2.020716 6.291037 3.990746 -3.842788 -26.635393 -28.306913 7.230737 3.397591 -13.552486 5.394717 -9.863957 3.583791 -21.161613 7.724520 2.326451 -11.666567
2.505009 0.384835 2.621870 -8.334993 18.863321 -4.421961 4.485317 31.477665 -18.021193 -11.159275 -7.114685 -4.112927 -16.800722 -13.992562 2.138221 4.961849 4.038139 -2.862858 -26.342318 -28.523088 5.805495 3.705232 -13.915994 5.793155 -10.232800 2.956701 -20.578108 7.969321 1.561426 -11.875269
4.038080 2.081034 3.652150 -8.302881 19.435432 -3.430429 3.956097 30.513189 -17.750622 -10.147611 -7.811802 -3.842862 -17.037323 -13.719776 2.025650 4.021232 3.868086 -2.167975 -26.342958 -28.568130 4.635156 3.830771 -14.257529 5.709359 -10.357922 2.475772 -20.153622 8.306000 0.957016 -11.262673
4.823200 3.053027 4.432169 -8.309420 19.502525 -3.216277 3.924952 29.876358 -17.387970 -9.560802 -8.279467 -3.643492 -17.256763 -13.467629 1.939616 3.707609 3.776456 -1.758933 -26.089773 -28.433048 3.577046 3.904823 -14.671393 5.587472 -10.293149 2.227395 -19.853210 8.488058 0.320055 -10.283453
4.654115 2.712694 4.584011 -8.454777 19.216198 -3.226154 3.988523 30.093513 -17.261538 -9.898169 -8.145018 -3.638517 -17.489365 -13.422313 1.843546 3.794921 3.675296 -1.656132 -26.013702 -28.501076 3.994450 3.772198 -14.674810 5.832859 -10.309389 2.377494 -19.913643 8.318104 0.610325 -10.787254
1.406755 0.133205 5.460526 -9.175690 16.914656 -5.186304 5.197471 31.667055 -16.184540 -12.041572 -6.813420 -3.429958 -19.753355 -13.129632 0.670974 5.820378 2.451210 -1.360674 -24.939516 -29.062931 5.392654 2.700158 -15.561525 7.107924 -9.896077 3.673769 -19.960020 7.205350 1.792491 -11.749664
-1.709023 -8.181734 7.067260 -8.593262 8.200065 -5.931816 10.771431 29.787876 -15.172883 -16.425066 -4.527925 -2.843005 -23.510618 -12.714385 -1.685170 10.510227 -0.244114 -0.180275 -22.506063 -27.986141 7.707750 -0.425287 -17.923420 10.009722 -6.427147 7.261894 -19.142593 6.086799 4.501015 -11.260667
-2.613151 -8.634837 13.714816 -9.319864 5.772214 1.240395 15.158277 24.794127 -15.460076 -16.599834 -2.900032 0.231793 -26.601427 -14.806571 -4.235383 11.283789 -3.821314 1.337488 -21.788595 -23.145319 4.818310 -1.515751 -21.040201 12.470637 -2.768365 7.836416 -17.379559 6.874921 2.595219 -6.118913
-0.684564 -6.133927 17.607674 -8.650199 11.282018 0.602662 12.283138 21.588886 -11.248607 -11.050365 -3.203995 3.739563 -30.719193 -17.861666 -4.837616 8.010833 -5.379417 3.975379 -19.680008 -18.911446 0.671501 1.680875 -19.552429 14.212596 -5.172764 8.302878 -16.017529 5.373411 -0.834660 -2.854110
2.987515 -9.308079 15.193135 -12.428878 11.668713 -0.345585 7.345066 21.536495 -7.093549 -12.534204 -5.406221 7.623438 -36.474846 -15.415243 -5.776313 9.150161 -4.924682 6.391032 -13.505662 -15.281528 -0.690375 2.739555 -19.532578 14.059783 -7.217906 8.484319 -12.001220 6.914553 0.499749 -3.938993
11.324564 -14.596367 9.536851 -19.542053 11.483067 3.414793 3.085607 21.192739 -0.920310 -11.224751 -9.740091 9.021262 -38.304924 -12.238222 -4.512113 9.850700 -3.043820 10.314601 -8.221347 -11.014560 -2.599166 0.951556 -22.639097 10.757430 -6.568726 7.076525 -6.871958 12.448584 3.190083 -1.917265
16.018234 -12.811658 9.883901 -20.127213 13.257353 -0.161745 2.514412 18.008190 1.289562 -8.251270 -14.864585 9.382931 -36.506599 -7.905610 -1.229930 10.164804 3.016539 10.330752 -4.892617 -7.979797 -4.289939 1.762211 -22.620829 8.569738 -8.937727 4.978065 -5.311432 13.673719 3.131783 -0.527769
15.074901 -11.052538 10.499661 -19.394991 15.188409 -2.251608 2.503334 14.692160 1.683554 -6.367635 -16.857639 8.568857 -35.385677 -5.437699 0.909500 9.438826 7.080983 9.641516 -3.716861 -8.714846 -5.998693 3.233601 -21.466715 8.270905 -11.046781 4.535181 -4.935857 12.729773 1.863024 0.286683
14.856469 -10.415555 9.715112 -19.787132 16.117479 -4.072587 2.749606 12.851219 1.995951 -5.149694 -17.800196 8.119308 -34.234303 -4.320383 1.931824 9.597121 8.462419 9.367274 -3.419043 -8.666919 -6.430414 3.756527 -20.889147 7.719778 -11.730514 4.175004 -4.470833 13.274687 1.864366 0.061330
14.831451 -10.390856 9.518503 -19.765989 16.203224 -4.270285 2.814047 12.690771 1.872962 -5.100203 -17.905130 8.087719 -34.103027 -4.131047 2.072220 9.621288 8.668112 9.323798 -3.367002 -8.652825 -6.382516 3.935645 -20.582533 7.812573 -11.796100 4.199786 -4.434027 13.309032 1.836059 -0.007078
14.668062 -10.292641 9.281364 -19.968422 16.216145 -4.550638 2.931947 12.367512 1.830558 -5.073804 -17.984192 8.084694 -33.964607 -4.037002 2.137693 9.631380 8.726546 9.336625 -3.360434 -8.594004 -6.438555 4.009733 -20.458704 8.005280 -11.685645 4.337560 -4.384922 13.337693 1.772322 -0.073960
15.331558 -9.938306 8.155922 -20.813025 16.552895 -5.231460 2.781387 11.691504 1.850835 -4.936728 -18.099606 8.156952 -33.709988 -4.009891 2.266818 9.598886 8.794568 9.327941 -3.414961 -8.380383 -6.244081 4.133488 -20.127874 7.904508 -11.589068 4.307390 -4.213567 13.789226 1.939238 0.059843
15.933500 -9.590916 6.986411 -21.691467 17.106165 -6.079414 2.670078 10.599493 1.842625 -4.628494 -18.286335 8.206819 -33.259499 -3.857208 2.540956 9.627259 9.077573 9.212255 -3.457954 -8.086098 -6.134013 4.147448 -19.951916 7.284435 -11.248591 4.250592 -4.261036 14.460310 2.007383 0.544479
16.782404 -9.401535 5.558569 -22.584936 17.938749 -6.694641 2.126732 9.849920 2.066869 -4.125427 -18.386150 8.361737 -32.870884 -3.908283 2.658364 9.743891 9.057119 9.169181 -3.501795 -7.575795 -6.040534 4.179233 -19.947950 6.396383 -10.848533 4.039405 -4.371583 15.171091 1.952420 1.466144
17.230471 -9.639832 4.360821 -22.838964 18.792183 -7.124889 1.779435 9.433944 2.101913 -3.698096 -18.492367 8.573708 -32.304428 -3.895779 2.803632 9.932550 9.163045 9.033656 -3.579107 -6.781025 -5.843970 4.255847 -19.793365 4.911594 -10.701428 3.538172 -4.630208 16.092129 1.994981 2.343282
17.943846 -9.702676 2.913393 -22.651567 19.549458 -7.301299 1.562506 8.908675 1.653678 -3.144051 -18.479321 8.825163 -31.800798 -3.916995 2.928827 10.185038 9.287807 8.878023 -3.610933 -5.819407 -5.666893 4.644707 -19.215837 3.887786 -11.003264 3.015287 -4.928804 16.597759 1.926891 2.788343
18.580091 -9.308134 2.320132 -22.023542 20.084539 -6.932231 1.248737 9.021074 1.081578 -2.762132 -18.556023 8.992696 -31.387320 -3.877337 3.091307 10.312967 9.537316 8.562839 -3.603671 -5.341839 -5.593090 4.767776 -19.014332 3.237699 -11.346271 2.613939 -5.325961 16.661461 1.865304 2.887736
18.799349 -9.219061 1.671302 -21.601896 20.434731 -6.739152 1.190674 9.034290 0.555529 -2.496632 -18.687096 9.063732 -31.013317 -3.847142 3.257999 10.316339 9.793635 8.195737 -3.610477 -5.236138 -5.695124 4.693285 -19.039883 3.013164 -11.618884 2.585004 -5.595109 16.503365 1.852537 2.811727
18.942438 -9.065771 1.402381 -21.343390 20.612820 -6.576513 1.176132 9.019484 0.218160 -2.342369 -18.757032 9.032678 -30.850826 -3.854434 3.346075 10.279156 9.948485 7.964234 -3.600493 -5.365906 -5.721817 4.623291 -18.957998 2.851619 -11.659597 2.656189 -5.948307 16.340090 1.806550 2.697611
18.923227 -9.054976 1.346860 -21.306532 20.634438 -6.547212 1.182973 9.041052 0.152299 -2.331567 -18.764639 9.028702 -30.833889 -3.849375 3.351188 10.276707 9.959565 7.948202 -3.601684 -5.376304 -5.719801 4.608924 -18.953897 2.831282 -11.670851 2.663953 -6.018663 16.297482 1.796368 2.657170
18.948458 -9.059334 1.442897 -21.407402 20.585392 -6.476565 1.090745 9.197434 0.259476 -2.432242 -18.742081 9.001959 -30.964058 -3.843387 3.320651 10.207914 9.922812 8.012366 -3.606186 -5.529989 -5.705736 4.613208 -19.013205 2.925200 -11.661477 2.641736 -5.979879 16.253803 1.780820 2.592549
18.856153 -9.077610 1.588029 -21.569952 20.437286 -6.416802 1.053314 9.516430 0.384508 -2.640472 -18.703535 8.934958 -31.160498 -3.850993 3.279935 10.061690 9.870910 8.123778 -3.629004 -5.801921 -5.720868 4.550134 -19.262577 3.112926 -11.752245 2.537477 -6.007587 16.002964 1.720474 2.255193
18.631960 -9.076168 1.904140 -21.537874 20.247204 -6.282916 1.073388 10.139388 0.465661 -2.832998 -18.646229 8.817201 -31.456978 -3.833224 3.158880 10.035758 9.747326 8.266018 -3.614232 -6.181958 -5.726636 4.429823 -19.541191 3.289490 -11.843089 2.483780 -6.165205 15.666245 1.657751 1.785807
18.584532 -9.063080 2.514324 -21.794228 19.959908 -5.989242 0.940311 10.942048 0.817227 -3.213902 -18.627703 8.627723 -31.941467 -3.788735 3.039142 9.883656 9.670987 8.411247 -3.538620 -6.905359 -5.670160 4.325044 -19.754210 3.541503 -11.871629 2.480120 -6.358907 15.292725 1.594336 1.288506
18.731833 -9.234718 3.321101 -22.044882 19.560999 -5.302763 0.752557 12.152870 1.278532 -3.646350 -18.483412 8.412024 -32.608246 -3.731127 2.873663 9.940603 9.533638 8.639088 -3.389548 -7.505311 -5.473967 4.124599 -19.907808 3.621740 -11.784522 2.570250 -6.750554 14.987345 1.645411 0.716980
18.806395 -9.216555 3.977676 -21.900225 19.065704 -4.652166 0.715392 13.492470 1.273038 -4.104294 -18.207397 8.098050 -33.241837 -3.713962 2.683364 10.206029 9.354360 8.720595 -3.196888 -8.217718 -5.220102 3.689445 -20.292784 3.816223 -11.534131 2.819769 -7.196096 14.661278 1.820060 0.012865
6.507445 2.440891 9.903316 -22.706560 5.640763 -4.649427 19.010361 9.913527 -13.463653 -14.090261 -10.952583 2.160911 -26.021456 -14.568141 -4.934439 3.897186 1.953351 10.608632 -19.486277 -6.828729 2.986291 4.768378 -13.871305 14.223344 -8.383543 4.842339 -10.468572 9.937811 0.372079 -0.489509
6.327487 2.120531 10.065467 -21.295353 5.616203 -3.869941 18.831421 11.582289 -14.012019 -14.191064 -9.719936 1.943804 -26.199764 -15.426105 -5.360206 5.021480 1.292103 9.335267 -19.753691 -7.695726 3.806821 4.176520 -13.768403 13.963225 -7.778811 5.424504 -11.696130 9.639222 0.741652 -1.249226
6.815156 2.308140 9.814226 -19.962797 5.977288 -3.935944 18.723093 12.482990 -14.806512 -14.135542 -8.306929 1.584755 -26.196152 -15.918137 -5.553719 6.076900 0.919445 8.314493 -19.710218 -8.322500 4.601034 3.660341 -13.621026 13.692721 -7.147964 5.858528 -12.992017 9.363285 0.999715 -2.023639
7.825016 -4.812699 8.306647 -13.522765 8.180733 -8.654517 14.609764 15.852716 -12.809490 -12.123137 -7.842471 0.461932 -23.850430 -10.534038 0.089723 9.615107 1.412178 7.693205 -18.470139 -12.888654 7.241576 5.036500 -14.902336 11.819764 -5.412242 3.470439 -13.594724 10.370790 1.798952 -2.466670
7.590857 -3.980313 7.582065 -12.583856 9.531072 -8.621902 14.358287 16.293877 -13.994815 -11.755795 -7.661299 -0.128481 -22.615807 -10.842484 0.586277 9.362016 1.993752 6.906535 -19.131514 -13.909561 7.973207 5.789186 -13.907234 11.246549 -5.346801 2.964342 -15.393027 9.918233 0.878711 -2.830145
6.366960 -3.262466 6.606522 -11.610741 10.466879 -9.155161 14.432755 16.011395 -15.090065 -11.238750 -8.468999 -0.674026 -21.016121 -10.444446 1.696808 8.003822 3.202980 6.604731 -20.391603 -14.488180 8.490202 6.567020 -12.813566 10.406332 -5.623343 2.394362 -16.446600 9.985516 0.285117 -2.996475
4.792254 -3.360607 5.599309 -11.103262 10.987590 -9.478512 14.635191 15.145302 -15.695612 -10.662601 -9.480524 -0.779615 -19.697983 -10.006113 2.484636 6.928914 4.401944 6.235347 -21.269617 -14.510504 8.640318 7.509334 -11.839914 9.674663 -6.017807 1.578438 -17.001949 10.045129 -0.524911 -2.491727
3.061709 -4.032682 5.029342 -10.872950 11.168868 -9.618768 15.209903 13.662110 -16.295677 -10.460139 -10.590120 -0.660511 -18.483517 -9.420494 3.037759 6.524796 5.552090 5.864798 -21.486185 -13.814960 8.820824 8.245522 -10.992743 8.934256 -6.417045 0.972255 -17.444824 10.043402 -1.069571 -1.845737
1.215264 -5.061338 4.725308 -10.765051 10.670033 -9.794522 16.037291 11.954082 -16.766277 -10.674170 -11.587601 -0.572567 -17.003025 -8.773927 3.745989 6.706627 6.713451 5.112144 -21.609713 -13.064148 8.788056 8.678241 -10.481750 8.391040 -6.768965 0.648573 -17.644997 10.010707 -1.394993 -1.121777
-0.568832 -6.073331 4.743646 -10.465261 10.165318 -9.907517 16.879765 10.444587 -17.104347 -10.811561 -12.427517 -0.367712 -15.948213 -8.214971 4.282876 6.803198 7.585434 4.667125 -21.493464 -12.197215 8.747993 8.925118 -10.067494 7.912871 -7.093925 0.581601 -17.729576 9.963179 -1.486919 -0.215163
-1.648637 -6.230313 4.302045 -10.239801 10.246350 -9.914157 17.193085 9.469031 -17.567913 -10.668549 -12.876249 -0.205199 -15.274849 -7.942637 4.652782 6.812044 8.168815 4.348734 -21.423403 -11.600582 8.850000 9.125453 -9.505760 7.263080 -7.414765 0.597269 -17.915550 9.937260 -1.455335 0.862678
-2.526649 -6.198256 3.607624 -10.063857 10.416711 -9.915364 17.340687 8.610342 -18.067413 -10.451293 -13.151242 -0.062828 -14.527285 -7.827826 4.962352 6.929978 8.706427 3.811058 -21.497576 -11.046539 9.064367 9.315290 -8.928976 6.727092 -7.640428 0.682840 -18.125420 9.938892 -1.372594 1.765807
-2.900651 -6.113521 3.143926 -10.035910 10.617965 -9.988069 17.396641 8.157120 -18.371460 -10.293670 -13.263180 -0.007211 -13.999112 -7.785392 5.183875 6.972983 9.078772 3.368840 -21.567739 -10.791121 9.161231 9.407953 -8.700330 6.499811 -7.753686 0.699983 -18.209953 9.935790 -1.341488 2.136362
