-2.999539 2.771708 -8.101500 -15.734704 25.545666 -16.940151 10.479514 -10.445677 -16.646458 -3.632867 -27.284271 5.490798 -6.758162 -9.649061 18.367853 8.634899 11.111557 -8.295636 -8.081663 20.075520 5.548868 9.203500 1.850484 1.795925 -27.284416 4.329092 -4.348350 9.471958 1.283977 2.918279
-2.776402 3.014965 -6.989621 -16.055960 25.449036 -15.960457 9.862352 -10.293344 -16.192102 -4.089241 -27.766747 5.829295 -7.211304 -9.297081 17.940311 8.696072 11.065230 -8.073818 -7.861101 20.275112 5.355960 9.191162 1.168683 1.464116 -27.274544 4.173139 -4.210399 9.523064 1.306295 2.755319
-1.232760 3.604137 -4.309955 -15.997644 25.207920 -14.069813 8.156666 -10.143528 -14.881618 -5.528259 -28.590614 6.179671 -8.065441 -9.184134 16.701508 8.703456 10.273094 -7.278123 -7.566390 20.412327 5.176233 9.599154 -0.232333 0.705904 -27.162838 3.982150 -3.853802 9.406517 1.276788 2.163905
-0.516656 3.706492 -2.498140 -16.259092 25.201912 -12.099905 5.701828 -9.578993 -14.203946 -7.764727 -30.089727 6.693717 -9.229540 -9.017073 14.619692 8.507832 9.041503 -5.915931 -7.105529 20.482941 5.035533 9.541111 -1.869585 -0.139361 -27.158859 3.643255 -3.359249 9.474501 1.280038 1.748683
-0.269439 3.513015 -2.059837 -16.974970 24.918262 -11.774305 3.378542 -8.757160 -13.819926 -9.386092 -31.603046 7.051383 -10.326003 -8.732949 12.428557 8.195221 8.102630 -4.534853 -6.686804 20.160048 4.738005 9.309463 -3.639118 -1.243395 -27.208014 3.424604 -2.933763 9.507526 1.398233 1.890736
0.248770 3.630502 -2.378687 -17.952265 24.941185 -12.873276 1.579120 -8.042871 -13.276153 -10.187606 -32.558964 7.197549 -11.636370 -8.399697 10.678485 7.739587 7.551273 -3.670596 -6.304192 19.378412 3.961503 7.768707 -4.960113 -1.890184 -27.093502 3.256288 -2.761782 10.230800 1.881030 2.554822
0.071070 3.622574 -1.852936 -18.226070 24.470697 -13.219840 0.680884 -7.359189 -13.090673 -11.053964 -33.432140 7.361841 -12.766196 -8.153895 9.423882 6.984682 7.330675 -2.342677 -5.869772 18.891422 3.366631 6.472480 -5.999905 -2.472728 -26.463736 3.080804 -2.740435 11.323385 2.427927 2.972139
0.669404 3.556750 -0.504660 -18.097422 23.733019 -13.007109 -0.310402 -6.431401 -12.482701 -11.978484 -33.639828 7.390979 -13.914041 -8.165774 8.772868 6.225419 6.892861 -1.037734 -5.551095 18.659922 2.901726 5.644171 -7.278858 -3.259409 -25.761856 3.065750 -2.680151 12.172282 2.870208 3.019588
0.920019 3.306798 0.180357 -17.689787 23.295609 -12.843525 -1.274169 -5.418196 -12.338176 -12.881376 -33.731373 7.293983 -14.783460 -8.234270 8.216298 5.671521 6.722055 -0.126608 -5.298091 18.343830 2.724771 4.810184 -7.989782 -3.650902 -25.414995 3.047771 -2.725978 12.666184 3.115944 3.085105
1.265878 3.117660 0.641081 -17.669788 22.972971 -12.696016 -1.809032 -4.693219 -12.086062 -13.465807 -33.714119 7.130744 -15.331912 -8.340623 7.894426 5.250487 6.758968 0.545745 -5.165347 18.135723 2.542489 4.445298 -8.417385 -3.811219 -25.061321 3.055952 -2.692909 12.977114 3.258744 3.097824
1.224387 3.189815 0.543415 -17.678568 23.051102 -12.790758 -1.643109 -4.774230 -12.125617 -13.306496 -33.679646 7.138054 -15.211684 -8.372943 7.992048 5.314011 6.754368 0.389797 -5.222807 18.179705 2.604960 4.517660 -8.294026 -3.711347 -25.095070 3.076056 -2.739138 12.897852 3.229245 3.002064
0.839388 3.516422 -0.662679 -18.056425 23.543903 -13.082246 0.344337 -5.889938 -12.558474 -11.569028 -33.359570 7.082566 -13.703089 -8.584222 8.950816 5.952394 6.691295 -1.021297 -5.905148 18.392334 2.988809 5.167605 -6.822140 -2.857071 -25.699650 3.108364 -3.008763 12.236653 2.819709 2.695076
0.244484 3.351485 -2.513079 -17.613993 24.329998 -13.011278 2.766078 -6.688762 -13.547455 -9.406371 -31.917830 6.513930 -11.544185 -9.334265 10.893542 6.869955 6.936864 -2.995841 -6.927698 18.897341 4.108780 6.875800 -4.558552 -1.443568 -26.535606 3.458000 -3.422817 10.638702 2.004427 1.841153
-0.092493 3.127218 -2.189626 -15.599424 23.968731 -12.435535 6.603288 -7.309322 -14.549964 -7.159294 -28.522236 5.867338 -9.119046 -10.007136 15.604289 7.537242 8.392591 -5.490288 -7.936212 19.567188 5.261452 8.259628 -1.188168 0.467732 -26.478235 3.982987 -3.832947 10.131353 1.434507 1.113443
-1.741317 3.887062 -4.181466 -15.631550 23.982445 -15.497890 13.081326 -6.784880 -15.965798 -1.790551 -25.494753 5.364620 -6.988944 -10.381440 19.645573 8.447566 7.071957 -7.553780 -9.097073 18.958454 6.116610 8.674689 2.006398 2.268053 -25.322948 5.415186 -4.882970 10.521487 1.769791 1.852701
-0.361362 2.940768 -2.775964 -14.709185 21.722996 -14.439753 18.435360 -5.671387 -16.226368 0.562945 -23.186628 3.965145 -4.612455 -11.507491 21.816372 9.497931 3.454785 -8.483996 -10.856437 15.479443 7.284359 8.542325 3.275497 3.557814 -23.390045 6.559866 -6.041007 11.035884 2.546153 1.688086
2.616769 1.855929 -0.507481 -14.368647 20.135946 -9.819062 20.348019 -2.977459 -16.057095 1.154824 -20.858192 2.333912 -3.823932 -13.498520 22.552311 9.803708 0.819550 -8.257051 -11.913844 13.201766 8.236714 8.477040 3.194549 4.461780 -20.640682 7.415869 -6.287280 12.263288 3.043852 0.786598
4.699310 1.408090 2.944686 -13.434479 18.616997 -7.428538 21.475264 -1.908509 -15.509107 1.171415 -18.222851 0.857801 -4.621315 -16.029287 22.275736 10.085695 -1.958099 -7.382271 -12.507960 12.558010 8.493782 8.291312 3.379946 5.329511 -18.955233 7.948096 -6.519169 13.079014 3.195873 -0.647689
6.063669 1.197672 5.579166 -12.410551 17.224531 -7.263129 22.331017 -0.549316 -15.022597 0.742498 -16.772480 0.335434 -6.197358 -17.059643 21.890636 10.444633 -4.222342 -6.515489 -12.588468 12.195065 8.476999 7.744073 3.364770 5.764881 -18.040787 8.260921 -6.937887 13.613851 3.320579 -1.662807
6.988270 1.280502 6.836183 -12.070442 16.647221 -7.332734 22.455212 0.332340 -14.573810 0.478877 -16.038557 0.370100 -7.361300 -17.322559 21.684696 10.710342 -5.586819 -6.220979 -12.499391 11.925544 8.510759 7.119478 3.280490 5.932809 -17.485754 8.532964 -7.314777 13.860688 3.516776 -2.171782
7.136242 1.272588 7.026961 -12.067244 16.504669 -7.403930 22.511669 0.499260 -14.464053 0.425488 -15.906357 0.383513 -7.573484 -17.321556 21.677931 10.750364 -5.795796 -6.181712 -12.470023 11.903319 8.500612 6.958610 3.230978 5.963461 -17.357708 8.607004 -7.381901 13.914521 3.571579 -2.244632
7.480533 1.308103 7.327901 -12.063047 16.269726 -7.598308 22.734283 0.805315 -14.268624 0.494310 -15.676961 0.332415 -7.927969 -17.426075 21.698261 10.657514 -6.072858 -5.993787 -12.454741 11.797819 8.529119 6.638715 3.156461 6.026397 -17.100079 8.777391 -7.504358 13.984666 3.683299 -2.366091
8.110864 1.250244 7.865826 -12.143927 15.705062 -7.942951 23.226452 1.364514 -13.780389 0.588334 -15.213862 0.293450 -8.631760 -17.784559 21.482279 10.786848 -7.073254 -5.374824 -12.306750 12.116269 8.549780 6.166027 3.064187 6.192101 -16.716473 9.013389 -7.680770 14.112046 3.872049 -2.541214
9.032248 1.111052 8.183255 -12.384076 15.048633 -8.340142 23.483829 2.399855 -13.233916 0.548258 -14.503773 0.281163 -9.755541 -18.383482 20.889896 11.086124 -8.804319 -4.109301 -11.891250 12.990971 8.583566 5.334949 2.860939 6.439496 -16.166248 9.354344 -7.896295 14.243788 4.186237 -2.693445
9.833700 0.846648 8.551847 -12.617319 14.380420 -8.459104 23.608414 3.419476 -12.806577 0.288168 -13.549750 0.303133 -10.945419 -19.023298 20.486866 11.398459 -10.534781 -2.713804 -11.524631 14.006636 8.615590 4.341734 2.494058 7.007035 -15.635612 9.636132 -8.015762 14.253208 4.506321 -3.069104
10.072868 0.506881 9.147095 -12.863065 13.550912 -8.350576 23.889725 4.705050 -12.572488 -0.176828 -12.893494 0.549509 -12.503592 -18.943699 20.303894 11.210134 -11.035205 -2.028709 -11.085025 13.339828 8.467207 3.299751 1.926915 7.450780 -15.181099 9.783122 -7.976539 14.458751 4.794948 -3.134438
9.136330 -0.218750 9.013869 -13.433685 12.646203 -8.862951 24.309628 6.131588 -12.384297 -0.685580 -12.659601 0.598680 -13.865525 -18.755766 20.175392 10.518491 -10.644767 -2.129685 -10.992194 11.530781 8.211599 2.478734 1.167922 7.741340 -14.851118 9.868897 -7.764098 14.781620 5.128675 -3.001957
7.721161 -0.677000 8.156125 -14.217037 12.292721 -9.109572 24.129925 7.114413 -12.298787 -1.404391 -12.637578 0.733500 -14.953149 -18.620613 19.917324 10.064108 -10.633604 -2.108660 -10.892446 10.266456 7.906739 2.011395 0.407898 7.772074 -14.743505 9.755746 -7.374300 14.971802 5.405551 -2.687949
6.866552 -0.992374 7.582165 -14.860009 11.980943 -9.211555 23.838039 7.594991 -12.202470 -1.973321 -12.726372 0.926276 -15.783353 -18.427118 19.579493 9.745636 -10.532872 -2.058846 -10.702309 9.347802 7.649688 1.758084 -0.035113 7.733684 -14.808366 9.652566 -7.083090 15.036467 5.557229 -2.324095
6.436471 -1.057388 7.296666 -15.260353 11.877825 -9.225637 23.446404 7.800272 -12.159696 -2.263734 -12.815041 1.035686 -16.118906 -18.291035 19.465002 9.509547 -10.379983 -2.033494 -10.601308 8.890198 7.539721 1.630385 -0.286258 7.740502 -14.911760 9.603911 -6.897714 15.004816 5.638698 -2.094966
6.409780 -1.060630 7.279718 -15.284889 11.873462 -9.219566 23.412571 7.813433 -12.158626 -2.288198 -12.832155 1.064569 -16.121819 -18.245327 19.465439 9.510968 -10.349092 -2.078300 -10.589417 8.853645 7.527902 1.608105 -0.325803 7.751151 -14.912560 9.604550 -6.869301 15.006072 5.655868 -2.064809
6.519211 -1.015630 7.360707 -15.158883 11.917855 -9.227365 23.519901 7.727774 -12.165229 -2.199653 -12.778810 1.006025 -16.046329 -18.341906 19.471210 9.588892 -10.454208 -2.027924 -10.623531 9.019362 7.552512 1.669801 -0.230069 7.708976 -14.899954 9.616899 -6.956667 15.004763 5.614314 -2.144705
6.830953 -0.913967 7.562512 -14.869743 12.035145 -9.226753 23.735327 7.512255 -12.192660 -1.990492 -12.714529 0.956873 -15.775214 -18.390915 19.562481 9.795797 -10.538406 -2.102680 -10.690712 9.363738 7.602781 1.767156 -0.053181 7.660162 -14.847896 9.648911 -7.090557 15.032667 5.550231 -2.270933
7.287792 -0.738033 7.854905 -14.483637 12.233603 -9.160292 23.887522 7.171612 -12.247270 -1.694996 -12.757277 0.972480 -15.277846 -18.310596 19.784466 10.058326 -10.469293 -2.359491 -10.768561 9.811205 7.741591 1.917167 0.237207 7.670723 -14.777925 9.701158 -7.273303 15.027349 5.457383 -2.494717
7.854434 -0.543145 8.239812 -14.159398 12.433522 -9.003176 23.986515 6.639450 -12.258062 -1.333966 -12.650507 0.733219 -14.700622 -18.491215 19.963684 10.269594 -10.489301 -2.371969 -10.918954 10.514908 7.872800 2.201084 0.593393 7.551315 -14.783910 9.749706 -7.500294 14.979544 5.306479 -2.679088
8.584551 -0.329530 8.718307 -13.775383 12.679241 -8.775869 24.030518 5.853237 -12.314780 -0.952679 -12.815358 0.795446 -14.123779 -18.306154 20.050999 10.731098 -10.454884 -2.535185 -10.906116 11.210931 8.049554 2.466133 1.095449 7.531878 -14.859725 9.842916 -7.751445 14.857887 5.134522 -2.843427
9.489582 -0.011095 8.913020 -13.420576 13.195863 -8.417046 23.863731 4.768208 -12.339229 -0.498773 -13.011728 0.774463 -13.282380 -18.351788 20.089975 11.185728 -10.406556 -2.567125 -10.898955 12.383719 8.196613 3.016286 1.656470 7.316808 -15.049963 9.826587 -7.903004 14.702731 4.896987 -2.888693
13.542629 5.228040 8.908078 -16.036573 8.724111 -7.632705 24.309330 1.174313 -17.900099 -6.022596 -12.047480 -3.828348 -12.184855 -15.917894 21.915588 16.669359 -7.491119 -3.375012 -6.825445 13.444897 4.055304 0.540713 3.080417 7.989377 -16.522575 10.354698 -6.059040 16.817635 4.422187 -4.599650
13.106882 5.369895 8.624783 -16.115751 9.140442 -7.587330 24.293980 -0.039944 -17.870237 -5.761487 -12.527077 -3.800598 -11.035700 -15.856740 22.095734 17.072891 -7.293662 -3.954536 -7.017455 14.059619 4.189652 1.283427 3.617929 7.553349 -16.868814 10.147143 -6.036697 16.723461 4.166436 -4.391581
12.170645 5.484740 7.961771 -16.328453 9.579072 -7.511271 23.977209 -0.963677 -18.145311 -5.683341 -13.080315 -3.740760 -9.937165 -15.342441 22.645954 16.963867 -5.908322 -5.520767 -7.340044 13.597955 4.224484 2.122583 3.936008 7.047916 -17.277002 9.896155 -5.832525 16.629211 3.935121 -4.044120
9.178380 -1.856983 7.589014 -10.121096 13.258908 -10.219223 19.401320 0.912779 -15.170333 -2.928949 -13.774377 -3.227670 -9.985414 -20.206646 17.650875 10.507012 -0.215391 -6.309962 -11.386460 14.269504 5.303504 -0.045844 4.584651 6.815930 -19.590164 5.582149 -7.575715 16.465126 1.899874 -2.931311
7.776118 -1.997897 6.491007 -10.176014 14.322064 -8.884817 18.551348 -0.159718 -15.984242 -2.769825 -14.878162 -2.794513 -9.260895 -19.033672 17.974850 10.221395 1.920617 -7.483747 -11.481903 13.509693 5.469792 0.474844 4.897236 6.255226 -20.579716 5.121895 -7.247140 16.326767 1.802726 -1.878376
7.066272 -2.306051 4.883466 -10.513225 15.156107 -8.103962 18.147203 -1.403477 -16.671806 -2.693453 -16.140457 -2.362130 -8.325572 -18.041023 18.249493 10.093674 3.926290 -8.040627 -11.260952 13.563097 5.590005 1.296969 4.973980 5.880689 -21.316168 4.818655 -6.855598 16.021278 1.651557 -1.084539
6.309379 -2.652294 3.153751 -10.820334 15.961976 -7.913380 17.521780 -2.564759 -17.257032 -2.859596 -17.251625 -1.917564 -7.644875 -16.923706 18.698895 9.980547 5.950176 -8.487178 -10.938353 13.915909 5.542470 1.991513 4.955229 5.402795 -22.058964 4.470363 -6.282434 15.845329 1.530348 -0.082652
4.971355 -2.388266 1.956019 -10.879027 16.930756 -8.544147 16.864876 -3.104687 -17.782040 -2.912850 -17.992905 -1.282579 -7.723715 -15.837436 18.789406 10.159360 7.156371 -8.915181 -10.471807 14.130100 5.475335 2.680434 4.896328 5.030602 -22.767605 4.105132 -5.750961 15.652295 1.399810 0.770976
3.532012 -2.328433 1.018567 -11.485096 17.427982 -9.540874 16.188229 -3.765964 -17.852499 -3.140435 -18.810734 -0.413208 -8.038923 -14.691808 18.660872 10.420726 7.869480 -9.281464 -10.013741 14.399805 5.344572 3.239050 4.680477 4.752352 -23.385900 3.825173 -5.269532 15.429985 1.322700 1.480249
2.379946 -2.198140 0.391420 -12.091768 17.838249 -10.117202 15.619480 -4.499486 -17.762533 -3.250865 -19.836647 0.304230 -8.252444 -13.774798 18.264893 10.469546 8.312620 -9.522370 -9.658256 14.292002 4.998389 3.452775 4.492382 4.568624 -23.780199 3.537507 -4.833668 15.527081 1.245567 2.037491
1.715227 -1.922552 0.064912 -12.540522 18.217388 -10.467305 14.925665 -4.971972 -17.590542 -3.371177 -20.639305 0.894315 -8.511562 -13.049837 18.077059 10.321203 8.551417 -9.554990 -9.454732 14.376820 4.802893 3.690665 4.435950 4.473070 -24.061392 3.399171 -4.496200 15.545831 1.223895 2.405984
1.261886 -1.837875 -0.024891 -12.931066 18.340839 -10.672726 14.641879 -5.454143 -17.389534 -3.396341 -21.375277 1.410662 -8.610521 -12.478553 17.961681 10.114643 8.884185 -9.537664 -9.283943 14.364764 4.603999 3.746356 4.264809 4.325789 -24.225449 3.264847 -4.361789 15.550102 1.193556 2.530438
1.064047 -1.804454 -0.074689 -13.129148 18.386564 -10.764351 14.525156 -5.723840 -17.300163 -3.396876 -21.714855 1.715687 -8.731737 -12.218302 17.868168 10.052807 8.907432 -9.476191 -9.173553 14.402965 4.499554 3.870456 4.212950 4.220313 -24.369587 3.189495 -4.245899 15.532359 1.163103 2.661865
