-2.999539 2.771708 -8.101500 -15.734704 25.545666 -16.940151 10.479514 -10.445677 -16.646458 -3.632867 -24.511734 6.289551 -3.761178 2.617738 15.577839 7.845514 17.931847 -0.355621 -18.306173 9.291844 8.222533 19.694340 -5.962035 6.616008 -17.764812 -4.814476 -12.178618 4.206377 -8.359760 7.183494
-3.051919 2.874790 -7.799921 -16.046879 25.591915 -16.482109 10.164594 -10.336164 -16.549198 -3.779979 -24.630239 6.341629 -3.894723 2.616864 15.265805 7.942871 17.964071 -0.217535 -18.208975 9.422821 8.195599 19.569632 -6.133705 6.462984 -17.838711 -4.821069 -12.196758 4.194706 -8.299849 7.287607
-2.776402 3.014965 -6.989621 -16.055960 25.449036 -15.960457 9.862352 -10.293344 -16.192102 -4.089241 -24.762478 6.479702 -4.121530 2.621977 14.873689 8.225316 17.640991 0.005041 -18.059744 9.775704 8.174309 19.414976 -6.405384 6.329569 -17.945591 -4.784527 -12.169568 4.143752 -8.174532 7.376008
-2.093491 3.289460 -5.743832 -16.119429 25.297733 -15.048533 9.202098 -10.263592 -15.588597 -4.580507 -25.149652 6.584328 -4.411420 2.465630 13.902388 8.448026 17.144011 0.555595 -17.868711 9.806198 8.115562 19.244131 -6.863150 6.044719 -18.100206 -4.850244 -12.188376 4.088383 -8.105672 7.349576
-1.232760 3.604137 -4.309955 -15.997644 25.207920 -14.069813 8.156666 -10.143528 -14.881618 -5.528259 -25.970703 6.528874 -4.627507 2.024202 12.156800 8.548063 16.877890 1.319954 -17.672445 9.774588 8.016322 19.016571 -7.473139 5.691327 -18.312782 -4.918645 -12.188155 3.940692 -8.036219 7.274994
-0.572779 3.922812 -3.234365 -16.081364 25.330112 -12.968049 6.803338 -9.793137 -14.464730 -6.609727 -26.951012 6.600202 -5.071015 1.819153 10.464496 8.479940 16.491962 2.168605 -17.380964 9.789941 7.880613 18.699171 -8.120483 5.391871 -18.408733 -4.992875 -12.191909 3.947249 -7.887184 7.191796
-0.516656 3.706492 -2.498140 -16.259092 25.201912 -12.099905 5.701828 -9.578993 -14.203946 -7.764727 -27.810337 6.738487 -5.742298 1.546992 8.623365 8.411143 16.406244 2.952883 -17.032963 9.423179 7.772229 18.512468 -8.976604 4.905483 -18.656406 -5.162880 -12.150638 3.763070 -7.835318 7.086208
-0.405476 3.589000 -2.024665 -16.426680 25.110241 -11.433340 4.410428 -9.119225 -14.052300 -8.804637 -28.572966 6.790390 -6.137257 1.572764 7.354348 8.072712 16.812273 3.386673 -16.856565 9.273067 7.509137 18.124971 -9.799339 4.486788 -18.793968 -5.242936 -11.990931 3.832960 -7.656272 7.120177
-0.269439 3.513015 -2.059837 -16.974970 24.918262 -11.774305 3.378542 -8.757160 -13.819926 -9.386092 -29.292479 6.992349 -6.729753 1.612065 6.170327 7.982168 16.385378 4.038852 -16.663481 9.071747 7.438362 17.810019 -10.547489 4.039106 -18.952406 -5.307089 -11.985261 3.712215 -7.509234 7.075556
-0.089878 3.502867 -2.256805 -17.524794 24.911476 -12.276667 2.507549 -8.473521 -13.512577 -9.785250 -29.501932 7.430200 -7.567204 1.620484 5.421678 7.765432 16.147169 4.635153 -16.325594 8.213888 7.129191 17.372814 -11.287100 3.663753 -18.941656 -5.339270 -11.848924 3.861870 -7.309837 7.165771
0.248770 3.630502 -2.378687 -17.952265 24.941185 -12.873276 1.579120 -8.042871 -13.276153 -10.187606 -29.778381 7.782692 -8.327044 1.690771 4.937428 7.382930 16.037947 5.292745 -16.096907 7.175140 6.944695 16.961737 -11.892555 3.358904 -18.902124 -5.348994 -11.758561 4.006923 -7.073389 7.201449
-0.101662 3.644715 -2.472940 -18.219238 24.805222 -13.256502 1.212943 -7.693616 -13.329535 -10.495737 -30.348970 8.045735 -8.742821 1.652393 4.141058 7.031498 16.068605 5.942989 -15.910275 6.251919 6.758451 16.475542 -12.427296 3.025480 -18.694107 -5.249969 -11.625976 4.282113 -6.730616 7.424908
0.071070 3.622574 -1.852936 -18.226070 24.470697 -13.219840 0.680884 -7.359189 -13.090673 -11.053964 -30.998383 8.289725 -9.241207 1.683310 3.341590 6.528152 16.153952 6.710851 -15.692773 5.479256 6.598710 16.092133 -12.855991 2.803696 -18.529568 -5.170808 -11.577272 4.462113 -6.486456 7.435946
0.498369 3.503126 -1.162631 -18.341120 23.955437 -13.136240 0.366525 -6.992927 -12.673465 -11.429640 -31.522415 8.334216 -9.535487 1.417539 2.546036 6.064033 16.195189 7.506043 -15.560100 4.921752 6.384961 15.775973 -13.260313 2.504940 -18.295811 -5.056925 -11.521201 4.720783 -6.243535 7.657946
0.669404 3.556750 -0.504660 -18.097422 23.733019 -13.007109 -0.310402 -6.431401 -12.482701 -11.978484 -31.863041 8.504999 -9.906178 1.225917 2.012466 5.654999 16.071537 8.121781 -15.462497 4.381987 6.250862 15.424342 -13.761715 2.231484 -17.994211 -4.957294 -11.488673 4.952982 -6.020477 7.640018
0.773660 3.478638 -0.068663 -17.837553 23.497395 -12.897509 -0.830497 -5.914823 -12.398288 -12.425451 -31.975531 8.634418 -10.306026 1.119734 1.592666 5.408849 15.935296 8.432612 -15.409532 3.887840 6.121378 15.085540 -14.104151 2.075937 -17.755657 -4.860756 -11.417335 5.170148 -5.811429 7.690386
0.920019 3.306798 0.180357 -17.689787 23.295609 -12.843525 -1.274169 -5.418196 -12.338176 -12.881376 -32.143970 8.618823 -10.624219 0.966003 1.143561 5.083020 15.872905 8.855172 -15.365628 3.595693 5.979617 14.735638 -14.440506 1.886528 -17.562029 -4.801299 -11.336581 5.413067 -5.616817 7.785183
1.137300 3.205497 0.502003 -17.620630 23.135864 -12.759438 -1.656496 -4.976524 -12.193498 -13.311081 -32.333057 8.524692 -10.839192 0.778144 0.639675 4.867893 15.912803 9.270148 -15.302662 3.432259 5.894462 14.513578 -14.667698 1.834844 -17.373045 -4.769664 -11.285092 5.596357 -5.491592 7.792164
1.265878 3.117660 0.641081 -17.669788 22.972971 -12.696016 -1.809032 -4.693219 -12.086062 -13.465807 -32.341633 8.523924 -11.067410 0.698172 0.446658 4.718005 15.824903 9.511907 -15.289019 3.297013 5.805927 14.353183 -14.809441 1.764789 -17.272148 -4.755897 -11.269008 5.716851 -5.426578 7.827478
1.288432 3.104188 0.745783 -17.621550 22.925945 -12.622685 -1.901430 -4.560181 -12.076304 -13.599209 -32.331707 8.474678 -11.146041 0.628304 0.367615 4.644180 15.818397 9.625152 -15.290126 3.266377 5.791237 14.293874 -14.875425 1.734773 -17.235971 -4.745624 -11.248717 5.765199 -5.389200 7.871139
1.224387 3.189815 0.543415 -17.678568 23.051102 -12.790758 -1.643109 -4.774230 -12.125617 -13.306496 -32.295147 8.508080 -10.935642 0.700867 0.612913 4.740132 15.864669 9.377393 -15.334416 3.335613 5.901829 14.446055 -14.722282 1.852330 -17.292801 -4.763549 -11.300592 5.634966 -5.471717 7.735024
0.924506 3.465323 0.041206 -17.765255 23.361038 -12.976050 -0.822505 -5.260399 -12.351019 -12.504155 -31.821810 8.544082 -10.561687 0.923489 1.600249 5.036050 15.807734 8.691374 -15.516184 3.566275 6.143293 14.878001 -14.311359 2.074586 -17.448631 -4.831790 -11.499574 5.327304 -5.715312 7.491549
0.839388 3.516422 -0.662679 -18.056425 23.543903 -13.082246 0.344337 -5.889938 -12.558474 -11.569028 -31.325615 8.286197 -9.925382 0.905621 2.489285 5.350859 15.849321 8.091596 -15.788136 4.235214 6.437348 15.339428 -13.550936 2.504345 -17.698221 -4.876656 -11.752845 4.988328 -6.024465 7.289978
0.338630 3.500175 -1.858750 -18.009506 24.125790 -13.437828 1.397141 -6.399250 -13.098030 -10.468622 -30.231058 8.049106 -9.296240 0.873845 3.865153 5.978978 15.551411 7.115602 -16.149549 5.032145 6.781124 15.928172 -12.828489 2.969629 -18.013906 -5.050218 -11.877703 4.608703 -6.427177 7.024218
0.244484 3.351485 -2.513079 -17.613993 24.329998 -13.011278 2.766078 -6.688762 -13.547455 -9.406371 -28.904581 7.396746 -8.604989 0.595261 5.142324 6.582082 15.401158 5.893910 -16.576883 6.285408 7.245891 16.658213 -11.912333 3.600684 -18.072937 -5.118328 -12.150693 4.227788 -6.896059 6.588698
0.469236 3.096946 -2.293672 -16.811119 24.151602 -12.042467 4.432881 -6.961402 -13.808339 -8.632296 -27.567953 6.773323 -7.349545 0.322989 7.090593 7.036505 15.367112 4.776122 -17.148272 7.469991 7.518694 17.428244 -10.565027 4.470638 -17.939894 -5.057538 -12.326591 4.091059 -7.375128 6.463123
-0.092493 3.127218 -2.189626 -15.599424 23.968731 -12.435535 6.603288 -7.309322 -14.549964 -7.159294 -26.000847 6.233205 -5.717534 0.013499 9.509039 7.459440 15.681491 3.451431 -17.777588 8.050261 7.945283 18.181772 -8.912434 5.363707 -17.538656 -4.915936 -12.450844 4.256445 -7.688286 6.486484
-0.790815 3.610860 -3.429773 -15.745617 24.134525 -14.664494 9.910803 -7.288926 -15.172347 -4.129554 -23.999985 5.732337 -4.144628 -0.068608 12.936192 7.428098 16.237246 1.939250 -18.555693 8.427770 7.924413 18.522675 -7.111925 6.490087 -17.223331 -4.810790 -12.579473 4.621761 -7.989832 6.649489
-1.741317 3.887062 -4.181466 -15.631550 23.982445 -15.497890 13.081326 -6.784880 -15.965798 -1.790551 -21.681341 4.184171 -3.840415 -1.113323 14.958833 6.679326 17.727480 1.036735 -18.980871 8.760021 7.479825 18.218088 -5.541031 7.769217 -17.006622 -4.931174 -12.886230 5.088977 -8.478077 6.346616
-1.599882 3.539279 -3.922341 -15.349096 23.018541 -15.518969 15.793602 -6.532252 -16.254032 -0.439086 -20.024860 2.231109 -3.035823 -2.203899 15.836226 6.185295 18.172983 0.515448 -19.798929 7.674881 7.139693 17.678202 -4.042111 9.295122 -16.669596 -5.037875 -13.284188 5.517779 -8.832174 5.562176
-0.361362 2.940768 -2.775964 -14.709185 21.722996 -14.439753 18.435360 -5.671387 -16.226368 0.562945 -18.627094 0.246063 -2.109669 -3.887790 15.493720 6.152186 17.954117 0.346902 -20.879059 5.750410 6.866671 16.902426 -3.003419 10.528955 -16.237457 -5.117212 -13.788260 6.082375 -9.017617 4.741512
1.492918 2.059420 -1.739816 -14.207029 20.399685 -11.623919 19.649780 -3.943871 -16.350599 0.854328 -16.687588 -1.626770 -2.231390 -5.489024 14.918052 6.284902 18.345640 0.284830 -21.317068 4.556751 6.854747 16.231522 -2.155379 11.696589 -15.514339 -4.920443 -14.275046 6.712239 -8.874487 3.867328
2.616769 1.855929 -0.507481 -14.368647 20.135946 -9.819062 20.348019 -2.977459 -16.057095 1.154824 -15.513448 -2.997997 -2.066005 -7.433858 13.951318 6.174582 18.225336 0.889520 -21.720903 3.661493 7.045097 15.792103 -1.885707 12.323026 -14.802077 -4.696318 -14.601613 7.136222 -8.638762 3.084031
3.475338 1.604192 1.493671 -14.101804 19.342293 -8.357560 21.116035 -2.481698 -15.637601 1.264932 -14.162735 -4.208580 -2.328060 -9.121707 12.997162 6.211393 17.486910 1.522625 -22.155262 3.186517 7.261376 15.479650 -1.862224 12.620723 -13.911225 -4.504438 -14.731410 7.726196 -8.437913 2.343836
4.699310 1.408090 2.944686 -13.434479 18.616997 -7.428538 21.475264 -1.908509 -15.509107 1.171415 -12.835716 -4.682638 -3.188473 -10.287400 12.410733 6.317599 16.103628 2.280002 -22.434895 2.779409 7.261985 15.232272 -1.971683 12.718738 -13.167809 -4.369497 -15.036267 8.277677 -8.272961 1.672577
5.520659 1.272841 4.385609 -12.745623 17.828091 -7.296439 22.114964 -1.252393 -15.308995 1.036878 -12.111008 -4.942771 -3.774494 -10.946470 12.118122 6.349754 15.070158 2.902317 -22.553883 2.770750 7.231032 14.971940 -2.022691 12.778558 -12.400296 -4.157898 -15.388726 8.828815 -8.002057 1.137979
6.063669 1.197672 5.579166 -12.410551 17.224531 -7.263129 22.331017 -0.549316 -15.022597 0.742498 -11.725106 -5.112193 -4.384694 -11.559236 11.456027 6.399804 14.228083 3.456832 -22.657043 2.527133 7.216311 14.830848 -2.031264 12.784125 -11.882245 -4.006657 -15.609071 9.187996 -7.830183 0.810479
6.625365 1.240556 6.442629 -12.128310 16.846685 -7.302716 22.403149 0.064284 -14.772483 0.554016 -11.407990 -5.063601 -5.057483 -11.838847 11.047093 6.458086 13.635925 3.829898 -22.584276 2.395102 7.169967 14.547646 -2.056323 12.777808 -11.339947 -3.855189 -15.862263 9.591255 -7.646871 0.528459
6.988270 1.280502 6.836183 -12.070442 16.647221 -7.332734 22.455212 0.332340 -14.573810 0.478877 -11.200996 -4.953690 -5.482248 -11.955661 10.847252 6.528353 13.163069 4.109108 -22.479101 2.428432 7.154784 14.392619 -2.119696 12.791449 -11.156003 -3.799096 -15.921893 9.721042 -7.557741 0.405775
7.108371 1.293596 6.986788 -12.034501 16.553944 -7.366053 22.503105 0.450651 -14.508973 0.454329 -11.162354 -4.930016 -5.603474 -12.005144 10.763022 6.552536 12.984066 4.253406 -22.443727 2.465162 7.153501 14.328186 -2.143314 12.803089 -11.067266 -3.769511 -15.952096 9.769035 -7.526790 0.340558
7.136242 1.272588 7.026961 -12.067244 16.504669 -7.403930 22.511669 0.499260 -14.464053 0.425488 -11.166909 -4.908257 -5.649637 -12.022677 10.709841 6.572206 12.877105 4.333214 -22.426189 2.476941 7.139213 14.272038 -2.160844 12.793305 -11.021691 -3.746528 -15.964444 9.808285 -7.497257 0.342879
7.284790 1.275444 7.137125 -12.073406 16.411625 -7.470704 22.581020 0.602009 -14.384856 0.442231 -11.135324 -4.871590 -5.777283 -12.088689 10.642123 6.566117 12.664160 4.534438 -22.392336 2.510684 7.115279 14.155231 -2.156762 12.790644 -10.896475 -3.689193 -16.002707 9.906986 -7.436438 0.341791
7.480533 1.308103 7.327901 -12.063047 16.269726 -7.598308 22.734283 0.805315 -14.268624 0.494310 -11.088322 -4.886091 -5.960494 -12.211736 10.564687 6.488441 12.363105 4.900801 -22.368008 2.517295 7.111165 14.021607 -2.176142 12.803231 -10.715383 -3.609353 -16.054615 10.015886 -7.355408 0.275167
7.719500 1.294711 7.587832 -12.096471 16.014305 -7.785667 22.957956 1.031896 -14.064601 0.522562 -10.986325 -4.843314 -6.203836 -12.338011 10.441682 6.523381 11.891073 5.338247 -22.294636 2.690965 7.100734 13.859148 -2.185056 12.864007 -10.515066 -3.509708 -16.110914 10.130186 -7.243245 0.173279
8.110864 1.250244 7.865826 -12.143927 15.705062 -7.942951 23.226452 1.364514 -13.780389 0.588334 -10.770813 -4.801059 -6.561259 -12.561234 10.186638 6.589151 11.377839 5.854018 -22.162321 2.903746 7.098553 13.655522 -2.245488 12.945187 -10.299365 -3.432606 -16.156378 10.240154 -7.132612 -0.012847
8.544390 1.203856 8.082925 -12.222546 15.366874 -8.121995 23.431976 1.870617 -13.500327 0.599367 -10.437742 -4.769102 -7.029415 -12.857910 9.884553 6.639152 10.724702 6.552292 -21.986696 3.192524 7.106223 13.339449 -2.316550 13.086414 -9.958115 -3.247621 -16.239111 10.373540 -6.952690 -0.166114
9.032248 1.111052 8.183255 -12.384076 15.048633 -8.340142 23.483829 2.399855 -13.233916 0.548258 -10.134460 -4.599517 -7.459216 -13.015645 9.642224 6.762676 10.010905 7.211135 -21.722788 3.656573 7.083024 12.987423 -2.410136 13.199031 -9.725057 -3.100409 -16.256964 10.467661 -6.777245 -0.280690
9.434715 0.965804 8.332593 -12.514110 14.748302 -8.396637 23.541805 2.904589 -13.024528 0.420103 -9.801460 -4.496982 -7.860737 -13.315026 9.468566 6.843018 9.328821 8.009017 -21.526312 4.247525 7.121135 12.630731 -2.585576 13.469232 -9.456318 -2.866655 -16.263466 10.455651 -6.540586 -0.578102
9.833700 0.846648 8.551847 -12.617319 14.380420 -8.459104 23.608414 3.419476 -12.806577 0.288168 -9.514280 -4.264130 -8.427451 -13.341849 9.261176 7.032599 8.670610 8.657769 -21.251972 4.658821 7.100053 12.217360 -2.742400 13.714702 -9.183543 -2.663889 -16.276409 10.600431 -6.272309 -0.718975
10.006090 0.752544 8.818433 -12.779525 14.015719 -8.387223 23.657356 4.046415 -12.674752 0.046680 -9.161493 -4.170542 -9.191277 -13.278104 9.187407 6.930035 8.545429 9.113357 -21.030241 4.610870 7.048099 11.766426 -2.910869 13.923013 -8.949940 -2.450198 -16.274246 10.794150 -5.988201 -0.723555
10.072868 0.506881 9.147095 -12.863065 13.550912 -8.350576 23.889725 4.705050 -12.572488 -0.176828 -8.908896 -4.121731 -9.981213 -13.108658 9.097287 6.738648 8.723025 9.294753 -20.847694 4.176621 6.962916 11.256555 -3.184448 14.117213 -8.734669 -2.255542 -16.238771 11.028585 -5.681064 -0.774411
9.738884 0.082205 9.250010 -13.107915 12.986436 -8.573994 24.231266 5.444641 -12.459427 -0.422133 -8.661699 -4.173981 -10.807510 -12.937316 9.014473 6.358049 9.097926 9.263164 -20.790770 3.333348 6.852567 10.747973 -3.600472 14.327565 -8.607170 -2.087667 -16.025803 11.241928 -5.336142 -0.918435
9.136330 -0.218750 9.013869 -13.433685 12.646203 -8.862951 24.309628 6.131588 -12.384297 -0.685580 -8.481593 -4.319089 -11.466870 -12.876845 9.024749 5.860240 9.333635 9.304856 -20.816385 2.587782 6.675807 10.302031 -3.990151 14.342721 -8.659915 -2.011221 -15.736026 11.449354 -5.038612 -0.759574
8.369379 -0.434736 8.594609 -13.849464 12.457649 -9.010687 24.214615 6.703782 -12.331989 -1.035822 -8.393388 -4.372421 -12.144156 -12.774848 8.912947 5.515876 9.498107 9.282134 -20.822466 1.875832 6.527706 9.935098 -4.441280 14.335216 -8.789676 -1.955126 -15.367990 11.552645 -4.746155 -0.644865
7.721161 -0.677000 8.156125 -14.217037 12.292721 -9.109572 24.129925 7.114413 -12.298787 -1.404391 -8.346077 -4.278261 -12.756528 -12.762547 8.670178 5.300985 9.448705 9.360107 -20.787550 1.344909 6.363611 9.597141 -4.856518 14.288650 -8.915604 -1.902583 -15.023499 11.631187 -4.478205 -0.458700
7.227962 -0.875300 7.828345 -14.570124 12.112794 -9.168159 23.974731 7.386091 -12.245635 -1.741742 -8.438757 -4.107881 -13.304368 -12.534453 8.410275 5.177239 9.555701 9.238236 -20.678782 0.875592 6.247933 9.337182 -5.113612 14.274751 -9.009866 -1.843452 -14.766808 11.683222 -4.277090 -0.243656
6.866552 -0.992374 7.582165 -14.860009 11.980943 -9.211555 23.838039 7.594991 -12.202470 -1.973321 -8.455864 -4.077063 -13.766246 -12.446700 8.227591 4.955981 9.647991 9.308993 -20.613758 0.516018 6.132730 9.132178 -5.330288 14.230073 -9.166300 -1.840881 -14.522821 11.708256 -4.130651 -0.048082
6.577695 -1.039118 7.395900 -15.118082 11.907842 -9.219370 23.600061 7.721344 -12.166854 -2.162292 -8.491680 -4.035773 -14.077579 -12.368655 8.068542 4.839836 9.682784 9.365294 -20.552330 0.284464 6.059735 8.976048 -5.504911 14.224067 -9.274837 -1.814294 -14.340736 11.701419 -4.006763 0.087230
6.436471 -1.057388 7.296666 -15.260353 11.877825 -9.225637 23.446404 7.800272 -12.159696 -2.263734 -8.576353 -3.963284 -14.213214 -12.243468 7.982687 4.799709 9.808289 9.253028 -20.502735 0.123759 6.018861 8.868629 -5.624002 14.227718 -9.305833 -1.790027 -14.244027 11.719604 -3.921088 0.155983
6.395080 -1.064835 7.271052 -15.297709 11.870386 -9.216905 23.400356 7.819154 -12.159129 -2.296216 -8.599699 -3.946627 -14.236774 -12.205001 7.962367 4.801567 9.832736 9.220916 -20.491381 0.095043 5.994260 8.815122 -5.696666 14.230750 -9.325490 -1.779794 -14.182003 11.731867 -3.876838 0.188948
6.409780 -1.060630 7.279718 -15.284889 11.873462 -9.219566 23.412571 7.813433 -12.158626 -2.288198 -8.600855 -3.944270 -14.223372 -12.204026 7.964314 4.814641 9.824102 9.211129 -20.491655 0.104946 6.002458 8.829950 -5.673564 14.235112 -9.316514 -1.780493 -14.199374 11.729706 -3.887442 0.178820
6.469756 -1.035265 7.314159 -15.223071 11.898188 -9.227460 23.465261 7.774450 -12.163200 -2.241579 -8.561234 -3.968376 -14.182158 -12.261685 7.997319 4.816742 9.788475 9.260777 -20.508675 0.157939 6.021882 8.887823 -5.603941 14.217128 -9.300765 -1.795401 -14.264045 11.717310 -3.939324 0.149786
6.519211 -1.015630 7.360707 -15.158883 11.917855 -9.227365 23.519901 7.727774 -12.165229 -2.199653 -8.521338 -3.997161 -14.109824 -12.317513 8.033861 4.847575 9.732924 9.290975 -20.533199 0.234657 6.040040 8.944847 -5.539245 14.207211 -9.284652 -1.812814 -14.321929 11.709269 -3.991606 0.120716
6.642375 -0.970432 7.449923 -15.033069 11.962008 -9.219706 23.623135 7.626625 -12.179189 -2.110724 -8.465049 -4.041962 -13.961862 -12.402141 8.105563 4.908895 9.669735 9.321868 -20.571836 0.378452 6.069563 9.029533 -5.455072 14.185601 -9.259035 -1.839890 -14.405259 11.699038 -4.063914 0.063037
6.830953 -0.913967 7.562512 -14.869743 12.035145 -9.226753 23.735327 7.512255 -12.192660 -1.990492 -8.459335 -4.043759 -13.748658 -12.423295 8.197476 5.017754 9.642852 9.252885 -20.600370 0.538183 6.098409 9.117915 -5.337424 14.166493 -9.192127 -1.858995 -14.535624 11.711078 -4.151623 0.021763
7.071463 -0.838173 7.710495 -14.661819 12.118289 -9.214434 23.853657 7.361187 -12.216104 -1.830336 -8.471312 -4.035685 -13.452718 -12.434075 8.319109 5.189049 9.634948 9.125382 -20.630117 0.751515 6.170489 9.241563 -5.199927 14.194133 -9.093522 -1.863181 -14.673236 11.701152 -4.237524 -0.101834
7.287792 -0.738033 7.854905 -14.483637 12.233603 -9.160292 23.887522 7.171612 -12.247270 -1.694996 -8.473918 -4.027865 -13.174563 -12.443070 8.432525 5.328242 9.631061 9.015281 -20.659864 0.946444 6.234150 9.405686 -5.056176 14.176728 -9.011863 -1.891763 -14.853115 11.676214 -4.362869 -0.221686
7.552234 -0.656885 8.028203 -14.316545 12.326184 -9.081663 23.942085 6.937258 -12.259076 -1.540071 -8.427537 -4.101162 -12.878235 -12.517895 8.575195 5.432162 9.605624 9.020137 -20.710424 1.206096 6.292592 9.584806 -4.885405 14.154304 -8.949621 -1.937792 -15.037142 11.646605 -4.509844 -0.320265
7.854434 -0.543145 8.239812 -14.159398 12.433522 -9.003176 23.986515 6.639450 -12.258062 -1.333966 -8.434674 -4.210524 -12.465540 -12.576232 8.718822 5.591430 9.577332 9.032552 -20.765709 1.578050 6.361238 9.794229 -4.650267 14.097480 -8.881530 -1.996283 -15.281493 11.607556 -4.697615 -0.389913
8.190857 -0.448268 8.478246 -13.996515 12.540738 -8.895830 24.015251 6.277587 -12.268733 -1.151268 -8.522191 -4.209656 -12.118751 -12.509374 8.796300 5.811089 9.604395 8.919541 -20.742081 1.892732 6.444763 9.998351 -4.408602 14.101060 -8.801322 -2.027277 -15.501513 11.556257 -4.864374 -0.479951
8.584551 -0.329530 8.718307 -13.775383 12.679241 -8.775869 24.030518 5.853237 -12.314780 -0.952679 -8.669024 -4.132881 -11.754999 -12.411293 8.805640 6.165506 9.591699 8.789929 -20.685429 2.283601 6.550727 10.229861 -4.118989 14.131087 -8.676061 -2.044072 -15.754983 11.504770 -5.041775 -0.578681
8.994847 -0.181407 8.893477 -13.586277 12.885032 -8.632455 23.971451 5.314176 -12.332951 -0.746162 -8.771974 -4.079337 -11.335361 -12.438014 8.864346 6.418794 9.532903 8.762015 -20.668959 2.726313 6.624545 10.518079 -3.813392 14.046757 -8.651594 -2.115771 -15.985435 11.432115 -5.267056 -0.571319
9.489582 -0.011095 8.913020 -13.420576 13.195863 -8.417046 23.863731 4.768208 -12.339229 -0.498773 -8.911104 -3.989550 -10.789704 -12.493888 8.913875 6.714588 9.386429 8.691718 -20.655123 3.273003 6.711020 10.879203 -3.491868 13.971744 -8.692336 -2.205583 -16.143063 11.311420 -5.510318 -0.505773
9.863091 0.033562 8.893226 -13.406197 13.412599 -8.210936 23.790043 4.236347 -12.284763 -0.288007 -9.118793 -3.897366 -10.278665 -12.510279 8.923385 7.036460 9.158092 8.614491 -20.657408 3.753643 6.795831 11.223228 -3.183725 13.853841 -8.753312 -2.283886 -16.321877 11.175652 -5.750978 -0.395943
13.542629 5.228040 8.908078 -16.036573 8.724111 -7.632705 24.309330 1.174313 -17.900099 -6.022596 -11.247132 -0.403158 -9.372489 -17.853920 3.318697 5.294018 5.103465 8.571555 -22.682821 4.410994 5.877795 12.677789 -3.256407 13.539130 -8.466556 2.847713 -16.442871 8.535118 -5.138285 -0.299016
13.360005 5.335469 8.782664 -16.093399 8.971198 -7.602092 24.260954 0.576176 -17.866133 -5.877382 -11.471165 -0.406755 -8.661663 -17.995260 3.448553 5.486664 5.078596 8.380929 -22.817570 4.799235 5.900708 13.005266 -3.052276 13.435006 -8.686098 2.711199 -16.466408 8.347608 -5.356288 -0.180941
13.106882 5.369895 8.624783 -16.115751 9.140442 -7.587330 24.293980 -0.039944 -17.870237 -5.761487 -11.660559 -0.384056 -8.122075 -17.995407 3.480307 5.673756 5.026838 8.005757 -22.946716 4.884952 5.926440 13.357381 -2.879509 13.282657 -8.985675 2.548199 -16.454887 8.105455 -5.588338 -0.021583
12.675171 5.392605 8.352191 -16.178331 9.313321 -7.571614 24.223114 -0.541022 -17.968983 -5.701832 -11.739524 -0.409212 -7.707267 -17.893229 3.729423 5.641411 5.314367 7.374194 -23.138844 4.594725 5.924771 13.683867 -2.738066 13.105302 -9.259064 2.382553 -16.426071 7.940100 -5.793896 0.180342
12.170645 5.484740 7.961771 -16.328453 9.579072 -7.511271 23.977209 -0.963677 -18.145311 -5.683341 -11.921405 -0.519205 -7.091532 -17.762096 4.082364 5.539757 6.100003 6.402530 -23.417303 4.179483 5.853055 14.048974 -2.647730 12.888571 -9.537004 2.191386 -16.315542 7.897899 -5.989990 0.456925
10.206253 -0.307840 8.080745 -11.133865 12.210874 -10.087751 20.388023 0.999407 -15.886916 -3.687199 -13.431746 -0.958273 -5.186370 -12.358657 8.612683 8.175421 6.223567 6.204237 -22.655809 0.165125 8.175527 16.119436 -3.280749 11.657023 -8.508065 -0.139123 -15.887235 9.053444 -5.553479 1.217166
9.178380 -1.856983 7.589014 -10.121096 13.258908 -10.219223 19.401320 0.912779 -15.170333 -2.928949 -13.702440 -1.456846 -4.731875 -11.131587 9.852468 8.209740 7.822659 5.206810 -22.516132 -0.829581 8.694492 16.413515 -3.346708 11.162187 -8.639199 -1.015452 -15.459876 9.476547 -5.427085 1.895247
8.430668 -2.110230 7.065644 -10.108528 13.914405 -9.242688 18.729628 0.354658 -15.525953 -2.821102 -13.924265 -1.243315 -4.644841 -10.629149 10.071124 8.108101 9.239817 3.989959 -22.556211 -1.677853 8.721680 17.142733 -3.200519 11.099191 -9.063179 -1.375729 -15.340156 9.178307 -5.867443 2.563439
7.776118 -1.997897 6.491007 -10.176014 14.322064 -8.884817 18.551348 -0.159718 -15.984242 -2.769825 -14.248930 -1.169156 -4.448444 -10.205216 10.168954 8.109744 10.325776 3.327732 -22.490610 -1.771469 8.568954 17.421923 -3.087474 11.013384 -9.520417 -1.656953 -15.153836 9.135144 -6.072650 2.882242
7.338861 -2.115335 5.694019 -10.367391 14.764363 -8.433418 18.250282 -0.728031 -16.351812 -2.799638 -14.716257 -1.011156 -4.141736 -9.746997 10.403003 8.079464 11.285388 2.818420 -22.381929 -1.721955 8.489637 17.745310 -2.967878 10.959132 -9.949056 -1.901200 -14.930785 9.067719 -6.243150 3.302683
7.066272 -2.306051 4.883466 -10.513225 15.156107 -8.103962 18.147203 -1.403477 -16.671806 -2.693453 -15.182759 -0.842618 -3.798632 -9.263199 10.629031 8.192554 12.170611 2.253307 -22.233452 -1.612179 8.475058 18.046268 -2.792861 10.902227 -10.327073 -2.134931 -14.739344 9.018888 -6.405226 3.671561
6.754426 -2.501308 3.997324 -10.627811 15.548827 -7.976490 17.898066 -2.022534 -16.991011 -2.715126 -15.653946 -0.735187 -3.309881 -8.895593 10.933143 8.235834 13.039980 1.859325 -22.120729 -1.305955 8.474640 18.467916 -2.672108 10.853733 -10.801727 -2.407624 -14.391326 8.872619 -6.638825 4.082304
6.309379 -2.652294 3.153751 -10.820334 15.961976 -7.913380 17.521780 -2.564759 -17.257032 -2.859596 -16.081684 -0.394482 -3.240913 -8.194622 11.245953 8.349689 13.906816 1.427703 -21.819777 -1.134803 8.347233 18.644447 -2.640696 10.641751 -11.160854 -2.615349 -14.168406 8.859495 -6.772658 4.620206
5.720546 -2.563271 2.495817 -10.838591 16.400452 -8.164432 17.291071 -2.863004 -17.565109 -2.845816 -16.395767 -0.063696 -3.254383 -7.477734 11.608929 8.485555 14.442706 1.089461 -21.559031 -0.888861 8.341518 18.904579 -2.565679 10.532578 -11.565671 -2.794000 -13.951425 8.690407 -6.936108 5.067664
4.971355 -2.388266 1.956019 -10.879027 16.930756 -8.544147 16.864876 -3.104687 -17.782040 -2.912850 -16.842411 0.188153 -3.228951 -6.890443 11.628077 8.638858 15.004307 0.832698 -21.288439 -0.771831 8.307590 19.088778 -2.548904 10.444083 -11.890343 -2.903309 -13.751706 8.556602 -7.001743 5.476513
4.300653 -2.309126 1.447021 -11.126255 17.232931 -9.120905 16.517017 -3.399910 -17.864347 -3.017525 -17.298943 0.633914 -3.319503 -6.218587 11.701907 8.879135 15.175675 0.639188 -20.997992 -0.620318 8.199732 19.270350 -2.569894 10.389391 -12.263979 -3.056893 -13.583097 8.416404 -7.125293 5.754647
3.532012 -2.328433 1.018567 -11.485096 17.427982 -9.540874 16.188229 -3.765964 -17.852499 -3.140435 -17.711033 0.970877 -3.405796 -5.576607 11.862886 8.958144 15.459467 0.502844 -20.731152 -0.485876 8.076698 19.394686 -2.665457 10.329898 -12.653415 -3.164164 -13.376895 8.234796 -7.202484 6.083748
2.896848 -2.284850 0.629003 -11.846981 17.621346 -9.881079 15.878725 -4.118464 -17.804922 -3.203323 -18.152042 1.320669 -3.555573 -5.022818 11.836951 9.053885 15.700969 0.314878 -20.491783 -0.494453 7.911326 19.383537 -2.829893 10.269666 -12.968013 -3.227776 -13.163638 8.138207 -7.189150 6.375329
2.379946 -2.198140 0.391420 -12.091768 17.838249 -10.117202 15.619480 -4.499486 -17.762533 -3.250865 -18.587898 1.616152 -3.739676 -4.590945 11.643590 9.117109 15.935676 0.205512 -20.253183 -0.489631 7.798513 19.432325 -2.911883 10.137851 -13.258504 -3.283387 -13.031662 7.997477 -7.208220 6.701388
2.014193 -2.002084 0.159905 -12.331909 18.095406 -10.338882 15.230850 -4.762524 -17.691387 -3.312905 -18.971939 1.890867 -4.052049 -4.140988 11.464173 9.104591 16.206625 0.180811 -19.996962 -0.499443 7.723475 19.446829 -3.037896 9.967332 -13.510036 -3.331540 -12.855988 7.905075 -7.191015 7.021181
1.715227 -1.922552 0.064912 -12.540522 18.217388 -10.467305 14.925665 -4.971972 -17.590542 -3.371177 -19.299885 2.177097 -4.242827 -3.753070 11.420131 9.124189 16.405550 0.127500 -19.786236 -0.403454 7.679709 19.482378 -3.148140 9.900504 -13.715479 -3.361714 -12.682435 7.795456 -7.173464 7.231288
1.475508 -1.869791 0.007959 -12.762680 18.285324 -10.606546 14.720882 -5.193680 -17.460699 -3.416129 -19.575766 2.392312 -4.313428 -3.497365 11.393654 9.112752 16.529434 0.113042 -19.647902 -0.329883 7.607871 19.461243 -3.310348 9.820750 -13.868113 -3.409772 -12.580483 7.703776 -7.158001 7.361308
1.261886 -1.837875 -0.024891 -12.931066 18.340839 -10.672726 14.641879 -5.454143 -17.389534 -3.396341 -19.839056 2.592712 -4.424660 -3.265383 11.354480 9.063193 16.675529 0.111205 -19.519487 -0.283430 7.525593 19.433538 -3.401064 9.739363 -14.000052 -3.452219 -12.489217 7.678128 -7.150968 7.547090
1.131806 -1.811891 -0.042124 -13.055941 18.358761 -10.725149 14.600519 -5.604005 -17.333517 -3.381006 -19.958338 2.757247 -4.534843 -3.143143 11.319910 9.066538 16.712576 0.123000 -19.409555 -0.234237 7.485636 19.450190 -3.466044 9.649634 -14.092857 -3.483053 -12.428784 7.635886 -7.163598 7.696942
1.064047 -1.804454 -0.074689 -13.129148 18.386564 -10.764351 14.525156 -5.723840 -17.300163 -3.396876 -20.072834 2.872687 -4.616842 -3.065720 11.259323 9.048714 16.722801 0.179479 -19.338488 -0.201423 7.450523 19.449865 -3.511027 9.608379 -14.171777 -3.510471 -12.366692 7.622542 -7.168619 7.758215
1.024599 -1.795124 -0.070875 -13.148561 18.396770 -10.774520 14.516380 -5.772182 -17.293060 -3.392218 -20.091213 2.901408 -4.658642 -3.034302 11.233930 9.074154 16.721558 0.164968 -19.311977 -0.210395 7.450901 19.477488 -3.521874 9.611453 -14.220170 -3.523729 -12.342072 7.579222 -7.182247 7.764034
