7.595791 -5.819440 5.910212 -13.639095 12.360487 -7.745700 16.905622 3.598410 -6.076318 -16.115910 -13.675007 2.569178 -21.050907 -6.702307 2.781725 6.200729 6.671624 11.366650 -17.566401 -5.352996 0.827601 8.091867 -7.520675 7.289690 -14.483754 9.266906 -3.209945 15.286120 8.187654 -0.562253
7.618143 -5.838806 6.080023 -13.778410 12.332879 -7.757634 16.864527 3.636161 -5.900842 -16.166489 -13.656920 2.608650 -21.206633 -6.712412 2.684308 6.204278 6.511038 11.529208 -17.528364 -5.327113 0.769195 7.975066 -7.751641 7.418250 -14.393255 9.288855 -3.029600 15.315943 8.252582 -0.614961
7.618867 -5.855483 6.245245 -13.909194 12.289497 -7.753967 16.839046 3.714468 -5.746349 -16.228815 -13.660311 2.654034 -21.375916 -6.710513 2.563971 6.196133 6.314975 11.748347 -17.484190 -5.265217 0.739089 7.868379 -7.948727 7.543868 -14.286274 9.316678 -2.880485 15.345313 8.311798 -0.656562
7.606869 -5.788771 6.583352 -14.095694 12.165833 -7.770967 16.834854 3.790115 -5.531335 -16.371840 -13.656469 2.695926 -21.685268 -6.704012 2.364941 6.193422 5.981334 12.087508 -17.413553 -5.280354 0.733236 7.758772 -8.137535 7.679119 -14.167640 9.338632 -2.740317 15.366983 8.364924 -0.692981
7.619979 -5.771861 6.941053 -14.290775 11.996256 -7.835984 16.841881 3.889092 -5.253871 -16.521591 -13.649959 2.747592 -22.051300 -6.684114 2.182113 6.182959 5.615841 12.478875 -17.304377 -5.290704 0.711687 7.647091 -8.359398 7.812117 -14.053285 9.361650 -2.582017 15.379735 8.426020 -0.718019
7.643002 -5.805688 7.197359 -14.518789 11.861300 -7.898476 16.839415 4.012969 -4.950692 -16.616156 -13.695522 2.741773 -22.383949 -6.658749 1.985643 6.109225 5.222802 13.033400 -17.203114 -5.267256 0.679919 7.458182 -8.613562 8.020372 -13.896950 9.463930 -2.560841 15.326484 8.455343 -0.907466
7.793454 -5.828914 7.302254 -14.751471 11.792890 -7.912888 16.721451 4.205960 -4.679460 -16.686203 -13.654425 2.766623 -22.887472 -6.652935 1.743230 6.117240 4.786942 13.539039 -17.070265 -5.316540 0.617710 7.306772 -8.849808 8.269040 -13.767776 9.537986 -2.478526 15.282635 8.476440 -1.089722
8.277105 -5.763193 7.424242 -15.211775 11.673851 -7.840595 16.428242 4.534585 -4.229177 -16.787729 -13.697346 2.763551 -23.373528 -6.580802 1.542269 6.018154 4.491366 13.913218 -16.936867 -5.606461 0.502267 7.120350 -9.184193 8.621805 -13.655298 9.587635 -2.487238 15.111242 8.435008 -1.540945
8.743839 -5.688334 7.533908 -15.545350 11.542675 -7.706486 16.196793 4.862516 -3.887610 -16.836821 -13.740159 2.713712 -23.834026 -6.522475 1.364809 5.846107 4.103742 14.406986 -16.818544 -5.963646 0.342151 6.958729 -9.525034 8.981332 -13.606813 9.590421 -2.511969 14.880173 8.342678 -1.969615
9.102341 -5.675144 7.602426 -15.727190 11.393762 -7.669905 16.057409 4.968970 -3.599607 -16.852207 -13.764797 2.662719 -24.413486 -6.492477 1.138730 5.722723 3.750299 14.868404 -16.626516 -6.376919 0.100761 6.822253 -9.942488 9.521536 -13.653276 9.561961 -2.525804 14.495008 8.155425 -2.570216
9.287495 -5.862312 7.857940 -15.872680 11.113757 -7.530423 16.070227 5.217323 -3.313625 -16.975254 -13.734016 2.600277 -24.865463 -6.469512 1.041687 5.670424 3.575441 15.136413 -16.447260 -6.717895 -0.130373 6.596358 -10.413136 9.946233 -13.659822 9.583287 -2.590269 14.135719 8.035983 -3.116973
9.319071 -6.044233 8.221565 -15.840485 10.887615 -7.415596 16.111614 5.670931 -3.163632 -17.142744 -13.603041 2.543522 -25.264908 -6.516082 0.816316 5.735670 3.234119 15.298512 -16.378088 -7.089819 -0.266806 6.462196 -10.719028 10.279898 -13.661180 9.570952 -2.797714 13.775122 7.863141 -3.600189
9.316144 -6.072440 8.653284 -15.796289 10.650702 -7.196586 16.182024 6.093908 -3.115352 -17.350056 -13.439583 2.490412 -25.622797 -6.531729 0.637896 5.857702 3.023460 15.300894 -16.258017 -7.520947 -0.357976 6.344903 -11.017350 10.581758 -13.719362 9.607087 -2.869265 13.448374 7.786310 -3.922309
9.316589 -6.106738 9.059846 -15.763607 10.377431 -7.054869 16.327106 6.440444 -3.082276 -17.556028 -13.290611 2.479658 -26.041145 -6.593170 0.460384 5.858465 2.791541 15.365764 -16.140341 -7.892241 -0.427655 6.251510 -11.239870 10.738049 -13.750375 9.598536 -3.000875 13.195867 7.704991 -4.192218
9.326429 -6.091682 9.402771 -15.723547 10.145167 -6.950390 16.448326 6.692387 -3.072922 -17.710363 -13.108768 2.501554 -26.354488 -6.692493 0.210297 6.035961 2.495688 15.308021 -16.033150 -8.126972 -0.498846 6.111800 -11.540648 10.868937 -13.744666 9.584673 -3.148342 12.936100 7.621422 -4.381907
9.336628 -6.052595 9.775329 -15.729250 9.985150 -6.839767 16.504963 6.837309 -2.988100 -17.813076 -12.974577 2.530015 -26.557480 -6.755304 0.024094 6.251279 2.185804 15.196143 -15.960595 -8.384325 -0.538629 6.007791 -11.770973 10.920066 -13.733840 9.583535 -3.238965 12.750260 7.575609 -4.478621
9.327147 -5.997031 10.148045 -15.707706 9.812587 -6.779002 16.610102 6.916641 -2.938954 -17.899977 -12.903128 2.564703 -26.636139 -6.794831 -0.125029 6.410268 1.984424 15.056819 -15.938966 -8.535252 -0.568082 5.906546 -11.957053 10.927701 -13.705724 9.588182 -3.287180 12.641663 7.563684 -4.529887
9.314213 -5.995964 10.414132 -15.642090 9.670785 -6.770940 16.718075 7.063623 -2.926927 -17.982584 -12.794689 2.608442 -26.788023 -6.882337 -0.253296 6.460403 1.849320 14.928278 -15.932698 -8.700616 -0.566545 5.818252 -12.069207 10.886152 -13.647035 9.609390 -3.368723 12.584598 7.568202 -4.551295
9.324264 -6.010514 10.592963 -15.598966 9.564334 -6.754017 16.796032 7.094100 -2.913007 -18.026300 -12.730864 2.651435 -26.858145 -6.909051 -0.345065 6.574796 1.739569 14.875043 -15.896625 -8.696107 -0.518529 5.803619 -12.061317 10.845265 -13.643806 9.614987 -3.433055 12.557680 7.578437 -4.551948
9.338595 -6.000119 10.669839 -15.617747 9.544532 -6.754683 16.795393 7.122666 -2.868706 -18.040779 -12.705662 2.663606 -26.887825 -6.936010 -0.378997 6.589752 1.695989 14.847898 -15.906600 -8.725659 -0.513492 5.782370 -12.093084 10.845935 -13.633018 9.614370 -3.457650 12.539819 7.577494 -4.575041
9.372734 -5.982578 10.920816 -15.554426 9.378816 -6.713107 16.893946 7.249368 -2.887027 -18.151155 -12.621506 2.711206 -26.983656 -7.000570 -0.488201 6.697969 1.557146 14.721717 -15.884482 -8.814562 -0.523213 5.653917 -12.264637 10.851945 -13.552804 9.655224 -3.499956 12.497980 7.612720 -4.633476
9.417438 -6.036797 11.563444 -15.307845 8.837863 -6.620406 17.223793 7.707496 -2.963355 -18.520102 -12.405071 2.870262 -27.274689 -7.169955 -0.802603 7.090660 1.139244 14.415441 -15.789750 -9.019341 -0.461218 5.312400 -12.651280 10.839725 -13.337281 9.814716 -3.669409 12.355890 7.731238 -4.733467
9.461588 -6.320967 12.385120 -14.859735 8.239725 -6.433887 17.550385 8.653069 -2.997076 -18.934784 -11.961382 3.257543 -27.924339 -7.615467 -1.442480 7.576883 0.369315 13.963240 -15.715771 -9.236559 -0.421798 4.668862 -13.317017 10.661330 -12.832673 10.128956 -3.774822 12.394317 8.071115 -4.724311
9.833952 -7.448966 12.749919 -14.715136 7.604522 -6.320752 17.409775 9.732450 -2.376680 -19.452734 -11.300224 4.008478 -28.761372 -8.479532 -2.354042 7.909242 -0.652263 13.370866 -15.898615 -9.065725 -0.493708 3.593336 -14.574389 10.681012 -12.023246 10.733128 -3.430831 12.588867 8.797999 -4.791121
10.887789 -7.774743 12.345773 -14.878434 6.558232 -5.651117 17.361555 11.588305 -2.991434 -20.770208 -10.417074 4.117564 -29.344421 -9.374748 -3.218447 8.230238 -1.670671 12.762647 -16.308168 -9.885162 -0.666372 2.704736 -15.646670 10.843808 -11.174571 11.279693 -2.783075 13.013382 9.478878 -4.779586
12.399170 -10.110184 10.305959 -14.551025 5.463808 -5.806817 17.123371 13.606551 -3.148411 -22.010332 -9.366936 2.959455 -30.018047 -9.585767 -3.716638 9.002409 -2.639599 13.340039 -16.103163 -11.556770 -0.791785 1.799870 -16.791597 11.277778 -10.012252 11.616688 -3.224659 13.017199 9.322121 -4.958660
9.539387 -11.476553 8.223265 -14.198178 6.540489 -8.221558 15.766367 15.693546 -1.642246 -21.064953 -8.851874 0.486420 -29.944809 -6.959527 -3.528792 13.247515 -2.828828 13.205427 -14.165536 -14.661642 -1.349962 0.831533 -18.178774 11.709242 -9.181819 11.839467 -5.385258 11.469212 7.827611 -4.440369
7.698285 -11.849726 8.763208 -12.282389 8.361909 -9.953095 14.043348 18.056620 -0.521989 -20.159019 -8.553433 -1.405462 -29.363527 -6.304315 -2.343795 15.864290 -2.228180 11.594953 -12.515171 -17.699867 -2.206437 -0.227954 -19.571276 12.534447 -8.533501 12.245932 -7.796086 9.387933 6.166971 -4.362130
6.911313 -11.882670 11.390250 -8.055744 8.817080 -10.570892 14.254932 20.543068 -1.394360 -19.937737 -7.991980 -2.233646 -29.012157 -7.511305 -1.239558 16.971682 -2.163185 9.373572 -11.727588 -20.759319 -2.377984 -0.947986 -20.667553 13.471084 -8.246059 12.680168 -10.619864 6.715950 4.456787 -4.565529
4.287733 -10.896585 14.137765 -5.848402 9.965892 -11.953287 14.901770 22.947725 -1.353434 -18.744949 -7.723047 -2.645229 -27.939690 -9.348126 -0.918660 17.696035 -4.128825 7.848333 -12.313640 -22.949873 -2.121404 -1.163575 -21.369287 13.967549 -7.697496 12.243666 -12.719920 5.176048 2.925783 -4.931824
0.525035 -11.107178 13.182558 -5.919259 10.507671 -12.478231 15.447762 24.438690 -1.494451 -17.579573 -8.946908 -2.497904 -25.779110 -10.303065 -1.313804 19.623285 -6.602705 5.655652 -12.561928 -23.825384 -1.706784 -1.465412 -22.096434 14.030931 -6.474792 11.696142 -14.371647 4.795156 1.952771 -5.104143
-4.604554 -11.632348 11.976619 -6.943336 10.697124 -11.449961 15.457048 24.848690 -1.905197 -17.608339 -9.608431 -1.970815 -23.798498 -11.156505 -2.066620 20.789131 -8.568202 2.708168 -13.511793 -24.766098 -0.715446 -2.056217 -22.454172 13.797404 -4.282701 11.177947 -15.950729 5.415349 1.779162 -6.318800
-7.866241 -12.027681 11.593384 -7.144964 10.860112 -9.725734 15.103500 26.619070 -3.077545 -19.273050 -9.205128 -0.880241 -23.149452 -13.407951 -2.794951 19.129522 -9.257407 -0.315425 -15.241515 -25.854870 0.501728 -1.535463 -21.303946 13.296522 -3.355679 10.712100 -17.068989 5.991871 1.603100 -8.051125
-8.279236 -10.953829 10.440782 -6.691968 12.565818 -6.299442 12.859159 29.376152 -4.867159 -19.677490 -8.102738 -0.543530 -22.011959 -15.556207 -2.929655 16.272486 -8.996974 -2.541645 -17.985346 -27.430916 1.767170 -0.367561 -19.390331 12.123843 -4.531400 9.861400 -18.074879 5.889969 1.419989 -10.135266
-6.299482 -9.478757 8.033834 -6.515197 15.639497 -4.130215 9.849697 31.905794 -5.819885 -19.454966 -8.329257 -1.383354 -19.754454 -16.585611 -1.744554 12.964718 -7.750117 -3.143795 -20.667669 -29.086655 2.580224 1.484800 -17.065535 10.784430 -6.515225 8.430627 -18.998398 5.771148 0.564324 -11.804298
-4.497556 -7.333253 5.479941 -6.584798 19.045189 -2.801417 6.782846 33.479153 -6.970778 -18.337378 -9.635916 -2.320402 -16.869549 -18.077301 0.048916 9.641422 -6.179063 -3.525804 -22.820522 -30.032398 2.240198 3.156261 -15.206123 9.407718 -8.243987 6.428049 -19.908966 6.106304 -0.765458 -12.911358
-3.142179 -4.935670 3.430471 -6.482637 21.713375 -2.075972 4.280913 34.982937 -8.102420 -17.117144 -11.028206 -3.417171 -14.071281 -18.725121 1.356266 7.686371 -5.398250 -3.301842 -24.117823 -30.320581 1.862988 4.291732 -13.985861 8.762404 -8.992420 4.975843 -20.101589 6.734112 -1.506240 -13.469965
-2.180079 -4.276742 1.761983 -6.479154 23.089199 -1.076832 3.040858 35.168964 -8.444694 -15.966394 -11.629390 -4.006850 -12.486156 -19.180233 2.201728 6.334099 -4.670649 -3.009599 -24.732866 -30.251692 1.649530 5.055671 -13.001646 8.116782 -9.539542 4.062450 -20.130451 7.272789 -1.841478 -13.467442
-1.283768 -3.867521 0.824310 -6.552845 23.693584 -0.987818 2.536840 34.841228 -8.465220 -15.226778 -12.007333 -4.351038 -11.739753 -19.198841 2.567641 5.913187 -4.315747 -2.729565 -24.941210 -30.013344 1.329226 5.307254 -12.646779 7.853333 -9.634130 3.587281 -20.057114 7.645075 -2.032398 -13.285133
-0.994702 -3.623345 0.592854 -6.613620 23.876251 -1.017993 2.455213 34.696838 -8.468877 -14.995095 -12.130630 -4.563990 -11.398543 -19.161476 2.749613 5.796722 -4.095928 -2.640937 -25.102724 -29.905277 1.301219 5.347686 -12.624634 7.788788 -9.641011 3.480696 -20.014336 7.687073 -2.073452 -13.065184
-1.016952 -3.691929 0.487967 -6.584716 23.887299 -0.997720 2.435326 34.699245 -8.504829 -15.017617 -12.089945 -4.550136 -11.411383 -19.197983 2.724311 5.836178 -4.158375 -2.675911 -25.107113 -29.902576 1.300639 5.359107 -12.577465 7.754724 -9.654707 3.508513 -20.013567 7.710812 -2.042720 -13.094315
-1.277454 -3.889319 0.249454 -6.445590 23.902454 -1.035173 2.451154 34.862965 -8.766485 -15.181730 -11.891275 -4.499773 -11.370486 -19.423908 2.737906 5.857455 -4.190912 -2.946448 -25.221300 -29.936712 1.446527 5.394181 -12.375513 7.693358 -9.622233 3.639443 -20.152151 7.759511 -1.934348 -13.224285
-1.620509 -4.202236 0.035268 -6.212550 23.929470 -1.008804 2.455482 35.170269 -9.017808 -15.371603 -11.600931 -4.465255 -11.317853 -19.632645 2.692002 5.999063 -4.217635 -3.338312 -25.435690 -29.972996 1.590878 5.455376 -12.144363 7.573680 -9.600765 3.769946 -20.358782 7.759837 -1.863560 -13.250875
-2.088499 -4.649503 -0.251353 -5.930902 23.920622 -1.005929 2.560359 35.482983 -9.318831 -15.616259 -11.230602 -4.543840 -11.115865 -19.852224 2.674979 6.269615 -4.229223 -3.846003 -25.785200 -30.029587 1.794906 5.475410 -11.974730 7.562425 -9.481780 4.020552 -20.469383 7.758676 -1.709277 -13.210746
-2.802706 -5.180771 -0.508598 -5.427449 23.683765 -1.027550 2.925477 35.901951 -9.922565 -16.104816 -10.845653 -4.606089 -11.041812 -20.069405 2.628413 6.736461 -4.332504 -4.264665 -25.877802 -29.992146 1.965028 5.508428 -11.712726 7.473300 -9.343280 4.284769 -20.670622 7.781094 -1.582354 -13.246217
-3.617230 -5.869145 -0.910169 -4.728527 23.392357 -1.029553 3.419884 36.132710 -10.662919 -16.606497 -10.238078 -4.582941 -10.937832 -20.415039 2.523630 7.074430 -4.310359 -4.944044 -26.245691 -29.926823 2.240864 5.495296 -11.401667 7.227030 -9.072268 4.676735 -21.018673 7.827065 -1.416205 -13.036158
-4.482280 -6.718692 -1.387008 -3.916387 22.987270 -1.043932 4.065630 36.059113 -11.464211 -16.949375 -9.633331 -4.578505 -10.965063 -20.696951 2.404419 7.554611 -4.351820 -5.600035 -26.398123 -29.934814 2.537408 5.428942 -11.116203 6.984939 -8.843852 5.066050 -21.318535 7.842394 -1.198588 -12.832302
-5.199275 -7.710659 -1.871718 -3.262222 22.502121 -1.129267 4.810561 35.810215 -12.077046 -17.240412 -9.331161 -4.477168 -10.829188 -21.027443 2.443604 7.787094 -4.201398 -6.203601 -26.511698 -29.822136 2.919169 5.306769 -10.830911 6.798783 -8.627797 5.720880 -21.638962 7.710710 -0.892915 -12.637366
-6.098105 -8.672215 -2.175090 -2.386170 22.077940 -1.038838 5.645874 35.542522 -12.727588 -17.359325 -8.560828 -4.402040 -10.517189 -21.437778 2.048011 8.706646 -4.680255 -7.097950 -26.875189 -29.515196 3.240875 5.184704 -10.644218 6.690299 -8.407504 6.306037 -21.870743 7.543531 -0.690454 -12.123130
-7.155971 -9.389842 -2.370725 -1.410423 21.823566 -0.992032 6.397954 35.347748 -13.459528 -17.465969 -8.153123 -4.489055 -9.821269 -21.344913 1.991043 9.558713 -4.716144 -8.060762 -27.045975 -29.377018 3.620334 4.970450 -10.503946 6.655975 -8.040223 7.012238 -22.198687 7.350921 -0.412726 -11.893774
-8.111897 -9.932200 -2.551107 -0.670783 21.453869 -1.069578 7.186240 35.011581 -14.115281 -17.579500 -7.783920 -4.389289 -9.407155 -21.617279 2.013803 9.996005 -4.599194 -9.007717 -27.077318 -29.282112 3.838075 4.878635 -10.463569 6.558424 -7.716791 7.355540 -22.574091 7.192573 -0.464677 -11.435368
-9.228735 -10.620829 -2.535647 0.036427 20.919962 -1.090997 7.993699 34.663845 -14.508343 -17.572283 -7.742641 -4.408166 -8.836736 -21.454567 2.165201 10.510133 -4.229537 -9.758113 -27.059816 -29.147003 4.118209 4.903139 -10.265765 6.396864 -7.571886 7.581117 -23.005337 6.970461 -0.554721 -11.016884
-10.148211 -10.686451 -2.381143 0.423475 20.787405 -1.019093 8.637106 34.213009 -14.838301 -17.346951 -7.836855 -4.396721 -7.929828 -21.141720 2.359514 11.525154 -3.865405 -11.022820 -26.867704 -29.083412 4.288505 4.883532 -10.171973 6.234177 -7.311242 7.692331 -23.269596 6.949869 -0.660181 -10.425364
-10.935431 -10.336708 -2.022142 0.675405 20.910065 -0.883871 9.048813 33.918903 -15.209515 -17.195807 -8.170723 -4.553901 -6.807529 -20.890047 2.715013 12.453863 -3.630446 -11.952036 -26.765251 -29.004311 4.576649 4.873584 -10.033956 5.978694 -6.930403 7.875094 -23.575722 6.988337 -0.693629 -9.702482
-11.450836 -10.033114 -1.717700 0.973983 21.021425 -0.640808 9.354242 33.756607 -15.670074 -17.189444 -8.282646 -4.647882 -6.204419 -20.630251 2.897789 13.214912 -3.421333 -12.625026 -26.667538 -28.988798 4.764492 4.886275 -9.962902 5.775724 -6.632912 7.915109 -23.841534 7.061557 -0.796009 -9.175068
-11.925125 -9.459217 -1.528776 1.038681 21.326744 -0.506994 9.538435 33.456928 -16.120430 -17.068789 -8.745047 -4.827829 -5.469621 -20.104996 3.258661 14.164315 -3.091105 -13.206406 -26.284464 -28.949474 4.824998 4.849889 -10.042366 5.530387 -6.364797 7.831840 -24.043476 7.145111 -0.926650 -8.599021
-12.205904 -8.905243 -1.339871 0.921258 21.682928 -0.384898 9.492889 33.339680 -16.310183 -16.925293 -9.141815 -5.005517 -4.932878 -19.798473 3.555956 14.685250 -2.901562 -13.391833 -26.055952 -28.855614 4.888067 4.805328 -10.087208 5.360477 -6.108584 7.907468 -24.204453 7.172359 -1.002161 -8.019999
-12.473660 -8.586905 -1.316256 1.021521 22.007168 -0.389261 9.460893 33.230556 -16.509651 -16.754675 -9.275799 -5.055761 -4.706370 -19.579227 3.559836 15.134596 -2.911748 -13.513273 -25.957893 -28.746380 4.845392 4.816916 -10.092539 5.234634 -5.961053 7.856122 -24.301060 7.239194 -1.119916 -7.678306
-12.610695 -8.372057 -1.258813 1.110019 22.120895 -0.438525 9.470095 33.140041 -16.615959 -16.675661 -9.375603 -5.096579 -4.492472 -19.387819 3.571575 15.463703 -2.887297 -13.637442 -25.912571 -28.654125 4.829751 4.791191 -10.151875 5.194146 -5.865020 7.825955 -24.352421 7.266186 -1.178487 -7.554562
-12.647451 -8.280752 -1.255311 1.080914 22.194309 -0.470582 9.439090 33.053757 -16.596132 -16.613895 -9.381769 -5.077872 -4.440127 -19.352840 3.547637 15.592758 -2.917261 -13.704376 -25.880907 -28.587276 4.862197 4.803380 -10.132278 5.143567 -5.840583 7.814585 -24.376827 7.275088 -1.193885 -7.453316
-12.648488 -8.281963 -1.249679 1.092617 22.186926 -0.469124 9.446181 33.059910 -16.604757 -16.618893 -9.383249 -5.078634 -4.441288 -19.348175 3.545878 15.596792 -2.911200 -13.706360 -25.880720 -28.584610 4.861976 4.808696 -10.121994 5.144690 -5.841802 7.811478 -24.379314 7.278874 -1.194934 -7.443085
-12.646509 -8.281631 -1.252864 1.086092 22.191366 -0.467707 9.442526 33.053539 -16.598997 -16.616142 -9.384764 -5.078244 -4.440149 -19.348978 3.545852 15.594969 -2.917722 -13.701291 -25.880884 -28.587114 4.856585 4.810755 -10.121664 5.147313 -5.842428 7.813599 -24.381004 7.277244 -1.196587 -7.447333
-12.646555 -8.281549 -1.252842 1.086067 22.191387 -0.467839 9.442463 33.053730 -16.598957 -16.616205 -9.384764 -5.078244 -4.440149 -19.348978 3.545852 15.594969 -2.917722 -13.701291 -25.880884 -28.587114 4.856585 4.810755 -10.121664 5.147313 -5.842428 7.813599 -24.381004 7.277244 -1.196587 -7.447333
-12.646555 -8.281549 -1.252842 1.086067 22.191387 -0.467839 9.442463 33.053730 -16.598957 -16.616205 -9.384764 -5.078244 -4.440149 -19.348978 3.545852 15.594969 -2.917722 -13.701291 -25.880884 -28.587114 4.856585 4.810755 -10.121664 5.147313 -5.842428 7.813599 -24.381004 7.277244 -1.196587 -7.447333
-12.646555 -8.281549 -1.252842 1.086067 22.191387 -0.467839 9.442463 33.053730 -16.598957 -16.616205 -9.384764 -5.078244 -4.440149 -19.348978 3.545852 15.594969 -2.917722 -13.701291 -25.880884 -28.587114 4.856585 4.810755 -10.121664 5.147313 -5.842428 7.813599 -24.381004 7.277244 -1.196587 -7.447333
-12.646555 -8.281549 -1.252842 1.086067 22.191387 -0.467839 9.442463 33.053730 -16.598957 -16.616205 -9.384764 -5.078244 -4.440149 -19.348978 3.545852 15.594969 -2.917722 -13.701291 -25.880884 -28.587114 4.856585 4.810755 -10.121664 5.147313 -5.842428 7.813599 -24.381004 7.277244 -1.196587 -7.447333
-12.646555 -8.281549 -1.252842 1.086067 22.191387 -0.467839 9.442463 33.053730 -16.598957 -16.616205 -9.384764 -5.078244 -4.440149 -19.348978 3.545852 15.594969 -2.917722 -13.701291 -25.880884 -28.587114 4.856585 4.810755 -10.121664 5.147313 -5.842428 7.813599 -24.381004 7.277244 -1.196587 -7.447333
-12.646555 -8.281549 -1.252842 1.086067 22.191387 -0.467839 9.442463 33.053730 -16.598957 -16.616205 -9.384764 -5.078244 -4.440149 -19.348978 3.545852 15.594969 -2.917722 -13.701291 -25.880884 -28.587114 4.856585 4.810755 -10.121664 5.147313 -5.842428 7.813599 -24.381004 7.277244 -1.196587 -7.447333
-12.649693 -8.281913 -1.254718 1.081608 22.190842 -0.469802 9.442303 33.052570 -16.597109 -16.616137 -9.384403 -5.079416 -4.439016 -19.350420 3.545403 15.595786 -2.919819 -13.701472 -25.881392 -28.586420 4.856363 4.810845 -10.121386 5.147052 -5.842598 7.813771 -24.381123 7.277105 -1.196557 -7.447280
-12.648878 -8.279970 -1.250552 1.082118 22.191193 -0.467555 9.440611 33.053661 -16.595875 -16.618433 -9.384314 -5.076080 -4.438534 -19.347317 3.553636 15.594864 -2.922118 -13.703181 -25.882624 -28.587643 4.856462 4.809833 -10.121780 5.148430 -5.843380 7.813655 -24.379715 7.275989 -1.197357 -7.448796
-12.648878 -8.279970 -1.250552 1.082118 22.191193 -0.467555 9.440611 33.053661 -16.595875 -16.618433 -9.384314 -5.076080 -4.438534 -19.347317 3.553636 15.594864 -2.922118 -13.703181 -25.882624 -28.587643 4.856462 4.809833 -10.121780 5.148430 -5.843380 7.813655 -24.379715 7.275989 -1.197357 -7.448796
-12.648380 -8.281181 -1.246636 1.085487 22.181133 -0.460472 9.447462 33.057426 -16.602032 -16.623522 -9.384413 -5.075468 -4.440208 -19.347439 3.553274 15.591701 -2.919830 -13.702824 -25.886835 -28.587622 4.852520 4.808870 -10.120854 5.146378 -5.836055 7.814337 -24.380928 7.282972 -1.195340 -7.449069
-12.647040 -8.280174 -1.247045 1.082231 22.186035 -0.464538 9.442034 33.056511 -16.598391 -16.621763 -9.385902 -5.058830 -4.443489 -19.339275 3.559699 15.589224 -2.918711 -13.705626 -25.884462 -28.597723 4.852185 4.810205 -10.121073 5.146907 -5.837221 7.814417 -24.380346 7.282241 -1.195631 -7.449109
-12.647040 -8.280174 -1.247045 1.082231 22.186035 -0.464538 9.442034 33.056511 -16.598391 -16.621763 -9.385902 -5.058830 -4.443489 -19.339275 3.559699 15.589224 -2.918711 -13.705626 -25.884462 -28.597723 4.852185 4.810205 -10.121073 5.146907 -5.837221 7.814417 -24.380346 7.282241 -1.195631 -7.449109
-5.480566 -1.553249 -0.056372 -1.137515 14.790490 -1.333332 16.380814 25.799435 -23.793922 -19.937941 -4.697875 -5.928219 -10.608578 -15.967160 -2.049573 11.997982 6.139162 -12.324248 -28.690287 -24.991623 4.259799 0.653242 -7.657035 4.114341 -9.477548 13.838340 -21.410809 7.988647 5.586884 -10.102405
-5.480566 -1.553249 -0.056372 -1.137515 14.790490 -1.333332 16.380814 25.799435 -23.793922 -19.937941 -4.697875 -5.928219 -10.608578 -15.967160 -2.049573 11.997982 6.139162 -12.324248 -28.690287 -24.991623 4.259799 0.653242 -7.657035 4.114341 -9.477548 13.838340 -21.410809 7.988647 5.586884 -10.102405
-5.480566 -1.553249 -0.056372 -1.137515 14.790490 -1.333332 16.380814 25.799435 -23.793922 -19.937941 -4.697875 -5.928219 -10.608578 -15.967160 -2.049573 11.997982 6.139162 -12.324248 -28.690287 -24.991623 4.259799 0.653242 -7.657035 4.114341 -9.477548 13.838340 -21.410809 7.988647 5.586884 -10.102405
-5.480566 -1.553249 -0.056372 -1.137515 14.790490 -1.333332 16.380814 25.799435 -23.793922 -19.937941 -4.697875 -5.928219 -10.608578 -15.967160 -2.049573 11.997982 6.139162 -12.324248 -28.690287 -24.991623 4.259799 0.653242 -7.657035 4.114341 -9.477548 13.838340 -21.410809 7.988647 5.586884 -10.102405
-5.480566 -1.553249 -0.056372 -1.137515 14.790490 -1.333332 16.380814 25.799435 -23.793922 -19.937941 -4.697875 -5.928219 -10.608578 -15.967160 -2.049573 11.997982 6.139162 -12.324248 -28.690287 -24.991623 4.259799 0.653242 -7.657035 4.114341 -9.477548 13.838340 -21.410809 7.988647 5.586884 -10.102405
-6.211326 -1.568919 1.065872 -0.317589 15.674134 -1.562632 15.978060 25.398666 -22.349670 -20.475523 -4.960255 -4.261675 -10.528526 -12.775947 1.259986 12.964380 4.942167 -11.906746 -28.448820 -27.109970 4.387429 2.356126 -8.929388 3.187307 -8.632344 13.880463 -21.192865 7.937731 5.600277 -9.410763
-6.202407 -2.104772 0.981891 -0.109350 15.613029 -1.977856 15.868477 25.389019 -22.053707 -20.537210 -4.740243 -4.569179 -10.571248 -12.382064 1.862885 12.922807 5.124479 -11.633712 -28.450306 -27.197306 4.446959 2.492890 -8.998075 3.036467 -8.401073 13.581090 -21.274925 8.116594 5.388036 -9.127052
-6.283388 -2.234774 0.842098 0.045523 15.885742 -1.520797 15.778784 25.371161 -22.071014 -20.488970 -4.793585 -4.498070 -10.546962 -12.325156 1.765657 13.012815 5.200316 -11.631782 -28.456360 -27.345219 4.672620 2.738461 -8.969535 3.093815 -8.544312 13.623315 -21.231544 7.852610 5.468472 -9.185777
-6.212928 -2.207647 0.811774 0.031981 15.903905 -1.560503 15.771327 25.382809 -22.075741 -20.493074 -4.769365 -4.520280 -10.567954 -12.354356 1.753477 12.984632 5.285305 -11.634488 -28.456806 -27.332222 4.638129 2.683250 -8.954390 3.149508 -8.592201 13.621671 -21.244286 7.850918 5.456855 -9.245203
-6.194520 -2.215864 0.805049 0.043023 15.895411 -1.570724 15.760515 25.384537 -22.084414 -20.506453 -4.735076 -4.513665 -10.587021 -12.338559 1.814874 12.965885 5.308020 -11.640008 -28.460497 -27.308336 4.633818 2.667413 -8.956239 3.154910 -8.591583 13.625130 -21.246166 7.852189 5.460684 -9.243146
-6.194235 -2.216090 0.804438 0.043195 15.895141 -1.571614 15.760798 25.384726 -22.084621 -20.506594 -4.735149 -4.513850 -10.587134 -12.338099 1.815015 12.966785 5.308329 -11.640565 -28.459438 -27.308640 4.633754 2.667243 -8.956533 3.154750 -8.590997 13.624947 -21.246614 7.852322 5.460411 -9.242367
-6.188664 -2.216694 0.798766 0.039606 15.898138 -1.573431 15.760030 25.384649 -22.082447 -20.504971 -4.732926 -4.518949 -10.587709 -12.341311 1.810631 12.966541 5.314959 -11.639304 -28.459101 -27.300610 4.641685 2.677068 -8.955158 3.149612 -8.587161 13.632920 -21.243799 7.846761 5.465238 -9.231914
-6.184133 -2.224844 0.790029 0.045349 15.891567 -1.572575 15.765028 25.373652 -22.089687 -20.507118 -4.735295 -4.514242 -10.586576 -12.338681 1.815779 12.968942 5.306881 -11.640818 -28.457205 -27.308712 4.635484 2.667026 -8.957100 3.156376 -8.589784 13.623934 -21.246790 7.851794 5.460052 -9.242785
-6.184258 -2.225092 0.789849 0.045517 15.891717 -1.572848 15.764768 25.374184 -22.089573 -20.507032 -4.735893 -4.515646 -10.585046 -12.337548 1.815853 12.971415 5.305028 -11.639581 -28.456680 -27.308125 4.635727 2.667648 -8.956168 3.155923 -8.590362 13.623709 -21.246872 7.852015 5.460187 -9.242677
-6.184315 -2.221326 0.766760 0.030559 15.892278 -1.579117 15.781902 25.379278 -22.098492 -20.477531 -4.746211 -4.557977 -10.572602 -12.374599 1.747723 12.982046 5.323118 -11.619906 -28.449408 -27.296701 4.645064 2.667255 -8.942604 3.153581 -8.596814 13.635411 -21.250835 7.841826 5.468026 -9.219088
-6.201482 -2.210991 0.776524 0.021335 15.896645 -1.568697 15.788879 25.377296 -22.095072 -20.470655 -4.762868 -4.557405 -10.564216 -12.378161 1.722846 12.990780 5.305778 -11.617078 -28.449060 -27.309544 4.629166 2.660255 -8.946394 3.158376 -8.596696 13.617368 -21.249775 7.858012 5.455259 -9.240690
-6.202091 -2.210861 0.777036 0.021458 15.896270 -1.568636 15.789100 25.377337 -22.095036 -20.470709 -4.763216 -4.559103 -10.563484 -12.378695 1.720199 12.992234 5.302915 -11.616358 -28.448803 -27.309044 4.631254 2.664263 -8.946603 3.155786 -8.596003 13.619104 -21.249443 7.856250 5.456695 -9.239156
-6.202055 -2.210626 0.777136 0.021286 15.896265 -1.568419 15.789139 25.377234 -22.095074 -20.470722 -4.763216 -4.559103 -10.563484 -12.378695 1.720199 12.992234 5.302915 -11.616358 -28.448803 -27.309044 4.631254 2.664263 -8.946603 3.155786 -8.596003 13.619104 -21.249443 7.856250 5.456695 -9.239156
-6.202055 -2.210626 0.777136 0.021286 15.896265 -1.568419 15.789139 25.377234 -22.095074 -20.470722 -4.763216 -4.559103 -10.563484 -12.378695 1.720199 12.992234 5.302915 -11.616358 -28.448803 -27.309044 4.631254 2.664263 -8.946603 3.155786 -8.596003 13.619104 -21.249443 7.856250 5.456695 -9.239156
-6.202055 -2.210626 0.777136 0.021286 15.896265 -1.568419 15.789139 25.377234 -22.095074 -20.470722 -4.763216 -4.559103 -10.563484 -12.378695 1.720199 12.992234 5.302915 -11.616358 -28.448803 -27.309044 4.631254 2.664263 -8.946603 3.155786 -8.596003 13.619104 -21.249443 7.856250 5.456695 -9.239156
-6.195289 -2.211869 0.767748 0.018031 15.897209 -1.572645 15.790590 25.380264 -22.096878 -20.466154 -4.748534 -4.563513 -10.570854 -12.377959 1.738297 12.985854 5.319312 -11.617868 -28.448948 -27.292093 4.640125 2.664847 -8.942132 3.158888 -8.597489 13.630727 -21.248268 7.846279 5.463824 -9.227652
-6.195289 -2.211869 0.767748 0.018031 15.897209 -1.572645 15.790590 25.380264 -22.096878 -20.466154 -4.748311 -4.563529 -10.570905 -12.377938 1.738482 12.985620 5.319850 -11.618012 -28.448973 -27.292023 4.639943 2.664430 -8.942021 3.159088 -8.597303 13.630782 -21.248547 7.846465 5.463962 -9.227713
-6.195289 -2.211869 0.767748 0.018031 15.897209 -1.572645 15.790590 25.380264 -22.096878 -20.466154 -4.748311 -4.563529 -10.570905 -12.377938 1.738482 12.985620 5.319850 -11.618012 -28.448973 -27.292023 4.639943 2.664430 -8.942021 3.159088 -8.597303 13.630782 -21.248547 7.846465 5.463962 -9.227713
-6.183444 -2.218135 0.769520 0.028456 15.895260 -1.580642 15.779741 25.377962 -22.094387 -20.479450 -4.745638 -4.561188 -10.572650 -12.375658 1.744594 12.982530 5.324701 -11.619273 -28.448849 -27.293131 4.643110 2.672759 -8.944452 3.149452 -8.594810 13.631575 -21.248430 7.844754 5.464508 -9.220850
-6.183483 -2.218369 0.769420 0.028627 15.895267 -1.580858 15.779704 25.378063 -22.094351 -20.479439 -4.745638 -4.561188 -10.572650 -12.375658 1.744594 12.982530 5.324701 -11.619273 -28.448849 -27.293131 4.643110 2.672759 -8.944452 3.149452 -8.594810 13.631575 -21.248430 7.844754 5.464508 -9.220850
-6.183483 -2.218369 0.769420 0.028627 15.895267 -1.580858 15.779704 25.378063 -22.094351 -20.479439 -4.745638 -4.561188 -10.572650 -12.375658 1.744594 12.982530 5.324701 -11.619273 -28.448849 -27.293131 4.643110 2.672759 -8.944452 3.149452 -8.594810 13.631575 -21.248430 7.844754 5.464508 -9.220850
