-7.691553 -1.069532 2.016897 -3.493907 13.767074 -4.923401 13.632719 27.928043 -26.246712 -13.499609 -4.761723 -4.559189 -10.597350 -12.431678 1.782833 12.849989 5.386284 -11.608855 -28.478182 -27.328835 11.003561 3.104234 -12.652557 3.402933 -5.186752 5.061482 -24.298401 8.076363 2.121489 -4.223220
-7.382547 -1.526343 1.890927 -3.400944 13.618083 -5.108006 13.618412 28.080067 -26.030792 -13.511941 -4.781528 -4.528738 -10.713506 -12.596320 1.847983 12.528469 5.430184 -11.507101 -28.504017 -27.333656 11.088225 2.957998 -12.793383 3.426820 -5.263301 5.094328 -24.150846 8.034157 2.351626 -4.482925
-6.905660 -2.370829 1.708368 -3.212847 13.200835 -5.188429 13.632599 28.278336 -25.708824 -13.645248 -4.775400 -4.526949 -10.848404 -12.826646 1.955370 12.000205 5.529665 -11.336221 -28.638758 -27.390423 11.289437 2.797224 -12.876835 3.459584 -5.319543 5.165737 -24.089306 7.988274 2.647195 -4.844261
-6.560747 -3.955295 1.245831 -2.718202 12.671696 -5.648935 13.668951 28.528624 -25.282196 -13.839706 -4.717993 -4.609750 -11.160392 -13.102068 2.117050 11.373468 5.624547 -10.898025 -28.683819 -27.519386 11.469724 2.494015 -13.038416 3.580277 -5.387815 5.320533 -23.931597 7.936489 3.109270 -5.588520
-6.324830 -5.586205 1.057179 -2.337655 11.852057 -6.290054 13.766619 29.031881 -24.713104 -14.300270 -4.572582 -4.776067 -11.624475 -13.525449 2.322414 10.528044 5.640809 -10.133943 -28.779985 -27.636969 11.670337 2.047200 -13.272696 3.872414 -5.379319 5.752649 -23.658081 7.820056 3.768139 -6.511628
-6.225780 -7.037673 0.825855 -2.024773 11.253506 -6.897292 13.596018 29.630955 -24.020948 -14.616553 -4.632803 -4.977551 -12.019575 -13.823889 2.528454 9.985419 5.662843 -9.361495 -28.504030 -27.701790 11.649221 1.802544 -13.450269 4.078123 -5.718420 5.919346 -23.358200 7.582915 4.167419 -7.148915
-5.560531 -8.076946 0.358658 -2.034060 10.897033 -7.630593 13.072014 30.329985 -23.338207 -15.002766 -4.664506 -5.318606 -12.734297 -13.873567 2.781838 9.605622 5.784501 -8.235507 -27.963032 -27.830544 11.557240 1.665994 -13.440056 4.387473 -6.108512 6.043550 -22.945351 7.437744 4.569434 -8.008207
-4.445922 -9.167719 -0.222221 -2.274100 10.584399 -8.245753 12.382265 31.037521 -22.492008 -15.358770 -4.620809 -5.527414 -13.610157 -14.079051 2.740871 9.230087 5.422481 -6.979771 -27.605354 -27.971895 11.330730 1.514657 -13.536879 4.773321 -6.533284 6.312302 -22.656883 7.056713 4.837384 -9.042385
-3.367246 -8.797750 -0.307267 -3.286084 11.129629 -8.619404 11.423653 31.533009 -21.739529 -15.473660 -4.656534 -5.384693 -14.246416 -14.393500 2.480555 9.060009 4.747539 -6.305878 -27.232315 -27.965929 10.940470 1.630499 -13.563639 5.089387 -6.992212 6.138688 -22.184496 7.089937 4.850710 -9.772218
-2.842118 -7.473911 -0.166448 -4.712604 12.713795 -8.222443 9.826758 31.986816 -20.798742 -14.876408 -4.768671 -5.135148 -14.897617 -14.477527 2.135929 8.741991 4.271696 -5.731469 -27.028292 -27.899662 10.328709 1.867239 -13.432609 5.164261 -7.791730 5.896662 -21.851280 7.092679 4.720416 -10.508570
-1.882101 -5.575035 -0.031371 -6.284443 14.278983 -7.717650 8.223322 31.986553 -19.826817 -14.074163 -5.157240 -4.896211 -15.588102 -14.607337 1.973866 7.954072 3.999658 -4.914807 -26.857252 -27.994114 9.452080 2.390068 -13.492231 5.258782 -8.467374 4.907866 -21.641899 7.311162 3.873715 -10.710907
-0.876886 -3.703161 0.242565 -7.109326 16.060488 -6.899976 6.839634 31.951374 -19.312675 -13.130984 -5.827231 -4.597343 -15.940928 -14.414542 2.029004 6.846329 4.101869 -4.251550 -26.758005 -28.131529 8.372342 2.872446 -13.419500 5.224871 -9.182521 4.264235 -21.482929 7.603453 3.167531 -11.367100
0.262123 -1.645926 0.946654 -7.789268 17.482456 -6.013399 5.743284 31.927025 -19.132418 -12.524429 -6.107625 -4.434412 -16.276112 -14.340467 2.020716 6.291037 3.990746 -3.842788 -26.635393 -28.306913 7.230737 3.397591 -13.552486 5.394717 -9.863957 3.583791 -21.161613 7.724520 2.326451 -11.666567
1.493722 -0.448246 1.857183 -8.220579 18.291529 -5.096445 4.877196 32.037209 -18.507887 -11.974837 -6.618643 -4.279527 -16.527958 -14.225026 2.149194 5.632766 4.026936 -3.350866 -26.449085 -28.426159 6.465456 3.606043 -13.704690 5.648397 -10.101240 3.261499 -20.809475 7.847440 1.920365 -11.856431
2.505009 0.384835 2.621870 -8.334993 18.863321 -4.421961 4.485317 31.477665 -18.021193 -11.159275 -7.114685 -4.112927 -16.800722 -13.992562 2.138221 4.961849 4.038139 -2.862858 -26.342318 -28.523088 5.805495 3.705232 -13.915994 5.793155 -10.232800 2.956701 -20.578108 7.969321 1.561426 -11.875269
3.434517 1.160032 3.208567 -8.290194 19.196339 -3.671895 4.133395 30.999386 -17.845076 -10.637224 -7.461878 -3.978486 -16.901785 -13.874997 2.096970 4.424754 3.960700 -2.563008 -26.406473 -28.636494 5.236192 3.748636 -14.172140 5.791485 -10.293694 2.692362 -20.331322 8.129123 1.265359 -11.539525
4.038080 2.081034 3.652150 -8.302881 19.435432 -3.430429 3.956097 30.513189 -17.750622 -10.147611 -7.811802 -3.842862 -17.037323 -13.719776 2.025650 4.021232 3.868086 -2.167975 -26.342958 -28.568130 4.635156 3.830771 -14.257529 5.709359 -10.357922 2.475772 -20.153622 8.306000 0.957016 -11.262673
4.513245 2.681337 4.037506 -8.337770 19.464560 -3.233975 3.921225 30.080620 -17.607719 -9.837730 -8.081121 -3.739388 -17.149723 -13.590431 1.981075 3.826582 3.791330 -1.932189 -26.210691 -28.522213 4.205011 3.875318 -14.452893 5.692035 -10.335827 2.347703 -19.994991 8.390588 0.691804 -10.827450
4.823200 3.053027 4.432169 -8.309420 19.502525 -3.216277 3.924952 29.876358 -17.387970 -9.560802 -8.279467 -3.643492 -17.256763 -13.467629 1.939616 3.707609 3.776456 -1.758933 -26.089773 -28.433048 3.577046 3.904823 -14.671393 5.587472 -10.293149 2.227395 -19.853210 8.488058 0.320055 -10.283453
4.810782 3.167865 4.552783 -8.284061 19.528461 -3.218024 3.977486 29.798985 -17.389355 -9.482836 -8.329880 -3.626937 -17.265614 -13.444625 1.937488 3.672338 3.785196 -1.727441 -26.072979 -28.418842 3.493417 3.875777 -14.742828 5.557235 -10.213962 2.246626 -19.915321 8.472597 0.228740 -10.063375
4.654115 2.712694 4.584011 -8.454777 19.216198 -3.226154 3.988523 30.093513 -17.261538 -9.898169 -8.145018 -3.638517 -17.489365 -13.422313 1.843546 3.794921 3.675296 -1.656132 -26.013702 -28.501076 3.994450 3.772198 -14.674810 5.832859 -10.309389 2.377494 -19.913643 8.318104 0.610325 -10.787254
3.330322 1.508999 4.857122 -8.823697 18.373672 -3.765228 4.490963 30.937712 -16.980387 -10.870699 -7.608829 -3.560396 -18.210087 -13.319931 1.498642 4.376209 3.384472 -1.625053 -25.729074 -28.695396 4.679710 3.346741 -14.928400 6.319543 -10.199276 2.841478 -19.943699 7.972984 1.205969 -11.561054
1.406755 0.133205 5.460526 -9.175690 16.914656 -5.186304 5.197471 31.667055 -16.184540 -12.041572 -6.813420 -3.429958 -19.753355 -13.129632 0.670974 5.820378 2.451210 -1.360674 -24.939516 -29.062931 5.392654 2.700158 -15.561525 7.107924 -9.896077 3.673769 -19.960020 7.205350 1.792491 -11.749664
-0.772680 -3.330411 5.661253 -9.715502 13.284871 -6.305642 7.213375 31.282564 -15.584891 -14.108281 -5.614012 -3.230574 -21.663776 -12.998623 -0.432901 7.752802 1.338813 -0.932242 -23.859159 -28.883747 6.462673 1.520826 -16.413298 8.030622 -8.786921 4.959277 -19.847973 6.657624 2.833412 -11.536133
-1.709023 -8.181734 7.067260 -8.593262 8.200065 -5.931816 10.771431 29.787876 -15.172883 -16.425066 -4.527925 -2.843005 -23.510618 -12.714385 -1.685170 10.510227 -0.244114 -0.180275 -22.506063 -27.986141 7.707750 -0.425287 -17.923420 10.009722 -6.427147 7.261894 -19.142593 6.086799 4.501015 -11.260667
-2.776412 -10.056504 9.745933 -9.136206 6.112090 -2.464640 13.146809 27.767504 -15.187455 -17.299744 -3.367489 -1.545250 -25.249256 -13.281710 -3.005443 11.586311 -1.712275 0.610679 -21.951359 -25.522245 7.172564 -1.909727 -19.947523 11.477260 -3.723673 8.237813 -18.176739 6.615568 4.665163 -9.467978
-2.613151 -8.634837 13.714816 -9.319864 5.772214 1.240395 15.158277 24.794127 -15.460076 -16.599834 -2.900032 0.231793 -26.601427 -14.806571 -4.235383 11.283789 -3.821314 1.337488 -21.788595 -23.145319 4.818310 -1.515751 -21.040201 12.470637 -2.768365 7.836416 -17.379559 6.874921 2.595219 -6.118913
-2.495799 -6.664933 16.306351 -8.898475 8.468867 2.384932 14.536903 23.113491 -14.097065 -13.516574 -2.984582 0.947224 -27.873028 -16.007164 -4.184691 10.166683 -4.696021 3.426739 -21.066479 -21.194984 2.515667 -0.376252 -20.974195 13.311370 -3.480281 7.906166 -16.728008 6.110098 0.620617 -3.282407
-0.684564 -6.133927 17.607674 -8.650199 11.282018 0.602662 12.283138 21.588886 -11.248607 -11.050365 -3.203995 3.739563 -30.719193 -17.861666 -4.837616 8.010833 -5.379417 3.975379 -19.680008 -18.911446 0.671501 1.680875 -19.552429 14.212596 -5.172764 8.302878 -16.017529 5.373411 -0.834660 -2.854110
1.773129 -7.108123 18.057209 -9.018871 11.620306 -0.968286 9.716383 21.548353 -8.955861 -11.479023 -3.938400 6.058658 -34.008041 -17.060671 -5.375778 8.562847 -5.259512 4.627142 -16.396811 -17.242178 -0.027117 2.909847 -18.742250 14.387033 -6.972410 8.236254 -14.326880 5.585326 -0.566080 -3.455495
2.987515 -9.308079 15.193135 -12.428878 11.668713 -0.345585 7.345066 21.536495 -7.093549 -12.534204 -5.406221 7.623438 -36.474846 -15.415243 -5.776313 9.150161 -4.924682 6.391032 -13.505662 -15.281528 -0.690375 2.739555 -19.532578 14.059783 -7.217906 8.484319 -12.001220 6.914553 0.499749 -3.938993
6.475997 -11.259111 12.055780 -17.271740 12.403827 2.048113 4.533009 21.501543 -4.131052 -12.527367 -7.276179 8.371011 -37.937927 -14.001568 -5.690404 9.871737 -4.913188 8.649352 -10.729449 -13.370047 -1.742240 1.919416 -21.214073 12.554694 -6.747148 7.852505 -9.614904 9.419796 1.442457 -2.474541
11.324564 -14.596367 9.536851 -19.542053 11.483067 3.414793 3.085607 21.192739 -0.920310 -11.224751 -9.740091 9.021262 -38.304924 -12.238222 -4.512113 9.850700 -3.043820 10.314601 -8.221347 -11.014560 -2.599166 0.951556 -22.639097 10.757430 -6.568726 7.076525 -6.871958 12.448584 3.190083 -1.917265
14.692785 -14.182966 9.043172 -19.781113 12.363761 0.886236 2.642789 20.151680 0.661061 -9.259447 -12.446851 9.378941 -37.565895 -10.000829 -3.020584 10.135696 -0.112012 10.626487 -6.397700 -9.116009 -4.111621 0.867853 -23.702116 9.643628 -7.397131 6.043654 -5.780540 13.290218 2.998488 -1.065869
16.018234 -12.811658 9.883901 -20.127213 13.257353 -0.161745 2.514412 18.008190 1.289562 -8.251270 -14.864585 9.382931 -36.506599 -7.905610 -1.229930 10.164804 3.016539 10.330752 -4.892617 -7.979797 -4.289939 1.762211 -22.620829 8.569738 -8.937727 4.978065 -5.311432 13.673719 3.131783 -0.527769
15.948441 -12.139916 10.446509 -19.309479 14.116025 -1.313153 2.550963 15.925442 1.548262 -7.273304 -16.059031 9.030152 -36.093800 -6.337184 0.069618 9.576571 5.678717 9.963118 -4.024367 -8.307848 -5.098679 2.375399 -22.214787 8.454730 -10.072307 4.837239 -5.207993 12.891958 2.534849 0.099750
15.074901 -11.052538 10.499661 -19.394991 15.188409 -2.251608 2.503334 14.692160 1.683554 -6.367635 -16.857639 8.568857 -35.385677 -5.437699 0.909500 9.438826 7.080983 9.641516 -3.716861 -8.714846 -5.998693 3.233601 -21.466715 8.270905 -11.046781 4.535181 -4.935857 12.729773 1.863024 0.286683
14.826654 -10.604074 10.051107 -19.544350 15.739535 -3.613170 2.780896 13.402826 1.860243 -5.543229 -17.489491 8.174418 -34.583157 -4.741755 1.609724 9.547190 7.958787 9.531524 -3.534053 -8.694389 -6.374993 3.563412 -21.178566 8.143608 -11.530923 4.357279 -4.512132 12.985934 1.846176 0.001335
14.856469 -10.415555 9.715112 -19.787132 16.117479 -4.072587 2.749606 12.851219 1.995951 -5.149694 -17.800196 8.119308 -34.234303 -4.320383 1.931824 9.597121 8.462419 9.367274 -3.419043 -8.666919 -6.430414 3.756527 -20.889147 7.719778 -11.730514 4.175004 -4.470833 13.274687 1.864366 0.061330
14.912500 -10.377409 9.551684 -19.824415 16.225193 -4.219844 2.738977 12.740751 1.954691 -5.097280 -17.888687 8.099273 -34.152428 -4.135442 2.047109 9.618665 8.662251 9.332780 -3.364701 -8.656090 -6.365335 3.924295 -20.604177 7.809618 -11.809167 4.186827 -4.423876 13.306611 1.851232 0.007916
14.831451 -10.390856 9.518503 -19.765989 16.203224 -4.270285 2.814047 12.690771 1.872962 -5.100203 -17.905130 8.087719 -34.103027 -4.131047 2.072220 9.621288 8.668112 9.323798 -3.367002 -8.652825 -6.382516 3.935645 -20.582533 7.812573 -11.796100 4.199786 -4.434027 13.309032 1.836059 -0.007078
14.863524 -10.353292 9.437173 -19.914328 16.179684 -4.362422 2.809043 12.614773 1.933916 -5.114685 -17.937527 8.089610 -34.074604 -4.086326 2.094813 9.599874 8.713098 9.314637 -3.360456 -8.665130 -6.471780 3.924368 -20.633575 7.881846 -11.734992 4.261546 -4.425548 13.289028 1.781735 -0.035535
14.668062 -10.292641 9.281364 -19.968422 16.216145 -4.550638 2.931947 12.367512 1.830558 -5.073804 -17.984192 8.084694 -33.964607 -4.037002 2.137693 9.631380 8.726546 9.336625 -3.360434 -8.594004 -6.438555 4.009733 -20.458704 8.005280 -11.685645 4.337560 -4.384922 13.337693 1.772322 -0.073960
14.755784 -10.266204 8.940754 -20.142954 16.289871 -4.859428 2.936496 12.133351 1.832407 -5.010676 -18.005550 8.117507 -33.903305 -4.061523 2.168498 9.606058 8.715579 9.360898 -3.383522 -8.513506 -6.441956 4.031935 -20.415842 7.985564 -11.603961 4.354282 -4.316043 13.503160 1.785047 0.021074
15.331558 -9.938306 8.155922 -20.813025 16.552895 -5.231460 2.781387 11.691504 1.850835 -4.936728 -18.099606 8.156952 -33.709988 -4.009891 2.266818 9.598886 8.794568 9.327941 -3.414961 -8.380383 -6.244081 4.133488 -20.127874 7.904508 -11.589068 4.307390 -4.213567 13.789226 1.939238 0.059843
15.601750 -9.745118 7.637847 -21.227732 16.783360 -5.660384 2.781399 11.194168 1.836933 -4.808303 -18.222361 8.185554 -33.496841 -3.864965 2.441159 9.618546 9.028548 9.232995 -3.408828 -8.263565 -6.131507 4.171559 -19.950117 7.546457 -11.377492 4.258190 -4.198804 14.245687 2.009694 0.355991
15.933500 -9.590916 6.986411 -21.691467 17.106165 -6.079414 2.670078 10.599493 1.842625 -4.628494 -18.286335 8.206819 -33.259499 -3.857208 2.540956 9.627259 9.077573 9.212255 -3.457954 -8.086098 -6.134013 4.147448 -19.951916 7.284435 -11.248591 4.250592 -4.261036 14.460310 2.007383 0.544479
16.336664 -9.314997 6.344813 -22.256926 17.663044 -6.334327 2.346124 10.202786 1.930385 -4.344948 -18.340086 8.269786 -33.109470 -3.859665 2.620942 9.631719 9.098241 9.224895 -3.477152 -7.879217 -6.207989 4.108781 -20.090097 6.723782 -11.085714 4.079525 -4.431227 14.751177 1.880123 0.952676
16.782404 -9.401535 5.558569 -22.584936 17.938749 -6.694641 2.126732 9.849920 2.066869 -4.125427 -18.386150 8.361737 -32.870884 -3.908283 2.658364 9.743891 9.057119 9.169181 -3.501795 -7.575795 -6.040534 4.179233 -19.947950 6.396383 -10.848533 4.039405 -4.371583 15.171091 1.952420 1.466144
16.995241 -9.574596 4.931151 -22.840908 18.349857 -7.035024 1.975515 9.510775 2.184321 -3.886286 -18.416653 8.472383 -32.648361 -3.905119 2.667419 9.872061 9.012958 9.169800 -3.534706 -7.181083 -6.007717 4.166493 -19.985481 5.578645 -10.774129 3.755198 -4.506374 15.643004 1.950567 1.912706
17.230471 -9.639832 4.360821 -22.838964 18.792183 -7.124889 1.779435 9.433944 2.101913 -3.698096 -18.492367 8.573708 -32.304428 -3.895779 2.803632 9.932550 9.163045 9.033656 -3.579107 -6.781025 -5.843970 4.255847 -19.793365 4.911594 -10.701428 3.538172 -4.630208 16.092129 1.994981 2.343282
17.486347 -9.699407 3.655962 -22.927565 19.146042 -7.267377 1.722941 9.147127 1.897906 -3.526735 -18.508251 8.702377 -32.031052 -3.898807 2.906883 10.049906 9.292508 8.887485 -3.584287 -6.317507 -5.752381 4.433694 -19.525410 4.339158 -10.811111 3.266283 -4.759314 16.417805 1.969818 2.606607
17.943846 -9.702676 2.913393 -22.651567 19.549458 -7.301299 1.562506 8.908675 1.653678 -3.144051 -18.479321 8.825163 -31.800798 -3.916995 2.928827 10.185038 9.287807 8.878023 -3.610933 -5.819407 -5.666893 4.644707 -19.215837 3.887786 -11.003264 3.015287 -4.928804 16.597759 1.926891 2.788343
18.357483 -9.544495 2.603546 -22.375345 19.878708 -7.154604 1.386611 8.926598 1.440478 -2.890563 -18.525198 8.937322 -31.527588 -3.882956 3.012616 10.265919 9.422715 8.695312 -3.619075 -5.508999 -5.635434 4.760956 -19.064049 3.326026 -11.230188 2.683581 -5.186700 16.737972 1.859208 2.912673
18.580091 -9.308134 2.320132 -22.023542 20.084539 -6.932231 1.248737 9.021074 1.081578 -2.762132 -18.556023 8.992696 -31.387320 -3.877337 3.091307 10.312967 9.537316 8.562839 -3.603671 -5.341839 -5.593090 4.767776 -19.014332 3.237699 -11.346271 2.613939 -5.325961 16.661461 1.865304 2.887736
18.734491 -9.210625 1.987398 -21.828188 20.279608 -6.829673 1.213181 9.017300 0.802685 -2.621379 -18.615543 9.041957 -31.179726 -3.873885 3.182222 10.328644 9.658240 8.388595 -3.615090 -5.228955 -5.643859 4.733922 -19.018415 3.096587 -11.500007 2.585478 -5.476690 16.588108 1.856912 2.865270
18.799349 -9.219061 1.671302 -21.601896 20.434731 -6.739152 1.190674 9.034290 0.555529 -2.496632 -18.687096 9.063732 -31.013317 -3.847142 3.257999 10.316339 9.793635 8.195737 -3.610477 -5.236138 -5.695124 4.693285 -19.039883 3.013164 -11.618884 2.585004 -5.595109 16.503365 1.852537 2.811727
18.894327 -9.138737 1.562365 -21.472172 20.518257 -6.656502 1.173080 9.026102 0.407092 -2.420113 -18.729761 9.049723 -30.929848 -3.844221 3.308914 10.299860 9.888437 8.059157 -3.599929 -5.313636 -5.707093 4.664890 -18.997004 2.948720 -11.631984 2.621874 -5.744716 16.434874 1.834535 2.766482
18.942438 -9.065771 1.402381 -21.343390 20.612820 -6.576513 1.176132 9.019484 0.218160 -2.342369 -18.757032 9.032678 -30.850826 -3.854434 3.346075 10.279156 9.948485 7.964234 -3.600493 -5.365906 -5.721817 4.623291 -18.957998 2.851619 -11.659597 2.656189 -5.948307 16.340090 1.806550 2.697611
18.923357 -9.057117 1.340645 -21.305490 20.635017 -6.560835 1.192271 9.021429 0.152715 -2.323502 -18.765139 9.027441 -30.822643 -3.852115 3.353647 10.280071 9.960153 7.942916 -3.603778 -5.371725 -5.728508 4.608358 -18.955513 2.827096 -11.670085 2.664594 -6.004543 16.310112 1.799116 2.672771
18.923227 -9.054976 1.346860 -21.306532 20.634438 -6.547212 1.182973 9.041052 0.152299 -2.331567 -18.764639 9.028702 -30.833889 -3.849375 3.351188 10.276707 9.959565 7.948202 -3.601684 -5.376304 -5.719801 4.608924 -18.953897 2.831282 -11.670851 2.663953 -6.018663 16.297482 1.796368 2.657170
18.949728 -9.052827 1.404285 -21.375212 20.602186 -6.522775 1.134321 9.106837 0.226016 -2.381875 -18.749325 9.022817 -30.913242 -3.847070 3.331087 10.253254 9.934709 7.993178 -3.597054 -5.427854 -5.707902 4.617326 -18.988813 2.888108 -11.662271 2.642384 -5.974678 16.287903 1.792476 2.635064
18.948458 -9.059334 1.442897 -21.407402 20.585392 -6.476565 1.090745 9.197434 0.259476 -2.432242 -18.742081 9.001959 -30.964058 -3.843387 3.320651 10.207914 9.922812 8.012366 -3.606186 -5.529989 -5.705736 4.613208 -19.013205 2.925200 -11.661477 2.641736 -5.979879 16.253803 1.780820 2.592549
18.929941 -9.063191 1.538810 -21.491917 20.522610 -6.432371 1.044194 9.379751 0.342115 -2.536517 -18.732151 8.964774 -31.049431 -3.846641 3.309221 10.123520 9.909321 8.051699 -3.621075 -5.689089 -5.707327 4.592172 -19.130873 3.025541 -11.702666 2.589785 -5.980551 16.139269 1.751543 2.438555
18.856153 -9.077610 1.588029 -21.569952 20.437286 -6.416802 1.053314 9.516430 0.384508 -2.640472 -18.703535 8.934958 -31.160498 -3.850993 3.279935 10.061690 9.870910 8.123778 -3.629004 -5.801921 -5.720868 4.550134 -19.262577 3.112926 -11.752245 2.537477 -6.007587 16.002964 1.720474 2.255193
18.763435 -9.094177 1.760708 -21.599081 20.318632 -6.382606 1.059488 9.743103 0.468268 -2.754357 -18.671038 8.887061 -31.298441 -3.841969 3.226639 10.036786 9.814216 8.210692 -3.628004 -5.944314 -5.728441 4.506155 -19.377531 3.187965 -11.790784 2.503073 -6.057254 15.868464 1.692972 2.070635
18.631960 -9.076168 1.904140 -21.537874 20.247204 -6.282916 1.073388 10.139388 0.465661 -2.832998 -18.646229 8.817201 -31.456978 -3.833224 3.158880 10.035758 9.747326 8.266018 -3.614232 -6.181958 -5.726636 4.429823 -19.541191 3.289490 -11.843089 2.483780 -6.165205 15.666245 1.657751 1.785807
18.612177 -9.034870 2.170924 -21.650589 20.118263 -6.133699 0.998662 10.573664 0.609687 -3.020334 -18.622566 8.737666 -31.698713 -3.800729 3.065156 10.003810 9.664016 8.353875 -3.566015 -6.491704 -5.720976 4.382981 -19.615416 3.378531 -11.875305 2.491211 -6.309019 15.460446 1.602739 1.551427
18.584532 -9.063080 2.514324 -21.794228 19.959908 -5.989242 0.940311 10.942048 0.817227 -3.213902 -18.627703 8.627723 -31.941467 -3.788735 3.039142 9.883656 9.670987 8.411247 -3.538620 -6.905359 -5.670160 4.325044 -19.754210 3.541503 -11.871629 2.480120 -6.358907 15.292725 1.594336 1.288506
18.542204 -9.179756 2.897125 -21.864641 19.708334 -5.688375 0.899064 11.494627 0.996911 -3.446294 -18.555042 8.533777 -32.284683 -3.776706 2.944034 9.931296 9.552938 8.544902 -3.466945 -7.187521 -5.571496 4.253463 -19.832266 3.613734 -11.837657 2.491355 -6.487546 15.156396 1.611552 1.042708
18.731833 -9.234718 3.321101 -22.044882 19.560999 -5.302763 0.752557 12.152870 1.278532 -3.646350 -18.483412 8.412024 -32.608246 -3.731127 2.873663 9.940603 9.533638 8.639088 -3.389548 -7.505311 -5.473967 4.124599 -19.907808 3.621740 -11.784522 2.570250 -6.750554 14.987345 1.645411 0.716980
18.850676 -9.215710 3.673162 -22.088289 19.371288 -4.934591 0.680593 12.879105 1.365654 -3.862436 -18.329514 8.260928 -32.898026 -3.760384 2.766915 10.092461 9.387602 8.695365 -3.308783 -7.820970 -5.360745 3.950749 -20.042181 3.643156 -11.718461 2.656173 -6.986997 14.833988 1.718731 0.399960
18.806395 -9.216555 3.977676 -21.900225 19.065704 -4.652166 0.715392 13.492470 1.273038 -4.104294 -18.207397 8.098050 -33.241837 -3.713962 2.683364 10.206029 9.354360 8.720595 -3.196888 -8.217718 -5.220102 3.689445 -20.292784 3.816223 -11.534131 2.819769 -7.196096 14.661278 1.820060 0.012865
18.761744 -9.222537 4.319961 -21.709194 18.750507 -4.151648 0.643728 14.523314 1.223603 -4.381523 -18.030153 7.953606 -33.473610 -3.750898 2.604993 10.460998 9.305533 8.570189 -3.077639 -8.500662 -5.137665 3.452725 -20.471960 3.872452 -11.379615 2.974950 -7.434117 14.548507 1.909785 -0.270052
6.507445 2.440891 9.903316 -22.706560 5.640763 -4.649427 19.010361 9.913527 -13.463653 -14.090261 -10.952583 2.160911 -26.021456 -14.568141 -4.934439 3.897186 1.953351 10.608632 -19.486277 -6.828729 2.986291 4.768378 -13.871305 14.223344 -8.383543 4.842339 -10.468572 9.937811 0.372079 -0.489509
6.181086 2.145186 9.988982 -22.127504 5.496919 -4.055996 18.947756 10.757439 -13.712451 -14.239818 -10.266863 2.044487 -26.205990 -15.136765 -5.264070 4.563365 1.450229 9.843927 -19.701036 -7.449234 3.441420 4.431841 -13.864609 14.108583 -8.063442 5.157749 -11.083996 9.780632 0.601021 -0.922308
6.327487 2.120531 10.065467 -21.295353 5.616203 -3.869941 18.831421 11.582289 -14.012019 -14.191064 -9.719936 1.943804 -26.199764 -15.426105 -5.360206 5.021480 1.292103 9.335267 -19.753691 -7.695726 3.806821 4.176520 -13.768403 13.963225 -7.778811 5.424504 -11.696130 9.639222 0.741652 -1.249226
6.421173 2.097658 10.070828 -20.563715 5.763176 -3.792125 18.757538 12.093000 -14.349923 -14.168294 -9.015520 1.798134 -26.284897 -15.676616 -5.518727 5.543899 1.056275 8.859533 -19.744789 -8.042544 4.233542 3.815217 -13.784355 13.919699 -7.400756 5.721135 -12.374637 9.459345 0.929500 -1.773404
6.815156 2.308140 9.814226 -19.962797 5.977288 -3.935944 18.723093 12.482990 -14.806512 -14.135542 -8.306929 1.584755 -26.196152 -15.918137 -5.553719 6.076900 0.919445 8.314493 -19.710218 -8.322500 4.601034 3.660341 -13.621026 13.692721 -7.147964 5.858528 -12.992017 9.363285 0.999715 -2.023639
7.226056 -3.542022 9.238116 -14.819244 7.641305 -7.596059 15.155087 15.124821 -13.015158 -12.592537 -8.362959 1.398137 -24.757011 -10.904823 -1.050267 9.089129 0.908009 8.092654 -18.540384 -12.331714 6.443532 5.104096 -14.914546 12.348434 -5.738282 4.130408 -13.128236 10.064501 1.614020 -2.362731
7.825016 -4.812699 8.306647 -13.522765 8.180733 -8.654517 14.609764 15.852716 -12.809490 -12.123137 -7.842471 0.461932 -23.850430 -10.534038 0.089723 9.615107 1.412178 7.693205 -18.470139 -12.888654 7.241576 5.036500 -14.902336 11.819764 -5.412242 3.470439 -13.594724 10.370790 1.798952 -2.466670
8.009794 -4.680757 7.945635 -13.027410 8.970672 -8.312212 14.217579 16.241741 -13.309134 -11.967361 -7.678093 0.272638 -23.372753 -10.717349 0.234704 9.662220 1.621220 7.298706 -18.580280 -13.429708 7.718231 5.581935 -14.377396 11.532203 -5.312882 3.182723 -14.696213 9.987022 1.204133 -2.597436
7.590857 -3.980313 7.582065 -12.583856 9.531072 -8.621902 14.358287 16.293877 -13.994815 -11.755795 -7.661299 -0.128481 -22.615807 -10.842484 0.586277 9.362016 1.993752 6.906535 -19.131514 -13.909561 7.973207 5.789186 -13.907234 11.246549 -5.346801 2.964342 -15.393027 9.918233 0.878711 -2.830145
7.077781 -3.509513 7.188533 -12.044039 9.970668 -8.914082 14.415094 16.287483 -14.609926 -11.585734 -7.941462 -0.504126 -21.706699 -10.714830 1.207310 8.731894 2.550020 6.610441 -19.793669 -14.387922 8.254377 6.108791 -13.411357 10.851497 -5.420181 2.718658 -15.974095 9.934391 0.596962 -2.980418
6.366960 -3.262466 6.606522 -11.610741 10.466879 -9.155161 14.432755 16.011395 -15.090065 -11.238750 -8.468999 -0.674026 -21.016121 -10.444446 1.696808 8.003822 3.202980 6.604731 -20.391603 -14.488180 8.490202 6.567020 -12.813566 10.406332 -5.623343 2.394362 -16.446600 9.985516 0.285117 -2.996475
5.668696 -3.212508 6.122437 -11.245079 10.878175 -9.365707 14.464031 15.702999 -15.381659 -10.847020 -8.924608 -0.809531 -20.269121 -10.243102 2.127596 7.423567 3.812037 6.396485 -20.923092 -14.567054 8.613399 7.111410 -12.224098 10.002755 -5.805544 1.973883 -16.794525 10.028712 -0.155452 -2.744859
4.792254 -3.360607 5.599309 -11.103262 10.987590 -9.478512 14.635191 15.145302 -15.695612 -10.662601 -9.480524 -0.779615 -19.697983 -10.006113 2.484636 6.928914 4.401944 6.235347 -21.269617 -14.510504 8.640318 7.509334 -11.839914 9.674663 -6.017807 1.578438 -17.001949 10.045129 -0.524911 -2.491727
4.056404 -3.627077 5.270069 -11.038555 11.114252 -9.564798 14.857773 14.451954 -15.932097 -10.504436 -10.094421 -0.684583 -19.151035 -9.689866 2.807697 6.615658 5.007209 6.145674 -21.438622 -14.151531 8.762662 7.897771 -11.366510 9.252358 -6.193817 1.271576 -17.256691 10.080064 -0.790882 -2.180176
3.061709 -4.032682 5.029342 -10.872950 11.168868 -9.618768 15.209903 13.662110 -16.295677 -10.460139 -10.590120 -0.660511 -18.483517 -9.420494 3.037759 6.524796 5.552090 5.864798 -21.486185 -13.814960 8.820824 8.245522 -10.992743 8.934256 -6.417045 0.972255 -17.444824 10.043402 -1.069571 -1.845737
2.174128 -4.535203 4.837608 -10.860256 10.944616 -9.683217 15.595404 12.786729 -16.555975 -10.565525 -11.115354 -0.610718 -17.766590 -9.099009 3.355532 6.591344 6.091849 5.502159 -21.571005 -13.489758 8.730771 8.474274 -10.787351 8.772983 -6.587615 0.729536 -17.471325 10.040201 -1.289133 -1.582866
1.215264 -5.061338 4.725308 -10.765051 10.670033 -9.794522 16.037291 11.954082 -16.766277 -10.674170 -11.587601 -0.572567 -17.003025 -8.773927 3.745989 6.706627 6.713451 5.112144 -21.609713 -13.064148 8.788056 8.678241 -10.481750 8.391040 -6.768965 0.648573 -17.644997 10.010707 -1.394993 -1.121777
0.076894 -5.722016 4.771531 -10.539599 10.383229 -9.878918 16.555782 11.101055 -16.980724 -10.773327 -12.006789 -0.460924 -16.511164 -8.520103 3.981345 6.775839 7.112664 4.898063 -21.573580 -12.643335 8.730892 8.856029 -10.242409 8.103389 -6.982728 0.585322 -17.686117 9.975210 -1.494043 -0.566605
-0.568832 -6.073331 4.743646 -10.465261 10.165318 -9.907517 16.879765 10.444587 -17.104347 -10.811561 -12.427517 -0.367712 -15.948213 -8.214971 4.282876 6.803198 7.585434 4.667125 -21.493464 -12.197215 8.747993 8.925118 -10.067494 7.912871 -7.093925 0.581601 -17.729576 9.963179 -1.486919 -0.215163
-1.108528 -6.224172 4.581073 -10.370434 10.170093 -9.930124 17.082409 9.876574 -17.291187 -10.740056 -12.707746 -0.288189 -15.607369 -8.037507 4.487871 6.776941 7.887430 4.565908 -21.427084 -11.894470 8.762373 9.047436 -9.779724 7.576964 -7.273801 0.572344 -17.784193 9.953471 -1.496442 0.424184
-1.648637 -6.230313 4.302045 -10.239801 10.246350 -9.914157 17.193085 9.469031 -17.567913 -10.668549 -12.876249 -0.205199 -15.274849 -7.942637 4.652782 6.812044 8.168815 4.348734 -21.423403 -11.600582 8.850000 9.125453 -9.505760 7.263080 -7.414765 0.597269 -17.915550 9.937260 -1.455335 0.862678
-2.159819 -6.239714 3.964906 -10.127806 10.313796 -9.900383 17.293369 8.991227 -17.824886 -10.557947 -13.051722 -0.118917 -14.857961 -7.870679 4.833186 6.873169 8.481682 4.056056 -21.473207 -11.282612 8.985224 9.245554 -9.141962 6.922688 -7.562318 0.651073 -18.065229 9.930630 -1.412407 1.421302
-2.526649 -6.198256 3.607624 -10.063857 10.416711 -9.915364 17.340687 8.610342 -18.067413 -10.451293 -13.151242 -0.062828 -14.527285 -7.827826 4.962352 6.929978 8.706427 3.811058 -21.497576 -11.046539 9.064367 9.315290 -8.928976 6.727092 -7.640428 0.682840 -18.125420 9.938892 -1.372594 1.765807
-2.752920 -6.147606 3.337983 -10.047562 10.521022 -9.956724 17.373848 8.346867 -18.248133 -10.369379 -13.243422 -0.018958 -14.191703 -7.786457 5.109715 6.942594 8.951829 3.548117 -21.531103 -10.866877 9.126244 9.355634 -8.808280 6.586605 -7.692255 0.702314 -18.187637 9.935600 -1.346086 1.955531
-2.900651 -6.113521 3.143926 -10.035910 10.617965 -9.988069 17.396641 8.157120 -18.371460 -10.293670 -13.263180 -0.007211 -13.999112 -7.785392 5.183875 6.972983 9.078772 3.368840 -21.567739 -10.791121 9.161231 9.407953 -8.700330 6.499811 -7.753686 0.699983 -18.209953 9.935790 -1.341488 2.136362
-2.957233 -6.102198 3.088742 -10.021349 10.638339 -9.987263 17.399664 8.128082 -18.415499 -10.283161 -13.244386 -0.012365 -13.946660 -7.793647 5.185224 7.009510 9.080971 3.299568 -21.574804 -10.793943 9.173166 9.430999 -8.650069 6.466017 -7.784388 0.700477 -18.217552 9.935309 -1.339332 2.214411
