7.595791 -5.819440 5.910212 -13.639095 12.360487 -7.745700 16.905622 3.598410 -6.076318 -16.115910 -9.294841 -5.011193 -24.155075 -4.032078 7.319333 7.727152 1.750298 6.145536 -18.233141 5.427596 2.367431 -7.234686 -3.648725 8.062464 -18.760080 5.756217 -2.556159 19.172934 5.664746 1.854582
7.618143 -5.838806 6.080023 -13.778410 12.332879 -7.757634 16.864527 3.636161 -5.900842 -16.166489 -9.288078 -4.975667 -24.305603 -4.047750 7.204278 7.730956 1.595088 6.315061 -18.194029 5.452880 2.306006 -7.348092 -3.879820 8.190764 -18.668346 5.776713 -2.373760 19.203674 5.728544 1.800720
7.618867 -5.855483 6.245245 -13.909194 12.289497 -7.753967 16.839046 3.714468 -5.746349 -16.228815 -9.291698 -4.930543 -24.474712 -4.045560 7.083978 7.723256 1.398409 6.533808 -18.150000 5.514789 2.279935 -7.459772 -4.076316 8.315037 -18.559978 5.806212 -2.224914 19.237759 5.791772 1.763234
7.606869 -5.788771 6.583352 -14.095694 12.165833 -7.770967 16.834854 3.790115 -5.531335 -16.371840 -9.289583 -4.894862 -24.782120 -4.042387 6.877850 7.720385 1.067883 6.879146 -18.078096 5.506226 2.279317 -7.573652 -4.265272 8.448447 -18.440159 5.831519 -2.088347 19.262939 5.850332 1.731458
7.619979 -5.771861 6.941053 -14.290775 11.996256 -7.835984 16.841881 3.889092 -5.253871 -16.521591 -9.313722 -4.858644 -25.134985 -4.033005 6.651489 7.734950 0.685900 7.277805 -17.967739 5.484584 2.255411 -7.696045 -4.484951 8.586276 -18.330141 5.849944 -1.929673 19.281517 5.908309 1.704915
7.643002 -5.805688 7.197359 -14.518789 11.861300 -7.898476 16.839415 4.012969 -4.950692 -16.616156 -9.357242 -4.849445 -25.471745 -3.995188 6.471057 7.653178 0.285213 7.834545 -17.868061 5.497067 2.223310 -7.894895 -4.739442 8.792386 -18.174160 5.953675 -1.913930 19.232969 5.943618 1.522285
7.793454 -5.828914 7.302254 -14.751471 11.792890 -7.912888 16.721451 4.205960 -4.679460 -16.686203 -9.317965 -4.823468 -25.974453 -3.987757 6.230338 7.662416 -0.148428 8.337035 -17.733521 5.449800 2.160545 -8.026365 -4.981754 9.040345 -18.042009 6.031833 -1.830426 19.176426 5.962929 1.332537
8.277105 -5.763193 7.424242 -15.211775 11.673851 -7.840595 16.428242 4.534585 -4.229177 -16.787729 -9.353099 -4.818362 -26.465389 -3.911244 6.044272 7.557192 -0.443072 8.709462 -17.602060 5.160742 2.023652 -8.215876 -5.325308 9.394762 -17.931751 6.068593 -1.831515 19.004128 5.907461 0.864384
8.743839 -5.688334 7.533908 -15.545350 11.542675 -7.706486 16.196793 4.862516 -3.887610 -16.836821 -9.361845 -4.892168 -26.942165 -3.879680 5.857734 7.376402 -0.763430 9.198835 -17.479830 4.841743 1.855665 -8.357507 -5.664852 9.746817 -17.879589 6.059134 -1.838078 18.783062 5.804885 0.435300
9.102341 -5.675144 7.602426 -15.727190 11.393762 -7.669905 16.057409 4.968970 -3.599607 -16.852207 -9.363240 -4.929828 -27.521809 -3.841377 5.679680 7.231112 -1.108460 9.649351 -17.293299 4.430488 1.622459 -8.502837 -6.080415 10.284160 -17.930202 6.039868 -1.859513 18.389668 5.627243 -0.149788
9.287495 -5.862312 7.857940 -15.872680 11.113757 -7.530423 16.070227 5.217323 -3.313625 -16.975254 -9.332458 -4.992269 -27.973782 -3.818412 5.582639 7.178812 -1.283317 9.917357 -17.114042 4.089512 1.391319 -8.730681 -6.551085 10.708433 -17.937681 6.061069 -1.924644 18.030731 5.508083 -0.695649
9.319071 -6.044233 8.221565 -15.840485 10.887615 -7.415596 16.111614 5.670931 -3.163632 -17.142744 -9.201484 -5.049024 -28.373230 -3.864982 5.357267 7.244060 -1.624639 10.079459 -17.044872 3.717589 1.254886 -8.864844 -6.856977 11.042097 -17.939041 6.048735 -2.132089 17.670135 5.335242 -1.178867
9.316144 -6.072440 8.653284 -15.796289 10.650702 -7.196586 16.182024 6.093908 -3.115352 -17.350056 -9.038027 -5.102134 -28.731117 -3.880629 5.178847 7.366092 -1.835298 10.081841 -16.924801 3.286461 1.163715 -8.982137 -7.155299 11.343958 -17.997223 6.084869 -2.203642 17.343388 5.258411 -1.500987
9.316589 -6.106738 9.059846 -15.763607 10.377431 -7.054869 16.327106 6.440444 -3.082276 -17.556028 -8.899405 -5.120428 -29.147547 -3.950101 4.974674 7.367135 -2.057198 10.155201 -16.803055 2.916376 1.100735 -9.059964 -7.365017 11.505767 -18.023094 6.079837 -2.334991 17.090111 5.177476 -1.772768
9.326429 -6.091682 9.402771 -15.723547 10.145167 -6.950390 16.448326 6.692387 -3.072922 -17.710363 -8.704271 -5.089227 -29.464506 -4.039659 4.756159 7.544392 -2.364769 10.086679 -16.700186 2.679988 1.032424 -9.206061 -7.664279 11.635308 -18.022938 6.063178 -2.480779 16.832001 5.094370 -1.960204
9.336628 -6.052595 9.775329 -15.729250 9.985150 -6.839767 16.504963 6.837309 -2.988100 -17.813076 -8.575317 -5.072664 -29.668755 -4.116595 4.538439 7.764975 -2.664121 9.979495 -16.623745 2.431594 0.994569 -9.300481 -7.893665 11.686593 -18.010431 6.063167 -2.565224 16.645687 5.048984 -2.059034
9.327147 -5.997031 10.148045 -15.707706 9.812587 -6.779002 16.610102 6.916641 -2.938954 -17.899977 -8.509222 -5.033588 -29.744196 -4.150077 4.393931 7.919229 -2.866521 9.844060 -16.601900 2.272758 0.965336 -9.406719 -8.080062 11.692392 -17.982521 6.070567 -2.616360 16.539070 5.043484 -2.105093
9.314213 -5.995964 10.414132 -15.642090 9.670785 -6.770940 16.718075 7.063623 -2.926927 -17.982584 -8.400784 -4.989848 -29.896080 -4.237583 4.265663 7.969365 -3.001625 9.715518 -16.595633 2.107393 0.966607 -9.495233 -8.192330 11.650413 -17.924191 6.091498 -2.697916 16.482134 5.047966 -2.126149
9.324264 -6.010514 10.592963 -15.598966 9.564334 -6.754017 16.796032 7.094100 -2.913007 -18.026300 -8.336798 -4.946546 -29.966351 -4.264292 4.174114 8.083554 -3.111759 9.662657 -16.559458 2.111870 1.015448 -9.512543 -8.184704 11.609272 -17.921959 6.098003 -2.763594 16.455292 5.059236 -2.125180
9.338595 -6.000119 10.669839 -15.617747 9.544532 -6.754683 16.795393 7.122666 -2.868706 -18.040779 -8.311596 -4.934375 -29.996029 -4.291252 4.140183 8.098511 -3.155340 9.635511 -16.569435 2.082317 1.020485 -9.533792 -8.216469 11.609942 -17.911171 6.097385 -2.788189 16.437428 5.058292 -2.148274
9.372734 -5.982578 10.920816 -15.554426 9.378816 -6.713107 16.893946 7.249368 -2.887027 -18.151155 -8.227440 -4.886774 -30.091862 -4.355810 4.030977 8.206729 -3.294185 9.509331 -16.547316 1.993416 1.011077 -9.661739 -8.388048 11.616300 -17.830616 6.138566 -2.830407 16.395313 5.093548 -2.207055
9.417438 -6.036797 11.563444 -15.307845 8.837863 -6.620406 17.223793 7.707496 -2.963355 -18.520102 -8.010838 -4.726815 -30.386593 -4.524887 3.716702 8.607241 -3.712821 9.203692 -16.449736 1.788640 1.072247 -10.000580 -8.774429 11.604335 -17.614094 6.297151 -2.998515 16.253151 5.211030 -2.308667
9.461588 -6.320967 12.385120 -14.859735 8.239725 -6.433887 17.550385 8.653069 -2.997076 -18.934784 -7.565516 -4.336209 -31.030766 -4.971823 3.086956 9.088239 -4.488448 8.753756 -16.380480 1.571402 1.111995 -10.649591 -9.441143 11.425368 -17.112183 6.610272 -3.104638 16.291428 5.551069 -2.298783
9.833952 -7.448966 12.749919 -14.715136 7.604522 -6.320752 17.409775 9.732450 -2.376680 -19.452734 -6.901359 -3.590561 -31.863552 -5.839692 2.179474 9.411059 -5.504967 8.166455 -16.568396 1.744841 1.043365 -11.728442 -10.701823 11.436893 -16.298321 7.213201 -2.767117 16.491776 6.277624 -2.362675
10.887789 -7.774743 12.345773 -14.878434 6.558232 -5.651117 17.361555 11.588305 -2.991434 -20.770208 -6.000057 -3.485285 -32.451748 -6.730927 1.331894 9.722215 -6.500285 7.556105 -16.984383 0.933336 0.853994 -12.620473 -11.776705 11.593986 -15.452269 7.740457 -2.112723 16.932339 6.948766 -2.356710
12.399170 -10.110184 10.305959 -14.551025 5.463808 -5.806817 17.123371 13.606551 -3.148411 -22.010332 -4.951824 -4.637484 -33.124306 -6.936354 0.836883 10.500235 -7.488669 8.128661 -16.780403 -0.747548 0.742092 -13.518230 -12.915833 12.041335 -14.292079 8.097720 -2.553864 16.913036 6.800325 -2.533116
9.539387 -11.476553 8.223265 -14.198178 6.540489 -8.221558 15.766367 15.693546 -1.642246 -21.064953 -4.425161 -7.118171 -33.047058 -4.272522 1.018906 14.778224 -7.675082 7.959275 -14.851512 -3.878865 0.185503 -14.493164 -14.306039 12.476419 -13.447115 8.321671 -4.723434 15.372927 5.310102 -2.025054
7.698285 -11.849726 8.763208 -12.282389 8.361909 -9.953095 14.043348 18.056620 -0.521989 -20.159019 -4.122349 -9.012736 -32.467503 -3.620763 2.206403 17.403421 -7.074357 6.343368 -13.200963 -6.919933 -0.673211 -15.565046 -15.702143 13.301703 -12.804425 8.730995 -7.119795 13.308051 3.657511 -1.956363
6.911313 -11.882670 11.390250 -8.055744 8.817080 -10.570892 14.254932 20.543068 -1.394360 -19.937737 -3.566092 -9.828023 -32.120781 -4.835494 3.315529 18.503307 -7.017861 4.106621 -12.417347 -9.978424 -0.852145 -16.281034 -16.807327 14.232718 -12.520650 9.165219 -9.949682 10.629803 1.940145 -2.152478
4.287733 -10.896585 14.137765 -5.848402 9.965892 -11.953287 14.901770 22.947725 -1.353434 -18.744949 -3.299468 -10.229324 -31.059772 -6.667500 3.623342 19.231121 -8.997240 2.581932 -12.998961 -12.172670 -0.628945 -16.492918 -17.531797 14.765347 -11.950608 8.726141 -12.045385 9.094269 0.389545 -2.564205
0.525035 -11.107178 13.182558 -5.919259 10.507671 -12.478231 15.447762 24.438690 -1.494451 -17.579573 -4.493832 -10.092087 -28.900799 -7.620667 3.233750 21.168991 -11.461890 0.387201 -13.244290 -13.047044 -0.227527 -16.802567 -18.260368 14.819104 -10.738093 8.166647 -13.681500 8.729934 -0.578551 -2.738888
-4.604554 -11.632348 11.976619 -6.943336 10.697124 -11.449961 15.457048 24.848690 -1.905197 -17.608339 -5.154544 -9.567288 -26.936152 -8.474927 2.452623 22.367706 -13.423676 -2.577315 -14.166230 -13.977174 0.789365 -17.384172 -18.615122 14.582442 -8.539166 7.672160 -15.286616 9.321290 -0.753360 -3.932920
-7.866241 -12.027681 11.593384 -7.144964 10.860112 -9.725734 15.103500 26.619070 -3.077545 -19.273050 -4.791530 -8.481365 -26.274426 -10.725278 1.697083 20.716511 -14.124847 -5.590417 -15.894605 -15.055529 2.005838 -16.863535 -17.463808 14.082382 -7.610973 7.207165 -16.406303 9.898722 -0.928886 -5.664347
-8.279236 -10.953829 10.440782 -6.691968 12.565818 -6.299442 12.859159 29.376152 -4.867159 -19.677490 -3.709269 -8.118408 -25.119495 -12.878572 1.572148 17.861948 -13.878148 -7.823394 -18.637247 -16.630919 3.275118 -15.700370 -15.542915 12.896979 -8.801044 6.349037 -17.405670 9.808395 -1.099267 -7.741738
-6.299482 -9.478757 8.033834 -6.515197 15.639497 -4.130215 9.849697 31.905794 -5.819885 -19.454966 -3.947924 -8.985181 -22.841314 -13.923977 2.725527 14.544172 -12.633636 -8.406696 -21.337671 -18.269878 4.078548 -13.818370 -13.219732 11.560717 -10.783035 4.917494 -18.321060 9.677483 -1.965683 -9.431207
-4.497556 -7.333253 5.479941 -6.584798 19.045189 -2.801417 6.782846 33.479153 -6.970778 -18.337378 -5.251397 -9.917449 -19.954109 -15.412386 4.534508 11.214191 -11.068200 -8.790576 -23.495754 -19.216511 3.750528 -12.166387 -11.354845 10.190800 -12.500004 2.916396 -19.240852 10.028021 -3.291566 -10.524877
-3.142179 -4.935670 3.430471 -6.482637 21.713375 -2.075972 4.280913 34.982937 -8.102420 -17.117144 -6.641517 -11.015229 -17.154243 -16.062225 5.847371 9.256296 -10.284762 -8.562670 -24.792253 -19.509037 3.376897 -11.033244 -10.136187 9.541402 -13.250319 1.464796 -19.427124 10.659791 -4.024543 -11.078899
-2.180079 -4.276742 1.761983 -6.479154 23.089199 -1.076832 3.040858 35.168964 -8.444694 -15.966394 -7.226767 -11.602981 -15.578559 -16.526852 6.703478 7.891560 -9.548986 -8.272918 -25.409212 -19.433529 3.151446 -10.280049 -9.152286 8.887836 -13.804964 0.529823 -19.445816 11.218672 -4.362071 -11.079918
-1.283768 -3.867521 0.824310 -6.552845 23.693584 -0.987818 2.536840 34.841228 -8.465220 -15.226778 -7.607371 -11.951016 -14.829083 -16.535694 7.073820 7.477322 -9.189087 -7.992589 -25.615782 -19.191261 2.827361 -10.024667 -8.795563 8.627161 -13.899257 0.054550 -19.372633 11.590203 -4.557419 -10.898021
-0.994702 -3.623345 0.592854 -6.613620 23.876251 -1.017993 2.455213 34.696838 -8.468877 -14.995095 -7.748912 -12.157453 -14.478520 -16.492479 7.245707 7.361563 -8.983480 -7.897623 -25.776819 -19.101498 2.813758 -9.979667 -8.771894 8.566743 -13.898752 -0.029364 -19.342148 11.616493 -4.587643 -10.668940
-1.016952 -3.691929 0.487967 -6.584716 23.887299 -0.997720 2.435326 34.699245 -8.504829 -15.017617 -7.703100 -12.147884 -14.494493 -16.535084 7.215635 7.405900 -9.045272 -7.936365 -25.781445 -19.091064 2.819124 -9.970968 -8.726603 8.529625 -13.914957 -0.005845 -19.336311 11.643911 -4.554381 -10.703276
-1.277454 -3.889319 0.249454 -6.445590 23.902454 -1.035173 2.451154 34.862965 -8.766485 -15.181730 -7.504429 -12.097523 -14.453595 -16.761005 7.229229 7.427177 -9.077809 -8.206902 -25.895634 -19.125200 2.965715 -9.937789 -8.525286 8.467265 -13.882997 0.125882 -19.475683 11.691273 -4.445272 -10.831202
-1.620509 -4.202236 0.035268 -6.212550 23.929470 -1.008804 2.455482 35.170269 -9.017808 -15.371603 -7.210766 -12.058208 -14.404796 -16.981918 7.177803 7.560460 -9.110765 -8.599135 -26.112236 -19.166367 3.110446 -9.876127 -8.294203 8.347896 -13.861187 0.256788 -19.682270 11.691221 -4.374403 -10.858047
-2.088499 -4.649503 -0.251353 -5.930902 23.920622 -1.005929 2.560359 35.482983 -9.318831 -15.616259 -6.837704 -12.132188 -14.202044 -17.214703 7.157042 7.820422 -9.128013 -9.108144 -26.466166 -19.225605 3.314471 -9.856093 -8.124571 8.336640 -13.742202 0.507394 -19.792868 11.690061 -4.220119 -10.817917
-2.802706 -5.180771 -0.508598 -5.427449 23.683765 -1.027550 2.925477 35.901951 -9.922565 -16.104816 -6.451895 -12.194795 -14.128448 -17.432835 7.110114 8.287302 -9.231530 -9.526906 -26.558958 -19.188541 3.484594 -9.823074 -7.862566 8.247514 -13.603703 0.771611 -19.994106 11.712479 -4.093196 -10.853388
-3.617230 -5.869145 -0.910169 -4.728527 23.392357 -1.029553 3.419884 36.132710 -10.662919 -16.606497 -5.846068 -12.176783 -14.022511 -17.762157 7.013060 8.637470 -9.200005 -10.207885 -26.921679 -19.119377 3.760112 -9.836753 -7.551477 8.000899 -13.333043 1.163240 -20.342247 11.758733 -3.927085 -10.642975
-4.482280 -6.718692 -1.387008 -3.916387 22.987270 -1.043932 4.065630 36.059113 -11.464211 -16.949375 -5.237591 -12.166953 -14.054049 -18.057755 6.887641 9.108294 -9.248469 -10.864289 -27.076599 -19.132862 4.056655 -9.903105 -7.266015 7.758809 -13.104629 1.552554 -20.642109 11.774062 -3.709468 -10.439121
-5.199275 -7.710659 -1.871718 -3.262222 22.502121 -1.129267 4.810561 35.810215 -12.077046 -17.240412 -4.938752 -12.070432 -13.914329 -18.376034 6.932367 9.349127 -9.091796 -11.467484 -27.187954 -19.015285 4.438416 -10.025278 -6.980722 7.572651 -12.888573 2.207385 -20.962534 11.642378 -3.403795 -10.244186
-6.098105 -8.672215 -2.175090 -2.386170 22.077940 -1.038838 5.645874 35.542522 -12.727588 -17.359325 -4.171248 -11.999395 -13.599060 -18.775982 6.541487 10.275780 -9.565333 -12.361522 -27.549553 -18.704178 4.760122 -10.147344 -6.794031 7.464168 -12.668279 2.792543 -21.194317 11.475200 -3.201334 -9.729948
-7.155971 -9.389842 -2.370725 -1.410423 21.823566 -0.992032 6.397954 35.347748 -13.459528 -17.465969 -3.766088 -12.087555 -12.900178 -18.684278 6.483447 11.126218 -9.602462 -13.322651 -27.722853 -18.563721 5.136862 -10.352674 -6.648587 7.428044 -12.304257 3.498034 -21.522518 11.278944 -2.929854 -9.486307
-8.111897 -9.932200 -2.551107 -0.670783 21.453869 -1.069578 7.186240 35.011581 -14.115281 -17.579500 -3.391902 -11.990222 -12.484824 -18.953579 6.501032 11.565263 -9.490632 -14.268726 -27.760147 -18.474674 5.351955 -10.441653 -6.606951 7.334016 -11.981158 3.843460 -21.899490 11.116811 -2.985316 -9.030048
-9.228735 -10.620829 -2.535647 0.036427 20.919962 -1.090997 7.993699 34.663845 -14.508343 -17.572283 -3.351154 -12.010309 -11.912919 -18.792435 6.653329 12.080174 -9.120887 -15.020808 -27.742899 -18.339016 5.632243 -10.415975 -6.408043 7.171335 -11.837499 4.068811 -22.330963 10.894316 -3.075919 -8.607380
-10.148211 -10.686451 -2.381143 0.423475 20.787405 -1.019093 8.637106 34.213009 -14.838301 -17.346951 -3.445249 -11.997682 -11.009147 -18.488930 6.849506 13.084536 -8.756323 -16.282564 -27.549593 -18.274487 5.802538 -10.435584 -6.314250 7.008646 -11.576854 4.180025 -22.595228 10.873723 -3.181379 -8.015860
-10.935431 -10.336708 -2.022142 0.675405 20.910065 -0.883871 9.048813 33.918903 -15.209515 -17.195807 -3.779114 -12.154861 -9.886847 -18.237255 7.205006 14.013243 -8.521365 -17.211781 -27.447136 -18.195389 6.087525 -10.444188 -6.175651 6.756750 -11.192470 4.361541 -22.906693 10.909775 -3.221952 -7.297465
-11.450836 -10.033114 -1.717700 0.973983 21.021425 -0.640808 9.354242 33.756607 -15.670074 -17.189444 -3.887669 -12.249833 -9.282504 -17.973682 7.389664 14.770826 -8.304368 -17.884333 -27.354269 -18.181698 6.275176 -10.432973 -6.105987 6.555192 -10.893413 4.401839 -23.172215 10.983479 -3.323628 -6.775316
-11.925125 -9.459217 -1.528776 1.038681 21.326744 -0.506994 9.538435 33.456928 -16.120430 -17.068789 -4.350123 -12.429654 -8.546956 -17.446568 7.751348 15.719366 -7.972016 -18.465504 -26.972164 -18.142435 6.335292 -10.472343 -6.188257 6.312708 -10.622132 4.319142 -23.373581 11.068007 -3.452849 -6.209908
-12.205904 -8.905243 -1.339871 0.921258 21.682928 -0.384898 9.492889 33.339680 -16.310183 -16.925293 -4.747008 -12.608504 -8.007133 -17.130873 8.046812 16.250772 -7.782895 -18.653828 -26.744823 -18.049496 6.398043 -10.517435 -6.233072 6.142453 -10.366269 4.394436 -23.534643 11.095537 -3.528396 -5.630536
-12.473660 -8.586905 -1.316256 1.021521 22.007168 -0.389261 9.460893 33.230556 -16.509651 -16.754675 -4.880993 -12.658771 -7.780568 -16.911461 8.050658 16.700308 -7.793090 -18.775320 -26.646788 -17.940275 6.355368 -10.505848 -6.238403 6.016609 -10.218740 4.343090 -23.631252 11.162374 -3.646150 -5.288844
-12.610695 -8.372057 -1.258813 1.110019 22.120895 -0.438525 9.470095 33.140041 -16.615959 -16.675661 -4.980797 -12.699588 -7.566670 -16.720051 8.062398 17.029413 -7.768637 -18.899488 -26.601467 -17.848024 6.339728 -10.531574 -6.297739 5.976120 -10.122705 4.312923 -23.682613 11.189364 -3.704720 -5.165099
-12.647451 -8.280752 -1.255311 1.080914 22.194309 -0.470582 9.439090 33.053757 -16.596132 -16.613895 -4.986964 -12.680881 -7.514327 -16.685070 8.038459 17.158468 -7.798602 -18.966423 -26.569803 -17.781174 6.372173 -10.519384 -6.278143 5.925543 -10.098269 4.301552 -23.707020 11.198264 -3.720119 -5.063854
-12.648488 -8.281963 -1.249679 1.092617 22.186926 -0.469124 9.446181 33.059910 -16.604757 -16.618893 -4.988445 -12.681643 -7.515488 -16.680407 8.036699 17.162500 -7.792541 -18.968407 -26.569614 -17.778505 6.371951 -10.514070 -6.267857 5.926665 -10.099486 4.298444 -23.709507 11.202051 -3.721169 -5.053622
-12.646509 -8.281631 -1.252864 1.086092 22.191366 -0.467707 9.442526 33.053539 -16.598997 -16.616142 -4.989959 -12.681254 -7.514348 -16.681210 8.036675 17.160681 -7.799063 -18.963337 -26.569777 -17.781010 6.366561 -10.512011 -6.267528 5.929288 -10.100113 4.300566 -23.711197 11.200422 -3.722821 -5.057869
-12.646555 -8.281549 -1.252842 1.086067 22.191387 -0.467839 9.442463 33.053730 -16.598957 -16.616205 -4.989959 -12.681254 -7.514348 -16.681210 8.036675 17.160681 -7.799063 -18.963337 -26.569777 -17.781010 6.366561 -10.512011 -6.267528 5.929288 -10.100113 4.300566 -23.711197 11.200422 -3.722821 -5.057869
-12.646555 -8.281549 -1.252842 1.086067 22.191387 -0.467839 9.442463 33.053730 -16.598957 -16.616205 -4.989959 -12.681254 -7.514348 -16.681210 8.036675 17.160681 -7.799063 -18.963337 -26.569777 -17.781010 6.366561 -10.512011 -6.267528 5.929288 -10.100113 4.300566 -23.711197 11.200422 -3.722821 -5.057869
-12.646555 -8.281549 -1.252842 1.086067 22.191387 -0.467839 9.442463 33.053730 -16.598957 -16.616205 -4.989959 -12.681254 -7.514348 -16.681210 8.036675 17.160681 -7.799063 -18.963337 -26.569777 -17.781010 6.366878 -10.511477 -6.267556 5.929633 -10.099764 4.300900 -23.711109 11.200142 -3.722786 -5.058220
-12.646555 -8.281549 -1.252842 1.086067 22.191387 -0.467839 9.442463 33.053730 -16.598957 -16.616205 -4.989959 -12.681254 -7.514348 -16.681210 8.036675 17.160681 -7.799063 -18.963337 -26.569777 -17.781010 6.366878 -10.511477 -6.267556 5.929633 -10.099764 4.300900 -23.711109 11.200142 -3.722786 -5.058220
-12.646555 -8.281549 -1.252842 1.086067 22.191387 -0.467839 9.442463 33.053730 -16.598957 -16.616205 -4.989959 -12.681254 -7.514348 -16.681210 8.036675 17.160681 -7.799063 -18.963337 -26.569777 -17.781010 6.366878 -10.511477 -6.267556 5.929633 -10.099764 4.300900 -23.711109 11.200142 -3.722786 -5.058220
-12.646555 -8.281549 -1.252842 1.086067 22.191387 -0.467839 9.442463 33.053730 -16.598957 -16.616205 -4.989959 -12.681254 -7.514348 -16.681210 8.036675 17.160681 -7.799063 -18.963337 -26.569777 -17.781010 6.366878 -10.511477 -6.267556 5.929633 -10.099764 4.300900 -23.711109 11.200142 -3.722786 -5.058220
-12.649693 -8.281913 -1.254718 1.081608 22.190842 -0.469802 9.442303 33.052570 -16.597109 -16.616137 -4.989597 -12.682425 -7.513216 -16.682652 8.036225 17.161495 -7.801159 -18.963520 -26.570286 -17.780319 6.366656 -10.511387 -6.267277 5.929373 -10.099934 4.301072 -23.711227 11.200003 -3.722756 -5.058168
-12.648878 -8.279970 -1.250552 1.082118 22.191193 -0.467555 9.440611 33.053661 -16.595875 -16.618433 -4.993253 -12.686288 -7.512018 -16.685301 8.029511 17.162638 -7.797725 -18.961363 -26.569857 -17.780218 6.367507 -10.508752 -6.268124 5.928293 -10.098626 4.302388 -23.709846 11.200279 -3.722537 -5.057262
-12.648878 -8.279970 -1.250552 1.082118 22.191193 -0.467555 9.440611 33.053661 -16.595875 -16.618433 -4.993253 -12.686288 -7.512018 -16.685301 8.029511 17.162638 -7.797725 -18.961363 -26.569857 -17.780218 6.367507 -10.508752 -6.268124 5.928293 -10.098626 4.302388 -23.709846 11.200279 -3.722537 -5.057262
-12.648380 -8.281181 -1.246636 1.085487 22.181133 -0.460472 9.447462 33.057426 -16.602032 -16.623522 -4.993353 -12.685674 -7.513694 -16.685421 8.029150 17.159473 -7.795436 -18.961004 -26.574068 -17.780197 6.363564 -10.509714 -6.267198 5.926241 -10.091300 4.303071 -23.711060 11.207263 -3.720521 -5.057535
-12.647040 -8.280174 -1.247045 1.082231 22.186035 -0.464538 9.442034 33.056511 -16.598391 -16.621763 -4.994831 -12.688149 -7.511843 -16.686203 8.026199 17.159103 -7.791589 -18.957966 -26.571871 -17.780418 6.365861 -10.504098 -6.267953 5.926371 -10.088945 4.303542 -23.709356 11.205710 -3.721422 -5.062049
-12.647040 -8.280174 -1.247045 1.082231 22.186035 -0.464538 9.442034 33.056511 -16.598391 -16.621763 -4.994831 -12.688149 -7.511843 -16.686203 8.026199 17.159103 -7.791589 -18.957966 -26.571871 -17.780418 6.365861 -10.504098 -6.267953 5.926371 -10.088945 4.303542 -23.709356 11.205710 -3.721422 -5.062049
-5.480566 -1.553249 -0.056372 -1.137515 14.790490 -1.333332 16.380814 25.799435 -23.793922 -19.937941 0.820477 -8.090153 -13.765133 -9.128503 10.508630 13.427858 -3.714617 -19.651802 -30.085943 -16.471771 6.371125 -8.487874 -6.099119 3.321805 -10.329951 11.933525 -19.457304 11.623403 3.742991 -8.111367
-5.480566 -1.553249 -0.056372 -1.137515 14.790490 -1.333332 16.380814 25.799435 -23.793922 -19.937941 0.820477 -8.090153 -13.765133 -9.128503 10.508630 13.427858 -3.714617 -19.651802 -30.085943 -16.471771 6.371125 -8.487874 -6.099119 3.321805 -10.329951 11.933525 -19.457304 11.623403 3.742991 -8.111367
-5.480566 -1.553249 -0.056372 -1.137515 14.790490 -1.333332 16.380814 25.799435 -23.793922 -19.937941 0.820477 -8.090153 -13.765133 -9.128503 10.508630 13.427858 -3.714617 -19.651802 -30.085943 -16.471771 6.371125 -8.487874 -6.099119 3.321805 -10.329951 11.933525 -19.457304 11.623403 3.742991 -8.111367
-5.480566 -1.553249 -0.056372 -1.137515 14.790490 -1.333332 16.380814 25.799435 -23.793922 -19.937941 0.820477 -8.090153 -13.765133 -9.128503 10.508630 13.427858 -3.714617 -19.651802 -30.085943 -16.471771 6.371125 -8.487874 -6.099119 3.321805 -10.329951 11.933525 -19.457304 11.623403 3.742991 -8.111367
-5.480566 -1.553249 -0.056372 -1.137515 14.790490 -1.333332 16.380814 25.799435 -23.793922 -19.937941 0.820477 -8.090153 -13.765133 -9.128503 10.508630 13.427858 -3.714617 -19.651802 -30.085943 -16.471771 6.371125 -8.487874 -6.099119 3.321805 -10.329951 11.933525 -19.457304 11.623403 3.742991 -8.111367
-6.211326 -1.568919 1.065872 -0.317589 15.674134 -1.562632 15.978060 25.398666 -22.349670 -20.475523 -0.410063 -11.635680 -13.705518 -9.924517 6.273993 14.445119 -0.093005 -17.269238 -29.181589 -16.443897 5.941511 -12.630662 -5.164483 3.888351 -12.701737 10.465224 -20.422745 11.831646 3.087245 -7.005444
-6.202407 -2.104772 0.981891 -0.109350 15.613029 -1.977856 15.868477 25.389019 -22.053707 -20.537210 -0.330235 -12.101911 -13.742995 -9.789777 6.147750 14.520906 0.427593 -16.948193 -29.079325 -16.628895 6.015467 -12.412576 -5.189750 3.819572 -12.625632 10.119024 -20.549458 11.816605 2.862962 -6.880739
-6.283388 -2.234774 0.842098 0.045523 15.885742 -1.520797 15.778784 25.371161 -22.071014 -20.488970 -0.344415 -12.197839 -13.677958 -9.738209 6.161239 14.526828 0.547147 -16.859940 -29.101748 -16.534363 6.124593 -12.593348 -5.088051 3.908687 -12.862811 10.044373 -20.560202 11.752325 2.883756 -6.867997
-6.212928 -2.207647 0.811774 0.031981 15.903905 -1.560503 15.771327 25.382809 -22.075741 -20.493074 -0.368924 -12.178714 -13.666797 -9.708945 6.214387 14.527593 0.443263 -16.858152 -29.128754 -16.504015 6.136687 -12.643291 -5.080350 3.920189 -12.876497 10.106132 -20.577879 11.740473 2.915952 -6.834362
-6.194520 -2.215864 0.805049 0.043023 15.895411 -1.570724 15.760515 25.384537 -22.084414 -20.506453 -0.398273 -12.173106 -13.659472 -9.698403 6.199054 14.538735 0.419261 -16.843920 -29.129015 -16.524731 6.165302 -12.658950 -5.085163 3.928973 -12.876690 10.145794 -20.602245 11.711246 2.939685 -6.820857
-6.194235 -2.216090 0.804438 0.043195 15.895141 -1.571614 15.760798 25.384726 -22.084621 -20.506594 -0.398578 -12.173265 -13.659543 -9.697958 6.199002 14.539877 0.419019 -16.844349 -29.127932 -16.525093 6.165235 -12.661103 -5.085470 3.928382 -12.877057 10.145495 -20.603365 11.711733 2.939703 -6.819163
-6.188664 -2.216694 0.798766 0.039606 15.898138 -1.573431 15.760030 25.384649 -22.082447 -20.504971 -0.403870 -12.163274 -13.654978 -9.679651 6.221057 14.545779 0.376633 -16.847939 -29.131914 -16.534126 6.164147 -12.663831 -5.085229 3.928416 -12.878776 10.144361 -20.603428 11.712605 2.939529 -6.818795
-6.184133 -2.224844 0.790029 0.045349 15.891567 -1.572575 15.765028 25.373652 -22.089687 -20.507118 -0.398678 -12.173677 -13.658971 -9.698564 6.199856 14.541981 0.417608 -16.844517 -29.125681 -16.525240 6.167308 -12.660791 -5.086029 3.930311 -12.875531 10.144892 -20.603466 11.710907 2.939439 -6.819883
-6.184258 -2.225092 0.789849 0.045517 15.891717 -1.572848 15.764768 25.374184 -22.089573 -20.507032 -0.399278 -12.175082 -13.657454 -9.697417 6.199907 14.544461 0.415741 -16.843277 -29.125158 -16.524641 6.167231 -12.660711 -5.085069 3.929516 -12.876462 10.144327 -20.603638 11.711411 2.939534 -6.819425
-6.184315 -2.221326 0.766760 0.030559 15.892278 -1.579117 15.781902 25.379278 -22.098492 -20.477531 -0.387499 -12.159593 -13.656884 -9.671172 6.252839 14.543780 0.362435 -16.849178 -29.131342 -16.524595 6.158718 -12.655236 -5.084270 3.932290 -12.875599 10.132110 -20.592516 11.720551 2.932109 -6.827965
-6.201482 -2.210991 0.776524 0.021335 15.896645 -1.568697 15.788879 25.377296 -22.095072 -20.470655 -0.358046 -12.166458 -13.661594 -9.693421 6.251455 14.523205 0.419907 -16.856194 -29.129711 -16.512398 6.146886 -12.655887 -5.085825 3.926227 -12.876237 10.117360 -20.586525 11.732475 2.926250 -6.830075
-6.202091 -2.210861 0.777036 0.021458 15.896270 -1.568636 15.789100 25.377337 -22.095036 -20.470709 -0.359038 -12.167402 -13.660857 -9.695040 6.249961 14.522793 0.420931 -16.853893 -29.129854 -16.512859 6.147798 -12.655376 -5.085209 3.927064 -12.875991 10.118449 -20.586441 11.732574 2.926758 -6.830471
-6.202055 -2.210626 0.777136 0.021286 15.896265 -1.568419 15.789139 25.377234 -22.095074 -20.470722 -0.359038 -12.167402 -13.660857 -9.695040 6.249961 14.522793 0.420931 -16.853893 -29.129854 -16.512859 6.147798 -12.655376 -5.085209 3.927064 -12.875991 10.118449 -20.586441 11.732574 2.926758 -6.830471
-6.202055 -2.210626 0.777136 0.021286 15.896265 -1.568419 15.789139 25.377234 -22.095074 -20.470722 -0.359038 -12.167402 -13.660857 -9.695040 6.249961 14.522793 0.420931 -16.853893 -29.129854 -16.512859 6.147485 -12.655881 -5.085184 3.926715 -12.876332 10.118121 -20.586525 11.732847 2.926730 -6.830125
-6.202055 -2.210626 0.777136 0.021286 15.896265 -1.568419 15.789139 25.377234 -22.095074 -20.470722 -0.359038 -12.167402 -13.660857 -9.695040 6.249961 14.522793 0.420931 -16.853893 -29.129854 -16.512859 6.147798 -12.655376 -5.085209 3.927064 -12.875991 10.118449 -20.586441 11.732574 2.926758 -6.830471
-6.195289 -2.211869 0.767748 0.018031 15.897209 -1.572645 15.790590 25.380264 -22.096878 -20.466154 -0.352610 -12.152651 -13.670166 -9.667745 6.289934 14.535470 0.364844 -16.867832 -29.132517 -16.514429 6.162943 -12.652587 -5.084209 3.933075 -12.873901 10.136085 -20.593094 11.717364 2.933704 -6.827939
-6.195289 -2.211869 0.767748 0.018031 15.897209 -1.572645 15.790590 25.380264 -22.096878 -20.466154 -0.352146 -12.152659 -13.670337 -9.667447 6.290988 14.535459 0.364767 -16.868105 -29.132551 -16.513725 6.162743 -12.654969 -5.084167 3.932717 -12.874949 10.135859 -20.593733 11.717965 2.933954 -6.826925
-6.195289 -2.211869 0.767748 0.018031 15.897209 -1.572645 15.790590 25.380264 -22.096878 -20.466154 -0.352146 -12.152659 -13.670337 -9.667447 6.290988 14.535459 0.364767 -16.868105 -29.132551 -16.513725 6.163062 -12.654428 -5.084196 3.933061 -12.874596 10.136196 -20.593643 11.717684 2.933991 -6.827278
-6.183444 -2.218135 0.769520 0.028456 15.895260 -1.580642 15.779741 25.377962 -22.094387 -20.479450 -0.388257 -12.155967 -13.654471 -9.668427 6.254472 14.542718 0.362404 -16.850700 -29.131533 -16.533184 6.159907 -12.656157 -5.084485 3.931155 -12.874751 10.132423 -20.594143 11.720344 2.933383 -6.827941
-6.183483 -2.218369 0.769420 0.028627 15.895267 -1.580858 15.779704 25.378063 -22.094351 -20.479439 -0.388257 -12.155967 -13.654471 -9.668427 6.254472 14.542718 0.362404 -16.850700 -29.131533 -16.533184 6.159907 -12.656157 -5.084485 3.931155 -12.874751 10.132423 -20.594143 11.720344 2.933383 -6.827941
-6.183483 -2.218369 0.769420 0.028627 15.895267 -1.580858 15.779704 25.378063 -22.094351 -20.479439 -0.388257 -12.155967 -13.654471 -9.668427 6.254472 14.542718 0.362404 -16.850700 -29.131533 -16.533184 6.159587 -12.656699 -5.084456 3.930811 -12.875104 10.132087 -20.594233 11.720625 2.933345 -6.827588
