2.006379 -18.788702 8.575126 -3.827006 20.482082 -8.461493 11.398645 15.528844 -2.311029 6.621966 -11.722327 -2.889162 -17.164074 -21.553226 15.367734 8.504564 -4.619020 -1.289098 -10.017268 10.895155 3.317480 10.238820 -1.580635 8.423855 -13.335615 10.235440 -8.709853 13.522097 6.565020 -5.381544
2.394584 -18.713820 8.888451 -3.441638 20.556190 -8.396617 11.920101 15.255399 -2.364656 6.958539 -11.569502 -2.985582 -16.855076 -21.688705 15.547028 8.704597 -4.805355 -1.285768 -10.121236 11.335901 3.446554 10.455636 -1.242338 8.419710 -13.218813 10.265113 -8.956647 13.533104 6.446986 -5.675031
3.278275 -18.358164 9.390248 -2.917306 20.905239 -8.229518 12.369223 14.677811 -2.465938 7.608414 -11.450437 -3.167371 -16.062366 -21.876774 15.907874 9.024090 -4.915883 -1.338702 -10.304811 12.229479 3.681045 10.892079 -0.685271 8.424256 -13.095431 10.301838 -9.341515 13.487230 6.236748 -6.124801
4.839170 -18.064562 10.171749 -2.195085 21.320160 -7.621001 12.595568 13.616625 -2.510053 8.336315 -11.500132 -3.328152 -14.953531 -21.968292 16.132641 9.550817 -4.732994 -1.536013 -10.395619 13.531109 3.989187 11.586496 0.246591 8.362720 -13.071979 10.345259 -9.781535 13.369149 5.885616 -6.497120
5.996847 -17.436928 10.165425 -1.695766 22.280739 -7.038193 12.029345 12.126650 -2.655054 8.877045 -11.774092 -3.436362 -13.596492 -22.190493 16.149296 10.298965 -4.942456 -1.538566 -10.493979 15.386919 4.190353 12.317117 1.103285 8.154885 -13.478993 10.276577 -9.963349 13.090176 5.539191 -6.497436
5.597128 -17.173937 9.571757 -1.459904 23.087191 -7.066515 11.738005 10.818479 -2.832302 9.372494 -12.334877 -3.632158 -12.111753 -22.257462 16.403761 10.481676 -4.583852 -2.156975 -10.917624 16.017544 4.271305 13.275292 1.789977 7.743019 -14.098025 9.968556 -9.870549 12.897764 5.144541 -6.358617
4.645266 -16.870298 9.151297 -1.220598 23.766033 -6.855573 11.539062 9.834146 -3.271597 9.626957 -13.357979 -3.630662 -10.832493 -21.506645 16.914410 10.119468 -2.850209 -3.582377 -11.320720 14.894002 4.221232 14.167966 2.194932 7.052564 -14.764400 9.593634 -9.704070 12.921273 4.840038 -5.774052
3.724535 -16.686487 8.785708 -1.085876 24.376217 -6.407966 11.316827 8.898886 -3.723993 9.730186 -14.047966 -3.566047 -9.744396 -20.873211 17.521797 9.824421 -1.079727 -4.900089 -11.730222 14.017241 4.194588 14.932355 2.367873 6.768672 -15.348451 9.284260 -9.469464 12.777498 4.589099 -5.490941
3.089771 -16.581823 8.221354 -1.142517 24.959213 -6.070284 10.855072 8.300756 -4.112757 9.693365 -14.475217 -3.490084 -9.035825 -20.441523 17.874365 9.631960 0.111536 -5.721544 -11.921958 13.561365 4.203233 15.289163 2.448436 6.623405 -15.812997 9.125095 -9.329519 12.550451 4.450396 -5.217394
2.780374 -16.611952 7.879693 -1.217676 25.214628 -5.896569 10.634235 7.958243 -4.258626 9.656890 -14.645409 -3.376217 -8.674671 -20.171158 18.089123 9.659389 0.720370 -6.202835 -11.967444 13.513576 4.189996 15.552199 2.488180 6.574750 -16.131489 8.959360 -9.234045 12.410823 4.328564 -5.104784
2.698519 -16.647425 7.672590 -1.250323 25.351145 -5.833847 10.575518 7.744675 -4.315021 9.699465 -14.764431 -3.355206 -8.460313 -20.099352 18.190763 9.585193 1.016951 -6.294889 -11.989493 13.503418 4.205655 15.683714 2.526701 6.550145 -16.273724 8.891949 -9.188058 12.340305 4.279179 -5.033736
2.026884 -16.879030 6.348425 -1.490823 25.960585 -5.862100 10.422846 6.498396 -4.721487 9.970486 -15.471622 -3.328535 -7.324132 -19.739590 18.546911 9.316727 2.325147 -6.585873 -12.050628 13.742313 4.249660 16.107208 2.596704 6.416434 -16.993607 8.581479 -8.875619 11.955993 4.033290 -4.605836
0.824905 -16.714575 3.691052 -2.322698 27.386330 -6.211133 9.583062 5.141992 -5.225769 10.373215 -16.634111 -2.811314 -6.068297 -18.444973 19.350590 9.065422 4.482682 -7.340550 -11.788907 14.237652 4.440706 16.435644 2.785334 6.293688 -18.098145 8.182903 -8.256543 11.331249 3.660322 -3.900064
-1.499893 -16.113958 1.103510 -2.911792 28.840336 -8.835564 8.263613 4.047832 -5.741989 10.071831 -19.189064 -1.208171 -5.105086 -15.888297 19.828289 8.762638 7.101516 -8.091711 -11.168412 14.736412 4.262938 16.745163 2.943899 5.880062 -19.621889 7.812439 -7.659738 10.470131 3.342192 -2.682386
-5.153256 -14.051388 -1.931195 -5.068265 31.009943 -16.999674 7.099748 1.221755 -4.456368 10.882278 -23.366268 0.117595 -4.783074 -14.452092 16.965076 8.835024 9.920722 -7.587293 -10.205029 15.840609 3.698374 18.382006 1.479608 3.786638 -20.948078 6.534419 -6.115987 10.108997 2.600511 -2.387314
-7.144074 -10.909021 -4.546180 -8.248257 34.567703 -22.329161 4.397188 -1.125594 -1.631907 10.881071 -27.921638 1.674934 -5.581490 -13.997235 11.883868 8.889051 12.199156 -5.504096 -8.487980 17.137358 3.263205 18.753698 -1.038013 0.776813 -21.620380 4.576721 -3.997643 11.017498 1.592706 -2.350177
-6.500566 -10.702932 -3.279079 -8.501083 34.976860 -20.439219 -0.544592 -1.644803 0.403773 6.120001 -32.192295 3.333837 -7.087873 -13.376933 6.237017 8.514038 13.224265 -3.535557 -7.448592 16.158506 3.213531 17.695057 -3.875882 -1.596135 -22.169849 3.265487 -2.596119 11.797986 1.265205 -1.945110
-5.799828 -10.643237 -3.596478 -10.244842 35.826523 -19.653074 -4.723097 -1.001729 1.936443 2.808552 -35.552425 4.859147 -9.803335 -12.239391 2.068209 8.016512 11.966037 -1.091239 -6.228018 14.771051 2.560799 16.585194 -6.777536 -3.150861 -22.110126 2.672195 -1.872622 12.113146 1.299126 -1.805898
-6.053959 -10.074623 -2.261165 -11.731860 35.505405 -20.024492 -6.559203 -0.447688 3.789384 0.638120 -37.447262 5.760886 -11.453598 -11.143920 0.662424 6.778306 11.688451 0.888202 -5.342939 14.006346 2.115826 15.702020 -8.667501 -4.437291 -21.333225 2.685632 -1.351481 12.840599 1.977971 -0.647468
-5.826797 -10.352937 -0.954836 -11.540380 34.645599 -20.102190 -7.726085 -0.150632 4.601738 -0.889127 -37.970768 6.007765 -12.785991 -10.586644 0.150552 5.902830 11.837866 2.077377 -4.839149 13.763191 1.635932 14.758307 -9.883030 -4.989826 -20.834850 2.733029 -1.143261 13.399895 2.394799 -0.132724
-5.750188 -10.456457 -0.900027 -11.553135 34.517715 -20.071611 -7.829113 -0.155096 4.676833 -1.047607 -38.003979 6.023232 -12.899559 -10.516829 0.118546 5.813906 11.843614 2.171129 -4.812523 13.723549 1.569700 14.650699 -9.994660 -5.064689 -20.811958 2.716056 -1.112095 13.464190 2.424977 -0.027890
-6.256425 -10.183487 -1.246029 -11.759075 34.975433 -19.895182 -7.588300 -0.528965 4.402211 -0.473181 -37.988777 6.099799 -12.357148 -10.529476 0.290002 6.292018 11.849628 1.616168 -4.876779 13.915267 1.723429 15.072377 -9.587089 -4.976161 -21.135160 2.667648 -1.100534 13.208158 2.257789 -0.089204
-6.598291 -10.011834 -2.015475 -11.897616 35.579235 -19.940481 -7.156665 -1.120725 3.962502 0.120476 -37.720371 6.061250 -11.626094 -10.694485 0.577881 6.997049 11.907389 0.843417 -5.015140 14.265234 1.988333 15.647370 -8.972729 -4.671868 -21.593601 2.605794 -1.060140 12.813844 2.024837 -0.230314
-5.970855 -10.261466 -3.145259 -11.374407 36.048717 -19.846846 -6.391784 -1.661265 3.008997 1.240747 -37.199753 5.930285 -10.837234 -10.926681 0.939921 7.944654 12.275601 -0.396791 -5.221866 14.514318 2.264697 16.368031 -7.922875 -4.032491 -22.213575 2.438163 -1.088553 12.354568 1.594038 -0.544110
-5.633093 -10.593843 -3.644369 -10.373376 36.445408 -19.736429 -5.666007 -2.245908 2.330138 2.019169 -36.341293 5.495201 -9.816340 -11.507994 1.505757 8.873322 12.833256 -1.737883 -5.567949 15.060040 2.461052 17.011721 -6.974957 -3.506939 -22.717228 2.459679 -1.190412 11.947246 1.210338 -0.932578
-6.532065 -10.519552 -2.933285 -8.921021 36.657631 -19.556192 -4.372888 -3.011730 1.399053 2.669418 -35.650532 4.969594 -8.183897 -12.228240 2.554024 9.362977 13.625677 -2.693052 -5.991782 15.846730 2.958477 17.815945 -5.634651 -2.966514 -22.859039 2.596397 -1.293427 11.841842 0.963834 -1.030030
-6.958071 -10.348352 -2.660404 -8.118526 36.830074 -19.693193 -2.671348 -3.769246 0.960694 3.774342 -34.342476 4.182412 -6.686183 -12.863630 4.370816 9.503632 14.696811 -4.066817 -6.538826 16.262453 3.406329 18.614773 -4.206860 -2.301478 -22.624325 2.933389 -1.412926 11.872069 0.952746 -0.878796
-7.784915 -10.416046 -3.969305 -7.801574 36.954723 -20.604162 -0.570401 -4.282728 0.144619 5.591453 -32.888294 3.139831 -5.292936 -13.303061 6.525019 9.330860 16.176996 -5.412496 -7.179517 16.388721 3.686764 19.323351 -2.813382 -1.514494 -22.336531 3.370032 -1.484003 11.815821 0.975067 -0.603224
-8.962616 -10.530920 -5.633534 -8.126203 37.209312 -21.792089 1.017398 -4.616943 -0.704324 7.255032 -31.960594 2.292087 -4.614575 -13.501805 8.017848 8.951948 17.336004 -6.105678 -7.448073 16.576149 3.876474 19.839102 -1.655566 -0.723535 -22.066744 3.700072 -1.736698 11.733320 0.953164 -0.521158
-9.132170 -10.674473 -6.221296 -8.013982 37.224937 -22.176798 1.814109 -4.737250 -1.024992 7.961645 -31.364471 1.774454 -4.339424 -13.760511 8.706598 8.744944 17.581570 -6.364065 -7.631107 16.579958 3.977471 20.127909 -1.095484 -0.322464 -22.025873 3.769547 -1.845374 11.626577 0.828994 -0.756615
-9.085931 -10.698740 -6.206784 -7.990105 37.171799 -22.229567 1.937209 -4.751581 -1.021056 8.058335 -31.308107 1.727221 -4.319118 -13.787399 8.759870 8.717018 17.596638 -6.381487 -7.655468 16.538883 3.971301 20.134401 -1.068194 -0.325299 -22.023308 3.779272 -1.850136 11.636621 0.824779 -0.742068
-9.085931 -10.698740 -6.206784 -7.990105 37.171799 -22.229567 1.937209 -4.751581 -1.021056 8.058335 -31.308107 1.727221 -4.319118 -13.787399 8.759870 8.717018 17.596638 -6.381487 -7.655468 16.538883 3.971301 20.134401 -1.068194 -0.325299 -22.023308 3.779272 -1.850136 11.636621 0.824779 -0.742068
-9.085931 -10.698740 -6.206784 -7.990105 37.171799 -22.229567 1.937209 -4.751581 -1.021056 8.058335 -31.308107 1.727221 -4.319118 -13.787399 8.759870 8.717018 17.596638 -6.381487 -7.655468 16.538883 3.971301 20.134401 -1.068194 -0.325299 -22.023308 3.779272 -1.850136 11.636621 0.824779 -0.742068
-9.085931 -10.698740 -6.206784 -7.990105 37.171799 -22.229567 1.937209 -4.751581 -1.021056 8.058335 -31.308107 1.727221 -4.319118 -13.787399 8.759870 8.717018 17.596638 -6.381487 -7.655468 16.538883 3.971301 20.134401 -1.068194 -0.325299 -22.023308 3.779272 -1.850136 11.636621 0.824779 -0.742068
-9.085931 -10.698740 -6.206784 -7.990105 37.171799 -22.229567 1.937209 -4.751581 -1.021056 8.058335 -31.308107 1.727221 -4.319118 -13.787399 8.759870 8.717018 17.596638 -6.381487 -7.655468 16.538883 3.971301 20.134401 -1.068194 -0.325299 -22.023308 3.779272 -1.850136 11.636621 0.824779 -0.742068
-9.085931 -10.698740 -6.206784 -7.990105 37.171799 -22.229567 1.937209 -4.751581 -1.021056 8.058335 -31.308107 1.727221 -4.319118 -13.787399 8.759870 8.717018 17.596638 -6.381487 -7.655468 16.538883 3.971301 20.134401 -1.068194 -0.325299 -22.023308 3.779272 -1.850136 11.636621 0.824779 -0.742068
-9.085931 -10.698740 -6.206784 -7.990105 37.171799 -22.229567 1.937209 -4.751581 -1.021056 8.058335 -31.308107 1.727221 -4.319118 -13.787399 8.759870 8.717018 17.596638 -6.381487 -7.655468 16.538883 3.971301 20.134401 -1.068194 -0.325299 -22.023308 3.779272 -1.850136 11.636621 0.824779 -0.742068
-10.550570 -13.566856 -7.304009 -8.554032 38.378067 -10.464073 1.226353 -2.645180 -2.343704 11.239635 -28.047113 5.084486 -5.144392 -5.131156 23.328968 12.965994 8.770951 -9.437411 -4.794725 18.130842 1.487493 15.598876 1.058148 2.405632 -26.205740 7.579189 -4.208710 8.377719 3.380812 -0.167580
-10.550570 -13.566856 -7.304009 -8.554032 38.378067 -10.464073 1.226353 -2.645180 -2.343704 11.239635 -28.047113 5.084486 -5.144392 -5.131156 23.328968 12.965994 8.770951 -9.437411 -4.794725 18.130842 1.487493 15.598876 1.058148 2.405632 -26.205740 7.579189 -4.208710 8.377719 3.380812 -0.167580
-10.550570 -13.566856 -7.304009 -8.554032 38.378067 -10.464073 1.226353 -2.645180 -2.343704 11.239635 -28.047113 5.084486 -5.144392 -5.131156 23.328968 12.965994 8.770951 -9.437411 -4.794725 18.130842 1.487493 15.598876 1.058148 2.405632 -26.205740 7.579189 -4.208710 8.377719 3.380812 -0.167580
-9.022875 -12.667318 -7.614958 -7.905432 36.709915 -13.944784 1.756105 -3.243169 -4.172726 8.815563 -27.087677 5.334060 -6.750318 -9.837805 18.403002 8.593094 11.197574 -8.289208 -8.057323 20.063818 3.258958 17.658405 -0.238380 1.353813 -24.455746 5.377599 -5.046076 8.672131 2.395911 0.613510
-9.189465 -12.659585 -7.723489 -7.975605 36.429951 -14.135019 2.046255 -3.223308 -4.413583 8.673530 -27.188736 5.425418 -6.764585 -9.727314 18.371357 8.631174 11.158786 -8.309281 -8.093398 20.040447 3.492743 17.822094 -0.037474 1.373512 -24.583832 5.363348 -5.131034 8.573166 2.485232 0.592149
-9.219326 -12.647825 -7.729158 -7.988383 36.442108 -14.141573 2.057878 -3.227143 -4.411558 8.692276 -27.220360 5.428400 -6.753130 -9.718045 18.355320 8.648166 11.133586 -8.296871 -8.091590 20.023872 3.493773 17.816986 -0.029462 1.375372 -24.588760 5.366597 -5.131577 8.574617 2.490978 0.598523
-9.217026 -12.646770 -7.728992 -7.989091 36.439068 -14.141583 2.059445 -3.227972 -4.413332 8.688927 -27.220013 5.428860 -6.751857 -9.716208 18.354511 8.646811 11.134374 -8.297712 -8.096036 20.023064 3.496070 17.817730 -0.029035 1.376276 -24.587965 5.364842 -5.131977 8.574381 2.490269 0.599721
-9.216415 -12.661659 -7.706958 -7.977060 36.423645 -14.066811 2.057239 -3.218055 -4.427003 8.675239 -27.226347 5.444537 -6.738662 -9.690217 18.395866 8.639069 11.086749 -8.299661 -8.106458 20.028582 3.504668 17.809248 -0.017198 1.378859 -24.596062 5.376611 -5.140713 8.563002 2.499457 0.618873
-9.198355 -12.669717 -7.704917 -7.962323 36.420853 -14.066898 2.048273 -3.215854 -4.427770 8.662915 -27.190769 5.441663 -6.752925 -9.712915 18.396978 8.619854 11.143404 -8.308047 -8.100891 20.032309 3.491194 17.806833 -0.022871 1.378194 -24.595207 5.358293 -5.136735 8.577366 2.486821 0.599170
-9.198355 -12.669717 -7.704917 -7.962323 36.420853 -14.066898 2.048273 -3.215854 -4.427770 8.662915 -27.190769 5.441663 -6.752925 -9.712915 18.396978 8.619854 11.143404 -8.308047 -8.100891 20.032309 3.491194 17.806833 -0.022871 1.378194 -24.595207 5.358293 -5.136735 8.577366 2.486821 0.599170
-9.210285 -12.664641 -7.704902 -7.969452 36.423931 -14.058955 2.051200 -3.217517 -4.429300 8.668304 -27.193193 5.450090 -6.753256 -9.687819 18.427952 8.630653 11.088326 -8.313794 -8.104504 20.043413 3.499610 17.806269 -0.015667 1.382402 -24.595903 5.371281 -5.139642 8.567595 2.494660 0.610495
-9.210285 -12.664641 -7.704902 -7.969452 36.423931 -14.058955 2.051200 -3.217517 -4.429300 8.668304 -27.193193 5.450090 -6.753256 -9.687819 18.427952 8.630653 11.088326 -8.313794 -8.104504 20.043413 3.499610 17.806269 -0.015667 1.382402 -24.595903 5.371281 -5.139642 8.567595 2.494660 0.610495
-9.215609 -12.662655 -7.708607 -7.973730 36.424667 -14.068313 2.052768 -3.218940 -4.428365 8.670716 -27.228977 5.447598 -6.734896 -9.691626 18.392529 8.639120 11.083770 -8.295821 -8.105663 20.023182 3.502410 17.810349 -0.020655 1.375639 -24.594425 5.371695 -5.136945 8.567949 2.496534 0.616429
