-7.450683 -21.822256 2.315188 1.237908 23.728491 -3.872625 11.184008 12.919508 -2.464580 -4.953875 -13.234530 -0.028881 -13.901423 -7.789042 5.197249 7.024967 9.103819 3.256939 -21.593924 -10.805928 9.183096 9.432582 -8.627277 6.439785 -7.787676 0.707543 -18.240009 9.941597 -1.336721 2.234761
-7.729761 -21.845453 2.241523 1.359130 23.759296 -3.854456 11.217648 12.871370 -2.600862 -4.959491 -13.251692 -0.043515 -13.531929 -7.757144 5.392260 7.109741 9.401942 2.904286 -21.693396 -10.719200 9.264281 9.435416 -8.538013 6.321990 -7.769904 0.774725 -18.377449 9.918987 -1.326627 2.339801
-8.255212 -21.881403 2.001038 1.640289 23.958044 -3.821377 11.259521 12.917640 -2.988301 -4.957012 -12.993041 -0.132463 -13.056231 -7.845263 5.612960 7.444283 9.698483 2.204172 -21.935230 -10.765268 9.452515 9.447686 -8.305710 6.083142 -7.683982 0.971450 -18.628939 9.895995 -1.259667 2.605878
-9.253187 -22.176338 2.047691 2.213283 23.788937 -3.509766 11.564342 13.495733 -3.726095 -5.440854 -11.872574 -0.303047 -13.351679 -8.259350 5.189101 8.896642 9.058064 1.464541 -21.730753 -10.973230 9.804029 9.027925 -8.493922 6.015818 -7.077453 1.587164 -19.011215 9.927990 -0.926390 2.153513
-10.924387 -22.900888 1.863014 2.876863 23.373047 -2.908193 12.125098 14.178283 -4.717402 -6.091269 -10.393534 -0.545659 -13.664607 -8.922536 4.710560 10.482812 8.387565 0.404522 -21.764442 -11.449294 10.463911 8.500223 -8.646206 6.153708 -6.284322 2.476395 -19.247189 10.028769 -0.311445 1.715228
-11.886986 -23.478029 1.259441 2.952356 23.085945 -2.445770 12.474642 14.379286 -5.308630 -6.538745 -9.968252 -0.590482 -13.643243 -9.272996 4.634933 10.770474 8.428054 -0.277255 -21.980070 -11.878755 10.968992 8.219144 -8.647131 6.023974 -6.038918 2.830090 -19.626322 9.977220 -0.022797 1.415515
-11.819654 -22.925463 0.134770 2.774080 23.523636 -2.301277 11.960089 15.226835 -5.893058 -6.673267 -9.466239 -0.599810 -13.663697 -9.815694 4.185275 10.973228 7.899641 -1.145760 -22.327482 -12.814746 11.171239 7.957037 -8.792852 5.901876 -6.011782 2.929502 -20.016727 9.771304 0.113053 1.045611
-11.099020 -22.141272 -0.597030 2.544316 23.970968 -2.177511 11.176465 16.433670 -6.083834 -6.760714 -9.160522 -0.719339 -13.440040 -10.214673 3.882582 10.889226 7.662037 -2.021742 -22.799400 -13.866037 11.221846 7.746604 -9.014677 5.846662 -6.088254 2.824856 -20.331558 9.483332 0.108431 0.760850
-10.505161 -21.446722 -0.894866 2.304367 24.373703 -2.249184 10.615597 17.077213 -6.201230 -6.929064 -9.002121 -0.826558 -13.523858 -10.406408 3.656338 10.831659 7.412936 -2.379005 -23.070770 -14.618223 11.210871 7.566868 -9.352494 5.977048 -6.175510 2.737426 -20.337603 9.299781 0.142627 0.507776
-10.143597 -20.906591 -1.021789 2.259036 24.704910 -2.335703 10.249705 17.536606 -6.333568 -6.985462 -9.014717 -0.952921 -13.259134 -10.414331 3.786881 10.785640 7.584032 -2.630807 -23.291803 -14.814732 11.217051 7.633337 -9.309833 5.840057 -6.312188 2.622990 -20.460503 9.236866 0.050939 0.599122
-10.066751 -20.873009 -0.777278 2.233143 24.587299 -2.380941 10.191869 17.774128 -6.226666 -7.160498 -8.930964 -0.969808 -13.431663 -10.472663 3.664562 10.787415 7.367482 -2.530800 -23.316765 -14.983294 11.246699 7.560827 -9.486210 6.016921 -6.227165 2.600158 -20.378622 9.265217 0.096971 0.263909
-9.387934 -21.132858 1.570347 1.927387 23.099957 -2.477050 10.035356 18.854973 -4.689607 -8.106921 -8.076566 -1.100298 -15.690520 -10.854732 2.476471 11.043221 5.224977 -0.716318 -22.842066 -15.845348 11.095541 6.988981 -10.564331 7.160102 -5.652130 2.481163 -19.798141 9.502630 0.408409 -1.707626
-6.440781 -20.817474 5.288903 0.987617 20.661110 -3.505123 9.848559 21.316475 -1.959043 -9.702579 -6.465960 -1.626643 -18.934626 -11.869060 1.124225 10.182131 2.135858 2.227623 -22.308989 -17.470371 10.354270 5.638112 -12.940638 9.300676 -4.757840 2.744257 -18.367540 9.962515 1.159487 -4.844454
-3.349188 -19.424421 8.876011 -1.560944 18.642073 -3.558573 9.588856 22.662201 0.192967 -11.397083 -4.323047 -1.413610 -24.100279 -13.833595 -0.413635 8.673357 -0.295014 5.348667 -21.704233 -18.540691 7.733615 3.307854 -16.272707 11.519464 -5.188474 5.033319 -15.883243 8.674888 2.542156 -5.562971
1.340614 -18.379236 11.523249 -4.350269 12.591919 -9.282776 13.169447 19.783325 1.593617 -15.617098 -1.809654 0.965248 -33.991566 -15.953261 0.949262 3.969912 4.876725 9.100120 -15.516960 -15.362884 0.694411 1.695620 -21.381092 15.972178 -8.415097 8.512580 -12.615075 2.504089 0.514389 -3.207316
1.860099 -17.664499 15.476317 -9.249613 9.820279 -14.813187 15.034631 17.667246 6.465490 -15.473343 -5.491262 5.610847 -37.813217 -16.613672 0.445877 0.791763 5.652556 12.277373 -11.038299 -9.117238 -1.588512 3.226317 -22.158052 19.445765 -10.049891 10.280263 -7.142878 2.300922 1.103330 -3.351210
4.131267 -19.829077 11.979918 -16.278852 10.006219 -11.623789 10.761482 11.666641 9.818410 -16.216274 -9.706841 10.928380 -37.692497 -16.980846 0.802714 0.309946 3.958015 14.119876 -8.592941 -0.356179 1.277667 5.501368 -17.041615 17.854374 -13.551826 12.265389 -1.714046 4.642679 6.058452 1.444526
3.760209 -19.935226 7.159674 -19.600645 12.396492 -9.363842 6.333319 6.610034 8.684070 -17.825960 -15.409531 12.880532 -35.326740 -13.885653 0.391254 2.878942 2.193351 15.030149 -6.138304 2.856080 2.476477 8.421275 -14.210117 16.890905 -17.345667 10.039988 2.433275 6.222912 7.624792 3.790486
3.652586 -19.945702 5.632520 -20.454336 13.180348 -7.413963 4.104044 2.923992 8.382933 -19.290253 -19.888783 13.586204 -33.687313 -9.464804 -0.166460 5.610913 4.113425 14.654140 -4.172792 3.356395 2.350154 10.477173 -12.762453 16.152349 -20.012272 7.401537 4.421866 6.979689 6.986202 5.378487
2.813441 -18.942232 4.763985 -21.296675 13.661982 -7.742121 3.693256 1.294009 7.585497 -19.372805 -22.180851 13.723341 -31.891769 -6.830041 -0.067939 7.019730 5.952746 14.094209 -3.535883 4.170737 2.661773 11.814001 -12.841215 14.736480 -20.842674 6.053892 4.832308 7.209392 6.101852 5.970191
2.765319 -18.795317 4.516912 -21.425339 13.802812 -7.790837 3.605117 0.942043 7.469423 -19.337910 -22.502653 13.705181 -31.649818 -6.481522 -0.013548 7.153119 6.262886 14.031066 -3.449501 4.193368 2.716135 11.987931 -12.804482 14.475696 -20.888027 5.933701 4.870626 7.331067 6.019070 6.124772
2.826575 -18.690483 4.467916 -21.660469 13.789524 -7.762118 3.546980 0.793002 7.497532 -19.365183 -22.829031 13.654063 -31.419327 -6.204264 -0.136915 7.464305 6.164836 14.027509 -3.368465 4.106666 2.405386 12.237334 -13.023020 14.528296 -20.984617 5.670251 5.038581 7.300253 5.608623 5.662998
2.765190 -18.412582 4.350289 -22.083731 13.836287 -7.609496 3.283993 0.420981 7.476145 -19.511923 -23.393074 13.498937 -30.953148 -5.587193 -0.335307 8.131146 6.086506 13.911631 -3.207816 3.817531 2.172218 12.574588 -12.917263 14.501090 -21.040510 5.341310 5.231771 7.460475 5.287668 5.657799
2.535709 -18.052540 4.177198 -22.410349 13.951856 -7.274624 3.098773 0.051926 7.396504 -19.511003 -23.969730 13.340022 -30.371510 -5.063676 -0.325528 8.792805 5.958131 13.740109 -3.023839 3.613736 1.636117 13.026546 -12.680971 14.770640 -21.433628 4.852588 5.581704 7.501126 4.776034 5.520922
2.240080 -17.668564 4.082414 -22.434412 14.317351 -6.670582 3.274667 -0.268921 7.187125 -18.957611 -24.382357 13.029605 -29.326868 -4.460981 0.257851 9.492988 6.297155 13.243102 -2.905182 3.552363 1.079530 13.511090 -12.228525 14.976135 -21.710205 4.371022 5.588016 7.528531 4.101141 5.186978
2.082177 -17.428280 4.114989 -22.141584 14.882097 -5.777469 3.742657 -0.925174 7.009396 -18.067200 -24.426805 12.418284 -28.375669 -4.034372 0.774904 10.231546 6.291089 13.138472 -2.903866 3.271539 0.991555 13.868489 -11.646206 14.816037 -21.630173 4.109108 5.345085 7.711939 3.753217 5.222083
1.566453 -17.198196 3.950151 -21.856180 15.685349 -4.887154 3.744409 -1.815592 6.658512 -17.551897 -24.729805 12.287338 -27.192684 -3.746492 1.407936 10.657091 6.517147 12.587201 -3.155088 3.434071 1.191767 14.059255 -10.870977 14.584353 -21.393719 4.095771 4.951831 7.965865 3.789162 5.555918
1.571023 -17.036379 3.666417 -21.442242 16.448483 -4.368004 3.613041 -2.247252 6.263170 -17.126484 -24.915159 12.395157 -26.531620 -3.672348 1.836468 10.812079 6.874031 12.078992 -3.308308 3.552722 1.456091 14.454425 -10.033648 14.179790 -21.274364 3.989512 4.690994 8.418344 3.805612 5.840611
1.635653 -17.166868 3.398252 -20.957272 16.851154 -3.998039 3.632984 -2.626388 5.867825 -16.792719 -25.116837 12.362569 -25.910305 -3.512644 2.269728 10.726091 7.299583 11.445154 -3.549931 3.411158 1.775941 14.499772 -9.551872 13.735906 -21.042891 4.039330 4.387082 8.780436 4.020406 6.233702
1.634940 -17.251348 3.221451 -20.723629 16.989082 -3.826315 3.705147 -2.857923 5.631896 -16.622452 -25.200844 12.190354 -25.504646 -3.557891 2.444007 10.574250 7.528074 11.180132 -3.768881 3.236155 1.969415 14.625489 -9.288271 13.586127 -21.068487 4.008052 4.211344 8.821150 4.038787 6.355970
1.599457 -17.278507 3.078810 -20.653334 17.029051 -3.835788 3.727264 -2.961388 5.528907 -16.576029 -25.248011 12.160283 -25.321177 -3.553429 2.521723 10.556267 7.609817 11.065660 -3.842817 3.236041 2.012234 14.650253 -9.201897 13.515330 -21.049213 3.997828 4.153427 8.864738 4.030841 6.391035
1.463949 -17.347799 2.588492 -20.518696 17.194370 -3.825473 3.738301 -3.417499 5.239916 -16.452139 -25.444654 12.218303 -24.871330 -3.298858 2.784841 10.592394 8.001427 10.596126 -3.990086 3.184905 2.108378 14.968494 -8.772112 13.078132 -21.202744 3.766414 3.912035 8.971600 3.827592 6.517848
1.273692 -17.684404 1.315193 -20.007093 17.523294 -3.623663 3.753786 -3.967164 4.392758 -16.265242 -25.763409 12.331765 -23.985884 -2.975556 3.244830 10.640942 8.648804 9.626759 -4.359846 3.073758 2.197683 15.427213 -8.240966 12.544437 -21.504280 3.454733 3.714247 9.020250 3.522041 6.733112
1.205791 -18.067240 -0.644035 -19.205561 18.003353 -3.292019 3.749135 -4.447800 2.957749 -16.157835 -26.187784 12.389010 -22.909088 -2.909017 3.692461 10.522171 9.324922 8.397826 -4.985916 2.763121 2.401389 15.881047 -7.416075 11.784137 -21.813194 3.115515 3.182114 9.111465 3.168116 7.080446
1.028236 -18.094374 -2.842939 -18.368711 18.477806 -3.038267 3.691864 -4.495753 1.214533 -16.180353 -26.785885 12.532586 -21.709312 -3.405648 4.113231 10.032096 9.687020 7.243205 -5.660483 2.328852 2.519416 16.294434 -6.395958 11.140335 -22.134838 2.921283 2.450341 9.140636 2.835484 7.410679
1.398583 -17.861849 -4.878704 -17.793589 19.636341 -2.802324 3.156854 -4.943266 0.003307 -15.585839 -27.093575 12.607398 -20.477806 -4.094459 4.609617 9.342593 10.274615 5.882825 -6.469712 2.155045 2.821369 16.351460 -5.512146 10.628865 -22.314465 2.977789 1.292878 8.924078 2.616064 7.550619
2.719924 -17.809744 -6.778930 -16.726967 21.526989 -1.975024 1.948721 -4.735722 -0.928676 -14.562948 -27.425224 12.305760 -19.318781 -4.817532 4.928269 8.407385 10.309247 5.306179 -7.271887 1.704378 3.387245 16.195896 -4.681375 9.691194 -22.369141 3.271922 0.222182 8.757624 2.823081 8.340880
-6.067542 -28.003418 -4.723193 -8.802279 26.569458 -1.243102 7.100792 0.998489 4.254271 0.599360 -19.094158 6.275598 -16.206493 -4.618108 3.014651 6.359526 18.897675 -0.646222 -17.330374 1.143418 1.757201 13.120883 -7.371368 9.893792 -16.698816 0.001081 -8.223630 8.862276 -4.268822 11.638767
-5.150960 -27.001585 -4.613388 -7.069988 27.374786 -1.216116 7.817095 1.140956 2.934906 1.715767 -18.553650 5.301275 -13.407802 -5.941915 3.777308 6.845188 17.873629 -1.960323 -18.585516 0.470296 2.688238 13.635166 -5.633046 9.214009 -15.728293 0.239154 -10.337762 8.876844 -4.810701 10.860628
-3.139693 -25.798929 -4.158898 -4.985900 28.054586 -0.408786 8.300367 2.340185 1.573681 2.851023 -17.471485 4.336626 -10.726729 -7.964820 4.336653 7.601971 15.855929 -2.116806 -19.698946 1.259031 3.478993 13.967538 -4.146000 9.168846 -14.061963 0.631250 -12.565237 9.017088 -5.395557 9.363895
-1.124195 -21.798605 -0.452814 -2.627285 27.866257 -0.309154 9.970350 2.528181 0.117093 0.704640 -16.482452 2.597132 -7.099056 -5.003982 9.882551 10.909871 13.122748 -0.505663 -19.659746 -1.526077 7.085718 16.326019 -4.018352 8.211900 -11.324870 -2.117741 -13.266225 10.511158 -5.055760 8.717379
0.538498 -20.450645 2.733570 -1.171344 27.234413 -1.823229 11.517120 3.487155 0.905338 0.685654 -15.099256 1.406086 -6.428658 -7.464874 9.502593 10.110869 11.330801 0.761963 -20.866852 -2.209097 7.405147 16.120398 -3.851533 9.115181 -10.279991 -1.817441 -14.612815 10.093126 -5.428415 6.507888
3.107276 -19.698984 5.325117 -1.433157 26.510988 -2.392943 11.967755 4.374597 2.723726 0.645387 -13.963843 0.730349 -6.889952 -8.954289 8.891965 9.676582 8.468056 3.052865 -21.359179 -2.008532 7.739889 15.510882 -3.828618 10.277065 -9.178885 -1.277664 -15.331786 10.075813 -5.261348 4.333323
5.489559 -19.484999 6.356147 -0.931596 25.887203 -2.324200 12.352905 5.933507 3.410033 0.554539 -13.514656 0.368351 -7.443196 -10.137354 7.805740 10.047457 5.308032 6.275090 -20.964453 -0.367330 8.012541 15.009582 -4.260531 10.961076 -8.280769 -0.826203 -15.642222 10.002209 -5.000997 2.519733
6.158929 -19.503593 6.869781 -0.498769 25.315014 -2.801867 12.532235 7.877985 3.439570 0.183563 -12.991676 -0.051757 -8.864567 -10.544530 7.425605 9.351773 5.126611 7.996667 -20.714535 -0.295611 8.184613 14.494567 -4.707410 11.577718 -7.702557 -0.391355 -15.668786 9.980039 -4.558443 1.645771
5.829612 -19.548758 7.633512 0.333795 24.607346 -2.704291 13.254242 9.241063 2.980340 -0.041809 -12.384871 -0.482950 -10.130237 -10.740945 7.522250 8.124388 5.750622 8.471452 -20.819723 -1.455704 8.145876 13.824804 -5.411691 11.962394 -7.406292 -0.168015 -15.419139 10.117182 -4.049579 1.048648
5.104655 -19.909262 7.914330 0.628688 23.668575 -3.099782 14.130687 10.560291 2.820544 -0.273366 -11.990948 -0.726433 -10.934535 -11.161662 7.563797 7.178120 5.800555 8.977672 -21.016199 -2.371037 8.114222 13.108268 -6.015607 12.353435 -7.288866 0.087477 -15.014809 10.238119 -3.501441 0.740100
4.643272 -20.219980 7.681118 0.555124 23.278694 -3.635563 14.375934 11.361182 2.817127 -0.666434 -11.818175 -0.943897 -11.743701 -11.455377 7.380744 6.492362 5.667877 9.593623 -21.096363 -2.989609 8.076035 12.535909 -6.458630 12.673091 -7.304849 0.291814 -14.599360 10.302372 -3.063730 0.650608
4.348960 -20.465120 7.439182 0.168848 22.949490 -3.853870 14.286169 11.812496 2.909828 -0.903554 -11.739912 -1.033016 -12.348393 -11.543438 7.128119 6.106740 5.575232 10.001754 -21.064592 -3.373466 7.995998 12.220256 -6.751054 12.798388 -7.423654 0.387451 -14.265754 10.313699 -2.786578 0.753060
4.327190 -20.637091 7.379613 -0.005567 22.772284 -3.908652 14.237274 12.044008 3.005551 -1.065124 -11.795390 -1.015320 -12.584656 -11.479108 7.031667 5.960520 5.640697 10.053397 -21.032534 -3.575098 7.976037 12.066279 -6.888262 12.873316 -7.432520 0.453183 -14.118781 10.337137 -2.639591 0.809099
