-14.645319 -14.876745 2.007834 2.480610 23.909306 -1.333168 5.348341 34.983101 -15.011493 -2.581526 -4.644301 -9.938575 -12.454112 -17.432545 11.043439 18.721155 -2.031078 -22.947275 -17.867395 -17.225895 12.547844 -12.229413 -8.810383 4.178195 -9.450548 1.540752 -23.634420 11.994587 -0.399278 -1.803126
-14.052814 -15.184843 1.667001 2.229694 23.710905 -1.253353 5.305036 35.230679 -14.930161 -2.806348 -4.265315 -9.604929 -12.926766 -18.129311 10.844430 17.758858 -2.093809 -22.908405 -18.277140 -17.247274 12.834507 -12.529718 -9.031021 4.235974 -9.577693 1.639132 -23.422249 11.911425 0.123858 -2.422994
-12.248464 -14.640505 1.356852 1.911130 23.669725 -1.950183 4.852119 35.666924 -14.875510 -3.120388 -2.914829 -9.012598 -14.444860 -19.207129 9.748775 15.952162 -2.358694 -22.527012 -19.459211 -17.451178 13.208773 -13.288037 -9.427907 4.653941 -9.642803 2.224287 -22.993210 11.744738 1.240423 -4.095727
-9.513670 -13.746143 1.037003 1.300434 23.463779 -3.330413 4.190379 35.716167 -14.504807 -3.684875 -1.986645 -8.402324 -16.468761 -19.837654 8.612290 13.923938 -2.851873 -21.092422 -20.301950 -17.490837 13.102556 -13.658109 -9.598173 5.150409 -10.370984 2.513870 -22.291821 11.365915 2.046621 -5.586296
-7.578878 -13.340309 1.177553 0.565419 23.311470 -3.923572 3.609902 35.996777 -13.959496 -4.138256 -2.118934 -8.152922 -18.470860 -19.876173 7.502754 12.219105 -4.053096 -18.791533 -20.887804 -18.047029 12.473469 -13.685566 -9.712997 5.843541 -11.233285 2.587213 -21.504276 11.061020 2.326645 -7.365881
-5.796239 -13.444336 1.670850 -0.068214 23.035143 -4.168176 3.125977 36.381351 -12.685473 -4.177218 -3.690189 -8.781204 -19.227604 -18.810696 8.145814 10.670033 -3.801691 -15.904414 -20.996113 -18.594040 11.000437 -12.939542 -9.639622 6.014736 -12.707078 1.366990 -20.975965 11.268111 1.361377 -8.302000
-3.979151 -12.632456 2.028763 -1.290120 23.322104 -4.296055 2.088428 36.839924 -11.387534 -3.982828 -5.669138 -9.616694 -19.215538 -16.781897 9.188765 10.210045 -3.393753 -13.517772 -19.819227 -19.146763 8.781630 -11.917404 -9.688495 6.147640 -14.122337 0.032846 -20.488869 11.681434 -0.188081 -9.240841
-2.135038 -11.417334 2.490834 -2.775293 23.703651 -4.345043 1.052499 36.967155 -10.116990 -3.678638 -7.256557 -10.147610 -18.859356 -15.605593 9.913827 9.760145 -3.282750 -11.530371 -19.072819 -19.019310 7.349759 -11.605194 -10.046202 6.558003 -14.498664 -0.592559 -19.896029 11.919114 -0.953678 -9.454587
-0.915851 -10.666714 2.729373 -3.628852 23.692617 -4.370712 0.499006 36.685040 -9.373808 -3.541267 -8.324505 -10.391179 -18.757271 -14.798849 10.090853 9.473358 -3.384563 -10.094085 -18.564341 -18.792480 6.174707 -11.487758 -10.400743 6.476609 -14.602527 -1.062300 -19.474716 12.260309 -1.553314 -8.854874
-0.213224 -10.321474 2.935006 -4.044865 23.604107 -4.377326 0.292808 36.420177 -8.944056 -3.460936 -8.729678 -10.560590 -18.887188 -14.489586 10.110408 9.314626 -3.411049 -9.112969 -18.206203 -18.417328 5.106527 -11.413032 -10.808828 6.360611 -14.540059 -1.301781 -19.176483 12.436026 -2.194539 -7.886686
-0.458690 -10.469102 3.183091 -4.046281 23.457161 -4.392280 0.428971 36.416443 -8.862636 -3.556472 -8.691782 -10.286260 -19.151243 -14.622169 9.934097 9.438953 -3.679751 -9.424232 -18.082720 -18.522045 5.536513 -11.548214 -10.815186 6.599477 -14.554942 -1.162323 -19.237232 12.271931 -1.901235 -8.375584
-3.350742 -11.483963 5.525073 -3.980506 21.778744 -4.519397 1.901861 36.374725 -8.415463 -4.632456 -6.886322 -8.822524 -21.907528 -15.448024 7.890118 10.513155 -5.125104 -11.227555 -18.048929 -19.245472 6.939226 -12.627046 -11.709711 7.863694 -14.136834 0.131217 -19.294165 11.164182 -0.720615 -9.337528
-7.765783 -13.987248 10.475717 -4.620487 18.459549 -2.956654 4.927687 33.838272 -6.959517 -6.105247 -2.799616 -5.321693 -28.007332 -17.950703 3.803437 13.176675 -9.069160 -12.335281 -15.754955 -17.637171 9.238537 -15.755306 -14.066628 10.766315 -10.678508 3.706947 -18.469843 10.052156 1.979038 -8.851256
-7.851831 -20.734316 11.746207 -5.081869 13.580596 -3.066773 8.551497 30.525736 -4.444824 -7.139621 -3.301391 -5.931057 -30.195934 -17.277098 4.160060 19.217945 -11.041889 -8.533125 -9.726163 -13.584553 6.354085 -16.834644 -17.169975 13.241057 -7.022075 4.307319 -16.714228 10.822170 0.076146 -3.719238
-4.201458 -21.943083 11.546836 -7.511424 10.882394 -4.366598 8.769456 27.764521 -2.415468 -8.315863 -4.907377 -8.385496 -30.565456 -13.998432 5.302946 19.108667 -10.784882 -0.484645 -10.087405 -11.240034 2.231447 -13.629425 -15.661144 14.990127 -9.445549 4.760299 -15.330936 9.315229 -3.347894 -0.429674
-0.836790 -23.019438 10.957414 -12.325820 6.402838 -2.727914 10.309757 23.696602 -2.535302 -11.811304 -6.846325 -5.594320 -33.984581 -8.325463 4.056160 18.383801 -7.667417 0.791246 -8.692272 -8.500279 0.837930 -12.567842 -15.661715 14.806406 -11.515722 4.926278 -11.332625 10.838376 -2.036916 -1.485370
0.107249 -23.167866 10.044380 -18.059515 5.289354 -3.176454 11.846658 18.947315 -0.425260 -11.516382 -10.960253 -2.196110 -32.435223 -5.431299 1.252823 18.686766 -10.511635 1.563590 -8.958007 -5.121039 -1.045523 -14.336446 -18.748066 11.505454 -10.844620 3.528989 -6.203215 16.376820 0.660130 0.543523
1.796623 -22.233807 9.854975 -20.223490 5.288713 -4.143010 11.906172 14.999413 -0.163201 -11.611452 -13.837839 -1.312752 -28.779591 -5.727849 1.584664 18.141569 -11.106536 1.318566 -9.966591 -2.314081 -2.738745 -13.519311 -18.733273 9.315860 -13.218417 1.434654 -4.645566 17.596455 0.602422 1.934833
0.956179 -20.991251 8.546860 -20.554430 6.524629 -4.572136 11.399916 12.542264 -0.858016 -11.010870 -15.370391 -2.161719 -26.807194 -3.939206 2.878081 18.135319 -10.154887 2.820518 -9.750579 -1.352803 -4.448120 -12.057021 -17.581764 9.019554 -15.328834 0.989664 -4.265355 16.657703 -0.662084 2.728340
0.534153 -20.343096 7.294884 -21.054117 7.344492 -4.529144 10.770897 11.148741 -0.975792 -10.480143 -15.984276 -2.433162 -25.972103 -3.776290 3.776003 16.939291 -9.320503 3.936982 -9.936975 -0.381675 -4.896364 -11.538449 -17.001356 8.467166 -16.017708 0.609889 -3.794881 17.217754 -0.671383 2.498277
0.594467 -20.244858 7.177688 -21.135817 7.444884 -4.549819 10.683925 10.952902 -0.947387 -10.406176 -16.029005 -2.473553 -25.908760 -3.845037 3.903057 16.720284 -9.231440 4.166786 -9.941101 -0.198604 -4.830801 -11.354905 -16.693983 8.563046 -16.078249 0.654139 -3.766365 17.237467 -0.689973 2.434916
0.634999 -20.188726 6.966244 -21.173090 7.633120 -4.565475 10.567325 10.742210 -0.965047 -10.289303 -16.207157 -2.574364 -25.733829 -3.615898 3.944992 16.883865 -9.240651 4.333516 -9.909432 -0.077909 -4.886839 -11.280816 -16.570154 8.755754 -15.967796 0.791912 -3.717260 17.266129 -0.753712 2.368033
0.668725 -20.183083 6.672048 -21.228785 7.888690 -4.535110 10.399248 10.440233 -0.998056 -10.158662 -16.425625 -2.644688 -25.391575 -3.432864 4.192962 16.759295 -8.932725 4.474974 -10.012506 0.277599 -4.692379 -11.157272 -16.239285 8.655056 -15.871264 0.761745 -3.545735 17.717796 -0.586760 2.502094
0.630084 -20.180086 6.371767 -21.219219 8.141083 -4.503059 10.258834 9.955418 -1.094607 -10.028898 -16.789097 -2.654507 -24.720446 -3.269732 4.542299 16.753160 -8.482462 4.400208 -10.209562 0.937109 -4.571985 -11.157918 -16.060583 8.029840 -15.529418 0.707152 -3.594560 18.404064 -0.508520 3.001153
0.572734 -20.232784 6.123858 -21.100531 8.353843 -4.506938 10.182257 9.475863 -1.166760 -9.866022 -17.268694 -2.470345 -23.816982 -3.129989 4.700978 16.984903 -8.290276 3.985995 -10.446382 1.713377 -4.478576 -11.123677 -16.055769 7.138850 -15.132558 0.496774 -3.708002 19.109764 -0.566335 3.941532
0.531995 -20.227869 6.008155 -20.913580 8.596683 -4.605843 10.210776 8.992289 -1.237783 -9.635977 -17.065144 -2.544891 -23.052679 -3.399243 5.028010 17.149981 -7.738754 3.167933 -10.774877 2.065017 -4.282862 -11.044810 -15.902421 5.655290 -14.983516 -0.004172 -3.966193 20.028763 -0.525287 4.818051
0.409792 -20.119505 6.119880 -20.573248 8.853449 -4.900086 10.425708 8.294113 -1.328770 -9.287640 -16.782896 -2.723342 -22.231853 -3.547874 5.491915 17.397020 -6.758963 2.002674 -10.983724 2.228866 -4.104039 -10.657805 -15.322372 4.626590 -15.279713 -0.526608 -4.266549 20.540558 -0.591850 5.264925
0.322610 -20.090498 6.234520 -20.454752 8.990939 -5.040726 10.559795 7.757760 -1.310848 -9.028172 -16.667646 -2.856490 -21.539551 -3.549670 5.819628 17.542917 -5.851580 1.014074 -11.129910 2.207500 -4.033079 -10.530457 -15.119933 3.977007 -15.629791 -0.930383 -4.663575 20.599630 -0.656390 5.363917
0.262562 -20.022188 5.981557 -20.244390 9.170877 -5.105958 10.567381 7.579325 -1.478678 -8.783781 -16.681528 -2.945940 -21.118225 -3.523976 6.056106 17.519901 -5.249676 0.424281 -11.227229 2.115067 -4.135427 -10.605454 -15.145458 3.752123 -15.902747 -0.959644 -4.932809 20.441807 -0.669185 5.288254
0.210899 -19.985556 5.748509 -20.075157 9.216313 -5.124086 10.585238 7.540122 -1.647656 -8.688488 -16.676111 -3.003629 -20.961235 -3.537208 6.134370 17.552528 -5.091056 0.252005 -11.322280 2.036682 -4.162119 -10.675447 -15.063574 3.590578 -15.943460 -0.888459 -5.286006 20.278532 -0.715171 5.174136
0.203143 -19.991903 5.711382 -20.063448 9.221045 -5.122263 10.584515 7.553878 -1.668208 -8.685178 -16.671017 -3.009183 -20.935343 -3.538189 6.142231 17.563545 -5.069655 0.221823 -11.338523 2.036675 -4.160103 -10.689816 -15.059474 3.570242 -15.954712 -0.880696 -5.356364 20.235928 -0.725354 5.133695
0.245072 -19.999685 5.739308 -20.123232 9.202185 -5.079197 10.537746 7.696411 -1.662835 -8.768248 -16.668701 -2.978998 -21.111141 -3.572216 6.002950 17.589241 -5.336007 0.347445 -11.288676 1.918557 -4.146038 -10.685531 -15.118784 3.664159 -15.945338 -0.902913 -5.317580 20.192247 -0.740902 5.069076
0.301740 -20.052683 5.756408 -20.212538 9.115750 -4.989396 10.471567 7.999824 -1.695476 -8.985535 -16.656265 -2.945833 -21.379112 -3.643622 5.745077 17.640491 -5.827154 0.563370 -11.268410 1.671465 -4.160857 -10.748097 -15.368179 3.852234 -16.035763 -1.006845 -5.345201 19.941133 -0.801219 4.731374
0.303445 -20.177622 5.640964 -20.277819 8.953754 -4.873716 10.431773 8.395917 -1.770566 -9.238387 -16.577782 -2.953529 -21.722416 -3.834124 5.440417 17.738575 -6.448357 0.742670 -11.176584 1.307414 -4.166625 -10.868407 -15.646792 4.028798 -16.126610 -1.060541 -5.502819 19.604412 -0.863942 4.261988
0.209501 -20.362257 5.728701 -20.453398 8.633187 -4.575333 10.386361 8.992986 -1.773747 -9.669198 -16.510864 -3.023421 -22.178226 -4.048048 5.115514 17.727669 -7.215511 1.031417 -11.107245 0.701358 -4.110149 -10.973188 -15.859810 4.280811 -16.155148 -1.064201 -5.696521 19.230894 -0.927357 3.764684
-0.171226 -20.855040 5.509101 -20.505053 8.149007 -4.238990 10.614931 9.709270 -2.030977 -10.177938 -16.394638 -3.111802 -22.555885 -4.210691 4.911706 17.903629 -7.687230 1.038166 -11.168813 0.109956 -3.913205 -11.169995 -16.013861 4.358592 -16.065956 -0.972643 -6.088195 18.926907 -0.875266 3.195584
-0.620741 -21.319036 5.598698 -20.486006 7.596295 -3.695457 10.805034 10.579636 -2.160895 -10.655724 -15.910841 -3.245556 -22.986923 -4.551095 4.606460 18.184395 -8.277581 0.815127 -11.281474 -0.626124 -3.655612 -11.603291 -16.402824 4.557065 -15.810613 -0.720754 -6.530988 18.598484 -0.699802 2.485584
-2.610104 -21.452459 9.258902 -12.351152 20.152184 0.021451 7.272039 20.391493 4.387777 2.916042 -11.440552 -1.661195 -26.201283 -12.686614 15.847508 14.796751 -9.280509 -0.717453 -3.639301 0.690911 5.104608 -4.371814 -12.311657 13.433894 -9.243158 2.928217 -8.499898 13.583951 -1.463642 1.505789
-2.819332 -21.810839 8.987390 -11.298740 19.717720 1.179939 7.435534 21.705318 3.341383 2.349468 -10.118137 -1.947794 -26.455004 -13.257533 15.248725 15.706434 -10.059007 -1.654178 -4.125682 -0.262221 5.924820 -4.963607 -12.208986 13.173680 -8.638494 3.510136 -9.727357 13.285517 -1.094259 0.746062
-2.135171 -21.474207 8.475302 -9.887579 19.965199 1.276312 7.401962 22.564581 2.205899 2.258646 -8.758224 -2.198661 -26.441547 -13.862491 14.870840 16.627033 -10.680053 -2.875607 -4.409320 -1.191452 6.722227 -5.476317 -12.057026 12.904273 -8.007102 3.943864 -11.022677 13.010204 -0.836538 -0.028298
1.932240 -19.810360 7.835833 -6.561198 18.479183 -4.175281 6.349891 22.621471 -1.467668 -0.767589 -7.553628 -1.960732 -27.222164 -20.406403 8.892700 11.440006 -7.574249 -3.213479 -8.166070 -0.086228 8.805223 -9.846947 -11.088742 12.632365 -9.649108 -0.016914 -12.832667 14.093939 -0.734127 -0.216152
1.644014 -18.673298 7.258276 -5.977541 19.430841 -4.656489 6.303283 23.136396 -2.782527 -0.715664 -7.459858 -2.425086 -26.046406 -20.632914 9.453711 11.067117 -7.125867 -4.212885 -8.873686 -0.898394 9.468412 -9.513212 -10.025301 12.048310 -9.639542 -0.584475 -14.685361 13.844172 -1.667908 -0.417408
0.243591 -18.086840 6.344503 -5.207719 20.348976 -5.197872 6.362664 22.911339 -3.692288 -0.062329 -8.409092 -2.991550 -24.436491 -20.321745 10.435271 9.612152 -6.037065 -4.526553 -10.164881 -1.734266 10.019265 -8.737451 -8.934231 11.210769 -9.917447 -1.118212 -15.762111 13.881861 -2.240211 -0.570107
-1.482751 -18.039307 5.553661 -4.603154 21.064608 -5.604709 6.426852 22.132648 -4.148314 0.766893 -9.515900 -3.212446 -22.993568 -19.873997 11.329616 8.472219 -4.782249 -4.918783 -11.034593 -1.941700 10.172404 -7.795742 -7.961596 10.479819 -10.307952 -1.936026 -16.316132 13.944662 -3.049891 -0.063848
-3.360309 -18.731306 5.239170 -4.060460 21.555367 -6.058757 6.943897 20.692513 -4.568181 1.253036 -10.767256 -3.058714 -21.741819 -19.305109 12.133250 7.958111 -3.707897 -5.184119 -11.141757 -1.235350 10.334763 -7.053570 -7.126943 9.744683 -10.700149 -2.567330 -16.743183 13.963887 -3.609795 0.549895
-5.160627 -19.637465 5.206046 -3.499252 21.481518 -6.568291 7.703537 19.038612 -4.958633 1.384744 -11.806820 -2.964495 -20.226892 -18.908165 12.848531 7.994377 -2.437995 -6.068623 -11.293866 -0.651987 10.305014 -6.617995 -6.612813 9.194037 -11.053173 -2.888415 -16.938660 13.928991 -3.929108 1.291357
-6.788054 -20.444483 5.239245 -2.919995 21.220638 -6.958631 8.538094 17.542208 -5.400169 1.378163 -12.757793 -2.671674 -19.167818 -18.372913 13.456704 8.097608 -1.458435 -6.465301 -11.036705 0.399834 10.264788 -6.371708 -6.198447 8.715413 -11.378541 -2.955644 -17.023357 13.881627 -4.020985 2.198541
-7.766174 -20.620687 4.807479 -2.649640 21.258869 -7.057308 8.841970 16.619646 -5.817244 1.559594 -13.262154 -2.454659 -18.525305 -18.072058 13.893816 8.180060 -0.887515 -6.697414 -10.831454 1.176616 10.373253 -6.168286 -5.639998 8.069173 -11.695418 -2.934238 -17.216927 13.850637 -3.990072 3.267091
-8.572306 -20.605385 4.132725 -2.435441 21.401997 -7.131373 8.984324 15.788935 -6.267808 1.835486 -13.563097 -2.273234 -17.806070 -17.894371 14.259152 8.380589 -0.275571 -7.140110 -10.769355 1.968994 10.587906 -5.979866 -5.063318 7.532978 -11.921964 -2.848609 -17.427063 13.852398 -3.907196 4.170933
-8.939943 -20.538115 3.686543 -2.366176 21.608582 -7.215293 9.020403 15.382218 -6.548521 2.026519 -13.706526 -2.203690 -17.293715 -17.817589 14.448979 8.486052 0.124624 -7.513938 -10.764121 2.343224 10.678440 -5.897268 -4.832538 7.313418 -12.037885 -2.836021 -17.512218 13.853638 -3.877254 4.533983
