1.330430 -20.599157 6.400328 -6.359033 23.141169 -5.606668 8.591747 11.176359 6.051518 -3.878274 -13.675007 2.569178 -21.050907 -6.702307 2.781725 6.200729 6.671624 11.366650 -17.566401 -5.352996 4.085425 9.657349 -12.946653 11.658338 -9.221274 0.248985 -8.160009 12.258214 -0.583194 4.875360
1.289702 -20.522400 6.666609 -6.692598 23.133207 -5.679607 8.498048 11.238701 6.355028 -3.953840 -13.660311 2.654034 -21.375916 -6.710513 2.563971 6.196133 6.314975 11.748347 -17.484190 -5.265217 3.812181 9.348692 -13.442442 11.812615 -9.110973 0.431549 -7.725985 12.379381 -0.328519 4.689959
1.223534 -20.370653 7.255868 -7.172416 22.956108 -5.878088 8.418461 11.438162 6.890492 -4.176817 -13.649959 2.747592 -22.051300 -6.684114 2.182113 6.182959 5.615841 12.478875 -17.304377 -5.290704 3.591446 9.031676 -13.924973 11.895700 -8.990844 0.641563 -7.308378 12.509051 -0.035778 4.576119
1.136321 -20.251379 7.760623 -7.760554 22.831917 -5.961270 8.279970 11.761971 7.502661 -4.357559 -13.654425 2.766623 -22.887472 -6.652935 1.743230 6.117240 4.786942 13.539039 -17.070265 -5.316540 3.457590 8.568518 -14.541018 12.154101 -8.806144 0.982547 -6.919797 12.515478 0.372162 4.081063
1.794012 -20.008776 8.328970 -8.410412 22.456882 -5.618185 7.870842 12.343536 8.181635 -4.750915 -13.740159 2.713712 -23.834026 -6.522475 1.364809 5.846107 4.103742 14.406986 -16.818544 -5.963646 3.336593 8.084784 -15.217141 12.647807 -8.671651 1.262149 -6.656338 12.283481 0.737577 3.142098
2.529068 -20.148647 8.902779 -8.499710 21.689877 -5.188824 7.984165 12.581014 8.540729 -5.124829 -13.734016 2.600277 -24.865463 -6.469512 1.041687 5.670424 3.575441 15.136413 -16.447260 -6.717895 3.119544 7.627027 -15.874319 13.375194 -8.714151 1.461050 -6.479992 11.885883 0.964784 1.833810
2.838112 -20.191294 9.737548 -8.470129 21.135193 -4.679782 8.140652 13.182030 8.617936 -5.574165 -13.439583 2.490412 -25.622797 -6.531729 0.637896 5.857702 3.023460 15.300894 -16.258017 -7.520947 2.998634 7.323689 -16.338583 13.820770 -8.965766 1.591752 -6.480765 11.417635 1.078714 0.972766
2.909240 -20.142092 10.585639 -8.438519 20.660095 -4.295011 8.317129 13.709466 8.685981 -5.921656 -13.108768 2.501554 -26.354488 -6.692493 0.210297 6.035961 2.495688 15.308021 -16.033150 -8.126972 2.946442 7.041908 -16.736799 13.891746 -9.216777 1.670169 -6.502064 11.127851 1.275410 0.457576
2.845080 -20.083727 11.336996 -8.404500 20.334572 -4.064763 8.448054 14.023503 8.823466 -6.117762 -12.903128 2.564703 -26.636139 -6.794831 -0.125029 6.410268 1.984424 15.056819 -15.938966 -8.535252 2.900692 6.849696 -17.038570 13.855959 -9.447534 1.724980 -6.399936 10.955102 1.456002 0.306247
2.777256 -20.103138 11.727276 -8.282163 20.166464 -3.940843 8.575958 14.241179 8.853206 -6.181679 -12.730864 2.651435 -26.858145 -6.909051 -0.345065 6.574796 1.739569 14.875043 -15.896625 -8.696107 2.886623 6.769377 -17.151518 13.784191 -9.551425 1.743429 -6.392045 10.881649 1.527662 0.286964
2.856077 -20.098555 11.940395 -8.243843 20.078653 -3.821667 8.563228 14.457033 8.909259 -6.249391 -12.621506 2.711206 -26.983656 -7.000570 -0.488201 6.697969 1.557146 14.721717 -15.884482 -8.814562 2.831697 6.560802 -17.436428 13.765347 -9.557191 1.791954 -6.325490 10.854894 1.658010 0.173644
3.309958 -20.454271 12.794787 -7.752050 19.280422 -3.065810 8.608816 15.857847 8.738089 -7.069251 -11.961382 3.257543 -27.924339 -7.615467 -1.442480 7.576883 0.369315 13.963240 -15.715771 -9.236559 2.779716 5.284232 -18.820103 13.237361 -9.391229 2.239912 -6.149860 10.897561 2.598115 -0.151558
4.358654 -20.934008 12.388954 -8.746664 18.355682 -1.049556 7.645915 18.708233 8.794202 -8.547927 -10.417074 4.117564 -29.344421 -9.374748 -3.218447 8.230238 -1.670671 12.762647 -16.308168 -9.885162 2.834891 3.241400 -20.741476 13.224414 -8.259048 3.460863 -5.373942 11.573889 4.332707 -0.412329
2.754512 -15.640282 13.716623 -9.179724 18.636688 3.169674 7.538507 21.283985 4.933543 -10.391323 -8.851874 0.486420 -29.944809 -6.959527 -3.528792 13.247515 -2.828828 13.205427 -14.165536 -14.661642 5.189923 1.656460 -19.651640 12.739752 -7.735092 5.292010 -4.992213 12.740706 8.195075 -4.633106
-1.591021 -12.240767 17.266735 -6.451318 15.578595 5.598794 10.582487 21.768644 0.319733 -13.768419 -7.991980 -2.233646 -29.012157 -7.511305 -1.239558 16.971682 -2.163185 9.373572 -11.727588 -20.759319 7.592835 2.363109 -15.394011 10.544301 -11.249942 5.897187 -8.772497 11.594551 10.043714 -12.336308
-0.246337 -11.948713 16.272623 -3.565129 14.372957 7.220514 11.837164 24.366880 -3.370306 -15.829123 -8.946908 -2.497904 -25.779110 -10.303065 -1.313804 19.623285 -6.602705 5.655652 -12.561928 -23.825384 7.045420 -0.257911 -15.435227 6.952250 -8.693763 6.926658 -8.881465 15.955972 11.979987 -11.975833
2.708326 -16.195490 12.336091 0.487922 12.822202 8.077600 12.760422 27.896095 -7.012558 -18.199657 -9.205128 -0.880241 -23.149452 -13.407951 -2.794951 19.129522 -9.257407 -0.315425 -15.241515 -25.854870 5.926860 -3.735482 -18.374273 6.168046 -3.696962 8.892194 -12.999961 15.349455 10.859534 -12.132721
3.582861 -12.273238 8.683122 1.990253 15.806778 1.963378 10.425125 32.761597 -9.339684 -17.598661 -8.329257 -1.383354 -19.754454 -16.585611 -1.744554 12.964718 -7.750117 -3.143795 -20.667669 -29.086655 5.116916 -2.220383 -18.126434 4.833813 -5.985865 7.615995 -17.163189 11.952101 7.398836 -12.482700
6.385430 -6.014986 6.318624 2.456264 20.402105 -1.698835 7.937866 35.743328 -11.137699 -15.182870 -11.028206 -3.417171 -14.071281 -18.725121 1.356266 7.686371 -5.398250 -3.301842 -24.117823 -30.320581 1.981377 0.296206 -16.920692 3.376242 -8.520255 4.161693 -18.637506 11.637247 3.130161 -12.168414
7.439463 -4.160805 4.241291 2.506430 22.808872 -2.272118 6.871093 35.161251 -11.269780 -12.961239 -12.007333 -4.351038 -11.739753 -19.198841 2.567641 5.913187 -4.315747 -2.729565 -24.941210 -30.013344 1.184735 1.216244 -15.740081 2.551463 -9.389205 2.921600 -18.813681 12.168306 2.334889 -11.931185
7.496618 -3.996678 3.929848 2.537250 23.108864 -2.248703 6.753160 34.960144 -11.324862 -12.657023 -12.089945 -4.550136 -11.411383 -19.197983 2.724311 5.836178 -4.158375 -2.675911 -25.107113 -29.902576 1.184531 1.393005 -15.523477 2.496930 -9.531034 2.744464 -18.779366 12.193147 2.271276 -11.847899
6.949891 -4.558621 3.529795 2.905832 23.027424 -2.369014 6.940411 35.153744 -11.720222 -12.981791 -11.600931 -4.465255 -11.317853 -19.632645 2.692002 5.999063 -4.217635 -3.338312 -25.435690 -29.972996 1.409123 1.437964 -15.174884 2.300431 -9.453387 2.984554 -19.222170 12.208858 2.367011 -12.070620
6.053276 -5.663472 3.019852 3.659351 22.617388 -2.605765 7.431325 35.505474 -12.375836 -13.717969 -10.845653 -4.606089 -11.041812 -20.069405 2.628413 6.736461 -4.332504 -4.264665 -25.877802 -29.992146 1.757542 1.488167 -14.778858 2.047463 -9.370888 3.425557 -19.741241 12.031295 2.555169 -11.864413
4.509070 -7.319786 2.320575 5.255584 21.668705 -2.732188 8.598104 35.579990 -13.750120 -14.745581 -9.633331 -4.578505 -10.965063 -20.696951 2.404419 7.554611 -4.351820 -5.600035 -26.398123 -29.934814 2.516826 1.433871 -14.211245 1.455870 -9.108894 4.085764 -20.424807 11.879778 2.920124 -11.232244
2.908103 -9.329620 1.363454 6.760104 20.735771 -2.680347 9.913568 35.275211 -14.861147 -15.276456 -8.560828 -4.402040 -10.517189 -21.437778 2.048011 8.706646 -4.680255 -7.097950 -26.875189 -29.515196 3.339795 1.155192 -13.780745 1.062893 -8.549336 5.194544 -20.959269 11.739690 3.518626 -10.475246
1.340429 -10.589075 0.311544 8.263985 20.394619 -2.363945 10.930529 34.780182 -16.218254 -15.578271 -7.783920 -4.389289 -9.407155 -21.617279 2.013803 9.996005 -4.599194 -9.007717 -27.077318 -29.282112 4.182065 0.891253 -13.462033 0.832829 -7.832911 6.135771 -21.520786 11.592590 3.970443 -9.795245
-0.207872 -11.205461 -0.078575 9.546000 20.228077 -1.955565 11.894255 34.478237 -17.270359 -15.242214 -7.836855 -4.396721 -7.929828 -21.141720 2.359514 11.525154 -3.865405 -11.022820 -26.867704 -29.083412 4.777059 0.809921 -13.091259 0.478500 -7.370410 6.619126 -22.141747 11.466370 4.072583 -8.941435
-1.403934 -10.399441 0.625365 10.273975 20.721083 -1.478606 12.508614 34.524929 -18.294159 -14.862264 -8.282646 -4.647882 -6.204419 -20.630251 2.897789 13.214912 -3.421333 -12.625026 -26.667538 -28.988798 5.224592 0.819124 -12.849133 0.116496 -6.714753 6.908657 -22.749603 11.492854 3.906476 -7.771358
-2.104270 -9.162728 1.069264 10.371613 21.378513 -1.162802 12.807919 34.248734 -19.143373 -14.632570 -9.141815 -5.005517 -4.932878 -19.798473 3.555956 14.685250 -2.901562 -13.391833 -26.055952 -28.855614 5.315852 0.795562 -12.918546 -0.154266 -6.240104 6.915144 -23.096077 11.516189 3.637469 -6.758883
-2.532027 -8.552288 1.151477 10.500837 21.775440 -1.114430 12.857136 33.942760 -19.514175 -14.450528 -9.375603 -5.096579 -4.492472 -19.387819 3.571575 15.463703 -2.887297 -13.637442 -25.912571 -28.654125 5.274043 0.807884 -12.997817 -0.273063 -6.022800 6.814063 -23.199783 11.584063 3.445232 -6.339585
-2.591490 -8.449820 1.161046 10.458228 21.831264 -1.121513 12.844801 33.833702 -19.509302 -14.409082 -9.383249 -5.078634 -4.441288 -19.348175 3.545878 15.596792 -2.911200 -13.706360 -25.880720 -28.584610 5.290643 0.831965 -12.968378 -0.313396 -6.006757 6.799442 -23.229708 11.588510 3.418159 -6.239266
-2.589035 -8.452776 1.160510 10.466019 21.827696 -1.119498 12.847556 33.837605 -19.516010 -14.412648 -9.384764 -5.078244 -4.440149 -19.348978 3.545852 15.594969 -2.917722 -13.701291 -25.880884 -28.587114 5.288948 0.831115 -12.966228 -0.313464 -6.008200 6.803460 -23.230770 11.586048 3.419662 -6.236810
-2.589035 -8.452776 1.160510 10.466019 21.827696 -1.119498 12.847556 33.837605 -19.516010 -14.412648 -9.384764 -5.078244 -4.440149 -19.348978 3.545852 15.594969 -2.917722 -13.701291 -25.880884 -28.587114 5.288948 0.831115 -12.966228 -0.313464 -6.008200 6.803460 -23.230770 11.586048 3.419662 -6.236810
-2.589035 -8.452776 1.160510 10.466019 21.827696 -1.119498 12.847556 33.837605 -19.516010 -14.412648 -9.384764 -5.078244 -4.440149 -19.348978 3.545852 15.594969 -2.917722 -13.701291 -25.880884 -28.587114 5.288948 0.831115 -12.966228 -0.313464 -6.008200 6.803460 -23.230770 11.586048 3.419662 -6.236810
-2.588428 -8.452713 1.161103 10.466687 21.827623 -1.119183 12.847559 33.837761 -19.516064 -14.412409 -9.384403 -5.079416 -4.439016 -19.350420 3.545403 15.595786 -2.919819 -13.701472 -25.881392 -28.586420 5.293392 0.832590 -12.963518 -0.312315 -6.007382 6.802405 -23.230957 11.586895 3.420643 -6.239839
-2.587614 -8.450769 1.165270 10.467197 21.827972 -1.116933 12.845866 33.838848 -19.514828 -14.414706 -9.384314 -5.076080 -4.438534 -19.347317 3.553636 15.594864 -2.922118 -13.703181 -25.882624 -28.587643 5.293678 0.831791 -12.963188 -0.310562 -6.008525 6.803135 -23.229301 11.584879 3.420101 -6.240892
-2.589601 -8.446685 1.161779 10.466208 21.833170 -1.122422 12.843744 33.830830 -19.512440 -14.412976 -9.385902 -5.058830 -4.443489 -19.339275 3.559699 15.589224 -2.918711 -13.705626 -25.884462 -28.597723 5.294386 0.840230 -12.956308 -0.310825 -6.013595 6.797817 -23.236374 11.584870 3.417640 -6.239129
-12.180388 -18.045580 -1.782435 5.301433 25.663309 1.792216 7.017163 33.427120 -11.171394 -8.111526 -4.697875 -5.928219 -10.608578 -15.967160 -2.049573 11.997982 6.139162 -12.324248 -28.690287 -24.991623 9.631799 1.735052 -10.725808 4.862084 -5.689549 6.171562 -24.733772 7.990788 1.066160 -2.848996
-12.180388 -18.045580 -1.782435 5.301433 25.663309 1.792216 7.017163 33.427120 -11.171394 -8.111526 -4.697875 -5.928219 -10.608578 -15.967160 -2.049573 11.997982 6.139162 -12.324248 -28.690287 -24.991623 9.631799 1.735052 -10.725808 4.862084 -5.689549 6.171562 -24.733772 7.990788 1.066160 -2.848996
-12.180388 -18.045580 -1.782435 5.301433 25.663309 1.792216 7.017163 33.427120 -11.171394 -8.111526 -4.697875 -5.928219 -10.608578 -15.967160 -2.049573 11.997982 6.139162 -12.324248 -28.690287 -24.991623 9.631799 1.735052 -10.725808 4.862084 -5.689549 6.171562 -24.733772 7.990788 1.066160 -2.848996
-13.105356 -15.796017 0.841859 5.875989 26.352682 2.186594 7.054946 32.649128 -10.756626 -9.248018 -4.740243 -4.569179 -10.571248 -12.382064 1.862885 12.922807 5.124479 -11.633712 -28.450306 -27.197306 10.978220 2.977617 -12.505398 3.342239 -4.973388 5.085690 -24.240032 8.400969 2.208032 -4.253345
-13.087084 -16.042055 0.757875 6.025401 26.070799 1.954619 7.443373 32.436298 -10.806661 -9.534147 -4.769365 -4.520280 -10.567954 -12.354356 1.753477 12.984632 5.285305 -11.634488 -28.456806 -27.332222 11.001116 3.172562 -12.589523 3.375070 -5.162887 5.058199 -24.344402 8.082859 2.051816 -4.120026
-13.075554 -16.075922 0.744337 6.045733 26.053165 1.942405 7.442327 32.431202 -10.812612 -9.547465 -4.735149 -4.513850 -10.587134 -12.338099 1.815015 12.966785 5.308329 -11.640565 -28.459438 -27.308640 10.998354 3.164170 -12.585785 3.378890 -5.162197 5.055628 -24.353401 8.085238 2.046916 -4.111368
-13.075651 -16.078104 0.744571 6.046650 26.049622 1.942576 7.444376 32.430710 -10.813796 -9.550121 -4.735295 -4.514242 -10.586576 -12.338681 1.815779 12.968942 5.306881 -11.640818 -28.457205 -27.308712 10.989000 3.164393 -12.583788 3.380853 -5.168220 5.058499 -24.352459 8.081173 2.046044 -4.116645
-13.075619 -16.074265 0.722332 6.032444 26.049683 1.935432 7.462310 32.435658 -10.822677 -9.520668 -4.746211 -4.557977 -10.572602 -12.374599 1.747723 12.982046 5.323118 -11.619906 -28.449408 -27.296701 10.998281 3.163709 -12.570189 3.378483 -5.174225 5.070697 -24.356899 8.070754 2.053816 -4.092462
-13.093395 -16.063799 0.732605 6.023344 26.053677 1.945913 7.469507 32.433716 -10.819221 -9.513845 -4.763216 -4.559103 -10.563484 -12.378695 1.720199 12.992234 5.302915 -11.616358 -28.448803 -27.309044 10.984468 3.160717 -12.574188 3.380689 -5.173413 5.054391 -24.355507 8.085179 2.042486 -4.112529
-13.093395 -16.063799 0.732605 6.023344 26.053677 1.945913 7.469507 32.433716 -10.819221 -9.513845 -4.763216 -4.559103 -10.563484 -12.378695 1.720199 12.992234 5.302915 -11.616358 -28.448803 -27.309044 10.984468 3.160717 -12.574188 3.380689 -5.173413 5.054391 -24.355507 8.085179 2.042486 -4.112529
-13.086819 -16.065050 0.723346 6.020048 26.054464 1.941798 7.471099 32.436741 -10.821097 -9.509406 -4.748534 -4.563513 -10.570854 -12.377959 1.738297 12.985854 5.319312 -11.617868 -28.448948 -27.292093 10.993378 3.161211 -12.569700 3.383769 -5.174946 5.066252 -24.354393 8.074970 2.049773 -4.101134
-13.086819 -16.065050 0.723346 6.020048 26.054464 1.941798 7.471099 32.436741 -10.821097 -9.509406 -4.748311 -4.563529 -10.570905 -12.377938 1.738482 12.985620 5.319850 -11.618012 -28.448973 -27.292023 10.993196 3.160794 -12.569590 3.383970 -5.174760 5.066307 -24.354668 8.075157 2.049911 -4.101195
-13.074973 -16.071314 0.725119 6.030473 26.052511 1.933801 7.460251 32.434441 -10.818605 -9.522705 -4.745638 -4.561188 -10.572650 -12.375658 1.744594 12.982530 5.324701 -11.619273 -28.448849 -27.293131 10.996362 3.169123 -12.572020 3.374335 -5.172269 5.067098 -24.354553 8.073445 2.050457 -4.094333
