-5.129731 -17.101088 0.584989 -5.614483 29.172724 -8.047760 6.053794 1.360695 -4.943857 8.646303 -17.794659 -4.122296 -7.707676 0.264651 13.368004 11.320784 12.702770 -5.008491 -19.570230 10.449451 7.435107 19.462126 -3.572801 9.583555 -14.270616 -3.541022 -12.307180 7.542455 -7.187644 7.783216
-5.336309 -17.043695 0.438657 -5.837790 29.230860 -8.187529 5.959260 1.171360 -4.909405 8.666477 -18.046780 -3.864097 -7.826281 0.524935 13.372540 11.254673 12.752180 -4.980918 -19.440332 10.487461 7.356155 19.398611 -3.702903 9.437737 -14.357583 -3.586851 -12.218160 7.576214 -7.181552 7.948430
-5.598616 -16.965376 0.154532 -6.140068 29.326700 -8.454353 5.732600 0.896349 -4.858413 8.637485 -18.395752 -3.528909 -8.069178 0.886642 13.281754 11.222775 12.902031 -4.992838 -19.215254 10.632748 7.309964 19.289305 -3.845048 9.265967 -14.511477 -3.610715 -12.134222 7.513834 -7.167412 8.132612
-5.855027 -16.993635 -0.229218 -6.351414 29.366819 -8.881321 5.436658 0.557595 -4.869516 8.491063 -18.826317 -3.167589 -8.174263 1.325137 13.352479 11.075562 13.268811 -4.979820 -18.968433 10.881369 7.306646 19.161684 -4.083099 9.114235 -14.685824 -3.648067 -12.055694 7.339037 -7.197620 8.136850
-6.312900 -17.016954 -0.809544 -6.698229 29.437210 -9.396020 4.942831 0.303773 -4.896098 8.202218 -19.353020 -2.670214 -8.383808 1.849583 13.470449 10.894248 13.779544 -4.978145 -18.619459 11.164484 7.208398 18.883514 -4.568306 8.700940 -15.003958 -3.764015 -11.876016 7.202268 -7.180681 8.331995
-6.740175 -16.944637 -1.411498 -7.083079 29.737831 -9.864129 4.325144 0.047974 -4.778353 7.969505 -19.706303 -2.242018 -8.847225 2.250601 13.449485 10.756526 14.275249 -4.948913 -18.282448 11.444281 7.157975 18.770922 -5.040883 8.292851 -15.558237 -3.929132 -11.684239 6.755823 -7.285796 8.378095
-7.560904 -16.865986 -2.258276 -7.579355 30.096079 -10.525522 3.720963 -0.159896 -4.644425 7.744149 -19.969757 -1.865614 -9.136179 2.582192 13.592676 10.642496 14.724033 -4.843901 -17.974924 12.030883 7.094149 18.582836 -5.610916 7.904845 -15.926959 -4.004972 -11.445752 6.467772 -7.272221 8.502940
-8.341173 -16.711964 -3.067725 -8.066010 30.494579 -11.323202 3.218475 -0.258890 -4.454143 7.588334 -20.472683 -1.310024 -9.658338 3.232708 13.491908 10.439901 15.362245 -4.801497 -17.589405 12.544533 7.011856 18.368465 -6.070549 7.500292 -16.099380 -4.012422 -11.318862 6.419072 -7.168759 8.640685
-8.813125 -16.488840 -3.581066 -8.392275 30.882746 -11.824137 2.596598 -0.203081 -4.213592 7.290302 -20.848902 -0.755380 -10.182074 3.854234 13.544154 10.284441 15.786995 -4.745024 -17.236315 13.053055 6.925276 18.149124 -6.490346 7.223927 -16.343615 -3.984320 -11.098247 6.373845 -6.992308 8.887613
-9.362598 -16.289160 -3.632031 -8.802826 31.031010 -11.959195 2.237941 -0.273570 -3.890213 6.803586 -21.279295 -0.395087 -10.524695 4.294939 13.496190 10.104149 15.881597 -4.501500 -16.997713 13.487762 6.764504 17.971149 -7.036795 6.746885 -16.607561 -4.004715 -10.950568 6.325648 -6.852092 9.183948
-9.493107 -16.401461 -3.621443 -9.193958 30.913328 -11.548453 1.669688 -0.172136 -3.591930 5.994538 -21.622398 -0.072998 -10.974777 4.687119 13.341167 9.941618 15.840019 -4.170979 -16.760374 13.947144 6.654326 17.708265 -7.528587 6.327738 -16.653433 -4.024259 -11.038343 6.325520 -6.726966 9.207838
-9.473630 -16.449671 -3.449692 -9.711756 30.933689 -11.142435 0.913049 0.065580 -3.091844 5.243892 -21.855358 0.175108 -11.438604 4.878181 13.088430 9.858357 15.467785 -3.714789 -16.575403 14.292936 6.555757 17.437338 -8.084476 5.917612 -16.809738 -4.061991 -10.953361 6.368141 -6.520841 9.480329
-9.352892 -16.638826 -3.261384 -10.128658 30.920776 -10.506050 0.066064 0.271487 -2.623582 4.415960 -22.410721 0.379198 -11.897082 4.953633 12.519362 9.530791 15.257590 -3.111269 -16.433931 14.401312 6.441988 17.167620 -8.644890 5.542199 -17.011990 -4.148774 -10.942428 6.319485 -6.364841 9.608230
-9.208794 -16.824482 -3.370140 -10.525019 30.991804 -10.361952 -0.589507 0.385180 -2.371417 3.980505 -22.926426 0.590671 -12.376997 5.046642 11.867915 9.305322 14.899565 -2.544091 -16.305782 14.421663 6.315282 16.986967 -9.127851 5.183073 -17.222919 -4.265312 -10.828111 6.324441 -6.253654 9.836378
-9.097090 -16.887335 -3.424061 -10.799428 31.089144 -9.977835 -1.202327 0.648644 -2.112423 3.476437 -23.223604 0.748165 -12.843289 5.080915 11.290618 9.212233 14.355127 -2.111893 -16.237835 14.537599 6.153310 16.721432 -9.627791 4.858154 -17.396240 -4.314886 -10.758119 6.315889 -6.108925 9.946234
-8.966415 -16.973804 -3.531202 -11.042057 31.133385 -9.888618 -1.692322 0.815206 -1.914566 3.137600 -23.482212 0.848918 -13.143363 5.116183 10.802915 9.115598 14.058995 -1.886334 -16.221239 14.484228 6.044062 16.576651 -9.988337 4.620233 -17.574272 -4.320384 -10.710055 6.221897 -5.987427 10.049750
-8.823289 -16.971062 -3.679891 -11.301189 31.273546 -9.929077 -2.202328 0.965836 -1.730767 2.900794 -23.660854 0.861936 -13.381306 5.092617 10.418088 9.009638 13.916175 -1.697859 -16.183609 14.465069 5.968609 16.374210 -10.275729 4.511798 -17.625744 -4.289891 -10.680182 6.191615 -5.886307 10.070900
-8.772685 -16.921404 -3.749794 -11.442303 31.400938 -9.963058 -2.692458 1.082389 -1.639746 2.674235 -23.838995 0.876431 -13.604989 5.095828 10.082788 8.905943 13.803497 -1.510297 -16.125595 14.434843 5.936458 16.247015 -10.510405 4.459044 -17.688488 -4.292213 -10.600101 6.157475 -5.803789 10.125600
-8.698172 -16.975210 -3.765330 -11.563446 31.382092 -9.937209 -2.958526 1.195473 -1.554177 2.493945 -23.983456 0.854224 -13.643878 5.048526 9.869812 8.849178 13.655738 -1.356986 -16.124136 14.431499 5.918917 16.165695 -10.666677 4.417206 -17.742197 -4.297282 -10.536912 6.132319 -5.743480 10.185802
-8.681216 -16.982782 -3.761853 -11.594069 31.394926 -9.905125 -3.016698 1.218031 -1.519891 2.460291 -24.006121 0.866764 -13.670268 5.055940 9.844028 8.838261 13.613028 -1.305756 -16.115835 14.445124 5.900518 16.169935 -10.695326 4.411812 -17.765339 -4.316413 -10.516519 6.122479 -5.754302 10.204659
-8.671239 -16.933397 -3.678596 -11.348116 31.369154 -9.647791 -2.518569 1.038017 -1.684712 2.714504 -23.811083 0.821676 -13.280559 4.948970 10.151016 9.008542 13.656446 -1.569576 -16.239466 14.508352 6.116759 16.348803 -10.352492 4.460340 -17.682087 -4.289508 -10.741226 6.052466 -5.858789 9.967721
-8.558962 -16.097712 -3.355227 -10.439709 31.864452 -9.762284 -1.424848 0.493040 -2.228403 3.666455 -23.450199 0.602275 -11.952532 4.651095 11.092082 9.364634 13.843370 -2.068805 -16.545197 14.739698 6.679537 16.927631 -9.360495 4.906387 -17.453596 -4.384361 -11.215538 5.842667 -6.324179 9.267131
-7.962555 -14.775467 -3.289268 -9.287787 32.420509 -10.314213 0.689569 0.133780 -3.010203 5.731186 -22.581917 -0.041298 -9.797303 3.871794 12.635266 9.680895 14.281182 -2.794533 -17.274796 14.952234 7.337181 17.862768 -7.812680 5.623434 -16.974361 -4.291219 -11.736838 5.680404 -6.917572 8.566668
-7.249941 -13.124663 -3.776196 -8.056599 33.544121 -12.893896 3.100859 0.163382 -3.826728 9.072538 -21.094673 -1.340299 -7.555043 1.948819 13.923121 9.664087 13.655679 -3.080222 -18.362835 14.727999 7.777901 18.885187 -6.178987 6.703653 -16.357143 -4.260495 -12.367631 5.458302 -7.667029 7.540816
-7.402330 -12.284921 -3.257107 -7.102734 33.433495 -13.494450 7.879763 0.708462 -4.078569 11.843328 -20.315201 -1.947729 -4.349781 0.755895 15.855081 10.209394 8.941413 -3.133302 -20.399342 13.128700 7.056559 17.943480 -3.981972 9.523381 -16.342312 -5.177286 -13.197638 5.808181 -9.011458 5.083559
-4.975428 -11.073208 -3.011374 -7.673341 33.447983 -11.450171 13.502329 1.811264 -3.255672 15.800539 -19.925329 -2.419055 -0.803539 -0.633796 17.781647 10.548739 2.553947 -2.431045 -22.908091 9.813732 6.207327 15.406238 -2.344058 12.707023 -16.136667 -6.160818 -14.157481 6.573241 -10.070582 1.428675
-1.370776 -11.219818 -1.846964 -7.542160 32.699245 -9.441175 15.644336 4.255616 -2.951869 17.092527 -18.325157 -4.112910 0.714863 -3.193241 18.231972 9.759866 -1.023463 -0.448690 -24.760656 7.410011 5.872304 13.417808 -1.490920 14.739377 -15.421128 -6.610732 -14.676390 7.594073 -10.341385 -1.028459
0.874375 -10.534884 -0.001443 -7.119109 31.921856 -8.586674 18.806866 6.013853 -2.153938 18.689215 -15.496038 -4.751379 -0.328786 -5.007866 19.789547 8.302186 -3.674107 1.701346 -25.815666 5.622344 5.675483 11.366561 -0.954013 16.242519 -14.979744 -6.613306 -15.555469 8.376307 -10.286354 -2.669073
2.780558 -11.708650 3.017072 -6.567748 29.781128 -6.841156 21.842957 7.519335 -1.257637 18.725195 -12.291573 -5.069999 -2.585135 -5.975478 21.407385 7.508918 -6.218561 3.364884 -25.834892 5.384798 6.029245 9.233962 -0.504793 17.360905 -13.920587 -5.603792 -16.657898 9.164681 -9.356919 -2.980855
3.093407 -12.786182 4.852022 -7.304222 27.711712 -6.734704 23.264948 8.694998 -0.142568 18.563370 -10.002625 -5.469081 -5.602130 -6.902331 21.012554 7.639115 -8.922407 6.130537 -25.385597 6.364554 6.127254 7.756114 -0.733066 18.025713 -12.771929 -4.597346 -16.887280 10.082628 -8.257820 -2.775022
1.898244 -13.736529 6.430740 -7.348310 25.429331 -7.292535 24.913197 10.139179 0.426525 18.119993 -8.262314 -5.736151 -8.208344 -7.342989 20.919353 6.938061 -9.333279 7.109622 -25.254539 5.621770 5.728530 5.962386 -0.906273 18.661175 -12.414392 -3.983596 -16.302975 10.803559 -7.062953 -1.950175
1.349753 -15.136581 7.831798 -7.289737 23.225525 -7.275487 25.839010 11.156431 0.970448 17.199932 -7.295058 -5.867220 -10.495623 -7.709910 20.565470 6.272764 -9.865638 8.093977 -24.947781 4.689238 5.187481 3.959503 -1.950685 19.149046 -11.877631 -3.455112 -15.352067 11.873899 -5.774421 -1.524921
0.826289 -16.559999 8.847990 -8.843782 21.260769 -5.831234 26.269766 12.146580 2.165301 16.395782 -6.490853 -5.681723 -13.190161 -7.932246 19.887268 6.152106 -11.069546 9.202923 -24.462179 3.935236 4.436234 1.530053 -3.280766 19.738316 -11.234738 -2.736334 -14.454345 13.204059 -4.197201 -0.712406
-0.480964 -17.350508 8.814252 -10.708911 20.116951 -5.878022 25.493690 13.039908 2.935046 15.006329 -6.206874 -5.220109 -15.806977 -7.472854 19.059965 6.435781 -12.143830 10.291924 -23.660444 3.528589 3.654223 -0.481593 -4.605377 19.921648 -10.519030 -2.223112 -13.793486 14.446870 -2.897150 0.202135
-1.793996 -17.866411 8.133458 -12.034625 19.410065 -6.144831 24.807333 14.176069 3.529290 13.261511 -6.181595 -4.467278 -17.897203 -6.582817 18.270782 6.815646 -12.687156 10.546217 -22.888536 2.913246 3.081689 -1.528367 -5.530464 19.791159 -10.120008 -2.019074 -13.297720 15.211574 -2.244313 0.877191
-2.541075 -18.309189 7.107473 -12.876275 19.163958 -5.817402 24.323303 15.096130 3.557127 12.357336 -6.583233 -3.705055 -19.126572 -5.536063 17.492172 7.302611 -12.954810 10.502643 -22.321127 2.619761 2.578160 -2.197674 -6.308449 19.319086 -9.916385 -1.998634 -13.019341 15.620510 -1.918551 1.352972
-3.147430 -18.526970 6.394058 -13.482780 19.274254 -5.559587 23.778194 15.555794 3.431076 11.852893 -6.706184 -3.078552 -19.865036 -4.584576 17.483612 7.314284 -12.740154 10.357185 -21.947891 2.098544 2.231798 -2.598027 -6.888783 18.853010 -9.878257 -2.031908 -12.874920 15.843606 -1.808630 1.629228
-3.708134 -18.501989 6.138391 -13.696855 19.592201 -5.436318 23.247986 15.781389 3.292515 11.397291 -7.050250 -2.632877 -20.204153 -3.884955 17.372858 7.445070 -12.704499 10.229054 -21.748129 1.731351 2.036574 -2.846416 -7.175752 18.555010 -9.931651 -2.105762 -12.811132 15.876130 -1.770276 1.762216
-4.183236 -18.486244 5.904854 -13.749991 19.863733 -5.436211 23.058620 15.835458 3.128716 11.255217 -7.213262 -2.453004 -20.305817 -3.488095 17.388926 7.412817 -12.538597 10.057634 -21.667803 1.457322 1.911288 -2.986738 -7.366223 18.349112 -9.958724 -2.158003 -12.772491 15.936747 -1.756807 1.842031
-4.357543 -18.488443 5.809976 -13.781330 19.928341 -5.441442 23.015722 15.872574 3.083538 11.219583 -7.285594 -2.388178 -20.372231 -3.370853 17.357924 7.404823 -12.527898 10.106366 -21.619749 1.419600 1.862613 -3.018083 -7.445696 18.253263 -9.977977 -2.187465 -12.756633 15.958383 -1.765225 1.868654
-4.412276 -18.481539 5.771273 -13.788188 19.959660 -5.446949 22.989304 15.875629 3.067313 11.207294 -7.310408 -2.360186 -20.369686 -3.322344 17.364817 7.393338 -12.508837 10.084080 -21.608477 1.382869 1.847184 -3.028908 -7.463075 18.223488 -9.988766 -2.198045 -12.754256 15.966191 -1.766776 1.884486
-4.513071 -18.453365 5.702256 -13.785701 20.034889 -5.433304 22.924435 15.866233 3.045668 11.162821 -7.363333 -2.316794 -20.373129 -3.244653 17.370544 7.382637 -12.481330 10.062323 -21.593136 1.328477 1.809047 -3.004901 -7.485163 18.160784 -10.016938 -2.252578 -12.738691 15.961708 -1.793501 1.885233
-4.712987 -18.419920 5.556030 -13.782213 20.164425 -5.459307 22.825098 15.851279 2.974856 11.113398 -7.495354 -2.250064 -20.354359 -3.085121 17.369022 7.380369 -12.447494 10.002954 -21.560200 1.221620 1.759398 -2.954532 -7.499566 18.071499 -10.053771 -2.335524 -12.713424 15.962107 -1.836231 1.893928
-5.032486 -18.361578 5.352602 -13.779457 20.348324 -5.605849 22.705923 15.799916 2.863690 11.093687 -7.702016 -2.150934 -20.280199 -2.855801 17.355835 7.394318 -12.373113 9.840581 -21.521919 1.038243 1.693336 -2.884567 -7.595718 17.911081 -10.091290 -2.432850 -12.660890 16.003239 -1.895652 1.906513
-5.413568 -18.304190 5.118642 -13.829218 20.587311 -5.788682 22.596287 15.764635 2.749454 11.072102 -7.995995 -2.020617 -20.197926 -2.561601 17.300238 7.467830 -12.358712 9.707528 -21.458399 0.875794 1.615754 -2.790019 -7.721454 17.700140 -10.174874 -2.573558 -12.595836 16.009874 -1.971270 1.943444
-5.774361 -18.150835 4.935420 -13.861008 20.835228 -5.919065 22.345047 15.640486 2.682898 10.998837 -8.243957 -1.899264 -20.166309 -2.282451 17.240589 7.489967 -12.280912 9.640362 -21.379833 0.714837 1.619324 -2.706661 -7.787107 17.551950 -10.325945 -2.652806 -12.593511 15.923052 -2.055980 2.018914
-6.234166 -17.969870 4.664173 -13.839819 21.128410 -6.050488 22.098543 15.452030 2.586087 10.939247 -8.569647 -1.771564 -19.978334 -1.960542 17.176264 7.507344 -12.081613 9.393144 -21.325998 0.444667 1.646690 -2.558164 -7.879859 17.364523 -10.504145 -2.738897 -12.595639 15.823296 -2.184266 2.070750
-6.786897 -17.787008 4.313285 -13.929823 21.493773 -6.112812 21.822649 15.315554 2.422101 10.926582 -8.932622 -1.621305 -19.870686 -1.674612 17.098911 7.581551 -11.935661 9.302030 -21.258007 0.243205 1.624956 -2.428590 -7.869833 17.234510 -10.711576 -2.854577 -12.607827 15.682202 -2.300626 2.155663
-7.253221 -17.499105 4.020708 -13.971224 21.895462 -6.193017 21.474134 15.108893 2.279248 10.952791 -9.258032 -1.448639 -19.698395 -1.379344 17.038923 7.573561 -11.697902 9.159635 -21.180037 -0.043125 1.611973 -2.198258 -7.871023 17.077709 -10.976165 -3.006180 -12.619597 15.486832 -2.475179 2.199728
-7.662279 -17.143717 3.785347 -13.866102 22.275318 -6.350595 21.063675 14.828804 2.198141 10.928341 -9.605762 -1.347155 -19.337229 -1.181113 17.017183 7.597594 -11.425858 8.901905 -21.193361 -0.315783 1.553936 -1.937101 -7.841070 16.891386 -11.270909 -3.216691 -12.629842 15.195561 -2.670951 2.239190
-8.005281 -16.777496 3.485615 -13.771619 22.736614 -6.504138 20.555267 14.554855 2.136122 10.838363 -10.074192 -1.189109 -18.879681 -0.894865 16.953728 7.612433 -11.031697 8.423518 -21.237835 -0.663544 1.508303 -1.627993 -7.828118 16.720514 -11.591081 -3.431493 -12.628386 14.893250 -2.895278 2.224655
-8.036203 -16.338428 3.299415 -13.680606 23.206791 -6.600329 19.938419 14.206150 2.172485 10.763060 -10.513427 -0.997513 -18.430813 -0.580206 16.734737 7.675274 -10.660289 7.823739 -21.257444 -0.940540 1.466647 -1.196916 -7.752063 16.583828 -11.875816 -3.679549 -12.603383 14.578911 -3.153727 2.123927
-7.872759 -15.890739 3.126539 -13.621340 23.709362 -6.674881 19.259327 13.816578 2.248789 10.714752 -11.019310 -0.879488 -17.925905 -0.375188 16.582966 7.731612 -10.329766 7.365828 -21.359367 -1.221970 1.423365 -0.764435 -7.654335 16.477308 -12.163413 -3.926485 -12.574415 14.237651 -3.409589 1.992573
-7.654753 -15.537288 2.990602 -13.602671 24.147623 -6.662776 18.649422 13.468666 2.316220 10.673665 -11.343501 -0.805163 -17.500809 -0.269477 16.478323 7.734833 -10.068718 6.958182 -21.436266 -1.405324 1.393881 -0.424851 -7.578559 16.417379 -12.387826 -4.094080 -12.555466 13.993172 -3.609020 1.878609
-7.437551 -15.259744 2.944408 -13.564720 24.480658 -6.693094 18.184208 13.198111 2.380161 10.663586 -11.702713 -0.786110 -17.101633 -0.216533 16.383640 7.756557 -9.874438 6.662097 -21.544485 -1.568380 1.378011 -0.115502 -7.498163 16.398434 -12.560523 -4.240933 -12.524076 13.798740 -3.782480 1.747830
-7.211934 -15.054150 2.949100 -13.572435 24.787537 -6.607805 17.797222 13.013083 2.424797 10.639709 -12.128638 -0.750378 -16.671894 -0.132697 16.275099 7.803702 -9.647357 6.299822 -21.662231 -1.772079 1.380764 0.139607 -7.439558 16.376516 -12.727489 -4.353804 -12.502391 13.660069 -3.946036 1.642334
-7.038085 -14.905914 2.966935 -13.599205 25.008205 -6.504401 17.511684 12.885759 2.473091 10.613071 -12.296729 -0.741060 -16.445515 -0.125056 16.216015 7.809084 -9.534952 6.119614 -21.730936 -1.850462 1.388150 0.307570 -7.387612 16.371992 -12.842208 -4.429733 -12.471108 13.575846 -4.056573 1.578477
-6.894333 -14.793563 2.992179 -13.615578 25.166136 -6.433484 17.315680 12.801477 2.508901 10.603690 -12.453090 -0.729300 -16.258114 -0.121771 16.166656 7.826972 -9.447321 5.960326 -21.797239 -1.926137 1.396461 0.417507 -7.357650 16.363535 -12.919990 -4.471579 -12.450661 13.522103 -4.131632 1.544152
-6.804777 -14.713859 3.006533 -13.619748 25.252615 -6.397462 17.181210 12.744685 2.538810 10.589417 -12.554615 -0.724499 -16.136032 -0.124292 16.119091 7.842071 -9.382147 5.853209 -21.836723 -1.974853 1.400546 0.470432 -7.344981 16.358812 -12.956367 -4.496135 -12.435847 13.495911 -4.167737 1.524440
-6.785665 -14.690434 3.011438 -13.618637 25.271214 -6.390953 17.144234 12.726562 2.548509 10.584059 -12.590006 -0.724262 -16.095766 -0.125351 16.103699 7.849679 -9.360145 5.816874 -21.850302 -1.988910 1.401347 0.488526 -7.340419 16.357658 -12.968289 -4.503997 -12.431523 13.487194 -4.179568 1.518010
-6.786053 -14.681747 3.015181 -13.615419 25.271223 -6.395696 17.134106 12.718051 2.550963 10.583281 -12.587246 -0.717428 -16.084246 -0.114433 16.098431 7.849370 -9.351113 5.781481 -21.848841 -1.993206 1.402167 0.491884 -7.338404 16.356850 -12.973069 -4.508417 -12.429646 13.485138 -4.182814 1.517025
-6.815205 -14.690625 3.015521 -13.611301 25.244888 -6.411095 17.158260 12.723683 2.546870 10.587459 -12.568144 -0.712162 -16.099274 -0.107785 16.098545 7.847171 -9.355203 5.775404 -21.841354 -1.990022 1.400337 0.477803 -7.341639 16.356531 -12.972262 -4.506862 -12.431579 13.487775 -4.175749 1.525006
-6.859437 -14.694956 3.012690 -13.605775 25.205029 -6.442853 17.178932 12.724678 2.545490 10.590418 -12.514977 -0.704840 -16.142750 -0.089771 16.110992 7.849281 -9.376319 5.760569 -21.823219 -1.971479 1.393264 0.446992 -7.346759 16.358601 -12.965734 -4.505634 -12.430981 13.494902 -4.157359 1.541967
-6.907699 -14.690880 3.008603 -13.600169 25.162008 -6.484344 17.189274 12.717913 2.544662 10.593169 -12.467986 -0.698191 -16.176449 -0.073643 16.108191 7.858353 -9.387409 5.724101 -21.806204 -1.956445 1.393999 0.454153 -7.342782 16.357183 -12.991894 -4.521687 -12.426864 13.482497 -4.169250 1.542279
-6.942249 -14.680836 3.009516 -13.599716 25.128801 -6.504505 17.190544 12.717524 2.546437 10.590873 -12.427322 -0.698017 -16.214813 -0.069693 16.104687 7.887208 -9.412484 5.689177 -21.799685 -1.943702 1.393324 0.405526 -7.363721 16.357626 -12.988929 -4.515496 -12.431468 13.498512 -4.147883 1.558658
-6.959371 -14.693307 3.006108 -13.610970 25.106239 -6.497832 17.210529 12.732615 2.542798 10.584587 -12.442594 -0.695584 -16.210217 -0.069480 16.079868 7.932423 -9.427057 5.620127 -21.814493 -1.964832 1.401743 0.416555 -7.367970 16.352377 -13.013435 -4.527259 -12.428120 13.490752 -4.164747 1.552619
-6.944561 -14.728853 3.011292 -13.629794 25.094543 -6.491642 17.257725 12.774965 2.534566 10.580175 -12.463161 -0.703204 -16.211174 -0.085335 16.068041 7.972496 -9.454956 5.576536 -21.839359 -1.997223 1.412174 0.401612 -7.367498 16.358465 -13.023850 -4.529123 -12.426865 13.500682 -4.166776 1.553209
-6.868156 -14.776882 3.021464 -13.649092 25.119999 -6.458132 17.310228 12.821987 2.521930 10.587774 -12.487067 -0.732668 -16.202185 -0.134928 16.067505 8.008263 -9.498827 5.565550 -21.887957 -2.023048 1.411942 0.372481 -7.362542 16.376633 -13.020794 -4.525303 -12.418614 13.529120 -4.153739 1.565365
-6.728824 -14.809559 3.080689 -13.647953 25.165867 -6.430435 17.361406 12.844041 2.517440 10.624794 -12.570615 -0.771176 -16.120609 -0.205857 16.067579 8.020601 -9.524753 5.581087 -21.971554 -2.059613 1.418938 0.398001 -7.349763 16.398947 -13.007895 -4.524233 -12.401192 13.555825 -4.162873 1.542827
-6.639920 -14.835293 3.124795 -13.638840 25.153280 -6.370697 17.384893 12.838238 2.530715 10.643961 -12.704144 -0.812355 -15.951470 -0.268211 16.032848 8.009617 -9.519378 5.579798 -22.073055 -2.129529 1.431979 0.465845 -7.320400 16.414618 -12.997300 -4.529571 -12.383372 13.565994 -4.191313 1.504626
-6.545081 -14.835907 3.123370 -13.645686 25.147247 -6.312742 17.329361 12.790974 2.571598 10.642647 -12.835724 -0.846208 -15.767953 -0.326156 15.981059 7.991039 -9.492118 5.594940 -22.146914 -2.151435 1.433822 0.511772 -7.273846 16.456175 -12.961623 -4.530696 -12.369309 13.589512 -4.199059 1.465024
-6.355273 -14.750715 3.144797 -13.624306 25.185144 -6.250930 17.169382 12.665235 2.639387 10.657537 -12.862888 -0.892206 -15.633742 -0.373516 15.961833 7.972689 -9.473616 5.602725 -22.168936 -2.094862 1.430526 0.574774 -7.247759 16.466600 -12.971895 -4.547030 -12.358932 13.566965 -4.228795 1.427765
-6.129673 -14.642740 3.187986 -13.617759 25.223663 -6.241896 17.020702 12.557475 2.693104 10.695810 -12.787329 -0.945485 -15.568147 -0.418584 15.976941 7.966226 -9.469984 5.617910 -22.146889 -1.976177 1.431701 0.641625 -7.221201 16.471239 -12.995337 -4.562484 -12.357856 13.522869 -4.263105 1.392071
-6.018329 -14.580083 3.171505 -13.676707 25.245598 -6.272761 16.909348 12.530449 2.722626 10.698766 -12.723624 -0.960455 -15.492558 -0.442061 16.013456 7.970653 -9.454192 5.549350 -22.136599 -1.877695 1.438947 0.694802 -7.206765 16.479115 -13.015950 -4.565176 -12.369380 13.471647 -4.283601 1.355219
-3.564586 -20.892401 4.784036 -9.135054 23.550079 -2.340285 8.222027 14.801381 1.266098 7.066693 -7.724065 -1.073551 -20.852011 -6.379742 12.596786 4.216947 -1.405293 -0.567291 -22.631498 4.739080 3.516917 8.626870 -8.850731 11.561168 -10.354699 2.995044 -12.177687 10.296875 -2.092564 4.069950
-3.492262 -20.914324 4.852297 -9.079550 23.509621 -2.351952 8.353480 14.855173 1.246233 7.148502 -7.668113 -1.117681 -20.682945 -6.495061 12.673082 4.243588 -1.609514 -0.516441 -22.704237 4.859285 3.551496 8.629058 -8.773868 11.613877 -10.307361 2.990582 -12.228962 10.321211 -2.106445 3.992832
-3.246453 -20.841099 5.027495 -8.945189 23.518162 -2.369905 8.441233 14.899107 1.217821 7.319470 -7.504986 -1.216894 -20.552961 -6.685450 12.784399 4.258179 -1.684113 -0.461342 -22.786835 4.976712 3.580205 8.696458 -8.698509 11.630206 -10.274001 2.979754 -12.277527 10.298749 -2.146038 3.906065
-2.982511 -20.649595 5.222969 -8.796307 23.488068 -2.358221 8.406651 14.973676 1.192100 7.443072 -7.313895 -1.303700 -20.287617 -6.907152 12.911248 4.361110 -1.803197 -0.545601 -22.873575 5.228809 3.608582 8.805158 -8.599973 11.692321 -10.240341 2.971296 -12.378389 10.244758 -2.228668 3.749221
-2.749425 -20.433220 5.505319 -8.562723 23.577431 -2.391055 8.454409 14.987269 1.183671 7.679948 -7.144434 -1.317682 -19.826363 -7.051672 13.107766 4.596389 -2.016542 -0.793960 -22.949186 5.619018 3.670469 8.860654 -8.437109 11.823097 -10.221027 2.963378 -12.525028 10.195261 -2.333050 3.584764
-0.609672 -20.206465 5.891480 -5.886855 22.228527 -6.899066 7.782099 14.391501 -0.961997 5.554684 -8.758936 -6.481148 -18.232830 -6.054005 10.102296 7.423213 2.752018 1.456396 -21.193506 4.457799 6.043379 10.697277 -9.169553 10.761474 -8.969550 0.742165 -12.515221 10.946470 -1.854855 3.506548
-0.303749 -19.129644 6.310942 -5.387594 21.844223 -7.840982 8.273508 13.778259 -1.985822 4.960989 -8.792718 -6.868403 -17.790535 -5.532946 10.214770 8.423708 3.612199 0.912159 -20.799379 4.029416 6.549601 10.897347 -9.083536 10.325068 -8.826856 -0.026823 -12.452989 11.352433 -1.823316 4.029546
-1.210758 -19.170465 6.476003 -4.920804 21.744514 -8.278576 8.647586 13.195509 -2.437451 4.752013 -9.022610 -6.680966 -17.870396 -5.046972 9.950109 9.293987 4.106639 0.278789 -20.405272 4.524648 6.431084 11.466990 -9.014853 9.918029 -9.026391 -0.304109 -12.698487 11.204599 -2.391676 4.945400
-2.635015 -20.145548 5.617597 -5.402911 21.932301 -8.336800 8.801270 11.950562 -2.310782 4.884686 -9.585020 -6.531420 -17.661871 -4.538589 9.830676 9.578562 4.096923 0.020491 -20.384630 4.695735 6.282495 11.752192 -8.588622 9.552766 -9.189744 -0.445193 -12.770204 11.398214 -2.641994 5.689708
-3.672575 -20.678587 4.856976 -6.073383 21.907778 -8.069036 8.764837 11.191011 -2.116378 4.375313 -10.230412 -6.339036 -17.439734 -3.914028 9.828647 9.459929 4.740438 -0.557743 -20.474821 4.297287 6.300630 11.884738 -8.386761 9.545415 -9.640513 -0.430458 -12.180596 11.325706 -2.437984 6.471195
-3.829779 -20.930536 4.395102 -6.641735 21.991505 -7.770852 8.297919 11.229681 -1.906151 3.926547 -10.522472 -6.049385 -17.687517 -3.477695 10.019176 9.223230 5.307645 -0.551640 -20.244864 4.065277 6.226496 11.749006 -8.698528 9.418859 -10.017901 -0.489430 -11.713315 11.235970 -2.209313 6.847120
-3.629176 -20.955471 3.972812 -7.061362 21.945164 -7.494852 7.938833 11.704529 -2.036501 3.532056 -10.676587 -5.807497 -17.981167 -3.061381 10.212323 9.167280 5.562459 -0.478464 -19.970274 3.929517 6.106228 11.611438 -8.917086 9.368611 -10.317442 -0.542205 -11.329062 11.222731 -2.064240 7.192286
-3.163401 -21.157860 3.718490 -7.342655 21.560703 -7.246524 7.712937 12.196329 -2.093675 3.241970 -10.650988 -5.712249 -18.630455 -2.763929 10.212615 8.868267 5.996332 -0.207915 -19.639381 3.718884 5.923810 11.498849 -9.204381 9.442885 -10.559471 -0.599682 -10.987309 11.252579 -1.972772 7.401585
-3.290960 -21.501244 3.457044 -7.615078 21.234859 -7.413954 7.701422 12.167885 -1.892056 3.020148 -10.693107 -5.565730 -19.305262 -2.358285 10.133224 8.624222 6.449168 -0.103783 -19.305281 3.440207 5.750220 11.417111 -9.524124 9.687126 -10.523335 -0.576778 -10.907292 11.191873 -1.905772 7.178960
-3.474254 -21.684935 3.650254 -7.565826 21.126333 -7.502412 7.813496 12.025393 -1.626701 3.042581 -10.645911 -5.454328 -19.674711 -2.173432 10.212237 8.503736 6.698930 -0.052536 -19.123180 3.436402 5.593104 11.478992 -9.790769 10.012265 -10.480574 -0.649509 -10.774974 11.096879 -1.958327 7.001257
-3.633277 -21.712404 3.884021 -7.616443 20.993959 -7.582603 7.924199 11.992267 -1.459562 3.082085 -10.359287 -5.475963 -20.237898 -2.587556 10.135005 8.072360 6.746659 0.448311 -19.038322 3.578119 5.402783 11.632564 -9.942871 10.446766 -10.394767 -0.725808 -10.490210 11.105155 -2.100075 6.806260
-3.846118 -22.042070 3.646610 -7.992558 20.733267 -7.621572 8.092149 11.969038 -1.312895 2.984261 -10.119559 -5.456246 -20.658321 -3.071553 9.916997 7.770219 6.494508 1.136169 -18.986006 4.098816 5.354177 11.690953 -10.109241 10.788025 -10.226503 -0.735761 -10.172713 11.205025 -2.093446 6.564403
-3.486057 -22.009865 3.613565 -8.344944 20.603779 -7.853419 8.140272 11.947748 -1.085914 3.022450 -9.968369 -5.525342 -20.709129 -3.473836 9.728883 7.678620 6.078060 1.684752 -19.068281 4.488619 5.470713 11.608064 -10.257179 10.888459 -10.018752 -0.662149 -9.994980 11.415660 -1.929831 6.376955
-2.840776 -21.555277 4.130597 -8.438111 20.811462 -8.339845 7.965775 11.791451 -0.619981 3.325547 -9.883734 -5.493148 -20.809139 -3.706485 9.424125 7.820003 5.491867 2.245851 -19.038708 5.030175 5.490914 11.429923 -10.346685 10.787807 -9.918378 -0.484234 -9.972663 11.590816 -1.745532 6.319817
-2.355332 -21.247925 4.733201 -8.571036 20.955774 -8.628906 7.733542 11.588113 -0.082332 3.526007 -9.811042 -5.480019 -20.960123 -3.875012 9.098916 7.960918 4.831521 2.745549 -19.048855 5.322989 5.338000 11.150124 -10.595051 10.734030 -9.818429 -0.289648 -9.862348 11.708038 -1.544362 6.194669
-1.894180 -20.801380 5.370145 -8.376839 21.157574 -8.723965 7.554784 11.777833 0.141735 3.693153 -9.729079 -5.432866 -21.175865 -3.904485 8.894165 8.079487 4.281037 3.144095 -19.001923 5.506580 5.209713 10.904660 -10.832745 10.699882 -9.720195 -0.180344 -9.793831 11.787909 -1.411332 6.041449
-1.410353 -20.408455 6.023868 -8.198338 21.228796 -8.760353 7.420495 12.099873 0.311636 3.749784 -9.696012 -5.493423 -21.269543 -3.980511 8.812060 8.009623 3.993690 3.304476 -19.052053 5.279556 5.135534 10.691519 -11.073214 10.738523 -9.607789 -0.108339 -9.766050 11.831751 -1.306589 5.770755
-1.227704 -20.263529 6.253351 -8.160146 21.227139 -8.618776 7.319441 12.531663 0.309488 3.650511 -9.665348 -5.596533 -21.386780 -4.065944 8.764483 7.815482 3.787949 3.437124 -19.149683 4.877820 5.124346 10.598712 -11.187443 10.795177 -9.537343 -0.096151 -9.802503 11.821063 -1.282063 5.545087
-1.085999 -20.112911 6.431621 -8.145782 21.190666 -8.543753 7.230542 12.888649 0.306150 3.536733 -9.676711 -5.620439 -21.596546 -4.079812 8.627277 7.736562 3.565044 3.696563 -19.115927 4.701215 5.141757 10.501115 -11.326503 10.881135 -9.447566 -0.087597 -9.881545 11.765663 -1.269112 5.242487
-0.985677 -20.035686 6.467284 -8.176435 21.168200 -8.484301 7.180193 13.040566 0.317672 3.504228 -9.677317 -5.690693 -21.598629 -4.096307 8.646812 7.634833 3.547507 3.673775 -19.152788 4.442631 5.194740 10.487374 -11.315597 10.892161 -9.428191 -0.083003 -9.983076 11.716416 -1.285796 5.142013
-0.932561 -20.000834 6.482595 -8.199888 21.162964 -8.465900 7.151642 13.084997 0.335372 3.496166 -9.670309 -5.700006 -21.628391 -4.102810 8.635459 7.610859 3.522763 3.687609 -19.153526 4.383107 5.204461 10.475930 -11.325462 10.899290 -9.417794 -0.081356 -10.004766 11.703610 -1.285271 5.103269
