4.824931 -4.034159 -2.847389 -9.857093 20.906006 -5.409125 16.381805 -9.238749 -12.420383 -11.093727 -17.794659 -4.122296 -7.707676 0.264651 13.368004 11.320784 12.702770 -5.008491 -19.570230 10.449451 4.482395 3.944845 4.178858 4.191820 -24.435371 3.158703 -4.204239 15.481196 1.145800 2.656522
4.094358 -4.177437 -3.258034 -10.242096 20.960991 -5.791120 16.195953 -9.644135 -12.407453 -11.346331 -18.395752 -3.528909 -8.069178 0.886642 13.281754 11.222775 12.902031 -4.992838 -19.215254 10.632748 4.291989 3.974860 3.985181 3.994128 -24.567684 3.104378 -4.033971 15.513901 1.161079 2.917922
3.126185 -4.290243 -4.229207 -10.862723 21.135872 -6.582006 15.705825 -9.961000 -12.428551 -11.738932 -19.353020 -2.670214 -8.383808 1.849583 13.470449 10.894248 13.779544 -4.978145 -18.619459 11.164484 4.081353 3.995474 3.445979 3.642952 -24.833324 2.958226 -3.782497 15.453823 1.212259 3.166014
1.664063 -4.376001 -5.255449 -11.813268 21.293531 -7.578055 14.832129 -10.012296 -12.366032 -12.062547 -19.969757 -1.865614 -9.136179 2.582192 13.592676 10.642496 14.724033 -4.843901 -17.974924 12.030883 3.968948 4.376065 2.600588 3.273379 -25.556667 2.815332 -3.354839 14.700701 1.165580 3.397597
0.221079 -4.463167 -5.897683 -12.787676 21.342896 -8.765887 13.908808 -9.855646 -11.971614 -12.621435 -20.848902 -0.755380 -10.182074 3.854234 13.544154 10.284441 15.786995 -4.745024 -17.236315 13.053055 3.758828 4.425568 1.717403 2.832351 -26.077766 2.730247 -2.970313 14.239071 1.266994 3.558805
-0.560308 -4.300895 -5.827794 -13.628216 21.256845 -9.185417 13.084948 -9.639017 -11.664768 -13.464157 -21.622398 -0.072998 -10.974777 4.687119 13.341167 9.941618 15.840019 -4.170979 -16.760374 13.947144 3.490142 4.340373 0.626046 1.992241 -26.465347 2.755338 -2.774950 13.780352 1.546983 3.978502
-0.602953 -4.023547 -5.381658 -14.628290 20.969959 -9.122025 11.815355 -8.911782 -11.061658 -14.270076 -22.410721 0.379198 -11.897082 4.953633 12.519362 9.530791 15.257590 -3.111269 -16.433931 14.401312 3.266177 3.902123 -0.449666 1.312748 -26.763386 2.680404 -2.383462 13.688709 1.877257 4.500322
-0.415752 -3.718689 -5.205294 -15.564331 20.969049 -9.094831 10.593208 -8.344952 -10.517022 -14.873827 -23.223604 0.748165 -12.843289 5.080915 11.290618 9.212233 14.355127 -2.111893 -16.237835 14.537599 3.068906 3.636908 -1.420364 0.684684 -26.998379 2.579470 -2.101206 13.623692 2.058385 4.936654
-0.029831 -3.504769 -5.162361 -16.183899 20.997929 -9.188075 9.672813 -7.851707 -10.108709 -15.251155 -23.660854 0.861936 -13.381306 5.092617 10.418088 9.009638 13.916175 -1.697859 -16.183609 14.465069 2.909829 3.228216 -2.117323 0.264283 -27.159815 2.541822 -2.005981 13.562395 2.202732 5.231625
0.129587 -3.343094 -5.080693 -16.574209 21.034435 -9.390681 9.127205 -7.577758 -9.828311 -15.474024 -23.983456 0.854224 -13.643878 5.048526 9.869812 8.849178 13.655738 -1.356986 -16.124136 14.431499 2.879586 3.057529 -2.578874 0.081225 -27.227623 2.511542 -1.895100 13.474561 2.302773 5.497835
0.216066 -3.349359 -5.121450 -16.267229 21.107124 -9.288192 9.434511 -7.796340 -10.018895 -15.204595 -23.811083 0.821676 -13.280559 4.948970 10.151016 9.008542 13.656446 -1.569576 -16.239466 14.508352 3.105057 3.509056 -2.222788 0.118173 -27.177734 2.637391 -2.118219 13.259695 2.233860 5.161138
0.500151 -2.830958 -5.415792 -13.228868 22.014542 -9.169207 11.904411 -8.705261 -12.212928 -12.990658 -22.581917 -0.041298 -9.797303 3.871794 12.635266 9.680895 14.281182 -2.794533 -17.274796 14.952234 4.387665 5.907261 0.594976 1.101618 -26.584469 3.307357 -3.197871 12.549747 1.607786 3.420233
4.476257 -2.588818 -4.911193 -7.530980 21.797165 -10.277161 14.649364 -7.345468 -15.597017 -9.817601 -20.315201 -1.947729 -4.349781 0.755895 15.855081 10.209394 8.941413 -3.133302 -20.399342 13.128700 7.064934 8.096612 3.153581 2.929730 -24.694920 6.413124 -6.484668 10.282463 2.619131 2.297829
14.012518 -4.442236 -1.610056 -3.149627 18.592255 -12.253442 17.082966 -5.096124 -14.682639 -8.894453 -18.325157 -4.112910 0.714863 -3.193241 18.231972 9.759866 -1.023463 -0.448690 -24.760656 7.410011 10.076927 11.976240 3.147175 5.877649 -19.293766 10.415305 -7.095955 9.392309 4.194719 0.318374
20.251987 -7.438588 2.843150 -1.919663 13.514012 -13.795588 23.399887 -3.159186 -12.601045 -7.747379 -12.291573 -5.069999 -2.585135 -5.975478 21.407385 7.508918 -6.218561 3.364884 -25.834892 5.384798 10.866493 9.823953 3.594747 8.926514 -16.243401 12.811355 -7.829877 9.785156 5.169783 -0.866689
20.568186 -9.405436 5.340589 -1.352567 9.753368 -13.019302 26.757986 0.879848 -11.604035 -8.963392 -8.262314 -5.736151 -8.208344 -7.342989 20.919353 6.938061 -9.333279 7.109622 -25.254539 5.621770 11.003756 6.240994 2.074804 10.014560 -14.262959 14.214517 -8.055635 10.723682 6.944483 0.397935
18.667053 -12.762794 6.147388 -2.821069 5.712052 -14.547689 28.081070 5.120321 -10.863808 -11.061317 -6.490853 -5.681723 -13.190161 -7.932246 19.887268 6.152106 -11.069546 9.202923 -24.462179 3.935236 10.295160 4.156940 -0.561869 10.628083 -12.247406 14.519521 -6.637931 12.820542 8.342164 1.026239
15.738325 -14.884439 4.564086 -6.261784 3.405515 -16.142824 27.057791 7.093527 -9.296882 -13.650780 -6.181595 -4.467278 -17.897203 -6.582817 18.270782 6.815646 -12.687156 10.546217 -22.888536 2.913246 8.932915 2.099102 -2.306813 10.790904 -10.976787 14.846581 -5.717904 14.784474 9.410765 2.421828
12.522749 -15.016394 3.499621 -7.544748 3.043450 -17.231659 26.126112 8.242885 -9.655774 -14.363470 -6.706184 -3.078552 -19.865036 -4.584576 17.483612 7.314284 -12.740154 10.357185 -21.947891 2.098544 7.717366 1.305410 -3.205401 10.007544 -10.850737 14.624493 -5.180832 15.677489 9.600600 3.603175
11.222918 -14.707963 3.060791 -8.036002 3.402758 -17.519064 25.299582 8.420692 -9.965121 -14.461496 -7.213262 -2.453004 -20.305817 -3.488095 17.388926 7.412817 -12.538597 10.057634 -21.667803 1.457322 7.405710 1.334299 -3.487217 9.499092 -10.927512 14.519229 -5.010516 15.789001 9.642270 3.874269
10.967932 -14.663248 2.940279 -8.078992 3.482224 -17.591980 25.187721 8.409193 -10.041392 -14.451221 -7.310408 -2.360186 -20.369686 -3.322344 17.364817 7.393338 -12.508837 10.084080 -21.608477 1.382869 7.346015 1.375155 -3.551726 9.388408 -10.953180 14.492499 -4.971908 15.812057 9.638570 3.909429
10.630349 -14.528181 2.736002 -8.077410 3.716715 -17.686867 24.937515 8.267317 -10.171044 -14.439913 -7.495354 -2.250064 -20.354359 -3.085121 17.369022 7.380369 -12.447494 10.002954 -21.560200 1.221620 7.312794 1.479457 -3.608568 9.242139 -10.978980 14.450929 -4.949000 15.779178 9.626031 3.915349
9.825970 -14.297184 2.307176 -7.990975 4.120215 -17.859346 24.556631 8.007824 -10.558159 -14.363866 -7.995995 -2.020617 -20.197926 -2.561601 17.300238 7.467830 -12.358712 9.707528 -21.458399 0.875794 7.241192 1.699286 -3.712145 9.005839 -11.007649 14.388299 -4.880043 15.743372 9.594031 3.888958
8.972503 -13.962286 1.804056 -7.933329 4.604067 -17.905092 24.055517 7.559447 -10.905448 -14.293306 -8.569647 -1.771564 -19.978334 -1.960542 17.176264 7.507344 -12.081613 9.393144 -21.325998 0.444667 7.158556 2.127630 -4.043419 8.512197 -11.186278 14.220807 -4.693186 15.631609 9.470210 3.872865
7.915636 -13.660358 0.875945 -8.098329 5.320959 -18.143824 23.376305 7.118228 -11.405979 -14.200871 -9.258032 -1.448639 -19.698395 -1.379344 17.038923 7.573561 -11.697902 9.159635 -21.180037 -0.043125 7.041501 2.588821 -4.251904 8.020727 -11.590461 13.958835 -4.495493 15.398664 9.280690 3.986147
7.118340 -12.950370 0.272594 -8.100258 6.235634 -18.254274 22.483915 6.480992 -11.770584 -14.092876 -10.074192 -1.189109 -18.879681 -0.894865 16.953728 7.612433 -11.031697 8.423518 -21.237835 -0.663544 6.918210 3.125594 -4.438714 7.459283 -12.169042 13.667290 -4.318820 14.983106 9.032285 4.195285
7.401341 -11.951003 0.101755 -8.141592 7.288072 -17.907394 21.148403 5.645145 -11.785332 -14.042128 -11.019310 -0.879488 -17.925905 -0.375188 16.582966 7.731612 -10.329766 7.365828 -21.359367 -1.221970 6.896082 3.742720 -4.388946 7.040994 -12.756098 13.329562 -4.160325 14.455175 8.691774 4.240337
7.792938 -11.260023 0.087302 -8.276340 8.017312 -17.569708 20.009125 5.012064 -11.682965 -14.102448 -11.702713 -0.786110 -17.101633 -0.216533 16.383640 7.756557 -9.874438 6.662097 -21.544485 -1.568380 7.032192 4.229762 -4.268172 6.842095 -13.163785 13.130796 -4.116443 13.972625 8.452477 4.007726
8.053259 -11.011726 0.103450 -8.347414 8.486188 -17.456064 19.500700 4.690055 -11.661103 -14.084887 -12.296729 -0.741060 -16.445515 -0.125056 16.216015 7.809084 -9.534952 6.119614 -21.730936 -1.850462 7.170348 4.624675 -4.191012 6.766683 -13.428467 13.011277 -4.094405 13.666482 8.272589 3.717880
8.186491 -10.903071 0.122175 -8.375954 8.693483 -17.410103 19.262987 4.544866 -11.647372 -14.075984 -12.554615 -0.724499 -16.136032 -0.124292 16.119091 7.842071 -9.382147 5.853209 -21.836723 -1.974853 7.228473 4.777236 -4.151813 6.750597 -13.522958 12.976319 -4.095833 13.552450 8.207362 3.605366
8.186779 -10.886981 0.126156 -8.368582 8.708781 -17.393660 19.242558 4.509377 -11.647597 -14.069901 -12.587246 -0.717428 -16.084246 -0.114433 16.098431 7.849370 -9.351113 5.781481 -21.848841 -1.993206 7.239034 4.801402 -4.144246 6.751768 -13.537421 12.971213 -4.095595 13.534476 8.199042 3.586709
8.128429 -10.895611 0.122903 -8.343058 8.651725 -17.377787 19.295109 4.499536 -11.654742 -14.057981 -12.514977 -0.704840 -16.142750 -0.089771 16.110992 7.849281 -9.376319 5.760569 -21.823219 -1.971479 7.229059 4.774502 -4.143742 6.763753 -13.526040 12.974748 -4.096802 13.550934 8.216752 3.607723
8.034334 -10.903877 0.124552 -8.290345 8.585937 -17.318747 19.370686 4.440721 -11.678880 -14.030474 -12.427322 -0.698017 -16.214813 -0.069693 16.104687 7.887208 -9.412484 5.689177 -21.799685 -1.943702 7.229561 4.781201 -4.139800 6.792475 -13.535502 12.975623 -4.097511 13.556090 8.224099 3.611374
7.998639 -10.981037 0.121000 -8.268468 8.544453 -17.306763 19.462776 4.476892 -11.719553 -14.039063 -12.463161 -0.703204 -16.211174 -0.085335 16.068041 7.972496 -9.454956 5.576536 -21.839359 -1.997223 7.255966 4.814177 -4.122013 6.830086 -13.547526 12.991531 -4.109322 13.535493 8.226945 3.587410
8.123191 -11.116884 0.133210 -8.216164 8.617288 -17.336523 19.586876 4.552195 -11.812866 -14.002384 -12.570615 -0.771176 -16.120609 -0.205857 16.067579 8.020601 -9.524753 5.581087 -21.971554 -2.059613 7.312468 4.818828 -4.090379 6.883301 -13.506833 13.012334 -4.115549 13.517906 8.238958 3.506139
8.319355 -11.111734 0.130078 -8.212799 8.637992 -17.204447 19.538900 4.506002 -11.778432 -13.965571 -12.835724 -0.846208 -15.767953 -0.326156 15.981059 7.991039 -9.492118 5.594940 -22.146914 -2.151435 7.399133 4.854746 -4.017809 6.945148 -13.487551 13.021100 -4.131923 13.450819 8.211014 3.362688
8.735461 -10.913300 0.262894 -8.273825 8.736532 -17.031097 19.265821 4.289549 -11.569055 -13.933764 -12.787329 -0.945485 -15.568147 -0.418584 15.976941 7.966226 -9.469984 5.617910 -22.146889 -1.976177 7.384958 4.947379 -3.962319 6.955586 -13.536124 12.970952 -4.107156 13.412879 8.146055 3.335032
9.517965 -1.367214 1.595059 -14.831205 8.237680 -8.293766 21.434330 1.512002 -14.378557 -18.434256 -7.724065 -1.073551 -20.852011 -6.379742 12.596786 4.216947 -1.405293 -0.567291 -22.631498 4.739080 1.697661 -2.946936 -2.686117 6.437543 -17.058764 9.874905 -3.384422 17.837482 6.529491 -0.248058
9.792820 -1.340263 1.786487 -14.611881 8.208830 -8.175581 21.764795 1.519479 -14.373734 -18.290588 -7.504986 -1.216894 -20.552961 -6.685450 12.784399 4.258179 -1.684113 -0.461342 -22.786835 4.976712 1.753725 -2.897826 -2.476398 6.552784 -17.030884 9.875278 -3.475663 17.831949 6.460128 -0.406480
10.114601 -0.821823 2.011675 -14.361118 8.372606 -8.228136 21.906204 1.731895 -14.531357 -17.990805 -7.144434 -1.317682 -19.826363 -7.051672 13.107766 4.596389 -2.016542 -0.793960 -22.949186 5.619018 1.806570 -2.724068 -2.289090 6.714818 -16.960848 9.912997 -3.640018 17.752293 6.358107 -0.758011
6.702806 -5.469415 4.737578 -9.379075 12.645627 -7.448650 19.467030 3.940412 -9.990097 -14.800819 -8.792718 -6.868403 -17.790535 -5.532946 10.214770 8.423708 3.612199 0.912159 -20.799379 4.029416 3.146723 -5.681517 -0.265553 6.834846 -18.875069 6.014101 -6.308345 18.212296 4.273879 0.258222
6.379296 -6.578780 3.644372 -9.660815 13.887815 -6.696329 19.049706 1.278968 -9.162518 -15.058404 -9.585020 -6.531420 -17.661871 -4.538589 9.830676 9.578562 4.096923 0.020491 -20.384630 4.695735 3.193702 -5.440926 0.371361 5.875965 -19.502172 5.990932 -6.286923 18.505302 4.333925 1.480965
4.415528 -7.673698 2.450658 -10.915764 13.290234 -6.938459 18.529570 1.123197 -9.367311 -15.426257 -10.522472 -6.049385 -17.687517 -3.477695 10.019176 9.223230 5.307645 -0.551640 -20.244864 4.065277 3.235944 -4.872007 0.175137 5.639706 -20.187908 5.393867 -5.271860 18.384357 4.336295 2.631742
4.521626 -7.641906 2.179840 -11.096413 12.799779 -6.582594 18.304628 2.226768 -9.807845 -15.957457 -10.650988 -5.712249 -18.630455 -2.763929 10.212615 8.868267 5.996332 -0.207915 -19.639381 3.718884 2.904221 -5.260682 -0.357293 5.783652 -20.543835 5.314305 -4.934972 18.188011 4.401874 3.409172
4.178854 -8.093082 2.030936 -11.293031 12.444818 -6.863027 18.321375 2.247646 -9.524896 -16.119722 -10.645911 -5.454328 -19.674711 -2.173432 10.212237 8.503736 6.698930 -0.052536 -19.123180 3.436402 2.535553 -5.558894 -0.717249 6.584565 -20.300751 5.292933 -4.790586 18.285063 4.349767 3.025182
4.444374 -8.293933 1.772526 -11.568489 12.330722 -7.089996 18.303829 2.179895 -9.257779 -16.012970 -10.119559 -5.456246 -20.658321 -3.071553 9.916997 7.770219 6.494508 1.136169 -18.986006 4.098816 2.318940 -5.663535 -1.195141 7.114861 -20.014435 5.282396 -4.184192 18.486359 4.479385 2.637218
5.426950 -7.753653 2.286547 -12.050259 12.357598 -7.843601 18.255442 1.966911 -8.567982 -15.649835 -9.883734 -5.493148 -20.809139 -3.706485 9.424125 7.820003 5.491867 2.245851 -19.038708 5.030175 2.731043 -6.007902 -1.381233 6.878556 -19.711708 5.597013 -4.067962 18.894512 5.015265 2.599976
5.959499 -7.114920 3.667537 -12.100489 12.512007 -7.941900 18.052641 1.940662 -7.875187 -15.441216 -9.729079 -5.432866 -21.175865 -3.904485 8.894165 8.079487 4.281037 3.144095 -19.001923 5.506580 2.749125 -6.394537 -1.747748 6.829576 -19.511106 5.825670 -3.919653 19.018417 5.318948 2.546188
6.392723 -6.608334 4.557550 -11.973521 12.633919 -7.665262 17.769068 2.710036 -7.687911 -15.505335 -9.665348 -5.596533 -21.386780 -4.065944 8.764483 7.815482 3.787949 3.437124 -19.149683 4.877820 2.738091 -6.577461 -2.100333 7.060617 -19.376232 5.781245 -3.867208 18.942289 5.327047 2.177860
6.595023 -6.407425 4.774024 -11.923716 12.606582 -7.526810 17.599863 3.254094 -7.666821 -15.643665 -9.677317 -5.690693 -21.598629 -4.096307 8.646812 7.634833 3.547507 3.673775 -19.152788 4.442631 2.788220 -6.624179 -2.226964 7.258986 -19.299446 5.714734 -4.003919 18.788403 5.235367 1.836996
