1.330430 -20.599157 6.400328 -6.359033 23.141169 -5.606668 8.591747 11.176359 6.051518 -3.878274 -14.198281 0.668656 -24.502106 -16.924408 12.546926 8.028294 -2.280905 0.079477 -6.405073 7.933883 2.367431 -7.234686 -3.648725 8.062464 -18.760080 5.756217 -2.556159 19.172934 5.664746 1.854582
1.289702 -20.522400 6.666609 -6.692598 23.133207 -5.679607 8.498048 11.238701 6.355028 -3.953840 -14.185667 0.726920 -24.778772 -16.940125 12.347264 8.028287 -2.592798 0.374913 -6.359494 7.952221 2.279935 -7.459772 -4.076316 8.315037 -18.559978 5.806212 -2.224914 19.237759 5.791772 1.763234
1.223534 -20.370653 7.255868 -7.172416 22.956108 -5.878088 8.418461 11.438162 6.890492 -4.176817 -14.203439 0.777180 -25.407246 -16.934536 11.917550 8.050839 -3.304659 1.024674 -6.249692 7.829577 2.255411 -7.696045 -4.484951 8.586276 -18.330141 5.849944 -1.929673 19.281517 5.908309 1.704915
1.136321 -20.251379 7.760623 -7.760554 22.831917 -5.961270 8.279970 11.761971 7.502661 -4.357559 -14.294461 0.828130 -26.243488 -16.843292 11.453003 7.983745 -4.172263 2.015473 -6.045082 7.701148 2.160545 -8.026365 -4.981754 9.040345 -18.042009 6.031833 -1.830426 19.176426 5.962929 1.332537
1.794012 -20.008776 8.328970 -8.410412 22.456882 -5.618185 7.870842 12.343536 8.181635 -4.750915 -14.301335 0.679885 -27.111368 -16.582283 11.001079 7.795706 -4.656291 2.764048 -5.870636 7.108213 1.855665 -8.357507 -5.664852 9.746817 -17.879589 6.059134 -1.838078 18.783062 5.804885 0.435300
2.529068 -20.148647 8.902779 -8.499710 21.689877 -5.188824 7.984165 12.581014 8.540729 -5.124829 -14.126176 0.454252 -27.929848 -16.426363 10.627921 7.597565 -5.014623 3.284063 -5.713612 6.339213 1.391319 -8.730681 -6.551085 10.708433 -17.937681 6.061069 -1.924644 18.030731 5.508083 -0.695649
2.838112 -20.191294 9.737548 -8.470129 21.135193 -4.679782 8.140652 13.182030 8.617936 -5.574165 -13.793777 0.377792 -28.746937 -16.360819 10.067036 7.674140 -5.461648 3.463841 -5.568489 5.600709 1.163715 -8.982137 -7.155299 11.343958 -17.997223 6.084869 -2.203642 17.343388 5.258411 -1.500987
2.909240 -20.142092 10.585639 -8.438519 20.660095 -4.295011 8.317129 13.709466 8.685981 -5.921656 -13.327308 0.452231 -29.643288 -16.493103 9.532384 7.668761 -5.838688 3.530701 -5.407660 5.072113 1.032424 -9.206061 -7.664279 11.635308 -18.022938 6.063178 -2.480779 16.832001 5.094370 -1.960204
2.845080 -20.083727 11.336996 -8.404500 20.334572 -4.064763 8.448054 14.023503 8.823466 -6.117762 -13.084091 0.562374 -30.060638 -16.641220 9.128997 7.789498 -6.182275 3.468020 -5.343691 4.890157 0.965336 -9.406719 -8.080062 11.692392 -17.982521 6.070567 -2.616360 16.539070 5.043484 -2.105093
2.777256 -20.103138 11.727276 -8.282163 20.166464 -3.940843 8.575958 14.241179 8.853206 -6.181679 -12.920311 0.691767 -30.411076 -16.718826 8.898665 7.757605 -6.275238 3.426971 -5.303586 4.822114 1.015448 -9.512543 -8.184704 11.609272 -17.921959 6.098003 -2.763594 16.455292 5.059236 -2.125180
2.856077 -20.098555 11.940395 -8.243843 20.078653 -3.821667 8.563228 14.457033 8.909259 -6.249391 -12.819645 0.765908 -30.570837 -16.766403 8.748339 7.797268 -6.364163 3.329373 -5.319727 4.748132 1.011077 -9.661739 -8.388048 11.616300 -17.830616 6.138566 -2.830407 16.395313 5.093548 -2.207055
3.309958 -20.454271 12.794787 -7.752050 19.280422 -3.065810 8.608816 15.857847 8.738089 -7.069251 -12.026947 1.356616 -31.707541 -17.207987 7.582014 8.451004 -7.372153 2.777558 -5.380701 4.383882 1.111995 -10.649591 -9.441143 11.425368 -17.112183 6.610272 -3.104638 16.291428 5.551069 -2.298783
4.358654 -20.934008 12.388954 -8.746664 18.355682 -1.049556 7.645915 18.708233 8.794202 -8.547927 -10.317445 2.167333 -33.719650 -18.452761 5.867331 9.326040 -9.087159 2.080492 -5.690581 3.691204 0.853994 -12.620473 -11.776705 11.593986 -15.452269 7.740457 -2.112723 16.932339 6.948766 -2.356710
2.754512 -15.640282 13.716623 -9.179724 18.636688 3.169674 7.538507 21.283985 4.933543 -10.391323 -6.477138 2.880448 -36.731228 -22.097107 2.280193 7.385158 -12.426131 1.670798 -8.791470 1.118665 0.185503 -14.493164 -14.306039 12.476419 -13.447115 8.321671 -4.723434 15.372927 5.310102 -2.025054
-1.591021 -12.240767 17.266735 -6.451318 15.578595 5.598794 10.582487 21.768644 0.319733 -13.768419 -1.295321 -1.385407 -36.224365 -22.086269 4.453591 3.057675 -6.868506 0.402399 -14.290425 -3.884544 -0.852145 -16.281034 -16.807327 14.232718 -12.520650 9.165219 -9.949682 10.629803 1.940145 -2.152478
-0.246337 -11.948713 16.272623 -3.565129 14.372957 7.220514 11.837164 24.366880 -3.370306 -15.829123 2.565956 -5.951465 -35.314739 -22.472933 3.933060 3.769342 -7.429377 1.425104 -17.164885 -8.600322 -0.227527 -16.802567 -18.260368 14.819104 -10.738093 8.166647 -13.681500 8.729934 -0.578551 -2.738888
2.708326 -16.195490 12.336091 0.487922 12.822202 8.077600 12.760422 27.896095 -7.012558 -18.199657 3.875045 -7.245659 -33.723324 -20.229630 2.746980 8.714539 -5.707297 -4.491025 -17.192524 -12.622234 2.005838 -16.863535 -17.463808 14.082382 -7.610973 7.207165 -16.406303 9.898722 -0.928886 -5.664347
3.582861 -12.273238 8.683122 1.990253 15.806778 1.963378 10.425125 32.761597 -9.339684 -17.598661 0.703918 -7.524743 -31.036903 -15.317231 3.721827 8.964467 -1.701204 -9.711625 -18.815031 -17.009453 4.078548 -13.818370 -13.219732 11.560717 -10.783035 4.917494 -18.321060 9.677483 -1.965683 -9.431207
6.385430 -6.014986 6.318624 2.456264 20.402105 -1.698835 7.937866 35.743328 -11.137699 -15.182870 -3.259199 -8.737008 -26.178925 -11.887940 6.662647 6.735514 2.764138 -11.507689 -21.022085 -19.112103 3.376897 -11.033244 -10.136187 9.541402 -13.250319 1.464796 -19.427124 10.659791 -4.024543 -11.078899
7.439463 -4.160805 4.241291 2.506430 22.808872 -2.272118 6.871093 35.161251 -11.269780 -12.961239 -4.729489 -9.480532 -24.320831 -10.956107 8.152596 5.508350 4.641038 -11.183619 -21.236891 -18.951138 2.827361 -10.024667 -8.795563 8.627161 -13.899257 0.054550 -19.372633 11.590203 -4.557419 -10.898021
7.496618 -3.996678 3.929848 2.537250 23.108864 -2.248703 6.753160 34.960144 -11.324862 -12.657023 -4.801193 -9.628260 -24.079372 -10.934401 8.319456 5.398659 4.860043 -11.151059 -21.345425 -18.874077 2.819124 -9.970968 -8.726603 8.529625 -13.914957 -0.005845 -19.336311 11.643911 -4.554381 -10.703276
6.949891 -4.558621 3.529795 2.905832 23.027424 -2.369014 6.940411 35.153744 -11.720222 -12.981791 -4.523467 -9.434876 -23.904127 -11.192887 8.358582 5.636904 4.828259 -11.887105 -21.636412 -18.941248 3.110446 -9.876127 -8.294203 8.347896 -13.861187 0.256788 -19.682270 11.691221 -4.374403 -10.858047
6.053276 -5.663472 3.019852 3.659351 22.617388 -2.605765 7.431325 35.505474 -12.375836 -13.717969 -4.072594 -9.428370 -23.494074 -11.341265 8.562280 6.353811 5.002981 -13.072663 -22.073996 -19.035212 3.484594 -9.823074 -7.862566 8.247514 -13.603703 0.771611 -19.994106 11.712479 -4.093196 -10.853388
4.509070 -7.319786 2.320575 5.255584 21.668705 -2.732188 8.598104 35.579990 -13.750120 -14.745581 -3.096664 -9.389104 -23.219135 -11.871493 8.540977 7.211556 5.119852 -14.572675 -22.563742 -18.976446 4.056655 -9.903105 -7.266015 7.758809 -13.104629 1.552554 -20.642109 11.774062 -3.709468 -10.439121
2.908103 -9.329620 1.363454 6.760104 20.735771 -2.680347 9.913568 35.275211 -14.861147 -15.276456 -1.888310 -9.285180 -22.851454 -12.682185 8.169488 8.366995 4.872800 -16.066904 -22.979456 -18.507698 4.760122 -10.147344 -6.794031 7.464168 -12.668279 2.792543 -21.194317 11.475200 -3.201334 -9.729948
1.340429 -10.589075 0.311544 8.263985 20.394619 -2.363945 10.930529 34.780182 -16.218254 -15.578271 -0.977491 -9.422250 -21.873365 -13.075122 8.198777 9.525986 5.023600 -17.789761 -22.958773 -18.154646 5.351955 -10.441653 -6.606951 7.334016 -11.981158 3.843460 -21.899490 11.116811 -2.985316 -9.030048
-0.207872 -11.205461 -0.078575 9.546000 20.228077 -1.955565 11.894255 34.478237 -17.270359 -15.242214 -0.834553 -9.569104 -20.448088 -12.918023 8.591667 10.786466 5.718045 -19.445370 -22.630404 -17.847404 5.802538 -10.435584 -6.314250 7.008646 -11.576854 4.180025 -22.595228 10.873723 -3.181379 -8.015860
-1.403934 -10.399441 0.625365 10.273975 20.721083 -1.478606 12.508614 34.524929 -18.294159 -14.862264 -0.911821 -10.026073 -18.952728 -12.593904 9.145842 12.172876 6.308935 -20.633636 -22.311285 -17.725679 6.275176 -10.432973 -6.105987 6.555192 -10.893413 4.401839 -23.172215 10.983479 -3.323628 -6.775316
-2.104270 -9.162728 1.069264 10.371613 21.378513 -1.162802 12.807919 34.248734 -19.143373 -14.632570 -1.433405 -10.444374 -17.851978 -11.845629 9.769371 13.485260 6.938145 -21.246904 -21.703604 -17.744003 6.398043 -10.517435 -6.233072 6.142453 -10.366269 4.394436 -23.534643 11.095537 -3.528396 -5.630536
-2.532027 -8.552288 1.151477 10.500837 21.775440 -1.114430 12.857136 33.942760 -19.514175 -14.450528 -1.518709 -10.524061 -17.529625 -11.484426 9.751101 14.203169 7.000776 -21.470085 -21.535666 -17.554876 6.339728 -10.531574 -6.297739 5.976120 -10.122705 4.312923 -23.682613 11.189364 -3.704720 -5.165099
-2.591490 -8.449820 1.161046 10.458228 21.831264 -1.121513 12.844801 33.833702 -19.509302 -14.409082 -1.509342 -10.511342 -17.502407 -11.433171 9.714183 14.333710 6.977814 -21.513788 -21.495821 -17.492060 6.371951 -10.514070 -6.267857 5.926665 -10.099486 4.298444 -23.709507 11.202051 -3.721169 -5.053622
-2.589035 -8.452776 1.160510 10.466019 21.827696 -1.119498 12.847556 33.837605 -19.516010 -14.412648 -1.508420 -10.512048 -17.504642 -11.430910 9.715744 14.334404 6.980802 -21.512968 -21.493271 -17.494385 6.366561 -10.512011 -6.267528 5.929288 -10.100113 4.300566 -23.711197 11.200422 -3.722821 -5.057869
-2.589035 -8.452776 1.160510 10.466019 21.827696 -1.119498 12.847556 33.837605 -19.516010 -14.412648 -1.508420 -10.512048 -17.504642 -11.430910 9.715744 14.334404 6.980802 -21.512968 -21.493271 -17.494385 6.366878 -10.511477 -6.267556 5.929633 -10.099764 4.300900 -23.711109 11.200142 -3.722786 -5.058220
-2.589035 -8.452776 1.160510 10.466019 21.827696 -1.119498 12.847556 33.837605 -19.516010 -14.412648 -1.508420 -10.512048 -17.504642 -11.430910 9.715744 14.334404 6.980802 -21.512968 -21.493271 -17.494385 6.366878 -10.511477 -6.267556 5.929633 -10.099764 4.300900 -23.711109 11.200142 -3.722786 -5.058220
-2.588428 -8.452713 1.161103 10.466687 21.827623 -1.119183 12.847559 33.837761 -19.516064 -14.412409 -1.507318 -10.513674 -17.505436 -11.430987 9.717944 14.333275 6.983092 -21.511675 -21.493536 -17.497074 6.366656 -10.511387 -6.267277 5.929373 -10.099934 4.301072 -23.711227 11.200003 -3.722756 -5.058168
-2.587614 -8.450769 1.165270 10.467197 21.827972 -1.116933 12.845866 33.838848 -19.514828 -14.414706 -1.510949 -10.517568 -17.504219 -11.433596 9.711224 14.334459 6.986476 -21.509439 -21.493084 -17.497015 6.367507 -10.508752 -6.268124 5.928293 -10.098626 4.302388 -23.709846 11.200279 -3.722537 -5.057262
-2.589601 -8.446685 1.161779 10.466208 21.833170 -1.122422 12.843744 33.830830 -19.512440 -14.412976 -1.520968 -10.512458 -17.500631 -11.434396 9.708493 14.328006 6.989794 -21.513453 -21.493628 -17.493500 6.365861 -10.504098 -6.267953 5.926371 -10.088945 4.303542 -23.709356 11.205710 -3.721422 -5.062049
-12.180388 -18.045580 -1.782435 5.301433 25.663309 1.792216 7.017163 33.427120 -11.171394 -8.111526 -3.623242 -9.148059 -11.662131 -13.838110 16.485611 20.562424 -5.286191 -23.000616 -17.177752 -17.577751 6.371125 -8.487874 -6.099119 3.321805 -10.329951 11.933525 -19.457304 11.623403 3.742991 -8.111367
-12.180388 -18.045580 -1.782435 5.301433 25.663309 1.792216 7.017163 33.427120 -11.171394 -8.111526 -3.623242 -9.148059 -11.662131 -13.838110 16.485611 20.562424 -5.286191 -23.000616 -17.177752 -17.577751 6.371125 -8.487874 -6.099119 3.321805 -10.329951 11.933525 -19.457304 11.623403 3.742991 -8.111367
-12.180388 -18.045580 -1.782435 5.301433 25.663309 1.792216 7.017163 33.427120 -11.171394 -8.111526 -3.623242 -9.148059 -11.662131 -13.838110 16.485611 20.562424 -5.286191 -23.000616 -17.177752 -17.577751 6.371125 -8.487874 -6.099119 3.321805 -10.329951 11.933525 -19.457304 11.623403 3.742991 -8.111367
-13.105356 -15.796017 0.841859 5.875989 26.352682 2.186594 7.054946 32.649128 -10.756626 -9.248018 -4.578593 -10.065356 -12.373250 -17.375441 11.048285 18.938503 -1.923282 -22.930346 -17.723841 -17.188637 6.015467 -12.412576 -5.189750 3.819572 -12.625632 10.119024 -20.549458 11.816605 2.862962 -6.880739
-13.087084 -16.042055 0.757875 6.025401 26.070799 1.954619 7.443373 32.436298 -10.806661 -9.534147 -4.687893 -9.955740 -12.422027 -17.407421 10.990914 18.849415 -1.987987 -22.945976 -17.777006 -17.109980 6.136687 -12.643291 -5.080350 3.920189 -12.876497 10.106132 -20.577879 11.740473 2.915952 -6.834362
-13.075554 -16.075922 0.744337 6.045733 26.053165 1.942405 7.442327 32.431202 -10.812612 -9.547465 -4.718742 -9.949605 -12.413980 -17.396267 10.975322 18.863033 -2.011573 -22.934113 -17.775248 -17.130840 6.165235 -12.661103 -5.085470 3.928382 -12.877057 10.145495 -20.603365 11.711733 2.939703 -6.819163
-13.075651 -16.078104 0.744571 6.046650 26.049622 1.942576 7.444376 32.430710 -10.813796 -9.550121 -4.717804 -9.950156 -12.413842 -17.394114 10.973541 18.864489 -2.011522 -22.936409 -17.777601 -17.134626 6.167308 -12.660791 -5.086029 3.930311 -12.875531 10.144892 -20.603466 11.710907 2.939439 -6.819883
-13.075619 -16.074265 0.722332 6.032444 26.049683 1.935432 7.462310 32.435658 -10.822677 -9.520668 -4.705609 -9.933732 -12.414483 -17.368147 11.025781 18.863314 -2.064728 -22.942261 -17.783812 -17.134306 6.158718 -12.655236 -5.084270 3.932290 -12.875599 10.132110 -20.592516 11.720551 2.932109 -6.827965
-13.093395 -16.063799 0.732605 6.023344 26.053677 1.945913 7.469507 32.433716 -10.819221 -9.513845 -4.677149 -9.941541 -12.418456 -17.392014 11.022904 18.842329 -2.006232 -22.946974 -17.782328 -17.122570 6.147798 -12.655376 -5.085209 3.927064 -12.875991 10.118449 -20.586441 11.732574 2.926758 -6.830471
-13.093395 -16.063799 0.732605 6.023344 26.053677 1.945913 7.469507 32.433716 -10.819221 -9.513845 -4.677149 -9.941541 -12.418456 -17.392014 11.022904 18.842329 -2.006232 -22.946974 -17.782328 -17.122570 6.147485 -12.655881 -5.085184 3.926715 -12.876332 10.118121 -20.586525 11.732847 2.926730 -6.830125
-13.086819 -16.065050 0.723346 6.020048 26.054464 1.941798 7.471099 32.436741 -10.821097 -9.509406 -4.670901 -9.926591 -12.427604 -17.365080 11.063001 18.854994 -2.062405 -22.961042 -17.784666 -17.123749 6.162943 -12.652587 -5.084209 3.933075 -12.873901 10.136085 -20.593094 11.717364 2.933704 -6.827939
-13.086819 -16.065050 0.723346 6.020048 26.054464 1.941798 7.471099 32.436741 -10.821097 -9.509406 -4.670439 -9.926600 -12.427775 -17.364782 11.064054 18.854984 -2.062482 -22.961315 -17.784697 -17.123045 6.163062 -12.654428 -5.084196 3.933061 -12.874596 10.136196 -20.593643 11.717684 2.933991 -6.827278
-13.074973 -16.071314 0.725119 6.030473 26.052511 1.933801 7.460251 32.434441 -10.818605 -9.522705 -4.706548 -9.929907 -12.411910 -17.365765 11.027536 18.862244 -2.064845 -22.943909 -17.783678 -17.142504 6.159907 -12.656157 -5.084485 3.931155 -12.874751 10.132423 -20.594143 11.720344 2.933383 -6.827941
