0.970884 -1.778716 -0.106131 -13.190231 18.425495 -10.834734 14.472641 -5.848606 -17.276697 -3.388236 -21.792747 1.827618 -8.839972 -12.101852 17.849203 10.046896 8.973810 -9.514419 -9.101987 14.439148 4.482395 3.944845 4.178858 4.191820 -24.435371 3.158703 -4.204239 15.481196 1.145800 2.656522
0.543053 -1.680374 -0.522441 -13.745691 18.558949 -11.248219 14.131961 -6.367890 -17.159229 -3.459257 -22.384680 2.413423 -9.160501 -11.497139 17.794910 9.898579 9.229661 -9.563161 -8.807913 14.596901 4.291989 3.974860 3.985181 3.994128 -24.567684 3.104378 -4.033971 15.513901 1.161079 2.917922
-0.156428 -1.741681 -1.469607 -14.369952 18.647507 -12.205750 13.302301 -6.978839 -17.152691 -3.974200 -23.336315 3.330381 -9.475791 -10.581241 17.978550 9.443125 10.166757 -9.646195 -8.312572 15.030247 4.081353 3.995474 3.445979 3.642952 -24.833324 2.958226 -3.782497 15.453823 1.212259 3.166014
-1.273474 -1.536849 -2.866967 -15.291270 19.253027 -13.384034 12.098530 -7.481772 -16.865421 -4.482955 -24.003561 4.220818 -10.228359 -9.792068 18.060265 9.212506 11.109801 -9.648011 -7.713746 15.831287 3.968948 4.376065 2.600588 3.273379 -25.556667 2.815332 -3.354839 14.700701 1.165580 3.397597
-2.498051 -1.182976 -4.126869 -16.148870 19.989599 -14.671253 11.030091 -7.599377 -16.401442 -4.968432 -25.003977 5.494537 -11.191987 -8.745950 18.137173 8.750772 12.078134 -9.623036 -6.900945 16.973419 3.758828 4.425568 1.717403 2.832351 -26.077766 2.730247 -2.970313 14.239071 1.266994 3.558805
-3.212460 -1.070540 -4.098210 -16.916954 20.072842 -14.381158 10.130476 -7.579745 -15.785290 -6.250013 -26.007404 6.377234 -11.878567 -7.932696 17.956095 8.583065 11.869791 -9.227223 -6.355780 17.840452 3.490142 4.340373 0.626046 1.992241 -26.465347 2.755338 -2.774950 13.780352 1.546983 3.978502
-3.123069 -1.166548 -3.700724 -17.854071 20.114742 -13.382866 8.589826 -7.088031 -14.888838 -7.846809 -26.934872 6.917910 -12.729671 -7.596472 17.144688 8.349949 11.068620 -8.267451 -6.005579 18.167877 3.266177 3.902123 -0.449666 1.312748 -26.763386 2.680404 -2.383462 13.688709 1.877257 4.500322
-2.918328 -1.273680 -3.831159 -18.580961 20.302258 -12.864695 7.362481 -6.721847 -14.418353 -8.791236 -27.865295 7.422998 -13.741277 -7.394506 15.910325 8.163341 10.035953 -7.268369 -5.698291 18.417770 3.068906 3.636908 -1.420364 0.684684 -26.998379 2.579470 -2.101206 13.623692 2.058385 4.936654
-2.656681 -1.289329 -4.044459 -19.091814 20.495670 -12.842463 6.424018 -6.431469 -14.062251 -9.353140 -28.371452 7.577514 -14.282753 -7.341542 15.037889 8.058792 9.523697 -6.839646 -5.571694 18.402191 2.909829 3.228216 -2.117323 0.264283 -27.159815 2.541822 -2.005981 13.562395 2.202732 5.231625
-2.534342 -1.281192 -4.087548 -19.349516 20.585531 -12.923495 5.743745 -6.223536 -13.892852 -9.752941 -28.686684 7.619828 -14.579576 -7.405924 14.481524 7.928281 9.241459 -6.527657 -5.482363 18.421680 2.879586 3.057529 -2.578874 0.081225 -27.227623 2.511542 -1.895100 13.474561 2.302773 5.497835
-2.473198 -1.276830 -4.023478 -19.129082 20.571972 -12.571625 6.139225 -6.389566 -14.003902 -9.537507 -28.518402 7.526543 -14.164748 -7.454495 14.748260 8.107059 9.243647 -6.730900 -5.633080 18.413113 3.105057 3.509056 -2.222788 0.118173 -27.177734 2.637391 -2.118219 13.259695 2.233860 5.161138
-1.708824 0.567450 -3.718544 -17.041449 21.416990 -13.138578 9.226223 -7.311903 -15.207250 -6.601683 -26.927124 6.399359 -10.620505 -8.660115 17.181526 8.565847 10.050600 -7.836655 -6.942707 18.804535 4.387665 5.907261 0.594976 1.101618 -26.584469 3.307357 -3.197871 12.549747 1.607786 3.420233
-1.113045 3.111224 -3.898849 -14.824736 22.527126 -16.574600 16.384604 -6.457615 -16.318218 -0.365688 -24.259167 4.067219 -5.297020 -11.365762 20.231773 9.322639 5.151517 -7.943110 -10.130781 16.911373 7.064934 8.096612 3.153581 2.929730 -24.694920 6.413124 -6.484668 10.282463 2.619131 2.297829
4.437740 4.138204 -2.489955 -14.938690 22.120165 -12.347836 24.064661 -2.716835 -15.383466 5.014982 -22.691719 1.887349 -0.123567 -15.374675 22.667065 9.071638 -4.798547 -5.212993 -13.924353 11.471416 10.076927 11.976240 3.147175 5.877649 -19.293766 10.415305 -7.095955 9.392309 4.194719 0.318374
8.838945 3.420402 2.403253 -14.114194 19.207750 -9.643740 30.129175 0.486490 -13.477238 6.520315 -16.889473 0.859952 -3.418036 -18.501850 26.033211 7.037231 -10.077357 -1.576458 -14.522401 9.116041 10.866493 9.823953 3.594747 8.926514 -16.243401 12.811355 -7.829877 9.785156 5.169783 -0.866689
7.931097 1.349166 5.721665 -14.882699 14.904814 -10.101410 33.084942 3.134000 -11.712653 6.100371 -12.925422 0.025205 -8.816634 -20.069496 25.532446 6.681995 -13.312663 1.898933 -13.757998 9.001736 11.003756 6.240994 2.074804 10.014560 -14.262959 14.214517 -8.055635 10.723682 6.944483 0.397935
6.886832 -1.519158 8.370924 -16.368397 10.637614 -8.534582 34.561890 4.892094 -9.889351 4.350510 -11.228426 0.088350 -13.645369 -20.657951 24.614435 6.224537 -15.175832 3.635795 -12.788357 7.187094 10.295160 4.156940 -0.561869 10.628083 -12.247406 14.519521 -6.637931 12.820542 8.342164 1.026239
4.216150 -2.972550 7.658292 -19.546085 8.761756 -8.889120 33.069969 6.912909 -8.435010 1.239646 -10.830070 1.257539 -18.429268 -19.403044 23.005215 7.077252 -16.902147 4.974050 -11.138371 6.224151 8.932915 2.099102 -2.306813 10.790904 -10.976787 14.846581 -5.717904 14.784474 9.410765 2.421828
2.895386 -3.670279 5.873487 -20.989298 8.653199 -8.331069 32.001896 8.327088 -8.498015 -0.125452 -11.335043 2.644710 -20.430094 -17.399595 22.216343 7.579270 -16.928976 4.784697 -10.187195 5.414720 7.717366 1.305410 -3.205401 10.007544 -10.850737 14.624493 -5.180832 15.677489 9.600600 3.603175
1.846525 -3.627749 5.388650 -21.259768 9.235551 -8.201434 31.292238 8.601813 -8.808235 -0.732123 -11.844229 3.271076 -20.865993 -16.304794 22.123623 7.675947 -16.727901 4.481966 -9.909170 4.772198 7.405710 1.334299 -3.487217 9.499092 -10.927512 14.519229 -5.010516 15.789001 9.642270 3.874269
1.615867 -3.622897 5.255563 -21.298418 9.330678 -8.211469 31.224051 8.641545 -8.870498 -0.781013 -11.941820 3.364143 -20.929180 -16.139242 22.099825 7.655854 -16.697927 4.508146 -9.850022 4.697438 7.346015 1.375155 -3.551726 9.388408 -10.953180 14.492499 -4.971908 15.812057 9.638570 3.909429
1.315262 -3.561288 5.040248 -21.292475 9.535522 -8.223839 31.059729 8.617308 -8.962890 -0.874863 -12.126893 3.474287 -20.913853 -15.901919 22.103996 7.643023 -16.636711 4.427042 -9.801646 4.536115 7.312794 1.479457 -3.608568 9.242139 -10.978980 14.450929 -4.949000 15.779178 9.626031 3.915349
0.613895 -3.443988 4.604202 -21.339560 9.957747 -8.552113 30.831989 8.529366 -9.189890 -0.917608 -12.627764 3.703923 -20.756870 -15.378707 22.035366 7.730007 -16.547934 4.131309 -9.700150 4.190220 7.241192 1.699286 -3.712145 9.005839 -11.007649 14.388299 -4.880043 15.743372 9.594031 3.888958
-0.207727 -3.108080 4.151309 -21.350050 10.498105 -8.812963 30.335487 8.215521 -9.354784 -1.051903 -13.201734 3.953033 -20.536816 -14.777664 21.911385 7.769667 -16.271181 3.816775 -9.567796 3.758991 7.158556 2.127630 -4.043419 8.512197 -11.186278 14.220807 -4.693186 15.631609 9.470210 3.872865
-1.227803 -2.636051 3.509315 -21.481194 11.264457 -8.954802 29.712271 7.871384 -9.662780 -1.039383 -13.891226 4.276223 -20.255566 -14.196866 21.774265 7.835601 -15.888131 3.582897 -9.422243 3.271254 7.041501 2.588821 -4.251904 8.020727 -11.590461 13.958835 -4.495493 15.398664 9.280690 3.986147
-1.980251 -1.913689 2.974958 -21.281446 12.105277 -9.265454 28.794027 7.316830 -9.806632 -1.154343 -14.707197 4.536024 -19.436802 -13.712604 21.688721 7.874334 -15.223294 2.847929 -9.479981 2.651699 6.918210 3.125594 -4.438714 7.459283 -12.169042 13.667290 -4.318820 14.983106 9.032285 4.195285
-1.847942 -1.026574 2.616265 -21.131107 13.077828 -9.435987 27.498417 6.578269 -9.694308 -1.278229 -15.652978 4.845780 -18.481960 -13.193326 21.318096 7.993212 -14.521974 1.789993 -9.601890 2.093111 6.896082 3.742720 -4.388946 7.040994 -12.756098 13.329562 -4.160325 14.455175 8.691774 4.240337
-1.412918 -0.395321 2.434441 -21.074404 13.848958 -9.454018 26.423582 5.959563 -9.563207 -1.329607 -16.336586 4.939322 -17.657280 -13.035171 21.119015 8.018315 -14.067201 1.086491 -9.787442 1.746562 7.032192 4.229762 -4.268172 6.842095 -13.163785 13.130796 -4.116443 13.972625 8.452477 4.007726
-1.013409 -0.041380 2.457008 -21.108892 14.376478 -9.265230 25.751095 5.647160 -9.470396 -1.380200 -16.931246 4.984401 -17.000435 -12.943704 20.951839 8.070754 -13.726579 0.542494 -9.974309 1.463747 7.170348 4.624675 -4.191012 6.766683 -13.428467 13.011277 -4.094405 13.666482 8.272589 3.717880
-0.780080 0.150727 2.496622 -21.129457 14.620875 -9.158254 25.420635 5.506042 -9.404731 -1.403906 -17.189232 5.001049 -16.690914 -12.942912 20.854885 8.103729 -13.573850 0.276096 -10.080090 1.339250 7.228473 4.777236 -4.151813 6.750597 -13.522958 12.976319 -4.095833 13.552450 8.207362 3.605366
-0.761356 0.182838 2.505268 -21.125130 14.639483 -9.156487 25.373535 5.479408 -9.392578 -1.410043 -17.221834 5.008102 -16.639168 -12.933052 20.834217 8.111025 -13.542769 0.204371 -10.092197 1.320897 7.239034 4.801402 -4.144246 6.751768 -13.537421 12.971213 -4.095595 13.534476 8.199042 3.586709
-0.834706 0.169310 2.502572 -21.115515 14.573426 -9.203911 25.418125 5.486319 -9.397679 -1.402639 -17.149334 5.020547 -16.698057 -12.908265 20.846693 8.111121 -13.567675 0.183524 -10.066426 1.342729 7.229059 4.774502 -4.143742 6.763753 -13.526040 12.974748 -4.096802 13.550934 8.216752 3.607723
-0.917214 0.182652 2.498722 -21.109541 14.497605 -9.266102 25.429085 5.479867 -9.395924 -1.401498 -17.061230 5.027240 -16.770739 -12.887902 20.840370 8.149232 -13.603509 0.112291 -10.042664 1.370641 7.229561 4.781201 -4.139800 6.792475 -13.535502 12.975623 -4.097511 13.556090 8.224099 3.611374
-0.918984 0.133220 2.499294 -21.139845 14.464022 -9.254251 25.495129 5.538455 -9.406240 -1.410928 -17.096498 5.021863 -16.767937 -12.903225 20.803556 8.234819 -13.645548 -0.000142 -10.082026 1.317194 7.255966 4.814177 -4.122013 6.830086 -13.547526 12.991531 -4.109322 13.535493 8.226945 3.587410
-0.701174 0.049423 2.565600 -21.158155 14.536962 -9.194909 25.596270 5.610208 -9.420419 -1.363412 -17.203316 4.953469 -16.679028 -13.022782 20.802406 8.284180 -13.715052 0.004871 -10.213330 1.254834 7.312468 4.818828 -4.090379 6.883301 -13.506833 13.012334 -4.115549 13.517906 8.238958 3.506139
-0.514763 0.021499 2.606188 -21.155546 14.520325 -9.078631 25.561476 5.559176 -9.363992 -1.342833 -17.467398 4.877435 -16.328861 -13.141725 20.714743 8.256748 -13.682959 0.020042 -10.387388 1.162646 7.399133 4.854746 -4.017809 6.945148 -13.487551 13.021100 -4.131923 13.450819 8.211014 3.362688
-0.094185 0.214127 2.668936 -21.126215 14.599938 -9.010007 25.248737 5.327714 -9.239887 -1.285970 -17.417873 4.777983 -16.131382 -13.232965 20.710463 8.232903 -13.660447 0.043876 -10.386134 1.337979 7.384958 4.947379 -3.962319 6.955586 -13.536124 12.970952 -4.107156 13.412879 8.146055 3.335032
6.005520 2.457820 4.439075 -20.016489 8.262425 -7.718742 20.451170 3.728493 -16.787395 -10.738609 -13.863828 -2.038224 -18.540197 -12.279181 20.406132 13.153202 -3.297690 -4.469360 -5.373418 4.173834 1.697661 -2.946936 -2.686117 6.437543 -17.058764 9.874905 -3.384422 17.837482 6.529491 -0.248058
6.281208 2.491177 4.649291 -19.858364 8.194503 -7.765321 20.717419 3.806061 -16.859205 -10.517628 -13.648912 -2.182892 -18.237331 -12.582070 20.581123 13.193679 -3.607042 -4.355395 -5.536206 4.396227 1.753725 -2.897826 -2.476398 6.552784 -17.030884 9.875278 -3.475663 17.831949 6.460128 -0.406480
6.696385 2.927020 5.077636 -19.528315 8.147677 -7.779146 20.851826 3.854763 -17.031307 -10.288414 -13.293526 -2.264925 -17.611973 -12.884294 20.846180 13.481726 -3.924595 -4.606463 -5.687224 5.031681 1.806570 -2.724068 -2.289090 6.714818 -16.960848 9.912997 -3.640018 17.752293 6.358107 -0.758011
5.494112 -3.866944 5.987634 -12.649462 10.567107 -11.505812 17.209036 6.554436 -14.435519 -7.595718 -13.381081 -1.172685 -18.394230 -18.313683 14.929543 8.347637 -0.323208 -4.527400 -9.136584 7.320032 3.146723 -5.681517 -0.265553 6.834846 -18.875069 6.014101 -6.308345 18.212296 4.273879 0.258222
3.273424 -4.961471 5.323313 -12.738111 11.165896 -11.127580 17.309286 4.671729 -14.506191 -7.272017 -14.165008 -0.720717 -18.310638 -17.356302 14.506146 9.261071 0.175097 -5.250760 -8.951187 8.226641 3.193702 -5.440926 0.371361 5.875965 -19.502172 5.990932 -6.286923 18.505302 4.333925 1.480965
2.230721 -6.112424 3.963241 -14.070012 11.176556 -10.743220 16.687637 3.862728 -13.853230 -8.200423 -15.083311 -0.313738 -18.158123 -16.377295 14.744491 8.936046 1.245081 -5.874331 -8.908261 7.516648 3.235944 -4.872007 0.175137 5.639706 -20.187908 5.393867 -5.271860 18.384357 4.336295 2.631742
2.914572 -6.268396 3.451780 -14.688356 10.726190 -10.073502 16.114077 4.689101 -14.064048 -8.883984 -15.256496 0.067812 -19.411186 -15.496760 14.831518 8.711175 1.800760 -5.359591 -8.091300 7.039559 2.904221 -5.260682 -0.357293 5.783652 -20.543835 5.314305 -4.934972 18.188011 4.401874 3.409172
2.598319 -6.789084 3.294454 -14.879662 10.387563 -10.211177 16.153709 4.706091 -13.696824 -9.108945 -15.318848 0.260098 -20.516544 -14.977983 14.908441 8.233782 2.416547 -4.958959 -7.437933 6.912964 2.535553 -5.558894 -0.717249 6.584565 -20.300751 5.292933 -4.790586 18.285063 4.349767 3.025182
2.891067 -7.016266 3.017059 -15.144874 10.264146 -10.451580 16.120853 4.628303 -13.430034 -9.028920 -14.948151 0.265418 -21.196411 -15.583945 14.749025 8.132173 2.253328 -4.152208 -7.095742 7.452041 2.318940 -5.663535 -1.195141 7.114861 -20.014435 5.282396 -4.184192 18.486359 4.479385 2.637218
3.839761 -6.467282 3.564114 -15.618338 10.277390 -11.216450 16.097340 4.403627 -12.741454 -8.666820 -14.778049 0.208518 -21.249474 -16.229284 14.405662 8.303682 1.251979 -3.222143 -7.143074 8.083808 2.731043 -6.007902 -1.381233 6.878556 -19.711708 5.597013 -4.067962 18.894512 5.015265 2.599976
4.355779 -5.814821 4.958398 -15.668702 10.441329 -11.293472 15.895220 4.372871 -12.044007 -8.458925 -14.679813 0.288035 -21.714832 -16.546110 13.944369 8.340963 0.063969 -2.366462 -7.136081 8.249059 2.749125 -6.394537 -1.747748 6.829576 -19.511106 5.825670 -3.919653 19.018417 5.318948 2.546188
4.802237 -5.316894 5.849641 -15.536469 10.554242 -11.006582 15.625031 5.134676 -11.858800 -8.519367 -14.514799 0.124010 -21.885052 -16.830091 13.771409 8.049028 -0.377168 -2.212365 -7.370787 7.668053 2.738091 -6.577461 -2.100333 7.060617 -19.376232 5.781245 -3.867208 18.942289 5.327047 2.177860
4.994660 -5.112427 6.062141 -15.497036 10.524417 -10.870987 15.466907 5.680465 -11.840931 -8.644240 -14.486831 0.036387 -22.057127 -16.947617 13.639204 7.855312 -0.587821 -2.075370 -7.420961 7.262031 2.788220 -6.624179 -2.226964 7.258986 -19.299446 5.714734 -4.003919 18.788403 5.235367 1.836996
