-14.645319 -14.876745 2.007834 2.480610 23.909306 -1.333168 5.348341 34.983101 -15.011493 -2.581526 -0.376560 -12.158983 -13.687995 -9.729010 6.309407 14.395383 0.444082 -16.846874 -29.164877 -16.555458 11.003561 3.104234 -12.652557 3.402933 -5.186752 5.061482 -24.298401 8.076363 2.121489 -4.223220
-14.416192 -15.061116 1.844387 2.393022 23.849722 -1.235385 5.333462 35.107479 -14.998866 -2.674650 -0.406531 -12.132426 -13.798181 -9.900409 6.358958 14.072895 0.494383 -16.737282 -29.189278 -16.562271 11.088225 2.957998 -12.793383 3.426820 -5.263301 5.094328 -24.150846 8.034157 2.351626 -4.482925
-14.052814 -15.184843 1.667001 2.229694 23.710905 -1.253353 5.305036 35.230679 -14.930161 -2.806348 -0.400004 -12.129100 -13.925402 -10.133115 6.467646 13.552621 0.593180 -16.581577 -29.323273 -16.615934 11.289437 2.797224 -12.876835 3.459584 -5.319543 5.165737 -24.089306 7.988274 2.647195 -4.844261
-13.340502 -15.048990 1.422928 2.117893 23.658588 -1.524021 5.177840 35.418415 -14.975193 -2.952442 -0.328046 -12.222773 -14.229796 -10.404994 6.640517 12.936628 0.712066 -16.144287 -29.364882 -16.736679 11.469724 2.494015 -13.038416 3.580277 -5.387815 5.320533 -23.931597 7.936489 3.109270 -5.588520
-12.248464 -14.640505 1.356852 1.911130 23.669725 -1.950183 4.852119 35.666924 -14.875510 -3.120388 -0.217464 -12.399459 -14.684888 -10.835749 6.799067 12.121653 0.707889 -15.366261 -29.457706 -16.866659 11.670337 2.047200 -13.272696 3.872414 -5.379319 5.752649 -23.658081 7.820056 3.768139 -6.511628
-10.979095 -14.128504 1.270643 1.649466 23.611816 -2.609426 4.519881 35.688160 -14.696465 -3.357703 -0.285499 -12.574026 -15.085700 -11.123326 7.014030 11.570378 0.708722 -14.576877 -29.184658 -16.940536 11.649221 1.802544 -13.450269 4.078123 -5.718420 5.919346 -23.358200 7.582915 4.167419 -7.148915
-9.513670 -13.746143 1.037003 1.300434 23.463779 -3.330413 4.190379 35.716167 -14.504807 -3.684875 -0.318867 -12.905913 -15.816176 -11.185467 7.248779 11.178787 0.817968 -13.444604 -28.644480 -17.075817 11.557240 1.665994 -13.440056 4.387473 -6.108512 6.043550 -22.945351 7.437744 4.569434 -8.008207
-8.459208 -13.410381 1.052278 0.816179 23.377014 -3.764387 3.895147 35.774647 -14.326182 -4.020942 -0.269505 -13.103141 -16.701260 -11.378429 7.221501 10.802402 0.468584 -12.196464 -28.286322 -17.216993 11.330730 1.514657 -13.536879 4.773321 -6.533284 6.312302 -22.656883 7.056713 4.837384 -9.042385
-7.578878 -13.340309 1.177553 0.565419 23.311470 -3.923572 3.609902 35.996777 -13.959496 -4.138256 -0.268603 -12.986119 -17.355675 -11.719834 6.954788 10.625496 -0.138847 -11.523259 -27.906839 -17.179745 10.940470 1.630499 -13.563639 5.089387 -6.992212 6.138688 -22.184496 7.089937 4.850710 -9.772218
-6.727392 -13.563303 1.481216 0.417563 23.049187 -3.980518 3.470440 36.182877 -13.361173 -4.241005 -0.357808 -12.723217 -18.008659 -11.794574 6.658360 10.286196 -0.606398 -10.957452 -27.706511 -17.113382 10.328709 1.867239 -13.432609 5.164261 -7.791730 5.896662 -21.851280 7.092679 4.720416 -10.508570
-5.796239 -13.444336 1.670850 -0.068214 23.035143 -4.168176 3.125977 36.381351 -12.685473 -4.177218 -0.746442 -12.484248 -18.698444 -11.921819 6.495941 9.499265 -0.879055 -10.140186 -27.537233 -17.208622 9.452080 2.390068 -13.492231 5.258782 -8.467374 4.907866 -21.641899 7.311162 3.873715 -10.710907
-4.902320 -13.139818 1.796120 -0.638650 23.117653 -4.299455 2.614377 36.626415 -12.003816 -4.089057 -1.415695 -12.184436 -19.052862 -11.730998 6.550881 8.389025 -0.776495 -9.477052 -27.437424 -17.345987 8.372342 2.872446 -13.419500 5.224871 -9.182521 4.264235 -21.482929 7.603453 3.167531 -11.367100
-3.979151 -12.632456 2.028763 -1.290120 23.322104 -4.296055 2.088428 36.839924 -11.387534 -3.982828 -1.700464 -12.021121 -19.382896 -11.660069 6.541024 7.829929 -0.891720 -9.070021 -27.318064 -17.519772 7.230737 3.397591 -13.552486 5.394717 -9.863957 3.583791 -21.161613 7.724520 2.326451 -11.666567
-2.983647 -12.035388 2.251792 -2.074788 23.574242 -4.256636 1.492091 37.028675 -10.713637 -3.830433 -2.232710 -11.870749 -19.634302 -11.560258 6.626398 7.166569 -0.866755 -8.571738 -27.132826 -17.642296 6.465456 3.606043 -13.704690 5.648397 -10.101240 3.261499 -20.809475 7.847440 1.920365 -11.856431
-2.135038 -11.417334 2.490834 -2.775293 23.703651 -4.345043 1.052499 36.967155 -10.116990 -3.678638 -2.714978 -11.695054 -19.911228 -11.318358 6.647009 6.493444 -0.866746 -8.093806 -27.031471 -17.741659 5.805495 3.705232 -13.915994 5.793155 -10.232800 2.956701 -20.578108 7.969321 1.561426 -11.875269
-1.350598 -10.984056 2.581887 -3.263048 23.755383 -4.355321 0.709252 36.813534 -9.686789 -3.563236 -3.068206 -11.571181 -20.014191 -11.215770 6.573313 5.961382 -0.934335 -7.789734 -27.090935 -17.846033 5.236192 3.748636 -14.172140 5.791485 -10.293694 2.692362 -20.331322 8.129123 1.265359 -11.539525
-0.915851 -10.666714 2.729373 -3.628852 23.692617 -4.370712 0.499006 36.685040 -9.373808 -3.541267 -3.425821 -11.432091 -20.143295 -11.053345 6.507668 5.555054 -1.027367 -7.391549 -27.027592 -17.784336 4.635156 3.830771 -14.257529 5.709359 -10.357922 2.475772 -20.153622 8.306000 0.957016 -11.262673
-0.546978 -10.479265 2.848994 -3.875825 23.635733 -4.381013 0.382073 36.538723 -9.138640 -3.518228 -3.695269 -11.328773 -20.256187 -10.923645 6.462888 5.359139 -1.103429 -7.154314 -26.895727 -17.737724 4.205011 3.875318 -14.452893 5.692035 -10.335827 2.347703 -19.994991 8.390588 0.691804 -10.827450
-0.213224 -10.321474 2.935006 -4.044865 23.604107 -4.377326 0.292808 36.420177 -8.944056 -3.460936 -3.893193 -11.232907 -20.366053 -10.799422 6.420606 5.241115 -1.118888 -6.979079 -26.774181 -17.649334 3.577046 3.904823 -14.671393 5.587472 -10.293149 2.227395 -19.853210 8.488058 0.320055 -10.283453
-0.176973 -10.287205 2.978132 -4.083012 23.589596 -4.377480 0.282142 36.407875 -8.910817 -3.457657 -3.942755 -11.215878 -20.375927 -10.776959 6.418048 5.204240 -1.109779 -6.947197 -26.759100 -17.635201 3.493417 3.875777 -14.742828 5.557235 -10.213962 2.246626 -19.915321 8.472597 0.228740 -10.063375
-0.458690 -10.469102 3.183091 -4.046281 23.457161 -4.392280 0.428971 36.416443 -8.862636 -3.556472 -3.758196 -11.228033 -20.601006 -10.752908 6.323514 5.330198 -1.219267 -6.876214 -26.696201 -17.717194 3.994450 3.772198 -14.674810 5.832859 -10.309389 2.377494 -19.913643 8.318104 0.610325 -10.787254
-1.567172 -10.894002 3.924825 -3.985393 22.876652 -4.554451 1.006047 36.448566 -8.743503 -3.963362 -3.220263 -11.149899 -21.321327 -10.652567 5.980178 5.912044 -1.507589 -6.848027 -26.408083 -17.909662 4.679710 3.346741 -14.928400 6.319543 -10.199276 2.841478 -19.943699 7.972984 1.205969 -11.561054
-3.350742 -11.483963 5.525073 -3.980506 21.778744 -4.519397 1.901861 36.374725 -8.415463 -4.632456 -2.425642 -11.014706 -22.856743 -10.463614 5.158961 7.364439 -2.447123 -6.603204 -25.622787 -18.275005 5.392654 2.700158 -15.561525 7.107924 -9.896077 3.673769 -19.960020 7.205350 1.792491 -11.749664
-5.734385 -12.509588 7.965478 -4.102493 20.154228 -3.775768 3.339835 35.473454 -7.863762 -5.429370 -1.209648 -10.819039 -24.773422 -10.322251 4.072818 9.306595 -3.534283 -6.173341 -24.537251 -18.097744 6.462673 1.520826 -16.413298 8.030622 -8.786921 4.959277 -19.847973 6.657624 2.833412 -11.536133
-7.765783 -13.987248 10.475717 -4.620487 18.459549 -2.956654 4.927687 33.838272 -6.959517 -6.105247 -0.095520 -10.449050 -26.627300 -10.035166 2.844779 12.053903 -5.088528 -5.436975 -23.183718 -17.193775 7.707750 -0.425287 -17.923420 10.009722 -6.427147 7.261894 -19.142593 6.086799 4.501015 -11.260667
-8.096725 -16.987585 11.660529 -5.174469 15.922783 -2.809413 6.888918 31.747690 -5.756776 -6.880078 1.066945 -9.156722 -28.358870 -10.584075 1.543759 13.129997 -6.557495 -4.639287 -22.630472 -14.743458 7.172564 -1.909727 -19.947523 11.477260 -3.723673 8.237813 -18.176739 6.615568 4.665163 -9.467978
-7.851831 -20.734316 11.746207 -5.081869 13.580596 -3.066773 8.551497 30.525736 -4.444824 -7.139621 1.533527 -7.381185 -29.699709 -12.121588 0.313738 12.804098 -8.670031 -3.899596 -22.476501 -12.358406 4.818310 -1.515751 -21.040201 12.470637 -2.768365 7.836416 -17.379559 6.874921 2.595219 -6.118913
-5.770718 -20.902683 11.845173 -5.822064 13.100018 -4.897048 8.478393 29.600948 -2.924676 -6.694830 1.413752 -6.648524 -30.968582 -13.322698 0.356141 11.693167 -9.561165 -1.803257 -21.749846 -10.417513 2.515667 -0.376252 -20.974195 13.311370 -3.480281 7.906166 -16.728008 6.110098 0.620617 -3.282407
-4.201458 -21.943083 11.546836 -7.511424 10.882394 -4.366598 8.769456 27.764521 -2.415468 -8.315863 1.174157 -3.826929 -33.849129 -15.214190 -0.316904 9.466749 -10.274063 -1.203047 -20.361092 -8.094691 0.671501 1.680875 -19.552429 14.212596 -5.172764 8.302878 -16.017529 5.373411 -0.834660 -2.854110
-2.006201 -22.290886 11.231381 -9.259241 8.565063 -2.824364 9.196937 26.332645 -3.260942 -10.574150 0.445659 -1.521022 -37.130466 -14.374718 -0.858914 10.042646 -10.146197 -0.557024 -17.088541 -6.451850 -0.027117 2.909847 -18.742250 14.387033 -6.972410 8.236254 -14.326880 5.585326 -0.566080 -3.455495
-0.836790 -23.019438 10.957414 -12.325820 6.402838 -2.727914 10.309757 23.696602 -2.535302 -11.811304 -0.997067 0.037417 -39.598213 -12.700914 -1.213042 10.640035 -9.754622 1.172058 -14.187646 -4.455400 -0.690375 2.739555 -19.532578 14.059783 -7.217906 8.484319 -12.001220 6.914553 0.499749 -3.938993
-0.529675 -23.415514 10.282182 -15.718474 5.860661 -2.656914 11.057079 21.423187 -1.180419 -11.666227 -2.860384 0.774760 -41.056007 -11.288853 -1.152570 11.383312 -9.751431 3.421987 -11.413394 -2.546404 -1.742240 1.919416 -21.214073 12.554694 -6.747148 7.852505 -9.614904 9.419796 1.442457 -2.474541
0.107249 -23.167866 10.044380 -18.059515 5.289354 -3.176454 11.846658 18.947315 -0.425260 -11.516382 -5.334010 1.425487 -41.422482 -9.559155 0.009674 11.354177 -7.886947 5.133629 -8.896067 -0.164359 -2.599166 0.951556 -22.639097 10.757430 -6.568726 7.076525 -6.871958 12.448584 3.190083 -1.917265
1.465576 -22.798103 10.096941 -19.695566 5.029806 -3.620580 12.037811 16.687883 0.009223 -11.562864 -8.045553 1.791174 -40.682060 -7.288035 1.513870 11.647477 -4.950692 5.434287 -7.068786 1.693854 -4.111621 0.867853 -23.702116 9.643628 -7.397131 6.043654 -5.780540 13.290218 2.998488 -1.065869
1.796623 -22.233807 9.854975 -20.223490 5.288713 -4.143010 11.906172 14.999413 -0.163201 -11.611452 -10.442361 1.775286 -39.636818 -5.203013 3.272477 11.678925 -1.804636 5.147833 -5.568711 2.836715 -4.289939 1.762211 -22.620829 8.569738 -8.937727 4.978065 -5.311432 13.673719 3.131783 -0.527769
1.344829 -21.666445 9.278908 -20.340086 5.759954 -4.524010 11.746445 13.523235 -0.503339 -11.411607 -11.635928 1.432693 -39.223698 -3.628213 4.587584 11.091926 0.854786 4.766702 -4.703668 2.501666 -5.098679 2.375399 -22.214787 8.454730 -10.072307 4.837239 -5.207993 12.891958 2.534849 0.099750
0.956179 -20.991251 8.546860 -20.554430 6.524629 -4.572136 11.399916 12.542264 -0.858016 -11.010870 -12.425882 0.966661 -38.508034 -2.728480 5.429057 10.958013 2.258264 4.435520 -4.403894 2.092526 -5.998693 3.233601 -21.466715 8.270905 -11.046781 4.535181 -4.935857 12.729773 1.863024 0.286683
0.573533 -20.518780 7.824841 -20.745466 7.112609 -4.487627 11.026389 11.665785 -0.995215 -10.613804 -13.049381 0.576677 -37.711754 -2.020199 6.142478 11.077245 3.149144 4.308119 -4.212540 2.120059 -6.374993 3.563412 -21.178566 8.143608 -11.530923 4.357279 -4.512132 12.985934 1.846176 0.001335
0.534153 -20.343096 7.294884 -21.054117 7.344492 -4.529144 10.770897 11.148741 -0.975792 -10.480143 -13.354944 0.512283 -37.355324 -1.604757 6.467549 11.130206 3.650483 4.143437 -4.100424 2.145817 -6.430414 3.756527 -20.889147 7.719778 -11.730514 4.175004 -4.470833 13.274687 1.864366 0.061330
0.583901 -20.239027 7.199136 -21.122393 7.434348 -4.538979 10.690435 10.993280 -0.952890 -10.415293 -13.455433 0.493901 -37.258659 -1.418174 6.575770 11.151548 3.839889 4.109737 -4.049854 2.134049 -6.365335 3.924295 -20.604177 7.809618 -11.809167 4.186827 -4.423876 13.306611 1.851232 0.007916
0.594467 -20.244858 7.177688 -21.135817 7.444884 -4.549819 10.683925 10.952902 -0.947387 -10.406176 -13.465761 0.475782 -37.210228 -1.419707 6.598054 11.157845 3.848571 4.095948 -4.054420 2.143453 -6.382516 3.935645 -20.582533 7.812573 -11.796100 4.199786 -4.434027 13.309032 1.836059 -0.007078
0.633149 -20.199648 7.092359 -21.160116 7.516782 -4.567854 10.639898 10.873755 -0.956348 -10.368189 -13.497561 0.477005 -37.181541 -1.374848 6.621176 11.136816 3.894798 4.085726 -4.047801 2.130848 -6.471780 3.924368 -20.633575 7.881846 -11.734992 4.261546 -4.425548 13.289028 1.781735 -0.035535
0.634999 -20.188726 6.966244 -21.173090 7.633120 -4.565475 10.567325 10.742210 -0.965047 -10.289303 -13.539228 0.469887 -37.075867 -1.324341 6.663841 11.168676 3.912781 4.106257 -4.047216 2.198979 -6.438555 4.009733 -20.458704 8.005280 -11.685645 4.337560 -4.384922 13.337693 1.772322 -0.073960
0.661277 -20.193455 6.831005 -21.207083 7.755406 -4.557048 10.482345 10.624655 -0.960507 -10.224134 -13.562264 0.503200 -37.013100 -1.349539 6.693875 11.143138 3.899697 4.131067 -4.070770 2.280698 -6.441956 4.031935 -20.415842 7.985564 -11.603961 4.354282 -4.316043 13.503160 1.785047 0.021074
0.668725 -20.183083 6.672048 -21.228785 7.888690 -4.535110 10.399248 10.440233 -0.998056 -10.158662 -13.654264 0.540863 -36.819099 -1.297486 6.791166 11.136057 3.978025 4.098383 -4.104360 2.413672 -6.244081 4.133488 -20.127874 7.904508 -11.589068 4.307390 -4.213567 13.789226 1.939238 0.059843
0.593620 -20.227095 6.523813 -21.244291 7.973041 -4.522143 10.360733 10.163141 -1.030160 -10.118673 -13.768777 0.560015 -36.600140 -1.156983 6.970480 11.154455 4.219144 3.996615 -4.103601 2.523592 -6.131507 4.171559 -19.950117 7.546457 -11.377492 4.258190 -4.198804 14.245687 2.009694 0.355991
0.630084 -20.180086 6.371767 -21.219219 8.141083 -4.503059 10.258834 9.955418 -1.094607 -10.028898 -13.832390 0.580819 -36.362228 -1.148715 7.071175 11.162346 4.269326 3.975176 -4.153737 2.698956 -6.134013 4.147448 -19.951916 7.284435 -11.248591 4.250592 -4.261036 14.460310 2.007383 0.544479
0.582551 -20.228598 6.215667 -21.176498 8.252307 -4.510577 10.215255 9.716298 -1.139445 -9.960396 -13.884204 0.643827 -36.215286 -1.151111 7.151049 11.167117 4.290945 3.989103 -4.170879 2.905421 -6.207989 4.108781 -20.090097 6.723782 -11.085714 4.079525 -4.431227 14.751177 1.880123 0.952676
0.572734 -20.232784 6.123858 -21.100531 8.353843 -4.506938 10.182257 9.475863 -1.166760 -9.866022 -13.929232 0.743087 -35.982506 -1.197138 7.185470 11.282371 4.243201 3.923255 -4.196696 3.200446 -6.040534 4.179233 -19.947950 6.396383 -10.848533 4.039405 -4.371583 15.171091 1.952420 1.466144
0.592576 -20.169371 6.091295 -21.026556 8.479019 -4.587102 10.176290 9.191605 -1.183367 -9.755896 -13.957731 0.859472 -35.765083 -1.193799 7.191673 11.414783 4.193044 3.914515 -4.229828 3.588452 -6.007717 4.166493 -19.985481 5.578645 -10.774129 3.755198 -4.506374 15.643004 1.950567 1.912706
0.531995 -20.227869 6.008155 -20.913580 8.596683 -4.605843 10.210776 8.992289 -1.237783 -9.635977 -14.032673 0.960637 -35.422382 -1.184578 7.326942 11.476528 4.341743 3.779636 -4.273751 3.989031 -5.843970 4.255847 -19.793365 4.911594 -10.701428 3.538172 -4.630208 16.092129 1.994981 2.343282
0.484453 -20.163054 6.050763 -20.735575 8.741946 -4.741554 10.297461 8.660200 -1.293367 -9.466709 -14.048128 1.090129 -35.147034 -1.187162 7.430718 11.596170 4.472190 3.629977 -4.278467 4.455718 -5.752381 4.433694 -19.525410 4.339158 -10.811111 3.266283 -4.759314 16.417805 1.969818 2.606607
0.409792 -20.119505 6.119880 -20.573248 8.853449 -4.900086 10.425708 8.294113 -1.328770 -9.287640 -14.014132 1.218390 -34.906528 -1.206635 7.454434 11.749920 4.471690 3.595757 -4.300354 4.972535 -5.666893 4.644707 -19.215837 3.887786 -11.003264 3.015287 -4.928804 16.597759 1.926891 2.788343
0.354844 -20.122799 6.212349 -20.512590 8.898566 -4.979450 10.520741 7.985033 -1.307355 -9.161429 -14.059898 1.330598 -34.633583 -1.172195 7.537709 11.831671 4.605778 3.414164 -4.308126 5.283950 -5.635434 4.760956 -19.064049 3.326026 -11.230188 2.683581 -5.186700 16.737972 1.859208 2.912673
0.322610 -20.090498 6.234520 -20.454752 8.990939 -5.040726 10.559795 7.757760 -1.310848 -9.028172 -14.094393 1.388552 -34.491600 -1.165244 7.618709 11.880171 4.722460 3.278526 -4.290467 5.452847 -5.593090 4.767776 -19.014332 3.237699 -11.346271 2.613939 -5.325961 16.661461 1.865304 2.887736
0.299135 -20.046412 6.125049 -20.342827 9.087476 -5.066729 10.554495 7.647704 -1.393535 -8.903927 -14.154059 1.437666 -34.283669 -1.162128 7.710075 11.895355 4.843671 3.103801 -4.302065 5.565163 -5.643859 4.733922 -19.018415 3.096587 -11.500007 2.585478 -5.476690 16.588108 1.856912 2.865270
0.262562 -20.022188 5.981557 -20.244390 9.170877 -5.105958 10.567381 7.579325 -1.478678 -8.783781 -14.225245 1.458889 -34.118301 -1.135192 7.784895 11.882891 4.977749 2.913317 -4.297516 5.558215 -5.695124 4.693285 -19.039883 3.013164 -11.618884 2.585004 -5.595109 16.503365 1.852537 2.811727
0.239671 -20.003469 5.887738 -20.168447 9.191915 -5.123698 10.577220 7.545850 -1.535071 -8.724578 -14.263942 1.443127 -34.034935 -1.129581 7.831820 11.867699 5.069247 2.777486 -4.290921 5.475863 -5.707093 4.664890 -18.997004 2.948720 -11.631984 2.621874 -5.744716 16.434874 1.834535 2.766482
0.210899 -19.985556 5.748509 -20.075157 9.216313 -5.124086 10.585238 7.540122 -1.647656 -8.688488 -14.289648 1.425457 -33.955387 -1.139751 7.867650 11.847124 5.128181 2.682308 -4.293482 5.422180 -5.721817 4.623291 -18.957998 2.851619 -11.659597 2.656189 -5.948307 16.340090 1.806550 2.697611
0.204896 -19.988022 5.707001 -20.061506 9.225190 -5.128080 10.585614 7.538040 -1.666515 -8.676727 -14.297186 1.420107 -33.927010 -1.138393 7.874778 11.847860 5.139209 2.661125 -4.297586 5.416635 -5.728508 4.608358 -18.955513 2.827096 -11.670085 2.664594 -6.004543 16.310112 1.799116 2.672771
0.203143 -19.991903 5.711382 -20.063448 9.221045 -5.122263 10.584515 7.553878 -1.668208 -8.685178 -14.297176 1.421465 -33.938438 -1.134821 7.872686 11.844633 5.139192 2.666273 -4.294798 5.411793 -5.719801 4.608924 -18.953897 2.831282 -11.670851 2.663953 -6.018663 16.297482 1.796368 2.657170
0.244058 -19.986864 5.745125 -20.111584 9.211370 -5.109431 10.555000 7.611940 -1.639044 -8.720190 -14.283752 1.416261 -34.018188 -1.132080 7.854237 11.820896 5.116233 2.710823 -4.287942 5.361283 -5.707902 4.617326 -18.988813 2.888108 -11.662271 2.642384 -5.974678 16.287903 1.792476 2.635064
0.245072 -19.999685 5.739308 -20.123232 9.202185 -5.079197 10.537746 7.696411 -1.662835 -8.768248 -14.280096 1.397250 -34.070137 -1.130727 7.847490 11.774464 5.107868 2.729788 -4.292561 5.263915 -5.705736 4.613208 -19.013205 2.925200 -11.661477 2.641736 -5.979879 16.253803 1.780820 2.592549
0.270890 -20.036211 5.742674 -20.176935 9.157595 -5.024782 10.498712 7.864742 -1.678895 -8.883742 -14.270007 1.360043 -34.155426 -1.134232 7.835955 11.690212 5.093920 2.769417 -4.307589 5.105111 -5.707327 4.592172 -19.130873 3.025541 -11.702666 2.589785 -5.980551 16.139269 1.751543 2.438555
0.301740 -20.052683 5.756408 -20.212538 9.115750 -4.989396 10.471567 7.999824 -1.695476 -8.985535 -14.241339 1.330246 -34.266220 -1.139086 7.807082 11.628151 5.055906 2.840794 -4.315647 4.991718 -5.720868 4.550134 -19.262577 3.112926 -11.752245 2.537477 -6.007587 16.002964 1.720474 2.255193
0.318013 -20.109718 5.782196 -20.271734 9.030890 -4.957689 10.464822 8.160971 -1.686067 -9.118097 -14.208678 1.283160 -34.404324 -1.128899 7.752828 11.604963 4.997492 2.929901 -4.314457 4.853363 -5.728441 4.506155 -19.377531 3.187965 -11.790784 2.503073 -6.057254 15.868464 1.692972 2.070635
0.303445 -20.177622 5.640964 -20.277819 8.953754 -4.873716 10.431773 8.395917 -1.770566 -9.238387 -14.184196 1.212939 -34.562164 -1.120779 7.686004 11.602813 4.931926 2.983365 -4.300926 4.613424 -5.726636 4.429823 -19.541191 3.289490 -11.843089 2.483780 -6.165205 15.666245 1.657751 1.785807
0.290309 -20.240210 5.657261 -20.385639 8.807196 -4.718689 10.372236 8.694597 -1.771960 -9.449554 -14.163601 1.129924 -34.810196 -1.087879 7.591657 11.558949 4.847151 3.085060 -4.255598 4.290704 -5.720976 4.382981 -19.615416 3.378531 -11.875305 2.491211 -6.309019 15.460446 1.602739 1.551427
0.209501 -20.362257 5.728701 -20.453398 8.633187 -4.575333 10.386361 8.992986 -1.773747 -9.669198 -14.171522 1.016982 -35.058189 -1.075774 7.565184 11.428128 4.852286 3.155581 -4.230976 3.866916 -5.670160 4.325044 -19.754210 3.541503 -11.871629 2.480120 -6.358907 15.292725 1.594336 1.288506
0.023300 -20.592871 5.606238 -20.448736 8.445424 -4.458878 10.488472 9.329243 -1.903886 -9.868288 -14.102379 0.915567 -35.400425 -1.069095 7.455043 11.477950 4.740076 3.293456 -4.157810 3.586454 -5.571496 4.253463 -19.832266 3.613734 -11.837657 2.491355 -6.487546 15.156396 1.611552 1.042708
-0.171226 -20.855040 5.509101 -20.505053 8.149007 -4.238990 10.614931 9.709270 -2.030977 -10.177938 -14.033112 0.785598 -35.716923 -1.026004 7.388103 11.482821 4.728090 3.400544 -4.079679 3.279670 -5.473967 4.124599 -19.907808 3.621740 -11.784522 2.570250 -6.750554 14.987345 1.645411 0.716980
-0.418622 -21.071302 5.461631 -20.462910 7.917841 -3.943705 10.698081 10.202698 -2.192611 -10.432775 -13.880816 0.630112 -36.003017 -1.056473 7.282865 11.632030 4.585731 3.463587 -3.998537 2.969379 -5.360745 3.950749 -20.042181 3.643156 -11.718461 2.656173 -6.986997 14.833988 1.718731 0.399960
-0.620741 -21.319036 5.598698 -20.486006 7.596295 -3.695457 10.805034 10.579636 -2.160895 -10.655724 -13.758542 0.448133 -36.341156 -1.019107 7.190660 11.747837 4.556506 3.493376 -3.886655 2.582186 -5.220102 3.689445 -20.292784 3.816223 -11.534131 2.819769 -7.196096 14.661278 1.820060 0.012865
-0.776267 -21.748661 5.872694 -20.414417 7.210963 -3.378947 11.008815 11.159100 -2.079148 -10.921356 -13.576208 0.301584 -36.571938 -1.052907 7.106583 12.005772 4.501595 3.344244 -3.773165 2.294399 -5.137665 3.452725 -20.471960 3.872452 -11.379615 2.974950 -7.434117 14.548507 1.909785 -0.270052
-2.610104 -21.452459 9.258902 -12.351152 20.152184 0.021451 7.272039 20.391493 4.387777 2.916042 -5.433912 0.015428 -29.203730 -7.738989 7.623580 5.291530 -7.889133 3.318585 -20.883167 1.696187 2.986291 4.768378 -13.871305 14.223344 -8.383543 4.842339 -10.468572 9.937811 0.372079 -0.489509
-2.958950 -21.827736 9.137599 -11.944304 19.811169 0.752868 7.395550 21.020546 3.914942 2.540343 -4.748586 -0.100686 -29.386803 -8.308302 7.295563 5.960719 -8.392187 2.553151 -21.098324 1.076403 3.441420 4.431841 -13.864609 14.108583 -8.063442 5.157749 -11.083996 9.780632 0.601021 -0.922308
-2.819332 -21.810839 8.987390 -11.298740 19.717720 1.179939 7.435534 21.705318 3.341383 2.349468 -4.206216 -0.199664 -29.377813 -8.599021 7.199652 6.418784 -8.553197 2.042113 -21.151106 0.828103 3.806821 4.176520 -13.768403 13.963225 -7.778811 5.424504 -11.696130 9.639222 0.741652 -1.249226
-2.658575 -21.795694 8.816032 -10.663529 19.728357 1.350546 7.476743 22.046705 2.816188 2.232397 -3.501450 -0.345958 -29.463697 -8.849119 7.039692 6.938223 -8.788946 1.566637 -21.142443 0.480103 4.233542 3.815217 -13.784355 13.919699 -7.400756 5.721135 -12.374637 9.459345 0.929500 -1.773404
-2.135171 -21.474207 8.475302 -9.887579 19.965199 1.276312 7.401962 22.564581 2.205899 2.258646 -2.793265 -0.559398 -29.371325 -9.091680 7.006046 7.469193 -8.925366 1.020812 -21.109703 0.201870 4.601034 3.660341 -13.621026 13.692721 -7.147964 5.858528 -12.992017 9.363285 0.999715 -2.023639
0.844608 -20.982088 8.158875 -7.323949 18.536377 -3.018216 6.289290 22.425016 -0.224037 -0.207853 -3.810055 -5.962377 -27.956440 -8.077159 3.974142 10.545277 -4.103355 2.761557 -19.258911 -1.661923 6.443532 5.104096 -14.914546 12.348434 -5.738282 4.130408 -13.128236 10.064501 1.614020 -2.362731
1.932240 -19.810360 7.835833 -6.561198 18.479183 -4.175281 6.349891 22.621471 -1.467668 -0.767589 -3.426714 -7.063907 -27.038097 -7.960266 4.384068 11.195126 -3.265233 2.408365 -19.087854 -2.320356 7.241576 5.036500 -14.902336 11.819764 -5.412242 3.470439 -13.594724 10.370790 1.798952 -2.466670
2.046450 -19.183985 7.621256 -6.248030 18.788424 -4.504066 6.294911 23.033970 -2.273166 -1.079006 -3.227249 -7.414896 -26.519115 -8.159101 4.640537 11.156585 -3.009589 2.094322 -19.211851 -2.610932 7.718231 5.581935 -14.377396 11.532203 -5.312882 3.182723 -14.696213 9.987022 1.204133 -2.597436
1.644014 -18.673298 7.258276 -5.977541 19.430841 -4.656489 6.303283 23.136396 -2.782527 -0.715664 -3.257708 -7.774701 -25.731613 -8.224382 5.057037 10.884986 -2.824572 1.706037 -19.790045 -3.074242 7.973207 5.789186 -13.907234 11.246549 -5.346801 2.964342 -15.393027 9.918233 0.878711 -2.830145
1.105349 -18.293533 6.820798 -5.572877 19.904308 -4.908481 6.320069 23.183393 -3.334836 -0.469658 -3.600788 -8.151258 -24.797031 -8.102250 5.600400 10.284948 -2.316214 1.429794 -20.449162 -3.598146 8.254377 6.108791 -13.411357 10.851497 -5.420181 2.718658 -15.974095 9.934391 0.596962 -2.980418
0.243591 -18.086840 6.344503 -5.207719 20.348976 -5.197872 6.362664 22.911339 -3.692288 -0.062329 -4.128559 -8.321126 -24.106506 -7.831922 6.089681 9.557076 -1.663886 1.424295 -21.047033 -3.698545 8.490202 6.567020 -12.813566 10.406332 -5.623343 2.394362 -16.446600 9.985516 0.285117 -2.996475
-0.565140 -18.026152 5.927225 -4.900279 20.746935 -5.398836 6.371237 22.606699 -3.919551 0.378170 -4.592164 -8.441856 -23.353697 -7.609292 6.546771 8.983525 -1.105085 1.211775 -21.582283 -3.794087 8.613399 7.111410 -12.224098 10.002755 -5.805544 1.973883 -16.794525 10.028712 -0.155452 -2.744859
-1.482751 -18.039307 5.553661 -4.603154 21.064608 -5.604709 6.426852 22.132648 -4.148314 0.766893 -5.137553 -8.428907 -22.784698 -7.404664 6.879051 8.472865 -0.477248 1.061204 -21.927477 -3.718007 8.640318 7.509334 -11.839914 9.674663 -6.017807 1.578438 -17.001949 10.045129 -0.524911 -2.491727
-2.328327 -18.312513 5.376167 -4.368679 21.341362 -5.863202 6.634532 21.463608 -4.301445 1.069201 -5.751445 -8.333889 -22.237747 -7.088414 7.202115 8.159610 0.128023 0.971525 -22.096498 -3.359053 8.762662 7.897771 -11.366510 9.252358 -6.193817 1.271576 -17.256691 10.080064 -0.790882 -2.180176
-3.360309 -18.731306 5.239170 -4.060460 21.555367 -6.058757 6.943897 20.692513 -4.568181 1.253036 -6.224945 -8.251863 -21.582245 -6.756190 7.553475 8.057184 0.601745 0.665399 -22.157309 -3.033941 8.820824 8.245522 -10.992743 8.934256 -6.417045 0.972255 -17.444824 10.043402 -1.069571 -1.845737
-4.236083 -19.211737 5.199993 -3.815214 21.583364 -6.316727 7.288426 19.816376 -4.744393 1.361353 -6.703802 -8.209664 -20.878098 -6.453693 7.894703 8.094393 1.216298 0.292637 -22.241220 -2.683475 8.730771 8.474274 -10.787351 8.772983 -6.587615 0.729536 -17.471325 10.040201 -1.289133 -1.582866
-5.160627 -19.637465 5.206046 -3.499252 21.481518 -6.568291 7.703537 19.038612 -4.958633 1.384744 -7.176707 -8.170749 -20.114523 -6.129694 8.286317 8.207803 1.841785 -0.095789 -22.280321 -2.258798 8.788056 8.678241 -10.481750 8.391040 -6.768965 0.648573 -17.644997 10.010707 -1.394993 -1.121777
-6.182463 -20.143747 5.278395 -3.104850 21.341461 -6.829338 8.222089 18.207905 -5.244736 1.355314 -7.595894 -8.059103 -19.622677 -5.875873 8.521664 8.277023 2.240986 -0.309868 -22.244181 -1.837990 8.730892 8.856029 -10.242409 8.103389 -6.982728 0.585322 -17.686117 9.975210 -1.494043 -0.566605
-6.788054 -20.444483 5.239245 -2.919995 21.220638 -6.958631 8.538094 17.542208 -5.400169 1.378163 -8.016620 -7.965889 -19.059723 -5.570741 8.823191 8.304385 2.713752 -0.540805 -22.164064 -1.391869 8.747993 8.925118 -10.067494 7.912871 -7.093925 0.581601 -17.729576 9.963179 -1.486919 -0.215163
-7.263923 -20.601667 5.075616 -2.793684 21.203352 -7.032038 8.730574 17.023922 -5.570438 1.464492 -8.296937 -7.885768 -18.718960 -5.394469 9.027717 8.277288 3.015522 -0.642851 -22.098467 -1.089608 8.762373 9.047436 -9.779724 7.576964 -7.273801 0.572344 -17.784193 9.953471 -1.496442 0.424184
-7.766174 -20.620687 4.807479 -2.649640 21.258869 -7.057308 8.841970 16.619646 -5.817244 1.559594 -8.473531 -7.783402 -18.388294 -5.273806 9.214299 8.330809 3.223969 -0.872509 -22.097589 -0.814071 8.850000 9.125453 -9.505760 7.263080 -7.414765 0.597269 -17.915550 9.937260 -1.455335 0.862678
-8.216936 -20.639299 4.470696 -2.524061 21.308956 -7.097600 8.939149 16.149113 -6.043231 1.705819 -8.648769 -7.697126 -17.971512 -5.201560 9.395563 8.392164 3.536212 -1.165313 -22.147406 -0.495461 8.985224 9.245554 -9.141962 6.922688 -7.562318 0.651073 -18.065229 9.930630 -1.412407 1.421302
-8.572306 -20.605385 4.132725 -2.435441 21.401997 -7.131373 8.984324 15.788935 -6.267808 1.835486 -8.748289 -7.641039 -17.640831 -5.158707 9.524732 8.448971 3.760960 -1.410312 -22.171780 -0.259389 9.064367 9.315290 -8.928976 6.727092 -7.640428 0.682840 -18.125420 9.938892 -1.372594 1.765807
-8.794271 -20.565779 3.874797 -2.393768 21.506893 -7.179801 9.007452 15.553784 -6.434986 1.936701 -8.879252 -7.602815 -17.287642 -5.120599 9.629466 8.471936 3.999148 -1.654585 -22.204412 -0.098083 9.126244 9.355634 -8.808280 6.586605 -7.692255 0.702314 -18.187637 9.935600 -1.346086 1.955531
-8.939943 -20.538115 3.686543 -2.366176 21.608582 -7.215293 9.020403 15.382218 -6.548521 2.026519 -8.899010 -7.591069 -17.095049 -5.119535 9.703628 8.502326 4.126091 -1.833865 -22.241051 -0.022326 9.161231 9.407953 -8.700330 6.499811 -7.753686 0.699983 -18.209953 9.935790 -1.341488 2.136362
-8.994652 -20.528723 3.630147 -2.348655 21.629906 -7.216141 9.021553 15.355495 -6.591708 2.040298 -8.880217 -7.596222 -17.042597 -5.127790 9.704976 8.538853 4.128291 -1.903137 -22.248114 -0.025148 9.173166 9.430999 -8.650069 6.466017 -7.784388 0.700477 -18.217552 9.935309 -1.339332 2.214411
