1.175046 -0.910051 -5.813256 -11.232733 24.389618 -10.229206 11.367909 -10.881829 -13.303306 -10.821785 -24.511734 6.289551 -3.761178 2.617738 15.577839 7.845514 17.931847 -0.355621 -18.306173 9.291844 10.264380 11.081221 -4.090957 7.044161 -20.445089 -5.847876 -11.354093 5.130309 -9.566654 9.487491
1.240639 -0.622513 -5.559478 -11.705061 24.537895 -10.113476 10.688223 -10.757164 -13.046918 -11.133940 -24.762478 6.479702 -4.121530 2.621977 14.873689 8.225316 17.640991 0.005041 -18.059744 9.775704 10.076745 11.069055 -4.742218 6.715563 -20.462177 -5.999788 -11.210128 5.198034 -9.538358 9.281677
1.522624 -0.183915 -5.157216 -12.690028 24.737247 -10.019165 9.454111 -10.484161 -12.348284 -11.866680 -25.970703 6.528874 -4.627507 2.024202 12.156800 8.548063 16.877890 1.319954 -17.672445 9.774588 9.929420 11.485131 -6.129014 5.994176 -20.345655 -6.167085 -10.935275 5.033227 -9.595359 8.650806
1.728694 0.357711 -4.357989 -13.920183 24.630684 -10.167997 8.093460 -10.080943 -11.305928 -12.791924 -27.810337 6.738487 -5.742298 1.546992 8.623365 8.411143 16.406244 2.952883 -17.032963 9.423179 9.796850 11.438108 -7.746670 5.184078 -20.399137 -6.462926 -10.465392 5.019636 -9.601026 8.202707
2.152607 0.834417 -4.119606 -15.095112 24.854351 -10.506268 6.597191 -9.711767 -10.281656 -13.722346 -29.292479 6.992349 -6.729753 1.612065 6.170327 7.982168 16.385378 4.038852 -16.663481 9.071747 9.571095 11.233876 -9.431058 4.035635 -20.557949 -6.659744 -10.017974 5.063988 -9.398888 8.296231
2.629015 1.043388 -4.006762 -16.206049 24.870237 -11.002597 5.259093 -9.224516 -9.153172 -14.731796 -29.778381 7.782692 -8.327044 1.690771 4.937428 7.382930 16.037947 5.292745 -16.096907 7.175140 8.797857 9.788476 -10.579177 3.422606 -20.558113 -6.799860 -9.825168 5.811256 -8.896213 8.740698
2.787177 1.137683 -3.504107 -16.955339 24.375826 -11.284224 4.380392 -8.536240 -8.407893 -15.872896 -30.998383 8.289725 -9.241207 1.683310 3.341590 6.528152 16.153952 6.710851 -15.692773 5.479256 8.136253 8.533051 -11.481853 2.883795 -20.069803 -6.853497 -9.668071 6.894233 -8.255008 8.948611
2.767789 1.037118 -2.933087 -17.093397 23.861767 -11.626787 3.908683 -7.578829 -7.862249 -16.642611 -31.863041 8.504999 -9.906178 1.225917 2.012466 5.654999 16.071537 8.121781 -15.462497 4.381987 7.675024 7.843823 -12.566542 2.239553 -19.489246 -6.864891 -9.487565 7.724500 -7.821967 8.844657
2.452604 0.917164 -2.392003 -17.025824 23.527973 -11.796082 3.475755 -6.698174 -7.553416 -17.242357 -32.143970 8.618823 -10.624219 0.966003 1.143561 5.083020 15.872905 8.855172 -15.365628 3.595693 7.494069 6.987184 -13.278244 1.842124 -19.211727 -6.822328 -9.380825 8.247972 -7.450357 8.833549
2.275183 0.812748 -2.201467 -16.953840 23.344313 -11.827271 3.191269 -6.101572 -7.459602 -17.615932 -32.341633 8.523924 -11.067410 0.698172 0.446658 4.718005 15.824903 9.511907 -15.289019 3.297013 7.328291 6.657143 -13.652018 1.654325 -18.910488 -6.829762 -9.297808 8.587029 -7.279067 8.826519
2.352628 0.883382 -2.193520 -16.935831 23.378090 -11.817037 3.281938 -6.126122 -7.502877 -17.503008 -32.295147 8.508080 -10.935642 0.700867 0.612913 4.740132 15.864669 9.377393 -15.334416 3.335613 7.390135 6.727962 -13.548351 1.760152 -18.932777 -6.826567 -9.336468 8.508280 -7.319891 8.767546
3.087586 1.060299 -2.945742 -16.919500 23.690714 -11.559753 4.294708 -6.935478 -8.067884 -16.314894 -31.325615 8.286197 -9.925382 0.905621 2.489285 5.350859 15.849321 8.091596 -15.788136 4.235214 7.767327 7.290195 -12.266588 2.601858 -19.376717 -6.842116 -9.773805 7.802196 -7.834974 8.569258
2.877796 0.941673 -3.602038 -15.519788 24.319599 -10.986883 6.161347 -7.891038 -9.393194 -14.263135 -28.904581 7.396746 -8.604989 0.595261 5.142324 6.582082 15.401158 5.893910 -16.576883 6.285408 8.967802 8.827746 -10.400980 3.776811 -19.947380 -6.717795 -10.258887 6.309230 -8.694465 8.301712
2.133682 0.161905 -4.175354 -12.913164 24.085443 -10.284428 9.259897 -8.166427 -11.714096 -12.164778 -26.000847 6.233205 -5.717534 0.013499 9.509039 7.459440 15.681491 3.451431 -17.777588 8.050261 10.038255 10.287635 -7.161765 5.793161 -19.682201 -6.397698 -10.712165 5.787720 -9.530276 7.865243
3.013057 -1.637766 -5.563856 -9.647999 23.089008 -10.434082 12.764909 -7.457156 -14.772458 -10.163580 -21.681341 4.184171 -3.840415 -1.113323 14.958833 6.679326 17.727480 1.036735 -18.980871 8.760021 10.900881 10.707473 -4.102583 7.685030 -18.419928 -5.012313 -11.643672 6.136570 -9.212863 8.837336
6.103634 -3.117337 -5.048137 -6.939588 21.116875 -9.693301 15.957524 -7.510248 -15.741473 -8.983907 -18.627094 0.246063 -2.109669 -3.887790 15.493720 6.152186 17.954117 0.346902 -20.879059 5.750410 11.918591 10.673619 -2.795308 9.017972 -16.523167 -3.929208 -12.659852 6.800916 -8.443844 8.392447
10.356604 -4.404821 -3.150099 -5.432196 19.161282 -7.589198 17.352545 -6.443194 -15.391906 -8.714972 -15.513448 -2.997997 -2.066005 -7.433858 13.951318 6.174582 18.225336 0.889520 -21.720903 3.661493 12.790471 10.706427 -2.664532 9.859015 -13.979207 -3.061043 -12.665742 8.242895 -7.738243 7.274451
13.137478 -5.033556 -0.234866 -5.751803 17.517029 -6.137155 18.433662 -5.417026 -13.617132 -9.055660 -12.835716 -4.682638 -3.188473 -10.287400 12.410733 6.317599 16.103628 2.280002 -22.434895 2.779409 13.059453 10.330117 -2.558044 10.494691 -12.308449 -2.529987 -12.810277 9.224287 -7.363512 5.912044
13.908773 -5.477859 2.457800 -5.921374 15.931296 -6.420828 19.828217 -4.219149 -12.402338 -9.283286 -11.725106 -5.112193 -4.384694 -11.559236 11.456027 6.399804 14.228083 3.456832 -22.657043 2.527133 13.137886 9.702430 -2.524436 10.845038 -11.355611 -2.186897 -13.226340 9.820140 -7.100004 4.983055
14.305702 -5.433595 3.717471 -5.910770 15.336308 -6.709309 20.159185 -3.300324 -11.813403 -9.453698 -11.200996 -4.953690 -5.482248 -11.955661 10.847252 6.528353 13.163069 4.109108 -22.479101 2.428432 13.223209 9.075776 -2.556568 10.991290 -10.797187 -1.919928 -13.604756 10.097048 -6.864086 4.507263
14.319608 -5.429227 3.926430 -5.938377 15.197222 -6.781054 20.234152 -3.079643 -11.715466 -9.488651 -11.166909 -4.908257 -5.649637 -12.022677 10.709841 6.572206 12.877105 4.333214 -22.426189 2.476941 13.223209 8.919841 -2.586568 11.012681 -10.669530 -1.852968 -13.669347 10.167543 -6.801359 4.439744
14.562897 -5.352407 4.224326 -5.935027 15.047260 -6.886236 20.409809 -2.677440 -11.539876 -9.457727 -11.088322 -4.886091 -5.960494 -12.211736 10.564687 6.488441 12.363105 4.900801 -22.368008 2.517295 13.254454 8.605012 -2.619406 11.046683 -10.409054 -1.687606 -13.787532 10.277252 -6.672494 4.323570
15.093934 -5.292608 4.688160 -5.976548 14.724675 -7.102901 20.776581 -1.993261 -11.122772 -9.428452 -10.770813 -4.801059 -6.561259 -12.561234 10.186638 6.589151 11.377839 5.854018 -22.162321 2.903746 13.303655 8.131626 -2.681709 11.185437 -10.050553 -1.443070 -13.913630 10.457808 -6.411593 4.134980
15.959728 -5.290965 5.063009 -6.125654 14.283088 -7.499013 21.063534 -0.948633 -10.460412 -9.619171 -10.134460 -4.599517 -7.459216 -13.015645 9.642224 6.762676 10.010905 7.211135 -21.722788 3.656573 13.352151 7.287587 -2.833332 11.396558 -9.522028 -1.069263 -14.065255 10.665888 -6.002079 3.976976
16.601198 -5.450220 5.614723 -6.251831 13.655751 -7.705835 21.248648 0.121429 -9.894502 -10.028597 -9.514280 -4.264130 -8.427451 -13.341849 9.261176 7.032599 8.670610 8.657769 -21.251972 4.658821 13.378392 6.307334 -3.096511 11.872325 -9.086806 -0.724930 -14.076442 10.786427 -5.537781 3.579616
16.529694 -5.640775 6.603989 -6.029828 12.764325 -7.844658 21.655073 1.743526 -9.884067 -10.574195 -8.908896 -4.121731 -9.981213 -13.108658 9.097287 6.738648 8.723025 9.294753 -20.847694 4.176621 13.221581 5.303766 -3.532967 12.222772 -8.785018 -0.508051 -13.902380 11.096265 -5.103091 3.438380
15.499696 -6.157314 6.727709 -6.043886 12.009905 -8.155699 21.944027 3.188009 -10.026398 -11.272584 -8.481593 -4.319089 -11.466870 -12.876845 9.024749 5.860240 9.333635 9.304856 -20.816385 2.587782 12.936747 4.420486 -4.253442 12.420419 -8.610274 -0.276690 -13.516614 11.489721 -4.544600 3.413132
14.034351 -6.608339 5.929381 -6.595538 11.633573 -8.765045 21.646172 4.108621 -10.227715 -11.870552 -8.346077 -4.278261 -12.756528 -12.762547 8.670178 5.300985 9.448705 9.360107 -20.787550 1.344909 12.593746 3.907339 -4.951700 12.352876 -8.669345 -0.221106 -12.948298 11.745676 -4.045501 3.589511
13.338038 -7.029352 5.315989 -7.266545 11.307712 -9.143012 21.344078 4.477041 -10.091334 -12.400072 -8.455864 -4.077063 -13.766246 -12.446700 8.227591 4.955981 9.647991 9.308993 -20.613758 0.516018 12.319813 3.637003 -5.346963 12.256287 -8.835762 -0.221597 -12.548228 11.847315 -3.760429 3.869501
13.048935 -7.135046 5.029581 -7.711327 11.208410 -9.328236 21.005901 4.679028 -9.971898 -12.650811 -8.576353 -3.963284 -14.213214 -12.243468 7.982687 4.799709 9.808289 9.253028 -20.502735 0.123759 12.198362 3.499362 -5.562858 12.236574 -8.997693 -0.193880 -12.302537 11.825816 -3.594100 4.034715
13.038583 -7.144088 5.014763 -7.736876 11.203475 -9.336071 20.981112 4.689904 -9.960643 -12.673998 -8.600855 -3.944270 -14.223372 -12.204026 7.964314 4.814641 9.824102 9.211129 -20.491655 0.104946 12.184841 3.478201 -5.595716 12.242734 -9.007642 -0.185396 -12.264956 11.830766 -3.566123 4.056700
13.084335 -7.080932 5.078280 -7.621810 11.258077 -9.293306 21.050161 4.614533 -10.005527 -12.588581 -8.521338 -3.997161 -14.109824 -12.317513 8.033861 4.847575 9.732924 9.290975 -20.533199 0.234657 12.213943 3.544843 -5.514808 12.213240 -8.967746 -0.208370 -12.378762 11.827329 -3.646942 4.004966
13.324076 -6.961510 5.267406 -7.332015 11.379811 -9.180574 21.229015 4.399389 -10.061015 -12.408074 -8.459335 -4.043759 -13.748658 -12.423295 8.197476 5.017754 9.642852 9.252885 -20.600370 0.538183 12.272466 3.651866 -5.364437 12.186381 -8.868350 -0.237761 -12.561135 11.847730 -3.778936 3.927938
13.693346 -6.742406 5.553376 -6.937469 11.587545 -8.985154 21.382521 4.105979 -10.140767 -12.131242 -8.473918 -4.027865 -13.174563 -12.443070 8.432525 5.328242 9.631061 9.015281 -20.659864 0.946444 12.424667 3.813645 -5.105686 12.233366 -8.731723 -0.255877 -12.813149 11.820934 -3.957053 3.758708
14.190285 -6.511193 5.981437 -6.668746 11.798553 -8.603325 21.514996 3.593366 -10.092852 -11.807564 -8.434674 -4.210524 -12.465540 -12.576232 8.718822 5.591430 9.577332 9.032552 -20.765709 1.578050 12.574867 4.121263 -4.790191 12.167260 -8.642215 -0.307288 -13.135031 11.743900 -4.232244 3.654176
14.970510 -6.298916 6.399772 -6.461368 12.029431 -8.054197 21.624252 2.800640 -9.966992 -11.477966 -8.669024 -4.132881 -11.754999 -12.411293 8.805640 6.165506 9.591699 8.789929 -20.685429 2.283601 12.778117 4.425651 -4.319692 12.214879 -8.606342 -0.334454 -13.504554 11.585276 -4.556576 3.576706
15.972383 -6.052020 6.396348 -6.522399 12.547607 -7.752958 21.451347 1.716349 -9.696946 -11.045236 -8.911104 -3.989550 -10.789704 -12.493888 8.913875 6.714588 9.386429 8.691718 -20.655123 3.273003 12.949823 5.034772 -3.783261 12.070191 -8.678289 -0.476077 -13.785048 11.385156 -4.978116 3.658634
18.485697 1.264757 4.912184 -11.861452 9.917785 -6.722031 25.173708 -2.091069 -13.522246 -14.439580 -11.247132 -0.403158 -9.372489 -17.853920 3.318697 5.294018 5.103465 8.571555 -22.682821 4.410994 7.955134 2.780582 -2.495769 12.921026 -9.925569 0.729233 -13.572581 12.325075 -7.029923 2.035924
18.436737 1.418626 4.319993 -12.405319 10.484800 -6.866097 24.936546 -3.455379 -13.228578 -14.092466 -11.660559 -0.384056 -8.122075 -17.995407 3.480307 5.673756 5.026838 8.005757 -22.946716 4.884952 8.013429 3.558836 -2.123422 12.633829 -10.230417 0.434390 -13.630185 12.012639 -7.453163 2.165844
17.803518 1.383664 3.509257 -12.752769 10.911788 -6.860398 24.680801 -4.636589 -13.493381 -13.796631 -11.921405 -0.519205 -7.091532 -17.762096 4.082364 5.539757 6.100003 6.402530 -23.417303 4.179483 7.988843 4.406150 -1.933443 12.216125 -10.614857 0.132065 -13.504189 11.752625 -7.812416 2.511724
12.770855 -4.019852 5.409587 -7.979242 15.569949 -5.603642 21.648674 -3.167501 -8.915414 -10.304247 -13.702440 -1.456846 -4.731875 -11.131587 9.852468 8.209740 7.822659 5.206810 -22.516132 -0.829581 10.229182 1.805199 -1.108733 11.555501 -12.978256 -4.756157 -13.710517 12.900352 -8.028129 3.689295
11.651989 -4.296057 4.152970 -7.798461 16.676083 -4.236052 20.791348 -4.325887 -9.806247 -10.292429 -14.248930 -1.169156 -4.448444 -10.205216 10.168954 8.109744 10.325776 3.327732 -22.490610 -1.771469 10.071904 2.458939 -0.971473 11.259096 -13.880446 -5.361700 -13.526958 12.582361 -8.636899 4.839231
11.245218 -4.521389 2.572247 -7.823459 17.496822 -3.272467 20.058857 -5.489047 -10.587514 -10.519162 -15.182759 -0.842618 -3.798632 -9.263199 10.629031 8.192554 12.170611 2.253307 -22.233452 -1.612179 10.099936 3.342522 -0.944248 10.971688 -14.626535 -5.700531 -13.128743 12.245193 -8.913352 5.562781
10.348938 -4.710380 0.849565 -7.746172 18.319172 -2.639683 19.276876 -6.312732 -11.544217 -10.806925 -16.081684 -0.394482 -3.240913 -8.194622 11.245953 8.349689 13.906816 1.427703 -21.819777 -1.134803 10.005905 4.138462 -0.922090 10.573489 -15.324814 -6.101765 -12.605654 12.068978 -9.161796 6.489408
9.252304 -4.384672 -0.500466 -7.774406 19.236635 -2.809654 18.391426 -6.444911 -12.411614 -10.813786 -16.842411 0.188153 -3.228951 -6.890443 11.628077 8.638858 15.004307 0.832698 -21.288439 -0.771831 9.971962 4.859982 -0.937484 10.282380 -15.967358 -6.412418 -12.171023 11.830177 -9.337777 7.201392
7.530193 -4.092828 -1.617184 -8.232016 19.939939 -3.703309 17.775650 -6.990027 -12.939482 -10.697881 -17.711033 0.970877 -3.405796 -5.576607 11.862886 8.958144 15.459467 0.502844 -20.731152 -0.485876 9.896942 5.453587 -1.084327 10.058507 -16.581322 -6.615593 -11.756763 11.534039 -9.429024 7.856477
6.501624 -4.025931 -2.276002 -8.937196 20.349075 -4.378170 17.255541 -7.741719 -12.803327 -10.736865 -18.587898 1.616152 -3.739676 -4.590945 11.643590 9.117109 15.935676 0.205512 -20.253183 -0.489631 9.627176 5.629871 -1.234866 9.905227 -16.995756 -6.757637 -11.386134 11.503008 -9.458884 8.401581
5.847360 -3.904907 -2.535871 -9.433887 20.683132 -4.908497 16.755486 -8.354863 -12.568763 -10.796943 -19.299885 2.177097 -4.242827 -3.753070 11.420131 9.124189 16.405550 0.127500 -19.786236 -0.403454 9.525645 5.803878 -1.309673 9.751724 -17.269024 -6.821409 -11.103990 11.451497 -9.431844 8.839353
5.301196 -3.961961 -2.707796 -9.682674 20.832752 -5.182614 16.506397 -8.869560 -12.453564 -10.957317 -19.839056 2.592712 -4.424660 -3.265383 11.354480 9.063193 16.675529 0.111205 -19.519487 -0.283430 9.368587 5.830807 -1.508837 9.641483 -17.499441 -6.919548 -10.940608 11.377109 -9.432507 9.078018
4.985179 -4.034948 -2.801403 -9.803663 20.857500 -5.331381 16.402891 -9.120625 -12.427501 -11.078217 -20.072834 2.872687 -4.616842 -3.065720 11.259323 9.048714 16.722801 0.179479 -19.338488 -0.201423 9.270450 5.895048 -1.627262 9.521211 -17.641064 -6.986441 -10.832089 11.341438 -9.447192 9.244957
