-5.082696 -16.327576 -5.409026 -3.503376 35.313065 -7.291472 2.825108 -3.641053 -1.100822 1.405773 -24.507812 6.286333 -3.761919 2.621290 15.575738 7.847607 17.932245 -0.354161 -18.308971 9.290586 8.222533 19.694340 -5.962035 6.616008 -17.764812 -4.814476 -12.178618 4.206377 -8.359760 7.183494
-5.078311 -16.187819 -5.310952 -3.704947 35.360527 -7.258097 2.543883 -3.570901 -1.001721 1.270009 -24.626339 6.338531 -3.895554 2.620435 15.263597 7.945130 17.964348 -0.216162 -18.211672 9.421539 8.195599 19.569632 -6.133705 6.462984 -17.838711 -4.821069 -12.196758 4.194706 -8.299849 7.287607
-4.949152 -15.980507 -5.171909 -3.992008 35.485069 -7.191687 2.093725 -3.470529 -0.836786 1.094802 -24.758579 6.476604 -4.122360 2.625544 14.871473 8.227579 17.641258 0.006414 -18.062445 9.774423 8.174309 19.414976 -6.405384 6.329569 -17.945591 -4.784527 -12.169568 4.143752 -8.174532 7.376008
-4.876722 -15.777545 -5.045068 -4.422250 35.606953 -7.116762 1.582060 -3.360873 -0.589068 0.829340 -25.145756 6.581227 -4.412246 2.469202 13.900179 8.450293 17.144283 0.556967 -17.871407 9.804913 8.115562 19.244131 -6.863150 6.044719 -18.100206 -4.850244 -12.188376 4.088383 -8.105672 7.349576
-4.664380 -15.552082 -4.795424 -5.012503 35.690804 -7.128587 0.831565 -3.191587 -0.110162 0.365241 -25.966782 6.525648 -4.628233 2.027749 12.154708 8.550146 16.878298 1.321411 -17.675253 9.773326 8.016322 19.016571 -7.473139 5.691327 -18.312782 -4.918645 -12.188155 3.940692 -8.036219 7.274994
-4.450453 -15.234788 -4.365078 -5.588337 35.717869 -7.097905 0.055319 -3.016253 0.377032 -0.111491 -26.947090 6.596981 -5.071754 1.822708 10.462408 8.482012 16.492401 2.170048 -17.383772 9.788672 7.880613 18.699171 -8.120483 5.391871 -18.408733 -4.992875 -12.191909 3.947249 -7.887184 7.191796
-4.415209 -15.105713 -4.032396 -6.234425 35.569756 -7.161904 -0.540711 -2.841483 0.926095 -0.567325 -27.806410 6.735229 -5.743000 1.550530 8.621297 8.413213 16.406691 2.954328 -17.035780 9.421944 7.772229 18.512468 -8.976604 4.905483 -18.656406 -5.162880 -12.150638 3.763070 -7.835318 7.086208
-4.132078 -14.900255 -3.892538 -6.845492 35.724266 -7.272936 -1.379402 -2.606975 1.498465 -1.031583 -28.569351 6.787304 -6.137934 1.576867 7.352381 8.074672 16.813231 3.388069 -16.859509 9.271783 7.509137 18.124971 -9.799339 4.486788 -18.793968 -5.242936 -11.990931 3.832960 -7.656272 7.120177
-3.910209 -14.697918 -3.813898 -7.435440 35.832397 -7.481563 -2.113676 -2.487048 2.032397 -1.463281 -29.289013 6.989168 -6.730181 1.616198 6.168622 7.983978 16.386370 4.040351 -16.666487 9.070374 7.438362 17.810019 -10.547489 4.039106 -18.952406 -5.307089 -11.985261 3.712215 -7.509234 7.075556
-3.709740 -14.633421 -3.729420 -8.016623 35.865051 -7.647148 -2.759660 -2.316300 2.659732 -1.921624 -29.498482 7.427009 -7.567654 1.624618 5.419978 7.767203 16.148174 4.636689 -16.328602 8.212478 7.129191 17.372814 -11.287100 3.663753 -18.941656 -5.339270 -11.848924 3.861870 -7.309837 7.165771
-3.467179 -14.457996 -3.640169 -8.564173 35.872501 -8.002234 -3.478780 -1.991126 3.207299 -2.423291 -29.774570 7.779453 -8.328040 1.694962 4.935572 7.384387 16.039101 5.294470 -16.100092 7.173638 6.944695 16.961737 -11.892555 3.358904 -18.902124 -5.348994 -11.758561 4.006923 -7.073389 7.201449
-3.400757 -14.343423 -3.425068 -9.072178 35.677174 -8.182897 -4.020118 -1.637900 3.629724 -3.035368 -30.345413 8.042441 -8.743560 1.656488 4.138688 7.033433 16.068911 5.944979 -15.913564 6.250215 6.758451 16.475542 -12.427296 3.025480 -18.694107 -5.249969 -11.625976 4.282113 -6.730616 7.424908
-3.441938 -14.242412 -3.074857 -9.357607 35.388062 -8.368131 -4.365723 -1.262390 3.933051 -3.563107 -30.994829 8.286432 -9.241944 1.687401 3.339220 6.530087 16.154253 6.712838 -15.696061 5.477551 6.598710 16.092133 -12.855991 2.803696 -18.529568 -5.170808 -11.577272 4.462113 -6.486456 7.435946
-3.393890 -14.214725 -2.798628 -9.544733 35.081982 -8.567636 -4.591814 -0.788797 4.199373 -3.958889 -31.518879 8.330918 -9.536283 1.421699 2.543653 6.065946 16.195494 7.508132 -15.563396 4.920053 6.384961 15.775973 -13.260313 2.504940 -18.295811 -5.056925 -11.521201 4.720783 -6.243535 7.657946
-3.504967 -14.194764 -2.460574 -9.620516 34.795921 -8.800068 -4.812509 -0.298715 4.445732 -4.390617 -31.859425 8.501638 -9.907022 1.230059 2.010022 5.656868 16.071795 8.123952 -15.465850 4.380229 6.250862 15.424342 -13.761715 2.231484 -17.994211 -4.957294 -11.488673 4.952982 -6.020477 7.640018
-3.618155 -14.254843 -2.141396 -9.622343 34.543983 -8.907629 -5.000039 0.142014 4.630336 -4.754699 -31.972151 8.631186 -10.306986 1.124139 1.590242 5.410788 15.935550 8.434920 -15.412635 3.885938 6.121378 15.085540 -14.104151 2.075937 -17.755657 -4.860756 -11.417335 5.170148 -5.811429 7.690386
-3.763960 -14.213022 -1.899370 -9.615116 34.381226 -9.000603 -5.205628 0.543202 4.719390 -5.053190 -32.140591 8.615561 -10.625261 0.970429 1.141132 5.084945 15.873189 8.857548 -15.368726 3.593760 5.979617 14.735638 -14.440506 1.886528 -17.562029 -4.801299 -11.336581 5.413067 -5.616817 7.785183
-3.859107 -14.246689 -1.749549 -9.588683 34.235039 -9.003125 -5.364640 0.872120 4.763543 -5.304230 -32.329678 8.521429 -10.840235 0.782570 0.637246 4.869817 15.913085 9.272523 -15.305758 3.430325 5.894462 14.513578 -14.667698 1.834844 -17.373045 -4.769664 -11.285092 5.596357 -5.491592 7.792164
-3.915223 -14.299066 -1.698185 -9.568027 34.126862 -8.994411 -5.411891 1.073398 4.787712 -5.457685 -32.338249 8.520661 -11.068453 0.702598 0.444230 4.719931 15.825188 9.514280 -15.292114 3.295082 5.805927 14.353183 -14.809441 1.764789 -17.272148 -4.755897 -11.269008 5.716851 -5.426578 7.827478
-3.948415 -14.311207 -1.657700 -9.552782 34.078056 -8.972597 -5.424901 1.163208 4.782394 -5.529268 -32.328323 8.471415 -11.147084 0.632731 0.365186 4.646103 15.818681 9.627526 -15.293221 3.264444 5.791237 14.293874 -14.875425 1.734773 -17.235971 -4.745624 -11.248717 5.765199 -5.389200 7.871139
-3.849131 -14.223454 -1.684320 -9.540815 34.188007 -9.001249 -5.354075 1.070616 4.753490 -5.340849 -32.291763 8.504816 -10.936683 0.705293 0.610487 4.742054 15.864957 9.379769 -15.337513 3.333680 5.901829 14.446055 -14.722282 1.852330 -17.292801 -4.763549 -11.300592 5.634966 -5.471717 7.735024
-3.604277 -14.196155 -1.903593 -9.516706 34.374931 -8.913296 -4.967186 0.769928 4.630128 -4.855718 -31.818424 8.540817 -10.562728 0.927914 1.597821 5.037973 15.808020 8.693749 -15.519281 3.564341 6.143293 14.878001 -14.311359 2.074586 -17.448631 -4.831790 -11.499574 5.327304 -5.715312 7.491549
-3.132692 -14.238028 -2.470214 -9.417325 34.654259 -8.694155 -4.442540 0.308546 4.272932 -4.044703 -31.321995 8.282834 -9.926223 0.909762 2.486842 5.352727 15.849582 8.093766 -15.791491 4.233459 6.437348 15.339428 -13.550936 2.504345 -17.698221 -4.876656 -11.752845 4.988328 -6.024465 7.289978
-3.123316 -14.280817 -2.906915 -8.883616 35.105705 -8.379696 -3.784602 -0.225765 3.749266 -3.112185 -30.227497 8.045785 -9.297059 0.877959 3.862781 5.980896 15.551752 7.117657 -16.152830 5.030411 6.781124 15.928172 -12.828489 2.969629 -18.013906 -5.050218 -11.877703 4.608703 -6.427177 7.024218
-3.221573 -14.531139 -3.178816 -7.916071 35.300499 -7.986732 -2.560754 -0.724511 2.975000 -1.975117 -28.901011 7.393410 -8.605803 0.599357 5.139951 6.583985 15.401477 5.895993 -16.580179 6.283674 7.245891 16.658213 -11.912333 3.600684 -18.072937 -5.118328 -12.150693 4.227788 -6.896059 6.588698
-3.411233 -14.749197 -3.435202 -6.715652 35.313011 -7.420583 -1.212685 -0.900201 1.857945 -0.926009 -27.563816 6.769881 -7.350664 0.326583 7.088643 7.038031 15.367743 4.777991 -17.151320 7.468531 7.518694 17.428244 -10.565027 4.470638 -17.939894 -5.057538 -12.326591 4.091059 -7.375128 6.463123
-4.080639 -15.285791 -3.730590 -5.187387 35.007355 -7.163275 0.674832 -1.020458 0.512317 0.084026 -25.996574 6.229902 -5.718808 0.017025 9.506797 7.461140 15.681960 3.453150 -17.780605 8.048903 7.945283 18.181772 -8.912434 5.363707 -17.538656 -4.915936 -12.450844 4.256445 -7.688286 6.486484
-4.184680 -15.919432 -4.477595 -3.472255 34.878265 -7.267488 2.485053 -0.933252 -1.111984 1.287080 -23.996025 5.728971 -4.145378 -0.065202 12.934105 7.429849 16.237608 1.940889 -18.558691 8.426458 7.924413 18.522675 -7.111925 6.490087 -17.223331 -4.810790 -12.579473 4.621761 -7.989832 6.649489
-3.202169 -17.129087 -4.969828 -1.800094 34.048851 -7.388205 4.301885 -0.259220 -2.512680 2.164064 -21.677511 4.180718 -3.840888 -1.109905 14.957019 6.680972 17.727949 1.038417 -18.983896 8.758685 7.479825 18.218088 -5.541031 7.769217 -17.006622 -4.931174 -12.886230 5.088977 -8.478077 6.346616
-2.150449 -17.961166 -4.864817 -0.448778 32.897827 -7.199017 5.966033 -0.136387 -3.317381 2.649435 -20.020502 2.227512 -3.036827 -2.200263 15.834245 6.186897 18.173574 0.517323 -19.802298 7.673018 7.139693 17.678202 -4.042111 9.295122 -16.669596 -5.037875 -13.284188 5.517779 -8.832174 5.562176
-0.156860 -18.457989 -4.346991 0.724226 31.934645 -6.643257 7.500577 -0.375900 -3.490810 3.165917 -18.622696 0.242361 -2.110609 -3.884297 15.491828 6.153760 17.954927 0.348611 -20.882349 5.748720 6.866671 16.902426 -3.003419 10.528955 -16.237457 -5.117212 -13.788260 6.082375 -9.017617 4.741512
2.203993 -19.386314 -3.421082 1.710887 30.495659 -5.733951 8.405072 0.041983 -3.483321 3.289090 -16.683605 -1.630018 -2.232772 -5.484950 14.916054 6.286239 18.346422 0.287062 -21.320213 4.555233 6.854747 16.231522 -2.155379 11.696589 -15.514339 -4.920443 -14.275046 6.712239 -8.874487 3.867328
4.539857 -19.770798 -2.493843 1.998686 29.763283 -4.636647 8.889380 0.484906 -3.019321 3.268034 -15.509469 -3.001245 -2.067388 -7.429785 13.949321 6.175919 18.226122 0.891751 -21.724051 3.659975 7.045097 15.792103 -1.885707 12.323026 -14.802077 -4.696318 -14.601613 7.136222 -8.638762 3.084031
6.398070 -20.259148 -1.262349 1.649829 28.870501 -3.802260 9.300195 1.008503 -1.957546 2.994218 -14.158955 -4.211732 -2.329527 -9.117379 12.995176 6.212791 17.487795 1.524748 -22.158369 3.184876 7.261376 15.479650 -1.862224 12.620723 -13.911225 -4.504438 -14.731410 7.726196 -8.437913 2.343836
7.535893 -20.478523 0.193537 1.614854 28.066826 -3.311491 9.876925 1.532944 -1.171628 2.995224 -12.832014 -4.685736 -3.189944 -10.282937 12.408780 6.319016 16.104618 2.282115 -22.437933 2.777864 7.261985 15.232272 -1.971683 12.718738 -13.167809 -4.369497 -15.036267 8.277677 -8.272961 1.672577
7.943441 -20.736830 1.558423 1.580925 27.214329 -3.374442 10.810745 2.108500 -0.609894 2.965236 -12.107381 -4.945869 -3.776076 -10.941865 12.116164 6.351272 15.071212 2.904419 -22.556860 2.769116 7.231032 14.971940 -2.022691 12.778558 -12.400296 -4.157898 -15.388726 8.828815 -8.002057 1.137979
8.247622 -20.835062 2.732574 1.442915 26.557930 -3.519454 11.309364 2.686044 -0.077192 2.861402 -11.721220 -5.115360 -4.386401 -11.554696 11.453937 6.401353 14.228771 3.459218 -22.660185 2.525300 7.216311 14.830848 -2.031264 12.784125 -11.882245 -4.006657 -15.609071 9.187996 -7.830183 0.810479
8.445593 -20.731625 3.625008 1.468593 26.185917 -3.657263 11.563135 3.269602 0.266416 2.757644 -11.404373 -5.066780 -5.059076 -11.834499 11.044908 6.459817 13.636112 3.832325 -22.587225 2.393419 7.169967 14.547646 -2.056323 12.777808 -11.339947 -3.855189 -15.862263 9.591255 -7.646871 0.528459
8.526970 -20.659491 4.061703 1.492431 25.986933 -3.729411 11.691736 3.640286 0.422170 2.723639 -11.197382 -4.956867 -5.483842 -11.951312 10.845065 6.530083 13.163255 4.111536 -22.482050 2.426749 7.154784 14.392619 -2.119696 12.791449 -11.156003 -3.799096 -15.921893 9.721042 -7.557741 0.405775
8.516976 -20.624895 4.236688 1.502533 25.891705 -3.774316 11.757620 3.813753 0.464118 2.714650 -11.158735 -4.933193 -5.605068 -12.000796 10.760837 6.554265 12.984253 4.255831 -22.446676 2.463478 7.153501 14.328186 -2.143314 12.803089 -11.067266 -3.769511 -15.952096 9.769035 -7.526790 0.340558
8.510582 -20.624298 4.294110 1.477363 25.851376 -3.789295 11.779447 3.876652 0.501075 2.695820 -11.163295 -4.911436 -5.651231 -12.018327 10.707654 6.573935 12.877292 4.335640 -22.429136 2.475257 7.139213 14.272038 -2.160844 12.793305 -11.021691 -3.746528 -15.964444 9.808285 -7.497257 0.342879
8.613166 -20.600483 4.432200 1.483540 25.786621 -3.817923 11.853876 4.010564 0.585841 2.687181 -11.131708 -4.874767 -5.778877 -12.084340 10.639935 6.567846 12.664348 4.536863 -22.395285 2.509001 7.115279 14.155231 -2.156762 12.790644 -10.896475 -3.689193 -16.002707 9.906986 -7.436438 0.341791
8.708371 -20.527786 4.627328 1.508253 25.692488 -3.899629 11.977852 4.307838 0.657265 2.718573 -11.084706 -4.889270 -5.962088 -12.207389 10.562500 6.490170 12.363293 4.903227 -22.370958 2.515612 7.111165 14.021607 -2.176142 12.803231 -10.715383 -3.609353 -16.054615 10.015886 -7.355408 0.275167
8.842538 -20.495348 4.870759 1.495553 25.524118 -4.021162 12.156239 4.637996 0.815111 2.715572 -10.982464 -4.846581 -6.205578 -12.333596 10.439498 6.525111 11.891425 5.340778 -22.297575 2.689357 7.100734 13.859148 -2.185056 12.864007 -10.515066 -3.509708 -16.110914 10.130186 -7.243245 0.173279
9.187714 -20.466669 5.136026 1.507490 25.359474 -4.117370 12.354485 5.028289 1.059783 2.726390 -10.766952 -4.804325 -6.563001 -12.556819 10.184455 6.590881 11.378190 5.856550 -22.165258 2.902139 7.098553 13.655522 -2.245488 12.945187 -10.299365 -3.432606 -16.156378 10.240154 -7.132612 -0.012847
9.594363 -20.431253 5.359533 1.481417 25.178825 -4.297250 12.534018 5.563198 1.358950 2.670013 -10.433883 -4.772368 -7.031158 -12.853496 9.882370 6.640881 10.725053 6.554823 -21.989634 3.190917 7.106223 13.339449 -2.316550 13.086414 -9.958115 -3.247621 -16.239111 10.373540 -6.952690 -0.166114
10.046886 -20.500631 5.528010 1.351604 24.936211 -4.506168 12.608328 6.056983 1.722137 2.509048 -10.130598 -4.602785 -7.460957 -13.011231 9.640041 6.764405 10.011256 7.213667 -21.725725 3.654966 7.083024 12.987423 -2.410136 13.199031 -9.725057 -3.100409 -16.256964 10.467661 -6.777245 -0.280690
10.412906 -20.598640 5.778908 1.255806 24.679279 -4.577888 12.680606 6.568843 2.004782 2.298778 -9.797665 -4.500220 -7.862527 -13.310437 9.466335 6.844714 9.329000 8.011759 -21.529360 4.245713 7.121135 12.630731 -2.585576 13.469232 -9.456318 -2.866655 -16.263466 10.455651 -6.540586 -0.578102
10.803579 -20.688309 6.100737 1.210422 24.317032 -4.715522 12.815306 7.104867 2.286925 2.077564 -9.510379 -4.267367 -8.429461 -13.337397 9.258811 7.034484 8.670533 8.660594 -21.254850 4.656896 7.100053 12.217360 -2.742400 13.714702 -9.183543 -2.663889 -16.276409 10.600431 -6.272309 -0.718975
10.855389 -20.737633 6.544508 1.215931 23.874567 -4.836273 12.999993 7.910844 2.299890 1.856749 -9.157406 -4.173800 -9.193371 -13.273724 9.184928 6.931825 8.545290 9.116302 -21.033146 4.609020 7.048099 11.766426 -2.910869 13.923013 -8.949940 -2.450198 -16.274246 10.794150 -5.988201 -0.723555
10.863541 -20.866194 7.040379 1.423987 23.429647 -4.873584 13.291605 8.719618 2.260248 1.507997 -8.904810 -4.124989 -9.983308 -13.104278 9.094809 6.740438 8.722884 9.297698 -20.850599 4.174771 6.962916 11.256555 -3.184448 14.117213 -8.734669 -2.255542 -16.238771 11.028585 -5.681064 -0.774411
10.376667 -21.083914 7.296052 1.473261 22.954170 -5.006931 13.577582 9.557999 2.168993 1.133265 -8.657611 -4.177239 -10.809607 -12.932937 9.011994 6.359838 9.097786 9.266108 -20.793676 3.331497 6.852567 10.747973 -3.600472 14.327565 -8.607170 -2.087667 -16.025803 11.241928 -5.336142 -0.918435
9.615124 -21.280149 7.276722 1.489368 22.624920 -5.309163 13.730223 10.227109 2.062194 0.797191 -8.477506 -4.322348 -11.468965 -12.872466 9.022269 5.862030 9.333496 9.307801 -20.819290 2.585930 6.675807 10.302031 -3.990151 14.342721 -8.659915 -2.011221 -15.736026 11.449354 -5.038612 -0.759574
8.719554 -21.428610 6.993110 1.285977 22.391834 -5.663831 13.644551 10.776213 1.918883 0.490172 -8.389299 -4.375679 -12.146251 -12.770468 8.910467 5.517665 9.497969 9.285078 -20.825373 1.873981 6.527706 9.935098 -4.441280 14.335216 -8.789676 -1.955126 -15.367990 11.552645 -4.746155 -0.644865
7.981383 -21.644747 6.539514 0.963227 22.212784 -6.009867 13.521855 11.193382 1.811764 0.188642 -8.341974 -4.281484 -12.758467 -12.758147 8.667847 5.302561 9.448546 9.363113 -20.790630 1.343065 6.363611 9.597141 -4.856518 14.288650 -8.915604 -1.902583 -15.023499 11.631187 -4.478205 -0.458700
7.533380 -21.901873 6.185597 0.611820 22.018307 -6.267352 13.366179 11.423232 1.903606 -0.131227 -8.434561 -4.111241 -13.306183 -12.530254 8.407986 5.178804 9.555463 9.241306 -20.681929 0.873739 6.247933 9.337182 -5.113612 14.274751 -9.009866 -1.843452 -14.766808 11.683222 -4.277090 -0.243656
7.241908 -22.056959 5.919690 0.269033 21.888426 -6.416959 13.186630 11.605379 1.981815 -0.336494 -8.451667 -4.080425 -13.768062 -12.442502 8.225301 4.957545 9.647753 9.312063 -20.616903 0.514164 6.132730 9.132178 -5.330288 14.230073 -9.166300 -1.840881 -14.522821 11.708256 -4.130651 -0.048082
7.044128 -22.134821 5.697167 -0.038584 21.835176 -6.536781 12.932589 11.754146 2.073634 -0.503945 -8.487482 -4.039135 -14.079392 -12.364455 8.066255 4.841400 9.682547 9.368364 -20.555477 0.282610 6.059735 8.976048 -5.504911 14.224067 -9.274837 -1.814294 -14.340736 11.701419 -4.006763 0.087230
6.968852 -22.173649 5.586570 -0.203473 21.806759 -6.608130 12.787609 11.846825 2.118423 -0.592871 -8.572134 -3.966761 -14.214940 -12.239285 7.980502 4.801113 9.808171 9.256180 -20.505980 0.121930 6.018861 8.868629 -5.624002 14.227718 -9.305833 -1.790027 -14.244027 11.719604 -3.921088 0.155983
6.949712 -22.190905 5.557098 -0.245123 21.799767 -6.615314 12.745943 11.869133 2.133827 -0.620828 -8.595478 -3.950104 -14.238502 -12.200818 7.960183 4.802969 9.832616 9.224071 -20.494625 0.093212 5.994260 8.815122 -5.696666 14.230750 -9.325490 -1.779794 -14.182003 11.731867 -3.876838 0.188948
6.960215 -22.184023 5.567151 -0.231943 21.804432 -6.616493 12.756960 11.861670 2.131946 -0.615299 -8.596636 -3.947748 -14.225099 -12.199843 7.962130 4.816045 9.823983 9.214281 -20.494902 0.103116 6.002458 8.829950 -5.673564 14.235112 -9.316514 -1.780493 -14.199374 11.729706 -3.887442 0.178820
6.993281 -22.146955 5.603015 -0.171136 21.830626 -6.599796 12.801256 11.819007 2.108507 -0.569933 -8.557037 -3.971738 -14.183971 -12.257487 7.995030 4.818306 9.788238 9.263846 -20.511822 0.156086 6.021882 8.887823 -5.603941 14.217128 -9.300765 -1.795401 -14.264045 11.717310 -3.939324 0.149786
6.999404 -22.117098 5.650919 -0.103630 21.850798 -6.572103 12.848650 11.771611 2.082444 -0.528045 -8.517141 -4.000523 -14.111638 -12.313316 8.031571 4.849139 9.732688 9.294045 -20.536346 0.232804 6.040040 8.944847 -5.539245 14.207211 -9.284652 -1.812814 -14.321929 11.709269 -3.991606 0.120716
7.084359 -22.067236 5.747108 0.029221 21.891262 -6.507301 12.951708 11.647633 2.052237 -0.441592 -8.460852 -4.045324 -13.963676 -12.397943 8.103274 4.910460 9.669497 9.324939 -20.574984 0.376598 6.069563 9.029533 -5.455072 14.185601 -9.259035 -1.839890 -14.405259 11.699038 -4.063914 0.063037
7.232949 -21.992737 5.871005 0.206636 21.964848 -6.454355 13.068783 11.527231 2.018940 -0.336846 -8.455137 -4.047120 -13.750474 -12.419097 8.195188 5.019319 9.642613 9.255954 -20.603518 0.536330 6.098409 9.117915 -5.337424 14.166493 -9.192127 -1.858995 -14.535624 11.711078 -4.151623 0.021763
7.434590 -21.888647 6.031068 0.430701 22.048292 -6.357375 13.195300 11.376137 1.964096 -0.187980 -8.467113 -4.039046 -13.454534 -12.429877 8.316819 5.190614 9.634709 9.128451 -20.633263 0.749661 6.170489 9.241563 -5.199927 14.194133 -9.093522 -1.863181 -14.673236 11.701152 -4.237524 -0.101834
7.626044 -21.774385 6.167871 0.623366 22.170393 -6.248976 13.250324 11.209797 1.917831 -0.061025 -8.469816 -4.031090 -13.176501 -12.438670 8.430193 5.329817 9.630903 9.018287 -20.662945 0.944599 6.234150 9.405686 -5.056176 14.176728 -9.011863 -1.891763 -14.853115 11.676214 -4.362869 -0.221686
7.879129 -21.678463 6.350177 0.780739 22.273209 -6.064574 13.310865 10.989269 1.914316 0.080006 -8.423495 -4.104446 -12.880109 -12.513490 8.572906 5.433874 9.605572 9.022990 -20.713493 1.204262 6.292592 9.584806 -4.885405 14.154304 -8.949621 -1.937792 -15.037142 11.646605 -4.509844 -0.320265
8.197006 -21.580297 6.582225 0.899023 22.393650 -5.829135 13.357090 10.669218 1.977443 0.263847 -8.430586 -4.213782 -12.467635 -12.571853 8.716343 5.593220 9.577191 9.035497 -20.768614 1.576199 6.361238 9.794229 -4.650267 14.097480 -8.881530 -1.996283 -15.281493 11.607556 -4.697615 -0.389913
8.612560 -21.523743 6.789772 0.996482 22.504913 -5.522306 13.372635 10.288546 2.068409 0.438105 -8.518104 -4.212914 -12.120847 -12.504994 8.793822 5.812879 9.604258 8.922485 -20.744986 1.890881 6.444763 9.998351 -4.408602 14.101060 -8.801322 -2.027277 -15.501513 11.556257 -4.864374 -0.479951
9.146870 -21.448257 6.924264 1.072778 22.665375 -5.199772 13.355698 9.850147 2.162859 0.609089 -8.664936 -4.136138 -11.757094 -12.406914 8.803163 6.167295 9.591559 8.792875 -20.688335 2.281751 6.550727 10.229861 -4.118989 14.131087 -8.676061 -2.044072 -15.754983 11.504770 -5.041775 -0.578681
9.704603 -21.371111 6.953412 1.035133 22.910046 -4.973605 13.205360 9.293464 2.323190 0.778879 -8.767879 -4.082524 -11.337504 -12.433638 8.861847 6.420624 9.532557 8.765103 -20.671827 2.724519 6.624545 10.518079 -3.813392 14.046757 -8.651594 -2.115771 -15.985435 11.432115 -5.267056 -0.571319
10.281326 -21.260592 6.885445 0.973274 23.203312 -4.831742 13.098536 8.721731 2.484637 1.049337 -8.907009 -3.992738 -10.791850 -12.489511 8.911374 6.716419 9.386079 8.694806 -20.657991 3.271209 6.711020 10.879203 -3.491868 13.971744 -8.692336 -2.205583 -16.143063 11.311420 -5.510318 -0.505773
10.814108 -21.279226 6.762475 0.748404 23.436028 -4.753479 13.007364 8.105360 2.781627 1.305911 -9.114698 -3.900554 -10.280809 -12.505901 8.920884 7.038293 9.157742 8.617579 -20.660275 3.751848 6.795831 11.223228 -3.183725 13.853841 -8.753312 -2.283886 -16.321877 11.175652 -5.750978 -0.395943
9.630751 -22.143179 5.762053 -0.597829 26.198151 -1.209153 11.853827 8.354300 5.503339 4.294455 -11.242887 -0.405879 -9.370525 -17.853165 3.320131 5.287438 5.110316 8.572948 -22.693993 4.411069 5.877795 12.677789 -3.256407 13.539130 -8.466556 2.847713 -16.442871 8.535118 -5.138285 -0.299016
9.606169 -22.022516 5.365311 -0.954890 26.560768 -1.296481 11.659290 7.749358 5.660451 4.567255 -11.466723 -0.409648 -8.659902 -17.994736 3.449943 5.480125 5.085238 8.382577 -22.828630 4.799172 5.900708 13.005266 -3.052276 13.435006 -8.686098 2.711199 -16.466408 8.347608 -5.356288 -0.180941
9.583215 -21.966063 5.034975 -1.209218 26.884165 -1.336282 11.562963 7.015718 5.816457 4.797832 -11.656082 -0.386908 -8.120241 -17.994884 3.481708 5.667354 5.033512 8.007227 -22.957739 4.885030 5.926440 13.357381 -2.879509 13.282657 -8.985675 2.548199 -16.454887 8.105455 -5.588338 -0.021583
9.409618 -21.974138 4.529744 -1.440623 27.176586 -1.342985 11.427557 6.358967 5.774497 5.027445 -11.735046 -0.412064 -7.705434 -17.892706 3.730823 5.635009 5.321041 7.375665 -23.149868 4.594802 5.924771 13.683867 -2.738066 13.105302 -9.259064 2.382553 -16.426071 7.940100 -5.793896 0.180342
8.985779 -21.991468 4.054864 -1.630131 27.389761 -1.295164 11.263409 5.825523 5.558542 5.195941 -11.916923 -0.522009 -7.089733 -17.761574 4.083749 5.533383 6.106535 6.404096 -23.428301 4.179597 5.853055 14.048974 -2.647730 12.888571 -9.537004 2.191386 -16.315542 7.897899 -5.989990 0.456925
7.721862 -20.094847 5.561910 -0.705097 27.099577 -1.387595 12.432627 4.679658 4.472356 3.163766 -13.430586 -0.959561 -5.184830 -12.358268 8.613458 8.172445 6.226097 6.206451 -22.660547 0.166330 8.175527 16.119436 -3.280749 11.657023 -8.508065 -0.139123 -15.887235 9.053444 -5.553479 1.217166
7.102221 -19.343153 5.638444 -0.745013 26.855873 -1.754822 12.666888 3.726792 3.586602 2.391848 -13.698959 -1.463900 -4.730296 -11.121327 9.850770 8.214832 7.823803 5.210758 -22.521742 -0.835800 8.694492 16.413515 -3.346708 11.162187 -8.639199 -1.015452 -15.459876 9.476547 -5.427085 1.895247
6.507508 -19.440584 4.905670 -0.543148 27.017422 -1.691202 12.586966 3.104236 2.922584 1.942294 -13.921749 -1.246660 -4.645491 -10.625609 10.069786 8.109432 9.240066 3.992860 -22.559067 -1.679101 8.721680 17.142733 -3.200519 11.099191 -9.063179 -1.375729 -15.340156 9.178307 -5.867443 2.563439
6.031604 -19.599375 4.269085 -0.406927 27.408773 -1.350245 12.211569 2.619972 2.448680 1.897803 -14.244835 -1.172206 -4.450116 -10.201951 10.167191 8.109821 10.326813 3.329567 -22.494375 -1.773208 8.568954 17.421923 -3.087474 11.013384 -9.520417 -1.656953 -15.153836 9.135144 -6.072650 2.882242
5.867053 -19.808317 3.444985 -0.382335 27.817703 -0.924296 11.759721 2.052259 2.106958 1.665355 -14.711918 -1.013852 -4.144061 -9.743428 10.400695 8.079945 11.286034 2.820487 -22.385572 -1.723756 8.489637 17.745310 -2.967878 10.959132 -9.949056 -1.901200 -14.930785 9.067719 -6.243150 3.302683
5.725068 -20.021917 2.719805 -0.299688 28.127426 -0.504709 11.485322 1.511760 1.750703 1.545538 -15.178680 -0.845247 -3.800832 -9.259564 10.626858 8.193002 12.171622 2.255093 -22.236931 -1.613783 8.475058 18.046268 -2.792861 10.902227 -10.327073 -2.134931 -14.739344 9.018888 -6.405226 3.671561
5.346992 -20.172262 1.877306 -0.240759 28.486298 -0.173800 11.157435 1.073298 1.252070 1.427565 -15.650328 -0.738259 -3.311388 -8.891009 10.931188 8.237365 13.041004 1.861367 -22.123718 -1.307560 8.474640 18.467916 -2.672108 10.853733 -10.801727 -2.407624 -14.391326 8.872619 -6.638825 4.082304
4.797164 -20.233561 1.067057 -0.275879 28.925613 0.086567 10.715786 0.690218 0.820119 1.197514 -16.077772 -0.397649 -3.242502 -8.190240 11.243863 8.351103 13.907693 1.429854 -21.822866 -1.136438 8.347233 18.644447 -2.640696 10.641751 -11.160854 -2.615349 -14.168406 8.859495 -6.772658 4.620206
4.328655 -20.142019 0.424880 -0.248432 29.332172 0.193248 10.292566 0.536716 0.378357 1.104497 -16.391682 -0.067026 -3.255810 -7.473673 11.606885 8.486846 14.443472 1.091748 -21.562239 -0.890444 8.341518 18.904579 -2.565679 10.532578 -11.565671 -2.794000 -13.951425 8.690407 -6.936108 5.067664
3.681826 -19.909563 -0.167589 -0.276467 29.838430 -0.062623 9.862160 0.561141 -0.039262 1.156622 -16.838408 0.184887 -3.230334 -6.886361 11.626089 8.640191 15.005114 0.834909 -21.291590 -0.773358 8.307590 19.088778 -2.548904 10.444083 -11.890343 -2.903309 -13.751706 8.556602 -7.001743 5.476513
2.784578 -19.710644 -0.740284 -0.438154 30.179562 -0.564057 9.639059 0.343312 -0.426408 1.203595 -17.294949 0.630651 -3.320887 -6.214506 11.699920 8.880468 15.176478 0.641409 -21.001137 -0.621841 8.199732 19.270350 -2.569894 10.389391 -12.263979 -3.056893 -13.583097 8.416404 -7.125293 5.754647
1.902962 -19.655626 -1.150468 -0.777877 30.443050 -1.011037 9.385380 -0.046310 -0.513722 1.154360 -17.707054 0.967630 -3.407180 -5.572532 11.860887 8.959483 15.460250 0.505075 -20.734299 -0.487394 8.076698 19.394686 -2.665457 10.329898 -12.653415 -3.164164 -13.376895 8.234796 -7.202484 6.083748
1.254298 -19.561531 -1.488657 -1.165066 30.727940 -1.395055 9.075811 -0.367484 -0.443529 1.120765 -18.148066 1.317422 -3.556956 -5.018744 11.834952 9.055220 15.701753 0.317110 -20.494928 -0.495972 7.911326 19.383537 -2.829893 10.269666 -12.968013 -3.227776 -13.163638 8.138207 -7.189150 6.375329
0.808890 -19.474365 -1.693381 -1.455612 30.938604 -1.626348 8.844098 -0.726855 -0.392014 1.135781 -18.583839 1.612859 -3.740964 -4.587031 11.641599 9.118436 15.936347 0.207747 -20.256413 -0.491138 7.798513 19.432325 -2.911883 10.137851 -13.258504 -3.283387 -13.031662 7.997477 -7.208220 6.701388
0.413995 -19.313158 -1.794477 -1.725290 31.209980 -1.888909 8.537586 -1.048835 -0.244725 1.150256 -18.967878 1.887574 -4.053335 -4.137075 11.462183 9.105921 16.207293 0.183044 -20.000189 -0.500951 7.723475 19.446829 -3.037896 9.967332 -13.510036 -3.331540 -12.855988 7.905075 -7.191015 7.021181
-0.020120 -19.299799 -1.875153 -1.880052 31.348883 -2.092663 8.328984 -1.270211 -0.198164 1.151681 -19.295824 2.173802 -4.244114 -3.749155 11.418139 9.125520 16.406218 0.129732 -19.789465 -0.404963 7.679709 19.482378 -3.148140 9.900504 -13.715479 -3.361714 -12.682435 7.795456 -7.173464 7.231288
-0.424353 -19.289698 -1.972707 -1.989824 31.467152 -2.295473 8.163991 -1.455611 -0.167508 1.077869 -19.571709 2.389019 -4.314713 -3.493451 11.391663 9.114082 16.530106 0.115274 -19.651131 -0.331390 7.607871 19.461243 -3.310348 9.820750 -13.868113 -3.409772 -12.580483 7.703776 -7.158001 7.361308
-0.696387 -19.319139 -2.018777 -2.100742 31.530588 -2.390770 8.092971 -1.702815 -0.108402 1.035549 -19.834995 2.589419 -4.425947 -3.261470 11.352489 9.064522 16.676201 0.113437 -19.522715 -0.284937 7.525593 19.433538 -3.401064 9.739363 -14.000052 -3.452219 -12.489217 7.678128 -7.150968 7.547090
-0.926027 -19.340918 -2.045257 -2.159509 31.552101 -2.472852 8.042735 -1.829489 -0.105836 0.983572 -19.954399 2.753502 -4.535175 -3.139535 11.318239 9.068408 16.713324 0.124509 -19.412733 -0.235835 7.485636 19.450190 -3.466044 9.649634 -14.092857 -3.483053 -12.428784 7.635886 -7.163598 7.696942
-1.076110 -19.367338 -2.110408 -2.221996 31.584038 -2.547374 7.992033 -1.925922 -0.092858 0.939627 -20.068895 2.868942 -4.617174 -3.062111 11.257652 9.050583 16.723549 0.180988 -19.341661 -0.203023 7.450523 19.449865 -3.511027 9.608379 -14.171777 -3.510471 -12.366692 7.622542 -7.168619 7.758215
-1.130200 -19.370481 -2.114314 -2.235822 31.595184 -2.561481 7.990945 -1.970554 -0.096762 0.941713 -20.087276 2.897664 -4.658974 -3.030694 11.232259 9.076024 16.722303 0.166476 -19.315153 -0.211995 7.450901 19.477488 -3.521874 9.611453 -14.220170 -3.523729 -12.342072 7.579222 -7.182247 7.764034
