2.006379 -18.788702 8.575126 -3.827006 20.482082 -8.461493 11.398645 15.528844 -2.311029 6.621966 -16.503960 4.712116 -13.087315 -24.173285 11.722205 5.996117 1.488377 4.638775 -9.399158 -0.337065 7.992254 12.086465 -6.853640 12.896173 -7.416316 0.447352 -14.140651 10.336126 -2.658793 0.767732
2.394584 -18.713820 8.888451 -3.441638 20.556190 -8.396617 11.920101 15.255399 -2.364656 6.958539 -16.378851 4.619135 -12.664701 -24.326725 11.969013 6.109259 1.344494 4.732627 -9.514005 0.051795 8.132818 12.313227 -6.550599 12.918574 -7.240976 0.400643 -14.447777 10.336958 -2.861701 0.538154
3.278275 -18.358164 9.390248 -2.917306 20.905239 -8.229518 12.369223 14.677811 -2.465938 7.608414 -16.213095 4.446458 -11.698239 -24.615381 12.457737 6.268067 1.238078 4.850976 -9.723222 0.935959 8.387582 12.766438 -6.041624 12.982076 -7.013790 0.334181 -14.940264 10.254673 -3.203324 0.171128
4.839170 -18.064562 10.171749 -2.195085 21.320160 -7.621001 12.595568 13.616625 -2.510053 8.336315 -16.262306 4.324444 -10.411183 -24.903103 12.790059 6.648085 1.208350 4.948266 -9.878033 2.269115 8.733190 13.506751 -5.171528 13.018808 -6.823419 0.209060 -15.558609 10.071083 -3.776996 -0.062937
5.996847 -17.436928 10.165425 -1.695766 22.280739 -7.038193 12.029345 12.126650 -2.655054 8.877045 -16.725620 4.475303 -8.921329 -25.162573 12.806046 7.397606 0.613103 5.086689 -10.043541 3.986361 8.963785 14.299067 -4.354059 12.903975 -7.074826 -0.005714 -15.912602 9.722646 -4.348434 0.095589
5.597128 -17.173937 9.571757 -1.459904 23.087191 -7.066515 11.738005 10.818479 -2.832302 9.372494 -17.283010 4.324970 -7.402733 -25.387272 12.947664 7.578954 0.622514 4.526752 -10.548208 4.506021 9.052090 15.216456 -3.800438 12.587839 -7.540900 -0.381629 -15.954141 9.424863 -4.888082 0.301599
4.645266 -16.870298 9.151297 -1.220598 23.766033 -6.855573 11.539062 9.834146 -3.271597 9.626957 -17.856756 4.065116 -6.475729 -24.979691 13.337916 7.304940 2.074084 3.037365 -11.016484 3.607769 9.006491 16.098082 -3.496233 11.983914 -8.112476 -0.821172 -15.898614 9.338964 -5.338334 0.908240
3.724535 -16.686487 8.785708 -1.085876 24.376217 -6.407966 11.316827 8.898886 -3.723993 9.730186 -18.373158 3.956574 -5.635951 -24.418209 13.939038 7.146498 3.535927 1.643775 -11.456884 2.961759 8.962652 16.877159 -3.375048 11.737782 -8.672871 -1.165632 -15.727318 9.120262 -5.687104 1.196506
3.089771 -16.581823 8.221354 -1.142517 24.959213 -6.070284 10.855072 8.300756 -4.112757 9.693365 -18.580730 3.964005 -5.123847 -23.966764 14.355547 7.067665 4.614286 0.633342 -11.654902 2.641047 8.941984 17.233831 -3.325570 11.618434 -9.112843 -1.332715 -15.637710 8.839663 -5.897634 1.482631
2.780374 -16.611952 7.879693 -1.217676 25.214628 -5.896569 10.634235 7.958243 -4.258626 9.656890 -18.654694 4.087677 -4.885393 -23.641701 14.567410 7.169223 5.242321 -0.039208 -11.684075 2.573318 8.926065 17.491125 -3.327337 11.598378 -9.434419 -1.492478 -15.546396 8.660545 -6.035997 1.588621
2.698519 -16.647425 7.672590 -1.250323 25.351145 -5.833847 10.575518 7.744675 -4.315021 9.699465 -18.692259 4.099977 -4.735683 -23.523739 14.736198 7.118606 5.585953 -0.309206 -11.730128 2.507599 8.931893 17.617571 -3.308122 11.582861 -9.576290 -1.552751 -15.503007 8.573348 -6.093119 1.654662
2.026884 -16.879030 6.348425 -1.490823 25.960585 -5.862100 10.422846 6.498396 -4.721487 9.970486 -19.119839 4.036335 -3.787481 -23.078415 15.329437 6.846664 6.912115 -1.049393 -11.924129 2.616542 8.914538 18.045321 -3.298984 11.480825 -10.298198 -1.858058 -15.184813 8.158237 -6.383734 2.037705
0.824905 -16.714575 3.691052 -2.322698 27.386330 -6.211133 9.583062 5.141992 -5.225769 10.373215 -19.941759 4.602249 -2.627072 -21.698462 16.680149 6.600384 8.634024 -2.075042 -11.841392 3.268260 9.010586 18.450394 -3.162095 11.438399 -11.444963 -2.285378 -14.565760 7.473754 -6.889565 2.661788
-1.499893 -16.113958 1.103510 -2.911792 28.840336 -8.835564 8.263613 4.047832 -5.741989 10.071831 -21.828236 6.061460 -2.066289 -19.022636 17.900314 6.309728 11.086074 -3.002378 -11.138299 4.178273 8.815660 18.958405 -2.917955 11.259497 -12.957435 -2.657233 -14.052028 6.452885 -7.430981 3.798835
-5.153256 -14.051388 -1.931195 -5.068265 31.009943 -16.999674 7.099748 1.221755 -4.456368 10.882278 -24.244633 9.657008 -2.267301 -14.864440 21.224518 5.714549 11.260861 -4.070210 -10.775809 6.247936 8.328770 20.492191 -4.599090 9.231163 -14.075386 -3.939068 -12.759478 5.866286 -8.385349 4.307374
-7.144074 -10.909021 -4.546180 -8.248257 34.567703 -22.329161 4.397188 -1.125594 -1.631907 10.881071 -27.367985 13.791474 -4.116761 -10.516326 22.711754 5.794740 9.524201 -3.997931 -9.298314 10.393095 8.054648 20.786398 -7.146337 6.170450 -14.718567 -5.856802 -10.797963 6.632934 -9.398938 4.632121
-6.500566 -10.702932 -3.279079 -8.501083 34.976860 -20.439219 -0.544592 -1.644803 0.403773 6.120001 -31.362028 16.104399 -6.156789 -7.959155 20.150532 6.054438 6.767379 -3.106623 -8.610185 11.534914 7.987588 19.734400 -9.840894 3.692857 -15.389592 -7.119776 -9.525346 7.446566 -9.717226 4.811386
-5.799828 -10.643237 -3.596478 -10.244842 35.826523 -19.653074 -4.723097 -1.001729 1.936443 2.808552 -35.074699 17.623446 -9.047511 -6.130144 16.184540 5.653282 4.673614 -1.568857 -7.599145 10.729147 7.403117 18.575811 -12.563503 2.055726 -15.555826 -7.503714 -8.736352 7.768772 -9.424844 4.651147
-6.053959 -10.074623 -2.261165 -11.731860 35.505405 -20.024492 -6.559203 -0.447688 3.789384 0.638120 -37.141476 18.523491 -10.480587 -5.049975 14.420831 4.798417 3.622982 0.349255 -6.787801 9.959442 6.903306 17.832373 -14.108605 1.011180 -15.022803 -7.270201 -8.118309 8.404817 -8.671420 5.236573
-5.826797 -10.352937 -0.954836 -11.540380 34.645599 -20.102190 -7.726085 -0.150632 4.601738 -0.889127 -38.024944 18.959280 -11.604129 -4.748919 13.397429 4.184211 3.361836 1.640165 -6.175390 9.308071 6.434447 16.956522 -15.151551 0.462661 -14.668300 -7.166162 -7.750014 9.011268 -8.139836 5.638087
-5.750188 -10.456457 -0.900027 -11.553135 34.517715 -20.071611 -7.829113 -0.155096 4.676833 -1.047607 -38.129566 18.957689 -11.715225 -4.723117 13.203173 4.140680 3.353447 1.779091 -6.117624 9.228779 6.369091 16.850840 -15.242142 0.381453 -14.657522 -7.166383 -7.725844 9.075161 -8.097811 5.707288
-6.256425 -10.183487 -1.246029 -11.759075 34.975433 -19.895182 -7.588300 -0.528965 4.402211 -0.473181 -37.956669 18.987463 -11.248147 -4.648814 13.617616 4.491913 3.471478 1.117921 -6.249610 9.566212 6.505653 17.237108 -14.889433 0.495572 -14.928348 -7.198838 -7.764297 8.792513 -8.293113 5.666795
-6.598291 -10.011834 -2.015475 -11.897616 35.579235 -19.940481 -7.156665 -1.120725 3.962502 0.120476 -37.569218 18.787773 -10.580761 -4.675725 14.128463 5.007479 3.859919 0.342006 -6.445722 10.248314 6.769120 17.837626 -14.274576 0.811991 -15.318252 -7.323758 -7.870749 8.369927 -8.657163 5.597434
-5.970855 -10.261466 -3.145259 -11.374407 36.048717 -19.846846 -6.391784 -1.661265 3.008997 1.240747 -36.818623 18.650999 -9.837616 -4.677040 14.952118 5.835566 4.305185 -0.955480 -6.707837 10.720359 7.041305 18.428125 -13.409365 1.307949 -15.832738 -7.492490 -8.020271 7.919823 -9.078053 5.440327
-5.633093 -10.593843 -3.644369 -10.373376 36.445408 -19.736429 -5.666007 -2.245908 2.330138 2.019169 -36.137936 18.103590 -8.741907 -5.071332 15.728242 6.549058 4.939630 -2.082501 -7.096955 11.464363 7.286377 19.054688 -12.559915 1.803126 -16.203358 -7.593423 -8.272518 7.510497 -9.585479 5.240341
-6.532065 -10.519552 -2.933285 -8.921021 36.657631 -19.556192 -4.372888 -3.011730 1.399053 2.669418 -35.568554 17.106934 -7.279474 -5.908853 16.245026 7.044134 5.852942 -2.824389 -7.426633 12.616462 7.789793 19.781799 -11.362537 2.305548 -16.226452 -7.502133 -8.422559 7.391432 -9.866914 5.377205
-6.958071 -10.348352 -2.660404 -8.118526 36.830074 -19.693193 -2.671348 -3.769246 0.960694 3.774342 -34.305897 16.650366 -5.755774 -6.375376 18.169546 7.216287 6.883223 -4.205216 -7.969861 12.672697 8.165498 20.549637 -10.030287 2.997180 -15.884851 -7.192062 -8.570674 7.417273 -9.962991 5.578834
-7.784915 -10.416046 -3.969305 -7.801574 36.954723 -20.604162 -0.570401 -4.282728 0.144619 5.591453 -32.828793 16.239176 -4.503618 -6.398740 20.777590 7.122704 8.006562 -5.675064 -8.544735 12.781332 8.430325 21.260759 -8.643965 3.715522 -15.548195 -6.809072 -8.635067 7.449047 -9.941204 5.903058
-8.962616 -10.530920 -5.633534 -8.126203 37.209312 -21.792089 1.017398 -4.616943 -0.704324 7.255032 -32.107967 16.077364 -3.603424 -6.266871 22.633287 6.733654 8.821754 -6.474154 -8.884194 12.602323 8.598951 21.758570 -7.518376 4.471878 -15.271807 -6.506980 -8.806010 7.422317 -9.928580 6.022872
-9.132170 -10.674473 -6.221296 -8.013982 37.224937 -22.176798 1.814109 -4.737250 -1.024992 7.961645 -31.632145 15.779380 -3.219259 -6.367308 23.364082 6.439075 9.096883 -6.816256 -9.142787 12.363786 8.695443 22.039953 -6.991786 4.864511 -15.200119 -6.442494 -8.922429 7.301959 -10.057505 5.833220
-9.085931 -10.698740 -6.206784 -7.990105 37.171799 -22.229567 1.937209 -4.751581 -1.021056 8.058335 -31.590599 15.741673 -3.187445 -6.395587 23.398071 6.409002 9.114388 -6.830415 -9.175306 12.298666 8.689006 22.051840 -6.958290 4.854987 -15.194679 -6.440679 -8.932759 7.313452 -10.067979 5.862518
-9.085931 -10.698740 -6.206784 -7.990105 37.171799 -22.229567 1.937209 -4.751581 -1.021056 8.058335 -31.590599 15.741673 -3.187445 -6.395587 23.398071 6.409002 9.114388 -6.830415 -9.175306 12.298666 8.689006 22.051840 -6.958290 4.854987 -15.194679 -6.440679 -8.932759 7.313452 -10.067979 5.862518
-9.085931 -10.698740 -6.206784 -7.990105 37.171799 -22.229567 1.937209 -4.751581 -1.021056 8.058335 -31.590599 15.741673 -3.187445 -6.395587 23.398071 6.409002 9.114388 -6.830415 -9.175306 12.298666 8.689006 22.051840 -6.958290 4.854987 -15.194679 -6.440679 -8.932759 7.313452 -10.067979 5.862518
-9.085931 -10.698740 -6.206784 -7.990105 37.171799 -22.229567 1.937209 -4.751581 -1.021056 8.058335 -31.590599 15.741673 -3.187445 -6.395587 23.398071 6.409002 9.114388 -6.830415 -9.175306 12.298666 8.689006 22.051840 -6.958290 4.854987 -15.194679 -6.440679 -8.932759 7.313452 -10.067979 5.862518
-9.085931 -10.698740 -6.206784 -7.990105 37.171799 -22.229567 1.937209 -4.751581 -1.021056 8.058335 -31.590599 15.741673 -3.187445 -6.395587 23.398071 6.409002 9.114388 -6.830415 -9.175306 12.298666 8.689006 22.051840 -6.958290 4.854987 -15.194679 -6.440679 -8.932759 7.313452 -10.067979 5.862518
-9.085931 -10.698740 -6.206784 -7.990105 37.171799 -22.229567 1.937209 -4.751581 -1.021056 8.058335 -31.590599 15.741673 -3.187445 -6.395587 23.398071 6.409002 9.114388 -6.830415 -9.175306 12.298666 8.689006 22.051840 -6.958290 4.854987 -15.194679 -6.440679 -8.932759 7.313452 -10.067979 5.862518
-9.085931 -10.698740 -6.206784 -7.990105 37.171799 -22.229567 1.937209 -4.751581 -1.021056 8.058335 -31.590599 15.741673 -3.187445 -6.395587 23.398071 6.409002 9.114388 -6.830415 -9.175306 12.298666 8.689006 22.051840 -6.958290 4.854987 -15.194679 -6.440679 -8.932759 7.313452 -10.067979 5.862518
-10.550570 -13.566856 -7.304009 -8.554032 38.378067 -10.464073 1.226353 -2.645180 -2.343704 11.239635 -28.686476 8.115209 -3.774171 -8.723441 20.920891 11.134468 16.054022 -4.869340 -3.963328 12.573151 5.042103 17.368490 -5.489773 7.857658 -19.206985 -1.624735 -12.892480 2.738486 -8.897073 5.742172
-10.550570 -13.566856 -7.304009 -8.554032 38.378067 -10.464073 1.226353 -2.645180 -2.343704 11.239635 -28.686476 8.115209 -3.774171 -8.723441 20.920891 11.134468 16.054022 -4.869340 -3.963328 12.573151 5.042103 17.368490 -5.489773 7.857658 -19.206985 -1.624735 -12.892480 2.738486 -8.897073 5.742172
-10.550570 -13.566856 -7.304009 -8.554032 38.378067 -10.464073 1.226353 -2.645180 -2.343704 11.239635 -28.686476 8.115209 -3.774171 -8.723441 20.920891 11.134468 16.054022 -4.869340 -3.963328 12.573151 5.042103 17.368490 -5.489773 7.857658 -19.206985 -1.624735 -12.892480 2.738486 -8.897073 5.742172
-9.022875 -12.667318 -7.614958 -7.905432 36.709915 -13.944784 1.756105 -3.243169 -4.172726 8.815563 -28.835827 12.494947 -4.439982 -10.094270 20.301935 6.333843 13.816176 -5.162523 -8.058640 13.402437 8.246734 19.434526 -6.045578 6.382297 -17.678921 -4.681353 -11.931832 4.503674 -7.983944 6.989419
-9.189465 -12.659585 -7.723489 -7.975605 36.429951 -14.135019 2.046255 -3.223308 -4.413583 8.673530 -28.776875 12.663593 -4.552452 -10.052308 20.278471 6.414721 13.878810 -5.194889 -8.030919 13.333134 8.227442 19.715935 -5.948038 6.597013 -17.746056 -4.827178 -12.155419 4.242149 -8.363388 7.184802
-9.219326 -12.647825 -7.729158 -7.988383 36.442108 -14.141573 2.057878 -3.227143 -4.411558 8.692276 -28.741024 12.678851 -4.566122 -10.043489 20.340233 6.392186 13.915589 -5.203770 -8.028353 13.355264 8.221202 19.714689 -5.942457 6.602969 -17.746815 -4.827838 -12.167369 4.238924 -8.375525 7.193447
-9.217026 -12.646770 -7.728992 -7.989091 36.439068 -14.141583 2.059445 -3.227972 -4.413332 8.688927 -28.740679 12.679312 -4.564848 -10.041655 20.339426 6.390829 13.916377 -5.204612 -8.032799 13.354455 8.213740 19.713560 -5.943319 6.604326 -17.748934 -4.824246 -12.170074 4.233578 -8.378466 7.193826
-9.216415 -12.661659 -7.706958 -7.977060 36.423645 -14.066811 2.057239 -3.218055 -4.427003 8.675239 -28.730270 12.631223 -4.571335 -10.066281 20.303352 6.396038 13.937902 -5.198183 -8.028988 13.365889 8.221687 19.704798 -5.931955 6.607685 -17.756153 -4.811709 -12.178754 4.222063 -8.369713 7.213695
-9.198355 -12.669717 -7.704917 -7.962323 36.420853 -14.066898 2.048273 -3.215854 -4.427770 8.662915 -28.753349 12.628342 -4.560162 -10.068624 20.273472 6.408020 13.913934 -5.191607 -8.029722 13.352659 8.208213 19.702381 -5.937628 6.607021 -17.755295 -4.830026 -12.174775 4.236428 -8.382349 7.193992
-9.198355 -12.669717 -7.704917 -7.962323 36.420853 -14.066898 2.048273 -3.215854 -4.427770 8.662915 -28.753349 12.628342 -4.560162 -10.068624 20.273472 6.408020 13.913934 -5.191607 -8.029722 13.352659 8.208213 19.702381 -5.937628 6.607021 -17.755295 -4.830026 -12.174775 4.236428 -8.382349 7.193992
-9.210285 -12.664641 -7.704902 -7.969452 36.423931 -14.058955 2.051200 -3.217517 -4.429300 8.668304 -28.733700 12.626081 -4.570465 -10.067866 20.294823 6.399088 13.935874 -5.197846 -8.029092 13.365597 8.216620 19.701727 -5.930471 6.611057 -17.755974 -4.816961 -12.177821 4.226624 -8.374461 7.205340
-9.210285 -12.664641 -7.704902 -7.969452 36.423931 -14.058955 2.051200 -3.217517 -4.429300 8.668304 -28.733379 12.625998 -4.570530 -10.068035 20.294914 6.398839 13.936499 -5.197980 -8.029111 13.365646 8.216620 19.701727 -5.930471 6.611057 -17.755974 -4.816961 -12.177821 4.226624 -8.374461 7.205340
-9.215609 -12.662655 -7.708607 -7.973730 36.424667 -14.068313 2.052768 -3.218940 -4.428365 8.670716 -28.731369 12.629315 -4.571481 -10.065782 20.301258 6.395074 13.940694 -5.198457 -8.028558 13.364046 8.219421 19.705807 -5.935461 6.604294 -17.754494 -4.816547 -12.175125 4.226978 -8.372588 7.211274
