1.330430 -20.599157 6.400328 -6.359033 23.141169 -5.606668 8.591747 11.176359 6.051518 -3.878274 -13.675007 2.569178 -21.050907 -6.702307 2.781725 6.200729 6.671624 11.366650 -17.566401 -5.352996 4.085425 9.657349 -12.946653 11.658338 -9.221274 0.248985 -8.160009 12.258214 -0.583194 4.875360
1.320450 -20.562817 6.535412 -6.531208 23.141109 -5.653184 8.539096 11.184543 6.213884 -3.911980 -13.656920 2.608650 -21.206633 -6.712412 2.684308 6.204278 6.511038 11.529208 -17.528364 -5.327113 3.933156 9.500258 -13.209797 11.752227 -9.162662 0.326354 -7.932780 12.320479 -0.462840 4.760427
1.289702 -20.522400 6.666609 -6.692598 23.133207 -5.679607 8.498048 11.238701 6.355028 -3.953840 -13.660311 2.654034 -21.375916 -6.710513 2.563971 6.196133 6.314975 11.748347 -17.484190 -5.265217 3.812181 9.348692 -13.442442 11.812615 -9.110973 0.431549 -7.725985 12.379381 -0.328519 4.689959
1.259180 -20.422522 6.949680 -6.926306 23.068848 -5.741995 8.442116 11.297958 6.598976 -4.054521 -13.656469 2.695926 -21.685268 -6.704012 2.364941 6.193422 5.981334 12.087508 -17.413553 -5.280354 3.707715 9.186041 -13.676414 11.846353 -9.051402 0.534972 -7.520144 12.451985 -0.179800 4.626108
1.223534 -20.370653 7.255868 -7.172416 22.956108 -5.878088 8.418461 11.438162 6.890492 -4.176817 -13.649959 2.747592 -22.051300 -6.684114 2.182113 6.182959 5.615841 12.478875 -17.304377 -5.290704 3.591446 9.031676 -13.924973 11.895700 -8.990844 0.641563 -7.308378 12.509051 -0.035778 4.576119
1.161286 -20.331873 7.513067 -7.432017 22.884518 -5.962419 8.386997 11.599632 7.182783 -4.263647 -13.695522 2.741773 -22.383949 -6.658749 1.985643 6.109225 5.222802 13.033400 -17.203114 -5.267256 3.546069 8.784865 -14.232792 12.001410 -8.886950 0.824084 -7.151546 12.508944 0.172005 4.321440
1.136321 -20.251379 7.760623 -7.760554 22.831917 -5.961270 8.279970 11.761971 7.502661 -4.357559 -13.654425 2.766623 -22.887472 -6.652935 1.743230 6.117240 4.786942 13.539039 -17.070265 -5.316540 3.457590 8.568518 -14.541018 12.154101 -8.806144 0.982547 -6.919797 12.515478 0.372162 4.081063
1.372322 -20.112932 8.044246 -8.176937 22.705208 -5.819955 8.039249 12.031799 7.900641 -4.528371 -13.697346 2.763551 -23.373528 -6.580802 1.542269 6.018154 4.491366 13.913218 -16.936867 -5.606461 3.395666 8.313987 -14.898708 12.398849 -8.725432 1.139517 -6.777138 12.405437 0.572004 3.592899
1.794012 -20.008776 8.328970 -8.410412 22.456882 -5.618185 7.870842 12.343536 8.181635 -4.750915 -13.740159 2.713712 -23.834026 -6.522475 1.364809 5.846107 4.103742 14.406986 -16.818544 -5.963646 3.336593 8.084784 -15.217141 12.647807 -8.671651 1.262149 -6.656338 12.283481 0.737577 3.142098
2.143270 -19.959681 8.612771 -8.467991 22.111734 -5.519693 7.851338 12.417179 8.399845 -4.948629 -13.764797 2.662719 -24.413486 -6.492477 1.138730 5.722723 3.750299 14.868404 -16.626516 -6.376919 3.247975 7.871710 -15.530066 13.040243 -8.689413 1.350998 -6.553295 12.082562 0.851941 2.465575
2.529068 -20.148647 8.902779 -8.499710 21.689877 -5.188824 7.984165 12.581014 8.540729 -5.124829 -13.734016 2.600277 -24.865463 -6.469512 1.041687 5.670424 3.575441 15.136413 -16.447260 -6.717895 3.119544 7.627027 -15.874319 13.375194 -8.714151 1.461050 -6.479992 11.885883 0.964784 1.833810
2.759247 -20.180431 9.294912 -8.511419 21.408173 -4.909648 8.046996 12.880262 8.589740 -5.356913 -13.603041 2.543522 -25.264908 -6.516082 0.816316 5.735670 3.234119 15.298512 -16.378088 -7.089819 3.105040 7.516402 -16.038580 13.639987 -8.819751 1.493850 -6.580351 11.609203 0.959356 1.308516
2.838112 -20.191294 9.737548 -8.470129 21.135193 -4.679782 8.140652 13.182030 8.617936 -5.574165 -13.439583 2.490412 -25.622797 -6.531729 0.637896 5.857702 3.023460 15.300894 -16.258017 -7.520947 2.998634 7.323689 -16.338583 13.820770 -8.965766 1.591752 -6.480765 11.417635 1.078714 0.972766
2.889849 -20.160295 10.182651 -8.467191 20.893291 -4.466858 8.229627 13.452503 8.661483 -5.766448 -13.290611 2.479658 -26.041145 -6.593170 0.460384 5.858465 2.791541 15.365764 -16.140341 -7.892241 2.979426 7.185709 -16.527132 13.845526 -9.091564 1.627702 -6.489728 11.282113 1.186473 0.698903
2.909240 -20.142092 10.585639 -8.438519 20.660095 -4.295011 8.317129 13.709466 8.685981 -5.921656 -13.108768 2.501554 -26.354488 -6.692493 0.210297 6.035961 2.495688 15.308021 -16.033150 -8.126972 2.946442 7.041908 -16.736799 13.891746 -9.216777 1.670169 -6.502064 11.127851 1.275410 0.457576
2.882069 -20.122688 10.990941 -8.432941 20.468559 -4.147323 8.381804 13.898740 8.750173 -6.062844 -12.974577 2.530015 -26.557480 -6.755304 0.024094 6.251279 2.185804 15.196143 -15.960595 -8.384325 2.933840 6.946775 -16.887201 13.870377 -9.344608 1.693176 -6.469307 11.025820 1.365571 0.367407
2.845080 -20.083727 11.336996 -8.404500 20.334572 -4.064763 8.448054 14.023503 8.823466 -6.117762 -12.903128 2.564703 -26.636139 -6.794831 -0.125029 6.410268 1.984424 15.056819 -15.938966 -8.535252 2.900692 6.849696 -17.038570 13.855959 -9.447534 1.724980 -6.399936 10.955102 1.456002 0.306247
2.809184 -20.069983 11.589210 -8.342486 20.228371 -3.992720 8.526265 14.176645 8.840225 -6.175474 -12.794689 2.608442 -26.788023 -6.882337 -0.253296 6.460403 1.849320 14.928278 -15.932698 -8.700616 2.877765 6.782812 -17.137800 13.823353 -9.513709 1.746424 -6.375366 10.904442 1.512045 0.278445
2.777256 -20.103138 11.727276 -8.282163 20.166464 -3.940843 8.575958 14.241179 8.853206 -6.181679 -12.730864 2.651435 -26.858145 -6.909051 -0.345065 6.574796 1.739569 14.875043 -15.896625 -8.696107 2.886623 6.769377 -17.151518 13.784191 -9.551425 1.743429 -6.392045 10.881649 1.527662 0.286964
2.800265 -20.091255 11.780751 -8.304593 20.159025 -3.931938 8.560992 14.276108 8.897497 -6.186219 -12.705662 2.663606 -26.887825 -6.936010 -0.378997 6.589752 1.695989 14.847898 -15.906600 -8.725659 2.882887 6.743382 -17.190033 13.781697 -9.561271 1.744565 -6.396121 10.868137 1.540653 0.258704
2.856077 -20.098555 11.940395 -8.243843 20.078653 -3.821667 8.563228 14.457033 8.909259 -6.249391 -12.621506 2.711206 -26.983656 -7.000570 -0.488201 6.697969 1.557146 14.721717 -15.884482 -8.814562 2.831697 6.560802 -17.436428 13.765347 -9.557191 1.791954 -6.325490 10.854894 1.658010 0.173644
3.031787 -20.142927 12.332054 -8.031840 19.752380 -3.624803 8.645691 14.949719 8.837161 -6.545382 -12.405071 2.870262 -27.274689 -7.169955 -0.802603 7.090660 1.139244 14.415441 -15.789750 -9.019341 2.805544 6.069829 -17.991142 13.585690 -9.532331 1.945197 -6.288783 10.806760 1.987009 -0.016797
3.309958 -20.454271 12.794787 -7.752050 19.280422 -3.065810 8.608816 15.857847 8.738089 -7.069251 -11.961382 3.257543 -27.924339 -7.615467 -1.442480 7.576883 0.369315 13.963240 -15.715771 -9.236559 2.779716 5.284232 -18.820103 13.237361 -9.391229 2.239912 -6.149860 10.897561 2.598115 -0.151558
3.797659 -21.082924 12.943543 -7.990597 18.568937 -2.371626 8.411047 16.710159 9.000947 -7.741360 -11.300224 4.008478 -28.761372 -8.479532 -2.354042 7.909242 -0.652263 13.370866 -15.898615 -9.065725 2.707025 4.139136 -20.023577 13.052565 -8.976871 2.727684 -5.844113 11.152857 3.450270 -0.329267
4.358654 -20.934008 12.388954 -8.746664 18.355682 -1.049556 7.645915 18.708233 8.794202 -8.547927 -10.417074 4.117564 -29.344421 -9.374748 -3.218447 8.230238 -1.670671 12.762647 -16.308168 -9.885162 2.834891 3.241400 -20.741476 13.224414 -8.259048 3.460863 -5.373942 11.573889 4.332707 -0.412329
4.314579 -19.440588 12.178662 -9.212710 18.373833 0.161484 7.223694 20.677723 7.674674 -9.408840 -9.366936 2.959455 -30.018047 -9.585767 -3.716638 9.002409 -2.639599 13.340039 -16.103163 -11.556770 3.440051 2.056376 -21.286062 13.449424 -7.437734 4.564450 -5.095345 11.885601 5.745554 -1.348854
2.754512 -15.640282 13.716623 -9.179724 18.636688 3.169674 7.538507 21.283985 4.933543 -10.391323 -8.851874 0.486420 -29.944809 -6.959527 -3.528792 13.247515 -2.828828 13.205427 -14.165536 -14.661642 5.189923 1.656460 -19.651640 12.739752 -7.735092 5.292010 -4.992213 12.740706 8.195075 -4.633106
0.539644 -13.193954 15.825871 -8.124382 18.023102 4.907382 8.606006 21.351402 2.666657 -11.650192 -8.553433 -1.405462 -29.363527 -6.304315 -2.343795 15.864290 -2.228180 11.594953 -12.515171 -17.699867 6.408574 2.263653 -17.431646 12.039041 -9.347394 5.637151 -6.465838 12.107266 9.048684 -8.346699
-1.591021 -12.240767 17.266735 -6.451318 15.578595 5.598794 10.582487 21.768644 0.319733 -13.768419 -7.991980 -2.233646 -29.012157 -7.511305 -1.239558 16.971682 -2.163185 9.373572 -11.727588 -20.759319 7.592835 2.363109 -15.394011 10.544301 -11.249942 5.897187 -8.772497 11.594551 10.043714 -12.336308
-1.315484 -11.888126 16.921135 -4.773987 15.160254 6.244057 11.106505 23.298737 -1.763987 -14.918559 -7.723047 -2.645229 -27.939690 -9.348126 -0.918660 17.696035 -4.128825 7.848333 -12.313640 -22.949873 7.840765 1.411217 -14.764244 8.817290 -11.365207 6.549849 -8.900434 12.813547 11.409503 -12.622072
-0.246337 -11.948713 16.272623 -3.565129 14.372957 7.220514 11.837164 24.366880 -3.370306 -15.829123 -8.946908 -2.497904 -25.779110 -10.303065 -1.313804 19.623285 -6.602705 5.655652 -12.561928 -23.825384 7.045420 -0.257911 -15.435227 6.952250 -8.693763 6.926658 -8.881465 15.955972 11.979987 -11.975833
1.197322 -13.483395 14.427163 -1.425163 13.760051 8.273424 12.633371 25.913952 -5.463548 -16.605734 -9.608431 -1.970815 -23.798498 -11.156505 -2.066620 20.789131 -8.568202 2.708168 -13.511793 -24.766098 6.330181 -2.608792 -17.171801 6.353778 -5.239928 8.175021 -10.143077 16.916729 12.060386 -11.979954
2.708326 -16.195490 12.336091 0.487922 12.822202 8.077600 12.760422 27.896095 -7.012558 -18.199657 -9.205128 -0.880241 -23.149452 -13.407951 -2.794951 19.129522 -9.257407 -0.315425 -15.241515 -25.854870 5.926860 -3.735482 -18.374273 6.168046 -3.696962 8.892194 -12.999961 15.349455 10.859534 -12.132721
2.735130 -15.014976 10.656679 1.129549 13.411454 4.900303 11.870844 30.607792 -8.205944 -18.509289 -8.102738 -0.543530 -22.011959 -15.556207 -2.929655 16.272486 -8.996974 -2.541645 -17.985346 -27.430916 5.962040 -3.332060 -18.754992 5.721209 -4.439024 8.734820 -15.422923 13.150434 9.320951 -12.209173
3.582861 -12.273238 8.683122 1.990253 15.806778 1.963378 10.425125 32.761597 -9.339684 -17.598661 -8.329257 -1.383354 -19.754454 -16.585611 -1.744554 12.964718 -7.750117 -3.143795 -20.667669 -29.086655 5.116916 -2.220383 -18.126434 4.833813 -5.985865 7.615995 -17.163189 11.952101 7.398836 -12.482700
4.769176 -8.869161 7.472286 2.232790 18.126171 -0.483957 9.232718 34.764668 -10.455173 -16.707840 -9.635916 -2.320402 -16.869549 -18.077301 0.048916 9.641422 -6.179063 -3.525804 -22.820522 -30.032398 3.118479 -0.889562 -17.705236 3.874495 -7.662065 5.701801 -18.472933 11.281750 4.657830 -12.337964
6.385430 -6.014986 6.318624 2.456264 20.402105 -1.698835 7.937866 35.743328 -11.137699 -15.182870 -11.028206 -3.417171 -14.071281 -18.725121 1.356266 7.686371 -5.398250 -3.301842 -24.117823 -30.320581 1.981377 0.296206 -16.920692 3.376242 -8.520255 4.161693 -18.637506 11.637247 3.130161 -12.168414
7.136147 -4.867793 5.122715 2.512201 21.865688 -1.994623 7.194351 35.711063 -11.271653 -13.936948 -11.629390 -4.006850 -12.486156 -19.180233 2.201728 6.334099 -4.670649 -3.009599 -24.732866 -30.251692 1.503395 0.924411 -16.100084 2.818870 -9.083550 3.371625 -18.652557 12.082630 2.627028 -12.091644
7.439463 -4.160805 4.241291 2.506430 22.808872 -2.272118 6.871093 35.161251 -11.269780 -12.961239 -12.007333 -4.351038 -11.739753 -19.198841 2.567641 5.913187 -4.315747 -2.729565 -24.941210 -30.013344 1.184735 1.216244 -15.740081 2.551463 -9.389205 2.921600 -18.813681 12.168306 2.334889 -11.931185
7.517878 -3.907611 4.002661 2.507938 23.132919 -2.257559 6.758988 34.982487 -11.303991 -12.633322 -12.130630 -4.563990 -11.398543 -19.161476 2.749613 5.796722 -4.095928 -2.640937 -25.102724 -29.905277 1.184023 1.369377 -15.575403 2.534927 -9.500411 2.732170 -18.759853 12.193991 2.260423 -11.843115
7.496618 -3.996678 3.929848 2.537250 23.108864 -2.248703 6.753160 34.960144 -11.324862 -12.657023 -12.089945 -4.550136 -11.411383 -19.197983 2.724311 5.836178 -4.158375 -2.675911 -25.107113 -29.902576 1.184531 1.393005 -15.523477 2.496930 -9.531034 2.744464 -18.779366 12.193147 2.271276 -11.847899
7.252745 -4.215929 3.702520 2.680668 23.061941 -2.352410 6.853448 34.987988 -11.545585 -12.819483 -11.891275 -4.499773 -11.370486 -19.423908 2.737906 5.857455 -4.190912 -2.946448 -25.221300 -29.936712 1.303714 1.367273 -15.400286 2.394846 -9.484688 2.878263 -18.972130 12.228455 2.360517 -11.995241
6.949891 -4.558621 3.529795 2.905832 23.027424 -2.369014 6.940411 35.153744 -11.720222 -12.981791 -11.600931 -4.465255 -11.317853 -19.632645 2.692002 5.999063 -4.217635 -3.338312 -25.435690 -29.972996 1.409123 1.437964 -15.174884 2.300431 -9.453387 2.984554 -19.222170 12.208858 2.367011 -12.070620
6.609083 -5.057493 3.291078 3.196240 22.925377 -2.490259 7.108947 35.277206 -11.905685 -13.234797 -11.230602 -4.543840 -11.115865 -19.852224 2.674979 6.269615 -4.229223 -3.846003 -25.785200 -30.029587 1.630480 1.450150 -15.022146 2.209298 -9.399232 3.190793 -19.426188 12.163084 2.500057 -12.012499
6.053276 -5.663472 3.019852 3.659351 22.617388 -2.605765 7.431325 35.505474 -12.375836 -13.717969 -10.845653 -4.606089 -11.041812 -20.069405 2.628413 6.736461 -4.332504 -4.264665 -25.877802 -29.992146 1.757542 1.488167 -14.778858 2.047463 -9.370888 3.425557 -19.741241 12.031295 2.555169 -11.864413
5.319097 -6.452318 2.667951 4.398883 22.225643 -2.599721 7.922995 35.663372 -13.037428 -14.234961 -10.238078 -4.582941 -10.937832 -20.415039 2.523630 7.074430 -4.310359 -4.944044 -26.245691 -29.926823 2.085439 1.444930 -14.497813 1.785889 -9.135559 3.812620 -20.088139 11.994505 2.719364 -11.574492
4.509070 -7.319786 2.320575 5.255584 21.668705 -2.732188 8.598104 35.579990 -13.750120 -14.745581 -9.633331 -4.578505 -10.965063 -20.696951 2.404419 7.554611 -4.351820 -5.600035 -26.398123 -29.934814 2.516826 1.433871 -14.211245 1.455870 -9.108894 4.085764 -20.424807 11.879778 2.920124 -11.232244
3.815673 -8.354383 1.793249 5.855330 21.116337 -2.843733 9.215968 35.380726 -14.241120 -15.118640 -9.331161 -4.477168 -10.829188 -21.027443 2.443604 7.787094 -4.201398 -6.203601 -26.511698 -29.822136 2.968185 1.322311 -13.934381 1.219190 -8.844674 4.645776 -20.745371 11.809014 3.233240 -10.968868
2.908103 -9.329620 1.363454 6.760104 20.735771 -2.680347 9.913568 35.275211 -14.861147 -15.276456 -8.560828 -4.402040 -10.517189 -21.437778 2.048011 8.706646 -4.680255 -7.097950 -26.875189 -29.515196 3.339795 1.155192 -13.780745 1.062893 -8.549336 5.194544 -20.959269 11.739690 3.518626 -10.475246
2.053493 -10.055977 0.908658 7.630524 20.546997 -2.430827 10.463376 35.046726 -15.556993 -15.452745 -8.153123 -4.489055 -9.821269 -21.344913 1.991043 9.558713 -4.716144 -8.060762 -27.045975 -29.377018 3.821594 0.965396 -13.583667 0.952843 -8.147344 5.825084 -21.232983 11.659811 3.873961 -10.184904
1.340429 -10.589075 0.311544 8.263985 20.394619 -2.363945 10.930529 34.780182 -16.218254 -15.578271 -7.783920 -4.389289 -9.407155 -21.617279 2.013803 9.996005 -4.599194 -9.007717 -27.077318 -29.282112 4.182065 0.891253 -13.462033 0.832829 -7.832911 6.135771 -21.520786 11.592590 3.970443 -9.795245
0.532701 -11.272642 -0.051098 9.034610 20.169212 -2.165783 11.406412 34.676533 -16.710644 -15.497636 -7.742641 -4.408166 -8.836736 -21.454567 2.165201 10.510133 -4.229537 -9.758113 -27.059816 -29.147003 4.577713 0.870351 -13.201626 0.611084 -7.634094 6.405050 -21.909843 11.494738 4.062263 -9.428078
-0.207872 -11.205461 -0.078575 9.546000 20.228077 -1.955565 11.894255 34.478237 -17.270359 -15.242214 -7.836855 -4.396721 -7.929828 -21.141720 2.359514 11.525154 -3.865405 -11.022820 -26.867704 -29.083412 4.777059 0.809921 -13.091259 0.478500 -7.370410 6.619126 -22.141747 11.466370 4.072583 -8.941435
-0.905746 -10.761157 0.257400 9.899327 20.463673 -1.701273 12.259176 34.411823 -17.816458 -15.018587 -8.170723 -4.553901 -6.807529 -20.890047 2.715013 12.453863 -3.630446 -11.952036 -26.765251 -29.004311 5.057094 0.788892 -12.940711 0.248143 -7.032734 6.843122 -22.483030 11.448370 4.047254 -8.273077
-1.403934 -10.399441 0.625365 10.273975 20.721083 -1.478606 12.508614 34.524929 -18.294159 -14.862264 -8.282646 -4.647882 -6.204419 -20.630251 2.897789 13.214912 -3.421333 -12.625026 -26.667538 -28.988798 5.224592 0.819124 -12.849133 0.116496 -6.714753 6.908657 -22.749603 11.492854 3.906476 -7.771358
-1.828583 -9.748036 0.859381 10.412710 21.033665 -1.353444 12.771151 34.344479 -18.847122 -14.746761 -8.745047 -4.827829 -5.469621 -20.104996 3.258661 14.164315 -3.091105 -13.206406 -26.284464 -28.949474 5.256136 0.817685 -12.902838 -0.025153 -6.467842 6.839195 -22.922649 11.534843 3.736891 -7.291661
-2.104270 -9.162728 1.069264 10.371613 21.378513 -1.162802 12.807919 34.248734 -19.143373 -14.632570 -9.141815 -5.005517 -4.932878 -19.798473 3.555956 14.685250 -2.901562 -13.391833 -26.055952 -28.855614 5.315852 0.795562 -12.918546 -0.154266 -6.240104 6.915144 -23.096077 11.516189 3.637469 -6.758883
-2.380444 -8.813288 1.113669 10.430158 21.659981 -1.095161 12.830810 34.073185 -19.366802 -14.509960 -9.275799 -5.055761 -4.706370 -19.579227 3.559836 15.134596 -2.911748 -13.513273 -25.957893 -28.746380 5.293105 0.824515 -12.945780 -0.251245 -6.129165 6.846562 -23.171551 11.543304 3.508448 -6.454085
-2.532027 -8.552288 1.151477 10.500837 21.775440 -1.114430 12.857136 33.942760 -19.514175 -14.450528 -9.375603 -5.096579 -4.492472 -19.387819 3.571575 15.463703 -2.887297 -13.637442 -25.912571 -28.654125 5.274043 0.807884 -12.997817 -0.273063 -6.022800 6.814063 -23.199783 11.584063 3.445232 -6.339585
-2.592034 -8.455338 1.155889 10.463885 21.824932 -1.126613 12.843825 33.838829 -19.517590 -14.414516 -9.381769 -5.077872 -4.440127 -19.352840 3.547637 15.592758 -2.917261 -13.704376 -25.880907 -28.587276 5.297885 0.830984 -12.966701 -0.309848 -6.004309 6.804606 -23.224003 11.586015 3.423290 -6.238505
-2.591490 -8.449820 1.161046 10.458228 21.831264 -1.121513 12.844801 33.833702 -19.509302 -14.409082 -9.383249 -5.078634 -4.441288 -19.348175 3.545878 15.596792 -2.911200 -13.706360 -25.880720 -28.584610 5.290643 0.831965 -12.968378 -0.313396 -6.006757 6.799442 -23.229708 11.588510 3.418159 -6.239266
-2.589035 -8.452776 1.160510 10.466019 21.827696 -1.119498 12.847556 33.837605 -19.516010 -14.412648 -9.384764 -5.078244 -4.440149 -19.348978 3.545852 15.594969 -2.917722 -13.701291 -25.880884 -28.587114 5.288948 0.831115 -12.966228 -0.313464 -6.008200 6.803460 -23.230770 11.586048 3.419662 -6.236810
-2.589035 -8.452776 1.160510 10.466019 21.827696 -1.119498 12.847556 33.837605 -19.516010 -14.412648 -9.384764 -5.078244 -4.440149 -19.348978 3.545852 15.594969 -2.917722 -13.701291 -25.880884 -28.587114 5.288948 0.831115 -12.966228 -0.313464 -6.008200 6.803460 -23.230770 11.586048 3.419662 -6.236810
-2.589035 -8.452776 1.160510 10.466019 21.827696 -1.119498 12.847556 33.837605 -19.516010 -14.412648 -9.384764 -5.078244 -4.440149 -19.348978 3.545852 15.594969 -2.917722 -13.701291 -25.880884 -28.587114 5.288948 0.831115 -12.966228 -0.313464 -6.008200 6.803460 -23.230770 11.586048 3.419662 -6.236810
-2.589035 -8.452776 1.160510 10.466019 21.827696 -1.119498 12.847556 33.837605 -19.516010 -14.412648 -9.384764 -5.078244 -4.440149 -19.348978 3.545852 15.594969 -2.917722 -13.701291 -25.880884 -28.587114 5.288948 0.831115 -12.966228 -0.313464 -6.008200 6.803460 -23.230770 11.586048 3.419662 -6.236810
-2.589035 -8.452776 1.160510 10.466019 21.827696 -1.119498 12.847556 33.837605 -19.516010 -14.412648 -9.384764 -5.078244 -4.440149 -19.348978 3.545852 15.594969 -2.917722 -13.701291 -25.880884 -28.587114 5.288948 0.831115 -12.966228 -0.313464 -6.008200 6.803460 -23.230770 11.586048 3.419662 -6.236810
-2.589035 -8.452776 1.160510 10.466019 21.827696 -1.119498 12.847556 33.837605 -19.516010 -14.412648 -9.384764 -5.078244 -4.440149 -19.348978 3.545852 15.594969 -2.917722 -13.701291 -25.880884 -28.587114 5.288948 0.831115 -12.966228 -0.313464 -6.008200 6.803460 -23.230770 11.586048 3.419662 -6.236810
-2.589035 -8.452776 1.160510 10.466019 21.827696 -1.119498 12.847556 33.837605 -19.516010 -14.412648 -9.384764 -5.078244 -4.440149 -19.348978 3.545852 15.594969 -2.917722 -13.701291 -25.880884 -28.587114 5.288948 0.831115 -12.966228 -0.313464 -6.008200 6.803460 -23.230770 11.586048 3.419662 -6.236810
-2.588428 -8.452713 1.161103 10.466687 21.827623 -1.119183 12.847559 33.837761 -19.516064 -14.412409 -9.384403 -5.079416 -4.439016 -19.350420 3.545403 15.595786 -2.919819 -13.701472 -25.881392 -28.586420 5.293392 0.832590 -12.963518 -0.312315 -6.007382 6.802405 -23.230957 11.586895 3.420643 -6.239839
-2.587614 -8.450769 1.165270 10.467197 21.827972 -1.116933 12.845866 33.838848 -19.514828 -14.414706 -9.384314 -5.076080 -4.438534 -19.347317 3.553636 15.594864 -2.922118 -13.703181 -25.882624 -28.587643 5.293678 0.831791 -12.963188 -0.310562 -6.008525 6.803135 -23.229301 11.584879 3.420101 -6.240892
-2.587614 -8.450769 1.165270 10.467197 21.827972 -1.116933 12.845866 33.838848 -19.514828 -14.414706 -9.384314 -5.076080 -4.438534 -19.347317 3.553636 15.594864 -2.922118 -13.703181 -25.882624 -28.587643 5.293678 0.831791 -12.963188 -0.310562 -6.008525 6.803135 -23.229301 11.584879 3.420101 -6.240892
-2.590525 -8.444400 1.159854 10.465059 21.833580 -1.126486 12.843466 33.828487 -19.512579 -14.412090 -9.384413 -5.075468 -4.440208 -19.347439 3.553274 15.591701 -2.919830 -13.702824 -25.886835 -28.587622 5.299922 0.839659 -12.959077 -0.309717 -6.013524 6.795761 -23.231037 11.584946 3.417521 -6.239842
-2.589601 -8.446685 1.161779 10.466208 21.833170 -1.122422 12.843744 33.830830 -19.512440 -14.412976 -9.385902 -5.058830 -4.443489 -19.339275 3.559699 15.589224 -2.918711 -13.705626 -25.884462 -28.597723 5.294386 0.840230 -12.956308 -0.310825 -6.013595 6.797817 -23.236374 11.584870 3.417640 -6.239129
-2.589601 -8.446685 1.161779 10.466208 21.833170 -1.122422 12.843744 33.830830 -19.512440 -14.412976 -9.385902 -5.058830 -4.443489 -19.339275 3.559699 15.589224 -2.918711 -13.705626 -25.884462 -28.597723 5.294386 0.840230 -12.956308 -0.310825 -6.013595 6.797817 -23.236374 11.584870 3.417640 -6.239129
-12.180388 -18.045580 -1.782435 5.301433 25.663309 1.792216 7.017163 33.427120 -11.171394 -8.111526 -4.697875 -5.928219 -10.608578 -15.967160 -2.049573 11.997982 6.139162 -12.324248 -28.690287 -24.991623 9.631799 1.735052 -10.725808 4.862084 -5.689549 6.171562 -24.733772 7.990788 1.066160 -2.848996
-12.180388 -18.045580 -1.782435 5.301433 25.663309 1.792216 7.017163 33.427120 -11.171394 -8.111526 -4.697875 -5.928219 -10.608578 -15.967160 -2.049573 11.997982 6.139162 -12.324248 -28.690287 -24.991623 9.631799 1.735052 -10.725808 4.862084 -5.689549 6.171562 -24.733772 7.990788 1.066160 -2.848996
-12.180388 -18.045580 -1.782435 5.301433 25.663309 1.792216 7.017163 33.427120 -11.171394 -8.111526 -4.697875 -5.928219 -10.608578 -15.967160 -2.049573 11.997982 6.139162 -12.324248 -28.690287 -24.991623 9.631799 1.735052 -10.725808 4.862084 -5.689549 6.171562 -24.733772 7.990788 1.066160 -2.848996
-12.180388 -18.045580 -1.782435 5.301433 25.663309 1.792216 7.017163 33.427120 -11.171394 -8.111526 -4.697875 -5.928219 -10.608578 -15.967160 -2.049573 11.997982 6.139162 -12.324248 -28.690287 -24.991623 9.631799 1.735052 -10.725808 4.862084 -5.689549 6.171562 -24.733772 7.990788 1.066160 -2.848996
-12.180388 -18.045580 -1.782435 5.301433 25.663309 1.792216 7.017163 33.427120 -11.171394 -8.111526 -4.697875 -5.928219 -10.608578 -15.967160 -2.049573 11.997982 6.139162 -12.324248 -28.690287 -24.991623 9.631799 1.735052 -10.725808 4.862084 -5.689549 6.171562 -24.733772 7.990788 1.066160 -2.848996
-13.031561 -16.603649 0.077635 5.853350 26.304344 2.358434 7.120826 32.686153 -10.673910 -9.076420 -4.960255 -4.261675 -10.528526 -12.775947 1.259986 12.964380 4.942167 -11.906746 -28.448820 -27.109970 10.747092 3.153960 -12.166851 3.590321 -5.055967 5.334430 -24.407625 8.254986 1.934515 -4.128884
-13.105356 -15.796017 0.841859 5.875989 26.352682 2.186594 7.054946 32.649128 -10.756626 -9.248018 -4.740243 -4.569179 -10.571248 -12.382064 1.862885 12.922807 5.124479 -11.633712 -28.450306 -27.197306 10.978220 2.977617 -12.505398 3.342239 -4.973388 5.085690 -24.240032 8.400969 2.208032 -4.253345
-13.144302 -16.010345 0.806956 6.016281 26.047745 1.969032 7.455141 32.414497 -10.810115 -9.552666 -4.793585 -4.498070 -10.546962 -12.325156 1.765657 13.012815 5.200316 -11.631782 -28.456360 -27.345219 11.021638 3.212017 -12.601486 3.313072 -5.115936 5.098999 -24.320911 8.083074 2.090528 -4.078319
-13.087084 -16.042055 0.757875 6.025401 26.070799 1.954619 7.443373 32.436298 -10.806661 -9.534147 -4.769365 -4.520280 -10.567954 -12.354356 1.753477 12.984632 5.285305 -11.634488 -28.456806 -27.332222 11.001116 3.172562 -12.589523 3.375070 -5.162887 5.058199 -24.344402 8.082859 2.051816 -4.120026
-13.075554 -16.075922 0.744337 6.045733 26.053165 1.942405 7.442327 32.431202 -10.812612 -9.547465 -4.735076 -4.513665 -10.587021 -12.338559 1.814874 12.965885 5.308020 -11.640008 -28.460497 -27.308336 10.996325 3.164351 -12.584837 3.378393 -5.162872 5.056585 -24.352478 8.085705 2.046852 -4.110895
-13.075554 -16.075922 0.744337 6.045733 26.053165 1.942405 7.442327 32.431202 -10.812612 -9.547465 -4.735149 -4.513850 -10.587134 -12.338099 1.815015 12.966785 5.308329 -11.640565 -28.459438 -27.308640 10.998354 3.164170 -12.585785 3.378890 -5.162197 5.055628 -24.353401 8.085238 2.046916 -4.111368
-13.070488 -16.076376 0.738573 6.042667 26.055771 1.940022 7.442101 32.431736 -10.811114 -9.545932 -4.732926 -4.518949 -10.587709 -12.341311 1.810631 12.966541 5.314959 -11.639304 -28.459101 -27.300610 11.004919 3.174019 -12.583658 3.373480 -5.159461 5.064402 -24.350132 8.079133 2.052123 -4.101584
-13.075651 -16.078104 0.744571 6.046650 26.049622 1.942576 7.444376 32.430710 -10.813796 -9.550121 -4.735295 -4.514242 -10.586576 -12.338681 1.815779 12.968942 5.306881 -11.640818 -28.457205 -27.308712 10.989000 3.164393 -12.583788 3.380853 -5.168220 5.058499 -24.352459 8.081173 2.046044 -4.116645
-13.075436 -16.077757 0.745409 6.047325 26.049202 1.941615 7.445195 32.430367 -10.813861 -9.550224 -4.735893 -4.515646 -10.585046 -12.337548 1.815853 12.971415 5.305028 -11.639581 -28.456680 -27.308125 10.989000 3.164393 -12.583788 3.380853 -5.168220 5.058499 -24.352459 8.081173 2.046044 -4.116645
-13.075619 -16.074265 0.722332 6.032444 26.049683 1.935432 7.462310 32.435658 -10.822677 -9.520668 -4.746211 -4.557977 -10.572602 -12.374599 1.747723 12.982046 5.323118 -11.619906 -28.449408 -27.296701 10.998281 3.163709 -12.570189 3.378483 -5.174225 5.070697 -24.356899 8.070754 2.053816 -4.092462
-13.092787 -16.063929 0.732094 6.023221 26.054050 1.945851 7.469286 32.433674 -10.819256 -9.513791 -4.762868 -4.557405 -10.564216 -12.378161 1.722846 12.990780 5.305778 -11.617078 -28.449060 -27.309544 10.982491 3.156903 -12.573856 3.383311 -5.174633 5.052547 -24.355576 8.086665 2.041193 -4.114677
-13.093395 -16.063799 0.732605 6.023344 26.053677 1.945913 7.469507 32.433716 -10.819221 -9.513845 -4.763216 -4.559103 -10.563484 -12.378695 1.720199 12.992234 5.302915 -11.616358 -28.448803 -27.309044 10.984468 3.160717 -12.574188 3.380689 -5.173413 5.054391 -24.355507 8.085179 2.042486 -4.112529
-13.093395 -16.063799 0.732605 6.023344 26.053677 1.945913 7.469507 32.433716 -10.819221 -9.513845 -4.763216 -4.559103 -10.563484 -12.378695 1.720199 12.992234 5.302915 -11.616358 -28.448803 -27.309044 10.984468 3.160717 -12.574188 3.380689 -5.173413 5.054391 -24.355507 8.085179 2.042486 -4.112529
-13.093395 -16.063799 0.732605 6.023344 26.053677 1.945913 7.469507 32.433716 -10.819221 -9.513845 -4.763216 -4.559103 -10.563484 -12.378695 1.720199 12.992234 5.302915 -11.616358 -28.448803 -27.309044 10.984468 3.160717 -12.574188 3.380689 -5.173413 5.054391 -24.355507 8.085179 2.042486 -4.112529
-13.093395 -16.063799 0.732605 6.023344 26.053677 1.945913 7.469507 32.433716 -10.819221 -9.513845 -4.763216 -4.559103 -10.563484 -12.378695 1.720199 12.992234 5.302915 -11.616358 -28.448803 -27.309044 10.984468 3.160717 -12.574188 3.380689 -5.173413 5.054391 -24.355507 8.085179 2.042486 -4.112529
-13.086819 -16.065050 0.723346 6.020048 26.054464 1.941798 7.471099 32.436741 -10.821097 -9.509406 -4.748534 -4.563513 -10.570854 -12.377959 1.738297 12.985854 5.319312 -11.617868 -28.448948 -27.292093 10.993378 3.161211 -12.569700 3.383769 -5.174946 5.066252 -24.354393 8.074970 2.049773 -4.101134
-13.086819 -16.065050 0.723346 6.020048 26.054464 1.941798 7.471099 32.436741 -10.821097 -9.509406 -4.748311 -4.563529 -10.570905 -12.377938 1.738482 12.985620 5.319850 -11.618012 -28.448973 -27.292023 10.993196 3.160794 -12.569590 3.383970 -5.174760 5.066307 -24.354668 8.075157 2.049911 -4.101195
-13.086819 -16.065050 0.723346 6.020048 26.054464 1.941798 7.471099 32.436741 -10.821097 -9.509406 -4.748311 -4.563529 -10.570905 -12.377938 1.738482 12.985620 5.319850 -11.618012 -28.448973 -27.292023 10.993196 3.160794 -12.569590 3.383970 -5.174760 5.066307 -24.354668 8.075157 2.049911 -4.101195
-13.074973 -16.071314 0.725119 6.030473 26.052511 1.933801 7.460251 32.434441 -10.818605 -9.522705 -4.745638 -4.561188 -10.572650 -12.375658 1.744594 12.982530 5.324701 -11.619273 -28.448849 -27.293131 10.996362 3.169123 -12.572020 3.374335 -5.172269 5.067098 -24.354553 8.073445 2.050457 -4.094333
-13.074973 -16.071314 0.725119 6.030473 26.052511 1.933801 7.460251 32.434441 -10.818605 -9.522705 -4.745638 -4.561188 -10.572650 -12.375658 1.744594 12.982530 5.324701 -11.619273 -28.448849 -27.293131 10.996362 3.169123 -12.572020 3.374335 -5.172269 5.067098 -24.354553 8.073445 2.050457 -4.094333
-13.074973 -16.071314 0.725119 6.030473 26.052511 1.933801 7.460251 32.434441 -10.818605 -9.522705 -4.745638 -4.561188 -10.572650 -12.375658 1.744594 12.982530 5.324701 -11.619273 -28.448849 -27.293131 10.996362 3.169123 -12.572020 3.374335 -5.172269 5.067098 -24.354553 8.073445 2.050457 -4.094333
