10.420755 -5.605416 6.883933 -7.481867 12.165508 -6.598310 22.534393 4.852857 -9.064370 -13.098992 -11.782146 -1.044955 -12.571918 -11.529325 7.053238 5.937938 5.603493 10.124032 -21.042273 -3.545989 9.360150 -3.026311 -3.790496 13.362170 -11.984048 -3.520454 -12.561034 14.439046 -5.374255 3.428169
10.487276 -5.564839 6.985940 -7.314775 12.205546 -6.522980 22.657640 4.780451 -9.115943 -13.014748 -11.690554 -1.112598 -12.434861 -11.647726 7.153519 5.972871 5.474017 10.229339 -21.089073 -3.388380 9.393187 -2.957981 -3.721193 13.354922 -11.938595 -3.540492 -12.646743 14.437742 -5.442744 3.359968
10.686687 -5.495003 7.179402 -7.013024 12.274341 -6.393895 22.879005 4.661353 -9.211015 -12.841494 -11.652898 -1.150759 -12.115588 -11.722207 7.325932 6.077783 5.436428 10.173917 -21.150259 -3.160254 9.479661 -2.855647 -3.606271 13.374430 -11.802478 -3.539727 -12.796885 14.458206 -5.537734 3.244547
10.980005 -5.343662 7.439080 -6.686163 12.398954 -6.235146 23.034405 4.504579 -9.275236 -12.640522 -11.626768 -1.172406 -11.640286 -11.806376 7.534263 6.281468 5.339397 10.097948 -21.216454 -2.804607 9.619947 -2.692741 -3.457606 13.429313 -11.657880 -3.512153 -12.979117 14.414381 -5.656545 3.087317
11.463542 -5.118422 7.747325 -6.347748 12.578931 -6.006258 23.156258 4.279219 -9.352512 -12.324246 -11.501211 -1.335823 -11.088985 -12.010689 7.834947 6.371240 5.241537 10.197099 -21.321426 -2.326044 9.756620 -2.524566 -3.275783 13.451962 -11.590182 -3.521015 -13.189641 14.353828 -5.807195 2.935480
12.253572 -4.919373 8.129447 -6.059717 12.739667 -5.654654 23.280214 3.845897 -9.273999 -12.016029 -11.513425 -1.447638 -10.466483 -12.067591 8.082719 6.567838 5.323675 10.140697 -21.362144 -1.787871 9.933567 -2.243090 -3.006550 13.479558 -11.513392 -3.558484 -13.481462 14.239765 -6.045283 2.753812
13.080964 -4.738882 8.428055 -5.855812 12.940579 -5.351471 23.379889 3.316169 -9.174665 -11.713802 -11.614170 -1.408137 -9.813209 -12.181066 8.145009 6.938209 5.149656 10.181809 -21.352209 -1.067340 10.110374 -1.878724 -2.677569 13.459205 -11.462571 -3.599184 -13.760188 14.083168 -6.310168 2.654536
13.705136 -4.469436 8.506530 -5.839652 13.233876 -5.102878 23.321918 2.709139 -9.105847 -11.350686 -11.802624 -1.294813 -9.158345 -12.258773 8.085387 7.454073 4.896466 10.161729 -21.323656 -0.306924 10.283857 -1.431562 -2.354771 13.431916 -11.506869 -3.690271 -13.932181 13.869237 -6.593184 2.515307
14.190203 -4.071292 8.212255 -5.930553 13.836362 -4.973600 22.894051 1.900924 -9.049138 -11.004311 -12.079626 -1.238037 -8.324163 -12.429602 8.153482 7.855792 4.479324 10.207619 -21.387175 0.522359 10.379416 -0.943053 -1.983324 13.259448 -11.619072 -3.861604 -14.096519 13.687825 -6.917622 2.576111
14.334550 -3.833993 7.574426 -6.218845 14.391313 -4.979630 22.519470 1.070232 -8.998019 -10.666330 -12.333646 -1.326508 -7.504958 -12.625123 8.221411 8.023130 4.302423 10.021278 -21.580168 0.941924 10.493343 -0.414231 -1.728065 13.047637 -11.784953 -4.022965 -14.205834 13.450025 -7.189370 2.575351
14.326504 -3.730481 6.999325 -6.256424 14.898753 -4.973279 22.281502 0.322933 -9.115677 -10.402488 -12.681704 -1.401054 -6.737968 -12.692358 8.291357 8.130664 4.467796 9.531344 -21.801172 0.972318 10.566404 0.035673 -1.591444 12.856685 -11.991798 -4.142491 -14.296462 13.230427 -7.413404 2.575954
13.986477 -3.617790 6.604760 -6.212656 15.322608 -4.903173 22.102501 -0.225314 -9.465394 -10.173245 -12.900466 -1.673413 -6.148323 -12.697329 8.542573 7.909544 5.167058 8.856562 -22.081429 0.589056 10.585238 0.473943 -1.470343 12.630893 -12.242829 -4.306238 -14.324759 13.052715 -7.654634 2.674941
13.726386 -3.566089 6.373455 -6.069539 15.609509 -4.846590 22.079517 -0.837655 -9.727854 -9.978436 -13.236929 -1.759900 -5.746124 -12.403836 8.711539 7.809221 5.905237 8.036923 -22.279882 -0.019434 10.552944 0.868342 -1.390164 12.324065 -12.589079 -4.513965 -14.361960 12.895917 -7.900821 2.935432
13.249479 -3.550228 6.245564 -5.884198 15.823298 -4.570697 22.028919 -1.361623 -10.134337 -9.831587 -13.536668 -1.899556 -5.292310 -12.209889 9.045093 7.656384 6.638244 7.347730 -22.550928 -0.496137 10.576448 1.277150 -1.346799 12.177485 -12.854984 -4.679903 -14.334985 12.677004 -8.103642 2.989852
12.849366 -3.581952 6.007075 -5.851336 16.026760 -4.387959 21.846581 -1.884228 -10.453676 -9.751796 -13.836040 -1.920638 -4.818756 -11.939387 9.337749 7.601079 7.345881 6.614466 -22.728214 -0.760776 10.555843 1.638355 -1.291758 12.014663 -13.199143 -4.864649 -14.282955 12.479876 -8.280871 3.112144
12.485812 -3.568173 5.742536 -5.849296 16.254736 -4.290667 21.575106 -2.292739 -10.725824 -9.768394 -14.010886 -1.942310 -4.472086 -11.723163 9.618836 7.526399 7.889741 6.063250 -22.859825 -0.964091 10.537836 1.906054 -1.260854 11.900183 -13.405327 -4.979567 -14.238521 12.331573 -8.410598 3.249802
12.323397 -3.580304 5.508765 -5.844909 16.455433 -4.193246 21.375462 -2.639714 -10.889199 -9.765728 -14.105059 -1.945527 -4.255919 -11.555213 9.772695 7.499227 8.394659 5.594700 -22.915579 -1.139921 10.533503 2.120017 -1.272691 11.802028 -13.560896 -5.091243 -14.207120 12.216595 -8.506015 3.331197
12.185285 -3.639877 5.341348 -5.847575 16.550381 -4.094594 21.272564 -2.916845 -10.975042 -9.799993 -14.153112 -1.856873 -4.120328 -11.366206 9.884270 7.580206 8.766405 5.181289 -22.913153 -1.164277 10.521581 2.293206 -1.283552 11.750295 -13.710804 -5.178774 -14.151073 12.117376 -8.575047 3.406804
12.047770 -3.642266 5.213832 -5.847755 16.626925 -4.057783 21.215305 -3.038276 -11.077271 -9.781039 -14.174094 -1.845458 -4.023686 -11.252698 9.995086 7.584135 9.031444 4.944376 -22.933319 -1.219828 10.521066 2.441269 -1.305879 11.719151 -13.828441 -5.253678 -14.101401 12.027476 -8.634690 3.411098
12.035391 -3.625206 5.163895 -5.814335 16.677193 -4.029274 21.207470 -3.096935 -11.124688 -9.750299 -14.180536 -1.844139 -3.980134 -11.219725 10.049750 7.567252 9.147980 4.856427 -22.944063 -1.246341 10.537519 2.515897 -1.302663 11.712926 -13.868983 -5.280049 -14.083188 11.983528 -8.664527 3.407028
12.007324 -3.638624 5.012033 -5.813534 16.775639 -3.971970 21.159306 -3.252192 -11.173605 -9.741370 -14.211241 -1.843559 -3.875780 -11.137237 10.163754 7.535855 9.375665 4.682444 -22.972160 -1.292112 10.526566 2.600322 -1.307022 11.667861 -13.952872 -5.327188 -14.046137 11.941562 -8.697495 3.466816
11.847636 -3.672614 4.598393 -5.792965 16.988831 -3.874854 21.072868 -3.615455 -11.393485 -9.684805 -14.376711 -1.905232 -3.501534 -10.951688 10.451715 7.405514 9.970895 4.336924 -23.069332 -1.366523 10.521955 2.830487 -1.313205 11.574786 -14.099376 -5.406836 -13.974154 11.825676 -8.781868 3.572682
11.559288 -3.685927 3.725240 -5.824309 17.404472 -3.804009 20.831795 -4.256275 -11.769574 -9.605581 -14.650080 -1.939373 -2.946100 -10.718486 10.771654 7.291767 10.698068 3.957709 -23.107525 -1.249903 10.526660 3.332607 -1.401816 11.402285 -14.456182 -5.594856 -13.729847 11.586807 -8.907370 3.842138
11.230845 -3.626628 2.427128 -5.814076 18.034843 -3.770326 20.425964 -4.878007 -12.282596 -9.495974 -14.919762 -1.782292 -2.361564 -10.239705 11.375379 7.273025 11.555308 3.366323 -23.018387 -0.950120 10.531641 3.697520 -1.502537 11.223895 -14.774505 -5.746668 -13.573344 11.377304 -9.001612 4.132761
10.725440 -3.508370 1.005849 -5.914673 18.734631 -3.852959 19.551149 -5.393798 -12.809812 -9.518728 -15.380930 -1.413944 -1.896746 -9.419352 12.164321 7.240173 12.446400 2.756469 -22.850330 -0.827106 10.531917 4.244071 -1.553213 10.954711 -15.305991 -6.009955 -13.330416 11.100896 -9.172902 4.644921
9.668294 -3.210383 -0.337892 -6.033207 19.411915 -4.509447 18.807884 -5.751371 -13.475032 -9.403517 -16.392502 -0.933729 -1.196803 -8.304170 12.965367 7.155711 13.859193 2.146002 -22.443272 -0.335680 10.553747 4.807121 -1.691439 10.584050 -15.809915 -6.162128 -13.174263 10.748983 -9.237370 5.243066
8.195088 -2.667283 -1.920082 -6.034072 20.397087 -5.131454 18.037804 -6.039538 -14.541116 -9.079324 -17.572115 0.046322 -1.003809 -6.904669 13.524112 7.164685 14.795674 1.652767 -21.915304 0.187254 10.345964 5.271906 -1.817958 10.170979 -16.410919 -6.446930 -13.053966 10.485058 -9.362844 5.893712
6.872453 -2.401260 -2.603291 -6.404235 21.090805 -5.839138 16.725351 -6.548093 -14.771604 -9.657471 -18.737793 1.523156 -1.046012 -5.000217 14.796919 7.106657 15.297180 0.960180 -21.589270 0.946534 10.267008 5.741632 -1.727979 9.773765 -17.172487 -6.417823 -13.334702 9.814796 -9.314301 6.626851
5.484094 -2.131982 -2.104181 -5.704843 21.951658 -6.573017 14.327770 -7.347954 -15.008137 -11.715219 -20.236395 3.635996 -1.227827 -2.768588 16.835468 6.643897 14.898133 0.686627 -21.237822 2.377674 10.028695 5.890316 -1.631005 9.105325 -18.808992 -6.250625 -14.374867 8.271765 -8.985163 7.754911
4.643984 -1.672579 -2.409240 -5.476388 22.941122 -7.510581 11.895978 -7.766303 -15.757152 -12.654994 -21.475204 5.986808 -2.341222 -0.304349 18.411568 6.360259 14.676299 0.379316 -20.269114 4.477378 9.553474 6.274449 -1.806395 8.402187 -20.092014 -6.266758 -14.564580 7.180302 -8.826448 9.036449
3.632472 -1.252114 -2.564961 -5.653592 23.725176 -7.893654 9.465443 -8.180046 -16.041628 -13.624994 -23.201344 7.640814 -3.248305 1.675157 18.315243 6.770983 13.489293 0.842607 -19.481268 6.537551 9.097131 6.806983 -2.660746 7.555882 -21.165653 -6.295511 -14.445945 6.183884 -8.750464 9.800247
2.700172 -0.862191 -2.164348 -6.083893 24.110132 -8.635204 7.257320 -8.803307 -15.742055 -14.638172 -24.948744 8.914642 -4.018791 3.405942 17.838051 7.254616 11.983812 1.208590 -19.135393 7.750872 8.819461 7.073965 -3.890936 6.764233 -22.068556 -6.302066 -14.403855 5.103487 -8.508698 10.049358
2.456333 -0.744292 -1.550707 -7.111789 24.020693 -8.982605 5.323948 -9.002379 -14.845586 -15.991845 -26.962257 9.805563 -5.380123 4.390000 15.667169 7.151258 10.995084 1.565930 -18.897509 7.516884 8.187551 6.493336 -5.633484 5.829291 -22.673073 -6.668497 -14.946414 4.650043 -8.336209 9.345091
2.375861 -0.181100 -1.216981 -8.092711 24.291407 -9.168205 3.031211 -8.683494 -14.253619 -17.231075 -29.054417 10.432574 -7.026640 5.251330 13.144990 6.919981 9.752971 2.390224 -18.458887 7.148066 7.440851 5.926899 -7.185113 4.860472 -22.906513 -6.848078 -15.421421 4.495463 -8.060685 9.016403
2.343465 0.393256 -0.947700 -8.770108 24.451866 -9.689206 1.109382 -8.310720 -13.717930 -18.318041 -30.570776 11.266546 -8.204306 6.179281 11.765466 6.578279 8.930616 3.128451 -18.100088 6.633112 6.955925 5.500515 -8.815031 3.725760 -22.847879 -6.981908 -15.566043 4.609384 -7.666253 8.898062
2.469867 0.657130 -0.466450 -9.242386 24.163162 -9.979443 -0.332258 -7.688733 -13.285656 -19.576256 -31.672039 11.941392 -8.960363 6.934145 10.972040 6.203915 8.085797 4.195260 -17.762047 6.105788 6.367909 5.009426 -9.940155 2.849694 -22.782715 -7.059499 -15.311936 4.960190 -7.302701 9.300999
2.538174 0.656787 0.020504 -9.558855 23.673576 -10.166899 -1.138742 -7.084235 -12.834863 -20.492098 -32.667385 12.179969 -9.686549 7.364001 9.993112 5.715364 7.722782 5.187440 -17.336325 5.763188 5.855440 4.664829 -10.906845 2.165379 -22.460873 -7.200435 -14.970872 5.494682 -7.065819 9.499392
2.258591 0.574110 0.427968 -9.709713 23.475849 -10.286580 -1.718308 -6.643692 -12.408782 -21.138529 -33.166683 12.514447 -10.324626 7.577889 9.443430 5.357847 7.492704 5.775656 -17.009970 5.242839 5.681327 4.189877 -11.709271 1.640216 -22.309666 -7.287521 -14.688575 5.817901 -6.834608 9.510254
2.153310 0.393243 0.604785 -9.788176 23.261436 -10.304717 -2.069835 -6.391150 -12.190934 -21.541407 -33.481453 12.648452 -10.760434 7.557198 8.905290 5.126483 7.285950 6.379059 -16.803898 4.957280 5.443383 4.053177 -12.244702 1.325616 -22.057652 -7.302472 -14.313077 6.172502 -6.674642 9.592232
2.079345 0.307386 0.643085 -9.811698 23.164902 -10.305820 -2.148372 -6.288285 -12.130990 -21.684000 -33.601841 12.604241 -10.907502 7.517926 8.611262 5.017250 7.244484 6.610338 -16.759130 4.816625 5.378334 4.046502 -12.512844 1.158460 -21.960724 -7.297845 -14.186843 6.265272 -6.615478 9.625153
2.123574 0.317175 0.611617 -9.820303 23.204668 -10.302078 -2.142096 -6.376900 -12.134632 -21.634966 -33.589954 12.654237 -10.855826 7.576715 8.693343 5.100351 7.250205 6.503375 -16.756285 4.865465 5.383134 4.052197 -12.397274 1.218447 -22.012020 -7.301243 -14.242358 6.225169 -6.643711 9.600962
2.117339 0.389368 0.566788 -9.821026 23.309177 -10.288334 -2.070220 -6.583242 -12.184378 -21.521923 -33.511166 12.671468 -10.673780 7.637160 8.923656 5.273442 7.290968 6.274650 -16.772310 5.066854 5.451412 4.167474 -12.252915 1.267415 -22.135704 -7.309610 -14.313050 6.097217 -6.690091 9.640886
2.188526 0.487004 0.437263 -9.807667 23.483637 -10.277479 -1.955158 -6.899131 -12.272106 -21.320158 -33.446270 12.665593 -10.411833 7.717051 9.137308 5.448033 7.433051 5.887667 -16.846430 5.266482 5.556797 4.205975 -11.945509 1.374686 -22.375961 -7.295936 -14.452380 5.900014 -6.775967 9.701198
2.260024 0.540510 0.252245 -9.815034 23.621098 -10.266783 -1.751624 -7.272835 -12.392768 -21.070253 -33.310898 12.567517 -10.080276 7.762424 9.371415 5.733104 7.669390 5.521581 -16.918701 5.591462 5.652678 4.544199 -11.565649 1.590472 -22.559633 -7.304539 -14.598286 5.634555 -6.935796 9.761290
2.321279 0.633643 -0.005569 -9.821053 23.826263 -10.205200 -1.559582 -7.704034 -12.609220 -20.768488 -33.133907 12.411103 -9.693946 7.782055 9.662929 6.006842 7.873102 5.179926 -17.022833 6.049426 5.737084 4.930907 -11.166267 1.839875 -22.690596 -7.300358 -14.675049 5.437602 -7.101615 9.813644
2.241602 0.663314 -0.252672 -9.774694 24.036816 -10.030121 -1.214263 -8.204683 -12.902181 -20.361933 -32.764545 12.240478 -9.327699 7.809951 9.960349 6.492880 8.070952 4.620339 -17.112917 6.477946 5.841443 5.171678 -10.591669 2.180156 -22.981401 -7.335458 -14.767459 5.229628 -7.300512 9.852424
2.026130 0.699550 -0.526732 -9.607682 24.338543 -9.938707 -0.929297 -8.645373 -13.244601 -19.983618 -32.391079 12.193645 -8.875951 7.791601 10.445132 6.890671 8.376724 3.911499 -17.282118 6.667284 6.061609 5.614704 -10.236996 2.502155 -23.149200 -7.312469 -14.902546 4.853881 -7.484885 9.602528
1.866709 0.682138 -0.951821 -9.395334 24.687374 -9.876510 -0.557423 -9.017229 -13.580370 -19.495119 -31.969334 11.877963 -8.219050 7.556495 10.858706 7.320333 8.641860 3.251419 -17.499643 7.049471 6.217597 5.852495 -9.803188 2.851633 -23.357271 -7.343716 -14.997728 4.617960 -7.733904 9.432783
1.797300 0.582176 -1.108167 -8.922130 24.974646 -9.685876 -0.172038 -9.361007 -13.909095 -19.055353 -31.665459 11.582238 -7.668637 7.300662 11.221938 7.621711 9.054217 2.726253 -17.678152 7.483047 6.315544 6.382036 -9.287822 3.352855 -23.574551 -7.473447 -15.092752 4.353612 -8.158750 8.915060
1.560162 0.416742 -1.172774 -8.460879 25.022882 -9.384909 0.554920 -9.741628 -14.326075 -18.593687 -31.419987 11.141373 -6.937672 6.929945 11.357221 7.957457 9.593045 2.259474 -17.831011 8.068152 6.467230 6.684353 -8.686896 3.766429 -23.734829 -7.579246 -15.149514 4.230216 -8.452329 8.646424
1.546991 0.346401 -1.174986 -7.993339 25.021078 -9.168293 1.315286 -10.069231 -14.705051 -18.098753 -31.068029 10.566461 -6.242892 6.570662 11.675487 8.260206 9.994294 1.956639 -17.964697 8.535803 6.727218 7.275066 -7.997582 4.150711 -23.704313 -7.533778 -15.162737 4.154194 -8.615610 8.629305
1.426492 0.102066 -1.295262 -7.515059 24.930113 -8.902349 2.290919 -10.358497 -15.074285 -17.539785 -30.491098 10.293285 -5.510486 6.403825 12.549731 8.343643 10.643844 1.353190 -18.157967 8.633016 6.734038 7.326496 -7.140284 4.730254 -23.742821 -7.532801 -15.184487 4.331378 -8.758926 8.728054
1.212516 -0.206036 -1.533905 -6.950047 24.800205 -8.754345 3.346341 -10.790497 -15.458287 -17.032457 -29.851549 10.095761 -4.821986 6.211649 13.532723 8.504427 11.024963 0.698872 -18.424318 8.531862 6.854080 7.373279 -6.283809 5.193627 -23.818897 -7.553047 -15.308076 4.388621 -8.898031 8.846147
1.216976 -0.326092 -1.745730 -6.295859 24.888126 -8.712923 4.164903 -11.059578 -15.722728 -16.654528 -29.246351 9.927678 -4.001664 6.234015 14.879806 8.480746 11.683494 -0.143315 -18.764719 8.524292 6.905406 7.583351 -5.476100 5.654742 -23.754986 -7.480421 -15.313264 4.507205 -8.981726 8.950618
0.966738 -0.754124 -2.069982 -5.648800 24.743769 -8.628094 5.174953 -11.221422 -16.091095 -16.324049 -28.465588 9.727269 -3.631304 6.271473 16.119617 8.491377 12.077800 -0.720403 -18.917795 8.604413 7.016289 7.556650 -4.743756 5.947243 -23.878592 -7.417756 -15.391726 4.497337 -9.059183 9.243433
0.710684 -1.017329 -2.267793 -4.950675 24.563728 -8.588730 6.185314 -11.280035 -16.492115 -15.946035 -28.030975 9.723952 -3.213863 6.378759 17.171761 8.386826 12.383838 -1.197125 -19.035877 8.547687 7.128071 7.647831 -4.172121 6.181988 -23.782459 -7.366501 -15.433678 4.584932 -9.100878 9.422808
0.644926 -1.194572 -2.382238 -4.484145 24.419973 -8.607429 6.894947 -11.307709 -16.701982 -15.649815 -27.777746 9.638527 -2.786567 6.422792 17.956402 8.151765 12.847491 -1.580359 -19.209768 8.436716 7.281949 7.500412 -3.638892 6.394232 -23.873798 -7.327144 -15.506185 4.569700 -9.115660 9.565289
0.609616 -1.317874 -2.481419 -4.177318 24.321655 -8.604946 7.399368 -11.297102 -16.851040 -15.440310 -27.475611 9.504375 -2.594223 6.378479 18.436943 7.982106 13.037967 -1.820325 -19.336275 8.313049 7.349540 7.553869 -3.294676 6.533014 -23.845882 -7.347441 -15.575414 4.590190 -9.199138 9.576073
0.685636 -1.408036 -2.603480 -4.011738 24.289646 -8.547953 7.680448 -11.294395 -16.941488 -15.298552 -27.325985 9.387666 -2.412977 6.303832 18.701687 7.842214 13.099045 -1.961277 -19.455086 8.214298 7.418859 7.634385 -3.076709 6.662007 -23.817776 -7.354671 -15.593909 4.580382 -9.256022 9.519379
0.706158 -1.443851 -2.610218 -3.980245 24.264809 -8.517092 7.767597 -11.298458 -16.961222 -15.271042 -27.287376 9.354316 -2.379101 6.267518 18.744568 7.803476 13.122365 -1.982606 -19.486170 8.151397 7.412992 7.618152 -3.023762 6.655538 -23.822935 -7.365698 -15.597510 4.611678 -9.271005 9.564140
0.706158 -1.443851 -2.610218 -3.980245 24.264809 -8.517092 7.767597 -11.298458 -16.961222 -15.271042 -27.287376 9.354316 -2.379101 6.267518 18.744568 7.803476 13.122365 -1.982606 -19.486170 8.151397 7.412992 7.618152 -3.023762 6.655538 -23.822935 -7.365698 -15.597510 4.611678 -9.271005 9.564140
0.706158 -1.443851 -2.610218 -3.980245 24.264809 -8.517092 7.767597 -11.298458 -16.961222 -15.271042 -27.287376 9.354316 -2.379101 6.267518 18.744568 7.803476 13.122365 -1.982606 -19.486170 8.151397 7.412992 7.618152 -3.023762 6.655538 -23.822935 -7.365698 -15.597510 4.611678 -9.271005 9.564140
0.706158 -1.443851 -2.610218 -3.980245 24.264809 -8.517092 7.767597 -11.298458 -16.961222 -15.271042 -27.287376 9.354316 -2.379101 6.267518 18.744568 7.803476 13.122365 -1.982606 -19.486170 8.151397 7.412992 7.618152 -3.023762 6.655538 -23.822935 -7.365698 -15.597510 4.611678 -9.271005 9.564140
0.706158 -1.443851 -2.610218 -3.980245 24.264809 -8.517092 7.767597 -11.298458 -16.961222 -15.271042 -27.287376 9.354316 -2.379101 6.267518 18.744568 7.803476 13.122365 -1.982606 -19.486170 8.151397 7.412992 7.618152 -3.023762 6.655538 -23.822935 -7.365698 -15.597510 4.611678 -9.271005 9.564140
0.706158 -1.443851 -2.610218 -3.980245 24.264809 -8.517092 7.767597 -11.298458 -16.961222 -15.271042 -27.287376 9.354316 -2.379101 6.267518 18.744568 7.803476 13.122365 -1.982606 -19.486170 8.151397 7.412992 7.618152 -3.023762 6.655538 -23.822935 -7.365698 -15.597510 4.611678 -9.271005 9.564140
0.706158 -1.443851 -2.610218 -3.980245 24.264809 -8.517092 7.767597 -11.298458 -16.961222 -15.271042 -27.287376 9.354316 -2.379101 6.267518 18.744568 7.803476 13.122365 -1.982606 -19.486170 8.151397 7.412992 7.618152 -3.023762 6.655538 -23.822935 -7.365698 -15.597510 4.611678 -9.271005 9.564140
0.706158 -1.443851 -2.610218 -3.980245 24.264809 -8.517092 7.767597 -11.298458 -16.961222 -15.271042 -27.287376 9.354316 -2.379101 6.267518 18.744568 7.803476 13.122365 -1.982606 -19.486170 8.151397 7.412992 7.618152 -3.023762 6.655538 -23.822935 -7.365698 -15.597510 4.611678 -9.271005 9.564140
0.706158 -1.443851 -2.610218 -3.980245 24.264809 -8.517092 7.767597 -11.298458 -16.961222 -15.271042 -27.287376 9.354316 -2.379101 6.267518 18.744568 7.803476 13.122365 -1.982606 -19.486170 8.151397 7.412992 7.618152 -3.023762 6.655538 -23.822935 -7.365698 -15.597510 4.611678 -9.271005 9.564140
0.706158 -1.443851 -2.610218 -3.980245 24.264809 -8.517092 7.767597 -11.298458 -16.961222 -15.271042 -27.287376 9.354316 -2.379101 6.267518 18.744568 7.803476 13.122365 -1.982606 -19.486170 8.151397 7.412992 7.618152 -3.023762 6.655538 -23.822935 -7.365698 -15.597510 4.611678 -9.271005 9.564140
0.706158 -1.443851 -2.610218 -3.980245 24.264809 -8.517092 7.767597 -11.298458 -16.961222 -15.271042 -27.287376 9.354316 -2.379101 6.267518 18.744568 7.803476 13.122365 -1.982606 -19.486170 8.151397 7.412992 7.618152 -3.023762 6.655538 -23.822935 -7.365698 -15.597510 4.611678 -9.271005 9.564140
0.706158 -1.443851 -2.610218 -3.980245 24.264809 -8.517092 7.767597 -11.298458 -16.961222 -15.271042 -27.287376 9.354316 -2.379101 6.267518 18.744568 7.803476 13.122365 -1.982606 -19.486170 8.151397 7.412992 7.618152 -3.023762 6.655538 -23.822935 -7.365698 -15.597510 4.611678 -9.271005 9.564140
0.706158 -1.443851 -2.610218 -3.980245 24.264809 -8.517092 7.767597 -11.298458 -16.961222 -15.271042 -27.287376 9.354316 -2.379101 6.267518 18.744568 7.803476 13.122365 -1.982606 -19.486170 8.151397 7.412992 7.618152 -3.023762 6.655538 -23.822935 -7.365698 -15.597510 4.611678 -9.271005 9.564140
0.706158 -1.443851 -2.610218 -3.980245 24.264809 -8.517092 7.767597 -11.298458 -16.961222 -15.271042 -27.287376 9.354316 -2.379101 6.267518 18.744568 7.803476 13.122365 -1.982606 -19.486170 8.151397 7.412992 7.618152 -3.023762 6.655538 -23.822935 -7.365698 -15.597510 4.611678 -9.271005 9.564140
0.706158 -1.443851 -2.610218 -3.980245 24.264809 -8.517092 7.767597 -11.298458 -16.961222 -15.271042 -27.287376 9.354316 -2.379101 6.267518 18.744568 7.803476 13.122365 -1.982606 -19.486170 8.151397 7.412992 7.618152 -3.023762 6.655538 -23.822935 -7.365698 -15.597510 4.611678 -9.271005 9.564140
4.921160 5.028460 -8.108506 -15.646010 19.917213 -12.015747 14.804050 -14.113931 -18.466236 -14.124025 -23.188225 7.762424 -5.008922 -1.956788 13.564094 4.697627 17.790844 -1.435611 -19.905703 12.419037 7.381262 12.538772 -4.757650 7.606613 -19.225754 -2.063766 -10.492337 4.467744 -10.091592 7.849865
4.921160 5.028460 -8.108506 -15.646010 19.917213 -12.015747 14.804050 -14.113931 -18.466236 -14.124025 -23.188225 7.762424 -5.008922 -1.956788 13.564094 4.697627 17.790844 -1.435611 -19.905703 12.419037 7.381262 12.538772 -4.757650 7.606613 -19.225754 -2.063766 -10.492337 4.467744 -10.091592 7.849865
4.921160 5.028460 -8.108506 -15.646010 19.917213 -12.015747 14.804050 -14.113931 -18.466236 -14.124025 -23.188225 7.762424 -5.008922 -1.956788 13.564094 4.697627 17.790844 -1.435611 -19.905703 12.419037 7.381262 12.538772 -4.757650 7.606613 -19.225754 -2.063766 -10.492337 4.467744 -10.091592 7.849865
4.921160 5.028460 -8.108506 -15.646010 19.917213 -12.015747 14.804050 -14.113931 -18.466236 -14.124025 -23.188225 7.762424 -5.008922 -1.956788 13.564094 4.697627 17.790844 -1.435611 -19.905703 12.419037 7.381262 12.538772 -4.757650 7.606613 -19.225754 -2.063766 -10.492337 4.467744 -10.091592 7.849865
4.921160 5.028460 -8.108506 -15.646010 19.917213 -12.015747 14.804050 -14.113931 -18.466236 -14.124025 -23.188225 7.762424 -5.008922 -1.956788 13.564094 4.697627 17.790844 -1.435611 -19.905703 12.419037 7.381262 12.538772 -4.757650 7.606613 -19.225754 -2.063766 -10.492337 4.467744 -10.091592 7.849865
1.728299 0.729031 -6.066998 -12.241425 23.348166 -10.820433 12.306978 -11.557384 -14.413161 -11.723550 -24.575722 6.711934 -3.805872 2.311189 15.237280 7.480012 17.596493 -0.501411 -18.657175 9.557419 9.671367 10.882627 -4.125612 6.979561 -20.316236 -5.003428 -11.415377 5.155348 -9.461292 9.039014
1.122015 -0.640932 -5.760273 -11.323681 24.159164 -10.835833 11.500975 -10.911231 -13.389080 -10.914829 -24.638336 6.240198 -3.679231 2.711533 15.609282 7.829097 17.748156 -0.306348 -18.326698 9.240357 10.195884 10.959277 -4.103587 6.893714 -20.342594 -5.708001 -11.122148 5.401351 -9.193808 9.234858
1.113366 -0.987051 -5.736839 -11.159995 24.421450 -10.136527 11.375757 -10.888601 -13.258607 -10.783251 -24.572632 6.298040 -3.694922 2.620823 15.606392 7.868135 17.796276 -0.368290 -18.311459 9.194622 10.222805 11.054759 -4.024467 7.025122 -20.419525 -5.900739 -11.302911 5.234685 -9.568422 9.485133
1.179024 -0.981057 -5.787457 -11.181843 24.360104 -10.190966 11.429750 -10.893593 -13.296178 -10.835470 -24.497910 6.282950 -3.722457 2.603426 15.632210 7.826447 17.888140 -0.374974 -18.327763 9.207445 10.243609 11.057044 -4.030816 7.034574 -20.443277 -5.877390 -11.341305 5.196245 -9.570546 9.522308
1.201807 -0.978924 -5.790953 -11.175560 24.347469 -10.200614 11.418137 -10.895172 -13.310878 -10.854502 -24.459900 6.301157 -3.738119 2.613797 15.689466 7.797955 17.923618 -0.382267 -18.334780 9.230700 10.268181 11.058326 -4.030224 7.039278 -20.448219 -5.840819 -11.377168 5.156634 -9.565603 9.544214
1.201858 -0.978789 -5.790829 -11.175301 24.347151 -10.200119 11.418332 -10.895056 -13.311349 -10.854708 -24.459610 6.301041 -3.738416 2.614049 15.689237 7.798380 17.923834 -0.382534 -18.334160 9.230402 10.270641 11.057530 -4.029888 7.039816 -20.448278 -5.842188 -11.378409 5.156673 -9.565690 9.545540
1.208231 -0.979879 -5.797279 -11.179803 24.347916 -10.205159 11.421732 -10.896402 -13.307298 -10.852249 -24.454336 6.297974 -3.740583 2.611876 15.690814 7.795259 17.935291 -0.385614 -18.334469 9.233952 10.266700 11.055314 -4.029263 7.041283 -20.449879 -5.841083 -11.376889 5.156448 -9.566411 9.547046
1.207614 -0.975572 -5.797109 -11.177721 24.348293 -10.196252 11.418998 -10.894564 -13.316555 -10.853716 -24.459080 6.301204 -3.738906 2.613071 15.689222 7.798346 17.923838 -0.383013 -18.333670 9.229982 10.263470 11.056697 -4.030775 7.041429 -20.450275 -5.838490 -11.380839 5.151243 -9.568707 9.545753
1.207779 -0.976026 -5.797119 -11.177584 24.348591 -10.196033 11.418539 -10.894058 -13.315953 -10.853423 -24.458824 6.300033 -3.738029 2.613540 15.688498 7.800440 17.922113 -0.382218 -18.333660 9.230630 10.263182 11.056407 -4.030749 7.041174 -20.450396 -5.838597 -11.381115 5.151328 -9.568631 9.545919
1.210595 -0.970081 -5.831708 -11.197213 24.356270 -10.204342 11.444534 -10.902358 -13.315425 -10.817322 -24.449274 6.251357 -3.743477 2.589299 15.652717 7.805938 17.943342 -0.376045 -18.330149 9.242141 10.256719 11.063560 -4.033661 7.044304 -20.445251 -5.846926 -11.366004 5.159771 -9.574403 9.538741
1.188928 -0.960628 -5.826397 -11.206285 24.363438 -10.194401 11.450592 -10.904237 -13.315059 -10.811155 -24.472008 6.250324 -3.732518 2.587826 15.627050 7.816504 17.921463 -0.369232 -18.331186 9.229673 10.243614 11.062684 -4.032652 7.042262 -20.445181 -5.860566 -11.359230 5.172214 -9.579657 9.535322
1.188390 -0.960253 -5.826017 -11.205927 24.363403 -10.194452 11.450440 -10.904222 -13.315220 -10.811184 -24.472351 6.248477 -3.732304 2.586957 15.622836 7.817920 17.919371 -0.369471 -18.330881 9.228911 10.244740 11.063283 -4.032206 7.042816 -20.443768 -5.858833 -11.359370 5.172715 -9.578989 9.536348
1.188390 -0.960253 -5.826017 -11.205927 24.363403 -10.194452 11.450440 -10.904222 -13.315220 -10.811184 -24.472351 6.248477 -3.732304 2.586957 15.622836 7.817920 17.919371 -0.369471 -18.330881 9.228911 10.244740 11.063283 -4.032206 7.042816 -20.443768 -5.858833 -11.359370 5.172715 -9.578989 9.536348
1.188390 -0.960253 -5.826017 -11.205927 24.363403 -10.194452 11.450440 -10.904222 -13.315220 -10.811184 -24.472351 6.248477 -3.732304 2.586957 15.622836 7.817920 17.919371 -0.369471 -18.330881 9.228911 10.244449 11.062990 -4.032191 7.042552 -20.443886 -5.858941 -11.359656 5.172798 -9.578908 9.536512
1.188390 -0.960253 -5.826017 -11.205927 24.363403 -10.194452 11.450440 -10.904222 -13.315220 -10.811184 -24.472351 6.248477 -3.732304 2.586957 15.622836 7.817920 17.919371 -0.369471 -18.330881 9.228911 10.244740 11.063283 -4.032206 7.042816 -20.443768 -5.858833 -11.359370 5.172715 -9.578989 9.536348
1.195353 -0.960243 -5.837751 -11.213207 24.365068 -10.199383 11.456358 -10.906183 -13.312242 -10.803491 -24.452765 6.246265 -3.742500 2.587530 15.644225 7.809099 17.941206 -0.375904 -18.330141 9.242055 10.260574 11.066361 -4.033610 7.044683 -20.443693 -5.843264 -11.365801 5.157253 -9.572809 9.540613
1.195353 -0.960243 -5.837751 -11.213207 24.365068 -10.199383 11.456358 -10.906183 -13.312242 -10.803491 -24.452442 6.246184 -3.742566 2.587362 15.644314 7.808851 17.941832 -0.376039 -18.330160 9.242106 10.260801 11.064874 -4.033290 7.044306 -20.444366 -5.843004 -11.366552 5.157292 -9.572362 9.541817
1.195353 -0.960243 -5.837751 -11.213207 24.365068 -10.199383 11.456358 -10.906183 -13.312242 -10.803491 -24.452442 6.246184 -3.742566 2.587362 15.644314 7.808851 17.941832 -0.376039 -18.330160 9.242106 10.261089 11.065166 -4.033306 7.044571 -20.444244 -5.842896 -11.366266 5.157211 -9.572442 9.541653
1.209301 -0.966513 -5.827105 -11.198448 24.358673 -10.209129 11.441854 -10.903103 -13.312749 -10.818275 -24.450430 6.249500 -3.743517 2.589615 15.650661 7.805087 17.946026 -0.376515 -18.329603 9.240505 10.256719 11.063363 -4.032085 7.044830 -20.444960 -5.845640 -11.366492 5.159280 -9.573407 9.541557
1.209301 -0.966513 -5.827105 -11.198448 24.358673 -10.209129 11.441854 -10.903103 -13.312749 -10.818275 -24.450430 6.249500 -3.743517 2.589615 15.650661 7.805087 17.946026 -0.376515 -18.329603 9.240505 10.256719 11.063363 -4.032085 7.044830 -20.444960 -5.845640 -11.366492 5.159280 -9.573407 9.541557
1.209301 -0.966513 -5.827105 -11.198448 24.358673 -10.209129 11.441854 -10.903103 -13.312749 -10.818275 -24.450430 6.249500 -3.743517 2.589615 15.650661 7.805087 17.946026 -0.376515 -18.329603 9.240505 10.256430 11.063071 -4.032070 7.044564 -20.445084 -5.845748 -11.366779 5.159361 -9.573327 9.541723
