0.970884 -1.778716 -0.106131 -13.190231 18.425495 -10.834734 14.472641 -5.848606 -17.276697 -3.388236 -21.792747 1.827618 -8.839972 -12.101852 17.849203 10.046896 8.973810 -9.514419 -9.101987 14.439148 4.482395 3.944845 4.178858 4.191820 -24.435371 3.158703 -4.204239 15.481196 1.145800 2.656522
0.807805 -1.745616 -0.250966 -13.412554 18.469652 -10.975218 14.377042 -6.063789 -17.230513 -3.388155 -22.044621 2.075301 -8.931677 -11.851649 17.881142 9.958228 9.053637 -9.509681 -8.993511 14.472152 4.389429 3.969274 4.093286 4.103898 -24.489805 3.143845 -4.120939 15.509045 1.156390 2.774175
0.543053 -1.680374 -0.522441 -13.745691 18.558949 -11.248219 14.131961 -6.367890 -17.159229 -3.459257 -22.384680 2.413423 -9.160501 -11.497139 17.794910 9.898579 9.229661 -9.563161 -8.807913 14.596901 4.291989 3.974860 3.985181 3.994128 -24.567684 3.104378 -4.033971 15.513901 1.161079 2.917922
0.256310 -1.720309 -0.900240 -14.002327 18.594128 -11.679417 13.805086 -6.715745 -17.149422 -3.653640 -22.790951 2.800489 -9.271368 -11.123365 17.867111 9.658773 9.616891 -9.580985 -8.614133 14.814075 4.250889 3.982482 3.794074 3.868520 -24.643288 3.057878 -3.969747 15.479387 1.191790 2.956877
-0.156428 -1.741681 -1.469607 -14.369952 18.647507 -12.205750 13.302301 -6.978839 -17.152691 -3.974200 -23.336315 3.330381 -9.475791 -10.581241 17.978550 9.443125 10.166757 -9.646195 -8.312572 15.030247 4.081353 3.995474 3.445979 3.642952 -24.833324 2.958226 -3.782497 15.453823 1.212259 3.166014
-0.505591 -1.623369 -2.053742 -14.752487 18.941814 -12.708411 12.681447 -7.245822 -17.029778 -4.226571 -23.719957 3.796502 -9.947896 -10.118727 17.924255 9.329806 10.674136 -9.682498 -8.003181 15.277523 4.000562 4.192101 3.081324 3.496362 -25.205482 2.855055 -3.562161 15.113182 1.146784 3.253666
-1.273474 -1.536849 -2.866967 -15.291270 19.253027 -13.384034 12.098530 -7.481772 -16.865421 -4.482955 -24.003561 4.220818 -10.228359 -9.792068 18.060265 9.212506 11.109801 -9.648011 -7.713746 15.831287 3.968948 4.376065 2.600588 3.273379 -25.556667 2.815332 -3.354839 14.700701 1.165580 3.397597
-2.019282 -1.411172 -3.639269 -15.815459 19.610950 -14.170401 11.621526 -7.635121 -16.640245 -4.655474 -24.549202 4.857003 -10.724357 -9.240762 18.002880 8.971312 11.712789 -9.667099 -7.304132 16.380913 3.918283 4.395584 2.221299 3.052223 -25.786900 2.778669 -3.183391 14.493912 1.212155 3.408021
-2.498051 -1.182976 -4.126869 -16.148870 19.989599 -14.671253 11.030091 -7.599377 -16.401442 -4.968432 -25.003977 5.494537 -11.191987 -8.745950 18.137173 8.750772 12.078134 -9.623036 -6.900945 16.973419 3.758828 4.425568 1.717403 2.832351 -26.077766 2.730247 -2.970313 14.239071 1.266994 3.558805
-3.082762 -1.009636 -4.150869 -16.529812 20.146690 -14.787665 10.698312 -7.696914 -16.078886 -5.453022 -25.543312 5.955770 -11.494290 -8.308171 18.098606 8.654819 12.063607 -9.455644 -6.606528 17.418827 3.581439 4.424653 1.144786 2.375800 -26.350069 2.747152 -2.832611 13.964773 1.412606 3.899284
-3.212460 -1.070540 -4.098210 -16.916954 20.072842 -14.381158 10.130476 -7.579745 -15.785290 -6.250013 -26.007404 6.377234 -11.878567 -7.932696 17.956095 8.583065 11.869791 -9.227223 -6.355780 17.840452 3.490142 4.340373 0.626046 1.992241 -26.465347 2.755338 -2.774950 13.780352 1.546983 3.978502
-3.217141 -1.053753 -3.900725 -17.427074 20.112768 -14.004287 9.401074 -7.309102 -15.317112 -7.009035 -26.314198 6.675509 -12.291173 -7.749476 17.716236 8.572250 11.369765 -8.854481 -6.177764 18.115910 3.280638 3.883483 0.084689 1.620066 -26.630608 2.648407 -2.555706 13.938226 1.723557 4.383220
-3.123069 -1.166548 -3.700724 -17.854071 20.114742 -13.382866 8.589826 -7.088031 -14.888838 -7.846809 -26.934872 6.917910 -12.729671 -7.596472 17.144688 8.349949 11.068620 -8.267451 -6.005579 18.167877 3.266177 3.902123 -0.449666 1.312748 -26.763386 2.680404 -2.383462 13.688709 1.877257 4.500322
-3.008482 -1.280471 -3.799565 -18.266172 20.201189 -13.233547 7.959648 -6.981745 -14.670330 -8.284410 -27.539347 7.179400 -13.254016 -7.389233 16.453159 8.226308 10.612311 -7.666901 -5.816427 18.209145 3.264225 3.941274 -0.945898 0.962727 -26.922180 2.662862 -2.216171 13.525513 1.981482 4.720057
-2.918328 -1.273680 -3.831159 -18.580961 20.302258 -12.864695 7.362481 -6.721847 -14.418353 -8.791236 -27.865295 7.422998 -13.741277 -7.394506 15.910325 8.163341 10.035953 -7.268369 -5.698291 18.417770 3.068906 3.636908 -1.420364 0.684684 -26.998379 2.579470 -2.101206 13.623692 2.058385 4.936654
-2.790789 -1.314441 -3.927174 -18.838099 20.358391 -12.773939 6.892630 -6.566287 -14.236989 -9.127610 -28.164639 7.539541 -14.032969 -7.328795 15.423505 8.135967 9.699737 -7.040007 -5.641152 18.392984 3.030298 3.539102 -1.802522 0.446595 -27.110661 2.588386 -2.057581 13.478470 2.138850 5.094123
-2.656681 -1.289329 -4.044459 -19.091814 20.495670 -12.842463 6.424018 -6.431469 -14.062251 -9.353140 -28.371452 7.577514 -14.282753 -7.341542 15.037889 8.058792 9.523697 -6.839646 -5.571694 18.402191 2.909829 3.228216 -2.117323 0.264283 -27.159815 2.541822 -2.005981 13.562395 2.202732 5.231625
-2.608686 -1.231873 -4.075322 -19.222733 20.606550 -12.929836 5.994582 -6.333230 -13.976643 -9.573360 -28.556747 7.629003 -14.530872 -7.341639 14.695180 7.981369 9.389277 -6.662979 -5.489439 18.410969 2.858436 3.074535 -2.396799 0.156879 -27.204487 2.498916 -1.928310 13.566082 2.257016 5.387440
-2.534342 -1.281192 -4.087548 -19.349516 20.585531 -12.923495 5.743745 -6.223536 -13.892852 -9.752941 -28.686684 7.619828 -14.579576 -7.405924 14.481524 7.928281 9.241459 -6.527657 -5.482363 18.421680 2.879586 3.057529 -2.578874 0.081225 -27.227623 2.511542 -1.895100 13.474561 2.302773 5.497835
-2.517126 -1.285575 -4.084243 -19.380610 20.599827 -12.890534 5.686966 -6.204173 -13.860795 -9.786657 -28.712263 7.632362 -14.606228 -7.400822 14.460124 7.916501 9.200732 -6.476537 -5.468905 18.440178 2.876545 3.073550 -2.623866 0.067489 -27.238914 2.505846 -1.862543 13.459564 2.308131 5.531015
-2.473198 -1.276830 -4.023478 -19.129082 20.571972 -12.571625 6.139225 -6.389566 -14.003902 -9.537507 -28.518402 7.526543 -14.164748 -7.454495 14.748260 8.107059 9.243647 -6.730900 -5.633080 18.413113 3.105057 3.509056 -2.222788 0.118173 -27.177734 2.637391 -2.118219 13.259695 2.233860 5.161138
-2.355431 -0.568879 -3.767841 -18.242033 20.994505 -12.631710 7.152350 -6.935789 -14.493550 -8.628830 -28.030201 7.208635 -12.795358 -7.747335 15.639409 8.423086 9.489563 -7.245420 -6.082859 18.527245 3.721438 4.715207 -1.124927 0.426824 -26.999802 2.814316 -2.525888 12.899707 1.995870 4.193230
-1.708824 0.567450 -3.718544 -17.041449 21.416990 -13.138578 9.226223 -7.311903 -15.207250 -6.601683 -26.927124 6.399359 -10.620505 -8.660115 17.181526 8.565847 10.050600 -7.836655 -6.942707 18.804535 4.387665 5.907261 0.594976 1.101618 -26.584469 3.307357 -3.197871 12.549747 1.607786 3.420233
-0.889769 2.262906 -4.290050 -15.878557 22.570330 -15.841505 11.539343 -7.125720 -15.980313 -3.260597 -25.206467 4.801321 -8.402152 -10.421787 18.394688 8.559525 9.659824 -7.929886 -8.167422 18.603783 4.976053 6.613711 2.484687 1.942745 -26.116158 3.708527 -4.230659 12.362115 1.319595 2.571197
-1.113045 3.111224 -3.898849 -14.824736 22.527126 -16.574600 16.384604 -6.457615 -16.318218 -0.365688 -24.259167 4.067219 -5.297020 -11.365762 20.231773 9.322639 5.151517 -7.943110 -10.130781 16.911373 7.064934 8.096612 3.153581 2.929730 -24.694920 6.413124 -6.484668 10.282463 2.619131 2.297829
0.905580 4.364852 -3.620785 -15.248771 22.669718 -14.648893 22.031565 -5.151749 -15.549739 3.769750 -24.055939 3.602223 -1.877618 -12.600094 22.158821 9.704625 -1.068612 -7.114567 -12.294126 13.753628 9.310186 10.852584 3.078633 4.084117 -21.744717 8.994449 -7.244831 9.486610 3.886904 1.656202
4.437740 4.138204 -2.489955 -14.938690 22.120165 -12.347836 24.064661 -2.716835 -15.383466 5.014982 -22.691719 1.887349 -0.123567 -15.374675 22.667065 9.071638 -4.798547 -5.212993 -13.924353 11.471416 10.076927 11.976240 3.147175 5.877649 -19.293766 10.415305 -7.095955 9.392309 4.194719 0.318374
6.768047 4.718670 -0.593889 -14.589424 21.372231 -11.289382 27.147736 -0.929426 -14.567717 6.482106 -19.956261 1.296371 -1.223381 -17.487642 24.403280 7.817776 -7.472399 -3.270819 -14.594428 9.534683 10.561984 11.609218 3.539754 7.909184 -17.554724 11.719754 -7.239776 9.453666 4.501756 -0.799196
8.838945 3.420402 2.403253 -14.114194 19.207750 -9.643740 30.129175 0.486490 -13.477238 6.520315 -16.889473 0.859952 -3.418036 -18.501850 26.033211 7.037231 -10.077357 -1.576458 -14.522401 9.116041 10.866493 9.823953 3.594747 8.926514 -16.243401 12.811355 -7.829877 9.785156 5.169783 -0.866689
8.956606 2.440335 4.280347 -14.782030 17.080084 -9.637341 31.683010 1.693901 -12.399507 6.434702 -14.661560 0.318054 -6.265026 -19.586451 25.684647 7.148266 -12.765853 1.087550 -14.061979 9.952264 11.070343 7.794202 2.978156 9.418077 -15.254210 13.678202 -8.254241 10.213198 6.086481 -0.196421
7.931097 1.349166 5.721665 -14.882699 14.904814 -10.101410 33.084942 3.134000 -11.712653 6.100371 -12.925422 0.025205 -8.816634 -20.069496 25.532446 6.681995 -13.312663 1.898933 -13.757998 9.001736 11.003756 6.240994 2.074804 10.014560 -14.262959 14.214517 -8.055635 10.723682 6.944483 0.397935
7.481040 -0.144986 7.195178 -14.830225 12.677225 -10.003155 33.976631 4.002225 -11.044502 5.204721 -12.024578 -0.093945 -11.022569 -20.358133 25.205736 6.278637 -13.982949 2.673726 -13.311864 7.925936 10.912270 5.672768 0.777996 10.304386 -13.103118 14.346593 -7.263530 11.582159 7.608134 0.319271
6.886832 -1.519158 8.370924 -16.368397 10.637614 -8.534582 34.561890 4.892094 -9.889351 4.350510 -11.228426 0.088350 -13.645369 -20.657951 24.614435 6.224537 -15.175832 3.635795 -12.788357 7.187094 10.295160 4.156940 -0.561869 10.628083 -12.247406 14.519521 -6.637931 12.820542 8.342164 1.026239
5.496213 -2.352026 8.417554 -18.207705 9.438310 -8.568521 33.822746 5.722596 -9.115752 2.922163 -10.861519 0.499553 -16.246874 -20.326252 23.797138 6.636547 -16.399191 4.717332 -11.983150 6.805072 9.565855 2.838833 -1.621378 10.824925 -11.396078 14.770212 -6.098104 14.002495 9.063449 1.796817
4.216150 -2.972550 7.658292 -19.546085 8.761756 -8.889120 33.069969 6.912909 -8.435010 1.239646 -10.830070 1.257539 -18.429268 -19.403044 23.005215 7.077252 -16.902147 4.974050 -11.138371 6.224151 8.932915 2.099102 -2.306813 10.790904 -10.976787 14.846581 -5.717904 14.784474 9.410765 2.421828
3.492205 -3.455248 6.588006 -20.386236 8.537967 -8.584091 32.552574 7.868618 -8.375131 0.373232 -11.214670 2.017631 -19.685852 -18.352928 22.225307 7.566319 -17.148918 4.930790 -10.562572 5.934804 8.244160 1.544783 -2.833728 10.400643 -10.837604 14.752744 -5.416844 15.310913 9.580495 3.102687
2.895386 -3.670279 5.873487 -20.989298 8.653199 -8.331069 32.001896 8.327088 -8.498015 -0.125452 -11.335043 2.644710 -20.430094 -17.399595 22.216343 7.579270 -16.928976 4.784697 -10.187195 5.414720 7.717366 1.305410 -3.205401 10.007544 -10.850737 14.624493 -5.180832 15.677489 9.600600 3.603175
2.327045 -3.644084 5.620595 -21.205069 8.967115 -8.204475 31.477440 8.549900 -8.640977 -0.586010 -11.681093 3.091055 -20.765633 -16.701456 22.106216 7.709032 -16.894588 4.655242 -9.988598 5.047314 7.516433 1.304143 -3.376565 9.692897 -10.896986 14.551202 -5.076941 15.743979 9.626390 3.785431
1.846525 -3.627749 5.388650 -21.259768 9.235551 -8.201434 31.292238 8.601813 -8.808235 -0.732123 -11.844229 3.271076 -20.865993 -16.304794 22.123623 7.675947 -16.727901 4.481966 -9.909170 4.772198 7.405710 1.334299 -3.487217 9.499092 -10.927512 14.519229 -5.010516 15.789001 9.642270 3.874269
1.670645 -3.629878 5.294211 -21.291548 9.299408 -8.206031 31.250399 8.638596 -8.854182 -0.768638 -11.916911 3.336128 -20.931767 -16.187729 22.092953 7.667383 -16.717087 4.530335 -9.861323 4.734288 7.357069 1.370720 -3.535761 9.414649 -10.947939 14.498439 -4.977173 15.806251 9.638464 3.902242
1.615867 -3.622897 5.255563 -21.298418 9.330678 -8.211469 31.224051 8.641545 -8.870498 -0.781013 -11.941820 3.364143 -20.929180 -16.139242 22.099825 7.655854 -16.697927 4.508146 -9.850022 4.697438 7.346015 1.375155 -3.551726 9.388408 -10.953180 14.492499 -4.971908 15.812057 9.638570 3.909429
1.514875 -3.594586 5.186765 -21.295866 9.405829 -8.197780 31.159336 8.632053 -8.892244 -0.825567 -11.994990 3.407629 -20.932220 -16.061680 22.105640 7.645033 -16.670555 4.486247 -9.834788 4.642999 7.331369 1.416049 -3.579604 9.331080 -10.965020 14.475949 -4.962060 15.798176 9.632886 3.906640
1.315262 -3.561288 5.040248 -21.292475 9.535522 -8.223839 31.059729 8.617308 -8.962890 -0.874863 -12.126893 3.474287 -20.913853 -15.901919 22.103996 7.643023 -16.636711 4.427042 -9.801646 4.536115 7.312794 1.479457 -3.608568 9.242139 -10.978980 14.450929 -4.949000 15.779178 9.626031 3.915349
0.995614 -3.502414 4.837165 -21.289793 9.719227 -8.369980 30.940861 8.565496 -9.074620 -0.895094 -12.333664 3.573548 -20.839420 -15.672820 22.090923 7.656616 -16.562300 4.264484 -9.763519 4.352736 7.273474 1.570398 -3.666021 9.134122 -10.992038 14.417691 -4.917174 15.773003 9.604246 3.891220
0.613895 -3.443988 4.604202 -21.339560 9.957747 -8.552113 30.831989 8.529366 -9.189890 -0.917608 -12.627764 3.703923 -20.756870 -15.378707 22.035366 7.730007 -16.547934 4.131309 -9.700150 4.190220 7.241192 1.699286 -3.712145 9.005839 -11.007649 14.388299 -4.880043 15.743372 9.594031 3.888958
0.252619 -3.289985 4.421705 -21.371250 10.205336 -8.682168 30.581306 8.404741 -9.257029 -0.991452 -12.875879 3.825293 -20.725071 -15.099538 21.975681 7.752292 -16.470358 4.064105 -9.621560 4.029201 7.197387 1.878281 -3.855644 8.784662 -11.071177 14.312798 -4.790625 15.710289 9.547892 3.898985
-0.207727 -3.108080 4.151309 -21.350050 10.498105 -8.812963 30.335487 8.215521 -9.354784 -1.051903 -13.201734 3.953033 -20.536816 -14.777664 21.911385 7.769667 -16.271181 3.816775 -9.567796 3.758991 7.158556 2.127630 -4.043419 8.512197 -11.186278 14.220807 -4.693186 15.631609 9.470210 3.872865
-0.761043 -2.924448 3.801258 -21.439978 10.863099 -8.874843 30.060232 8.078459 -9.519481 -1.065204 -13.565375 4.103422 -20.428423 -14.491982 21.834099 7.843766 -16.125614 3.725338 -9.500077 3.557546 7.097502 2.323961 -4.142063 8.269128 -11.349203 14.097209 -4.603304 15.547243 9.397086 3.937413
-1.227803 -2.636051 3.509315 -21.481194 11.264457 -8.954802 29.712271 7.871384 -9.662780 -1.039383 -13.891226 4.276223 -20.255566 -14.196866 21.774265 7.835601 -15.888131 3.582897 -9.422243 3.271254 7.041501 2.588821 -4.251904 8.020727 -11.590461 13.958835 -4.495493 15.398664 9.280690 3.986147
-1.637080 -2.280129 3.274435 -21.376007 11.644076 -9.111996 29.302233 7.590877 -9.744446 -1.064256 -14.239134 4.377694 -19.893885 -13.998760 21.752647 7.859660 -15.616298 3.325015 -9.435700 2.998713 6.972064 2.839267 -4.342857 7.728819 -11.876407 13.816530 -4.403000 15.195859 9.169532 4.114538
-1.980251 -1.913689 2.974958 -21.281446 12.105277 -9.265454 28.794027 7.316830 -9.806632 -1.154343 -14.707197 4.536024 -19.436802 -13.712604 21.688721 7.874334 -15.223294 2.847929 -9.479981 2.651699 6.918210 3.125594 -4.438714 7.459283 -12.169042 13.667290 -4.318820 14.983106 9.032285 4.195285
-2.011232 -1.474512 2.788877 -21.190437 12.575440 -9.361614 28.177212 6.968146 -9.770309 -1.229680 -15.146944 4.727754 -18.987150 -13.398254 21.469795 7.936931 -14.852382 2.247958 -9.499890 2.374573 6.880663 3.455745 -4.460643 7.255731 -12.448165 13.493238 -4.217003 14.742918 8.853367 4.192181
-1.847942 -1.026574 2.616265 -21.131107 13.077828 -9.435987 27.498417 6.578269 -9.694308 -1.278229 -15.652978 4.845780 -18.481960 -13.193326 21.318096 7.993212 -14.521974 1.789993 -9.601890 2.093111 6.896082 3.742720 -4.388946 7.040994 -12.756098 13.329562 -4.160325 14.455175 8.691774 4.240337
-1.630027 -0.673049 2.480463 -21.112389 13.516041 -9.423852 26.888603 6.230337 -9.626930 -1.319355 -15.977503 4.920263 -18.056499 -13.088059 21.213551 7.996696 -14.261071 1.382381 -9.679158 1.909776 6.949607 3.990930 -4.345298 6.895995 -12.994577 13.220757 -4.134972 14.210352 8.568011 4.176760
-1.412918 -0.395321 2.434441 -21.074404 13.848958 -9.454018 26.423582 5.959563 -9.563207 -1.329607 -16.336586 4.939322 -17.657280 -13.035171 21.119015 8.018315 -14.067201 1.086491 -9.787442 1.746562 7.032192 4.229762 -4.268172 6.842095 -13.163785 13.130796 -4.116443 13.972625 8.452477 4.007726
-1.187291 -0.189625 2.439192 -21.082109 14.155801 -9.368651 26.036655 5.774477 -9.518680 -1.353556 -16.763027 4.975055 -17.227016 -12.951308 21.010921 8.065378 -13.838819 0.722740 -9.905543 1.542189 7.103218 4.463873 -4.231165 6.781607 -13.329223 13.051959 -4.096075 13.792555 8.339319 3.848653
-1.013409 -0.041380 2.457008 -21.108892 14.376478 -9.265230 25.751095 5.647160 -9.470396 -1.380200 -16.931246 4.984401 -17.000435 -12.943704 20.951839 8.070754 -13.726579 0.542494 -9.974309 1.463747 7.170348 4.624675 -4.191012 6.766683 -13.428467 13.011277 -4.094405 13.666482 8.272589 3.717880
-0.869621 0.071006 2.482244 -21.125292 14.534418 -9.194276 25.555080 5.562864 -9.434632 -1.389624 -17.087650 4.996152 -16.813034 -12.940434 20.902416 8.088650 -13.638913 0.383230 -10.040605 1.388063 7.206733 4.724102 -4.165964 6.752528 -13.491984 12.987966 -4.096725 13.592503 8.227929 3.647245
-0.780080 0.150727 2.496622 -21.129457 14.620875 -9.158254 25.420635 5.506042 -9.404731 -1.403906 -17.189232 5.001049 -16.690914 -12.942912 20.854885 8.103729 -13.573850 0.276096 -10.080090 1.339250 7.228473 4.777236 -4.151813 6.750597 -13.522958 12.976319 -4.095833 13.552450 8.207362 3.605366
-0.760969 0.174150 2.501525 -21.128347 14.639473 -9.151746 25.383661 5.487921 -9.395033 -1.409263 -17.224625 5.001285 -16.650648 -12.943969 20.839493 8.111339 -13.551847 0.239761 -10.093667 1.325192 7.234066 4.793121 -4.146163 6.748561 -13.533525 12.970807 -4.094954 13.539716 8.199884 3.593375
-0.761356 0.182838 2.505268 -21.125130 14.639483 -9.156487 25.373535 5.479408 -9.392578 -1.410043 -17.221834 5.008102 -16.639168 -12.933052 20.834217 8.111025 -13.542769 0.204371 -10.092197 1.320897 7.239034 4.801402 -4.144246 6.751768 -13.537421 12.971213 -4.095595 13.534476 8.199042 3.586709
-0.790513 0.173776 2.505499 -21.121027 14.613202 -9.172031 25.397593 5.485142 -9.396484 -1.405735 -17.202700 5.013348 -16.654280 -12.926330 20.834309 8.108898 -13.546855 0.198343 -10.084657 1.324089 7.237193 4.796020 -4.144868 6.755696 -13.534883 12.973123 -4.095623 13.539304 8.204026 3.593565
-0.834706 0.169310 2.502572 -21.115515 14.573426 -9.203911 25.418125 5.486319 -9.397679 -1.402639 -17.149334 5.020547 -16.698057 -12.908265 20.846693 8.111121 -13.567675 0.183524 -10.066426 1.342729 7.229059 4.774502 -4.143742 6.763753 -13.526040 12.974748 -4.096802 13.550934 8.216752 3.607723
-0.882643 0.172840 2.497908 -21.110016 14.530683 -9.245728 25.427990 5.479967 -9.397989 -1.399465 -17.102100 5.027179 -16.732002 -12.892081 20.843967 8.120127 -13.578521 0.147063 -10.049399 1.357830 7.237507 4.804974 -4.138192 6.774692 -13.544539 12.966201 -4.091463 13.535897 8.207887 3.590583
-0.917214 0.182652 2.498722 -21.109541 14.497605 -9.266102 25.429085 5.479867 -9.395924 -1.401498 -17.061230 5.027240 -16.770739 -12.887902 20.840370 8.149232 -13.603509 0.112291 -10.042664 1.370641 7.229561 4.781201 -4.139800 6.792475 -13.535502 12.975623 -4.097511 13.556090 8.224099 3.611374
-0.934085 0.169579 2.494793 -21.120909 14.475344 -9.259846 25.448553 5.495478 -9.398886 -1.407243 -17.076422 5.029705 -16.766144 -12.887805 20.815607 8.194277 -13.617801 0.043107 -10.057547 1.349538 7.239780 4.808519 -4.132357 6.802413 -13.554683 12.976232 -4.097783 13.540913 8.217648 3.604421
-0.918984 0.133220 2.499294 -21.139845 14.464022 -9.254251 25.495129 5.538455 -9.406240 -1.410928 -17.096498 5.021863 -16.767937 -12.903225 20.803556 8.234819 -13.645548 -0.000142 -10.082026 1.317194 7.255966 4.814177 -4.122013 6.830086 -13.547526 12.991531 -4.109322 13.535493 8.226945 3.587410
-0.841512 0.083649 2.507853 -21.159243 14.490309 -9.221589 25.546341 5.586780 -9.417500 -1.401908 -17.119997 4.992145 -16.759892 -12.952294 20.802565 8.271259 -13.689000 -0.010993 -10.130177 1.291432 7.273843 4.801511 -4.111694 6.858534 -13.522370 13.006206 -4.116907 13.539414 8.244640 3.565283
-0.701174 0.049423 2.565600 -21.158155 14.536962 -9.194909 25.596270 5.610208 -9.420419 -1.363412 -17.203316 4.953469 -16.679028 -13.022782 20.802406 8.284180 -13.715052 0.004871 -10.213330 1.254834 7.312468 4.818828 -4.090379 6.883301 -13.506833 13.012334 -4.115549 13.517906 8.238958 3.506139
-0.611736 0.022688 2.608742 -21.149096 14.524877 -9.135717 25.618999 5.605181 -9.406222 -1.343304 -17.336502 4.912136 -16.510731 -13.084682 20.767382 8.273684 -13.709506 0.003898 -10.314467 1.184841 7.355298 4.852951 -4.064908 6.898015 -13.515558 13.005647 -4.113665 13.477561 8.212956 3.430844
-0.514763 0.021499 2.606188 -21.155546 14.520325 -9.078631 25.561476 5.559176 -9.363992 -1.342833 -17.467398 4.877435 -16.328861 -13.141725 20.714743 8.256748 -13.682959 0.020042 -10.387388 1.162646 7.399133 4.854746 -4.017809 6.945148 -13.487551 13.021100 -4.131923 13.450819 8.211014 3.362688
-0.323353 0.106417 2.627013 -21.133747 14.559154 -9.017588 25.400274 5.434069 -9.295299 -1.326792 -17.494223 4.831278 -16.195528 -13.188646 20.695267 8.238978 -13.664485 0.028130 -10.408959 1.219139 7.399498 4.897908 -3.997300 6.954587 -13.509626 13.002069 -4.120494 13.425869 8.179046 3.336746
-0.094185 0.214127 2.668936 -21.126215 14.599938 -9.010007 25.248737 5.327714 -9.239887 -1.285970 -17.417873 4.777983 -16.131382 -13.232965 20.710463 8.232903 -13.660447 0.043876 -10.386134 1.337979 7.384958 4.947379 -3.962319 6.955586 -13.536124 12.970952 -4.107156 13.412879 8.146055 3.335032
0.023082 0.276072 2.650152 -21.183943 14.625135 -9.043210 25.132874 5.302831 -9.207341 -1.279258 -17.352612 4.762321 -16.058456 -13.254903 20.746311 8.238882 -13.644578 -0.023395 -10.374497 1.436212 7.382174 4.978637 -3.944541 6.954996 -13.557311 12.953943 -4.111709 13.391191 8.123797 3.318119
6.005520 2.457820 4.439075 -20.016489 8.262425 -7.718742 20.451170 3.728493 -16.787395 -10.738609 -13.863828 -2.038224 -18.540197 -12.279181 20.406132 13.153202 -3.297690 -4.469360 -5.373418 4.173834 1.697661 -2.946936 -2.686117 6.437543 -17.058764 9.874905 -3.384422 17.837482 6.529491 -0.248058
6.072636 2.431446 4.501134 -19.966122 8.219229 -7.734850 20.587313 3.778763 -16.807039 -10.658158 -13.810514 -2.082434 -18.369272 -12.395316 20.479546 13.179768 -3.510851 -4.416236 -5.446759 4.292512 1.727318 -2.951392 -2.608286 6.505900 -17.037827 9.886075 -3.432812 17.844448 6.516343 -0.329286
6.281208 2.491177 4.649291 -19.858364 8.194503 -7.765321 20.717419 3.806061 -16.859205 -10.517628 -13.648912 -2.182892 -18.237331 -12.582070 20.581123 13.193679 -3.607042 -4.355395 -5.536206 4.396227 1.753725 -2.897826 -2.476398 6.552784 -17.030884 9.875278 -3.475663 17.831949 6.460128 -0.406480
6.500276 2.678851 4.815411 -19.739943 8.119883 -7.763956 20.745258 3.849393 -16.929218 -10.438010 -13.450087 -2.267362 -17.996965 -12.794366 20.689117 13.283486 -3.742635 -4.412807 -5.625891 4.636168 1.784729 -2.799246 -2.378277 6.617976 -16.987865 9.882695 -3.539567 17.791735 6.402698 -0.572781
6.696385 2.927020 5.077636 -19.528315 8.147677 -7.779146 20.851826 3.854763 -17.031307 -10.288414 -13.293526 -2.264925 -17.611973 -12.884294 20.846180 13.481726 -3.924595 -4.606463 -5.687224 5.031681 1.806570 -2.724068 -2.289090 6.714818 -16.960848 9.912997 -3.640018 17.752293 6.358107 -0.758011
5.821697 -2.810279 5.680612 -14.093944 9.854185 -10.936365 17.740484 6.243511 -15.063630 -8.504300 -13.603381 -2.247701 -18.129913 -17.613178 15.447334 9.478487 -1.100267 -3.633892 -8.245334 6.984793 2.660942 -6.148458 -0.522963 7.039140 -19.080229 6.896547 -5.778475 18.197948 4.868820 -0.159615
5.494112 -3.866944 5.987634 -12.649462 10.567107 -11.505812 17.209036 6.554436 -14.435519 -7.595718 -13.381081 -1.172685 -18.394230 -18.313683 14.929543 8.347637 -0.323208 -4.527400 -9.136584 7.320032 3.146723 -5.681517 -0.265553 6.834846 -18.875069 6.014101 -6.308345 18.212296 4.273879 0.258222
4.676528 -4.100729 6.123281 -12.280847 11.075730 -10.983017 17.093969 5.972113 -14.587876 -7.292267 -13.657160 -0.808873 -18.664686 -17.648979 14.555452 9.068167 0.211061 -5.016723 -8.868630 7.902738 3.234941 -5.744987 -0.034557 6.416376 -19.242136 5.984771 -6.406368 18.293011 4.290015 0.866484
3.273424 -4.961471 5.323313 -12.738111 11.165896 -11.127580 17.309286 4.671729 -14.506191 -7.272017 -14.165008 -0.720717 -18.310638 -17.356302 14.506146 9.261071 0.175097 -5.250760 -8.951187 8.226641 3.193702 -5.440926 0.371361 5.875965 -19.502172 5.990932 -6.286923 18.505302 4.333925 1.480965
2.377925 -5.629441 4.468015 -13.443583 11.160581 -11.034868 17.187355 3.964591 -14.194564 -7.753500 -14.848740 -0.611792 -17.854797 -16.828064 14.571473 9.079162 0.729891 -5.799296 -9.151475 7.927564 3.289883 -4.849589 0.536886 5.778168 -19.920727 5.601457 -5.662682 18.476625 4.270477 2.120027
2.230721 -6.112424 3.963241 -14.070012 11.176556 -10.743220 16.687637 3.862728 -13.853230 -8.200423 -15.083311 -0.313738 -18.158123 -16.377295 14.744491 8.936046 1.245081 -5.874331 -8.908261 7.516648 3.235944 -4.872007 0.175137 5.639706 -20.187908 5.393867 -5.271860 18.384357 4.336295 2.631742
2.544849 -6.146581 3.577614 -14.462803 11.131202 -10.475755 16.291620 4.268391 -13.918324 -8.541608 -15.224167 -0.046922 -18.608036 -15.863256 14.864393 8.992332 1.417424 -5.778420 -8.552657 7.222182 3.088073 -5.106307 -0.139403 5.639425 -20.408766 5.341430 -5.056877 18.265598 4.402487 3.127716
2.914572 -6.268396 3.451780 -14.688356 10.726190 -10.073502 16.114077 4.689101 -14.064048 -8.883984 -15.256496 0.067812 -19.411186 -15.496760 14.831518 8.711175 1.800760 -5.359591 -8.091300 7.039559 2.904221 -5.260682 -0.357293 5.783652 -20.543835 5.314305 -4.934972 18.188011 4.401874 3.409172
2.717862 -6.588475 3.233292 -14.883127 10.402942 -10.134804 16.151390 4.685523 -13.969245 -9.152417 -15.350072 0.182753 -20.144047 -15.158822 14.808485 8.353230 2.198649 -5.078759 -7.671734 6.876702 2.746185 -5.489476 -0.511207 6.200345 -20.413147 5.345205 -4.930019 18.224138 4.407563 3.310468
2.598319 -6.789084 3.294454 -14.879662 10.387563 -10.211177 16.153709 4.706091 -13.696824 -9.108945 -15.318848 0.260098 -20.516544 -14.977983 14.908441 8.233782 2.416547 -4.958959 -7.437933 6.912964 2.535553 -5.558894 -0.717249 6.584565 -20.300751 5.292933 -4.790586 18.285063 4.349767 3.025182
2.645252 -6.882121 3.356873 -14.880974 10.368878 -10.305067 16.108902 4.732051 -13.518296 -9.035164 -15.084595 0.249268 -20.970531 -15.263456 14.867692 8.074963 2.499446 -4.631145 -7.260725 7.021020 2.332994 -5.570515 -0.946138 6.930470 -20.164852 5.237606 -4.483355 18.379726 4.330054 2.810351
2.891067 -7.016266 3.017059 -15.144874 10.264146 -10.451580 16.120853 4.628303 -13.430034 -9.028920 -14.948151 0.265418 -21.196411 -15.583945 14.749025 8.132173 2.253328 -4.152208 -7.095742 7.452041 2.318940 -5.663535 -1.195141 7.114861 -20.014435 5.282396 -4.184192 18.486359 4.479385 2.637218
3.391363 -6.847131 3.043380 -15.451543 10.166029 -10.769360 16.141598 4.601343 -13.198425 -8.944245 -14.819185 0.183650 -21.147047 -15.971778 14.651502 8.178964 1.853226 -3.730314 -7.146181 7.753538 2.523612 -5.837279 -1.365783 7.071383 -19.816475 5.409893 -4.067329 18.692566 4.747756 2.530788
3.839761 -6.467282 3.564114 -15.618338 10.277390 -11.216450 16.097340 4.403627 -12.741454 -8.666820 -14.778049 0.208518 -21.249474 -16.229284 14.405662 8.303682 1.251979 -3.222143 -7.143074 8.083808 2.731043 -6.007902 -1.381233 6.878556 -19.711708 5.597013 -4.067962 18.894512 5.015265 2.599976
4.168541 -6.200356 4.213089 -15.813091 10.346529 -11.369240 15.947189 4.192553 -12.240752 -8.537700 -14.755740 0.243870 -21.458305 -16.454025 14.122901 8.318063 0.605261 -2.728879 -7.161524 8.201086 2.729684 -6.238813 -1.573321 6.805727 -19.611221 5.761579 -3.981929 18.996105 5.214382 2.612536
4.355779 -5.814821 4.958398 -15.668702 10.441329 -11.293472 15.895220 4.372871 -12.044007 -8.458925 -14.679813 0.288035 -21.714832 -16.546110 13.944369 8.340963 0.063969 -2.366462 -7.136081 8.249059 2.749125 -6.394537 -1.747748 6.829576 -19.511106 5.825670 -3.919653 19.018417 5.318948 2.546188
4.654479 -5.494720 5.597804 -15.585373 10.491986 -11.186843 15.784178 4.694215 -11.864408 -8.434424 -14.597801 0.219447 -21.793304 -16.682194 13.842565 8.246874 -0.205688 -2.271833 -7.237508 8.015482 2.739079 -6.524231 -1.967313 6.939656 -19.425838 5.816338 -3.860564 19.007538 5.355102 2.361379
4.802237 -5.316894 5.849641 -15.536469 10.554242 -11.006582 15.625031 5.134676 -11.858800 -8.519367 -14.514799 0.124010 -21.885052 -16.830091 13.771409 8.049028 -0.377168 -2.212365 -7.370787 7.668053 2.738091 -6.577461 -2.100333 7.060617 -19.376232 5.781245 -3.867208 18.942289 5.327047 2.177860
4.916162 -5.179770 6.030672 -15.490601 10.540210 -10.924042 15.518963 5.507782 -11.851841 -8.617978 -14.518554 0.106530 -22.067097 -16.895420 13.632627 7.947939 -0.585039 -2.019709 -7.368409 7.477439 2.752056 -6.635489 -2.239492 7.217911 -19.311596 5.733860 -3.924871 18.839445 5.276600 1.932788
4.994660 -5.112427 6.062141 -15.497036 10.524417 -10.870987 15.466907 5.680465 -11.840931 -8.644240 -14.486831 0.036387 -22.057127 -16.947617 13.639204 7.855312 -0.587821 -2.075370 -7.420961 7.262031 2.788220 -6.624179 -2.226964 7.258986 -19.299446 5.714734 -4.003919 18.788403 5.235367 1.836996
5.041892 -5.079325 6.072211 -15.513665 10.522500 -10.853825 15.436627 5.730481 -11.826484 -8.652344 -14.473438 0.028270 -22.082191 -16.964172 13.628122 7.833314 -0.605141 -2.072289 -7.422795 7.214102 2.791852 -6.628552 -2.236660 7.275337 -19.290245 5.709321 -4.023543 18.771570 5.224546 1.798386
