4.359806 -20.642159 7.417332 0.023561 22.769028 -3.888723 14.302558 12.035768 3.019366 -1.048430 -11.777927 -1.048432 -12.573644 -11.525143 7.051054 5.939341 5.603374 10.127186 -21.045517 -3.547818 7.992254 12.086465 -6.853640 12.896173 -7.416316 0.447352 -14.140651 10.336126 -2.658793 0.767732
4.609682 -20.521357 7.759845 0.520191 22.859465 -3.677784 14.708187 11.803841 2.855881 -0.785578 -11.648701 -1.154120 -12.117402 -11.718008 7.323643 6.079346 5.436191 10.176987 -21.153406 -3.162107 8.132818 12.313227 -6.550599 12.918574 -7.240976 0.400643 -14.447777 10.336958 -2.861701 0.538154
5.429767 -20.153612 8.333777 1.208485 23.162651 -3.260905 15.018330 11.378126 2.680591 -0.272695 -11.497108 -1.339047 -11.090924 -12.006288 7.832614 6.372814 5.241380 10.200105 -21.324507 -2.327888 8.387582 12.766438 -6.041624 12.982076 -7.013790 0.334181 -14.940264 10.254673 -3.203324 0.171128
7.215596 -19.860613 8.952019 1.674539 23.560360 -2.514579 15.152521 10.368843 2.906659 0.348463 -11.610084 -1.411394 -9.815302 -12.176686 8.142531 6.940000 5.149516 10.184754 -21.355118 -1.069191 8.733190 13.506751 -5.171528 13.018808 -6.823419 0.209060 -15.558609 10.071083 -3.776996 -0.062937
8.526073 -19.293293 8.640091 1.523369 24.502441 -2.015102 14.533081 8.881462 3.089664 1.075921 -12.075538 -1.241294 -8.326259 -12.425221 8.151004 7.857581 4.479184 10.210564 -21.390079 0.520509 8.963785 14.299067 -4.354059 12.903975 -7.074826 -0.005714 -15.912602 9.722646 -4.348434 0.095589
8.529379 -18.963583 7.478342 1.207521 25.559816 -1.996658 13.852407 7.312888 3.059342 1.701139 -12.677803 -1.404290 -6.739977 -12.687905 8.288993 8.132548 4.467719 9.534169 -21.804052 0.970394 9.052090 15.216456 -3.800438 12.587839 -7.540900 -0.381629 -15.954141 9.424863 -4.888082 0.301599
7.811703 -18.771847 6.831799 1.410547 26.262497 -1.865839 13.625965 6.173536 2.448785 2.146169 -13.233070 -1.763166 -5.747867 -12.399423 8.709356 7.810952 5.905589 8.039454 -22.282820 -0.021042 9.006491 16.098082 -3.496233 11.983914 -8.112476 -0.821172 -15.898614 9.338964 -5.338334 0.908240
6.939118 -18.753704 6.446807 1.634677 26.661434 -1.415944 13.425953 5.141732 1.723422 2.398743 -13.832179 -1.923905 -4.820498 -11.934974 9.335566 7.602809 7.346233 6.616998 -22.731152 -0.762383 8.962652 16.877159 -3.375048 11.737782 -8.672871 -1.165632 -15.727318 9.120262 -5.687104 1.196506
6.465230 -18.754316 5.903154 1.599177 27.100357 -1.220914 12.944534 4.348543 1.303022 2.405557 -14.101443 -1.948705 -4.257514 -11.550864 9.770507 7.500955 8.394846 5.597126 -22.918528 -1.141604 8.941984 17.233831 -3.325570 11.618434 -9.112843 -1.332715 -15.637710 8.839663 -5.897634 1.482631
6.230000 -18.840942 5.567859 1.563620 27.279373 -1.085961 12.761356 3.916770 1.137136 2.394757 -14.170478 -1.848636 -4.025280 -11.248349 9.992898 7.585865 9.031631 4.946802 -22.936266 -1.221512 8.926065 17.491125 -3.327337 11.598378 -9.434419 -1.492478 -15.546396 8.660545 -6.035997 1.588621
6.219546 -18.864262 5.345064 1.591000 27.427158 -1.009074 12.693237 3.692960 1.056904 2.429062 -14.207626 -1.846737 -3.877374 -11.132888 10.161566 7.537586 9.375852 4.684869 -22.975107 -1.293796 8.931893 17.617571 -3.308122 11.582861 -9.576290 -1.552751 -15.503007 8.573348 -6.093119 1.654662
5.914222 -19.046314 3.982085 1.544576 28.035891 -0.910755 12.306174 2.657649 0.551892 2.533934 -14.646195 -1.942540 -2.947807 -10.713948 10.769564 7.293316 10.698755 3.960095 -23.110662 -1.251734 8.914538 18.045321 -3.298984 11.480825 -10.298198 -1.858058 -15.184813 8.158237 -6.383734 2.037705
5.121871 -18.959238 1.414446 1.446719 29.285206 -1.048561 10.994453 1.552735 -0.366324 2.521554 -15.377229 -1.417041 -1.898216 -9.414889 12.162366 7.241591 12.447391 2.758580 -22.853371 -0.828651 9.010586 18.450394 -3.162095 11.438399 -11.444963 -2.285378 -14.565760 7.473754 -6.889565 2.661788
2.394594 -18.036528 -1.265731 1.392308 30.993765 -2.183069 9.574556 0.888531 -2.163448 2.898376 -17.568134 0.043075 -1.005192 -6.900595 13.522113 7.166023 14.796457 1.654997 -21.918451 0.185736 8.815660 18.958405 -2.917955 11.259497 -12.957435 -2.657233 -14.052028 6.452885 -7.430981 3.798835
-0.772777 -17.457373 -1.409706 1.956755 32.778831 -3.516168 5.871287 -0.211902 -2.768642 0.428211 -20.231998 3.632293 -1.228767 -2.765097 16.833576 6.645470 14.898942 0.688336 -21.241110 2.375985 8.328770 20.492191 -4.599090 9.231163 -14.075386 -3.939068 -12.759478 5.866286 -8.385349 4.307374
-2.571598 -16.742395 -1.970594 2.202430 34.694016 -4.839796 0.999903 -0.983329 -3.783688 -1.297689 -23.197514 7.637361 -3.248778 1.678575 18.313427 6.772628 13.489762 0.844290 -19.484293 6.536215 8.054648 20.786398 -7.146337 6.170450 -14.718567 -5.856802 -10.797963 6.632934 -9.398938 4.632121
-3.760451 -16.200640 -1.103323 0.607556 34.935371 -5.861345 -3.255718 -1.866887 -2.613638 -3.748607 -26.957981 9.802260 -5.381397 4.393526 15.664926 7.152957 10.995553 1.567648 -18.900526 7.515525 7.987588 19.734400 -9.840894 3.692857 -15.389592 -7.119776 -9.525346 7.446566 -9.717226 4.811386
-3.763836 -15.065411 -0.510349 -1.163183 35.424622 -6.691703 -7.597585 -1.144114 -1.357650 -6.032586 -30.567207 11.263209 -8.205118 6.183375 11.763092 6.580184 8.930934 3.130534 -18.103384 6.631380 7.403117 18.575811 -12.563503 2.055726 -15.555826 -7.503714 -8.736352 7.768772 -9.424844 4.651147
-3.680117 -14.637299 0.516772 -2.041414 34.620323 -7.303401 -9.852108 0.157232 -0.501037 -8.225618 -32.663769 12.176608 -9.687391 7.368143 9.990669 5.717234 7.723042 5.189610 -17.339678 5.761435 6.903306 17.832373 -14.108605 1.011180 -15.022803 -7.270201 -8.118309 8.404817 -8.671420 5.236573
-4.019577 -14.720261 1.117773 -2.384692 34.057983 -7.489628 -10.693274 0.797063 0.062328 -9.384977 -33.478069 12.645186 -10.761474 7.561624 8.902864 5.128406 7.286239 6.381434 -16.806993 4.955348 6.434447 16.956522 -15.151551 0.462661 -14.668300 -7.166162 -7.750014 9.011268 -8.139836 5.638087
-4.049814 -14.790565 1.118959 -2.425479 33.982941 -7.480961 -10.744489 0.800781 0.107298 -9.486700 -33.586567 12.650973 -10.856868 7.581141 8.690915 5.102277 7.250492 6.505749 -16.759382 4.863533 6.369091 16.850840 -15.242142 0.381453 -14.657522 -7.166383 -7.725844 9.075161 -8.097811 5.707288
-4.009762 -14.645555 0.940748 -2.385234 34.325455 -7.483239 -10.619205 0.339014 -0.003367 -9.134555 -33.442890 12.662331 -10.412875 7.721476 9.134879 5.449957 7.433337 5.890042 -16.849525 5.264549 6.505653 17.237108 -14.889433 0.495572 -14.928348 -7.198838 -7.764297 8.792513 -8.293113 5.666795
-3.945877 -14.589407 0.482397 -2.342673 34.741898 -7.387916 -10.258005 -0.424782 -0.309477 -8.522782 -33.130283 12.407741 -9.694791 7.786196 9.660484 6.008710 7.873361 5.182098 -17.026186 6.047669 6.769120 17.837626 -14.274576 0.811991 -15.318252 -7.323758 -7.870749 8.369927 -8.657163 5.597434
-4.208871 -14.669287 -0.076944 -2.002649 35.339264 -7.030413 -9.656781 -1.368345 -0.909352 -7.673995 -32.387524 12.190352 -8.876689 7.795693 10.442761 6.892606 8.377028 3.913486 -17.285406 6.665580 7.041305 18.428125 -13.409365 1.307949 -15.832738 -7.492490 -8.020271 7.919823 -9.078053 5.440327
-4.304585 -14.902712 -0.720176 -1.276207 35.962082 -6.692786 -8.890001 -2.123648 -1.556436 -6.748960 -31.661652 11.579001 -7.669633 7.304852 11.220084 7.623167 9.055369 2.727975 -17.681337 7.481545 7.286377 19.054688 -12.559915 1.803126 -16.203358 -7.593423 -8.272518 7.510497 -9.585479 5.240341
-4.515004 -15.172997 -0.849468 -0.324542 35.991432 -6.139517 -7.379200 -2.847921 -2.397337 -5.840386 -31.064564 10.563280 -6.243320 6.574794 11.673781 8.262016 9.995290 1.958136 -17.967703 8.534429 7.789793 19.781799 -11.362537 2.305548 -16.226452 -7.502133 -8.422559 7.391432 -9.866914 5.377205
-4.931680 -15.659081 -1.189559 0.741842 35.726555 -5.747343 -5.269487 -3.554322 -3.232332 -4.810837 -29.847618 10.092504 -4.822687 6.215186 13.530656 8.506496 11.025411 0.700316 -18.427134 8.530626 8.165498 20.549637 -10.030287 2.997180 -15.884851 -7.192062 -8.570674 7.417273 -9.962991 5.578834
-5.240025 -16.110144 -1.686690 2.035549 35.676491 -5.724484 -3.423577 -3.928533 -3.869612 -4.094155 -28.461666 9.724042 -3.632031 6.275020 16.117525 8.493462 12.078206 -0.718946 -18.920605 8.603150 8.430325 21.260759 -8.643965 3.715522 -15.548195 -6.809072 -8.635067 7.449047 -9.941204 5.903058
-5.568412 -16.532036 -1.977568 3.223051 35.356018 -5.698738 -1.686587 -4.014112 -4.497561 -3.422267 -27.773846 9.635428 -2.787397 6.426359 17.954185 8.154027 12.847759 -1.578985 -19.212467 8.435435 8.598951 21.758570 -7.518376 4.471878 -15.271807 -6.506980 -8.806010 7.422317 -9.928580 6.022872
-5.588284 -16.800127 -2.183470 3.716002 35.208294 -5.614075 -0.859408 -4.041899 -4.744607 -3.070745 -27.322060 9.384448 -2.413716 6.307385 18.699589 7.844306 13.099442 -1.959817 -19.457884 8.213041 8.695443 22.039953 -6.991786 4.864511 -15.200119 -6.442494 -8.922429 7.301959 -10.057505 5.833220
-5.566163 -16.847269 -2.188391 3.754239 35.184097 -5.580997 -0.767539 -4.050885 -4.762155 -3.040569 -27.283449 9.351098 -2.379845 6.271072 18.742470 7.805561 13.122764 -1.981143 -19.488970 8.150140 8.689006 22.051840 -6.958290 4.854987 -15.194679 -6.440679 -8.932759 7.313452 -10.067979 5.862518
-5.566163 -16.847269 -2.188391 3.754239 35.184097 -5.580997 -0.767539 -4.050885 -4.762155 -3.040569 -27.283449 9.351098 -2.379845 6.271072 18.742470 7.805561 13.122764 -1.981143 -19.488970 8.150140 8.689006 22.051840 -6.958290 4.854987 -15.194679 -6.440679 -8.932759 7.313452 -10.067979 5.862518
-5.566163 -16.847269 -2.188391 3.754239 35.184097 -5.580997 -0.767539 -4.050885 -4.762155 -3.040569 -27.283449 9.351098 -2.379845 6.271072 18.742470 7.805561 13.122764 -1.981143 -19.488970 8.150140 8.689006 22.051840 -6.958290 4.854987 -15.194679 -6.440679 -8.932759 7.313452 -10.067979 5.862518
-5.566163 -16.847269 -2.188391 3.754239 35.184097 -5.580997 -0.767539 -4.050885 -4.762155 -3.040569 -27.283449 9.351098 -2.379845 6.271072 18.742470 7.805561 13.122764 -1.981143 -19.488970 8.150140 8.689006 22.051840 -6.958290 4.854987 -15.194679 -6.440679 -8.932759 7.313452 -10.067979 5.862518
-5.566163 -16.847269 -2.188391 3.754239 35.184097 -5.580997 -0.767539 -4.050885 -4.762155 -3.040569 -27.283449 9.351098 -2.379845 6.271072 18.742470 7.805561 13.122764 -1.981143 -19.488970 8.150140 8.689006 22.051840 -6.958290 4.854987 -15.194679 -6.440679 -8.932759 7.313452 -10.067979 5.862518
-5.566163 -16.847269 -2.188391 3.754239 35.184097 -5.580997 -0.767539 -4.050885 -4.762155 -3.040569 -27.283449 9.351098 -2.379845 6.271072 18.742470 7.805561 13.122764 -1.981143 -19.488970 8.150140 8.689006 22.051840 -6.958290 4.854987 -15.194679 -6.440679 -8.932759 7.313452 -10.067979 5.862518
-5.566163 -16.847269 -2.188391 3.754239 35.184097 -5.580997 -0.767539 -4.050885 -4.762155 -3.040569 -27.283449 9.351098 -2.379845 6.271072 18.742470 7.805561 13.122764 -1.981143 -19.488970 8.150140 8.689006 22.051840 -6.958290 4.854987 -15.194679 -6.440679 -8.932759 7.313452 -10.067979 5.862518
-4.164354 -18.711302 -7.890791 -3.768826 36.521690 -6.836420 1.422758 -3.164513 0.033717 4.572432 -23.183506 7.759085 -5.005789 -1.956728 13.565570 4.692024 17.796951 -1.435756 -19.917868 12.417562 5.042103 17.368490 -5.489773 7.857658 -19.206985 -1.624735 -12.892480 2.738486 -8.897073 5.742172
-4.164354 -18.711302 -7.890791 -3.768826 36.521690 -6.836420 1.422758 -3.164513 0.033717 4.572432 -23.183506 7.759085 -5.005789 -1.956728 13.565570 4.692024 17.796951 -1.435756 -19.917868 12.417562 5.042103 17.368490 -5.489773 7.857658 -19.206985 -1.624735 -12.892480 2.738486 -8.897073 5.742172
-4.164354 -18.711302 -7.890791 -3.768826 36.521690 -6.836420 1.422758 -3.164513 0.033717 4.572432 -23.183506 7.759085 -5.005789 -1.956728 13.565570 4.692024 17.796951 -1.435756 -19.917868 12.417562 5.042103 17.368490 -5.489773 7.857658 -19.206985 -1.624735 -12.892480 2.738486 -8.897073 5.742172
-5.085379 -16.221094 -5.278805 -3.648139 35.603981 -7.186934 2.575193 -3.641826 -0.885237 1.734068 -24.633991 6.232228 -3.675868 2.721699 15.607331 7.837079 17.749670 -0.305560 -18.332342 9.234066 8.246734 19.434526 -6.045578 6.382297 -17.678921 -4.681353 -11.931832 4.503674 -7.983944 6.989419
-5.066845 -16.383614 -5.387022 -3.465494 35.287201 -7.247996 2.889447 -3.660355 -1.100071 1.391585 -24.493437 6.279628 -3.722824 2.606001 15.630826 7.827185 17.889593 -0.374300 -18.331514 9.205989 8.227442 19.715935 -5.948038 6.597013 -17.746056 -4.827178 -12.155419 4.242149 -8.363388 7.184802
-5.052114 -16.404524 -5.390625 -3.442060 35.274506 -7.256712 2.879175 -3.656866 -1.109403 1.379974 -24.455334 6.298280 -3.739453 2.617304 15.687176 7.799571 17.924822 -0.381583 -18.337606 9.229268 8.221202 19.714689 -5.942457 6.602969 -17.746815 -4.827838 -12.167369 4.238924 -8.375525 7.193447
-5.049813 -16.403469 -5.390457 -3.442768 35.271465 -7.256723 2.880741 -3.657694 -1.111178 1.376626 -24.455154 6.297987 -3.739652 2.616626 15.687123 7.800430 17.924238 -0.381548 -18.336468 9.228727 8.213740 19.713560 -5.943319 6.604326 -17.748934 -4.824246 -12.170074 4.233578 -8.378466 7.193826
-5.047065 -16.397013 -5.424686 -3.461966 35.278912 -7.265283 2.907335 -3.665992 -1.111344 1.412260 -24.445351 6.248138 -3.744222 2.592854 15.650616 7.808023 17.943739 -0.374581 -18.332947 9.240882 8.221687 19.704798 -5.931955 6.607685 -17.756153 -4.811709 -12.178754 4.222063 -8.369713 7.213695
-5.069270 -16.387186 -5.418997 -3.470679 35.286049 -7.255394 2.913241 -3.667856 -1.111138 1.418400 -24.468426 6.245259 -3.733049 2.590511 15.620736 7.820005 17.919771 -0.368006 -18.333681 9.227654 8.208213 19.702381 -5.937628 6.607021 -17.755295 -4.830026 -12.174775 4.236428 -8.382349 7.193992
-5.069270 -16.387186 -5.418997 -3.470679 35.286049 -7.255394 2.913241 -3.667856 -1.111138 1.418400 -24.468426 6.245259 -3.733049 2.590511 15.620736 7.820005 17.919771 -0.368006 -18.333681 9.227654 8.208213 19.702381 -5.937628 6.607021 -17.755295 -4.830026 -12.174775 4.236428 -8.382349 7.193992
-5.062299 -16.387060 -5.430747 -3.477921 35.287739 -7.260216 2.919060 -3.669717 -1.108208 1.426129 -24.448841 6.243049 -3.743245 2.591085 15.642125 7.811186 17.941607 -0.374440 -18.332939 9.240797 8.216620 19.701727 -5.930471 6.611057 -17.755974 -4.816961 -12.177821 4.226624 -8.374461 7.205340
-5.062299 -16.387060 -5.430747 -3.477921 35.287739 -7.260216 2.919060 -3.669717 -1.108208 1.426129 -24.448519 6.242965 -3.743311 2.590918 15.642216 7.810936 17.942232 -0.374575 -18.332956 9.240849 8.216620 19.701727 -5.930471 6.611057 -17.755974 -4.816961 -12.177821 4.226624 -8.374461 7.205340
-5.048349 -16.393332 -5.420102 -3.463162 35.281345 -7.269963 2.904556 -3.666635 -1.108714 1.411343 -24.446507 6.246282 -3.744262 2.593170 15.648559 7.807172 17.946424 -0.375052 -18.332403 9.239246 8.219421 19.705807 -5.935461 6.604294 -17.754494 -4.816547 -12.175125 4.226978 -8.372588 7.211274
