10.420755 -5.605416 6.883933 -7.481867 12.165508 -6.598310 22.534393 4.852857 -9.064370 -13.098992 -7.030958 -8.697668 -16.560781 -8.936250 10.727737 8.492395 -0.512510 4.123478 -21.653307 7.702356 4.711765 -4.902052 1.497796 8.852746 -17.893658 6.280682 -7.172082 17.618790 3.863110 -2.694233
10.487276 -5.564839 6.985940 -7.314775 12.205546 -6.522980 22.657640 4.780451 -9.115943 -13.014748 -6.928485 -8.768888 -16.474495 -9.061173 10.787908 8.561919 -0.677005 4.206010 -21.693708 7.887068 4.742059 -4.839568 1.578606 8.835271 -17.869652 6.289580 -7.235842 17.620644 3.827349 -2.783917
10.686687 -5.495003 7.179402 -7.013024 12.274341 -6.393895 22.879005 4.661353 -9.211015 -12.841494 -6.874630 -8.805092 -16.219292 -9.110566 10.931544 8.721412 -0.723395 4.081715 -21.748838 8.139972 4.821288 -4.743379 1.717663 8.837794 -17.770390 6.338155 -7.347743 17.650272 3.785957 -2.939709
10.980005 -5.343662 7.439080 -6.686163 12.398954 -6.235146 23.034405 4.504579 -9.275236 -12.640522 -6.852477 -8.836913 -15.811247 -9.142816 11.118971 8.972841 -0.792501 3.930628 -21.810152 8.513495 4.952703 -4.592294 1.887032 8.867503 -17.673765 6.421509 -7.478249 17.619438 3.733145 -3.141564
11.463542 -5.118422 7.747325 -6.347748 12.578931 -6.006258 23.156258 4.279219 -9.352512 -12.324246 -6.768526 -9.000758 -15.365718 -9.299935 11.313853 9.175152 -0.919103 3.933129 -21.894941 8.983833 5.081963 -4.429383 2.095854 8.857342 -17.659145 6.459421 -7.631624 17.582901 3.650098 -3.332728
12.253572 -4.919373 8.129447 -6.059717 12.739667 -5.654654 23.280214 3.845897 -9.273999 -12.016029 -6.829745 -9.094937 -14.858809 -9.253743 11.448486 9.475477 -0.779670 3.743412 -21.898935 9.488520 5.242898 -4.167375 2.396991 8.840216 -17.659134 6.500940 -7.843620 17.496477 3.514453 -3.577700
13.080964 -4.738882 8.428055 -5.855812 12.940579 -5.351471 23.379889 3.316169 -9.174665 -11.713802 -6.886263 -9.107347 -14.278211 -9.264155 11.510181 9.899561 -0.787583 3.616963 -21.851786 10.209604 5.399047 -3.828527 2.755786 8.767114 -17.698006 6.549052 -8.022422 17.378389 3.370026 -3.752859
13.705136 -4.469436 8.506530 -5.839652 13.233876 -5.102878 23.321918 2.709139 -9.105847 -11.350686 -6.986224 -9.108261 -13.686955 -9.298976 11.472278 10.416796 -0.873753 3.508453 -21.789820 11.009721 5.559414 -3.418109 3.087942 8.696269 -17.813438 6.530562 -8.112781 17.192104 3.191273 -3.952133
14.190203 -4.071292 8.212255 -5.930553 13.836362 -4.973600 22.894051 1.900924 -9.049138 -11.004311 -7.162768 -9.193911 -12.921204 -9.477183 11.520797 10.814371 -1.072558 3.499919 -21.820364 11.937190 5.639647 -2.956225 3.488105 8.474145 -18.009068 6.432004 -8.184655 17.054844 2.987536 -3.987572
14.334550 -3.833993 7.574426 -6.218845 14.391313 -4.979630 22.519470 1.070232 -8.998019 -10.666330 -7.409533 -9.280375 -12.158033 -9.584586 11.629666 11.002868 -1.048781 3.273661 -21.959654 12.401904 5.747593 -2.418289 3.801674 8.221474 -18.251362 6.315919 -8.221958 16.866112 2.798723 -4.058910
14.326504 -3.730481 6.999325 -6.256424 14.898753 -4.973279 22.281502 0.322933 -9.115677 -10.402488 -7.767053 -9.405015 -11.360101 -9.584939 11.774739 11.083326 -0.734712 2.767010 -22.162531 12.503273 5.817421 -1.941415 4.008154 7.980278 -18.533550 6.222431 -8.249037 16.701069 2.638604 -4.070556
13.986477 -3.617790 6.604760 -6.212656 15.322608 -4.903173 22.102501 -0.225314 -9.465394 -10.173245 -8.231989 -9.537221 -10.587568 -9.375550 12.092336 10.822167 0.135822 2.070877 -22.407742 11.999893 5.834033 -1.487421 4.196992 7.703765 -18.845406 6.092704 -8.229138 16.575777 2.463588 -3.983060
13.726386 -3.566089 6.373455 -6.069539 15.609509 -4.846590 22.079517 -0.837655 -9.727854 -9.978436 -8.764213 -9.493690 -10.005471 -8.937492 12.318789 10.688219 1.006288 1.309537 -22.577219 11.312587 5.797735 -1.097759 4.309895 7.357181 -19.225876 5.915315 -8.206791 16.475397 2.296154 -3.734447
13.249479 -3.550228 6.245564 -5.884198 15.823298 -4.570697 22.028919 -1.361623 -10.134337 -9.831587 -9.179176 -9.529401 -9.443353 -8.671601 12.643525 10.485132 1.922292 0.651297 -22.813236 10.746464 5.819998 -0.697479 4.380854 7.186293 -19.504099 5.771438 -8.142594 16.300734 2.146035 -3.688285
12.849366 -3.581952 6.007075 -5.851336 16.026760 -4.387959 21.846581 -1.884228 -10.453676 -9.751796 -9.536766 -9.480387 -8.825586 -8.401179 12.952510 10.349163 2.757485 -0.046670 -22.992695 10.344738 5.816381 -0.339565 4.462429 7.011456 -19.855511 5.595376 -8.062778 16.138794 2.011709 -3.562093
12.485812 -3.568173 5.742536 -5.849296 16.254736 -4.290667 21.575106 -2.292739 -10.725824 -9.768394 -9.826584 -9.460895 -8.378187 -8.190389 13.154063 10.216547 3.429080 -0.540540 -23.104467 10.033897 5.818970 -0.067156 4.510353 6.887035 -20.080036 5.482420 -7.989960 16.018063 1.921121 -3.435630
12.323397 -3.580304 5.508765 -5.844909 16.455433 -4.193246 21.375462 -2.639714 -10.889199 -9.765728 -10.030963 -9.436217 -8.061824 -8.038485 13.324030 10.134095 3.917675 -0.882798 -23.174166 9.828176 5.823367 0.140844 4.511076 6.772002 -20.241692 5.377309 -7.938047 15.927458 1.857907 -3.354889
12.185285 -3.639877 5.341348 -5.847575 16.550381 -4.094594 21.272564 -2.916845 -10.975042 -9.799993 -10.129245 -9.355792 -7.860135 -7.882276 13.455828 10.170713 4.270056 -1.191705 -23.188353 9.804262 5.815823 0.316598 4.520399 6.705531 -20.391487 5.285740 -7.878743 15.849169 1.798815 -3.277570
12.047770 -3.642266 5.213832 -5.847755 16.626925 -4.057783 21.215305 -3.038276 -11.077271 -9.781039 -10.203897 -9.343463 -7.702250 -7.792601 13.549392 10.145451 4.530305 -1.346339 -23.208071 9.765544 5.813285 0.467137 4.519692 6.660245 -20.506142 5.209788 -7.828159 15.778034 1.746063 -3.270113
12.035391 -3.625206 5.163895 -5.814335 16.677193 -4.029274 21.207470 -3.096935 -11.124688 -9.750299 -10.222511 -9.342493 -7.640981 -7.773324 13.591548 10.121777 4.645272 -1.399105 -23.218264 9.743211 5.832450 0.542789 4.529681 6.648163 -20.546688 5.180690 -7.806746 15.742876 1.721175 -3.270771
12.007324 -3.638624 5.012033 -5.813534 16.775639 -3.971970 21.159306 -3.252192 -11.173605 -9.741370 -10.322323 -9.332868 -7.490034 -7.723253 13.650891 10.073376 4.827806 -1.430298 -23.222771 9.748626 5.829568 0.630410 4.538097 6.599627 -20.630459 5.129570 -7.770844 15.708599 1.691416 -3.209057
11.847636 -3.672614 4.598393 -5.792965 16.988831 -3.874854 21.072868 -3.615455 -11.393485 -9.684805 -10.627422 -9.366090 -7.046901 -7.621358 13.753420 9.941019 5.331201 -1.462766 -23.246016 9.774620 5.844167 0.867001 4.557890 6.503519 -20.788033 5.053777 -7.694686 15.602254 1.625931 -3.103551
11.559288 -3.685927 3.725240 -5.824309 17.404472 -3.804009 20.831795 -4.256275 -11.769574 -9.605581 -11.053181 -9.358493 -6.358405 -7.384506 14.022628 9.808940 6.126620 -1.671330 -23.243216 9.899297 5.880530 1.360607 4.495125 6.310318 -21.133978 4.857938 -7.454548 15.381939 1.521849 -2.797364
11.230845 -3.626628 2.427128 -5.814076 18.034843 -3.770326 20.425964 -4.878007 -12.282596 -9.495974 -11.534221 -9.203178 -5.633577 -6.947720 14.466308 9.766945 7.105376 -2.108349 -23.124514 10.128169 5.932659 1.701367 4.416490 6.109750 -21.434093 4.713323 -7.308947 15.186675 1.469170 -2.466249
10.725440 -3.508370 1.005849 -5.914673 18.734631 -3.852959 19.551149 -5.393798 -12.809812 -9.518728 -12.116716 -8.872586 -5.233500 -6.166220 14.857739 9.740757 8.316118 -2.578499 -22.801620 10.167091 5.977000 2.188855 4.388121 5.775653 -21.947754 4.473644 -7.052364 14.956463 1.395738 -1.908208
9.668294 -3.210383 -0.337892 -6.033207 19.411915 -4.509447 18.807884 -5.751371 -13.475032 -9.403517 -13.395924 -8.265121 -4.542685 -5.087236 15.205845 9.735489 9.730659 -3.072750 -22.349329 10.427519 6.011563 2.670279 4.195516 5.302894 -22.428713 4.291118 -6.889116 14.682686 1.403582 -1.287724
8.195088 -2.667283 -1.920082 -6.034072 20.397087 -5.131454 18.037804 -6.039538 -14.541116 -9.079324 -14.983910 -7.235584 -3.993975 -3.783131 15.454877 9.665065 10.804026 -3.474489 -21.916979 10.762263 5.790901 3.033130 4.044940 4.762870 -23.071129 4.033613 -6.684477 14.508547 1.422361 -0.597177
6.872453 -2.401260 -2.603291 -6.404235 21.090805 -5.839138 16.725351 -6.548093 -14.771604 -9.657471 -16.686285 -6.261526 -4.115161 -2.395974 14.958887 9.912335 11.767123 -3.830302 -21.365891 11.247149 5.694456 3.511558 4.217535 4.289171 -23.930889 4.075255 -6.858412 13.938007 1.594512 0.091903
5.484094 -2.131982 -2.104181 -5.704843 21.951658 -6.573017 14.327770 -7.347954 -15.008137 -11.715219 -19.378056 -5.913034 -3.695637 -2.374843 12.573560 9.799427 13.534000 -2.858225 -20.675426 12.013354 5.382539 3.737763 4.446529 3.628971 -25.674007 4.258659 -7.787087 12.492125 2.000262 1.052289
4.643984 -1.672579 -2.409240 -5.476388 22.941122 -7.510581 11.895978 -7.766303 -15.757152 -12.654994 -21.769543 -5.572736 -3.929917 -2.302007 9.826107 9.959962 15.172772 -1.821088 -19.598909 13.130303 4.821938 4.199838 4.355423 2.954883 -26.977844 4.202320 -7.940872 11.494720 2.140195 2.147598
3.632472 -1.252114 -2.564961 -5.653592 23.725176 -7.893654 9.465443 -8.180046 -16.041628 -13.624994 -23.781584 -4.450793 -4.652027 -1.805528 7.482895 9.948524 16.165159 -0.764244 -18.658003 13.347047 4.314098 4.782705 3.475983 2.129582 -28.063972 4.131035 -7.731499 10.564146 2.212409 2.816801
2.700172 -0.862191 -2.164348 -6.083893 24.110132 -8.635204 7.257320 -8.803307 -15.742055 -14.638172 -25.883411 -3.692947 -5.154998 -1.497272 4.426386 10.065294 17.058231 0.032793 -18.178186 12.989820 4.064362 5.061148 2.164587 1.365949 -28.922733 4.080272 -7.682408 9.456104 2.421111 3.134232
2.456333 -0.744292 -1.550707 -7.111789 24.020693 -8.982605 5.323948 -9.002379 -14.845586 -15.991845 -27.836887 -2.958868 -6.247876 -1.038122 1.764285 9.656855 17.459066 1.060104 -17.728689 12.180457 3.401256 4.492537 0.369811 0.474397 -29.494965 3.707512 -8.132108 8.970284 2.593789 2.598969
2.375861 -0.181100 -1.216981 -8.092711 24.291407 -9.168205 3.031211 -8.683494 -14.253619 -17.231075 -29.692738 -2.250970 -7.590287 -0.691095 -0.820062 9.411967 16.615379 2.569033 -17.210371 11.377249 2.613149 3.948695 -1.266673 -0.460686 -29.643208 3.424456 -8.555054 8.837381 2.790024 2.451526
2.343465 0.393256 -0.947700 -8.770108 24.451866 -9.689206 1.109382 -8.310720 -13.717930 -18.318041 -31.102404 -1.483614 -8.902102 0.047372 -2.351800 8.990997 16.190023 3.544829 -16.714474 10.706237 2.102060 3.565425 -2.975205 -1.499954 -29.448910 3.178988 -8.755535 8.926550 3.016963 2.436221
2.469867 0.657130 -0.466450 -9.242386 24.163162 -9.979443 -0.332258 -7.688733 -13.285656 -19.576256 -32.199646 -0.953556 -9.766800 0.651765 -3.172461 8.302010 15.917331 4.773563 -16.299530 10.170506 1.573452 3.014148 -4.305185 -2.501873 -29.244720 2.929962 -8.504018 9.351698 3.336682 3.209223
2.538174 0.656787 0.020504 -9.558855 23.673576 -10.166899 -1.138742 -7.084235 -12.834863 -20.492098 -33.005802 -0.583294 -10.590829 1.224712 -3.758846 7.730504 15.770670 5.657757 -15.884370 9.826496 1.076127 2.564373 -5.457828 -3.282406 -28.794992 2.732023 -8.207187 9.928131 3.569958 3.604280
2.258591 0.574110 0.427968 -9.709713 23.475849 -10.286580 -1.718308 -6.643692 -12.408782 -21.138529 -33.325470 -0.389773 -11.346452 1.591982 -4.079377 7.257820 15.784694 6.239476 -15.608735 9.557071 0.899078 1.989483 -6.414293 -3.867085 -28.535719 2.642217 -8.017509 10.252180 3.788961 3.666627
2.153310 0.393243 0.604785 -9.788176 23.261436 -10.304717 -2.069835 -6.391150 -12.190934 -21.541407 -33.460102 -0.314472 -11.871316 1.686544 -4.333746 6.880529 15.744798 6.766418 -15.466942 9.435444 0.656224 1.829017 -7.023010 -4.156188 -28.214672 2.595754 -7.712813 10.569372 3.879410 3.806932
2.079345 0.307386 0.643085 -9.811698 23.164902 -10.305820 -2.148372 -6.288285 -12.130990 -21.684000 -33.471767 -0.315788 -12.059427 1.720941 -4.392466 6.715134 15.718759 6.935708 -15.453574 9.319168 0.590567 1.816789 -7.327099 -4.309903 -28.098606 2.577004 -7.590353 10.654476 3.915241 3.875464
2.123574 0.317175 0.611617 -9.820303 23.204668 -10.302078 -2.142096 -6.376900 -12.134632 -21.634966 -33.495766 -0.291278 -11.981146 1.754720 -4.386996 6.813423 15.722965 6.849475 -15.445262 9.378632 0.598220 1.824342 -7.197124 -4.258453 -28.155844 2.579584 -7.637810 10.621359 3.899690 3.854307
2.117339 0.389368 0.566788 -9.821026 23.309177 -10.288334 -2.070220 -6.583242 -12.184378 -21.521923 -33.498623 -0.270114 -11.760377 1.759115 -4.312849 7.028016 15.765843 6.648864 -15.437819 9.515408 0.673591 1.954977 -7.026700 -4.227232 -28.301056 2.566936 -7.696205 10.500466 3.861156 3.897571
2.188526 0.487004 0.437263 -9.807667 23.483637 -10.277479 -1.955158 -6.899131 -12.272106 -21.320158 -33.510365 -0.230056 -11.451276 1.801798 -4.184744 7.284370 15.791567 6.333731 -15.473573 9.633874 0.784747 2.015774 -6.689559 -4.130161 -28.574776 2.569103 -7.792758 10.324925 3.795012 3.936868
2.260024 0.540510 0.252245 -9.815034 23.621098 -10.266783 -1.751624 -7.272835 -12.392768 -21.070253 -33.432667 -0.248174 -11.096854 1.797869 -4.060042 7.673974 15.836292 5.953773 -15.509109 9.815697 0.885431 2.331906 -6.314542 -3.934616 -28.801210 2.601892 -7.859371 10.073197 3.718138 3.972398
2.321279 0.633643 -0.005569 -9.821053 23.826263 -10.205200 -1.559582 -7.704034 -12.609220 -20.768488 -33.318352 -0.314052 -10.676832 1.725659 -3.884074 8.032384 15.903401 5.616238 -15.584792 10.080135 0.962518 2.746294 -5.881406 -3.658818 -28.976336 2.614356 -7.861628 9.889863 3.581673 3.971652
2.241602 0.663314 -0.252672 -9.774694 24.036816 -10.030121 -1.214263 -8.204683 -12.902181 -20.361933 -33.102036 -0.380314 -10.244584 1.689913 -3.695540 8.557844 16.064859 5.030663 -15.663048 10.282979 1.072108 3.075816 -5.195906 -3.234656 -29.336575 2.567134 -7.880712 9.675523 3.369555 3.941524
2.026130 0.699550 -0.526732 -9.607682 24.338543 -9.938707 -0.929297 -8.645373 -13.244601 -19.983618 -32.814484 -0.519984 -9.829174 1.519746 -3.568808 9.033411 16.324942 4.430504 -15.784944 10.479362 1.289012 3.578520 -4.745391 -2.838876 -29.552719 2.602886 -7.972393 9.284581 3.176197 3.603495
1.866709 0.682138 -0.951821 -9.395334 24.687374 -9.876510 -0.557423 -9.017229 -13.580370 -19.495119 -32.322109 -0.749785 -9.214465 1.201568 -3.209117 9.523911 16.632578 3.644506 -15.996758 10.722014 1.434151 3.853824 -4.240356 -2.461112 -29.821909 2.605337 -8.029741 9.037483 2.953778 3.350144
1.797300 0.582176 -1.108167 -8.922130 24.974646 -9.685876 -0.172038 -9.361007 -13.909095 -19.055353 -31.897923 -1.013072 -8.714013 0.840834 -2.995419 9.967981 16.941240 3.027883 -16.130194 11.105907 1.482458 4.381443 -3.670237 -1.957354 -30.116360 2.562137 -8.041893 8.769832 2.600077 2.727233
1.560162 0.416742 -1.172774 -8.460879 25.022882 -9.384909 0.554920 -9.741628 -14.326075 -18.593687 -31.531200 -1.233335 -7.995605 0.553885 -2.613872 10.408012 17.296656 2.430540 -16.287313 11.516205 1.634819 4.759232 -2.958351 -1.511147 -30.345840 2.450997 -8.082079 8.662478 2.302033 2.341047
1.546991 0.346401 -1.174986 -7.993339 25.021078 -9.168293 1.315286 -10.069231 -14.705051 -18.098753 -31.198866 -1.545996 -7.108837 0.239082 -2.020955 10.633656 17.740252 2.020601 -16.503767 11.800944 1.893829 5.375835 -2.194578 -1.134904 -30.366951 2.527524 -8.104974 8.591333 2.154768 2.230677
1.426492 0.102066 -1.295262 -7.515059 24.930113 -8.902349 2.290919 -10.358497 -15.074285 -17.539785 -30.589897 -1.870794 -6.342351 0.041372 -1.045940 10.733285 18.344053 1.379259 -16.714716 12.018469 1.926600 5.454203 -1.275270 -0.575479 -30.478899 2.549008 -8.123089 8.756668 2.047876 2.315833
1.212516 -0.206036 -1.533905 -6.950047 24.800205 -8.754345 3.346341 -10.790497 -15.458287 -17.032457 -29.935673 -2.337155 -5.712235 -0.298426 -0.267763 10.849962 18.831530 0.744359 -16.958948 12.177273 2.091522 5.507016 -0.382984 -0.152816 -30.593185 2.527573 -8.256725 8.836256 1.942398 2.409550
1.216976 -0.326092 -1.745730 -6.295859 24.888126 -8.712923 4.164903 -11.059578 -15.722728 -16.654528 -29.299843 -2.818262 -4.887460 -0.507179 0.870416 10.808996 19.515368 0.093048 -17.281534 12.268553 2.142547 5.753797 0.462849 0.332189 -30.556194 2.600343 -8.291917 8.912434 1.822139 2.486588
0.966738 -0.754124 -2.069982 -5.648800 24.743769 -8.628094 5.174953 -11.221422 -16.091095 -16.324049 -28.575298 -3.345392 -4.367151 -0.677216 1.868350 10.759480 20.231039 -0.547307 -17.512312 12.293110 2.258185 5.712399 1.188927 0.622978 -30.713104 2.693854 -8.371563 8.868425 1.761834 2.776687
0.710684 -1.017329 -2.267793 -4.950675 24.563728 -8.588730 6.185314 -11.280035 -16.492115 -15.946035 -28.026558 -3.743155 -4.026636 -0.767973 2.691360 10.622278 20.861933 -1.053256 -17.644436 12.362349 2.392104 5.797872 1.758596 0.891421 -30.608198 2.766202 -8.448155 8.930610 1.715759 2.928058
0.644926 -1.194572 -2.382238 -4.484145 24.419973 -8.607429 6.894947 -11.307709 -16.701982 -15.649815 -27.686632 -4.123963 -3.736592 -0.852779 3.348210 10.426680 21.351807 -1.298842 -17.734642 12.487561 2.564804 5.643738 2.282760 1.117829 -30.686707 2.803025 -8.553272 8.904041 1.686751 3.046357
0.609616 -1.317874 -2.481419 -4.177318 24.321655 -8.604946 7.399368 -11.297102 -16.851040 -15.440310 -27.335791 -4.400716 -3.598582 -1.012173 3.763446 10.299933 21.535620 -1.480213 -17.824396 12.509802 2.636706 5.683940 2.634101 1.267017 -30.664761 2.798587 -8.618528 8.929203 1.614188 3.027651
0.685636 -1.408036 -2.603480 -4.011738 24.289646 -8.547953 7.680448 -11.294395 -16.941488 -15.298552 -27.116087 -4.590262 -3.468664 -1.131531 4.050323 10.207703 21.575808 -1.598523 -17.903032 12.510996 2.709024 5.771590 2.867467 1.399911 -30.651094 2.786808 -8.626437 8.928593 1.559024 2.958246
0.706158 -1.443851 -2.610218 -3.980245 24.264809 -8.517092 7.767597 -11.298458 -16.961222 -15.271042 -27.063471 -4.629266 -3.446329 -1.168169 4.110528 10.173731 21.593370 -1.624998 -17.924091 12.472615 2.703305 5.748658 2.913865 1.400103 -30.658375 2.785010 -8.624640 8.957738 1.550743 2.989624
0.706158 -1.443851 -2.610218 -3.980245 24.264809 -8.517092 7.767597 -11.298458 -16.961222 -15.271042 -27.063471 -4.629266 -3.446329 -1.168169 4.110528 10.173731 21.593370 -1.624998 -17.924091 12.472615 2.703305 5.748658 2.913865 1.400103 -30.658375 2.785010 -8.624640 8.957738 1.550743 2.989624
0.706158 -1.443851 -2.610218 -3.980245 24.264809 -8.517092 7.767597 -11.298458 -16.961222 -15.271042 -27.063471 -4.629266 -3.446329 -1.168169 4.110528 10.173731 21.593370 -1.624998 -17.924091 12.472615 2.703305 5.748658 2.913865 1.400103 -30.658375 2.785010 -8.624640 8.957738 1.550743 2.989624
0.706158 -1.443851 -2.610218 -3.980245 24.264809 -8.517092 7.767597 -11.298458 -16.961222 -15.271042 -27.063471 -4.629266 -3.446329 -1.168169 4.110528 10.173731 21.593370 -1.624998 -17.924091 12.472615 2.703305 5.748658 2.913865 1.400103 -30.658375 2.785010 -8.624640 8.957738 1.550743 2.989624
0.706158 -1.443851 -2.610218 -3.980245 24.264809 -8.517092 7.767597 -11.298458 -16.961222 -15.271042 -27.063471 -4.629266 -3.446329 -1.168169 4.110528 10.173731 21.593370 -1.624998 -17.924091 12.472615 2.703305 5.748658 2.913865 1.400103 -30.658375 2.785010 -8.624640 8.957738 1.550743 2.989624
0.706158 -1.443851 -2.610218 -3.980245 24.264809 -8.517092 7.767597 -11.298458 -16.961222 -15.271042 -27.063471 -4.629266 -3.446329 -1.168169 4.110528 10.173731 21.593370 -1.624998 -17.924091 12.472615 2.703305 5.748658 2.913865 1.400103 -30.658375 2.785010 -8.624640 8.957738 1.550743 2.989624
0.706158 -1.443851 -2.610218 -3.980245 24.264809 -8.517092 7.767597 -11.298458 -16.961222 -15.271042 -27.063471 -4.629266 -3.446329 -1.168169 4.110528 10.173731 21.593370 -1.624998 -17.924091 12.472615 2.703305 5.748658 2.913865 1.400103 -30.658375 2.785010 -8.624640 8.957738 1.550743 2.989624
0.706158 -1.443851 -2.610218 -3.980245 24.264809 -8.517092 7.767597 -11.298458 -16.961222 -15.271042 -27.063471 -4.629266 -3.446329 -1.168169 4.110528 10.173731 21.593370 -1.624998 -17.924091 12.472615 2.703305 5.748658 2.913865 1.400103 -30.658375 2.785010 -8.624640 8.957738 1.550743 2.989624
0.706158 -1.443851 -2.610218 -3.980245 24.264809 -8.517092 7.767597 -11.298458 -16.961222 -15.271042 -27.063471 -4.629266 -3.446329 -1.168169 4.110528 10.173731 21.593370 -1.624998 -17.924091 12.472615 2.703305 5.748658 2.913865 1.400103 -30.658375 2.785010 -8.624640 8.957738 1.550743 2.989624
0.706158 -1.443851 -2.610218 -3.980245 24.264809 -8.517092 7.767597 -11.298458 -16.961222 -15.271042 -27.063471 -4.629266 -3.446329 -1.168169 4.110528 10.173731 21.593370 -1.624998 -17.924091 12.472615 2.703305 5.748658 2.913865 1.400103 -30.658375 2.785010 -8.624640 8.957738 1.550743 2.989624
0.706158 -1.443851 -2.610218 -3.980245 24.264809 -8.517092 7.767597 -11.298458 -16.961222 -15.271042 -27.063471 -4.629266 -3.446329 -1.168169 4.110528 10.173731 21.593370 -1.624998 -17.924091 12.472615 2.703305 5.748658 2.913865 1.400103 -30.658375 2.785010 -8.624640 8.957738 1.550743 2.989624
0.706158 -1.443851 -2.610218 -3.980245 24.264809 -8.517092 7.767597 -11.298458 -16.961222 -15.271042 -27.063471 -4.629266 -3.446329 -1.168169 4.110528 10.173731 21.593370 -1.624998 -17.924091 12.472615 2.703305 5.748658 2.913865 1.400103 -30.658375 2.785010 -8.624640 8.957738 1.550743 2.989624
0.706158 -1.443851 -2.610218 -3.980245 24.264809 -8.517092 7.767597 -11.298458 -16.961222 -15.271042 -27.063471 -4.629266 -3.446329 -1.168169 4.110528 10.173731 21.593370 -1.624998 -17.924091 12.472615 2.703305 5.748658 2.913865 1.400103 -30.658375 2.785010 -8.624640 8.957738 1.550743 2.989624
0.706158 -1.443851 -2.610218 -3.980245 24.264809 -8.517092 7.767597 -11.298458 -16.961222 -15.271042 -27.063471 -4.629266 -3.446329 -1.168169 4.110528 10.173731 21.593370 -1.624998 -17.924091 12.472615 2.703305 5.748658 2.913865 1.400103 -30.658375 2.785010 -8.624640 8.957738 1.550743 2.989624
0.706158 -1.443851 -2.610218 -3.980245 24.264809 -8.517092 7.767597 -11.298458 -16.961222 -15.271042 -27.063471 -4.629266 -3.446329 -1.168169 4.110528 10.173731 21.593370 -1.624998 -17.924091 12.472615 2.703305 5.748658 2.913865 1.400103 -30.658375 2.785010 -8.624640 8.957738 1.550743 2.989624
4.921160 5.028460 -8.108506 -15.646010 19.917213 -12.015747 14.804050 -14.113931 -18.466236 -14.124025 -22.543604 4.723069 -6.369845 1.630678 15.973571 6.529434 10.519750 -6.013771 -20.748960 17.981392 3.830641 10.771928 1.798423 2.151276 -26.221085 7.140072 -1.819846 10.107874 2.183320 1.945852
4.921160 5.028460 -8.108506 -15.646010 19.917213 -12.015747 14.804050 -14.113931 -18.466236 -14.124025 -22.543604 4.723069 -6.369845 1.630678 15.973571 6.529434 10.519750 -6.013771 -20.748960 17.981392 3.830641 10.771928 1.798423 2.151276 -26.221085 7.140072 -1.819846 10.107874 2.183320 1.945852
4.921160 5.028460 -8.108506 -15.646010 19.917213 -12.015747 14.804050 -14.113931 -18.466236 -14.124025 -22.543604 4.723069 -6.369845 1.630678 15.973571 6.529434 10.519750 -6.013771 -20.748960 17.981392 3.830641 10.771928 1.798423 2.151276 -26.221085 7.140072 -1.819846 10.107874 2.183320 1.945852
4.921160 5.028460 -8.108506 -15.646010 19.917213 -12.015747 14.804050 -14.113931 -18.466236 -14.124025 -22.543604 4.723069 -6.369845 1.630678 15.973571 6.529434 10.519750 -6.013771 -20.748960 17.981392 3.830641 10.771928 1.798423 2.151276 -26.221085 7.140072 -1.819846 10.107874 2.183320 1.945852
4.921160 5.028460 -8.108506 -15.646010 19.917213 -12.015747 14.804050 -14.113931 -18.466236 -14.124025 -22.543604 4.723069 -6.369845 1.630678 15.973571 6.529434 10.519750 -6.013771 -20.748960 17.981392 3.830641 10.771928 1.798423 2.151276 -26.221085 7.140072 -1.819846 10.107874 2.183320 1.945852
1.728299 0.729031 -6.066998 -12.241425 23.348166 -10.820433 12.306978 -11.557384 -14.413161 -11.723550 -22.956970 -0.334440 -6.034755 2.804877 13.678998 9.662659 14.657741 -3.681819 -18.752304 16.300222 4.796791 9.110351 1.968132 1.728519 -27.392006 5.135406 -3.875116 9.730326 1.590720 2.672999
1.122015 -0.640932 -5.760273 -11.323681 24.159164 -10.835833 11.500975 -10.911231 -13.389080 -10.914829 -22.891844 -0.925833 -5.974825 2.966057 13.713555 10.100605 15.138997 -3.448899 -18.324247 15.907539 5.212227 9.191450 1.721332 1.852316 -27.120737 4.347924 -4.260498 9.570658 1.178139 2.868915
1.113366 -0.987051 -5.736839 -11.159995 24.421450 -10.136527 11.375757 -10.888601 -13.258607 -10.783251 -22.878963 -0.974638 -5.951491 2.857014 13.702967 10.046893 15.282688 -3.494971 -18.330791 15.898930 5.495564 9.186109 1.896871 1.815929 -27.237240 4.250663 -4.337343 9.548113 1.216293 2.914466
1.179024 -0.981057 -5.787457 -11.181843 24.360104 -10.190966 11.429750 -10.893593 -13.296178 -10.835470 -22.913336 -0.954688 -5.920532 2.918811 13.729678 10.050770 15.178329 -3.509127 -18.385824 15.927174 5.510695 9.175705 1.901830 1.797951 -27.282810 4.309824 -4.345804 9.525608 1.264304 2.942654
1.201807 -0.978924 -5.790953 -11.175560 24.347469 -10.200614 11.418137 -10.895172 -13.310878 -10.854502 -22.943468 -0.948415 -5.911313 2.930922 13.708391 10.062189 15.151493 -3.495134 -18.394022 15.912281 5.544930 9.173579 1.904270 1.798985 -27.292021 4.348389 -4.369920 9.491083 1.287325 2.961411
1.201858 -0.978789 -5.790829 -11.175301 24.347151 -10.200119 11.418332 -10.895056 -13.311349 -10.854708 -22.943497 -0.948449 -5.911545 2.931337 13.708075 10.062858 15.151090 -3.495265 -18.393383 15.911935 5.544827 9.171935 1.904309 1.798733 -27.292051 4.348814 -4.371043 9.491072 1.287403 2.962982
1.208231 -0.979879 -5.797279 -11.179803 24.347916 -10.205159 11.421732 -10.896402 -13.307298 -10.852249 -22.955780 -0.942987 -5.899472 2.947081 13.722724 10.067972 15.108267 -3.492064 -18.398254 15.911297 5.543497 9.170376 1.905346 1.800081 -27.292866 4.348351 -4.369533 9.491957 1.286935 2.964287
1.207614 -0.975572 -5.797109 -11.177721 24.348293 -10.196252 11.418998 -10.894564 -13.316555 -10.853716 -22.943316 -0.948743 -5.911744 2.930658 13.708021 10.063716 15.150509 -3.495231 -18.392244 15.911393 5.547414 9.172970 1.904716 1.799891 -27.291136 4.347163 -4.371167 9.490749 1.286615 2.964016
1.207779 -0.976026 -5.797119 -11.177584 24.348591 -10.196033 11.418539 -10.894058 -13.315953 -10.853423 -22.943062 -0.949916 -5.910865 2.931127 13.707297 10.065809 15.148783 -3.494437 -18.392241 15.912039 5.547213 9.172795 1.905011 1.799188 -27.291656 4.346754 -4.371627 9.490867 1.286864 2.963878
1.210595 -0.970081 -5.831708 -11.197213 24.356270 -10.204342 11.444534 -10.902358 -13.315425 -10.817322 -22.949467 -0.934686 -5.897121 2.956735 13.749099 10.058184 15.101348 -3.496497 -18.402246 15.917446 5.541367 9.180474 1.902949 1.802377 -27.286924 4.338270 -4.356761 9.499088 1.281158 2.956758
1.188928 -0.960628 -5.826397 -11.206285 24.363438 -10.194401 11.450592 -10.904237 -13.315059 -10.811155 -22.913246 -0.936808 -5.911658 2.935407 13.751302 10.039097 15.157382 -3.507024 -18.396639 15.921809 5.527638 9.179353 1.903527 1.800540 -27.286392 4.324998 -4.350045 9.511455 1.275630 2.953675
1.188390 -0.960253 -5.826017 -11.205927 24.363403 -10.194452 11.450440 -10.904222 -13.315220 -10.811184 -22.913891 -0.937560 -5.911386 2.934037 13.750211 10.038967 15.158003 -3.504881 -18.396679 15.921174 5.529389 9.180200 1.904404 1.800888 -27.285440 4.326363 -4.350128 9.512032 1.276571 2.954366
1.188390 -0.960253 -5.826017 -11.205927 24.363403 -10.194452 11.450440 -10.904222 -13.315220 -10.811184 -22.913891 -0.937560 -5.911386 2.934037 13.750211 10.038967 15.158003 -3.504881 -18.396679 15.921174 5.529389 9.180200 1.904404 1.800888 -27.285440 4.326363 -4.350128 9.512032 1.276571 2.954366
1.188390 -0.960253 -5.826017 -11.205927 24.363403 -10.194452 11.450440 -10.904222 -13.315220 -10.811184 -22.913891 -0.937560 -5.911386 2.934037 13.750211 10.038967 15.158003 -3.504881 -18.396679 15.921174 5.529097 9.179906 1.904419 1.800624 -27.285563 4.326255 -4.350415 9.512115 1.276652 2.954530
1.188390 -0.960253 -5.826017 -11.205927 24.363403 -10.194452 11.450440 -10.904222 -13.315220 -10.811184 -22.913891 -0.937560 -5.911386 2.934037 13.750211 10.038967 15.158003 -3.504881 -18.396679 15.921174 5.529389 9.180200 1.904404 1.800888 -27.285440 4.326363 -4.350128 9.512032 1.276571 2.954366
1.195353 -0.960243 -5.837751 -11.213207 24.365068 -10.199383 11.456358 -10.906183 -13.312242 -10.803491 -22.916145 -0.929199 -5.911935 2.959351 13.781135 10.049576 15.103105 -3.510329 -18.400406 15.931997 5.545185 9.183242 1.903064 1.802460 -27.285383 4.341980 -4.356785 9.496600 1.282766 2.958634
1.195353 -0.960243 -5.837751 -11.213207 24.365068 -10.199383 11.456358 -10.906183 -13.312242 -10.803491 -22.916145 -0.929199 -5.911935 2.959351 13.781135 10.049576 15.103105 -3.510329 -18.400406 15.931997 5.545410 9.181754 1.903385 1.802083 -27.286057 4.342239 -4.357538 9.496638 1.283212 2.959836
1.195353 -0.960243 -5.837751 -11.213207 24.365068 -10.199383 11.456358 -10.906183 -13.312242 -10.803491 -22.916145 -0.929199 -5.911935 2.959351 13.781135 10.049576 15.103105 -3.510329 -18.400406 15.931997 5.545701 9.182048 1.903368 1.802347 -27.285934 4.342348 -4.357253 9.496558 1.283132 2.959673
1.209301 -0.966513 -5.827105 -11.198448 24.358673 -10.209129 11.441854 -10.903103 -13.312749 -10.818275 -22.951931 -0.931690 -5.893575 2.955545 13.745710 10.058043 15.098544 -3.492355 -18.401566 15.911766 5.541330 9.180243 1.904589 1.802606 -27.286648 4.339602 -4.357478 9.498627 1.282168 2.959578
1.209301 -0.966513 -5.827105 -11.198448 24.358673 -10.209129 11.441854 -10.903103 -13.312749 -10.818275 -22.951931 -0.931690 -5.893575 2.955545 13.745710 10.058043 15.098544 -3.492355 -18.401566 15.911766 5.541330 9.180243 1.904589 1.802606 -27.286648 4.339602 -4.357478 9.498627 1.282168 2.959578
1.209301 -0.966513 -5.827105 -11.198448 24.358673 -10.209129 11.441854 -10.903103 -13.312749 -10.818275 -22.951931 -0.931690 -5.893575 2.955545 13.745710 10.058043 15.098544 -3.492355 -18.401566 15.911766 5.541039 9.179950 1.904605 1.802341 -27.286774 4.339495 -4.357764 9.498708 1.282248 2.959744
