10.420755 -5.605416 6.883933 -7.481867 12.165508 -6.598310 22.534393 4.852857 -9.064370 -13.098992 -16.503960 4.712116 -13.087315 -24.173285 11.722205 5.996117 1.488377 4.638775 -9.399158 -0.337065 4.711765 -4.902052 1.497796 8.852746 -17.893658 6.280682 -7.172082 17.618790 3.863110 -2.694233
10.487276 -5.564839 6.985940 -7.314775 12.205546 -6.522980 22.657640 4.780451 -9.115943 -13.014748 -16.414976 4.649754 -12.960847 -24.276039 11.812197 6.025197 1.363928 4.758507 -9.446788 -0.179919 4.742059 -4.839568 1.578606 8.835271 -17.869652 6.289580 -7.235842 17.620644 3.827349 -2.783917
10.686687 -5.495003 7.179402 -7.013024 12.274341 -6.393895 22.879005 4.661353 -9.211015 -12.841494 -16.378851 4.619135 -12.664701 -24.326725 11.969013 6.109259 1.344494 4.732627 -9.514005 0.051795 4.821288 -4.743379 1.717663 8.837794 -17.770390 6.338155 -7.347743 17.650272 3.785957 -2.939709
10.980005 -5.343662 7.439080 -6.686163 12.398954 -6.235146 23.034405 4.504579 -9.275236 -12.640522 -16.352249 4.609964 -12.223032 -24.393475 12.162652 6.258646 1.286509 4.699916 -9.594793 0.423332 4.952703 -4.592294 1.887032 8.867503 -17.673765 6.421509 -7.478249 17.619438 3.733145 -3.141564
11.463542 -5.118422 7.747325 -6.347748 12.578931 -6.006258 23.156258 4.279219 -9.352512 -12.324246 -16.213095 4.446458 -11.698239 -24.615381 12.457737 6.268067 1.238078 4.850976 -9.723222 0.935959 5.081963 -4.429383 2.095854 8.857342 -17.659145 6.459421 -7.631624 17.582901 3.650098 -3.332728
12.253572 -4.919373 8.129447 -6.059717 12.739667 -5.654654 23.280214 3.845897 -9.273999 -12.016029 -16.177191 4.297974 -11.077840 -24.740871 12.709003 6.368920 1.360182 4.856628 -9.824859 1.507418 5.242898 -4.167375 2.396991 8.840216 -17.659134 6.500940 -7.843620 17.496477 3.514453 -3.577700
13.080964 -4.738882 8.428055 -5.855812 12.940579 -5.351471 23.379889 3.316169 -9.174665 -11.713802 -16.262306 4.324444 -10.411183 -24.903103 12.790059 6.648085 1.208350 4.948266 -9.878033 2.269115 5.399047 -3.828527 2.755786 8.767114 -17.698006 6.549052 -8.022422 17.378389 3.370026 -3.752859
13.705136 -4.469436 8.506530 -5.839652 13.233876 -5.102878 23.321918 2.709139 -9.105847 -11.350686 -16.448967 4.428396 -9.763232 -24.997643 12.735324 7.068000 1.000787 4.985247 -9.907278 3.094218 5.559414 -3.418109 3.087942 8.696269 -17.813438 6.530562 -8.112781 17.192104 3.191273 -3.952133
14.190203 -4.071292 8.212255 -5.930553 13.836362 -4.973600 22.894051 1.900924 -9.049138 -11.004311 -16.725620 4.475303 -8.921329 -25.162573 12.806046 7.397606 0.613103 5.086689 -10.043541 3.986361 5.639647 -2.956225 3.488105 8.474145 -18.009068 6.432004 -8.184655 17.054844 2.987536 -3.987572
14.334550 -3.833993 7.574426 -6.218845 14.391313 -4.979630 22.519470 1.070232 -8.998019 -10.666330 -16.962242 4.382113 -8.109961 -25.345692 12.885608 7.503574 0.455180 4.958426 -10.301233 4.452270 5.747593 -2.418289 3.801674 8.221474 -18.251362 6.315919 -8.221958 16.866112 2.798723 -4.058910
14.326504 -3.730481 6.999325 -6.256424 14.898753 -4.973279 22.281502 0.322933 -9.115677 -10.402488 -17.283010 4.324970 -7.402733 -25.387272 12.947664 7.578954 0.622514 4.526752 -10.548208 4.506021 5.817421 -1.941415 4.008154 7.980278 -18.533550 6.222431 -8.249037 16.701069 2.638604 -4.070556
13.986477 -3.617790 6.604760 -6.212656 15.322608 -4.903173 22.102501 -0.225314 -9.465394 -10.173245 -17.536982 4.107277 -6.842630 -25.335407 13.184808 7.371963 1.313702 3.864654 -10.825651 4.154756 5.834033 -1.487421 4.196992 7.703765 -18.845406 6.092704 -8.229138 16.575777 2.463588 -3.983060
13.726386 -3.566089 6.373455 -6.069539 15.609509 -4.846590 22.079517 -0.837655 -9.727854 -9.978436 -17.856756 4.065116 -6.475729 -24.979691 13.337916 7.304940 2.074084 3.037365 -11.016484 3.607769 5.797735 -1.097759 4.309895 7.357181 -19.225876 5.915315 -8.206791 16.475397 2.296154 -3.734447
13.249479 -3.550228 6.245564 -5.884198 15.823298 -4.570697 22.028919 -1.361623 -10.134337 -9.831587 -18.125633 3.958015 -6.060310 -24.733511 13.662892 7.171182 2.832970 2.354905 -11.282756 3.188860 5.819998 -0.697479 4.380854 7.186293 -19.504099 5.771438 -8.142594 16.300734 2.146035 -3.688285
12.849366 -3.581952 6.007075 -5.851336 16.026760 -4.387959 21.846581 -1.884228 -10.453676 -9.751796 -18.373158 3.956574 -5.635951 -24.418209 13.939038 7.146498 3.535927 1.643775 -11.456884 2.961759 5.816381 -0.339565 4.462429 7.011456 -19.855511 5.595376 -8.062778 16.138794 2.011709 -3.562093
12.485812 -3.568173 5.742536 -5.849296 16.254736 -4.290667 21.575106 -2.292739 -10.725824 -9.768394 -18.510529 3.956733 -5.324265 -24.163515 14.209306 7.085410 4.087332 1.107969 -11.592037 2.795383 5.818970 -0.067156 4.510353 6.887035 -20.080036 5.482420 -7.989960 16.018063 1.921121 -3.435630
12.323397 -3.580304 5.508765 -5.844909 16.455433 -4.193246 21.375462 -2.639714 -10.889199 -9.765728 -18.580730 3.964005 -5.123847 -23.966764 14.355547 7.067665 4.614286 0.633342 -11.654902 2.641047 5.823367 0.140844 4.511076 6.772002 -20.241692 5.377309 -7.938047 15.927458 1.857907 -3.354889
12.185285 -3.639877 5.341348 -5.847575 16.550381 -4.094594 21.272564 -2.916845 -10.975042 -9.799993 -18.636417 4.067927 -4.979218 -23.760120 14.463143 7.160300 4.981675 0.204780 -11.659833 2.622480 5.815823 0.316598 4.520399 6.705531 -20.391487 5.285740 -7.878743 15.849169 1.798815 -3.277570
12.047770 -3.642266 5.213832 -5.847755 16.626925 -4.057783 21.215305 -3.038276 -11.077271 -9.781039 -18.654694 4.087677 -4.885393 -23.641701 14.567410 7.169223 5.242321 -0.039208 -11.684075 2.573318 5.813285 0.467137 4.519692 6.660245 -20.506142 5.209788 -7.828159 15.778034 1.746063 -3.270113
12.035391 -3.625206 5.163895 -5.814335 16.677193 -4.029274 21.207470 -3.096935 -11.124688 -9.750299 -18.660334 4.092075 -4.842989 -23.611914 14.622733 7.148771 5.358902 -0.128232 -11.695907 2.550445 5.832450 0.542789 4.529681 6.648163 -20.546688 5.180690 -7.806746 15.742876 1.721175 -3.270771
12.007324 -3.638624 5.012033 -5.813534 16.775639 -3.971970 21.159306 -3.252192 -11.173605 -9.741370 -18.692259 4.099977 -4.735683 -23.523739 14.736198 7.118606 5.585953 -0.309206 -11.730128 2.507599 5.829568 0.630410 4.538097 6.599627 -20.630459 5.129570 -7.770844 15.708599 1.691416 -3.209057
11.847636 -3.672614 4.598393 -5.792965 16.988831 -3.874854 21.072868 -3.615455 -11.393485 -9.684805 -18.849463 4.058510 -4.364673 -23.329580 15.016324 6.984400 6.182801 -0.670405 -11.843528 2.455248 5.844167 0.867001 4.557890 6.503519 -20.788033 5.053777 -7.694686 15.602254 1.625931 -3.103551
11.559288 -3.685927 3.725240 -5.824309 17.404472 -3.804009 20.831795 -4.256275 -11.769574 -9.605581 -19.119839 4.036335 -3.787481 -23.078415 15.329437 6.846664 6.912115 -1.049393 -11.924129 2.616542 5.880530 1.360607 4.495125 6.310318 -21.133978 4.857938 -7.454548 15.381939 1.521849 -2.797364
11.230845 -3.626628 2.427128 -5.814076 18.034843 -3.770326 20.425964 -4.878007 -12.282596 -9.495974 -19.410788 4.195353 -3.147817 -22.576534 15.922647 6.724087 7.763408 -1.560832 -11.929562 3.019107 5.932659 1.701367 4.416490 6.109750 -21.434093 4.713323 -7.308947 15.186675 1.469170 -2.466249
10.725440 -3.508370 1.005849 -5.914673 18.734631 -3.852959 19.551149 -5.393798 -12.809812 -9.518728 -19.941759 4.602249 -2.627072 -21.698462 16.680149 6.600384 8.634024 -2.075042 -11.841392 3.268260 5.977000 2.188855 4.388121 5.775653 -21.947754 4.473644 -7.052364 14.956463 1.395738 -1.908208
9.668294 -3.210383 -0.337892 -6.033207 19.411915 -4.509447 18.807884 -5.751371 -13.475032 -9.403517 -20.763372 5.112269 -2.160238 -20.499678 17.373791 6.390549 10.106648 -2.570423 -11.541945 3.743473 6.011563 2.670279 4.195516 5.302894 -22.428713 4.291118 -6.889116 14.682686 1.403582 -1.287724
8.195088 -2.667283 -1.920082 -6.034072 20.397087 -5.131454 18.037804 -6.039538 -14.541116 -9.079324 -21.828236 6.061460 -2.066289 -19.022636 17.900314 6.309728 11.086074 -3.002378 -11.138299 4.178273 5.790901 3.033130 4.044940 4.762870 -23.071129 4.033613 -6.684477 14.508547 1.422361 -0.597177
6.872453 -2.401260 -2.603291 -6.404235 21.090805 -5.839138 16.725351 -6.548093 -14.771604 -9.657471 -22.920334 7.546264 -2.144322 -17.058674 19.217743 6.186084 11.698229 -3.700020 -10.907962 4.937593 5.694456 3.511558 4.217535 4.289171 -23.930889 4.075255 -6.858412 13.938007 1.594512 0.091903
5.484094 -2.131982 -2.104181 -5.704843 21.951658 -6.573017 14.327770 -7.347954 -15.008137 -11.715219 -24.244633 9.657008 -2.267301 -14.864440 21.224518 5.714549 11.260861 -4.070210 -10.775809 6.247936 5.382539 3.737763 4.446529 3.628971 -25.674007 4.258659 -7.787087 12.492125 2.000262 1.052289
4.643984 -1.672579 -2.409240 -5.476388 22.941122 -7.510581 11.895978 -7.766303 -15.757152 -12.654994 -25.438377 12.010972 -3.272038 -12.405431 22.772472 5.510241 10.861945 -4.480667 -10.035331 8.272185 4.821938 4.199838 4.355423 2.954883 -26.977844 4.202320 -7.940872 11.494720 2.140195 2.147598
3.632472 -1.252114 -2.564961 -5.653592 23.725176 -7.893654 9.465443 -8.180046 -16.041628 -13.624994 -27.367985 13.791474 -4.116761 -10.516326 22.711754 5.794740 9.524201 -3.997931 -9.298314 10.393095 4.314098 4.782705 3.475983 2.129582 -28.063972 4.131035 -7.731499 10.564146 2.212409 2.816801
2.700172 -0.862191 -2.164348 -6.083893 24.110132 -8.635204 7.257320 -8.803307 -15.742055 -14.638172 -29.245441 15.158483 -4.801178 -8.963808 22.326319 6.123182 7.888328 -3.541103 -8.909822 11.709513 4.064362 5.061148 2.164587 1.365949 -28.922733 4.080272 -7.682408 9.456104 2.421111 3.134232
2.456333 -0.744292 -1.550707 -7.111789 24.020693 -8.982605 5.323948 -9.002379 -14.845586 -15.991845 -31.362028 16.104399 -6.156789 -7.959155 20.150532 6.054438 6.767379 -3.106623 -8.610185 11.534914 3.401256 4.492537 0.369811 0.474397 -29.494965 3.707512 -8.132108 8.970284 2.593789 2.598969
2.375861 -0.181100 -1.216981 -8.092711 24.291407 -9.168205 3.031211 -8.683494 -14.253619 -17.231075 -33.550022 16.780697 -7.840042 -7.064508 17.614416 5.913805 5.495405 -2.279749 -8.027337 11.251072 2.613149 3.948695 -1.266673 -0.460686 -29.643208 3.424456 -8.555054 8.837381 2.790024 2.451526
2.343465 0.393256 -0.947700 -8.770108 24.451866 -9.689206 1.109382 -8.310720 -13.717930 -18.318041 -35.074699 17.623446 -9.047511 -6.130144 16.184540 5.653282 4.673614 -1.568857 -7.599145 10.729147 2.102060 3.565425 -2.975205 -1.499954 -29.448910 3.178988 -8.755535 8.926550 3.016963 2.436221
2.469867 0.657130 -0.466450 -9.242386 24.163162 -9.979443 -0.332258 -7.688733 -13.285656 -19.576256 -36.170071 18.301086 -9.751673 -5.462767 15.387071 5.301335 3.858518 -0.580484 -7.234929 10.203459 1.573452 3.014148 -4.305185 -2.501873 -29.244720 2.929962 -8.504018 9.351698 3.336682 3.209223
2.538174 0.656787 0.020504 -9.558855 23.673576 -10.166899 -1.138742 -7.084235 -12.834863 -20.492098 -37.141476 18.523491 -10.480587 -5.049975 14.420831 4.798417 3.622982 0.349255 -6.787801 9.959442 1.076127 2.564373 -5.457828 -3.282406 -28.794992 2.732023 -8.207187 9.928131 3.569958 3.604280
2.258591 0.574110 0.427968 -9.709713 23.475849 -10.286580 -1.718308 -6.643692 -12.408782 -21.138529 -37.671772 18.847986 -11.136707 -4.787434 13.897961 4.440875 3.496394 0.957799 -6.429626 9.517899 0.899078 1.989483 -6.414293 -3.867085 -28.535719 2.642217 -8.017509 10.252180 3.788961 3.666627
2.153310 0.393243 0.604785 -9.788176 23.261436 -10.304717 -2.069835 -6.391150 -12.190934 -21.541407 -38.024944 18.959280 -11.604129 -4.748919 13.397429 4.184211 3.361836 1.640165 -6.175390 9.308071 0.656224 1.829017 -7.023010 -4.156188 -28.214672 2.595754 -7.712813 10.569372 3.879410 3.806932
2.079345 0.307386 0.643085 -9.811698 23.164902 -10.305820 -2.148372 -6.288285 -12.130990 -21.684000 -38.157162 18.903835 -11.769574 -4.760851 13.112436 4.083509 3.341596 1.894481 -6.108456 9.183071 0.590567 1.816789 -7.327099 -4.309903 -28.098606 2.577004 -7.590353 10.654476 3.915241 3.875464
2.123574 0.317175 0.611617 -9.820303 23.204668 -10.302078 -2.142096 -6.376900 -12.134632 -21.634966 -38.129566 18.957689 -11.715225 -4.723117 13.203173 4.140680 3.353447 1.779091 -6.117624 9.228779 0.598220 1.824342 -7.197124 -4.258453 -28.155844 2.579584 -7.637810 10.621359 3.899690 3.854307
2.117339 0.389368 0.566788 -9.821026 23.309177 -10.288334 -2.070220 -6.583242 -12.184378 -21.521923 -38.037247 18.985962 -11.533444 -4.684081 13.424321 4.308060 3.372969 1.537403 -6.149104 9.405877 0.673591 1.954977 -7.026700 -4.227232 -28.301056 2.566936 -7.696205 10.500466 3.861156 3.897571
2.188526 0.487004 0.437263 -9.807667 23.483637 -10.277479 -1.955158 -6.899131 -12.272106 -21.320158 -37.956669 18.987463 -11.248147 -4.648814 13.617616 4.491913 3.471478 1.117921 -6.249610 9.566212 0.784747 2.015774 -6.689559 -4.130161 -28.574776 2.569103 -7.792758 10.324925 3.795012 3.936868
2.260024 0.540510 0.252245 -9.815034 23.621098 -10.266783 -1.751624 -7.272835 -12.392768 -21.070253 -37.766712 18.920713 -10.953349 -4.653189 13.836276 4.754168 3.688973 0.700386 -6.339590 9.837149 0.885431 2.331906 -6.314542 -3.934616 -28.801210 2.601892 -7.859371 10.073197 3.718138 3.972398
2.321279 0.633643 -0.005569 -9.821053 23.826263 -10.205200 -1.559582 -7.704034 -12.609220 -20.768488 -37.569218 18.787773 -10.580761 -4.675725 14.128463 5.007479 3.859919 0.342006 -6.445722 10.248314 0.962518 2.746294 -5.881406 -3.658818 -28.976336 2.614356 -7.861628 9.889863 3.581673 3.971652
2.241602 0.663314 -0.252672 -9.774694 24.036816 -10.030121 -1.214263 -8.204683 -12.902181 -20.361933 -37.201717 18.667978 -10.238016 -4.676912 14.447183 5.474256 4.011353 -0.260723 -6.533380 10.591837 1.072108 3.075816 -5.195906 -3.234656 -29.336575 2.567134 -7.880712 9.675523 3.369555 3.941524
2.026130 0.699550 -0.526732 -9.607682 24.338543 -9.938707 -0.929297 -8.645373 -13.244601 -19.983618 -36.818623 18.650999 -9.837616 -4.677040 14.952118 5.835566 4.305185 -0.955480 -6.707837 10.720359 1.289012 3.578520 -4.745391 -2.838876 -29.552719 2.602886 -7.972393 9.284581 3.176197 3.603495
1.866709 0.682138 -0.951821 -9.395334 24.687374 -9.876510 -0.557423 -9.017229 -13.580370 -19.495119 -36.420109 18.365313 -9.237017 -4.865004 15.383293 6.245064 4.568203 -1.586471 -6.916775 11.073166 1.434151 3.853824 -4.240356 -2.461112 -29.821909 2.605337 -8.029741 9.037483 2.953778 3.350144
1.797300 0.582176 -1.108167 -8.922130 24.974646 -9.685876 -0.172038 -9.361007 -13.909095 -19.055353 -36.137936 18.103590 -8.741907 -5.071332 15.728242 6.549058 4.939630 -2.082501 -7.096955 11.464363 1.482458 4.381443 -3.670237 -1.957354 -30.116360 2.562137 -8.041893 8.769832 2.600077 2.727233
1.560162 0.416742 -1.172774 -8.460879 25.022882 -9.384909 0.554920 -9.741628 -14.326075 -18.593687 -35.920544 17.673052 -7.997869 -5.464840 15.876441 6.849739 5.448630 -2.533243 -7.264354 12.086472 1.634819 4.759232 -2.958351 -1.511147 -30.345840 2.450997 -8.082079 8.662478 2.302033 2.341047
1.546991 0.346401 -1.174986 -7.993339 25.021078 -9.168293 1.315286 -10.069231 -14.705051 -18.098753 -35.568554 17.106934 -7.279474 -5.908853 16.245026 7.044134 5.852942 -2.824389 -7.426633 12.616462 1.893829 5.375835 -2.194578 -1.134904 -30.366951 2.527524 -8.104974 8.591333 2.154768 2.230677
1.426492 0.102066 -1.295262 -7.515059 24.930113 -8.902349 2.290919 -10.358497 -15.074285 -17.539785 -34.989120 16.838919 -6.476069 -6.154589 17.176598 7.066774 6.492337 -3.480552 -7.658698 12.765101 1.926600 5.454203 -1.275270 -0.575479 -30.478899 2.549008 -8.123089 8.756668 2.047876 2.315833
1.212516 -0.206036 -1.533905 -6.950047 24.800205 -8.754345 3.346341 -10.790497 -15.458287 -17.032457 -34.305897 16.650366 -5.755774 -6.375376 18.169546 7.216287 6.883223 -4.205216 -7.969861 12.672697 2.091522 5.507016 -0.382984 -0.152816 -30.593185 2.527573 -8.256725 8.836256 1.942398 2.409550
1.216976 -0.326092 -1.745730 -6.295859 24.888126 -8.712923 4.164903 -11.059578 -15.722728 -16.654528 -33.649273 16.467478 -4.895172 -6.388718 19.528097 7.167566 7.567637 -5.096123 -8.359021 12.685949 2.142547 5.753797 0.462849 0.332189 -30.556194 2.600343 -8.291917 8.912434 1.822139 2.486588
0.966738 -0.754124 -2.069982 -5.648800 24.743769 -8.628094 5.174953 -11.221422 -16.091095 -16.324049 -32.828793 16.239176 -4.503618 -6.398740 20.777590 7.122704 8.006562 -5.675064 -8.544735 12.781332 2.258185 5.712399 1.188927 0.622978 -30.713104 2.693854 -8.371563 8.868425 1.761834 2.776687
0.710684 -1.017329 -2.267793 -4.950675 24.563728 -8.588730 6.185314 -11.280035 -16.492115 -15.946035 -32.368450 16.195061 -4.056294 -6.310769 21.846550 6.980468 8.336020 -6.109728 -8.690810 12.719100 2.392104 5.797872 1.758596 0.891421 -30.608198 2.766202 -8.448155 8.930610 1.715759 2.928058
0.644926 -1.194572 -2.382238 -4.484145 24.419973 -8.607429 6.894947 -11.307709 -16.701982 -15.649815 -32.107967 16.077364 -3.603424 -6.266871 22.633287 6.733654 8.821754 -6.474154 -8.884194 12.602323 2.564804 5.643738 2.282760 1.117829 -30.686707 2.803025 -8.553272 8.904041 1.686751 3.046357
0.609616 -1.317874 -2.481419 -4.177318 24.321655 -8.604946 7.399368 -11.297102 -16.851040 -15.440310 -31.794327 15.917047 -3.404208 -6.304058 23.107573 6.571412 9.019524 -6.692982 -9.016418 12.462573 2.636706 5.683940 2.634101 1.267017 -30.664761 2.798587 -8.618528 8.929203 1.614188 3.027651
0.685636 -1.408036 -2.603480 -4.011738 24.289646 -8.547953 7.680448 -11.294395 -16.941488 -15.298552 -31.632145 15.779380 -3.219259 -6.367308 23.364082 6.439075 9.096883 -6.816256 -9.142787 12.363786 2.709024 5.771590 2.867467 1.399911 -30.651094 2.786808 -8.626437 8.928593 1.559024 2.958246
0.706158 -1.443851 -2.610218 -3.980245 24.264809 -8.517092 7.767597 -11.298458 -16.961222 -15.271042 -31.590599 15.741673 -3.187445 -6.395587 23.398071 6.409002 9.114388 -6.830415 -9.175306 12.298666 2.703305 5.748658 2.913865 1.400103 -30.658375 2.785010 -8.624640 8.957738 1.550743 2.989624
0.706158 -1.443851 -2.610218 -3.980245 24.264809 -8.517092 7.767597 -11.298458 -16.961222 -15.271042 -31.590599 15.741673 -3.187445 -6.395587 23.398071 6.409002 9.114388 -6.830415 -9.175306 12.298666 2.703305 5.748658 2.913865 1.400103 -30.658375 2.785010 -8.624640 8.957738 1.550743 2.989624
0.706158 -1.443851 -2.610218 -3.980245 24.264809 -8.517092 7.767597 -11.298458 -16.961222 -15.271042 -31.590599 15.741673 -3.187445 -6.395587 23.398071 6.409002 9.114388 -6.830415 -9.175306 12.298666 2.703305 5.748658 2.913865 1.400103 -30.658375 2.785010 -8.624640 8.957738 1.550743 2.989624
0.706158 -1.443851 -2.610218 -3.980245 24.264809 -8.517092 7.767597 -11.298458 -16.961222 -15.271042 -31.590599 15.741673 -3.187445 -6.395587 23.398071 6.409002 9.114388 -6.830415 -9.175306 12.298666 2.703305 5.748658 2.913865 1.400103 -30.658375 2.785010 -8.624640 8.957738 1.550743 2.989624
0.706158 -1.443851 -2.610218 -3.980245 24.264809 -8.517092 7.767597 -11.298458 -16.961222 -15.271042 -31.590599 15.741673 -3.187445 -6.395587 23.398071 6.409002 9.114388 -6.830415 -9.175306 12.298666 2.703305 5.748658 2.913865 1.400103 -30.658375 2.785010 -8.624640 8.957738 1.550743 2.989624
0.706158 -1.443851 -2.610218 -3.980245 24.264809 -8.517092 7.767597 -11.298458 -16.961222 -15.271042 -31.590599 15.741673 -3.187445 -6.395587 23.398071 6.409002 9.114388 -6.830415 -9.175306 12.298666 2.703305 5.748658 2.913865 1.400103 -30.658375 2.785010 -8.624640 8.957738 1.550743 2.989624
0.706158 -1.443851 -2.610218 -3.980245 24.264809 -8.517092 7.767597 -11.298458 -16.961222 -15.271042 -31.590599 15.741673 -3.187445 -6.395587 23.398071 6.409002 9.114388 -6.830415 -9.175306 12.298666 2.703305 5.748658 2.913865 1.400103 -30.658375 2.785010 -8.624640 8.957738 1.550743 2.989624
0.706158 -1.443851 -2.610218 -3.980245 24.264809 -8.517092 7.767597 -11.298458 -16.961222 -15.271042 -31.590599 15.741673 -3.187445 -6.395587 23.398071 6.409002 9.114388 -6.830415 -9.175306 12.298666 2.703305 5.748658 2.913865 1.400103 -30.658375 2.785010 -8.624640 8.957738 1.550743 2.989624
0.706158 -1.443851 -2.610218 -3.980245 24.264809 -8.517092 7.767597 -11.298458 -16.961222 -15.271042 -31.590599 15.741673 -3.187445 -6.395587 23.398071 6.409002 9.114388 -6.830415 -9.175306 12.298666 2.703305 5.748658 2.913865 1.400103 -30.658375 2.785010 -8.624640 8.957738 1.550743 2.989624
0.706158 -1.443851 -2.610218 -3.980245 24.264809 -8.517092 7.767597 -11.298458 -16.961222 -15.271042 -31.590599 15.741673 -3.187445 -6.395587 23.398071 6.409002 9.114388 -6.830415 -9.175306 12.298666 2.703305 5.748658 2.913865 1.400103 -30.658375 2.785010 -8.624640 8.957738 1.550743 2.989624
0.706158 -1.443851 -2.610218 -3.980245 24.264809 -8.517092 7.767597 -11.298458 -16.961222 -15.271042 -31.590599 15.741673 -3.187445 -6.395587 23.398071 6.409002 9.114388 -6.830415 -9.175306 12.298666 2.703305 5.748658 2.913865 1.400103 -30.658375 2.785010 -8.624640 8.957738 1.550743 2.989624
0.706158 -1.443851 -2.610218 -3.980245 24.264809 -8.517092 7.767597 -11.298458 -16.961222 -15.271042 -31.590599 15.741673 -3.187445 -6.395587 23.398071 6.409002 9.114388 -6.830415 -9.175306 12.298666 2.703305 5.748658 2.913865 1.400103 -30.658375 2.785010 -8.624640 8.957738 1.550743 2.989624
0.706158 -1.443851 -2.610218 -3.980245 24.264809 -8.517092 7.767597 -11.298458 -16.961222 -15.271042 -31.590599 15.741673 -3.187445 -6.395587 23.398071 6.409002 9.114388 -6.830415 -9.175306 12.298666 2.703305 5.748658 2.913865 1.400103 -30.658375 2.785010 -8.624640 8.957738 1.550743 2.989624
0.706158 -1.443851 -2.610218 -3.980245 24.264809 -8.517092 7.767597 -11.298458 -16.961222 -15.271042 -31.590599 15.741673 -3.187445 -6.395587 23.398071 6.409002 9.114388 -6.830415 -9.175306 12.298666 2.703305 5.748658 2.913865 1.400103 -30.658375 2.785010 -8.624640 8.957738 1.550743 2.989624
0.706158 -1.443851 -2.610218 -3.980245 24.264809 -8.517092 7.767597 -11.298458 -16.961222 -15.271042 -31.590599 15.741673 -3.187445 -6.395587 23.398071 6.409002 9.114388 -6.830415 -9.175306 12.298666 2.703305 5.748658 2.913865 1.400103 -30.658375 2.785010 -8.624640 8.957738 1.550743 2.989624
4.921160 5.028460 -8.108506 -15.646010 19.917213 -12.015747 14.804050 -14.113931 -18.466236 -14.124025 -28.686476 8.115209 -3.774171 -8.723441 20.920891 11.134468 16.054022 -4.869340 -3.963328 12.573151 3.830641 10.771928 1.798423 2.151276 -26.221085 7.140072 -1.819846 10.107874 2.183320 1.945852
4.921160 5.028460 -8.108506 -15.646010 19.917213 -12.015747 14.804050 -14.113931 -18.466236 -14.124025 -28.686476 8.115209 -3.774171 -8.723441 20.920891 11.134468 16.054022 -4.869340 -3.963328 12.573151 3.830641 10.771928 1.798423 2.151276 -26.221085 7.140072 -1.819846 10.107874 2.183320 1.945852
4.921160 5.028460 -8.108506 -15.646010 19.917213 -12.015747 14.804050 -14.113931 -18.466236 -14.124025 -28.686476 8.115209 -3.774171 -8.723441 20.920891 11.134468 16.054022 -4.869340 -3.963328 12.573151 3.830641 10.771928 1.798423 2.151276 -26.221085 7.140072 -1.819846 10.107874 2.183320 1.945852
4.921160 5.028460 -8.108506 -15.646010 19.917213 -12.015747 14.804050 -14.113931 -18.466236 -14.124025 -28.686476 8.115209 -3.774171 -8.723441 20.920891 11.134468 16.054022 -4.869340 -3.963328 12.573151 3.830641 10.771928 1.798423 2.151276 -26.221085 7.140072 -1.819846 10.107874 2.183320 1.945852
4.921160 5.028460 -8.108506 -15.646010 19.917213 -12.015747 14.804050 -14.113931 -18.466236 -14.124025 -28.686476 8.115209 -3.774171 -8.723441 20.920891 11.134468 16.054022 -4.869340 -3.963328 12.573151 3.830641 10.771928 1.798423 2.151276 -26.221085 7.140072 -1.819846 10.107874 2.183320 1.945852
1.728299 0.729031 -6.066998 -12.241425 23.348166 -10.820433 12.306978 -11.557384 -14.413161 -11.723550 -29.068268 11.776456 -4.129505 -9.440286 20.475815 7.680206 13.966267 -5.047411 -7.045641 12.927177 4.796791 9.110351 1.968132 1.728519 -27.392006 5.135406 -3.875116 9.730326 1.590720 2.672999
1.122015 -0.640932 -5.760273 -11.323681 24.159164 -10.835833 11.500975 -10.911231 -13.389080 -10.914829 -28.835827 12.494947 -4.439982 -10.094270 20.301935 6.333843 13.816176 -5.162523 -8.058640 13.402437 5.212227 9.191450 1.721332 1.852316 -27.120737 4.347924 -4.260498 9.570658 1.178139 2.868915
1.113366 -0.987051 -5.736839 -11.159995 24.421450 -10.136527 11.375757 -10.888601 -13.258607 -10.783251 -28.840405 12.684357 -4.530911 -10.003381 20.227421 6.440364 13.780575 -5.177454 -8.062752 13.313811 5.495564 9.186109 1.896871 1.815929 -27.237240 4.250663 -4.337343 9.548113 1.216293 2.914466
1.179024 -0.981057 -5.787457 -11.181843 24.360104 -10.190966 11.429750 -10.893593 -13.296178 -10.835470 -28.776875 12.663593 -4.552452 -10.052308 20.278471 6.414721 13.878810 -5.194889 -8.030919 13.333134 5.510695 9.175705 1.901830 1.797951 -27.282810 4.309824 -4.345804 9.525608 1.264304 2.942654
1.201807 -0.978924 -5.790953 -11.175560 24.347469 -10.200614 11.418137 -10.895172 -13.310878 -10.854502 -28.741283 12.679002 -4.566192 -10.043213 20.340084 6.392344 13.915010 -5.203513 -8.028415 13.355228 5.544930 9.173579 1.904270 1.798985 -27.292021 4.348389 -4.369920 9.491083 1.287325 2.961411
1.201858 -0.978789 -5.790829 -11.175301 24.347151 -10.200119 11.418332 -10.895056 -13.311349 -10.854708 -28.741024 12.678851 -4.566122 -10.043489 20.340233 6.392186 13.915589 -5.203770 -8.028353 13.355264 5.544827 9.171935 1.904309 1.798733 -27.292051 4.348814 -4.371043 9.491072 1.287403 2.962982
1.208231 -0.979879 -5.797279 -11.179803 24.347916 -10.205159 11.421732 -10.896402 -13.307298 -10.852249 -28.735291 12.676457 -4.568382 -10.047371 20.341782 6.387407 13.926368 -5.207054 -8.029365 13.358822 5.543497 9.170376 1.905346 1.800081 -27.292866 4.348351 -4.369533 9.491957 1.286935 2.964287
1.207614 -0.975572 -5.797109 -11.177721 24.348293 -10.196252 11.418998 -10.894564 -13.316555 -10.853716 -28.740679 12.679312 -4.564848 -10.041655 20.339426 6.390829 13.916377 -5.204612 -8.032799 13.354455 5.547414 9.172970 1.904716 1.799891 -27.291136 4.347163 -4.371167 9.490749 1.286615 2.964016
1.207779 -0.976026 -5.797119 -11.177584 24.348591 -10.196033 11.418539 -10.894058 -13.315953 -10.853423 -28.740593 12.679629 -4.565273 -10.041776 20.339424 6.390171 13.916666 -5.204496 -8.033068 13.354692 5.547213 9.172795 1.905011 1.799188 -27.291656 4.346754 -4.371627 9.490867 1.286864 2.963878
1.210595 -0.970081 -5.831708 -11.197213 24.356270 -10.204342 11.444534 -10.902358 -13.315425 -10.817322 -28.730270 12.631223 -4.571335 -10.066281 20.303352 6.396038 13.937902 -5.198183 -8.028988 13.365889 5.541367 9.180474 1.902949 1.802377 -27.286924 4.338270 -4.356761 9.499088 1.281158 2.956758
1.188928 -0.960628 -5.826397 -11.206285 24.363438 -10.194401 11.450592 -10.904237 -13.315059 -10.811155 -28.753006 12.630188 -4.560376 -10.067754 20.277687 6.406605 13.916026 -5.191369 -8.030025 13.353423 5.527638 9.179353 1.903527 1.800540 -27.286392 4.324998 -4.350045 9.511455 1.275630 2.953675
1.188390 -0.960253 -5.826017 -11.205927 24.363403 -10.194452 11.450440 -10.904222 -13.315220 -10.811184 -28.753349 12.628342 -4.560162 -10.068624 20.273472 6.408020 13.913934 -5.191607 -8.029722 13.352659 5.529389 9.180200 1.904404 1.800888 -27.285440 4.326363 -4.350128 9.512032 1.276571 2.954366
1.188390 -0.960253 -5.826017 -11.205927 24.363403 -10.194452 11.450440 -10.904222 -13.315220 -10.811184 -28.753349 12.628342 -4.560162 -10.068624 20.273472 6.408020 13.913934 -5.191607 -8.029722 13.352659 5.529389 9.180200 1.904404 1.800888 -27.285440 4.326363 -4.350128 9.512032 1.276571 2.954366
1.188390 -0.960253 -5.826017 -11.205927 24.363403 -10.194452 11.450440 -10.904222 -13.315220 -10.811184 -28.753349 12.628342 -4.560162 -10.068624 20.273472 6.408020 13.913934 -5.191607 -8.029722 13.352659 5.529097 9.179906 1.904419 1.800624 -27.285563 4.326255 -4.350415 9.512115 1.276652 2.954530
1.188390 -0.960253 -5.826017 -11.205927 24.363403 -10.194452 11.450440 -10.904222 -13.315220 -10.811184 -28.753349 12.628342 -4.560162 -10.068624 20.273472 6.408020 13.913934 -5.191607 -8.029722 13.352659 5.529389 9.180200 1.904404 1.800888 -27.285440 4.326363 -4.350128 9.512032 1.276571 2.954366
1.195353 -0.960243 -5.837751 -11.213207 24.365068 -10.199383 11.456358 -10.906183 -13.312242 -10.803491 -28.733700 12.626081 -4.570465 -10.067866 20.294823 6.399088 13.935874 -5.197846 -8.029092 13.365597 5.545185 9.183242 1.903064 1.802460 -27.285383 4.341980 -4.356785 9.496600 1.282766 2.958634
1.195353 -0.960243 -5.837751 -11.213207 24.365068 -10.199383 11.456358 -10.906183 -13.312242 -10.803491 -28.733379 12.625998 -4.570530 -10.068035 20.294914 6.398839 13.936499 -5.197980 -8.029111 13.365646 5.545410 9.181754 1.903385 1.802083 -27.286057 4.342239 -4.357538 9.496638 1.283212 2.959836
1.195353 -0.960243 -5.837751 -11.213207 24.365068 -10.199383 11.456358 -10.906183 -13.312242 -10.803491 -28.733379 12.625998 -4.570530 -10.068035 20.294914 6.398839 13.936499 -5.197980 -8.029111 13.365646 5.545701 9.182048 1.903368 1.802347 -27.285934 4.342348 -4.357253 9.496558 1.283132 2.959673
1.209301 -0.966513 -5.827105 -11.198448 24.358673 -10.209129 11.441854 -10.903103 -13.312749 -10.818275 -28.731369 12.629315 -4.571481 -10.065782 20.301258 6.395074 13.940694 -5.198457 -8.028558 13.364046 5.541330 9.180243 1.904589 1.802606 -27.286648 4.339602 -4.357478 9.498627 1.282168 2.959578
1.209301 -0.966513 -5.827105 -11.198448 24.358673 -10.209129 11.441854 -10.903103 -13.312749 -10.818275 -28.731369 12.629315 -4.571481 -10.065782 20.301258 6.395074 13.940694 -5.198457 -8.028558 13.364046 5.541330 9.180243 1.904589 1.802606 -27.286648 4.339602 -4.357478 9.498627 1.282168 2.959578
1.209301 -0.966513 -5.827105 -11.198448 24.358673 -10.209129 11.441854 -10.903103 -13.312749 -10.818275 -28.731369 12.629315 -4.571481 -10.065782 20.301258 6.395074 13.940694 -5.198457 -8.028558 13.364046 5.541039 9.179950 1.904605 1.802341 -27.286774 4.339495 -4.357764 9.498708 1.282248 2.959744
