-3.010912 -6.110269 3.061119 -10.005819 10.659610 -9.980846 17.407351 8.117463 -18.456623 -10.285934 -13.655191 -2.227386 -17.198269 -17.829445 14.480799 8.522340 0.172167 -7.641950 -10.788444 2.342556 5.221626 -8.148805 -0.207767 2.728750 -17.876057 7.124997 -12.389382 16.917339 4.901563 -0.974894
-3.243708 -6.155441 2.938962 -9.920622 10.685443 -9.984620 17.442116 8.086496 -18.584690 -10.283482 -13.626725 -2.258558 -16.866989 -17.861731 14.631620 8.592067 0.456500 -7.957289 -10.885884 2.486098 5.267385 -8.123792 -0.144147 2.635144 -17.874527 7.145288 -12.517743 16.882864 4.858042 -0.901829
-3.700783 -6.229467 2.595747 -9.739641 10.870564 -9.982705 17.465178 8.131046 -18.937538 -10.255144 -13.300357 -2.388673 -16.399693 -18.034992 14.718522 8.922163 0.673538 -8.671442 -11.202694 2.444807 5.421406 -8.060159 0.058156 2.438725 -17.834171 7.223287 -12.746802 16.864876 4.824420 -0.719069
-4.780828 -6.607304 2.621252 -9.136383 10.692183 -9.672386 17.745369 8.770479 -19.627888 -10.719500 -12.033644 -2.512595 -16.477884 -18.463169 14.293238 10.373632 0.088564 -9.670770 -11.288033 2.439409 5.793763 -8.270772 -0.100842 2.639141 -17.120695 7.487517 -13.139077 16.846371 4.780591 -1.172431
-6.329297 -7.363609 2.340414 -8.357214 10.472951 -9.046507 18.102768 9.418241 -20.602299 -11.248699 -10.561335 -2.779203 -16.748871 -19.093117 13.712970 11.980144 -0.646522 -10.822965 -11.511844 1.808025 6.416285 -8.421209 -0.288246 3.230707 -16.268265 7.777713 -13.458026 16.730385 4.701911 -1.836046
-7.164893 -7.869890 1.696261 -7.993993 10.489408 -8.560115 18.274662 9.700961 -21.275543 -11.554609 -10.162039 -2.827066 -16.744068 -19.238493 13.548464 12.514723 -0.674702 -11.585558 -11.644549 1.232315 6.834228 -8.577008 -0.330960 3.269427 -15.973865 7.993182 -14.015862 16.474119 4.680865 -2.106125
-7.260794 -7.354900 0.657904 -7.956920 11.055163 -8.438988 17.793644 10.548326 -21.871702 -11.598768 -9.784364 -3.027798 -16.623577 -19.466904 13.263417 12.742749 -1.040645 -12.473229 -11.974357 -0.046557 6.841700 -8.872581 -0.567016 3.098292 -15.881095 8.166154 -14.542343 16.179024 4.652539 -2.284683
-6.688468 -6.554049 0.168030 -7.978420 11.642625 -8.380548 17.025555 11.763460 -21.996365 -11.546992 -9.515997 -3.219062 -16.340319 -19.615932 13.126943 12.814209 -1.149348 -13.387475 -12.268413 -1.120479 6.607721 -9.142842 -0.923777 3.036902 -15.881770 8.226983 -14.887338 15.830693 4.515296 -2.423939
-6.086524 -5.955462 -0.112556 -8.361471 11.929943 -8.498906 16.468884 12.505918 -21.981247 -11.716474 -9.371429 -3.382280 -16.460918 -19.782309 12.850818 12.814160 -1.462073 -13.729919 -12.444963 -2.001818 6.394412 -9.411235 -1.384245 3.177530 -15.872595 8.254208 -15.007770 15.557772 4.438758 -2.560408
-5.680104 -5.507780 -0.258375 -8.424017 12.229074 -8.656139 16.092482 13.027811 -22.037930 -11.745513 -9.307109 -3.532059 -16.231474 -19.831944 12.953421 12.780443 -1.294923 -14.032959 -12.658427 -2.263182 6.285746 -9.413768 -1.395588 3.006821 -16.012043 8.238297 -15.146018 15.480620 4.353870 -2.431497
-5.539163 -5.439396 -0.004440 -8.436383 12.203233 -8.744703 15.982879 13.281836 -21.891922 -11.824081 -9.246279 -3.536845 -16.409910 -19.871798 12.811646 12.795520 -1.524516 -13.968089 -12.695447 -2.478505 6.275090 -9.497043 -1.611556 3.249403 -15.884242 8.236960 -15.108112 15.439882 4.325519 -2.749910
-4.411245 -5.416203 2.439441 -8.317312 10.933444 -9.217766 15.812822 14.534209 -20.567368 -12.595082 -8.513706 -3.517099 -18.686752 -20.134785 11.556928 13.114869 -3.784999 -12.247182 -12.383193 -3.348502 6.143833 -9.913817 -2.698459 4.654621 -15.181064 8.297379 -14.581326 15.364726 4.329667 -4.380095
-1.418394 -4.281473 7.052149 -8.387800 9.491919 -10.652249 15.618755 17.205055 -18.015471 -13.595112 -6.930384 -4.034993 -22.046780 -20.348146 9.936502 12.691813 -6.927732 -9.319041 -12.249607 -5.225485 6.294747 -10.818212 -4.437035 7.180887 -13.916320 8.427857 -13.383741 15.521907 4.970934 -7.519021
1.194153 -5.590833 11.033731 -9.238598 9.386788 -8.222855 14.191369 19.130020 -13.942636 -13.178546 -5.339331 -4.055637 -27.464115 -18.790440 6.873864 12.594859 -9.589210 -5.490078 -12.619565 -7.420339 6.069890 -12.588524 -7.573310 9.611938 -13.373227 9.031588 -11.635921 14.643015 5.901422 -8.394873
3.024591 -13.959133 12.985010 -10.743989 7.237551 2.378484 10.657115 19.562115 -9.187213 -15.347410 -5.273933 -2.307805 -34.920612 -10.323450 3.372002 18.349371 -7.440867 -4.758349 -8.704550 -8.684504 7.009220 -13.030994 -10.417240 10.661124 -17.018675 7.605367 -9.382750 11.934074 7.308352 -5.866750
5.743585 -19.749630 14.782322 -14.813241 6.941668 5.596954 6.898301 17.535656 -1.830739 -14.034355 -5.579407 -0.708553 -38.553562 -4.873067 3.004180 17.505667 -3.012028 -0.649900 -6.858744 -3.632108 3.985896 -14.160163 -15.169218 10.378520 -18.910194 6.415876 -5.777084 11.553574 7.280696 -0.540698
9.782576 -22.149744 16.935188 -17.877754 5.499759 -2.369138 7.735658 10.888191 4.987798 -12.561716 -5.665056 1.610213 -40.047409 -6.557182 3.550083 11.307464 2.613656 2.671242 -7.394156 5.180627 1.824841 -12.838855 -15.760193 9.527356 -19.012526 5.733881 -1.270873 14.441630 6.950823 6.049426
10.236443 -23.298983 12.249543 -18.666513 5.965558 -9.722044 9.043142 5.636845 5.057519 -11.573339 -9.176796 2.159379 -39.035789 -6.872065 2.232896 9.640327 7.317985 3.068463 -5.882364 9.039420 -0.216407 -10.177640 -16.807505 9.787431 -19.890001 4.823269 2.682385 14.084826 5.332144 8.969482
8.199852 -23.288889 8.703820 -19.941446 6.044448 -13.372942 10.233746 1.137044 4.317225 -11.415985 -13.224184 2.489450 -38.616844 -4.010658 2.532155 9.005745 10.908038 4.157675 -3.506041 9.867882 -0.840772 -6.928653 -16.659853 10.141803 -21.718594 3.752995 3.305533 11.303314 2.833550 9.926255
6.605267 -21.851057 6.333025 -21.373613 6.893209 -15.140285 11.122191 -0.266300 3.789426 -9.947178 -15.752898 1.429902 -36.835529 -2.332439 3.050985 9.881166 12.300024 4.299602 -2.169925 9.849835 -1.093903 -5.745973 -16.492821 10.053393 -22.854940 3.304096 3.045412 10.024421 1.969007 10.228008
6.467585 -21.642065 6.175288 -21.613338 7.000529 -15.451569 11.370686 -0.638230 3.751767 -9.609065 -16.112255 1.345787 -36.588760 -1.983706 3.218248 9.952241 12.412917 4.347261 -2.024253 9.804679 -1.133101 -5.537974 -16.397207 10.056951 -23.085451 3.246451 3.018698 9.846323 1.848748 10.269007
6.481283 -21.225180 6.231889 -22.334455 7.131780 -15.393013 11.293417 -1.017505 3.962346 -9.558663 -16.639034 1.155294 -36.229652 -1.541992 2.971379 10.478463 12.096854 4.437866 -1.832032 9.501472 -1.262378 -5.538133 -16.437086 10.125228 -23.117378 3.201416 2.991066 9.772015 1.730004 10.258180
6.187309 -20.798861 6.408727 -22.843573 7.477108 -15.053043 11.064299 -1.699078 3.969597 -9.644372 -17.415264 0.968006 -35.744675 -0.599074 2.804826 11.297690 11.821035 4.300746 -1.521181 8.963815 -1.531021 -5.385426 -16.453838 10.116354 -23.235546 3.043081 2.948602 9.649688 1.417133 10.419712
5.314352 -19.768831 6.335666 -23.288584 8.747240 -14.619261 10.130418 -2.468203 3.853828 -9.188506 -17.932116 0.759624 -35.101372 0.313835 3.304142 11.933058 11.606133 4.183403 -1.336629 8.632046 -1.819857 -5.210485 -16.398005 10.059716 -23.438145 2.845059 2.916566 9.553852 1.112920 10.607441
4.471514 -19.011551 6.816187 -23.290266 9.841401 -13.847009 9.071138 -3.349204 3.967684 -8.954121 -18.433411 0.686620 -34.028233 1.480392 4.268281 12.913709 12.025922 3.328822 -1.067762 8.779751 -2.075518 -5.097108 -16.061708 9.835084 -23.381687 2.659574 2.635724 9.749786 0.766035 10.780149
4.065495 -18.687490 7.254376 -22.840090 10.593692 -13.041577 8.552835 -3.799203 3.896133 -8.533141 -18.521816 0.462992 -32.947845 2.029150 5.019609 13.709235 12.430124 2.469989 -1.078400 8.773624 -2.157259 -4.779121 -15.532092 9.539992 -23.360395 2.503840 2.333221 9.939093 0.457557 10.931111
3.664631 -18.703863 7.275280 -22.148651 10.776006 -12.273653 8.761698 -4.542737 3.308696 -8.337527 -18.599651 0.201239 -31.541410 2.138130 5.681171 14.081884 13.053277 1.419304 -1.485133 8.926195 -2.363696 -4.551568 -15.127824 9.139241 -23.165348 2.377604 2.000219 10.308161 0.165930 11.050279
3.227916 -18.488115 7.266129 -21.417631 11.119139 -12.245087 8.590314 -4.577195 2.615159 -8.368278 -18.559563 0.047634 -30.825254 2.130419 5.986498 14.142291 13.820619 0.565950 -1.842057 9.007258 -2.276091 -4.289487 -14.613565 8.653769 -22.960224 2.251748 1.667761 10.732359 0.092956 11.094364
3.090590 -18.575148 7.039473 -20.973083 11.528745 -12.049063 8.414018 -4.974702 2.275799 -8.217888 -18.466064 -0.257453 -30.272360 1.781201 6.250296 13.820421 14.659710 -0.107863 -2.197457 9.076536 -2.106643 -4.268871 -14.351493 8.219489 -22.633991 2.215639 1.366802 11.117831 0.140070 11.149781
3.160109 -18.733822 6.906488 -20.620203 11.647939 -11.995314 8.477951 -5.271502 2.069147 -8.163899 -18.437347 -0.368646 -29.947697 1.512461 6.396626 13.601027 14.972016 -0.450685 -2.433724 9.038912 -1.938448 -4.131259 -14.122883 8.033363 -22.638527 2.225610 1.170352 11.121496 0.131206 11.144855
3.140397 -18.800051 6.778961 -20.501093 11.684073 -11.972778 8.500750 -5.383869 1.955397 -8.140986 -18.459650 -0.371440 -29.771839 1.494346 6.485128 13.573820 15.045992 -0.572939 -2.522193 9.052151 -1.881852 -4.111462 -14.030197 7.975349 -22.632984 2.215262 1.114898 11.161624 0.137578 11.180565
3.078549 -18.905138 6.296958 -20.347750 11.988378 -11.905701 8.462677 -6.006582 1.745653 -7.833107 -18.685089 -0.200037 -29.262463 1.854406 6.862690 13.584858 15.536500 -1.076374 -2.679185 9.169086 -1.673280 -3.891746 -13.460952 7.518008 -22.737532 2.106242 0.769082 11.294064 0.080929 11.383667
2.618718 -19.164400 5.150270 -19.928427 12.361502 -11.675949 8.344605 -6.462570 0.951473 -7.706374 -19.130857 0.015470 -28.058937 2.286084 7.450343 13.574176 16.448479 -2.084308 -3.157394 9.491129 -1.509250 -3.499674 -12.757031 6.942413 -22.965521 1.869862 0.545725 11.562234 -0.050625 11.845694
1.988383 -19.973276 4.025262 -18.867676 12.787572 -10.751691 7.964312 -6.512373 -0.011530 -7.772041 -19.764456 0.105343 -26.490143 2.470551 7.921997 13.489254 17.487238 -3.387605 -3.944698 9.704899 -1.127806 -3.217452 -11.776602 6.073500 -23.200474 1.694421 0.002956 11.778170 -0.123224 12.552773
1.345267 -20.520903 2.970232 -17.348314 13.068613 -10.463964 8.357212 -6.898755 -1.335646 -7.709379 -20.363014 0.079795 -24.867832 2.188588 8.275459 13.295462 18.236151 -4.563826 -4.786643 9.665291 -0.675767 -2.870564 -10.764853 5.307846 -23.446396 1.429947 -0.534216 11.948536 -0.246185 13.141852
1.716927 -20.648495 1.159174 -16.657591 14.131031 -9.536055 7.413235 -7.536947 -2.472066 -7.885328 -20.770926 -0.437742 -23.355803 1.443582 8.627181 12.531387 19.441568 -5.496783 -5.767575 9.827447 -0.135643 -2.750650 -9.859476 4.585941 -23.495085 1.357710 -1.351946 11.938049 -0.327489 13.264971
1.062067 -20.310148 0.019335 -15.349700 14.959292 -9.567303 7.856693 -8.357290 -4.311759 -7.292732 -21.451609 -1.136250 -21.412117 0.667617 8.508735 11.773829 19.840202 -6.290860 -6.886821 9.771228 0.467535 -2.714059 -8.981342 3.385702 -23.278421 1.460178 -2.401290 12.051098 -0.364745 13.111997
-1.613191 -0.426724 -0.474910 -24.399870 10.213981 -5.893695 19.211950 -8.106497 -17.087799 -11.049029 -20.920197 4.399147 -17.532810 -2.186555 23.025925 15.610535 7.206181 -11.050545 -1.789002 10.029366 0.243555 3.324118 -1.275502 4.543097 -22.379128 6.820504 2.070311 17.107161 4.552758 6.920065
-1.301972 1.238292 0.037497 -22.751804 10.963426 -6.413144 20.068226 -7.640215 -18.271532 -9.901421 -20.538826 3.666616 -14.601514 -3.690300 23.189293 16.409576 5.594999 -11.998401 -3.248477 9.437105 1.191007 4.054279 0.347358 3.801082 -22.087940 6.960309 0.681809 17.153076 4.192755 6.394172
0.665726 2.416652 0.145299 -21.056250 11.491805 -6.342793 20.858139 -6.282887 -19.519276 -8.582014 -19.431805 2.632686 -12.292382 -5.506568 23.137655 17.544207 3.732966 -12.251482 -4.319307 10.284942 2.073537 4.233776 2.307738 3.554586 -21.123325 7.554867 -1.309590 17.501818 4.000212 4.672887
1.403013 -4.128975 1.474443 -13.008922 14.434898 -9.761082 17.247728 -1.510964 -16.869995 -4.708472 -17.039057 1.118881 -12.033921 -13.969901 17.500214 12.317924 5.040327 -10.699954 -8.934366 13.334189 3.755514 0.507447 4.013159 4.024063 -22.096340 4.243535 -5.177778 17.549585 2.213768 3.702256
3.001402 -2.981749 4.922677 -11.284907 13.873197 -10.239470 18.378004 0.110137 -16.293238 -4.363120 -15.617895 -0.317792 -11.412202 -16.127861 17.447865 11.847605 2.856099 -9.754239 -9.989361 13.288122 4.340245 -0.370635 4.333921 4.755061 -21.230568 4.856212 -6.589481 17.348511 2.305151 1.267432
5.777719 -2.558507 7.235189 -11.007780 12.894254 -10.532354 18.586922 1.196832 -15.229667 -4.423583 -14.066832 -1.262171 -11.860766 -17.873913 16.984688 11.836344 -0.046580 -8.247975 -10.422296 13.500820 4.575087 -1.291373 4.294636 5.794743 -20.242840 5.435789 -7.544996 17.285221 2.436305 -0.674283
8.682405 -2.369214 7.811511 -11.068495 12.468944 -10.074600 18.500929 2.642575 -14.651226 -4.125905 -13.272032 -1.844421 -12.769687 -19.408520 15.885844 12.259869 -3.375026 -5.365781 -10.039431 15.074428 4.804702 -2.142333 3.979144 6.645321 -19.227980 5.920888 -8.061341 17.337727 2.645435 -2.084148
9.552681 -2.329024 8.278526 -10.894470 11.998989 -10.196849 18.545082 4.228257 -14.459107 -4.291416 -12.690946 -2.210884 -14.156396 -20.158251 15.566987 11.570755 -3.987634 -3.573860 -9.885713 14.833797 4.828311 -2.849322 3.449303 7.361335 -18.514128 6.134468 -8.064974 17.453094 2.870463 -2.860737
9.402602 -2.429730 8.746964 -10.550976 11.470527 -10.396521 19.124577 5.463783 -14.565934 -4.456359 -12.229393 -2.480742 -15.194036 -20.479650 15.685022 10.394893 -3.613221 -3.080985 -9.926299 13.393328 4.775585 -3.605814 2.677076 7.868557 -18.137373 6.233462 -7.926536 17.530338 3.165751 -3.161484
8.937869 -2.901924 8.590807 -10.746901 10.770183 -10.737320 19.673065 6.770579 -14.512515 -4.669149 -11.930305 -2.644283 -15.758366 -20.967800 15.808269 9.544543 -3.965924 -2.493381 -10.087329 12.245144 4.744468 -4.194504 2.197019 8.302164 -17.936520 6.287820 -7.673519 17.636633 3.456119 -3.076272
8.554396 -3.339990 8.283442 -10.853807 10.350768 -11.076144 19.806660 7.617866 -14.463626 -5.046832 -11.768894 -2.767576 -16.502583 -21.276575 15.654056 9.026581 -4.399696 -1.872593 -10.087274 11.514930 4.727105 -4.594922 1.815315 8.605144 -17.868109 6.314571 -7.437697 17.645172 3.679676 -2.935655
8.183941 -3.581187 8.071148 -11.172650 10.047904 -11.195875 19.655220 8.122353 -14.421147 -5.337609 -11.671275 -2.857464 -16.996265 -21.488876 15.465652 8.672549 -4.635035 -1.435197 -10.040757 11.077270 4.681811 -4.817320 1.571003 8.744446 -17.921572 6.269019 -7.254843 17.624096 3.800695 -2.750978
8.055079 -3.728539 7.982699 -11.363246 9.897247 -11.197365 19.554314 8.371906 -14.408703 -5.470885 -11.772545 -2.850762 -17.149921 -21.488773 15.353613 8.525538 -4.579535 -1.350624 -10.005795 10.844888 4.688042 -4.917439 1.473263 8.839504 -17.904825 6.273828 -7.157432 17.625923 3.868163 -2.664257
