-1.447111 -7.392465 1.812652 -6.427672 12.725516 -6.632503 19.586746 5.673236 -14.284164 -17.271446 -8.850180 -7.611632 -17.002411 -5.131799 9.736169 8.540471 4.169946 -1.958496 -22.264713 -0.023596 5.221626 -8.148805 -0.207767 2.728750 -17.876057 7.124997 -12.389382 16.917339 4.901563 -0.974894
-1.680597 -7.438514 1.692757 -6.336050 12.752315 -6.631433 19.612345 5.641557 -14.413432 -17.278431 -8.878897 -7.630471 -16.627544 -5.105177 9.913579 8.625944 4.472832 -2.304574 -22.363255 0.062545 5.267385 -8.123792 -0.144147 2.635144 -17.874527 7.145288 -12.517743 16.882864 4.858042 -0.901829
-2.126316 -7.522848 1.349797 -6.135508 12.934783 -6.610167 19.618973 5.685134 -14.774868 -17.265667 -8.652620 -7.741078 -16.136738 -5.207140 10.083647 8.985353 4.755998 -2.991218 -22.602640 0.011757 5.421406 -8.060159 0.058156 2.438725 -17.834171 7.223287 -12.746802 16.864876 4.824420 -0.719069
-3.196082 -7.909087 1.374276 -5.534159 12.744295 -6.326033 19.898191 6.329103 -15.462913 -17.729609 -7.531940 -7.895513 -16.435497 -5.607102 9.677509 10.430959 4.110209 -3.731816 -22.398046 -0.205176 5.793763 -8.270772 -0.100842 2.639141 -17.120695 7.487517 -13.139077 16.846371 4.780591 -1.172431
-4.774042 -8.637359 1.108953 -4.774082 12.540139 -5.677542 20.279064 6.971948 -16.425381 -18.240358 -6.011626 -8.153196 -16.772640 -6.290724 9.203848 12.004023 3.508271 -4.797199 -22.427578 -0.642640 6.416285 -8.421209 -0.288246 3.230707 -16.268265 7.777713 -13.458026 16.730385 4.701911 -1.836046
-5.615435 -9.143381 0.453956 -4.416190 12.557014 -5.198705 20.458542 7.254011 -17.104431 -18.535776 -5.566176 -8.182944 -16.756142 -6.620564 9.174198 12.281360 3.568856 -5.495334 -22.644562 -1.073505 6.834228 -8.577008 -0.330960 3.269427 -15.973865 7.993182 -14.015862 16.474119 4.680865 -2.106125
-5.711472 -8.628345 -0.584272 -4.379198 13.122809 -5.077608 19.977673 8.101392 -17.700504 -18.579893 -5.064163 -8.192272 -16.776596 -7.163264 8.724539 12.484114 3.040443 -6.363840 -22.991976 -2.009499 6.841700 -8.872581 -0.567016 3.098292 -15.881095 8.166154 -14.542343 16.179024 4.652539 -2.284683
-5.100276 -7.842205 -1.109613 -4.410070 13.722210 -5.007644 19.182987 9.326771 -17.822720 -18.530119 -4.755514 -8.310037 -16.554569 -7.560530 8.426785 12.400114 2.801147 -7.242126 -23.464180 -3.061200 6.607721 -9.142842 -0.923777 3.036902 -15.881770 8.226983 -14.887338 15.830693 4.515296 -2.423939
-4.501092 -7.241217 -1.384871 -4.788560 14.011683 -5.117434 18.616459 10.067741 -17.806631 -18.709146 -4.607703 -8.424765 -16.636425 -7.760346 8.173636 12.343077 2.561559 -7.590805 -23.731447 -3.812339 6.394412 -9.411235 -1.384245 3.177530 -15.872595 8.254208 -15.007770 15.557772 4.438758 -2.560408
-4.094257 -6.792381 -1.532062 -4.851359 14.311072 -5.275020 18.241348 10.589472 -17.863787 -18.737154 -4.620139 -8.550819 -16.371849 -7.768263 8.304400 12.296854 2.732270 -7.842235 -23.952381 -4.008880 6.285746 -9.413768 -1.395588 3.006821 -16.012043 8.238297 -15.146018 15.480620 4.353870 -2.431497
-3.953316 -6.723998 -1.278127 -4.863725 14.285233 -5.363583 18.131744 10.843497 -17.717779 -18.815723 -4.536386 -8.567706 -16.544376 -7.826594 8.182080 12.298629 2.515720 -7.742228 -23.977345 -4.177444 6.275090 -9.497043 -1.611556 3.249403 -15.884242 8.236960 -15.108112 15.439882 4.325519 -2.749910
-2.824601 -6.704134 1.163643 -4.742732 13.013695 -5.840382 17.962078 12.096743 -16.395281 -19.588051 -3.682534 -8.694650 -18.799404 -8.205533 7.003578 12.553414 0.369946 -5.928813 -23.506325 -5.042676 6.143833 -9.913817 -2.698459 4.654621 -15.181064 8.297379 -14.581326 15.364726 4.329667 -4.380095
0.164252 -5.563580 5.777669 -4.818243 11.576129 -7.268691 17.771278 14.766601 -13.841835 -20.581816 -2.058805 -9.224469 -22.048683 -9.214984 5.664861 11.691174 -2.705730 -2.991210 -22.973597 -6.662382 6.294747 -10.818212 -4.437035 7.180887 -13.916320 8.427857 -13.383741 15.521907 4.970934 -7.519021
2.785399 -6.879824 9.747199 -5.670828 11.460752 -4.860590 16.352594 16.698372 -9.773115 -20.167004 0.084260 -9.016373 -27.201220 -11.141284 4.129113 10.205095 -5.151763 0.105523 -22.378319 -7.772965 6.069890 -12.588524 -7.573310 9.611938 -13.373227 9.031588 -11.635921 14.643015 5.901422 -8.394873
4.620251 -15.242143 11.695487 -7.179851 9.306858 5.725765 12.813713 17.124481 -5.020103 -22.349813 2.602472 -6.619143 -37.120026 -13.275804 5.481434 5.468174 0.004612 3.924592 -16.192169 -4.573502 7.009220 -13.030994 -10.417240 10.661124 -17.018675 7.605367 -9.382750 11.934074 7.308352 -5.866750
7.326992 -21.008181 13.458310 -11.249842 9.031757 8.870935 9.076448 15.088149 2.310172 -20.994368 -1.080477 -1.939642 -40.949726 -13.979211 4.985760 2.208555 0.786170 7.108016 -11.741286 1.723703 3.985896 -14.160163 -15.169218 10.378520 -18.910194 6.415876 -5.777084 11.553574 7.280696 -0.540698
11.363094 -23.338366 15.253663 -14.880118 7.535620 0.794381 10.442865 8.247709 9.243190 -18.828072 -5.964613 3.022523 -40.681358 -14.311248 4.460202 1.579611 -0.202567 9.284206 -9.169879 10.369808 1.824841 -12.838855 -15.760193 9.527356 -19.012526 5.733881 -1.270873 14.441630 6.950823 6.049426
11.753124 -24.545652 10.647574 -15.798475 7.789470 -6.766629 12.812239 3.104262 9.396061 -17.271053 -12.111694 4.451379 -38.234711 -11.757314 2.695143 4.265366 -1.035585 10.022133 -6.703795 13.265417 -0.216407 -10.177640 -16.807505 9.787431 -19.890001 4.823269 2.682385 14.084826 5.332144 8.969482
9.628265 -24.671698 7.377499 -17.235966 7.655330 -11.021326 14.321280 -1.139869 8.525228 -16.665834 -16.581844 5.180352 -36.823906 -7.266891 1.819839 7.143441 0.502468 9.560161 -4.732361 13.787643 -0.840772 -6.928653 -16.659853 10.141803 -21.718594 3.752995 3.305533 11.303314 2.833550 9.926255
8.141619 -22.913195 5.296798 -18.601852 8.497396 -13.151245 14.770936 -2.707278 7.866725 -15.175950 -18.667004 5.533680 -35.145332 -4.344883 2.408369 8.618711 1.967171 9.012908 -4.062912 14.607729 -1.093903 -5.745973 -16.492821 10.053393 -22.854940 3.304096 3.045412 10.024421 1.969007 10.228008
8.099049 -22.715775 5.165110 -18.817785 8.626346 -13.443619 14.987848 -3.114789 7.902379 -14.920875 -18.978741 5.544682 -34.908836 -3.943486 2.515430 8.761711 2.241668 8.929627 -3.979081 14.650293 -1.133101 -5.537974 -16.397207 10.056951 -23.085451 3.246451 3.018698 9.846323 1.848748 10.269007
8.179171 -22.281242 5.353979 -19.501612 8.725604 -13.478334 14.797642 -3.406077 8.145303 -14.946259 -19.281158 5.499559 -34.685650 -3.677488 2.422550 9.071924 2.137034 8.926923 -3.897950 14.562774 -1.262378 -5.538133 -16.437086 10.125228 -23.117378 3.201416 2.991066 9.772015 1.730004 10.258180
7.957506 -21.767796 5.627440 -20.050535 9.088241 -13.127674 14.516760 -4.019688 8.250484 -15.000233 -19.808792 5.356481 -34.226284 -3.038750 2.290649 9.720876 2.060193 8.795707 -3.738516 14.267233 -1.531021 -5.385426 -16.453838 10.116354 -23.235546 3.043081 2.948602 9.649688 1.417133 10.419712
7.215581 -20.783518 5.689531 -20.483782 10.352023 -12.574736 13.308833 -4.727837 8.226342 -14.742603 -20.331577 5.183168 -33.658131 -2.508600 2.359359 10.383284 1.937506 8.627162 -3.546212 14.112696 -1.819857 -5.210485 -16.398005 10.059716 -23.438145 2.845059 2.916566 9.553852 1.112920 10.607441
6.308623 -20.044352 6.233294 -20.571857 11.420367 -11.740983 12.229179 -5.626726 8.386353 -14.518902 -20.727360 4.875269 -32.629158 -1.895954 2.950460 11.101805 2.242222 8.133207 -3.442610 14.085052 -2.075518 -5.097108 -16.061708 9.835084 -23.381687 2.659574 2.635724 9.749786 0.766035 10.780149
5.700682 -19.714300 6.627200 -20.126514 12.209620 -10.900925 11.752632 -6.151213 8.262825 -14.114371 -20.797319 4.271884 -31.667866 -1.412565 3.477292 11.836174 2.216407 8.034010 -3.463006 13.776929 -2.157259 -4.779121 -15.532092 9.539992 -23.360395 2.503840 2.333221 9.939093 0.457557 10.931111
5.237024 -19.732954 6.673093 -19.492538 12.454352 -10.218954 11.888361 -6.958834 7.738822 -14.010045 -21.147776 4.138063 -30.484913 -0.995134 4.129241 12.239523 2.422709 7.474090 -3.742796 13.910954 -2.363696 -4.551568 -15.127824 9.139241 -23.165348 2.377604 2.000219 10.308161 0.165930 11.050279
4.613152 -19.393095 6.563003 -18.752377 12.855594 -10.218330 11.760253 -6.955592 7.020922 -14.036978 -21.375019 4.239106 -29.824190 -0.788045 4.653413 12.313742 2.840319 6.915679 -3.876896 14.034165 -2.276091 -4.289487 -14.613565 8.653769 -22.960224 2.251748 1.667761 10.732359 0.092956 11.094364
4.316611 -19.443262 6.300053 -18.305262 13.218247 -10.007441 11.612429 -7.312311 6.597974 -13.839236 -21.593943 4.213707 -29.223005 -0.605445 5.065645 12.232540 3.252886 6.290874 -4.089489 13.859360 -2.106643 -4.268871 -14.351493 8.219489 -22.633991 2.215639 1.366802 11.117831 0.140070 11.149781
4.349417 -19.586990 6.121510 -17.953247 13.302547 -9.946411 11.729731 -7.609597 6.352484 -13.726763 -21.666946 4.028603 -28.813881 -0.658811 5.231429 12.076949 3.469325 6.037191 -4.298526 13.688231 -1.938448 -4.131259 -14.122883 8.033363 -22.638527 2.225610 1.170352 11.121496 0.131206 11.144855
4.319998 -19.655119 5.989075 -17.838991 13.325580 -9.918116 11.768294 -7.724697 6.236322 -13.695593 -21.719479 3.997888 -28.633469 -0.643639 5.305608 12.055334 3.553516 5.920671 -4.369601 13.691015 -1.881852 -4.111462 -14.030197 7.975349 -22.632984 2.215262 1.114898 11.161624 0.137578 11.180565
4.255193 -19.820120 5.617816 -17.692156 13.540786 -9.822271 11.686897 -8.390369 6.083613 -13.479751 -21.919672 4.052377 -28.190132 -0.356998 5.578803 12.082757 3.941823 5.428903 -4.509254 13.666761 -1.673280 -3.891746 -13.460952 7.518008 -22.737532 2.106242 0.769082 11.294064 0.080929 11.383667
3.678615 -20.183878 4.352303 -17.303627 13.782769 -9.560880 11.693122 -8.863410 5.194291 -13.305891 -22.245888 4.159882 -27.309143 0.007974 6.051951 12.120133 4.584617 4.420754 -4.866102 13.602137 -1.509250 -3.499674 -12.757031 6.942413 -22.965521 1.869862 0.545725 11.562234 -0.050625 11.845694
2.812850 -21.061384 2.952721 -16.270338 14.118692 -8.694533 11.506641 -8.878531 4.099828 -13.290234 -22.680937 4.207819 -26.202555 0.083004 6.532068 11.970935 5.322408 3.138004 -5.476739 13.355244 -1.127806 -3.217452 -11.776602 6.073500 -23.200474 1.694421 0.002956 11.778170 -0.123224 12.552773
2.281041 -21.471449 1.765168 -14.787064 14.321325 -8.520006 11.851557 -9.305374 2.750597 -13.179213 -23.254723 4.352458 -24.979250 -0.420759 7.034373 11.425735 5.714124 1.882897 -6.169985 12.997942 -0.675767 -2.870564 -10.764853 5.307846 -23.446396 1.429947 -0.534216 11.948536 -0.246185 13.141852
2.705675 -21.579397 -0.423856 -13.981482 15.485211 -7.649836 11.158669 -10.085400 1.459464 -13.119371 -23.583706 4.440535 -23.734779 -1.116356 7.581757 10.684278 6.477950 0.470267 -6.985123 12.820227 -0.135643 -2.750650 -9.859476 4.585941 -23.495085 1.357710 -1.351946 11.938049 -0.327489 13.264971
2.501326 -21.541079 -1.727873 -12.946992 16.384729 -7.210265 11.989847 -11.002219 0.040045 -12.635593 -23.920959 4.207918 -22.513821 -1.798599 7.956609 9.759997 6.477021 -0.054094 -7.761763 12.413016 0.467535 -2.714059 -8.981342 3.385702 -23.278421 1.460178 -2.401290 12.051098 -0.364745 13.111997
2.921596 -4.419997 -4.817593 -20.346552 10.073583 -6.572229 20.620438 -10.176795 -14.501068 -17.994738 -14.878293 4.817265 -19.336464 3.037507 15.187758 7.772978 8.895198 -7.727337 -18.448528 10.262288 0.243555 3.324118 -1.275502 4.543097 -22.379128 6.820504 2.070311 17.107161 4.552758 6.920065
3.442857 -3.140518 -4.481937 -18.690165 10.875260 -6.811110 21.493078 -9.922790 -15.784285 -16.777433 -14.566606 4.127910 -16.635529 1.619410 15.478829 8.657710 7.320825 -8.484076 -19.560606 9.917154 1.191007 4.054279 0.347358 3.801082 -22.087940 6.960309 0.681809 17.153076 4.192755 6.394172
5.431166 -2.059219 -4.330605 -16.805771 11.550767 -5.920302 21.811615 -8.812727 -17.075064 -15.723728 -13.533007 3.114657 -14.227267 -0.282932 15.577870 9.714153 5.181411 -8.618340 -20.602888 10.824265 2.073537 4.233776 2.307738 3.554586 -21.123325 7.554867 -1.309590 17.501818 4.000212 4.672887
4.270654 -6.045259 -0.643665 -10.298857 16.668461 -4.015812 18.990898 -4.583091 -12.334412 -11.609539 -12.649105 -4.795516 -11.084218 -1.937047 13.065290 13.115102 8.618174 -5.879729 -19.849682 9.610563 3.755514 0.507447 4.013159 4.024063 -22.096340 4.243535 -5.177778 17.549585 2.213768 3.702256
6.142960 -4.914666 2.462115 -8.731222 16.575607 -4.744899 20.182230 -3.447745 -11.444478 -11.329388 -11.162658 -6.258454 -10.503846 -3.988092 12.963823 12.624243 6.552586 -5.100300 -21.041903 9.365884 4.340245 -0.370635 4.333921 4.755061 -21.230568 4.856212 -6.589481 17.348511 2.305151 1.267432
8.979689 -4.583542 4.850107 -8.809793 15.711349 -5.359710 20.584637 -2.608435 -9.615493 -11.662895 -9.732566 -7.192595 -10.815969 -5.521444 12.517009 12.432364 3.674255 -3.453164 -21.620878 9.683550 4.575087 -1.291373 4.294636 5.794743 -20.242840 5.435789 -7.544996 17.285221 2.436305 -0.674283
11.365473 -4.315280 5.649948 -8.386478 15.261214 -5.249389 20.843691 -1.024253 -8.992021 -11.619819 -8.806411 -7.704553 -11.869321 -6.863923 11.365673 12.905759 0.281953 -0.416239 -21.268435 11.333845 4.804702 -2.142333 3.979144 6.645321 -19.227980 5.920888 -8.061341 17.337727 2.645435 -2.084148
11.965009 -4.260570 6.240359 -7.998964 14.675250 -5.673344 20.970184 0.911098 -8.882503 -11.948763 -8.193486 -7.949914 -13.314992 -7.457453 10.956112 12.274692 -0.279088 1.313517 -21.142004 11.267945 4.828311 -2.849322 3.449303 7.361335 -18.514128 6.134468 -8.064974 17.453094 2.870463 -2.860737
11.575877 -4.340264 7.097229 -7.208619 13.956059 -5.552385 21.612743 2.210821 -9.256907 -12.155563 -7.652298 -8.244695 -14.433362 -7.775683 11.073628 10.912687 0.189799 1.956944 -21.308386 9.936869 4.775585 -3.605814 2.677076 7.868557 -18.137373 6.233462 -7.926536 17.530338 3.165751 -3.161484
11.030407 -4.801340 7.348973 -6.935991 13.040703 -5.872864 22.363056 3.465546 -9.315378 -12.375750 -7.322000 -8.431572 -15.051116 -8.289886 11.191334 9.856427 -0.038864 2.678832 -21.577368 8.935366 4.744468 -4.194504 2.197019 8.302164 -17.936520 6.287820 -7.673519 17.636633 3.456119 -3.076272
10.672773 -5.175524 7.105934 -6.995454 12.673736 -6.360919 22.552210 4.230917 -9.267634 -12.752459 -7.093279 -8.599445 -15.805973 -8.720094 11.055894 9.121218 -0.392395 3.435458 -21.689306 8.289667 4.727105 -4.594922 1.815315 8.605144 -17.868109 6.314571 -7.437697 17.645172 3.679676 -2.935655
10.404847 -5.426811 6.883385 -7.351620 12.349500 -6.571435 22.492243 4.653718 -9.178758 -12.969828 -6.982396 -8.675564 -16.367601 -8.902377 10.838695 8.677425 -0.549975 3.951837 -21.669313 7.884853 4.681811 -4.817320 1.571003 8.744446 -17.921572 6.269019 -7.254843 17.624096 3.800695 -2.750978
10.386707 -5.599495 6.848387 -7.509649 12.167435 -6.618465 22.471874 4.859609 -9.079814 -13.116437 -7.083282 -8.660464 -16.547585 -8.872250 10.707801 8.514686 -0.475823 4.064193 -21.641191 7.652766 4.688042 -4.917439 1.473263 8.839504 -17.904825 6.273828 -7.157432 17.625923 3.868163 -2.664257
