-2.362895 -7.165866 0.149645 -6.180650 13.599708 -6.783587 19.779369 4.357338 -15.309892 -16.578041 -13.429073 0.018526 -12.055836 -7.837996 6.021561 6.987247 10.481541 1.615562 -22.122568 -10.205381 3.937543 7.628160 -3.361746 1.367801 -14.079841 10.511647 -13.110755 13.066654 7.451417 -2.295041
-2.479786 -7.113158 0.005267 -6.107887 13.601470 -6.770449 19.695530 4.400858 -15.397872 -16.582281 -13.373169 -0.027780 -11.846999 -7.818426 6.099083 7.047857 10.574491 1.414071 -22.130291 -10.217377 4.063830 7.685880 -3.209361 1.176198 -14.109768 10.521995 -13.268959 13.046150 7.447664 -2.191893
-2.668918 -7.110151 -0.220989 -5.928011 13.630177 -6.733570 19.645298 4.510532 -15.641801 -16.621058 -13.143154 -0.088673 -11.579965 -7.858597 6.159318 7.430225 10.599730 0.957722 -22.183376 -10.278322 4.197604 7.742892 -3.085998 1.116225 -14.064073 10.558604 -13.385373 12.995675 7.412098 -2.111701
-3.837616 -7.505407 -0.235955 -5.088862 13.437030 -6.247988 19.891945 5.368929 -16.524118 -17.123240 -11.856668 -0.298394 -12.057128 -8.360998 5.572777 9.037546 9.673554 0.294823 -21.995293 -10.652176 4.634948 7.481597 -3.212674 1.141649 -13.355945 10.810544 -13.913738 12.957654 7.386935 -2.536824
-5.032485 -8.157224 -0.459769 -4.256459 13.286883 -5.676572 20.178768 6.281669 -17.475540 -17.635033 -10.534379 -0.586357 -12.385304 -8.946809 5.163096 10.505492 9.012946 -0.519926 -22.031435 -11.130251 5.145614 7.143881 -3.589101 1.757406 -12.435321 11.151136 -14.351689 12.823496 7.333551 -3.535939
-5.940299 -8.555140 -1.178698 -3.824596 13.365487 -5.177163 20.281025 6.777053 -18.267071 -17.940748 -10.166965 -0.663704 -12.286533 -9.268489 5.224807 10.800959 9.186582 -1.175769 -22.155714 -11.438024 5.470624 6.978365 -3.679477 1.962327 -12.097991 11.397710 -14.793734 12.593149 7.305634 -3.961210
-5.957334 -8.149513 -2.081923 -3.741438 13.931272 -4.957366 19.852081 7.824090 -18.851387 -18.010666 -9.714714 -0.729020 -12.306890 -9.796298 4.894310 10.817223 8.869059 -1.976503 -22.706533 -12.369390 5.447066 6.653759 -3.980308 1.811100 -12.021707 11.569831 -15.308108 12.279471 7.279224 -4.134062
-5.559224 -7.429990 -2.522214 -3.960310 14.408465 -4.922832 19.259148 8.811802 -18.994219 -18.073650 -9.558594 -0.894858 -12.010659 -9.987956 4.776510 10.663374 8.877481 -2.801306 -23.150671 -13.414692 5.183902 6.385787 -4.261176 1.627889 -12.066499 11.659664 -15.669034 12.011568 7.192847 -4.185967
-4.881705 -6.823315 -2.667103 -4.250534 14.817344 -5.015772 18.684612 9.630941 -18.938904 -18.172102 -9.486990 -0.990264 -12.094826 -10.079739 4.615299 10.547857 8.750745 -3.112630 -23.362059 -14.144764 4.975181 6.163353 -4.586133 1.595030 -12.113307 11.696776 -15.894605 11.747913 7.083389 -4.168932
-4.524518 -6.364008 -2.776186 -4.400893 15.122129 -5.137570 18.339659 10.022636 -18.975582 -18.200499 -9.502522 -1.150511 -11.638381 -10.048115 4.835329 10.630527 9.007611 -3.509506 -23.580067 -14.318731 4.882507 6.104196 -4.648154 1.459923 -12.213468 11.717337 -16.033384 11.669213 7.037749 -4.096949
-4.329694 -6.325754 -2.591251 -4.529069 15.085126 -5.189669 18.201796 10.208917 -18.762558 -18.281120 -9.460628 -1.135477 -11.813044 -10.075486 4.755789 10.620487 8.896953 -3.461560 -23.548077 -14.466793 4.849209 6.014674 -4.818906 1.552378 -12.142524 11.752570 -16.072802 11.590295 7.006564 -4.213486
-3.751952 -6.352289 -1.517781 -4.759333 14.658043 -5.476428 17.833694 11.148307 -17.943117 -18.773146 -8.873889 -1.063642 -13.252955 -10.433127 3.757689 10.815227 7.482265 -2.871461 -23.356855 -15.315203 4.683988 5.744571 -5.610427 2.389887 -11.699359 11.749560 -15.966809 11.382097 6.786202 -5.251775
-2.145973 -5.661607 1.446837 -4.266307 13.391947 -6.420265 17.576488 12.764441 -16.607792 -19.584276 -7.716481 -1.447841 -16.265026 -10.923852 2.286455 10.812361 4.742721 -0.329613 -22.689621 -16.738586 4.523273 5.227375 -6.834886 3.998494 -10.934669 11.801538 -15.326179 11.371664 6.915679 -7.336565
0.263834 -4.956889 5.792682 -3.928855 11.885876 -7.661308 17.505638 15.228600 -14.242159 -20.447111 -6.053879 -1.890889 -19.192028 -11.965375 1.180071 9.976692 2.131902 2.041327 -22.325121 -18.351288 4.612832 4.035940 -8.706200 6.215281 -9.721057 12.167168 -14.331133 11.361567 7.667445 -9.956598
2.224852 -5.762004 10.084568 -5.210863 12.083881 -3.397665 15.943199 17.208155 -10.936662 -20.212439 -4.311983 -1.518872 -23.419199 -13.790512 -0.070784 8.738209 0.084127 4.720895 -21.862471 -18.872776 4.921846 2.556926 -11.417173 8.398629 -8.978679 12.495359 -13.134418 10.582659 8.328593 -11.034594
3.435908 -10.671377 14.030888 -3.824831 11.615010 4.346500 13.702028 18.482990 -7.220544 -20.565243 -1.329430 0.029721 -31.881735 -15.720279 0.574134 4.722499 3.874418 7.250514 -17.614244 -17.453114 5.965051 2.194817 -13.722467 9.803553 -12.111240 11.260186 -11.239745 8.154469 9.676805 -10.202286
2.443764 -15.433834 16.365978 -6.207101 9.029534 6.027330 12.194712 16.833391 -2.737876 -21.769556 -1.728471 2.563875 -36.502316 -16.661999 1.127048 1.961880 6.339414 9.472964 -14.402943 -14.500216 3.873926 1.376247 -17.443363 10.374310 -14.995761 10.210740 -9.586334 5.549819 9.357856 -8.476979
3.080863 -17.465536 19.494530 -9.546560 8.982430 5.449220 10.531601 15.288065 3.267472 -20.703180 -3.625225 5.149357 -39.143444 -17.526554 -0.051679 0.636272 4.590815 12.739345 -11.957694 -10.543301 1.934095 0.853693 -19.675493 10.628678 -15.669375 10.028123 -7.158010 5.690546 9.187162 -5.254704
4.417164 -19.411554 19.859026 -11.433079 10.230623 3.984384 9.363742 13.177999 7.338553 -18.298733 -5.323975 7.759901 -39.553528 -18.195642 -0.361184 -0.010475 3.112074 14.857441 -10.896899 -5.632075 1.238132 0.674373 -20.375683 10.011503 -15.443509 9.996738 -4.709933 7.365902 9.626490 -1.389862
5.388316 -20.573591 19.486866 -11.847047 10.451727 2.603840 9.407158 11.399265 8.774101 -17.269146 -6.410328 8.904601 -39.308090 -17.698513 -0.725620 0.198588 2.795416 15.698087 -10.476218 -2.926386 1.014741 0.884128 -20.198189 9.535015 -15.372857 9.770879 -3.490020 8.455345 9.728566 0.512029
5.794426 -20.814451 19.286121 -11.748404 10.473636 2.333990 9.389977 11.163558 8.836440 -17.192930 -6.601537 9.054834 -39.246006 -17.607048 -0.790425 0.311292 2.710481 15.763055 -10.396297 -2.593906 1.005381 0.949235 -20.149668 9.524896 -15.407351 9.739789 -3.325447 8.530213 9.735396 0.733353
6.413411 -21.116701 19.150822 -11.897793 10.251817 2.168315 9.213868 11.243601 8.918124 -17.506332 -6.839140 9.278249 -39.386135 -17.459103 -0.742195 0.322657 2.797989 15.609685 -10.169258 -2.734509 0.859136 0.937320 -20.318502 9.739797 -15.346611 9.710607 -3.246461 8.518693 9.570379 0.750003
7.385784 -21.684732 18.728424 -12.178798 9.594413 1.850643 9.085848 11.267761 8.996352 -18.221895 -7.231040 9.530074 -39.480820 -17.368675 -0.720685 0.382634 2.674919 15.415252 -9.847730 -3.004632 0.688206 0.920496 -20.563662 10.025708 -15.304647 9.638686 -3.038957 8.543725 9.414430 0.814619
8.850573 -22.431746 17.977104 -12.346792 8.584474 1.624224 9.268607 11.074420 8.917700 -19.040182 -7.649904 9.891512 -39.678162 -17.365364 -0.789153 0.403245 2.427659 15.145116 -9.545411 -3.219796 0.339522 0.727031 -20.936480 10.151368 -15.096122 9.424542 -2.926161 8.769470 9.179607 0.867025
10.599051 -23.116835 16.527481 -13.134968 7.532591 0.878437 9.785440 11.093666 8.995439 -19.598732 -7.939683 10.282325 -39.845932 -17.339636 -0.615726 0.595518 2.528131 14.573859 -9.045500 -3.401732 0.130259 0.422491 -21.297743 10.228663 -14.612708 9.378821 -2.837680 9.071837 9.112077 1.197967
11.438511 -23.894743 15.083773 -14.192890 6.090303 0.923059 10.799225 10.550190 8.648826 -20.263803 -8.152079 10.509291 -39.821854 -17.204651 -0.466164 0.814872 2.649227 14.341658 -8.475027 -3.248548 -0.075927 0.262454 -21.513414 10.298249 -14.232532 9.356172 -2.799437 9.148722 8.994714 1.617317
11.399384 -24.086069 14.617252 -14.857959 5.271756 1.160083 11.607504 10.035166 8.280398 -20.707928 -8.348973 10.668904 -39.441360 -17.207184 -0.361446 1.550441 2.548739 13.983212 -7.883498 -2.795562 -0.215217 0.290692 -21.545864 10.188876 -13.934022 9.263680 -2.859439 9.297794 8.788673 2.186374
11.524021 -23.800779 14.667803 -15.373709 4.901413 1.409080 12.055160 9.305500 8.006762 -20.800915 -8.195092 10.606446 -39.640366 -17.094059 -0.102257 2.129377 3.020498 14.258718 -7.248518 -1.990337 -0.633671 0.547643 -21.552263 10.444423 -14.023872 9.053215 -2.662315 9.180155 8.369710 2.765153
10.961658 -23.230160 14.768060 -15.476940 5.263595 1.510401 12.109765 9.058956 7.696978 -20.573822 -8.316480 10.428021 -39.923157 -16.553392 0.243559 2.277532 3.905351 14.614963 -6.656958 -1.619402 -0.739650 0.791354 -21.509394 10.612879 -14.272138 8.833845 -2.563919 9.052947 8.149836 2.949123
10.375736 -22.952763 15.115260 -15.560238 5.402479 1.676703 12.320055 8.867759 7.582614 -20.482969 -8.190554 10.259602 -40.113655 -16.574810 0.380175 2.175824 4.229406 14.897131 -6.481031 -1.524469 -0.856215 0.850373 -21.545248 10.667915 -14.389651 8.739455 -2.475002 9.052513 8.082411 3.052738
10.278006 -22.771452 15.202443 -15.724699 5.420740 1.624287 12.432423 8.695043 7.590895 -20.397058 -8.243380 10.176885 -40.016380 -16.551659 0.481867 2.154924 4.354223 14.994825 -6.450799 -1.403759 -0.853509 0.963488 -21.419836 10.661241 -14.414178 8.669160 -2.404072 9.137510 8.049854 3.173615
9.608315 -21.877348 15.313684 -16.783281 5.380154 1.074225 13.134638 7.708301 7.700850 -19.985546 -8.616465 9.978963 -39.758179 -15.920666 1.051758 2.116294 5.391817 15.455522 -6.034441 -0.670788 -0.849116 1.510740 -20.934587 10.870542 -14.938411 8.482159 -1.972027 9.108881 7.949473 3.546994
7.056651 -19.975430 16.310207 -18.181990 5.694450 0.005953 14.342756 6.080903 7.740984 -19.301418 -9.572290 9.894454 -39.060860 -14.804141 2.348737 1.603626 7.639314 15.899600 -5.429946 0.804606 -0.607185 2.731401 -19.572443 10.719927 -15.747455 8.008171 -1.425559 9.485847 7.750985 4.369180
3.599413 -17.892660 16.004248 -18.439913 7.708755 0.166390 14.034388 3.639012 7.010430 -17.899862 -10.707264 9.730511 -37.385998 -13.618727 3.916403 1.239537 9.862666 15.697339 -5.387673 2.066596 -0.017938 4.463542 -17.530348 10.157353 -16.788425 7.320392 -0.924718 10.096695 7.509327 5.501429
0.535986 -17.119514 14.153480 -19.031471 9.768080 1.749927 12.539768 0.467777 6.303986 -16.899149 -12.404451 10.108467 -35.117371 -11.841920 5.751015 1.048951 12.515703 14.396909 -5.642191 2.972203 0.141155 6.066597 -15.918673 9.619711 -17.814522 6.697202 -0.853805 10.075815 6.953501 6.347233
-0.556812 -17.828949 11.253337 -18.324442 12.859703 2.669475 10.449567 -1.253112 4.893461 -15.976799 -14.775544 11.572091 -32.416138 -9.204043 8.831876 0.731002 17.156401 10.573172 -5.578016 3.632417 0.743086 7.824143 -13.594370 8.811059 -18.823120 6.212805 -1.301750 10.112909 6.344450 7.591606
-1.253778 -20.213621 7.332369 -16.144941 14.876393 3.420879 9.657979 -4.037509 2.658795 -15.221134 -16.864887 12.291286 -29.114149 -6.864105 10.929715 1.271773 19.829185 7.453181 -6.075254 4.168910 1.259375 9.402152 -11.684177 7.225361 -20.400749 5.102093 -2.111074 10.088882 5.577036 9.173929
2.880972 -6.143104 -2.266266 -24.446743 7.685378 -8.340616 18.920525 -7.928828 -10.234591 -19.843302 -17.939854 7.234456 -22.777573 -2.640884 1.407239 5.677111 18.792227 4.466681 -15.270089 2.050897 -4.638322 10.209693 -5.457983 8.240751 -22.595989 8.232259 2.914009 14.104746 6.697232 4.736018
3.469380 -5.311683 -4.623443 -22.551117 8.812984 -6.785150 18.873825 -8.934460 -13.043019 -19.873739 -18.943970 6.925991 -19.464106 -3.733419 2.438322 5.359108 19.733301 1.795088 -16.271503 2.036678 -3.394024 10.580750 -3.814889 6.701450 -22.456329 8.339462 1.010904 13.810421 6.492319 5.315592
2.823210 -4.307255 -4.827008 -20.156084 10.219331 -6.648692 20.854713 -10.329979 -14.660705 -17.767471 -19.068985 6.170183 -15.802717 -4.743370 3.125898 6.458236 18.784548 -0.922736 -17.493151 1.003398 -1.926048 11.143190 -1.965675 5.358524 -22.213055 8.541551 -0.751383 13.716810 6.313463 5.537288
0.514861 -7.963417 -2.414239 -13.323421 15.937032 -5.162266 18.338442 -6.646081 -11.397377 -13.249670 -19.085714 4.521472 -10.634574 -1.114218 9.004257 10.128973 16.265493 -0.794846 -17.653955 -2.853399 1.303962 14.179609 -0.358454 3.396207 -19.463654 6.988744 -4.427487 14.164396 5.129374 4.994291
4.148589 -6.379059 -1.031001 -10.351855 17.072990 -3.327736 18.723120 -4.724293 -12.332216 -11.595474 -16.645618 2.840101 -7.243522 -4.899871 9.690763 10.993738 13.372692 -0.653500 -19.531187 -1.689535 2.510757 14.746171 1.558271 3.338502 -18.266357 7.635375 -6.803226 14.139430 4.944025 2.665519
6.766071 -4.683882 2.943797 -8.622179 16.557167 -5.010495 20.193983 -3.262341 -11.148957 -11.458939 -14.756296 1.109426 -6.360895 -7.979270 9.450538 9.845770 10.751904 1.252341 -21.146845 -2.242052 2.961708 14.167008 2.059327 4.515104 -16.755045 8.522639 -8.562831 13.830231 4.878255 -0.744124
10.628450 -4.364625 5.372701 -8.734625 15.489325 -5.251781 20.804180 -1.785667 -9.144697 -11.509390 -13.621244 0.495980 -7.150242 -9.779817 8.198312 9.924532 6.345363 5.109571 -21.169363 -0.908714 3.269481 13.372682 1.688964 5.830669 -15.274414 9.369620 -9.380512 13.560564 5.047261 -3.470264
12.116657 -4.243746 6.191901 -8.036604 14.738603 -5.640676 20.968380 0.733027 -8.835293 -11.877544 -13.045584 -0.059651 -8.642112 -10.601031 7.471478 9.388636 5.111782 7.933714 -20.759890 -0.202754 3.486190 12.621537 0.954875 6.789262 -14.197831 9.981187 -9.705269 13.307791 5.386715 -5.023113
11.648520 -4.511734 7.378896 -6.958928 13.616283 -5.492422 22.053997 2.524175 -9.260005 -12.134615 -12.187079 -0.659823 -10.301303 -10.982755 7.608572 7.794869 5.761875 8.762815 -20.917528 -1.630955 3.461041 11.676405 -0.063355 7.512900 -13.539618 10.171082 -9.612648 13.408808 5.812352 -5.635422
10.859789 -5.125133 7.230265 -6.854407 12.714318 -6.275523 22.652306 4.155867 -9.276269 -12.641835 -11.804906 -0.964003 -11.544763 -11.490302 7.461347 6.557162 5.613041 9.574418 -21.126612 -2.854355 3.449644 10.753814 -1.009245 8.184295 -13.275101 10.241008 -9.144007 13.492176 6.281155 -5.774564
10.509161 -5.709157 6.934928 -7.505048 12.055440 -6.586314 22.641872 4.928161 -8.975486 -13.129558 -11.761306 -1.070018 -12.666020 -11.538224 7.024237 5.882148 5.597455 10.201045 -21.048216 -3.595012 3.332938 10.172948 -1.636565 8.525146 -13.318080 10.245109 -8.651727 13.517525 6.608671 -5.380062
10.409475 -6.076815 6.910052 -7.848008 11.809200 -6.464233 22.561512 5.275150 -8.714292 -13.505533 -11.810557 -1.125469 -13.113676 -11.384221 6.918589 5.495652 5.921003 10.317310 -21.023230 -3.999956 3.208864 9.812856 -2.051841 8.661702 -13.355505 10.240341 -8.304606 13.605385 6.818503 -5.008398
10.428769 -6.315850 6.784212 -7.988411 11.812449 -6.458440 22.518467 5.222870 -8.552987 -13.744781 -11.890429 -1.130561 -13.417621 -11.244241 6.768523 5.314552 6.112223 10.313613 -20.984961 -4.304918 3.135509 9.674326 -2.237865 8.650675 -13.375260 10.230635 -8.167639 13.666243 6.917101 -4.810785
