1.208733 -18.306536 13.119949 -11.802192 14.389499 -3.143895 5.703532 26.520975 1.424760 -5.105939 -8.247410 10.109663 -35.324963 -22.677975 -4.882873 9.023199 -9.487163 5.831975 -9.801608 -11.649588 4.635256 0.204013 -21.196526 15.401128 -6.555270 7.892974 -4.917871 11.474366 8.387663 -4.776338
1.115784 -18.179817 13.096769 -11.865047 14.473453 -3.237780 5.701249 26.493496 1.391546 -5.082003 -8.167913 9.983842 -35.255917 -22.673321 -4.826791 8.914984 -9.454367 5.876493 -9.976093 -11.753500 4.659984 0.251252 -21.132162 15.491701 -6.648729 7.932053 -4.963939 11.330951 8.371912 -4.886951
0.943249 -17.919182 13.225993 -11.873413 14.468703 -3.426825 5.805303 26.365738 1.302827 -5.118552 -8.084317 9.763511 -35.224930 -22.558632 -4.739370 8.735458 -9.361052 6.020060 -10.150784 -11.987398 4.581635 0.285146 -21.095135 15.677802 -6.762933 8.043104 -5.112555 11.053198 8.296929 -5.303948
0.639481 -17.698425 13.397523 -11.812506 14.492005 -3.606676 5.917140 26.168430 1.161224 -5.169719 -8.074171 9.570601 -35.223862 -22.234352 -4.563256 8.471584 -8.988466 6.153096 -10.261926 -12.124592 4.325642 0.220072 -21.194548 15.759988 -6.948502 8.125834 -5.405821 10.764671 8.111531 -5.939055
0.389249 -17.328320 13.736728 -11.583950 14.429225 -3.826156 6.128099 25.944145 0.867155 -5.312351 -7.802075 9.231669 -35.289917 -21.949512 -4.340673 8.193147 -8.461757 6.033945 -10.481963 -12.806999 4.058416 0.147734 -21.223793 15.608773 -7.157947 8.186591 -5.730867 10.571476 7.996686 -6.454325
0.051508 -17.110149 14.058076 -11.143150 14.220820 -3.963545 6.498122 25.698372 0.450021 -5.508387 -7.815229 8.796266 -35.496292 -20.939863 -4.139991 8.300271 -7.628509 5.979635 -10.447474 -13.767946 3.672880 0.302591 -21.283226 15.605578 -7.376425 7.970516 -6.133647 10.266948 7.539984 -7.162078
0.001874 -16.787516 14.608002 -10.877277 14.028262 -4.251794 6.757428 25.245173 0.358307 -5.650952 -7.675673 8.166499 -35.611576 -20.104851 -3.309095 7.582376 -5.992402 6.129771 -10.541244 -14.519144 3.097595 0.430564 -21.286694 15.503073 -7.608256 7.842806 -6.752559 9.962896 6.966249 -8.168335
-0.173669 -16.731186 14.930371 -10.545869 13.542229 -4.507545 7.146513 24.847269 0.093711 -6.016297 -7.563726 7.233713 -35.477108 -19.140078 -2.729559 7.542202 -4.831761 6.171406 -10.522038 -15.671528 2.518538 0.684861 -21.368895 15.627084 -8.301227 7.658637 -7.209321 9.184280 6.416711 -9.211092
-0.208235 -16.736595 15.153032 -10.331392 13.139825 -4.809499 7.329168 24.798170 0.017910 -6.302081 -7.307350 6.367115 -35.826469 -18.160061 -2.274222 7.697433 -3.838864 6.451607 -10.134883 -16.886414 1.688468 0.812089 -21.775976 15.927290 -8.610748 7.333039 -7.454036 8.683100 5.734219 -10.044571
-0.020848 -16.681906 15.403537 -10.142389 12.923776 -4.903737 7.326388 25.209946 -0.081162 -6.589996 -7.198326 5.577319 -35.756237 -17.445015 -1.732435 7.738696 -2.815246 6.606960 -10.035795 -17.638203 1.315933 1.000120 -21.628857 15.900936 -9.194673 7.281329 -7.971969 7.994569 5.281011 -10.690446
0.074516 -16.500166 15.807829 -10.198645 12.741691 -4.953386 7.336345 25.501656 -0.066083 -6.855062 -6.968739 4.929523 -35.658287 -17.300915 -1.079943 7.434544 -1.850708 6.724464 -9.966281 -17.940683 0.695917 1.343224 -21.639574 15.952984 -9.631650 6.929477 -8.248953 7.546879 4.528626 -11.009265
0.179245 -16.407042 16.294838 -10.293242 12.542887 -5.024447 7.271367 25.765100 0.191724 -7.004609 -7.240155 4.278926 -35.451401 -16.675999 -0.759421 7.989381 -1.652351 7.129345 -9.695237 -18.293682 0.588373 1.451901 -21.516356 16.107615 -9.723218 7.004929 -8.438363 7.315044 4.342965 -11.429431
0.095037 -17.549971 16.234169 -10.271570 11.891701 -4.909412 7.429270 25.647417 0.610843 -7.196667 -7.647871 2.775868 -34.821022 -14.820536 -0.560358 10.129546 -1.840361 8.017962 -8.795595 -19.227612 -0.236079 1.772037 -21.413845 15.871015 -9.932010 7.079672 -8.670882 6.973259 3.573019 -10.661771
0.001730 -18.132975 16.330482 -10.327181 11.253497 -5.028806 7.817515 25.362114 0.762244 -7.404371 -7.537474 1.883653 -34.459152 -14.615956 -0.293272 10.446194 -2.056478 8.823294 -8.739341 -19.741879 -0.716897 2.155977 -21.211042 15.877789 -9.956710 7.129850 -9.125309 6.502004 2.715999 -9.811182
-0.113315 -18.439270 16.303516 -10.413720 10.947936 -5.042114 8.047946 25.293194 0.806798 -7.517599 -7.404872 1.346612 -34.181828 -14.775114 -0.266692 10.662287 -2.355059 9.278180 -8.631906 -19.918491 -0.690853 2.234482 -21.030712 15.811142 -9.878900 7.200935 -9.234586 6.497000 2.673522 -9.581852
-0.294379 -18.710505 16.171432 -10.487624 10.749515 -4.984757 8.220031 25.262476 0.838592 -7.523675 -7.548768 1.033428 -33.783409 -14.790182 -0.260764 10.977148 -2.673626 9.621091 -8.557912 -19.861301 -0.648419 2.300132 -20.890099 15.830255 -9.909710 7.267406 -9.115096 6.497958 2.761561 -9.470980
-0.415011 -18.974501 16.040770 -10.484226 10.722597 -4.903862 8.309450 25.197193 0.884573 -7.426623 -7.700000 0.782758 -33.351730 -14.791520 -0.217788 10.969460 -2.866364 10.005256 -8.787618 -19.669434 -0.645073 2.326229 -20.802645 15.749132 -9.922196 7.295582 -9.033265 6.537886 2.821806 -9.326261
-0.487161 -19.092939 15.938756 -10.471604 10.761665 -4.888273 8.373950 25.211231 0.866689 -7.339566 -7.943235 0.700871 -33.012459 -14.677326 -0.286837 11.264780 -3.168482 10.155767 -8.826208 -19.518324 -0.703155 2.336959 -20.884531 15.915071 -9.862511 7.335773 -8.985403 6.407589 2.718287 -9.121532
-0.553976 -19.151375 15.869356 -10.428008 10.742197 -4.901533 8.452021 25.170614 0.801834 -7.323525 -7.998461 0.684051 -32.974442 -14.792045 -0.330535 11.293623 -3.385840 10.294535 -8.799487 -19.469288 -0.744635 2.360222 -20.887815 15.962616 -9.850110 7.371760 -8.956986 6.344697 2.672195 -8.960710
-0.561135 -19.182592 15.838648 -10.445349 10.750945 -4.908175 8.458125 25.157143 0.821604 -7.293007 -8.008553 0.648326 -32.943855 -14.837628 -0.344239 11.336771 -3.487955 10.332402 -8.771755 -19.503452 -0.731746 2.348069 -20.881071 15.923401 -9.847324 7.363638 -8.974089 6.366052 2.683903 -8.931114
-0.444410 -19.250277 15.833621 -10.478054 10.691401 -4.966994 8.443686 25.040733 0.877090 -7.349793 -8.072596 0.752486 -32.960579 -14.660314 -0.335912 11.360256 -3.338773 10.261930 -8.755694 -19.433184 -0.801637 2.369497 -20.927721 15.975151 -9.819678 7.355013 -8.930697 6.347268 2.614628 -8.857427
-0.286286 -19.522882 15.743165 -10.811747 10.455190 -4.887443 8.413810 24.737911 1.071105 -7.555801 -8.145094 0.943989 -33.338993 -14.260369 -0.284263 11.246969 -2.836934 10.212276 -8.522389 -19.418743 -0.970750 2.295457 -20.981867 15.741467 -9.841241 7.356297 -8.936260 6.536262 2.658609 -8.801961
-0.049612 -19.825975 15.689021 -11.221661 10.343583 -4.417096 8.223564 24.325382 1.250086 -7.717038 -8.201442 1.270063 -33.921272 -13.862687 -0.236982 10.787070 -2.239991 10.211382 -8.342877 -19.495605 -1.258930 2.168957 -21.127174 15.433914 -9.920851 7.361678 -8.791467 6.869920 2.780359 -8.612450
0.223806 -20.213045 15.688637 -11.854593 9.909352 -3.728563 8.223307 23.708332 1.187806 -8.232403 -8.824292 2.242440 -34.382034 -13.247863 -0.284583 10.325527 -1.692677 9.756853 -8.282662 -19.124405 -1.529829 1.967702 -21.398420 15.358804 -9.851151 7.499092 -8.486651 7.203866 2.977730 -8.428691
0.366350 -20.675520 15.412881 -12.639988 9.123078 -2.922043 8.516489 22.689295 0.969053 -8.951429 -9.756548 2.959448 -34.308235 -12.038262 -0.571725 10.312584 -1.445986 9.472669 -8.276359 -19.012087 -1.603847 1.757366 -21.136328 14.085565 -9.696109 7.462801 -7.594026 8.844054 3.966524 -7.884464
0.558201 -21.371090 14.429707 -13.564168 8.321965 -2.153385 8.923759 21.650848 0.657510 -9.574893 -10.897856 3.875321 -34.016701 -11.102056 -0.934046 10.562265 -1.532176 9.167367 -8.085042 -18.321184 -1.168774 1.281680 -21.014673 13.211533 -8.710685 7.689858 -6.721904 10.529176 4.985865 -6.508307
1.206779 -22.140331 13.021433 -14.775578 7.704565 -1.731553 9.211466 20.638191 0.644317 -10.011002 -11.928900 4.765656 -33.636932 -10.635756 -1.620472 10.835112 -2.266181 9.485823 -8.264130 -17.127888 -0.674840 1.150653 -20.613777 12.172669 -7.985016 7.757494 -5.935821 12.143682 5.841384 -5.005264
2.188483 -21.707857 12.669152 -16.112844 7.330352 -1.836395 9.544279 19.267479 1.075470 -9.920872 -12.592504 5.465946 -33.087082 -10.771678 -1.945724 10.937707 -2.863968 9.775474 -8.404051 -15.638580 0.277676 1.355937 -19.581518 11.317046 -7.186558 7.724268 -5.030299 13.962851 6.776239 -3.346232
3.800770 -20.948391 12.383441 -17.472574 7.239028 -2.337972 9.558545 18.377918 1.860415 -9.596267 -13.121462 6.147433 -32.079174 -11.508277 -2.121624 10.659550 -3.352339 9.572548 -8.945978 -13.982845 0.764286 1.718149 -18.726379 10.526735 -6.988914 7.406161 -4.374002 15.208043 7.295222 -2.296080
5.333631 -19.782877 12.426229 -18.966852 7.251246 -3.120831 9.459822 17.034044 2.679067 -9.185413 -13.876249 6.577624 -30.760895 -12.171517 -1.783736 10.010337 -3.403057 9.318597 -9.544995 -12.574265 1.049346 2.240531 -17.919859 10.344071 -7.343950 7.199399 -4.254827 15.365561 7.288276 -1.853917
6.680721 -18.706455 12.564452 -19.854437 7.391500 -3.892740 9.344770 15.796582 3.211418 -8.792175 -14.565739 6.599978 -29.687658 -12.628915 -1.052852 9.614217 -2.702875 8.948028 -9.588778 -11.865412 1.618115 2.859706 -16.595160 9.896798 -8.262448 7.255724 -4.464357 15.132036 7.518164 -1.499041
7.070526 -17.705208 13.037105 -20.478678 7.567865 -4.595662 9.408662 14.425694 3.558318 -8.481836 -15.523117 6.488397 -28.782116 -12.145052 0.088095 9.438577 -1.134597 8.531668 -9.186629 -11.358841 1.236430 3.366421 -16.148031 10.009187 -9.310073 7.017817 -4.571377 14.517146 7.003026 -1.329838
7.393410 -16.778345 13.420131 -20.861601 7.822731 -5.249911 9.749447 13.152401 3.387013 -8.337030 -16.093147 6.287737 -28.366199 -11.436584 0.817807 9.294345 0.149086 8.544717 -8.683440 -11.149260 0.992220 4.114410 -15.345538 9.849455 -10.327097 6.544074 -5.099438 13.956764 6.328237 -1.408455
7.886791 -15.779289 13.644164 -20.934731 8.336532 -5.892862 9.733997 12.363765 3.288007 -8.051661 -16.576597 5.872587 -27.803263 -10.949300 1.509171 9.056981 1.018764 8.896149 -8.460132 -11.038179 0.767744 4.779942 -14.635999 10.142179 -11.367480 6.264949 -5.883223 12.911930 5.494051 -2.193291
8.248848 -15.231618 13.806852 -20.909464 8.786885 -6.329125 9.689594 11.671360 3.208880 -7.774270 -16.998102 5.399247 -27.085892 -10.506640 2.169404 8.626251 1.609976 9.356200 -8.262599 -11.006685 0.435523 5.304665 -14.121041 10.492127 -11.989327 6.036482 -6.255084 12.241317 4.826366 -2.738384
8.410316 -14.669416 13.965730 -20.843130 9.224286 -6.701348 9.649132 10.979591 3.276553 -7.370892 -17.638885 4.861355 -26.024483 -10.288584 2.818798 8.108354 1.760246 9.958202 -8.401779 -10.898507 0.119741 5.703376 -13.839705 11.283656 -12.411475 5.986105 -6.095016 11.708324 4.402227 -3.278844
8.594893 -14.227573 13.900558 -20.791903 9.813304 -6.988604 9.398956 10.223330 3.426867 -6.865311 -17.722050 4.615144 -25.952068 -10.267739 3.219140 7.568920 2.192321 10.496297 -8.297421 -10.675467 0.034016 6.219347 -13.312861 11.424528 -12.615388 5.747858 -6.042881 11.687004 4.087225 -3.264231
8.721060 -13.883049 13.738444 -20.601246 10.313653 -7.133641 9.130640 9.915878 3.403230 -6.506860 -17.987915 4.409789 -25.711071 -10.113748 3.432090 7.301440 2.358829 10.905208 -8.257314 -10.570154 -0.104933 6.448493 -13.221470 11.742464 -12.815419 5.643534 -5.932627 11.496387 3.843415 -3.279637
8.843018 -13.744701 13.656895 -20.585953 10.534205 -7.220902 8.982844 9.624372 3.494462 -6.317207 -18.152798 4.264169 -25.463665 -9.988393 3.641154 7.244947 2.574574 10.988532 -8.254561 -10.537108 -0.118790 6.604491 -13.066322 11.800405 -12.818490 5.560238 -5.900021 11.561117 3.742762 -3.272754
8.868379 -13.678625 13.637560 -20.573278 10.594460 -7.223964 8.943460 9.573600 3.501793 -6.274423 -18.217766 4.234974 -25.353771 -9.957234 3.696350 7.234688 2.612335 10.981836 -8.278345 -10.523077 -0.181611 6.661408 -12.988781 11.819932 -12.848462 5.527584 -5.878143 11.600822 3.706956 -3.328273
8.881325 -13.714806 13.632223 -20.591806 10.598769 -7.244974 8.944021 9.505449 3.539839 -6.252420 -18.247589 4.212088 -25.311245 -9.936178 3.718616 7.223005 2.606645 11.010011 -8.301728 -10.520561 -0.206922 6.674716 -12.991305 11.848475 -12.826976 5.518407 -5.859585 11.615335 3.687624 -3.315639
8.859388 -13.711525 13.591304 -20.550810 10.619054 -7.261620 8.960419 9.459015 3.499691 -6.232652 -18.253304 4.197601 -25.420437 -9.916232 3.802682 7.087513 2.767619 11.126460 -8.240890 -10.461700 -0.250054 6.741929 -12.891068 11.829618 -12.783080 5.478571 -5.866373 11.694372 3.639345 -3.304163
8.835957 -13.711148 13.544980 -20.520113 10.639081 -7.282882 8.963529 9.419458 3.472759 -6.205779 -18.302204 4.134886 -25.385223 -9.856141 3.927480 6.942826 2.958629 11.238340 -8.280887 -10.422630 -0.225452 6.901919 -12.698162 11.824655 -12.766661 5.420669 -5.774088 11.831367 3.629169 -3.219069
8.775759 -13.721426 13.528026 -20.466381 10.639733 -7.294687 8.998315 9.375192 3.429454 -6.186477 -18.343788 4.077944 -25.248579 -9.823480 4.085176 6.771773 3.183781 11.342875 -8.404333 -10.285778 -0.225512 7.093360 -12.542912 11.942775 -12.642531 5.357132 -5.527334 12.067782 3.594633 -3.104945
8.712219 -13.728456 13.513820 -20.402351 10.633080 -7.314322 9.037155 9.323170 3.383652 -6.171103 -18.597788 3.896491 -24.754101 -9.665074 4.397411 6.515525 3.431281 11.483092 -8.724556 -10.215902 -0.070476 7.445176 -12.083290 11.864309 -12.322089 5.246768 -5.362378 12.545743 3.535490 -2.906535
8.666363 -13.726103 13.489291 -20.343271 10.637262 -7.328513 9.057775 9.283527 3.337125 -6.155168 -18.825176 3.909876 -24.382076 -9.599619 4.636994 6.351145 3.733556 11.457122 -8.854045 -9.893188 -0.055055 7.662843 -11.884467 11.895434 -12.305579 5.168144 -5.099783 12.781524 3.549558 -2.794411
8.619442 -13.721554 13.448799 -20.295988 10.647571 -7.362103 9.082788 9.207479 3.285620 -6.135014 -18.967152 3.965468 -24.162418 -9.595588 4.858393 6.158089 3.931270 11.473254 -8.868170 -9.644812 0.191064 7.979326 -11.370378 11.550140 -11.985819 5.089964 -4.968827 13.318894 3.605823 -2.294688
8.596512 -13.677229 13.405411 -20.223562 10.688805 -7.383655 9.078175 9.133457 3.226808 -6.086401 -19.207386 3.978776 -23.680796 -9.389777 5.204013 5.970226 4.352957 11.247715 -9.107110 -9.566732 0.481784 8.376857 -10.759163 11.067187 -11.697188 4.832430 -4.952688 13.927719 3.581792 -1.839018
8.576766 -13.628644 13.361936 -20.145704 10.719771 -7.430201 9.097071 9.064409 3.164550 -6.045339 -19.248695 4.097426 -23.553167 -9.337989 5.473229 5.861381 4.802262 11.055522 -9.165261 -9.311497 0.591335 8.607716 -10.404982 10.598124 -11.585456 4.600986 -5.000558 14.313367 3.533153 -1.457120
8.559122 -13.582745 13.302745 -20.077803 10.764098 -7.491153 9.113962 8.994205 3.095858 -5.998572 -19.293713 4.215734 -23.044218 -9.101134 5.754458 5.996915 5.402125 10.492454 -9.359772 -8.982737 0.699022 8.831424 -10.109047 10.078389 -11.401977 4.408078 -4.681138 14.973639 3.641020 -0.638953
8.576501 -13.526959 13.287072 -20.038382 10.798026 -7.553229 9.117134 8.896889 3.076783 -5.953606 -19.349323 4.302569 -22.579508 -8.820193 6.038774 6.239851 6.149128 9.689102 -9.394187 -8.829111 0.776805 9.071488 -9.803391 9.269996 -11.608099 3.950037 -5.299008 15.096012 3.315989 -0.541365
8.580347 -13.496313 13.202189 -19.974306 10.873996 -7.599910 9.115187 8.783814 3.019323 -5.878591 -19.322107 4.316007 -22.243818 -8.712402 6.328558 6.328435 6.832252 8.959774 -9.320901 -8.850444 0.841368 9.153805 -9.728177 8.641144 -11.640290 3.709443 -5.264585 15.525055 3.386389 -0.004117
8.624962 -13.454940 13.230454 -19.967518 10.905887 -7.663792 9.102892 8.682523 3.080601 -5.811864 -19.494776 4.355900 -21.837479 -8.542129 6.500324 6.459315 7.347285 8.299793 -9.311236 -8.887516 0.869139 9.251921 -9.645250 8.051188 -11.873134 3.377901 -5.590790 15.599071 3.254815 0.156600
8.662072 -13.415289 13.222506 -19.960817 10.965280 -7.723948 9.079985 8.596084 3.132314 -5.731436 -19.657181 4.372768 -21.450298 -8.309583 6.774322 6.514475 8.119498 7.506758 -9.244512 -8.950480 0.833181 9.385212 -9.535177 7.840739 -12.085536 3.165376 -5.840306 15.474108 3.102153 0.048638
8.736115 -13.386571 13.221497 -19.999414 11.012395 -7.783675 9.044744 8.531902 3.202665 -5.678900 -19.698788 4.361487 -21.169580 -8.275105 6.929369 6.543142 8.459533 7.087574 -9.261437 -8.980636 0.790931 9.416600 -9.504181 7.587708 -12.409114 2.999211 -6.294613 15.237708 2.922821 -0.111949
8.770197 -13.354747 13.176491 -19.994507 11.078710 -7.829656 9.014873 8.477438 3.224829 -5.603301 -19.757050 4.325714 -20.900206 -8.235137 7.037408 6.625563 8.721194 6.688139 -9.305761 -9.104192 0.826785 9.411901 -9.444527 7.458023 -12.493408 2.986104 -6.552696 15.138528 2.867054 -0.109984
8.826179 -13.331820 13.173072 -20.005369 11.133502 -7.887658 8.989771 8.400761 3.289371 -5.527832 -19.877163 4.254897 -20.634119 -8.165366 7.118169 6.614688 8.880447 6.376260 -9.378398 -9.379362 0.878169 9.389841 -9.228861 7.170417 -12.764611 2.956969 -7.338509 14.718828 2.654793 -0.326127
8.849857 -13.330456 13.143032 -20.010965 11.179326 -7.922001 8.972954 8.310184 3.325554 -5.465418 -20.007494 4.224155 -20.376001 -8.112440 7.198435 6.547403 9.029569 6.151584 -9.415944 -9.519561 0.904714 9.374244 -9.192570 7.043539 -12.837396 2.926692 -7.525970 14.656959 2.628153 -0.345579
8.858456 -13.328123 13.122205 -20.004694 11.207971 -7.950122 8.967869 8.253632 3.342559 -5.424881 -20.060650 4.150916 -20.168530 -8.160720 7.284474 6.414007 9.133197 5.977937 -9.482100 -9.736785 0.916211 9.360234 -9.193579 6.971223 -12.912254 2.889796 -7.701997 14.558796 2.585174 -0.412171
8.862623 -13.325720 13.122867 -20.008266 11.206261 -7.952447 8.966330 8.255552 3.344195 -5.426958 -20.071247 4.118819 -20.090267 -8.190362 7.326444 6.341697 9.180040 5.905508 -9.515102 -9.847223 0.916503 9.365590 -9.153633 6.935112 -12.932933 2.894717 -7.764166 14.536782 2.567733 -0.396196
8.858448 -13.322345 13.125442 -20.000843 11.207053 -7.950881 8.969326 8.259597 3.337529 -5.426998 -20.050785 4.113011 -20.113628 -8.204016 7.323187 6.341164 9.171923 5.919983 -9.513547 -9.852364 0.918631 9.368422 -9.178644 6.960325 -12.925611 2.882202 -7.731892 14.543747 2.571530 -0.415918
8.848158 -13.320320 13.118094 -19.997484 11.210902 -7.939631 8.964537 8.286017 3.321934 -5.434455 -20.030851 4.102366 -20.178665 -8.217832 7.306882 6.331989 9.132108 5.994398 -9.515328 -9.851757 0.925785 9.360506 -9.188291 6.963710 -12.920855 2.878667 -7.735742 14.536857 2.575839 -0.442391
8.840151 -13.329415 13.155891 -20.007021 11.182871 -7.929168 8.974290 8.323772 3.333203 -5.463912 -19.943027 4.076145 -20.361334 -8.278826 7.249539 6.326424 8.996818 6.136421 -9.518796 -9.902912 0.915783 9.341965 -9.200142 6.951986 -12.950035 2.874656 -7.823676 14.468965 2.547520 -0.510404
8.827513 -13.358832 13.186584 -20.023523 11.150781 -7.919970 8.992796 8.316266 3.349707 -5.487438 -19.887592 4.033499 -20.521942 -8.360955 7.190431 6.269626 8.828872 6.335930 -9.538542 -9.969305 0.932401 9.326202 -9.330514 7.070175 -12.910939 2.820384 -7.733630 14.451714 2.562737 -0.686983
8.795195 -13.401983 13.227700 -20.035746 11.101802 -7.905220 9.027027 8.317658 3.355254 -5.533944 -19.843342 3.999851 -20.637371 -8.445378 7.149818 6.220218 8.654889 6.528677 -9.574902 -10.006713 0.882740 9.308911 -9.476801 7.246108 -12.864315 2.805655 -7.530491 14.471393 2.595286 -0.814940
8.769421 -13.414082 13.305585 -20.040819 11.057470 -7.883561 9.052231 8.350761 3.365788 -5.586252 -19.815277 3.934127 -20.817972 -8.513655 7.063666 6.215343 8.402780 6.737395 -9.551137 -10.133457 0.877019 9.312613 -9.490191 7.319646 -12.915223 2.776455 -7.533576 14.407474 2.585254 -0.991091
8.731913 -13.425319 13.293030 -20.010771 11.040313 -7.843142 9.069162 8.390461 3.311000 -5.616490 -19.715874 3.887352 -20.978388 -8.667367 6.997867 6.180217 8.224911 6.916812 -9.563466 -10.140177 0.861334 9.322914 -9.646894 7.580236 -12.988931 2.661499 -7.438175 14.268595 2.553635 -1.407480
8.669351 -13.462526 13.300152 -19.992708 10.994168 -7.789999 9.103189 8.433148 3.264938 -5.670349 -19.488682 3.792728 -21.222286 -8.896543 6.782331 6.200448 7.839572 7.104238 -9.619676 -10.326641 0.831653 9.358674 -9.667402 7.792755 -13.065141 2.621498 -7.418813 14.125319 2.491337 -1.723932
8.638844 -13.505283 13.375443 -20.038557 10.913055 -7.711712 9.127937 8.538951 3.263975 -5.772156 -19.272367 3.732532 -21.676634 -9.073303 6.503513 6.252696 7.393867 7.340521 -9.610147 -10.611618 0.800192 9.369792 -9.738399 7.992398 -13.153398 2.586086 -7.432022 13.967352 2.445201 -2.052344
8.614238 -13.554556 13.422635 -20.094419 10.824578 -7.634067 9.142591 8.673286 3.265626 -5.882534 -19.060726 3.646313 -22.068890 -9.268949 6.184431 6.329064 6.852806 7.503774 -9.638867 -11.003513 0.747437 9.293028 -9.854802 8.252137 -13.196158 2.660247 -7.442258 13.778081 2.426213 -2.362644
8.576591 -13.652004 13.454152 -20.184704 10.732619 -7.517657 9.127959 8.859437 3.307737 -6.003271 -18.826181 3.547419 -22.437525 -9.480019 5.819703 6.435387 6.299772 7.567681 -9.726813 -11.463043 0.835959 9.223642 -9.877390 8.301240 -13.247535 2.674576 -7.681232 13.589626 2.414625 -2.630237
8.578915 -13.753842 13.525905 -20.338533 10.632486 -7.399490 9.100801 9.016894 3.418086 -6.120271 -18.512177 3.426228 -22.704424 -9.705255 5.571068 6.592497 5.919443 7.577595 -9.848811 -11.788405 0.797270 9.012547 -10.145857 8.577397 -13.199022 2.790910 -7.716117 13.401583 2.450869 -2.913269
8.548679 -13.877306 13.655009 -20.487562 10.506597 -7.295275 9.080786 9.227077 3.573174 -6.245583 -18.220707 3.400676 -22.871593 -9.943425 5.230526 6.784247 5.393979 7.403378 -10.021632 -12.132549 0.873325 8.832637 -10.229181 8.593855 -13.115889 2.860761 -8.135988 13.173946 2.404089 -3.136859
8.596881 -13.894333 13.954891 -20.634974 10.259606 -7.166710 9.058621 9.656351 3.784954 -6.476982 -17.922096 3.362364 -22.951445 -10.162418 4.867793 7.184234 4.834285 7.053967 -10.015773 -12.516244 0.942948 8.373427 -10.569969 8.721951 -12.779370 3.266195 -8.458098 12.969033 2.583938 -3.280736
-2.883457 -21.710243 8.936345 -12.412606 20.206621 0.325350 7.307739 20.190536 4.272771 3.023409 -17.082973 0.451007 -22.752060 -19.436710 3.499267 13.278654 0.906321 6.407632 -2.346025 -7.743335 3.059891 4.862422 -13.644346 14.070438 -8.378760 4.810982 -10.679810 9.950837 0.283670 -0.384699
-3.212419 -21.987299 8.846456 -11.943623 19.902737 0.940735 7.445909 20.862007 3.790075 2.691099 -16.333662 0.255192 -22.999563 -19.771229 3.079898 13.806017 0.337008 5.992694 -2.635830 -8.336664 3.464212 4.539994 -13.665836 13.981014 -8.077262 5.110828 -11.207544 9.806762 0.508456 -0.756227
-2.961977 -21.922323 8.812642 -11.273052 19.803295 1.309488 7.449722 21.596420 3.294890 2.507490 -15.702228 0.156912 -23.029621 -20.071245 2.834662 14.267056 -0.031155 5.531551 -2.805325 -8.645393 3.872587 4.237298 -13.593912 13.844079 -7.752429 5.410050 -11.868525 9.639709 0.676404 -1.141556
-2.778528 -21.844339 8.676155 -10.560833 19.886982 1.410037 7.519163 21.873039 2.746771 2.473074 -15.077080 0.039685 -23.016518 -20.354321 2.673512 14.681441 -0.305418 4.978801 -2.956595 -9.057737 4.286666 3.964029 -13.531431 13.783817 -7.386410 5.665052 -12.520412 9.498262 0.811157 -1.606840
-2.113007 -21.431868 8.295127 -9.745531 20.121288 1.313819 7.450727 22.384651 2.120865 2.544355 -14.415733 -0.084157 -22.889820 -20.672007 2.515606 15.122830 -0.588475 4.333033 -3.101237 -9.430188 4.680355 3.864486 -13.273876 13.487521 -7.120908 5.778287 -13.240354 9.403535 0.820627 -1.821339
0.835105 -20.931181 7.900482 -7.118262 18.724133 -3.039901 6.329030 22.370119 -0.383031 0.036903 -13.026506 4.811078 -23.648724 -21.787388 4.515329 11.363317 -2.696317 2.779363 -6.300328 -10.511640 6.567330 5.345352 -14.546532 12.194807 -5.702712 3.996036 -13.391728 10.107931 1.408082 -2.217017
1.937556 -19.553915 7.613648 -6.469008 18.874544 -4.263396 6.261720 22.570759 -1.601306 -0.462308 -12.097175 5.500264 -23.595644 -22.994713 4.815406 9.843231 -2.680837 1.893623 -7.582429 -10.392599 7.312523 5.354171 -14.486567 11.663371 -5.388033 3.293335 -13.836206 10.422408 1.513569 -2.270375
1.842882 -19.019648 7.395306 -6.026133 19.125046 -4.633537 6.283344 22.910313 -2.464926 -0.754463 -12.028639 5.455066 -23.083120 -23.147789 4.854795 9.765227 -2.510059 1.300691 -7.975610 -11.063192 7.809350 5.798039 -14.069309 11.409916 -5.265532 3.081167 -14.928321 10.018612 1.007371 -2.528071
1.494336 -18.521257 7.003698 -5.812970 19.726627 -4.838059 6.303641 23.062160 -2.923783 -0.394939 -12.236420 5.032632 -22.244316 -23.174368 5.364573 9.210641 -1.921607 0.838636 -8.479220 -11.680769 8.137592 6.192257 -13.378074 10.937943 -5.407227 2.689269 -15.817452 9.947934 0.532697 -2.737813
0.730354 -18.192606 6.532619 -5.427798 20.228664 -5.136700 6.323249 22.893578 -3.355773 -0.006770 -12.604291 4.777173 -21.547077 -23.036812 5.841531 8.505423 -1.434074 0.647305 -9.117211 -12.117504 8.372435 6.603463 -12.818098 10.513505 -5.570847 2.367023 -16.345356 9.975977 0.198493 -2.795809
-0.178935 -18.076609 5.986736 -5.062541 20.693146 -5.379073 6.328886 22.547653 -3.680056 0.471832 -13.249386 4.565185 -20.702137 -22.757765 6.382336 7.695844 -0.717527 0.559405 -9.764608 -12.326041 8.548732 7.059296 -12.271523 10.119336 -5.742504 2.019865 -16.717669 10.034153 -0.140961 -2.701300
-1.168956 -18.047892 5.500753 -4.705843 21.052570 -5.575269 6.380145 22.029766 -3.989285 0.891164 -13.873802 4.460589 -19.888275 -22.491766 6.881150 7.150416 0.016205 0.283596 -10.181607 -12.399809 8.593902 7.445008 -11.918926 9.819529 -5.926916 1.667407 -16.916224 10.043312 -0.477023 -2.509099
-2.022377 -18.282385 5.317350 -4.444843 21.325871 -5.843305 6.590320 21.450359 -4.212135 1.139134 -14.510159 4.523467 -19.368397 -22.190950 7.258471 6.744278 0.601815 0.253617 -10.336177 -12.137692 8.674734 7.913510 -11.412674 9.371821 -6.177334 1.237523 -17.175587 10.072554 -0.857229 -2.132436
-3.090810 -18.754511 5.183357 -4.188873 21.539057 -6.129369 6.929545 20.592831 -4.439072 1.338791 -15.217286 4.657188 -18.658073 -21.847996 7.659465 6.594473 1.219747 0.050462 -10.261261 -11.627635 8.748199 8.275243 -11.017824 8.994282 -6.403810 0.922675 -17.386574 10.055252 -1.140518 -1.792204
-4.165529 -19.201483 5.120089 -3.878335 21.554750 -6.347555 7.327357 19.676815 -4.695948 1.439041 -15.891968 4.706731 -17.765717 -21.608732 8.001099 6.635519 1.928822 -0.455700 -10.304526 -11.267918 8.702675 8.530195 -10.757136 8.773559 -6.610369 0.695448 -17.435827 10.030741 -1.335658 -1.472077
-5.284067 -19.657831 5.153149 -3.426781 21.396034 -6.641544 7.812119 18.811916 -5.003221 1.411839 -16.442341 4.735630 -17.031731 -21.408382 8.365445 6.626617 2.538834 -0.818309 -10.381347 -11.010580 8.727190 8.736204 -10.458630 8.385725 -6.834461 0.569646 -17.579437 10.015917 -1.459848 -0.994974
-6.259010 -20.225290 5.237252 -3.116517 21.230406 -6.888127 8.337844 17.827621 -5.201263 1.416041 -17.026814 4.885453 -16.296665 -21.091999 8.758859 6.666907 3.177415 -1.164859 -10.306701 -10.470140 8.630606 8.899652 -10.271511 8.149147 -7.066888 0.491179 -17.551710 9.971617 -1.540251 -0.456210
-6.980272 -20.521254 5.089054 -2.884293 21.168840 -7.014702 8.662366 17.109961 -5.453775 1.480111 -17.438148 4.989874 -15.812533 -20.872753 9.074682 6.660737 3.648095 -1.286048 -10.166845 -9.979776 8.732584 9.021447 -9.897078 7.703605 -7.250507 0.523223 -17.724007 9.952621 -1.513815 0.224715
-7.636309 -20.608812 4.741348 -2.729145 21.209923 -7.085348 8.842405 16.489803 -5.759822 1.600449 -17.780613 5.161786 -15.383529 -20.686665 9.322662 6.756732 4.068050 -1.441846 -10.026481 -9.376850 8.845341 9.158137 -9.467960 7.245189 -7.460612 0.558442 -17.896017 9.946630 -1.471632 0.934618
-8.218722 -20.622803 4.239848 -2.599642 21.339760 -7.162378 8.960855 15.832054 -6.081709 1.818535 -18.058922 5.299815 -14.823396 -20.539356 9.620936 6.832209 4.556651 -1.764937 -9.997485 -8.826773 8.993059 9.324131 -9.027281 6.863976 -7.659608 0.599775 -18.012993 9.945194 -1.417603 1.636083
-8.693106 -20.549883 3.684026 -2.481740 21.616867 -7.224295 9.019961 15.334088 -6.445828 2.073213 -18.174068 5.408156 -14.309762 -20.458618 9.889403 6.933854 4.998461 -2.150656 -9.978089 -8.323681 9.118634 9.430238 -8.721207 6.571921 -7.804706 0.654692 -18.122173 9.939692 -1.363407 2.138919
-9.063306 -20.467272 3.139236 -2.392076 21.903835 -7.296535 9.063201 14.898356 -6.781858 2.330880 -18.216232 5.421891 -13.630843 -20.433353 10.190274 7.035813 5.517872 -2.771214 -10.131288 -8.013611 9.217896 9.541880 -8.431126 6.310318 -7.951377 0.689383 -18.244619 9.921933 -1.352859 2.619553
-9.331961 -20.373796 2.643777 -2.351627 22.183228 -7.346543 9.069160 14.515957 -7.056119 2.576677 -18.231625 5.414628 -13.025102 -20.425785 10.460840 7.082787 5.958822 -3.350753 -10.305243 -7.842216 9.310266 9.649896 -8.180357 6.114377 -8.075973 0.717432 -18.329914 9.908789 -1.347593 3.031644
-9.490263 -20.290895 2.283581 -2.342263 22.379978 -7.396799 9.052980 14.259945 -7.228533 2.754940 -18.264297 5.445204 -12.591743 -20.400948 10.678144 7.085896 6.327480 -3.749988 -10.386552 -7.637942 9.372074 9.720325 -8.010973 5.981180 -8.144547 0.744856 -18.379364 9.903181 -1.330213 3.304792
-9.595087 -20.229012 2.069453 -2.322446 22.498562 -7.407997 9.038881 14.134890 -7.352736 2.846602 -18.262676 5.449389 -12.387517 -20.394169 10.762935 7.121794 6.474880 -3.937274 -10.408134 -7.541664 9.367984 9.747666 -7.984533 5.984989 -8.175372 0.738703 -18.352898 9.898894 -1.339392 3.388940
-9.678144 -20.208305 1.956885 -2.292775 22.570286 -7.409439 9.042541 14.086517 -7.447418 2.885235 -18.257504 5.444932 -12.273391 -20.400318 10.809717 7.149230 6.552058 -4.050531 -10.443791 -7.510277 9.392977 9.756551 -7.937946 5.932906 -8.186255 0.751807 -18.393749 9.894739 -1.334471 3.448377
