7.883823 -4.494322 7.660566 -11.945841 9.454700 -10.967276 19.524504 8.719552 -14.201289 -5.804286 -11.813498 -3.055639 -17.801981 -21.522861 15.176034 7.821762 -4.101381 -0.979143 -9.941665 10.210497 4.634234 -5.285900 1.044470 9.101676 -17.918640 6.306670 -6.769245 17.646030 4.147127 -2.178499
7.957470 -4.459918 7.741913 -11.871456 9.420358 -10.984523 19.647171 8.810987 -14.236267 -5.739524 -11.730533 -3.107507 -17.702154 -21.679098 15.214702 7.879416 -4.247749 -0.898091 -9.977439 10.407033 4.668576 -5.242878 1.098077 9.131766 -17.907274 6.311043 -6.811338 17.632351 4.113866 -2.273958
8.097993 -4.405487 7.901539 -11.702982 9.387864 -11.007124 19.840599 8.908038 -14.292050 -5.614232 -11.654716 -3.148570 -17.608791 -21.844418 15.246778 7.989727 -4.521457 -0.757317 -10.020928 10.616080 4.749675 -5.173061 1.199766 9.185637 -17.871054 6.327091 -6.897626 17.605448 4.063595 -2.453345
8.297898 -4.375269 8.108809 -11.470891 9.384515 -11.048983 20.158678 8.927097 -14.381495 -5.421229 -11.497675 -3.256220 -17.516979 -22.082539 15.319411 8.057138 -4.947135 -0.503061 -10.108481 10.834483 4.879194 -5.097929 1.356702 9.231226 -17.789547 6.386975 -7.028939 17.576099 4.033253 -2.651960
8.661156 -4.291302 8.314147 -11.029169 9.473718 -11.183154 20.568760 8.748348 -14.486510 -5.127993 -11.244404 -3.402392 -17.265385 -22.341972 15.481734 8.228055 -5.272733 -0.422793 -10.218634 11.278387 5.036795 -4.957452 1.561208 9.294566 -17.629002 6.467109 -7.191017 17.584148 3.978512 -2.920248
9.079821 -4.042149 8.629449 -10.650312 9.696698 -11.165676 20.866228 8.541101 -14.554572 -4.795530 -11.108566 -3.521441 -16.961449 -22.537045 15.650144 8.423441 -5.408767 -0.399051 -10.337733 11.747755 5.201322 -4.780653 1.800647 9.300900 -17.485037 6.578333 -7.412246 17.585339 3.916661 -3.195044
9.724667 -3.749900 9.044572 -10.240411 9.920816 -11.086475 21.179634 8.276800 -14.606962 -4.344260 -11.028580 -3.678493 -16.422285 -22.606998 15.851638 8.585448 -5.429789 -0.504673 -10.455808 12.245160 5.353568 -4.539712 2.080076 9.300673 -17.452038 6.658676 -7.608350 17.528599 3.808620 -3.447834
10.648918 -3.331411 9.535403 -9.691301 10.208934 -10.815769 21.241051 7.690375 -14.657414 -3.859511 -11.072504 -3.671367 -15.708616 -22.562466 16.074059 8.920278 -5.295027 -0.736566 -10.512307 12.857496 5.514696 -4.273499 2.377383 9.278248 -17.485268 6.685113 -7.802936 17.422085 3.677473 -3.691855
11.371017 -3.034582 9.905947 -9.201941 10.494118 -10.480947 21.301384 6.991627 -14.751850 -3.498755 -11.141822 -3.750415 -14.940517 -22.624031 16.137424 9.235874 -5.177541 -0.841495 -10.550403 13.703062 5.634604 -3.883304 2.764755 9.151220 -17.559322 6.673150 -7.960315 17.305573 3.488543 -3.893405
11.929987 -2.642170 10.066847 -8.853283 10.962002 -10.137867 21.048397 6.255606 -14.881201 -3.270063 -11.276697 -3.837870 -14.182545 -22.751453 16.188171 9.530775 -5.154156 -0.869690 -10.614589 14.604858 5.795145 -3.371631 3.179027 8.963738 -17.703363 6.626601 -8.112929 17.060106 3.260125 -4.140427
12.067324 -2.165067 9.893718 -8.587073 11.607863 -9.946972 20.695705 5.491334 -15.097716 -3.010086 -11.504278 -3.937745 -13.350114 -22.855608 16.271370 9.780227 -5.093154 -0.990603 -10.756120 15.439726 5.915504 -2.959797 3.451831 8.758260 -17.904522 6.569136 -8.186879 16.836967 3.115728 -4.199381
11.888906 -1.924481 9.636188 -8.388991 12.055299 -10.075260 20.622002 4.745311 -15.265886 -2.696262 -11.745644 -4.056594 -12.631478 -22.915512 16.364574 9.858570 -5.020872 -1.099135 -10.927835 15.916959 6.032198 -2.370439 3.773238 8.492875 -18.140137 6.448843 -8.252072 16.642286 2.900407 -4.316562
11.715339 -1.819968 9.348516 -8.287575 12.386275 -10.086315 20.531845 4.216906 -15.393137 -2.496639 -12.106222 -4.143765 -11.942500 -22.844646 16.523590 9.816803 -4.560358 -1.552588 -11.156823 15.835640 6.042296 -1.935338 3.936651 8.217175 -18.476562 6.326272 -8.265526 16.489742 2.721057 -4.284277
11.367392 -1.715917 9.114881 -8.225987 12.706655 -10.112232 20.444157 3.708588 -15.515851 -2.350127 -12.735621 -4.137705 -11.252494 -22.550610 16.668438 9.718761 -3.974061 -1.987841 -11.314691 15.528033 6.088531 -1.509842 4.042920 8.033457 -18.762772 6.213833 -8.270375 16.330767 2.555006 -4.333232
11.076156 -1.659670 8.977658 -8.130505 12.939959 -10.026108 20.465174 3.279687 -15.682639 -2.232622 -13.164146 -4.097835 -10.745366 -22.214939 16.844398 9.654881 -3.340309 -2.544193 -11.452959 15.151953 6.054009 -1.223080 4.142027 7.800697 -19.060169 6.069908 -8.291625 16.276373 2.407932 -4.239402
10.877511 -1.478939 8.919114 -8.021563 13.229974 -9.906013 20.383240 2.918608 -15.832358 -2.147392 -13.494894 -4.146255 -10.308763 -22.006168 17.008869 9.527227 -2.683959 -2.999979 -11.631066 14.785796 6.079360 -0.878789 4.262256 7.665741 -19.277632 5.939207 -8.279509 16.166565 2.251110 -4.224442
10.684254 -1.410578 8.834263 -7.961151 13.448424 -9.767000 20.319916 2.622049 -15.957192 -2.096614 -13.731302 -4.091538 -10.012820 -21.798643 17.129011 9.456483 -2.242696 -3.339358 -11.723262 14.497414 6.073793 -0.657644 4.329608 7.506849 -19.490032 5.842317 -8.281509 16.065268 2.155705 -4.133499
10.514366 -1.375484 8.741265 -7.886394 13.629282 -9.651974 20.282595 2.378144 -16.083452 -2.046814 -13.906844 -4.029000 -9.797670 -21.632437 17.235199 9.382498 -1.888644 -3.589491 -11.779711 14.281884 6.089654 -0.444193 4.369551 7.382437 -19.661978 5.765419 -8.259643 15.964619 2.081491 -4.067813
10.369453 -1.364993 8.648442 -7.897013 13.762005 -9.542907 20.192165 2.188881 -16.140259 -2.052600 -14.018412 -3.981348 -9.652038 -21.477360 17.330956 9.347830 -1.574832 -3.855588 -11.828005 14.117855 6.098987 -0.316949 4.400134 7.350023 -19.742943 5.708927 -8.231045 15.914602 2.036986 -4.090117
10.330919 -1.335227 8.611198 -7.890050 13.831139 -9.505090 20.139782 2.163487 -16.173573 -2.048843 -14.036163 -3.971574 -9.606987 -21.439762 17.368643 9.341532 -1.495201 -3.931315 -11.844731 14.078389 6.107991 -0.260817 4.401767 7.335845 -19.771553 5.683007 -8.222623 15.886108 2.011693 -4.110424
10.233587 -1.330009 8.536269 -7.892952 13.907071 -9.459197 20.109459 2.083850 -16.229538 -2.037509 -14.076088 -3.978627 -9.471391 -21.393456 17.454876 9.301597 -1.351057 -4.032873 -11.883510 14.054339 6.114877 -0.196440 4.416888 7.294055 -19.831961 5.660699 -8.220141 15.854848 1.987482 -4.068911
10.033358 -1.259012 8.283137 -7.925264 14.220798 -9.222433 20.035078 1.762141 -16.390228 -1.903779 -14.211608 -4.024723 -9.073126 -21.270651 17.671312 9.184308 -0.825711 -4.399598 -12.014247 13.932072 6.183430 0.109527 4.496109 7.274940 -20.060799 5.551239 -8.169451 15.657890 1.876251 -4.089093
9.741330 -1.229867 7.806507 -7.944587 14.607638 -8.974146 19.942690 1.396708 -16.689341 -1.742581 -14.558730 -4.210571 -8.348149 -21.269760 17.893330 8.826247 -0.138456 -4.503183 -12.219744 13.786798 6.258801 0.441304 4.520485 7.173954 -20.387535 5.433264 -8.191800 15.396211 1.781470 -4.035342
9.199649 -1.300689 6.898551 -8.052895 15.041499 -9.012702 19.954960 0.772223 -17.035301 -1.459130 -14.810056 -4.286919 -7.339756 -21.108616 18.450867 8.598768 0.830016 -5.114254 -12.469268 13.722097 6.399155 0.967559 4.588168 7.043810 -20.719948 5.252233 -8.151910 15.096189 1.643668 -4.014752
8.703403 -1.298371 5.466030 -8.225143 15.721505 -9.124600 19.970379 -0.038323 -17.516315 -0.992497 -15.234873 -4.279229 -6.249743 -20.869125 19.014435 8.487102 1.878760 -5.753394 -12.653132 13.917209 6.474290 1.397459 4.550314 6.865735 -21.166811 5.003525 -8.161129 14.782420 1.523879 -3.924229
8.184805 -1.182968 3.774302 -8.490729 16.583822 -9.348049 19.613302 -0.711294 -18.065041 -0.668295 -15.773441 -4.130077 -5.363460 -20.373108 19.515179 8.257321 3.310724 -6.415374 -12.656751 14.152686 6.565933 1.806067 4.447398 6.573558 -21.704893 4.778502 -8.161210 14.413101 1.478866 -3.644132
7.511506 -0.782580 2.236811 -8.804439 17.669649 -10.357994 18.641689 -1.018592 -18.317513 -0.702535 -16.619415 -3.737802 -4.443816 -19.689537 19.887646 8.003571 4.485436 -6.910964 -12.630552 14.480820 6.615869 2.218712 4.327330 6.247026 -22.210041 4.578765 -8.034245 14.095491 1.441158 -3.356891
6.841496 -0.505929 0.845822 -8.872313 18.559647 -12.047061 17.484716 -1.186250 -18.494717 -1.076946 -17.671463 -2.866394 -3.888257 -18.424244 20.391483 7.768003 5.263325 -7.422889 -12.513371 14.714904 6.500721 2.622059 4.094416 5.782588 -22.668686 4.207191 -7.828916 13.949333 1.383068 -3.184076
6.817234 0.332085 -0.346552 -8.765840 19.413305 -16.219866 17.225044 -2.162393 -18.081488 -0.667878 -19.681282 -2.976295 -3.030180 -18.267277 18.763527 7.618063 7.069973 -6.952665 -12.317034 14.694912 6.234242 2.915702 4.619337 5.564651 -24.037777 4.288640 -8.774888 12.478115 1.614890 -2.780970
6.881074 3.566037 -1.827774 -10.062649 21.145712 -23.471123 17.813129 -4.010414 -16.075548 1.191341 -21.889103 -3.982365 -2.325165 -18.820183 16.133125 7.147107 9.501855 -5.404496 -11.920178 14.990898 5.619686 3.392290 5.035310 5.683612 -25.329960 4.260496 -9.565148 11.108923 1.755432 -2.554393
6.875177 6.242169 -2.042693 -11.277904 22.948305 -27.421844 16.150249 -4.944265 -14.604919 1.210330 -23.925207 -4.516011 -2.039396 -19.418909 13.553662 6.458164 11.985309 -4.289802 -11.630136 15.640341 4.694287 3.837413 5.031476 5.902404 -26.672386 4.115377 -9.935407 9.937465 1.569324 -2.444884
6.728767 7.836568 -1.308106 -11.603184 24.709965 -27.026236 13.912840 -5.537687 -13.335107 -0.728276 -25.770033 -4.365171 -2.357456 -19.676023 11.366963 5.533954 13.872317 -3.150180 -11.138303 15.870815 3.772832 4.587228 4.096378 5.695924 -27.501390 3.898244 -9.816164 9.018394 1.138979 -2.838352
7.214271 8.587913 -0.735836 -11.794367 25.749586 -26.199114 11.586493 -5.464660 -12.402134 -2.711429 -27.567341 -3.772725 -2.785710 -19.626644 9.876456 4.537577 14.506897 -1.647524 -10.758513 15.271170 2.909292 4.569586 2.636796 4.868320 -28.178141 3.021163 -10.166396 8.575613 0.611002 -4.236680
8.608227 8.889935 -0.331949 -10.746588 26.636890 -24.667315 9.619726 -5.586758 -12.254713 -4.655193 -29.349091 -3.030772 -2.941607 -19.587067 8.538108 3.559918 14.856812 -0.213855 -10.428535 14.707305 2.253261 5.349428 1.232974 4.167209 -27.898022 2.474575 -10.115931 8.440214 0.175999 -5.884618
8.621534 9.435265 0.180569 -10.226425 26.976627 -23.888680 8.137372 -4.975224 -12.071595 -6.194831 -31.180260 -2.385607 -3.098740 -19.616156 6.839477 2.584246 15.214793 1.150275 -10.138509 13.878546 1.521355 5.441473 -0.385590 2.821025 -27.294355 1.640534 -10.183851 9.209465 -0.117612 -7.369416
8.679541 9.725163 0.775808 -8.971992 27.314672 -22.432661 6.275509 -4.468726 -12.445275 -8.010509 -32.406528 -2.021892 -3.234487 -19.381828 6.076053 1.525814 15.440454 2.637609 -9.991106 13.246573 1.172326 6.244764 -1.965921 2.057328 -26.279356 1.243571 -9.802731 9.620823 -0.349871 -8.897523
8.618553 10.335875 1.261758 -8.358192 27.759470 -21.725092 5.123373 -4.083639 -12.492629 -9.014911 -33.461727 -1.603189 -3.530846 -19.199219 5.255674 0.632440 15.600377 4.078723 -9.686453 12.985091 1.206447 7.313562 -3.112956 1.186262 -25.344326 1.319989 -9.393237 9.827576 -0.210072 -9.574223
8.688339 10.604103 1.619412 -8.163614 27.866268 -21.077974 4.177656 -3.622474 -12.426784 -10.003706 -33.938992 -1.485726 -3.874751 -19.416580 4.325078 0.285763 15.542702 5.167075 -9.366107 13.020743 0.849332 7.100393 -3.927865 0.934794 -25.076674 1.067588 -9.082854 10.232247 -0.269716 -9.996954
8.689056 10.654682 1.701655 -8.177361 27.774273 -21.015390 3.703957 -3.439436 -12.231850 -10.536324 -34.248409 -1.423362 -4.053858 -19.387245 3.912354 0.133759 15.260062 5.873526 -9.172678 13.131609 0.726611 6.883420 -4.452159 0.584999 -25.072964 0.912566 -9.050054 10.392338 -0.246731 -10.187551
8.715220 10.676329 1.654600 -8.168371 27.762371 -21.120966 3.580490 -3.384831 -12.158514 -10.660408 -34.348301 -1.331852 -4.129940 -19.317501 3.796131 0.117317 15.132373 6.057210 -9.104388 13.079155 0.675122 6.886259 -4.664775 0.446578 -25.014725 0.901489 -9.002970 10.447231 -0.219510 -10.263996
8.732724 10.667770 1.697823 -8.138731 27.773033 -21.075058 3.613133 -3.446653 -12.170655 -10.646561 -34.332092 -1.347520 -4.072781 -19.337456 3.820655 0.150344 15.125099 6.013650 -9.129967 13.108717 0.666359 6.938177 -4.593567 0.488168 -25.056877 0.858180 -9.007490 10.424350 -0.266208 -10.278425
8.793272 10.665134 1.820454 -8.071424 27.761314 -21.123144 3.820534 -3.567137 -12.161464 -10.504715 -34.223904 -1.456214 -3.831766 -19.389809 3.975154 0.209953 15.175210 5.800753 -9.245134 13.258945 0.680384 7.078595 -4.431725 0.635984 -25.059906 0.834235 -9.013119 10.377432 -0.346322 -10.394705
9.025764 10.703847 2.046614 -7.838797 27.813837 -21.224115 4.028996 -3.747283 -12.152231 -10.341533 -34.082653 -1.563770 -3.472991 -19.465487 4.228531 0.327903 15.143903 5.565577 -9.397574 13.336119 0.614080 7.270451 -4.069832 0.902188 -25.115425 0.766438 -9.076025 10.308630 -0.512491 -10.605959
9.423661 10.594231 2.202070 -7.571355 27.758204 -21.337288 4.415839 -4.099305 -12.102128 -10.058198 -33.792210 -1.731853 -3.009678 -19.517591 4.637006 0.534423 15.091990 5.143605 -9.638063 13.459324 0.622676 7.580165 -3.603930 1.109070 -25.152203 0.749969 -9.158908 10.230356 -0.653232 -10.689820
9.772139 10.479751 2.400510 -7.275772 27.649456 -21.237951 4.933914 -4.413034 -12.138315 -9.767967 -33.440197 -1.884996 -2.405844 -19.624481 5.090104 0.916002 14.949137 4.534864 -9.952646 13.556246 0.629023 7.833395 -3.358982 1.460057 -25.212570 0.643237 -9.159763 10.147717 -0.839762 -11.056103
10.146933 10.206699 2.590928 -7.022545 27.471537 -21.218920 5.526981 -4.785041 -12.010048 -9.560179 -32.927162 -2.187109 -1.844719 -19.850042 5.506632 1.361422 14.784571 3.858765 -10.279780 13.849576 0.534195 8.355126 -2.825336 1.856439 -25.292522 0.488207 -9.026941 10.225333 -1.065796 -11.091221
10.417324 9.962541 2.517169 -6.872506 27.326513 -21.419580 6.163064 -5.237135 -11.920306 -9.148471 -32.258106 -2.602505 -1.305432 -20.211813 6.007635 1.697241 14.534708 3.364794 -10.600421 14.185731 0.388746 8.711703 -2.032073 2.434929 -25.381905 0.318368 -8.946134 10.444670 -1.322027 -11.036694
10.588049 9.677530 2.359107 -6.824955 27.231003 -21.667738 7.097482 -5.702961 -11.785070 -8.504928 -31.799862 -3.076254 -0.704758 -20.577244 6.317872 2.087152 14.044619 3.040988 -10.951806 14.579142 0.284992 8.840619 -1.240404 2.968483 -25.655577 0.113406 -9.042698 10.513720 -1.545620 -11.051512
10.609730 9.676012 2.112597 -6.916462 27.323500 -22.125511 8.319262 -6.286378 -11.465720 -7.598543 -31.201979 -3.667209 -0.056311 -20.981546 6.859962 2.307130 13.662189 2.789691 -11.371312 14.911320 0.114901 8.776341 -0.315536 3.677572 -25.924728 -0.125679 -9.133284 10.686818 -1.750861 -11.060881
10.727303 9.736086 2.077400 -7.088063 27.350555 -22.615458 9.328642 -6.889215 -11.130733 -6.738460 -30.716280 -4.107171 0.530563 -21.223713 7.377522 2.736600 12.939146 2.355678 -11.707093 15.037772 -0.010436 8.930013 0.716027 4.259465 -26.146284 -0.272635 -9.285686 10.789710 -1.967185 -11.066672
10.935316 9.902582 2.226237 -7.379167 27.409756 -22.850252 10.348951 -7.522873 -10.818409 -5.770042 -30.158953 -4.706135 1.138178 -21.559006 7.820581 3.226966 12.338548 1.950878 -12.058738 15.208243 -0.024629 9.030457 1.432577 4.822719 -26.346088 -0.363835 -9.409892 10.709711 -2.140310 -11.261612
11.189782 9.826433 2.243817 -7.366999 27.354996 -23.280264 11.272233 -8.116155 -10.658254 -5.000089 -29.792980 -4.972430 1.815914 -21.744759 8.363863 3.709661 11.604871 1.691655 -12.310523 15.114441 -0.016362 9.249904 2.271132 5.457529 -26.426485 -0.411754 -9.451060 10.748139 -2.268444 -11.243608
11.803856 9.644577 2.012983 -7.243931 27.402122 -23.733154 12.183506 -8.693169 -10.587574 -4.197998 -29.213921 -5.533180 2.534436 -22.334778 8.793412 3.936501 11.234311 1.466440 -12.740452 15.202108 -0.007620 9.504078 2.913050 5.997911 -26.573608 -0.587447 -9.465245 10.771811 -2.492615 -11.551247
12.730885 9.469419 1.930364 -6.956800 27.364347 -24.034603 13.008198 -8.985855 -10.681201 -3.422295 -28.829519 -5.872228 3.526980 -22.852844 9.303496 4.252129 10.398512 1.242046 -13.222075 15.233165 0.162993 9.579540 3.390843 6.502379 -26.571957 -0.579057 -9.552817 10.767525 -2.580764 -11.781137
13.755196 9.251937 1.774419 -6.563826 27.321964 -24.373283 13.867292 -9.334497 -10.835354 -2.562536 -28.176826 -6.264204 4.347299 -23.413532 9.785987 4.553253 9.865462 0.756719 -13.685939 15.246155 0.184931 9.431115 3.755813 7.068699 -26.622372 -0.667671 -9.649572 10.791233 -2.718070 -12.206165
14.462427 9.102273 1.622195 -6.191895 27.237066 -24.518187 14.552660 -9.624858 -10.998151 -1.871214 -27.691113 -6.481865 5.100606 -23.913729 10.180660 4.676015 9.406341 0.382412 -14.089306 15.213401 0.389944 9.358733 4.192923 7.497109 -26.631214 -0.610248 -9.767781 10.744332 -2.737147 -12.395832
15.134308 8.931405 1.355279 -5.803932 27.157408 -24.683901 15.105045 -9.825134 -11.179402 -1.329294 -27.278116 -6.665293 5.647401 -24.330841 10.405637 4.869401 8.876302 0.043565 -14.399192 15.001548 0.479119 9.124676 4.674157 7.829534 -26.675045 -0.668165 -9.986632 10.843711 -2.794077 -12.471121
15.484303 8.639087 1.068179 -5.636210 26.966385 -24.722151 15.451773 -9.909611 -11.306246 -1.083114 -26.895201 -6.833601 5.960964 -24.610607 10.581598 5.027482 8.641452 -0.277832 -14.603385 14.767750 0.478555 8.809911 5.004166 8.133389 -26.676718 -0.695675 -10.136696 10.957878 -2.854078 -12.514474
15.683755 8.405745 0.859870 -5.555357 26.829868 -24.741339 15.724190 -10.018440 -11.394688 -0.875885 -26.611115 -6.896958 6.178604 -24.823282 10.704152 5.114009 8.504747 -0.489587 -14.741475 14.629671 0.538461 8.636837 5.216662 8.332085 -26.661652 -0.663656 -10.177235 11.022993 -2.865883 -12.450244
15.746191 8.364600 0.803743 -5.576760 26.801094 -24.757288 15.850448 -10.030091 -11.391303 -0.787528 -26.508987 -6.931642 6.191101 -24.820621 10.768271 5.139948 8.508796 -0.594520 -14.755040 14.568424 0.548658 8.608542 5.299598 8.393377 -26.651854 -0.661434 -10.211862 11.060916 -2.859820 -12.432329
15.746191 8.364600 0.803743 -5.576760 26.801094 -24.757288 15.850448 -10.030091 -11.391303 -0.787528 -26.508987 -6.931642 6.191101 -24.820621 10.768271 5.139948 8.508796 -0.594520 -14.755040 14.568424 0.548658 8.608542 5.299598 8.393377 -26.651854 -0.661434 -10.211862 11.060916 -2.859820 -12.432329
15.746191 8.364600 0.803743 -5.576760 26.801094 -24.757288 15.850448 -10.030091 -11.391303 -0.787528 -26.508987 -6.931642 6.191101 -24.820621 10.768271 5.139948 8.508796 -0.594520 -14.755040 14.568424 0.548658 8.608542 5.299598 8.393377 -26.651854 -0.661434 -10.211862 11.060916 -2.859820 -12.432329
15.744870 8.364922 0.804277 -5.576725 26.800665 -24.755047 15.850946 -10.030216 -11.390710 -0.787271 -26.511404 -6.930263 6.190402 -24.820675 10.768050 5.141328 8.508554 -0.592639 -14.754777 14.566007 0.542685 8.604907 5.297490 8.392939 -26.655802 -0.668451 -10.213502 11.065845 -2.864312 -12.436964
15.744173 8.367555 0.805435 -5.578385 26.804722 -24.751066 15.849333 -10.029274 -11.390307 -0.788102 -26.521366 -6.927334 6.198947 -24.816414 10.771115 5.141998 8.496815 -0.587272 -14.759379 14.561767 0.541306 8.608658 5.294417 8.384003 -26.654652 -0.674291 -10.222445 11.064847 -2.867003 -12.448222
15.742332 8.366583 0.803257 -5.580425 26.802849 -24.753954 15.850502 -10.029230 -11.390928 -0.786038 -26.519350 -6.927673 6.197040 -24.816645 10.772085 5.141904 8.498370 -0.588465 -14.758687 14.562474 0.548767 8.607603 5.295170 8.393100 -26.651653 -0.658851 -10.210677 11.057810 -2.859038 -12.432505
15.744532 8.365461 0.804510 -5.577694 26.801218 -24.756443 15.850050 -10.029726 -11.390417 -0.787735 -26.518805 -6.927798 6.196594 -24.816959 10.771730 5.141760 8.499470 -0.588997 -14.758437 14.562760 0.548677 8.606885 5.299544 8.392604 -26.652378 -0.662480 -10.212800 11.061316 -2.860228 -12.433193
15.742481 8.366592 0.803409 -5.580196 26.802731 -24.754156 15.850231 -10.029258 -11.390871 -0.786246 -26.519028 -6.927226 6.196681 -24.816391 10.772943 5.141866 8.498430 -0.588601 -14.758578 14.562067 0.548847 8.607282 5.295764 8.393460 -26.651730 -0.658670 -10.210799 11.057680 -2.858944 -12.432206
15.746302 8.366161 0.803656 -5.577417 26.804583 -24.749418 15.849707 -10.028913 -11.391122 -0.788019 -26.527220 -6.927588 6.195773 -24.816998 10.769153 5.143771 8.495152 -0.577764 -14.757652 14.555566 0.535154 8.600537 5.307115 8.377694 -26.657431 -0.682741 -10.235124 11.078497 -2.869196 -12.442852
15.743548 8.366674 0.803579 -5.579632 26.803043 -24.754236 15.850530 -10.029425 -11.390312 -0.786363 -26.525780 -6.927749 6.194300 -24.816450 10.770967 5.143406 8.495843 -0.578703 -14.757021 14.555567 0.548375 8.606649 5.295008 8.393436 -26.651917 -0.658043 -10.210790 11.057673 -2.858404 -12.430841
15.742332 8.366583 0.803257 -5.580425 26.802849 -24.753954 15.850502 -10.029230 -11.390928 -0.786038 -26.519350 -6.927673 6.197040 -24.816645 10.772085 5.141904 8.498370 -0.588465 -14.758687 14.562474 0.548767 8.607603 5.295170 8.393100 -26.651653 -0.658851 -10.210677 11.057810 -2.859038 -12.432505
15.744112 8.367607 0.805438 -5.578529 26.804832 -24.751106 15.849563 -10.029346 -11.390237 -0.787976 -26.521366 -6.927334 6.198947 -24.816414 10.771115 5.141998 8.496815 -0.587272 -14.759379 14.561767 0.541521 8.609823 5.293746 8.384021 -26.654144 -0.673982 -10.221526 11.064716 -2.866881 -12.448019
15.748044 8.365591 0.809432 -5.566600 26.804518 -24.755173 15.836270 -10.028259 -11.394708 -0.797794 -26.527821 -6.926130 6.196940 -24.815073 10.772171 5.143252 8.491990 -0.576952 -14.757792 14.554071 0.534582 8.607467 5.290298 8.382598 -26.659504 -0.681559 -10.224439 11.069330 -2.870683 -12.451787
15.752165 8.367081 0.810783 -5.567029 26.804161 -24.756105 15.844696 -10.030121 -11.391448 -0.793976 -26.527740 -6.928490 6.196745 -24.816780 10.769174 5.143319 8.494209 -0.578316 -14.757826 14.555835 0.533223 8.621819 5.305124 8.374280 -26.651817 -0.686607 -10.227298 11.085068 -2.871919 -12.444704
15.753756 8.369332 0.810415 -5.568882 26.805372 -24.764315 15.844696 -10.029670 -11.389012 -0.793123 -26.538685 -6.922919 6.198916 -24.814781 10.764419 5.148652 8.483434 -0.574575 -14.759080 14.551033 0.538704 8.625646 5.306151 8.374408 -26.647121 -0.679071 -10.224469 11.080266 -2.868214 -12.441762
15.726865 10.554384 -2.295698 -10.793478 20.293423 -19.329229 19.397146 -9.923379 -19.897556 -5.342096 -24.307384 -3.657982 2.725114 -15.023707 22.988590 11.332384 4.038181 -5.539459 -10.365484 13.866787 3.638596 10.669411 3.671938 10.005732 -24.574705 7.292257 -4.404204 8.303299 0.316639 -9.643361
15.726865 10.554384 -2.295698 -10.793478 20.293423 -19.329229 19.397146 -9.923379 -19.897556 -5.342096 -24.307384 -3.657982 2.725114 -15.023707 22.988590 11.332384 4.038181 -5.539459 -10.365484 13.866787 3.638596 10.669411 3.671938 10.005732 -24.574705 7.292257 -4.404204 8.303299 0.316639 -9.643361
15.726865 10.554384 -2.295698 -10.793478 20.293423 -19.329229 19.397146 -9.923379 -19.897556 -5.342096 -24.307384 -3.657982 2.725114 -15.023707 22.988590 11.332384 4.038181 -5.539459 -10.365484 13.866787 3.638596 10.669411 3.671938 10.005732 -24.574705 7.292257 -4.404204 8.303299 0.316639 -9.643361
15.726865 10.554384 -2.295698 -10.793478 20.293423 -19.329229 19.397146 -9.923379 -19.897556 -5.342096 -24.307384 -3.657982 2.725114 -15.023707 22.988590 11.332384 4.038181 -5.539459 -10.365484 13.866787 3.638596 10.669411 3.671938 10.005732 -24.574705 7.292257 -4.404204 8.303299 0.316639 -9.643361
15.726865 10.554384 -2.295698 -10.793478 20.293423 -19.329229 19.397146 -9.923379 -19.897556 -5.342096 -24.307384 -3.657982 2.725114 -15.023707 22.988590 11.332384 4.038181 -5.539459 -10.365484 13.866787 3.638596 10.669411 3.671938 10.005732 -24.574705 7.292257 -4.404204 8.303299 0.316639 -9.643361
13.691214 5.857766 -1.852549 -7.609232 23.513632 -19.876692 16.739958 -7.365984 -16.433094 -2.031866 -23.476727 -2.982098 2.284954 -18.351734 20.176388 7.469663 4.844954 -4.848379 -13.320285 15.460774 4.507780 9.818961 4.227516 9.889423 -25.330862 5.331169 -5.898704 8.176620 -0.561692 -8.936936
13.139762 4.483389 -1.755983 -6.714847 24.342209 -19.891796 16.202744 -6.789436 -15.398480 -1.061383 -23.176491 -2.127385 1.826952 -19.208906 19.885563 5.960814 4.686721 -4.980605 -14.359992 15.852139 4.981323 10.084370 4.061567 10.038233 -25.097195 4.572106 -6.277682 7.974728 -0.980282 -8.582305
13.161348 4.174242 -1.819562 -6.583769 24.603390 -19.458727 15.916670 -6.766836 -15.308017 -0.904457 -23.215370 -2.105497 1.766632 -19.208883 19.661846 5.955635 4.725508 -4.944511 -14.439523 15.764189 5.287529 10.062871 4.171132 10.042314 -25.161175 4.484831 -6.303483 7.973975 -0.913483 -8.550861
13.150764 4.265242 -1.819732 -6.641089 24.574049 -19.532133 15.955414 -6.785124 -15.333564 -0.920486 -23.231655 -2.110233 1.779759 -19.213505 19.674732 5.972005 4.717334 -4.966085 -14.419547 15.786295 5.281285 9.991853 4.186049 10.022943 -25.225643 4.485085 -6.310053 7.970465 -0.896338 -8.574408
13.152917 4.293908 -1.819000 -6.659705 24.580620 -19.540215 15.961189 -6.789981 -15.333238 -0.918768 -23.247427 -2.098639 1.777727 -19.205414 19.666527 5.982708 4.690361 -4.956527 -14.414961 15.780828 5.287847 9.975276 4.191133 10.022386 -25.233858 4.487506 -6.313069 7.969142 -0.888002 -8.567409
13.152966 4.294022 -1.818962 -6.659538 24.580336 -19.539597 15.961308 -6.789872 -15.333716 -0.919003 -23.247482 -2.098750 1.777909 -19.205509 19.666662 5.982824 4.690411 -4.956635 -14.414837 15.780893 5.287436 9.975251 4.190947 10.022405 -25.233356 4.487535 -6.313440 7.969042 -0.888485 -8.566793
13.154486 4.294004 -1.819835 -6.657508 24.581097 -19.538980 15.959492 -6.790392 -15.335104 -0.921132 -23.245342 -2.093700 1.776472 -19.207483 19.671154 5.980197 4.686376 -4.957459 -14.415170 15.780108 5.287772 9.975429 4.190728 10.022758 -25.233635 4.487910 -6.312332 7.968722 -0.888550 -8.566834
13.156881 4.296931 -1.825986 -6.662988 24.580719 -19.535715 15.963055 -6.790916 -15.339349 -0.918505 -23.246758 -2.097797 1.778239 -19.204132 19.665169 5.981164 4.690298 -4.957059 -14.419320 15.779795 5.290011 9.975312 4.190431 10.024205 -25.232143 4.486225 -6.313449 7.968544 -0.888751 -8.565874
13.157140 4.296496 -1.826070 -6.662864 24.581196 -19.535067 15.962600 -6.790513 -15.338763 -0.918253 -23.246790 -2.097335 1.777786 -19.204424 19.665110 5.980263 4.690337 -4.956965 -14.419693 15.779786 5.290116 9.975595 4.190875 10.023599 -25.232685 4.485790 -6.313645 7.968646 -0.888604 -8.566036
13.160586 4.281259 -1.818309 -6.635882 24.576488 -19.478556 15.951359 -6.793061 -15.354062 -0.937366 -23.240841 -2.091752 1.776856 -19.199972 19.679329 5.976925 4.689367 -4.961682 -14.420878 15.779675 5.286728 9.988307 4.188652 10.024394 -25.223562 4.484574 -6.297154 7.978365 -0.888519 -8.561731
13.163361 4.274063 -1.820625 -6.632133 24.573664 -19.472292 15.947095 -6.792203 -15.358307 -0.941602 -23.224976 -2.103716 1.777266 -19.206861 19.686039 5.969408 4.714349 -4.973886 -14.422386 15.786168 5.288047 9.989707 4.188232 10.024676 -25.222347 4.486400 -6.298330 7.975973 -0.887748 -8.561284
13.163726 4.273482 -1.820767 -6.632095 24.573496 -19.471924 15.946580 -6.792023 -15.358436 -0.942067 -23.226572 -2.102536 1.779094 -19.206522 19.689224 5.969512 4.710709 -4.969242 -14.423142 15.784525 5.288397 9.989661 4.188465 10.024812 -25.222904 4.485604 -6.298009 7.976277 -0.887831 -8.562391
13.163726 4.273482 -1.820767 -6.632095 24.573496 -19.471924 15.946580 -6.792023 -15.358436 -0.942067 -23.226572 -2.102536 1.779094 -19.206522 19.689224 5.969512 4.710709 -4.969242 -14.423142 15.784525 5.288397 9.989661 4.188465 10.024812 -25.222904 4.485604 -6.298009 7.976277 -0.887831 -8.562391
13.163726 4.273482 -1.820767 -6.632095 24.573496 -19.471924 15.946580 -6.792023 -15.358436 -0.942067 -23.226572 -2.102536 1.779094 -19.206522 19.689224 5.969512 4.710709 -4.969242 -14.423142 15.784525 5.287969 9.989343 4.189110 10.024883 -25.222679 4.485561 -6.298051 7.976967 -0.887703 -8.561659
13.163726 4.273482 -1.820767 -6.632095 24.573496 -19.471924 15.946580 -6.792023 -15.358436 -0.942067 -23.226572 -2.102536 1.779094 -19.206522 19.689224 5.969512 4.710709 -4.969242 -14.423142 15.784525 5.288397 9.989661 4.188465 10.024812 -25.222904 4.485604 -6.298009 7.976277 -0.887831 -8.562391
13.165263 4.273467 -1.820564 -6.627262 24.574429 -19.467543 15.944397 -6.792575 -15.360854 -0.944700 -23.216309 -2.088652 1.768214 -19.196377 19.710777 5.971273 4.694156 -4.976391 -14.421478 15.787571 5.289714 9.989478 4.189334 10.024743 -25.222317 4.486433 -6.297482 7.976775 -0.887436 -8.560921
13.165263 4.273467 -1.820564 -6.627262 24.574429 -19.467543 15.944397 -6.792575 -15.360854 -0.944700 -23.216309 -2.088652 1.768214 -19.196377 19.710777 5.971273 4.694156 -4.976391 -14.421478 15.787571 5.290143 9.989794 4.188692 10.024674 -25.222534 4.486480 -6.297440 7.976088 -0.887561 -8.561646
13.165263 4.273467 -1.820564 -6.627262 24.574429 -19.467543 15.944397 -6.792575 -15.360854 -0.944700 -23.216309 -2.088652 1.768214 -19.196377 19.710777 5.971273 4.694156 -4.976391 -14.421478 15.787571 5.290143 9.989794 4.188692 10.024674 -25.222534 4.486480 -6.297440 7.976088 -0.887561 -8.561646
13.162016 4.281195 -1.819056 -6.633002 24.577736 -19.474735 15.948960 -6.793151 -15.356090 -0.939417 -23.238585 -2.088457 1.774777 -19.199318 19.682999 5.977713 4.683753 -4.962509 -14.420077 15.779137 5.286383 9.989259 4.189641 10.024876 -25.222691 4.485156 -6.297276 7.978649 -0.888018 -8.560329
13.162016 4.281195 -1.819056 -6.633002 24.577736 -19.474735 15.948960 -6.793151 -15.356090 -0.939417 -23.238585 -2.088457 1.774777 -19.199318 19.682999 5.977713 4.683753 -4.962509 -14.420077 15.779137 5.286812 9.989575 4.189000 10.024806 -25.222910 4.485204 -6.297234 7.977963 -0.888144 -8.561055
13.162016 4.281195 -1.819056 -6.633002 24.577736 -19.474735 15.948960 -6.793151 -15.356090 -0.939417 -23.238585 -2.088457 1.774777 -19.199318 19.682999 5.977713 4.683753 -4.962509 -14.420077 15.779137 5.286383 9.989259 4.189641 10.024876 -25.222691 4.485156 -6.297276 7.978649 -0.888018 -8.560329
