-4.112479 -20.684170 -1.868195 -3.541214 29.719051 -2.747710 8.884918 -1.111910 -0.189157 0.243584 -20.427128 4.017516 -7.115980 -2.138315 9.585980 9.876196 16.170282 -0.339218 -18.352186 -0.803181 6.970337 18.400721 -4.520292 8.749368 -13.918006 -3.100771 -11.878255 8.287834 -6.139501 9.010777
-4.632380 -20.769331 -2.007851 -3.942186 29.810772 -3.036628 8.616568 -1.512424 0.113800 0.176011 -20.817980 4.339361 -7.598250 -1.654198 9.335607 9.845341 16.522570 -0.357154 -18.045778 -0.891462 6.798094 18.391256 -4.806462 8.567808 -14.243239 -3.230173 -11.587081 8.245436 -6.152999 9.281291
-5.490799 -21.039450 -2.632149 -4.550533 30.163195 -3.536322 8.106359 -2.255369 0.569592 -0.083291 -21.263882 4.970311 -8.180009 -0.911909 9.402442 9.769537 17.527979 -0.334751 -17.512688 -0.521889 6.551783 18.150854 -5.440579 8.223517 -14.797078 -3.353731 -11.019444 8.139583 -6.065207 9.722411
-6.523034 -21.456905 -3.405148 -5.579204 29.952583 -4.317220 7.661998 -2.832633 1.189537 -0.730510 -21.828613 5.845071 -8.845193 0.266684 9.743526 9.796191 18.990559 -0.359379 -16.819801 0.125700 6.339334 17.797365 -6.200413 7.922693 -15.471512 -3.616223 -10.466746 7.809050 -6.143517 10.007374
-7.887505 -21.252821 -3.201456 -6.104332 29.483440 -5.249266 6.926980 -2.748838 1.432092 -1.819726 -22.458717 6.758319 -9.603380 1.079624 9.943349 9.447660 19.958961 -0.036832 -16.122164 0.981335 5.892812 17.296734 -7.162280 7.542509 -15.975669 -3.884089 -9.870185 7.861992 -6.060959 10.533035
-8.699348 -21.211958 -2.585150 -6.900996 28.984116 -5.420722 5.843646 -2.122474 1.952023 -2.810899 -23.001978 7.756013 -10.720642 2.019548 9.978217 9.015190 20.174469 0.834001 -15.486754 1.605290 5.443087 16.863066 -8.437195 7.008265 -16.433878 -4.150723 -9.529694 7.817833 -5.885756 10.902222
-8.864277 -21.175867 -2.515037 -7.759386 29.028410 -5.336155 4.555581 -1.462601 2.495162 -3.478753 -23.650036 8.371507 -11.803803 2.292729 9.084883 8.685758 19.970291 2.170535 -14.954144 2.271457 4.959856 16.375107 -9.382478 6.242939 -16.686089 -4.233653 -9.423368 7.910960 -5.675831 11.198606
-8.484349 -21.203691 -2.780343 -8.717356 29.074823 -5.315594 3.105640 -0.533623 2.994111 -4.045452 -24.006310 8.578814 -12.697853 2.273290 8.332734 8.229460 19.657740 3.130316 -14.697515 2.697128 4.666777 15.959056 -10.304746 5.736040 -16.955566 -4.210016 -9.147366 7.834065 -5.352932 11.563875
-8.170444 -21.134447 -3.117719 -9.351052 29.144863 -5.267475 2.162433 0.366735 3.168830 -4.407309 -24.469397 8.690593 -13.346414 2.245948 7.612088 7.750895 19.297461 4.018958 -14.575509 2.773658 4.432176 15.557549 -10.939565 5.365278 -17.076918 -4.166073 -8.946404 7.840006 -5.114204 12.016308
-8.046274 -21.173008 -3.239709 -9.538242 29.163509 -5.130621 1.853484 0.747297 3.189184 -4.593924 -24.646383 8.775874 -13.618230 2.251654 7.343282 7.632409 19.051249 4.418755 -14.516554 2.709204 4.325346 15.359637 -11.242043 5.224178 -17.111683 -4.079491 -8.847561 7.808411 -4.965075 12.177803
-7.913625 -21.062445 -3.378346 -9.439789 29.356621 -5.198529 1.784620 0.715400 3.100294 -4.495541 -24.697601 8.781814 -13.439298 2.210092 7.427503 7.624359 19.004652 4.371764 -14.572566 2.750602 4.453702 15.458404 -11.148550 5.136264 -17.134184 -4.096175 -8.982576 7.714520 -5.027512 12.065786
-7.315269 -20.464289 -4.120497 -8.457458 30.458618 -5.568629 2.296760 -0.322229 2.418325 -3.533846 -24.599285 8.639079 -11.650693 1.821956 8.437137 7.962395 18.675463 3.637337 -15.197861 3.268012 5.409064 16.200209 -10.131521 4.994869 -17.123901 -4.190903 -10.021405 7.132834 -5.578507 10.893917
-6.172916 -18.917751 -5.131782 -6.037709 32.419811 -6.279473 3.513239 -1.244385 0.423206 -1.242415 -23.968700 7.281676 -7.716098 1.074388 10.907825 8.178275 18.353413 2.297022 -16.641340 4.965948 6.996427 17.570658 -7.997180 5.583875 -16.769493 -4.151564 -11.486299 6.142007 -6.621932 9.060184
-3.343331 -17.400389 -4.708878 -1.689635 33.815872 -7.106651 4.399032 -0.434052 -2.440793 1.742430 -21.827208 4.686812 -3.783170 -0.675269 15.274673 6.757724 17.710024 0.574297 -19.043787 7.943592 7.506259 18.506260 -5.554368 7.654823 -16.602512 -4.841429 -12.734556 5.328482 -8.426663 6.354453
4.048195 -18.397150 -3.904109 4.471319 32.116920 -11.035775 5.640692 1.175485 -4.397449 2.262975 -16.193394 -0.320011 -3.804293 -3.764031 20.494801 3.435637 19.151224 0.402039 -21.167852 9.660582 5.276081 15.291909 -3.195953 13.557545 -17.116154 -7.263671 -13.276488 5.947272 -11.276696 -0.558945
11.191556 -16.997128 -3.120484 6.198689 31.765381 -13.526297 7.842700 2.625361 -4.039618 4.389347 -11.549182 -2.431899 -3.320661 -4.239982 26.177341 0.510539 18.930513 -0.598559 -22.975752 8.013036 5.354680 14.198962 -2.620697 17.487734 -16.672817 -7.135460 -11.966254 5.559452 -12.200450 -4.010128
15.121174 -16.436153 -2.781765 5.227301 30.550121 -14.436757 10.802891 5.502055 -3.918477 8.154963 -5.896573 -5.939365 -3.616156 -7.056853 28.887131 -0.492625 16.633085 -1.332256 -24.979078 9.029974 6.511487 11.772594 -0.342941 20.396326 -15.317750 -5.794739 -12.370050 6.762284 -10.957112 -3.942344
18.267530 -17.596561 -2.283145 5.075636 28.436865 -14.978376 15.156642 7.348844 -3.956939 11.426098 -2.750042 -8.140409 -4.063594 -9.068052 30.165602 -1.359205 12.005443 -0.360660 -26.922361 8.949838 6.459448 8.851226 1.943382 21.906855 -14.777829 -5.641489 -13.184691 8.364472 -10.044919 -3.797072
19.290577 -19.031206 -1.523831 6.130002 26.097561 -15.669251 18.900059 7.643831 -3.813934 13.010769 -0.716585 -9.895486 -5.281767 -10.682322 30.485298 -1.883075 9.313407 1.083642 -27.932898 8.261314 6.394040 6.270550 3.879883 22.676607 -14.964458 -5.185395 -14.399786 9.242427 -9.050615 -2.381806
19.562010 -20.081514 -0.935188 7.016143 24.873756 -15.953320 20.556511 7.526306 -3.648379 13.291550 0.020587 -10.574313 -6.173320 -11.086455 30.340244 -1.986357 7.761090 2.110838 -28.070181 7.980677 6.292737 4.964407 4.594315 23.002375 -15.263998 -4.858807 -14.895059 9.693790 -8.367891 -1.323116
19.573217 -20.253874 -0.846138 7.105284 24.692757 -15.924247 20.807922 7.464196 -3.626148 13.353954 0.154947 -10.618844 -6.427751 -11.177587 30.174240 -1.882237 7.619942 2.246114 -28.001112 7.992481 6.290217 4.753494 4.631837 23.087511 -15.260091 -4.771284 -14.909389 9.733976 -8.242504 -1.174554
19.531380 -20.597162 -0.696470 7.205049 24.323509 -15.757538 21.396910 7.392622 -3.730304 13.662313 0.463116 -11.034494 -6.714200 -11.688771 30.235519 -1.799286 7.407303 2.874794 -27.964296 8.211709 6.311991 4.378899 5.075356 23.091009 -15.044448 -4.703494 -15.279986 10.001598 -8.198140 -0.968853
19.516985 -21.466400 -0.362450 7.490131 23.506924 -15.177936 22.329329 7.332706 -3.968889 13.882571 1.022096 -11.277611 -7.246951 -11.899886 30.643543 -1.359604 6.603528 3.328016 -27.978390 8.493421 6.401646 3.464994 5.509189 23.032907 -14.775611 -4.594692 -15.817771 10.568012 -7.934254 -0.628495
19.357347 -22.597494 0.403735 7.908347 22.205185 -14.411062 23.297333 7.427310 -4.152858 13.986094 1.407518 -11.626721 -8.011801 -12.289961 30.516317 -0.536999 5.145033 4.526550 -27.772585 9.089861 6.521617 2.154471 5.928339 23.018019 -14.424341 -4.413103 -16.304451 11.209692 -7.552744 -0.200849
19.235062 -24.203806 1.523688 8.561256 20.402927 -13.393323 24.738338 7.391332 -4.276391 13.957830 1.768973 -12.001405 -8.920539 -12.638854 29.563766 -0.139414 4.274826 6.238101 -27.034847 9.650878 6.682930 0.434378 6.629224 22.986605 -14.163888 -4.264897 -16.576658 12.217158 -7.144648 0.705816
19.069513 -25.765829 3.024117 8.986251 18.788301 -11.948257 26.223667 7.669852 -4.311555 13.840217 2.498970 -12.384258 -10.410930 -13.089433 28.712244 -0.198597 4.218485 8.252458 -26.217196 10.404457 6.511190 -0.601047 6.977223 23.090117 -13.323588 -3.926992 -16.405828 13.484737 -6.771711 1.556117
19.000387 -27.261835 4.608245 9.465951 17.289894 -10.270752 27.160883 8.451889 -4.357914 13.087397 2.993836 -12.157470 -12.296706 -13.493956 27.271412 0.154608 3.369019 9.811254 -25.351324 10.842457 6.269738 -1.526734 7.159407 23.001564 -12.447402 -3.717001 -16.251833 14.875861 -6.435895 2.380913
18.747446 -28.432911 6.095197 9.620178 15.851123 -9.165094 27.642735 9.533053 -4.029455 12.008987 3.673514 -12.119115 -14.092334 -13.862082 25.508625 0.622926 2.717329 10.963786 -24.414251 11.215364 6.033762 -2.321492 6.810594 22.847858 -11.676270 -3.604904 -15.917974 16.054638 -6.133503 2.775059
18.237906 -28.799314 7.328579 9.320024 14.876267 -8.826077 27.671665 10.660001 -3.581916 11.299448 4.049251 -12.148499 -15.145795 -14.153289 24.268826 1.141060 1.931527 11.948504 -23.732141 11.525194 5.757524 -2.711705 6.339053 22.662111 -11.101768 -3.586679 -15.604688 16.903828 -5.892325 2.942493
17.883247 -29.069481 7.635334 8.927883 14.461184 -8.673201 27.662498 11.236929 -3.395194 10.917399 4.107948 -12.220974 -15.820880 -14.441891 23.214214 1.599908 1.636842 12.447232 -23.409903 11.604704 5.469159 -2.986899 5.740528 22.461668 -10.680358 -3.624421 -15.215477 17.443558 -5.682203 3.027690
17.864525 -29.020437 7.733905 8.887532 14.429952 -8.650257 27.610828 11.330162 -3.343838 10.850515 4.087019 -12.224710 -15.839443 -14.472704 23.014160 1.722428 1.568972 12.434833 -23.387640 11.632988 5.438924 -2.955444 5.633178 22.393988 -10.660323 -3.654140 -15.176099 17.469608 -5.697012 2.998967
18.016771 -28.475683 8.030887 9.171312 14.687012 -8.527841 27.181446 11.169822 -3.368145 10.828243 3.841724 -12.317575 -15.213778 -14.522264 22.858471 1.987498 1.815555 11.963559 -23.556147 11.733763 5.509441 -2.499705 5.631282 22.245939 -10.802600 -3.859873 -15.267799 17.251989 -6.051439 2.702932
18.282598 -27.682230 8.376027 9.374913 15.298043 -8.175772 26.215576 10.591727 -3.314350 10.629933 3.261414 -12.572194 -14.036149 -14.562278 22.184959 2.755099 1.902185 11.163718 -23.801146 12.049274 5.522974 -1.928444 5.477655 21.978783 -10.976588 -4.207793 -15.384196 16.939209 -6.505530 2.373138
18.569979 -26.590424 8.592192 9.586623 16.173218 -7.532960 24.829506 9.564491 -3.146007 10.541864 2.534682 -12.886030 -12.510930 -14.443128 21.589184 3.673038 2.003925 10.338204 -23.955463 12.586445 5.296632 -0.691975 5.111177 21.523445 -10.819591 -4.856268 -15.229888 16.652531 -7.251885 1.647810
19.168823 -24.769339 8.671136 9.371899 17.663481 -7.251461 21.802937 8.757661 -2.743374 10.115029 1.701069 -12.930496 -10.912660 -13.888991 21.146963 4.711716 1.927250 9.118325 -23.895552 12.795651 5.118622 1.312639 4.846237 20.970087 -10.651750 -5.572544 -14.906560 16.128773 -8.220294 0.696336
20.111588 -23.083590 8.381622 8.829814 19.339724 -7.018822 19.105167 7.330520 -2.261960 10.003265 0.261926 -12.364007 -9.534136 -13.137897 20.159201 5.721161 1.785271 7.972245 -23.670492 13.194042 5.046231 3.166534 4.920557 20.240866 -10.954556 -6.122479 -14.572932 15.577072 -9.150572 0.533997
20.043604 -21.655050 7.752098 8.627232 21.021353 -7.908304 17.198233 6.323152 -2.176946 9.904005 -1.046713 -11.762159 -8.057107 -12.773488 19.005779 6.569272 1.878101 6.878325 -23.398943 14.087213 4.865072 4.883693 4.423388 19.254244 -10.966512 -6.923582 -14.210103 15.294679 -10.063451 -0.318176
9.769857 -22.034451 4.464895 -0.129864 27.326096 -0.911978 12.563980 6.180162 4.943238 5.684413 -11.484888 -1.516055 -6.490795 -18.930241 4.490489 4.550534 5.606318 7.996072 -23.940577 4.683079 6.434029 14.167416 -2.347783 13.426692 -9.419621 2.417158 -16.697510 7.324627 -5.919011 -0.317094
6.868373 -22.312414 3.148871 -2.345947 27.871738 -1.222141 10.530734 4.521098 5.354141 4.850881 -12.614592 -0.004225 -7.064004 -16.204044 4.177739 6.082209 8.173837 3.412406 -23.316710 2.630239 5.161154 14.258115 -2.843684 11.946612 -10.399142 1.583000 -15.682280 8.425006 -6.211437 2.152085
1.529301 -23.167261 1.062246 -2.304463 27.802729 -1.042036 10.165162 4.548242 2.845990 4.080734 -13.621803 1.414771 -7.915551 -13.486873 4.550373 7.103654 11.168724 0.018201 -22.554281 1.435542 4.366510 13.512095 -3.074911 10.547838 -11.298625 1.436361 -15.286097 8.943085 -5.838397 5.245897
-2.362553 -22.761103 0.730417 -3.494276 26.534634 -1.343555 10.533970 3.301987 1.934759 -1.090998 -16.305511 2.902630 -9.163965 -4.196686 8.975210 11.090366 12.942545 -0.264069 -19.049561 -3.036920 6.389309 14.733613 -5.088447 7.583576 -11.068215 -1.744825 -12.756295 11.460467 -4.183132 9.690306
-4.465172 -23.343508 -0.069459 -4.488158 25.690035 -3.011287 9.818633 4.282054 1.573400 -3.315637 -17.345551 3.755469 -11.828939 -2.376683 8.105864 10.202473 14.419601 0.045766 -18.075483 -4.555684 5.821064 14.222542 -6.138538 8.270316 -11.946000 -1.736378 -11.149350 11.479950 -3.431453 11.244984
-4.368979 -24.633793 -0.380004 -5.780934 24.245518 -2.912601 9.660823 4.516283 2.367850 -3.199881 -17.257507 3.970663 -14.462771 -1.530720 7.497412 9.364246 14.932742 1.441262 -17.290842 -5.173375 5.095500 13.481160 -7.523794 8.845656 -12.558825 -1.379151 -9.539390 11.060135 -2.783164 11.117035
-4.429201 -25.018764 0.020952 -6.345136 23.215118 -3.800872 9.876449 5.311971 3.242481 -4.000390 -16.455528 3.818481 -16.437197 -2.136358 6.684175 8.467337 14.524544 3.399997 -16.831192 -4.850167 4.534796 12.686910 -9.103003 9.679269 -12.573175 -1.304343 -8.392282 11.123094 -2.366270 10.611259
-3.380265 -25.089674 0.443860 -6.703432 22.708942 -4.322642 9.605154 6.315376 3.896982 -4.409714 -15.682776 3.705367 -18.205431 -2.824140 5.992559 7.658669 14.437322 4.904583 -16.484261 -4.586601 4.243906 12.316968 -9.946867 10.281813 -11.933608 -1.124609 -8.564582 11.186057 -2.248154 9.725683
-3.077910 -24.336889 1.858061 -6.505610 22.275940 -4.416892 10.024252 7.465993 4.056246 -4.370652 -14.862378 3.456498 -19.067041 -4.157155 5.205276 7.117599 12.877666 6.382615 -16.853062 -4.484011 3.931966 12.219651 -10.741608 11.167375 -11.224702 -1.147523 -8.237685 11.393763 -2.316029 8.184504
-2.353275 -23.689333 2.813864 -6.535821 22.105938 -5.024565 10.227738 8.093090 4.477333 -4.178041 -14.376583 3.132068 -19.226887 -5.201152 4.552150 7.072436 11.167802 7.717141 -17.237959 -4.195814 4.370721 11.769589 -11.054060 11.357615 -10.439475 -0.821711 -8.291580 11.782948 -1.878364 7.167822
-1.168847 -22.787840 3.955516 -6.155596 22.697262 -5.789033 9.948032 8.409147 5.062223 -3.580271 -14.181948 2.860508 -19.225376 -5.827758 4.099701 7.035773 9.668608 8.954284 -17.427908 -3.893560 4.573054 11.146440 -11.252399 11.129140 -10.007236 -0.316630 -8.587784 12.006966 -1.424855 6.784301
-0.316081 -22.006985 4.954707 -5.634919 23.035717 -6.012226 9.696054 8.848620 5.295279 -3.275805 -14.157483 2.660633 -18.943470 -6.154611 3.921685 6.995336 8.917315 9.260093 -17.694468 -4.056457 4.498861 10.768975 -11.495937 11.016892 -9.837523 -0.136584 -8.615107 12.137363 -1.193052 6.551518
0.132741 -21.658676 5.277090 -5.295793 23.190962 -5.925964 9.497312 9.249161 5.254336 -3.218982 -14.131887 2.509088 -18.910213 -6.314979 3.877830 6.822215 8.614458 9.352404 -17.853930 -4.475061 4.541978 10.554802 -11.651388 11.018205 -9.707806 -0.048746 -8.727212 12.143021 -1.079387 6.234998
