-9.687396 -20.206285 1.956783 -2.290794 22.573854 -7.409460 9.037397 14.083540 -7.450629 2.884578 -9.044723 -7.564224 -15.156823 -5.180755 10.560481 8.502750 5.547669 -3.599872 -22.793356 0.576951 9.392801 9.762230 -7.914423 5.919834 -8.198757 0.750259 -18.402416 9.896548 -1.337089 3.474256
-9.762305 -20.171392 1.911283 -2.255022 22.582233 -7.402263 9.012215 14.086571 -7.487084 2.896224 -9.046509 -7.577694 -15.067114 -5.175290 10.580123 8.522988 5.600093 -3.672588 -22.797438 0.579684 9.432504 9.769301 -7.861210 5.885164 -8.188258 0.773431 -18.439636 9.897806 -1.321292 3.503407
-9.869036 -20.128674 1.867623 -2.179101 22.601921 -7.392939 8.979492 14.106033 -7.543303 2.911698 -9.000375 -7.614736 -14.942616 -5.166459 10.620401 8.564061 5.645380 -3.794789 -22.800148 0.564369 9.528009 9.783557 -7.735587 5.743419 -8.201495 0.828708 -18.570766 9.891139 -1.287456 3.598498
-9.935098 -20.092493 1.835572 -2.130681 22.588854 -7.389079 8.981537 14.108093 -7.598578 2.906229 -8.943398 -7.647256 -14.870669 -5.172934 10.615718 8.688200 5.638327 -3.912132 -22.791534 0.534774 9.517710 9.826917 -7.702737 5.775640 -8.218048 0.829573 -18.525013 9.882216 -1.303761 3.672025
-10.179352 -20.071878 1.744986 -1.955828 22.628641 -7.351286 9.012568 14.226213 -7.834661 2.845793 -8.802734 -7.697287 -14.660469 -5.220473 10.630006 8.971296 5.657245 -4.237670 -22.850786 0.498704 9.648851 9.800785 -7.591018 5.620312 -8.140800 0.960030 -18.718534 9.865431 -1.245605 3.723153
-10.623998 -20.144312 1.767416 -1.616879 22.532875 -7.114242 9.130466 14.573666 -8.240326 2.601334 -8.289465 -7.786867 -14.716960 -5.413280 10.463038 9.606814 5.365607 -4.600273 -22.848497 0.347213 9.764687 9.648389 -7.632315 5.543946 -7.963652 1.197270 -18.868908 9.857093 -1.115036 3.639760
-11.288692 -20.348658 1.772780 -1.190222 22.420033 -6.835136 9.328741 15.002693 -8.778196 2.266921 -7.516033 -7.890860 -15.140946 -5.708751 10.061186 10.571862 4.725698 -4.901534 -22.662584 0.115879 10.011169 9.322919 -7.769504 5.408977 -7.546101 1.585959 -19.244942 9.861807 -0.899763 3.272196
-11.866251 -20.598120 1.630838 -0.825880 22.339449 -6.569341 9.512443 15.405267 -9.299413 1.980017 -7.039974 -8.002199 -15.064088 -5.874481 10.022713 11.163528 4.643129 -5.385619 -22.681873 -0.027879 10.199814 8.883718 -8.136631 5.554102 -6.992259 2.045863 -19.381557 9.895878 -0.616925 2.710862
-12.524931 -21.040039 1.504198 -0.559321 22.103870 -6.267565 9.755919 15.726683 -9.742998 1.596838 -6.152474 -8.193895 -15.493336 -6.314997 9.656384 12.026704 4.133653 -5.721648 -22.694574 -0.323595 10.504462 8.680757 -8.249511 5.627446 -6.698777 2.343523 -19.493786 9.917121 -0.403359 2.430028
-13.090713 -21.327242 1.278160 -0.325126 21.969194 -6.006139 9.965601 15.943931 -10.155912 1.350592 -5.889610 -8.243884 -15.462853 -6.448445 9.716588 12.267824 4.219807 -6.023070 -22.737837 -0.399150 10.710273 8.541448 -8.277551 5.673451 -6.514028 2.529124 -19.638744 9.914843 -0.293393 2.140047
-13.547305 -21.450808 0.814507 -0.149626 21.965532 -5.797103 10.013640 16.245384 -10.598969 1.156125 -5.764579 -8.256329 -15.399133 -6.617187 9.764213 12.310822 4.326258 -6.393298 -22.820528 -0.632517 10.922079 8.409549 -8.289053 5.640172 -6.427559 2.714419 -19.785854 9.879444 -0.149310 1.947156
-13.583956 -21.354944 0.363148 -0.087076 22.180397 -5.765138 9.933617 16.607279 -10.943151 1.091049 -5.489837 -8.302653 -15.304011 -6.905731 9.686505 12.394897 4.273259 -6.863518 -23.166262 -0.982193 11.038622 8.288527 -8.298147 5.429811 -6.496140 2.782970 -20.060307 9.755393 -0.067730 1.913179
-13.480011 -21.093592 -0.211008 -0.134543 22.397680 -5.601816 9.626801 17.337845 -11.256316 0.974355 -5.312637 -8.321481 -15.419788 -7.143866 9.433575 12.328107 4.009862 -7.194583 -23.371027 -1.564140 11.107185 8.097268 -8.480536 5.478249 -6.408919 2.867433 -20.206181 9.636732 0.028049 1.630693
-13.244124 -20.692274 -0.644224 -0.254175 22.695522 -5.573746 9.284315 17.910355 -11.430617 0.962587 -5.218868 -8.359397 -15.389050 -7.270502 9.245034 12.324908 3.867203 -7.558742 -23.511030 -2.085239 11.114227 7.985392 -8.553208 5.429019 -6.435358 2.854495 -20.354992 9.519224 0.055908 1.510747
-13.028573 -20.380995 -0.748549 -0.376065 22.862549 -5.544248 9.004782 18.358847 -11.449244 0.876494 -5.153585 -8.485557 -15.125188 -7.333813 9.320712 12.174261 4.016593 -8.021690 -23.815451 -2.609856 11.158154 7.918231 -8.650208 5.359758 -6.511321 2.779835 -20.524372 9.377050 0.041031 1.449246
-12.642725 -20.021887 -0.798022 -0.518511 23.073917 -5.572819 8.695627 18.804012 -11.444161 0.805986 -5.136636 -8.551310 -15.202264 -7.368464 9.256898 11.966731 4.013090 -8.143247 -23.916437 -3.088756 11.214668 7.795960 -8.789641 5.370257 -6.505920 2.786546 -20.666859 9.237458 0.061062 1.307997
-12.350285 -19.664064 -0.851770 -0.621025 23.322803 -5.611539 8.434679 19.117001 -11.476119 0.777689 -5.092571 -8.588471 -15.207388 -7.433675 9.132599 12.059275 3.899366 -8.324430 -24.022734 -3.338879 11.151237 7.783646 -8.895542 5.377626 -6.593202 2.674662 -20.671108 9.158888 -0.012409 1.331503
-12.185551 -19.356501 -0.942144 -0.684022 23.542122 -5.665831 8.237557 19.333349 -11.551162 0.769330 -5.109174 -8.679769 -14.885560 -7.413051 9.270446 12.130157 4.077113 -8.616025 -24.181051 -3.425536 11.185884 7.819773 -8.854877 5.288526 -6.654652 2.614395 -20.756958 9.138835 -0.050968 1.380217
-11.985205 -19.139164 -0.938446 -0.747238 23.652691 -5.699513 8.084694 19.505028 -11.555783 0.734543 -5.107945 -8.748410 -14.751094 -7.402046 9.352850 12.141744 4.155850 -8.720934 -24.240643 -3.512880 11.188594 7.810428 -8.887383 5.276545 -6.687385 2.594691 -20.781548 9.105091 -0.064030 1.374727
-11.909990 -19.057669 -0.936037 -0.794953 23.686768 -5.706865 8.021270 19.562538 -11.548516 0.709812 -5.115836 -8.761779 -14.708622 -7.392512 9.389230 12.131364 4.199357 -8.759982 -24.260344 -3.546282 11.206637 7.769265 -8.928617 5.278617 -6.684690 2.613855 -20.811428 9.078403 -0.044039 1.323796
-11.785885 -19.066675 -0.768008 -0.925823 23.575527 -5.733584 7.979110 19.622515 -11.363462 0.612755 -5.066051 -8.733376 -14.925756 -7.429418 9.273309 12.131702 4.045192 -8.672987 -24.208652 -3.660942 11.215951 7.732203 -9.000183 5.338835 -6.648308 2.623044 -20.767220 9.083805 -0.014720 1.237316
-11.591389 -19.063179 -0.324850 -1.203026 23.287392 -5.784016 7.862300 19.911367 -10.984843 0.304469 -4.857043 -8.678000 -15.454263 -7.560050 8.915754 12.242113 3.536412 -8.479909 -24.098814 -3.921903 11.290857 7.628843 -9.200260 5.556268 -6.493230 2.642745 -20.711790 9.118870 0.051367 0.795067
-11.387327 -19.130800 0.300129 -1.290653 22.902546 -5.815726 7.708579 20.490520 -10.599146 -0.128385 -4.480276 -8.657870 -16.361996 -7.784404 8.284558 12.325853 2.626246 -8.084010 -24.020506 -4.512302 11.298341 7.499556 -9.556234 5.896082 -6.360303 2.555761 -20.545084 9.156734 0.113886 0.151947
-11.060625 -18.992868 1.562073 -1.357787 22.197405 -5.956270 7.595221 21.122311 -9.926255 -0.655439 -3.983363 -8.802864 -17.774578 -7.965297 7.549940 12.405098 1.307027 -6.948380 -23.655691 -5.155197 11.303597 7.207531 -10.033181 6.294261 -6.141665 2.511042 -20.401630 9.258020 0.310678 -0.870583
-10.401366 -18.875122 3.166372 -1.292290 21.213680 -6.286820 7.512122 21.929600 -8.996914 -1.233365 -3.309558 -9.044168 -19.380524 -8.275230 6.827871 12.317137 -0.098892 -5.544755 -23.353399 -5.924880 11.051828 6.743479 -10.866789 7.106923 -5.753387 2.441433 -19.886288 9.513519 0.568490 -2.246737
-9.184360 -19.010101 4.690965 -1.441904 20.007229 -6.408279 7.352270 23.276339 -7.788239 -1.956868 -2.566920 -9.202666 -21.058718 -8.665931 6.120587 12.028372 -1.633469 -4.137951 -22.963572 -6.684619 10.710388 6.095867 -11.933048 7.946307 -5.348584 2.531950 -19.324873 9.725920 0.898608 -3.698780
-7.665710 -19.060019 6.406362 -2.024173 18.713249 -6.858629 7.378486 24.286201 -6.443749 -2.796703 -1.655758 -9.479623 -22.296413 -9.281171 5.712395 11.517431 -2.742004 -3.195895 -22.996754 -7.578248 10.147769 5.200501 -13.257969 8.786344 -5.003189 2.976302 -18.479259 9.917617 1.525234 -5.171597
-6.187883 -18.928885 7.863991 -2.913164 17.984676 -7.082053 7.163112 25.102161 -5.102319 -3.170300 -0.734253 -9.377316 -24.211071 -10.388532 5.157866 10.530767 -3.843916 -1.752121 -23.141191 -7.888615 9.113436 4.082463 -14.741590 9.546600 -4.929545 3.965978 -17.518667 9.618795 2.232589 -5.864864
-5.333680 -18.406580 9.665501 -3.968973 16.510937 -7.001820 7.549330 25.795729 -4.644656 -4.445110 0.078775 -9.106818 -26.517973 -11.106033 4.462250 10.275733 -4.791386 -0.513467 -22.537348 -8.099380 7.567461 3.056745 -16.217884 10.809051 -5.077313 5.192864 -16.843723 8.505498 2.291577 -5.813440
-3.191960 -17.600431 11.348645 -4.992177 13.339257 -9.902117 9.559223 25.184330 -4.652041 -7.192031 1.992141 -8.550059 -30.869684 -12.025666 4.276095 8.588102 -3.514613 0.914779 -20.785378 -7.718301 3.975087 2.160715 -18.163969 12.820952 -5.774724 7.087936 -16.206629 5.841878 1.016117 -4.310814
-1.519366 -17.088839 12.201968 -6.248178 11.315070 -12.342580 10.926344 24.029566 -4.242600 -8.583289 3.092491 -7.566165 -35.002991 -13.027778 5.122267 6.227695 -0.963751 2.055219 -18.288830 -6.664911 1.960726 1.609403 -20.021986 14.846318 -7.634937 8.352811 -14.963620 2.858167 0.523339 -3.576676
-1.499774 -17.181376 13.478675 -7.169700 9.575348 -13.504608 11.921333 22.918125 -3.236651 -9.208326 3.155587 -6.378776 -37.658890 -13.642186 5.882696 4.534434 0.915553 3.098425 -16.531919 -5.365993 0.231216 1.836223 -21.344454 16.384493 -8.846877 8.937630 -13.474684 1.643473 -0.182189 -3.705791
-1.067153 -16.137274 15.583568 -8.390324 8.299380 -15.162106 12.826340 22.503807 -2.139470 -9.537358 2.653467 -5.005292 -39.647461 -14.008667 5.623630 3.425054 1.466944 4.332178 -15.075472 -3.669458 -1.100927 3.020021 -22.085104 18.293480 -9.946694 8.635430 -11.943048 0.779965 -1.217250 -5.489854
-1.379612 -15.116002 17.635796 -10.321556 7.963069 -17.232771 12.893435 22.258423 -0.174393 -9.397865 1.728780 -3.981925 -41.070072 -14.292945 4.984964 2.864164 0.851842 5.833947 -13.648741 -2.161062 -1.901057 3.809029 -21.763527 19.591043 -10.437360 9.215783 -9.898417 1.012367 -0.903611 -6.057889
-1.458250 -14.852106 18.774963 -12.401962 8.039496 -18.062490 12.147273 21.151112 2.115485 -9.104965 0.743419 -2.439575 -42.261124 -14.922100 4.396674 2.075746 -0.247377 7.580635 -12.643329 0.294726 -2.079419 4.206756 -21.118113 19.998308 -10.921154 10.043977 -7.861206 1.794984 0.289128 -5.975707
-0.731732 -15.366947 19.029549 -13.976751 7.695797 -17.969770 11.545039 19.746630 3.870944 -9.077691 -0.268877 -0.974003 -42.636650 -15.323230 4.123907 1.548486 -1.030004 8.614614 -12.025435 2.786679 -1.663779 4.606742 -20.232973 19.963795 -11.179387 10.370317 -5.944248 3.027627 1.549211 -5.457981
0.248824 -16.305056 18.709915 -15.276339 7.721161 -17.389175 10.899150 18.546505 5.092988 -8.990811 -1.070774 0.063817 -42.635284 -15.575299 3.894383 1.400741 -1.578526 9.640149 -11.568808 5.154672 -0.735406 4.993996 -19.310886 20.021084 -11.344710 11.065867 -4.346575 3.696628 2.872927 -4.602927
1.093882 -16.912394 18.383820 -16.427794 7.880915 -16.848701 10.077594 17.552418 6.162012 -9.024950 -1.855732 0.904891 -42.560043 -15.225033 3.580257 1.543302 -1.798568 10.214807 -11.209288 6.919776 0.245988 5.247550 -18.382708 19.821402 -11.859882 11.612449 -3.321796 3.985720 4.046930 -3.542789
1.396988 -17.287849 18.221783 -16.981997 7.873101 -16.533327 9.755850 16.933491 6.625794 -9.128293 -2.260338 1.164490 -42.405624 -15.040279 3.387860 1.599275 -1.779085 10.539074 -11.112319 7.859917 1.040435 5.426707 -17.659971 19.251781 -12.058128 11.624253 -2.784455 4.641169 4.918642 -3.071755
1.456117 -17.354763 18.123043 -17.163427 7.912740 -16.524256 9.669390 16.695662 6.802343 -9.070930 -2.471491 1.320200 -42.317505 -14.950831 3.327663 1.669270 -1.817928 10.615399 -11.058185 8.204691 1.240958 5.509844 -17.433161 19.088755 -12.077993 11.598748 -2.566123 4.890421 5.119392 -2.877130
1.508103 -17.422415 18.108408 -17.207113 7.859308 -16.437490 9.646376 16.682007 6.804163 -9.136012 -2.481623 1.322233 -42.344582 -14.936114 3.293507 1.719957 -1.855711 10.608035 -11.019534 8.175032 1.216253 5.509101 -17.489878 19.170319 -12.104846 11.602777 -2.570369 4.796677 5.071367 -2.848270
1.650817 -17.504313 17.972900 -17.321703 7.843882 -16.337074 9.494181 16.737999 6.848960 -9.254177 -2.554484 1.426338 -42.414879 -14.883725 3.304546 1.718722 -1.828034 10.509831 -10.949477 8.083470 1.254815 5.512818 -17.511759 19.267311 -12.063529 11.610217 -2.548814 4.784885 5.044041 -2.843969
1.776376 -17.663261 17.824383 -17.459045 7.774106 -16.182753 9.357639 16.721548 6.895043 -9.413234 -2.724673 1.557394 -42.500004 -14.775058 3.334442 1.741092 -1.755917 10.448030 -10.775274 8.028901 1.244409 5.506968 -17.601641 19.412825 -12.077092 11.643912 -2.496625 4.695923 5.017845 -2.806275
1.941065 -17.864542 17.627687 -17.627329 7.694901 -15.900193 9.143161 16.687080 6.946119 -9.602976 -2.913332 1.676171 -42.542160 -14.703238 3.330635 1.848760 -1.841017 10.380906 -10.587623 7.929195 1.346543 5.457200 -17.639999 19.427269 -12.009780 11.596426 -2.388390 4.864636 5.119897 -2.844898
2.185078 -18.086571 17.227480 -17.850132 7.593084 -15.601643 8.895856 16.670628 6.926399 -9.840086 -3.138986 1.810810 -42.600292 -14.669347 3.329781 1.805338 -1.858870 10.255147 -10.443666 7.743722 1.506528 5.176837 -17.698801 19.038729 -12.214316 11.734477 -2.387935 4.961564 5.582477 -2.719946
2.471997 -18.279943 16.800034 -17.974314 7.505759 -15.331923 8.666199 16.768364 6.836549 -10.114883 -3.369451 1.966906 -42.723564 -14.545929 3.349748 1.825445 -1.763180 10.015779 -10.222571 7.534183 1.559900 4.982067 -17.881330 19.184229 -12.299512 11.977993 -2.504182 4.632918 5.671813 -2.643257
2.752907 -18.472742 16.317678 -18.136217 7.382435 -15.015087 8.430309 16.843887 6.731978 -10.403515 -3.592523 2.157753 -42.787598 -14.633968 3.240256 1.834909 -2.067027 9.997200 -10.128350 7.525221 1.549528 4.963063 -17.829567 18.987148 -12.364099 11.864466 -2.457346 4.813128 5.751548 -2.460523
3.104626 -18.667021 15.754216 -18.212816 7.189855 -14.821337 8.424629 16.869373 6.468933 -10.594009 -3.801659 2.471686 -42.905479 -14.554195 3.327302 1.888545 -1.949025 9.606421 -9.900496 7.463300 1.461947 4.657581 -18.071619 18.712225 -12.585388 12.045227 -2.506959 4.670348 6.043313 -2.112836
3.437950 -18.844254 15.123105 -18.329802 6.927100 -14.722469 8.608593 16.680790 6.180738 -10.608959 -3.863470 2.541305 -42.964188 -14.596290 3.412493 2.024309 -1.941826 9.423970 -9.640824 7.328162 1.321870 4.443111 -18.306803 18.614475 -12.709828 12.216386 -2.539928 4.473922 6.135371 -1.712436
3.675965 -19.100634 14.529751 -18.442228 6.579409 -14.684540 8.928714 16.426680 5.898421 -10.616537 -3.867213 2.688086 -43.102604 -14.630445 3.564224 1.925359 -1.666236 9.182860 -9.361211 7.286072 1.139862 4.207386 -18.546364 18.335150 -12.988790 12.313291 -2.500069 4.298590 6.321800 -1.180867
3.921638 -19.066650 13.981847 -18.515738 6.313881 -15.019487 9.303379 16.170116 5.569691 -10.556624 -4.057371 2.769023 -42.943634 -14.460444 3.568920 2.244746 -1.811489 9.181510 -9.078406 7.488872 0.599037 4.158697 -18.992018 18.562256 -13.101508 12.418206 -2.555565 3.646116 5.876159 -0.557052
4.035887 -18.967546 13.681386 -18.588663 6.212359 -15.373368 9.586370 16.011070 5.341619 -10.530513 -4.241688 2.859390 -42.723892 -14.341137 3.617208 2.701292 -1.810220 8.903750 -8.748315 7.640237 0.187563 4.043084 -19.295033 18.347460 -13.197758 12.446918 -2.671265 3.291949 5.631210 0.356134
3.839271 -18.760267 13.553617 -18.632135 6.014681 -15.767035 10.049883 15.752211 4.974714 -10.564074 -4.253002 2.927471 -42.563911 -14.462564 3.673432 2.980899 -1.913665 8.822104 -8.486924 7.942656 -0.127130 3.945842 -19.587336 18.347025 -13.200191 12.477850 -2.741224 3.009888 5.402618 0.979379
3.572942 -18.440277 13.765409 -18.852961 5.779790 -16.085215 10.448971 15.469648 4.826066 -10.613781 -4.191219 3.013738 -42.778191 -14.300616 3.855628 3.317331 -1.526436 8.720843 -8.064916 8.275051 -0.680141 3.971369 -19.936312 18.552925 -13.310370 12.438282 -2.723271 2.549288 4.912206 1.589906
3.400619 -18.092882 13.795439 -18.990749 5.721264 -16.340546 10.602375 15.158123 4.699274 -10.570799 -4.091304 2.871579 -42.754646 -14.347710 3.931318 3.583231 -1.434894 9.069468 -7.843412 8.771462 -0.977531 4.055717 -20.034433 18.655432 -13.367788 12.401303 -2.775390 2.283638 4.538368 2.074186
3.257101 -17.705179 13.945522 -19.028202 5.753012 -16.673784 10.741936 15.052649 4.549481 -10.532741 -4.087760 2.764310 -42.882698 -14.168494 4.032712 3.757982 -1.145829 9.254128 -7.555917 8.979586 -1.220179 4.099192 -20.141813 18.588942 -13.526318 12.185687 -2.839985 2.130018 4.278954 2.362391
2.938006 -17.406435 14.177943 -19.058052 5.789617 -16.960762 10.980610 14.839924 4.468667 -10.378847 -4.209862 2.689505 -43.043594 -13.802136 4.274330 3.731455 -0.545388 9.431182 -7.251157 9.141836 -1.454532 4.093980 -20.196058 18.479555 -13.386924 12.201715 -2.916898 2.220345 4.035213 2.631958
2.619137 -17.189829 14.436822 -19.070086 5.808480 -17.202787 11.105322 14.773142 4.463500 -10.359098 -4.161036 2.622778 -43.153282 -13.782334 4.394347 3.647415 -0.282152 9.548877 -7.126228 9.209312 -1.561084 4.083501 -20.240990 18.469429 -13.434963 12.161475 -2.912623 2.186616 3.947486 2.765738
2.428870 -17.039034 14.675296 -19.054621 5.811601 -17.360466 11.204145 14.743329 4.469565 -10.348486 -4.083869 2.520622 -43.234577 -13.823123 4.410472 3.629691 -0.220780 9.713922 -7.075111 9.236712 -1.674633 4.065644 -20.297148 18.477940 -13.453691 12.161989 -2.939834 2.130930 3.851275 2.821312
2.384890 -16.994139 14.737418 -19.078188 5.832689 -17.420765 11.210573 14.714571 4.496992 -10.333015 -4.092937 2.457302 -43.165020 -13.854108 4.475386 3.601295 -0.165372 9.743218 -7.082880 9.257453 -1.695375 4.076371 -20.297117 18.466358 -13.459691 12.142365 -2.930297 2.140017 3.828632 2.871580
2.327195 -16.964272 14.758571 -19.086954 5.874087 -17.423376 11.266177 14.581253 4.473624 -10.239891 -4.136501 2.438396 -43.137657 -13.799075 4.513308 3.608649 -0.095444 9.811051 -7.044898 9.356888 -1.710633 4.108063 -20.264925 18.448555 -13.548239 12.099231 -2.854226 2.137759 3.841370 2.981710
2.167844 -16.929350 14.774993 -19.189386 6.002743 -17.559198 11.378407 14.153519 4.534247 -10.007057 -4.294191 2.358533 -43.029980 -13.545037 4.726707 3.599740 0.299530 10.000253 -6.878871 9.653107 -1.865598 4.205419 -20.182089 18.411955 -13.699425 11.972522 -2.685183 2.216770 3.755943 3.247488
1.809973 -16.818380 14.850943 -19.339182 6.226089 -17.931799 11.648377 13.335981 4.577167 -9.681776 -4.512264 2.242540 -42.878609 -13.167592 5.087470 3.571860 0.941283 10.273449 -6.630349 10.090417 -2.114750 4.400187 -20.043512 18.364761 -13.815700 11.804483 -2.438921 2.432384 3.565140 3.631241
1.298840 -16.660406 15.097354 -19.375942 6.453419 -18.151907 11.960902 12.497730 4.491270 -9.430439 -4.937437 2.220093 -42.556030 -12.746797 5.713714 3.374020 1.905515 10.542144 -6.337440 10.905876 -2.323917 4.807192 -19.746897 18.139536 -14.200257 11.377645 -2.122991 2.675976 3.336345 4.104977
0.939312 -16.741182 14.645274 -19.490759 6.925037 -18.203672 11.875955 11.683367 4.386916 -9.090089 -5.466568 2.160759 -42.184685 -12.060761 6.389663 3.051362 3.185715 10.722949 -6.025620 11.569225 -2.547887 5.314882 -19.286316 17.895664 -14.452868 10.942254 -1.855757 3.031508 3.001108 4.544151
0.295920 -16.906649 14.053897 -19.511236 7.395771 -18.053282 11.771151 10.916029 4.047120 -8.807963 -5.924462 2.075442 -41.545502 -11.445105 7.189587 2.876719 4.459610 10.627396 -5.876790 12.299768 -3.043991 6.039987 -18.823235 17.805418 -14.839646 10.387539 -1.439053 3.317432 2.418677 5.097847
-0.361135 -16.778849 13.083344 -19.556398 8.124831 -17.910044 11.521763 10.067172 3.600753 -8.319740 -6.593434 1.999519 -40.513977 -10.874366 7.959973 2.689920 5.400380 10.527076 -5.984845 12.829281 -3.278856 6.754724 -18.242659 17.602716 -15.108646 9.829086 -1.162084 3.745565 2.009012 5.483553
-1.216014 -16.684162 12.001119 -19.486322 8.826168 -17.782610 11.387906 9.196045 3.012509 -7.911459 -7.415532 2.170929 -39.495049 -10.122098 8.716723 2.552343 6.506673 10.142810 -6.117250 13.300973 -3.634683 7.527098 -17.762756 17.489176 -15.331956 9.346975 -0.917240 3.988724 1.431310 5.764016
-1.982500 -16.747957 10.637366 -19.626318 9.715854 -17.238590 11.011084 8.411377 2.385666 -7.533377 -8.317091 2.390765 -38.222103 -9.081330 9.793068 2.486217 8.046276 9.255647 -6.239506 13.716371 -4.062376 8.473332 -17.210913 17.155416 -15.580269 8.688790 -1.033462 4.106968 0.565637 5.950734
-2.829368 -16.859877 8.886241 -19.591572 10.735661 -16.960165 10.754692 7.816289 1.413728 -7.069086 -9.383058 3.053230 -37.001476 -7.858933 11.297922 2.228559 10.536159 7.534277 -6.175190 14.150812 -4.433039 9.608392 -16.665335 17.019058 -15.603664 8.107379 -1.092796 4.214161 -0.443351 6.189449
-3.774700 -17.006649 6.941044 -19.648232 11.840950 -16.937943 10.435979 6.996986 0.563194 -6.552315 -10.648041 3.805330 -35.512856 -6.488478 12.910309 2.049058 12.822328 5.485191 -6.190267 14.286362 -4.505284 10.817398 -15.729088 16.683744 -15.779895 7.524208 -1.453041 4.223591 -1.440361 6.402966
-4.684896 -17.090368 4.816669 -19.915798 12.825432 -17.251259 9.913683 5.568675 -0.163697 -6.316021 -11.900234 4.233163 -33.775345 -5.231027 14.215779 2.100172 14.410645 3.921508 -6.279788 14.635477 -4.408459 12.002885 -14.685527 16.142836 -16.139566 6.982782 -1.648454 4.360886 -2.179341 6.883704
-5.556788 -17.192471 2.974382 -19.942007 13.309788 -17.532101 9.822022 4.312335 -0.920627 -6.068110 -12.884732 4.615824 -32.197083 -3.957854 15.094821 2.513054 15.386716 2.397011 -6.600765 14.887981 -4.403434 12.982705 -13.693241 15.752203 -16.548615 6.418600 -2.244118 4.115223 -3.215931 7.472892
-5.706957 -17.638983 0.742224 -19.556597 13.886783 -17.144466 9.624827 3.740367 -2.076138 -5.899727 -13.681334 4.902179 -30.547089 -3.515466 15.761724 2.658913 16.349321 0.715016 -7.205433 15.136015 -4.255540 13.729749 -12.708014 15.325926 -16.776680 5.952722 -3.003893 3.922317 -4.079772 8.049537
-10.231687 -24.440580 2.219031 -17.462412 23.799541 -1.636022 4.442825 5.108361 5.401598 4.477184 -13.238008 5.627273 -25.590416 5.130519 14.257922 6.970657 8.570882 -2.781164 -16.640024 10.753889 -0.569847 11.561255 -11.053214 11.945571 -16.993568 0.558506 -4.495151 9.286572 -2.900306 11.449666
-10.109518 -24.436028 0.880281 -16.744864 24.538177 -0.989607 4.428958 4.376878 4.328078 4.682428 -13.873360 5.398766 -24.116489 4.442002 14.669106 6.576252 9.595076 -4.339132 -17.091715 10.806002 0.128441 11.918089 -10.174641 11.380233 -16.974106 0.270397 -5.574348 9.073982 -3.320939 11.616072
-9.981245 -24.232893 -0.031017 -15.481180 25.580914 -0.374747 4.463028 3.770103 3.300682 5.430126 -14.296868 5.174460 -22.564100 3.954188 15.005163 6.631776 9.772145 -5.629505 -17.473028 10.939943 0.678171 12.195323 -9.415121 10.885665 -16.893654 0.132792 -6.461177 8.919612 -3.593296 11.667710
-10.375422 -24.307562 -0.470703 -14.219278 26.128727 -0.354826 5.006046 3.315047 2.453734 6.517833 -14.736622 5.030249 -20.878679 3.566653 15.054720 7.187119 9.449908 -6.946707 -17.939835 10.645047 1.239756 12.709382 -8.346024 10.322045 -16.836452 -0.008788 -7.367826 8.892439 -3.995864 11.641222
-10.672727 -23.854752 -0.337628 -12.647416 26.810749 -0.657952 5.879041 2.944782 1.504682 7.741929 -14.885273 4.744641 -18.953339 2.885235 15.228175 7.917088 8.706535 -7.917253 -18.590513 10.178863 1.905024 13.174621 -7.164317 9.794957 -16.595558 0.025855 -8.479163 8.864256 -4.314549 11.578936
-8.665673 -22.923105 -0.220258 -9.510350 25.517122 -5.450743 6.194289 2.749751 -1.571749 5.982009 -15.891049 -1.099074 -16.193663 2.855403 12.457015 10.890282 12.433978 -6.017746 -17.643946 7.965232 5.136121 15.529777 -6.455076 8.030957 -14.355509 -1.977275 -9.634325 10.032839 -4.112055 11.823471
-7.400661 -21.334978 0.005038 -8.142170 25.430733 -6.376298 7.080471 3.025335 -3.333694 5.948151 -15.458714 -2.489864 -14.240730 1.846684 12.475683 11.932844 11.678185 -5.807078 -17.996178 8.027946 6.312187 16.060221 -5.376171 7.770400 -13.349934 -2.565847 -10.702491 10.494761 -4.303608 11.336884
-5.942436 -20.648384 0.453613 -6.635219 25.407866 -6.377588 7.931195 4.311352 -4.414162 6.620957 -14.377026 -3.364436 -12.609624 0.274642 12.800794 12.590212 10.469256 -5.978893 -18.795992 8.932623 6.859898 16.676987 -4.441577 8.008220 -12.346189 -2.467829 -12.288180 10.263027 -5.044803 10.399543
-4.324825 -19.906721 1.492609 -5.465809 25.495369 -6.174230 8.382406 5.495387 -4.622453 7.340892 -12.826751 -4.640466 -11.094581 -1.747742 13.123920 13.134521 8.765372 -6.010131 -19.802597 9.667838 7.088681 16.666660 -4.055244 8.335742 -11.593251 -2.304209 -13.301993 10.188376 -5.371369 9.057959
-3.311810 -19.233252 3.569008 -4.251354 24.934824 -6.650188 9.254171 6.434252 -4.342150 7.680938 -11.771978 -5.645507 -10.621575 -3.073124 13.156371 12.883560 7.665840 -5.627367 -20.551714 9.587870 7.313559 16.465256 -3.830057 8.653530 -10.712403 -2.075294 -14.243606 10.139462 -5.519372 7.567888
-2.179412 -18.133684 5.735433 -3.541595 24.546177 -7.491261 9.738487 7.293991 -3.867869 7.732175 -10.842979 -6.624282 -10.373744 -4.464579 12.889313 12.453119 5.876930 -4.684649 -21.324875 9.391039 7.487611 16.005596 -3.810260 9.476319 -10.060493 -1.706390 -14.781446 10.058195 -5.408482 5.943934
-0.365815 -17.714300 7.458859 -3.667380 23.846233 -7.532905 9.900188 7.991228 -2.979076 7.884396 -9.856422 -7.159044 -10.685140 -5.375250 12.664968 12.362764 4.015982 -3.719803 -21.660398 9.500351 7.727432 15.637328 -3.774587 10.188733 -9.301568 -1.338779 -15.254349 10.062449 -5.303474 4.533733
2.028004 -17.563375 8.322309 -3.793241 23.343922 -7.164825 9.987196 8.949409 -2.355369 8.091988 -9.118225 -7.559653 -11.403105 -6.408543 11.768894 12.741796 1.447854 -1.522470 -21.430468 10.810759 7.910500 15.263497 -4.074705 10.734275 -8.604932 -0.997717 -15.498523 10.020029 -5.132564 3.160596
3.164414 -17.556936 8.678693 -3.647424 22.916796 -7.157407 10.002349 10.000963 -2.134578 7.996431 -8.607597 -7.800607 -12.134246 -7.149341 11.289769 12.787792 0.020615 0.138216 -21.243868 11.470116 8.137215 14.950908 -4.395008 11.145116 -8.122940 -0.728516 -15.725446 9.850971 -4.962409 2.035556
3.832953 -17.552851 8.899881 -3.408175 22.686687 -7.278755 10.110749 11.054916 -2.130939 7.926658 -8.242391 -7.973105 -13.087058 -7.489447 11.018567 12.314747 -0.255052 1.233068 -21.179478 11.376407 8.238386 14.599925 -4.617657 11.586135 -7.695530 -0.407989 -15.704203 9.934184 -4.627084 1.594900
3.931123 -17.633650 9.285399 -3.033455 22.334421 -7.368851 10.614897 11.894206 -2.239021 7.825380 -7.767420 -8.205595 -14.022617 -7.783293 11.009068 11.468543 0.054789 1.759009 -21.245277 10.601048 8.200188 14.171290 -5.068125 11.876904 -7.472330 -0.244722 -15.533278 10.046108 -4.284995 1.253484
3.670210 -17.800709 9.431132 -2.937729 21.867420 -7.560673 11.157207 12.872977 -2.331835 7.689885 -7.478473 -8.403881 -14.564385 -8.067753 11.140361 10.581683 0.059105 2.292327 -21.439486 9.724043 8.212906 13.646037 -5.477929 12.171756 -7.262579 -0.056128 -15.396699 10.147686 -3.909812 0.849807
3.101861 -18.074709 9.267367 -3.100254 21.326103 -7.935462 11.628225 13.888777 -2.365106 7.510243 -7.209666 -8.522417 -15.059173 -8.453822 11.218925 9.823448 -0.212484 2.874342 -21.612360 9.066525 8.179575 13.126549 -5.956770 12.437876 -7.232600 0.112976 -15.056261 10.225059 -3.505771 0.626443
2.701813 -18.348909 8.991345 -3.190517 20.989180 -8.300331 11.775931 14.627476 -2.377784 7.176240 -7.070451 -8.644790 -15.637853 -8.754632 11.105088 9.193722 -0.352703 3.381835 -21.711166 8.451068 8.148924 12.637616 -6.345370 12.721681 -7.223792 0.281771 -14.706980 10.286468 -3.130050 0.504080
2.231124 -18.647226 8.757846 -3.540663 20.623817 -8.442502 11.649187 15.228868 -2.344603 6.842202 -6.910612 -8.759665 -16.307453 -9.054469 10.837878 8.685238 -0.613717 4.042159 -21.707972 8.019022 8.032164 12.275661 -6.653392 12.803649 -7.358146 0.364666 -14.369359 10.333889 -2.852459 0.683475
2.020845 -18.891436 8.582006 -3.883955 20.382935 -8.435019 11.453394 15.642782 -2.288968 6.613077 -6.996060 -8.714353 -16.670115 -8.960407 10.709189 8.438471 -0.535392 4.201595 -21.650389 7.666234 8.004610 12.018496 -6.895628 12.988426 -7.419431 0.482727 -14.062737 10.334641 -2.586550 0.746960
1.907034 -19.083761 8.426827 -4.111328 20.240753 -8.368979 11.306681 15.941151 -2.234561 6.481518 -7.046540 -8.737827 -16.866011 -8.887236 10.643327 8.177042 -0.295745 4.291589 -21.628836 7.404625 7.941721 11.782060 -7.117898 13.072215 -7.470912 0.542967 -13.823211 10.391192 -2.392852 0.890461
1.895763 -19.323298 8.259770 -4.297489 20.162947 -8.294110 11.236466 16.006851 -2.147998 6.389822 -7.055760 -8.803811 -17.056122 -8.897855 10.558208 7.997193 -0.160368 4.409541 -21.624983 7.247317 7.868242 11.653138 -7.258187 13.088271 -7.526112 0.574884 -13.648898 10.433756 -2.270493 1.035205
1.886605 -19.469885 8.146520 -4.416709 20.130646 -8.271654 11.188044 16.009888 -2.096988 6.322367 -7.096367 -8.834117 -17.169998 -8.857584 10.489537 7.850819 -0.029677 4.466829 -21.622961 7.067157 7.813436 11.569711 -7.363614 13.072339 -7.560853 0.594721 -13.541043 10.467649 -2.184288 1.147397
1.872062 -19.565037 8.085625 -4.481313 20.121822 -8.262333 11.156633 15.981625 -2.066085 6.286616 -7.126463 -8.846122 -17.260647 -8.825809 10.445607 7.752566 0.025511 4.509491 -21.630838 6.929986 7.785933 11.511351 -7.422160 13.067286 -7.566521 0.607321 -13.490993 10.497749 -2.134316 1.199860
1.872864 -19.600573 8.066050 -4.502292 20.113268 -8.259604 11.155779 15.982334 -2.057680 6.276968 -7.137631 -8.842847 -17.273857 -8.812250 10.448099 7.720626 0.033287 4.522642 -21.634981 6.890276 7.780735 11.484378 -7.443501 13.074536 -7.569866 0.611355 -13.468146 10.510468 -2.112350 1.211687
