11.163736 -13.516516 8.647851 -12.860806 5.193228 -2.114217 14.203266 20.099087 -3.311170 -23.860239 -8.247410 10.109663 -35.324963 -22.677975 -4.882873 9.023199 -9.487163 5.831975 -9.801608 -11.649588 1.843754 -14.907514 -14.558732 13.405416 -12.898242 8.705856 -3.672304 16.034645 7.187362 -5.246023
11.143665 -13.480490 8.535527 -12.780971 5.488503 -2.001302 13.925074 20.131208 -3.304616 -23.758081 -8.167913 9.983842 -35.255917 -22.673321 -4.826791 8.914984 -9.454367 5.876493 -9.976093 -11.753500 1.808587 -14.862523 -14.540827 13.408708 -12.918443 8.654433 -3.697757 16.004265 7.111304 -5.233941
11.015627 -13.328144 8.688996 -12.523502 5.888532 -1.917962 13.554532 20.104197 -3.176749 -23.530008 -8.084317 9.763511 -35.224930 -22.558632 -4.739370 8.735458 -9.361052 6.020060 -10.150784 -11.987398 1.715954 -14.826161 -14.589154 13.510489 -12.981023 8.581878 -3.791033 15.817091 6.950424 -5.373633
10.843073 -13.455332 8.915100 -12.205017 6.381054 -1.784350 13.017719 20.203262 -2.829992 -23.272657 -8.074171 9.570601 -35.223862 -22.234352 -4.563256 8.471584 -8.988466 6.153096 -10.261926 -12.124592 1.646285 -14.778546 -14.610947 13.565743 -13.121962 8.458589 -4.017233 15.549798 6.724955 -5.561037
10.873454 -13.479309 9.430051 -11.597905 6.847950 -1.791681 12.511248 20.296169 -2.582263 -23.081097 -7.802075 9.231669 -35.289917 -21.949512 -4.340673 8.193147 -8.461757 6.033945 -10.481963 -12.806999 1.518718 -14.709462 -14.661266 13.616345 -13.273829 8.252011 -4.164937 15.316475 6.464238 -5.619540
10.763353 -13.320284 10.443879 -10.751657 7.390040 -2.014448 11.960130 20.722120 -2.295716 -22.797159 -7.815229 8.796266 -35.496292 -20.939863 -4.139991 8.300271 -7.628509 5.979635 -10.447474 -13.767946 1.345861 -14.591579 -14.731593 13.702817 -13.519738 8.022120 -4.342175 14.942994 6.138660 -5.720537
10.677025 -12.984023 11.462735 -10.205382 7.524920 -2.254924 11.938780 20.695929 -2.187353 -22.794233 -7.675673 8.166499 -35.611576 -20.104851 -3.309095 7.582376 -5.992402 6.129771 -10.541244 -14.519144 1.351627 -14.527480 -14.740202 13.803359 -13.614556 7.942721 -4.687545 14.589598 5.873293 -5.891848
9.934210 -12.187582 12.770884 -9.764874 7.891955 -2.726548 11.832218 20.773376 -1.851225 -22.504148 -7.563726 7.233713 -35.477108 -19.140078 -2.729559 7.542202 -4.831761 6.171406 -10.522038 -15.671528 1.336213 -14.397723 -14.692148 13.929486 -13.904655 7.776467 -4.964689 14.246927 5.630364 -6.190546
9.328465 -11.608631 14.001196 -9.530344 8.344380 -3.255940 11.832259 20.885670 -1.381049 -22.155798 -7.307350 6.367115 -35.826469 -18.160061 -2.274222 7.697433 -3.838864 6.451607 -10.134883 -16.886414 1.170060 -14.340437 -14.852506 14.106704 -14.195673 7.580818 -5.164353 13.912079 5.370855 -6.495535
9.026975 -10.861704 15.028101 -9.233234 9.118868 -3.982692 11.834166 20.991402 -0.899904 -21.557575 -7.198326 5.577319 -35.756237 -17.445015 -1.732435 7.738696 -2.815246 6.606960 -10.035795 -17.638203 1.315511 -14.288811 -14.800264 14.254634 -14.348687 7.504229 -5.444139 13.682864 5.254778 -6.689253
8.723355 -10.220175 16.021488 -8.910644 9.550252 -4.516965 11.848646 21.223057 -0.638766 -21.276731 -6.968739 4.929523 -35.658287 -17.300915 -1.079943 7.434544 -1.850708 6.724464 -9.966281 -17.940683 1.215472 -14.128706 -14.762898 14.366614 -14.628070 7.350290 -5.373785 13.538988 5.137554 -6.801160
8.016494 -9.929519 17.055603 -8.300905 9.556828 -5.282069 12.353626 20.957914 -0.334424 -20.845907 -7.240155 4.278926 -35.451401 -16.675999 -0.759421 7.989381 -1.652351 7.129345 -9.695237 -18.293682 1.297573 -14.168588 -14.844185 14.548569 -14.627631 7.364894 -5.265718 13.499771 5.244421 -7.027433
6.903368 -9.622535 18.474066 -7.988385 9.770400 -5.436656 13.052492 20.256332 -0.116348 -20.467392 -7.647871 2.775868 -34.821022 -14.820536 -0.560358 10.129546 -1.840361 8.017962 -8.795595 -19.227612 1.689003 -13.942986 -14.532559 14.879064 -14.917413 7.334928 -4.588136 13.554691 5.738120 -7.668388
6.127027 -9.140296 19.607655 -7.808437 10.056438 -5.870018 13.218661 20.118860 0.296944 -20.122366 -7.537474 1.883653 -34.459152 -14.615956 -0.293272 10.446194 -2.056478 8.823294 -8.739341 -19.741879 1.858843 -13.900837 -14.517876 15.234454 -14.848451 7.367714 -4.391889 13.473409 5.825387 -7.989443
5.604924 -8.846118 20.069899 -7.548399 9.993543 -6.226400 13.647769 20.046581 0.188595 -19.899460 -7.404872 1.346612 -34.181828 -14.775114 -0.266692 10.662287 -2.355059 9.278180 -8.631906 -19.918491 1.952429 -13.989073 -14.606752 15.367379 -14.712696 7.480303 -4.237585 13.489796 5.993580 -8.076228
4.834887 -8.702810 20.296318 -7.227515 9.869344 -6.310674 14.126020 19.827698 -0.026698 -19.616163 -7.548768 1.033428 -33.783409 -14.790182 -0.260764 10.977148 -2.673626 9.621091 -8.557912 -19.861301 1.999240 -14.049456 -14.709974 15.404119 -14.667871 7.507841 -4.115846 13.468370 6.097949 -8.040991
4.398929 -8.726090 20.468498 -7.164389 9.907611 -6.023802 14.312118 19.725883 0.024349 -19.281826 -7.700000 0.782758 -33.351730 -14.791520 -0.217788 10.969460 -2.866364 10.005256 -8.787618 -19.669434 2.014201 -14.179973 -14.838444 15.362041 -14.607902 7.585185 -4.032229 13.470221 6.246176 -8.028704
4.049064 -8.854095 20.493773 -7.204546 9.835258 -5.738154 14.543175 19.575712 0.005862 -19.164686 -7.943235 0.700871 -33.012459 -14.677326 -0.286837 11.264780 -3.168482 10.155767 -8.826208 -19.518324 2.042460 -14.299417 -14.953898 15.232321 -14.542633 7.585188 -4.048173 13.526386 6.345103 -7.994517
3.827793 -8.967183 20.452316 -7.188238 9.800434 -5.501936 14.685298 19.511459 -0.051110 -19.085732 -7.998461 0.684051 -32.974442 -14.792045 -0.330535 11.293623 -3.385840 10.294535 -8.799487 -19.469288 2.114196 -14.325143 -14.960329 15.164618 -14.554564 7.571283 -4.080003 13.519020 6.404209 -7.974885
3.771353 -8.986588 20.398245 -7.287040 9.832422 -5.362940 14.677334 19.476393 -0.032196 -19.030386 -8.008553 0.648326 -32.943855 -14.837628 -0.344239 11.336771 -3.487955 10.332402 -8.771755 -19.503452 2.114240 -14.346098 -14.977701 15.138721 -14.537476 7.569462 -4.078589 13.540060 6.422844 -7.968010
3.990017 -9.029665 20.411053 -7.336152 9.792417 -5.367304 14.572493 19.421680 0.022499 -19.146414 -8.072596 0.752486 -32.960579 -14.660314 -0.335912 11.360256 -3.338773 10.261930 -8.755694 -19.433184 2.186353 -14.271055 -14.928504 15.215398 -14.619973 7.506804 -3.952016 13.534271 6.456671 -8.038947
4.574515 -8.741064 20.253708 -8.063871 10.194811 -5.181593 13.830404 19.362350 0.352393 -19.194006 -8.145094 0.943989 -33.338993 -14.260369 -0.284263 11.246969 -2.836934 10.212276 -8.522389 -19.418743 2.183713 -14.028363 -14.776405 15.479008 -14.769574 7.328066 -3.644423 13.559026 6.357147 -8.152667
5.349617 -8.847360 19.925251 -8.999715 10.599946 -5.104674 12.937467 19.300472 1.067051 -19.356546 -8.201442 1.270063 -33.921272 -13.862687 -0.236982 10.787070 -2.239991 10.211382 -8.342877 -19.495605 1.911553 -13.677090 -14.697741 15.815125 -14.910060 7.041089 -3.196745 13.678087 6.039200 -8.045129
6.277417 -8.965574 19.089054 -9.957147 11.162335 -4.080947 11.897319 19.290371 1.444059 -19.399195 -8.824292 2.242440 -34.382034 -13.247863 -0.284583 10.325527 -1.692677 9.756853 -8.282662 -19.124405 1.685688 -13.462358 -14.888836 16.076542 -15.052547 6.619835 -2.849023 13.673902 5.693376 -7.899364
7.154639 -10.058989 16.920818 -10.764100 11.440899 -3.005658 10.784390 18.868690 1.747376 -19.288042 -9.756548 2.959448 -34.308235 -12.038262 -0.571725 10.312584 -1.445986 9.472669 -8.276359 -19.012087 1.423843 -13.187364 -15.056670 16.216526 -15.295753 6.060866 -2.452086 13.718427 5.333597 -7.681989
8.117084 -11.882446 14.040219 -11.809221 11.689002 -1.446864 9.423530 18.822208 1.937152 -19.122936 -10.897856 3.875321 -34.016701 -11.102056 -0.934046 10.562265 -1.532176 9.167367 -8.085042 -18.321184 1.194906 -12.898802 -15.306486 16.382332 -15.384785 5.570706 -2.035251 13.738684 4.896255 -6.945023
9.218867 -13.299364 11.758104 -12.701235 12.020571 -0.360787 8.198893 19.264271 2.380507 -18.454750 -11.928900 4.765656 -33.636932 -10.635756 -1.620472 10.835112 -2.266181 9.485823 -8.264130 -17.127888 0.927671 -12.617768 -15.536232 16.313709 -15.467796 5.198631 -1.581302 13.784719 4.538403 -5.639034
10.842079 -14.614206 9.728129 -13.093648 11.716539 0.139957 8.204383 18.831808 2.620645 -17.840408 -12.592504 5.465946 -33.087082 -10.771678 -1.945724 10.937707 -2.863968 9.775474 -8.404051 -15.638580 0.667186 -12.240460 -15.485477 16.048227 -15.387440 4.907912 -1.110973 14.154321 4.217339 -3.979356
12.082420 -16.206408 8.170115 -13.729913 12.232536 0.635303 7.886746 18.347527 3.471394 -16.846138 -13.121462 6.147433 -32.079174 -11.508277 -2.121624 10.659550 -3.352339 9.572548 -8.945978 -13.982845 0.755951 -12.170211 -15.431458 15.587646 -14.975876 4.854497 -0.818721 14.700131 4.291671 -2.320244
12.082682 -18.236158 6.820091 -14.111027 11.825068 1.022776 8.639599 17.688631 3.406601 -16.818731 -13.876249 6.577624 -30.760895 -12.171517 -1.783736 10.010337 -3.403057 9.318597 -9.544995 -12.574265 0.743708 -12.012291 -15.177607 15.218998 -14.949031 4.793090 -0.444780 15.269951 4.402423 -0.956913
12.173931 -18.832359 6.597235 -13.865838 11.724569 0.381343 9.449027 16.753819 3.439286 -16.121964 -14.565739 6.599978 -29.687658 -12.628915 -1.052852 9.614217 -2.702875 8.948028 -9.588778 -11.865412 0.560158 -11.858788 -14.912125 14.555511 -14.944225 4.590099 -0.098786 16.036430 4.406695 0.550692
12.075106 -17.984640 6.664266 -14.126792 12.645502 -0.092642 9.093061 15.618084 3.580726 -15.210975 -15.523117 6.488397 -28.782116 -12.145052 0.088095 9.438577 -1.134597 8.531668 -9.186629 -11.358841 0.349470 -11.673875 -14.657080 14.147586 -14.953929 4.264739 0.158414 16.694839 4.234790 1.710760
11.459806 -17.579657 6.733386 -14.366215 12.781766 -0.546740 9.465221 13.781715 3.446255 -14.845275 -16.093147 6.287737 -28.366199 -11.436584 0.817807 9.294345 0.149086 8.544717 -8.683440 -11.149260 0.027969 -11.484069 -14.523115 13.789622 -14.911761 3.852072 0.453167 17.328634 3.969235 2.703364
10.766603 -17.345406 6.676076 -14.321582 13.435452 -0.336230 9.543095 12.559671 3.525753 -14.037539 -16.576597 5.872587 -27.803263 -10.949300 1.509171 9.056981 1.018764 8.896149 -8.460132 -11.038179 0.256924 -11.314066 -13.970356 13.262544 -14.958770 3.585568 -0.082663 17.545509 3.755129 2.985205
10.012297 -16.698977 6.692614 -14.432089 14.079251 -0.593425 9.681822 11.617935 3.717940 -13.173509 -16.998102 5.399247 -27.085892 -10.506640 2.169404 8.626251 1.609976 9.356200 -8.262599 -11.006685 0.348783 -11.039154 -13.537771 12.896747 -15.085355 3.347117 -0.271572 17.763105 3.554060 3.492634
9.313620 -15.838984 6.956033 -14.928186 14.659592 -0.629779 9.666547 11.084074 3.881275 -12.646124 -17.638885 4.861355 -26.024483 -10.288584 2.818798 8.108354 1.760246 9.958202 -8.401779 -10.898507 0.422470 -10.895009 -13.163132 12.477798 -15.106177 3.186574 -0.461320 18.033688 3.481817 3.890637
8.524191 -15.843909 6.513199 -15.186135 14.971089 -0.508947 9.665564 10.719471 3.713108 -12.428196 -17.722050 4.615144 -25.952068 -10.267739 3.219140 7.568920 2.192321 10.496297 -8.297421 -10.675467 0.515270 -10.645932 -12.707218 12.155164 -15.239398 3.062907 -0.469613 18.301184 3.516295 4.189383
8.178826 -15.919308 6.257342 -15.472826 15.172408 -0.462104 9.626472 10.544680 3.704077 -12.327288 -17.987915 4.409789 -25.711071 -10.113748 3.432090 7.301440 2.358829 10.905208 -8.257314 -10.570154 0.673174 -10.578276 -12.385253 11.840096 -15.223818 3.021098 -0.641648 18.479164 3.570312 4.317195
7.779988 -16.098484 5.928737 -15.668419 15.232360 -0.416123 9.588063 10.336922 3.667483 -12.299925 -18.152798 4.264169 -25.463665 -9.988393 3.641154 7.244947 2.574574 10.988532 -8.254561 -10.537108 0.756382 -10.532934 -12.243842 11.724523 -15.231694 3.023105 -0.667853 18.559284 3.621607 4.408144
7.804765 -16.088169 5.747633 -15.713180 15.312139 -0.432968 9.530952 10.342948 3.617841 -12.281865 -18.217766 4.234974 -25.353771 -9.957234 3.696350 7.234688 2.612335 10.981836 -8.278345 -10.523077 0.777532 -10.533662 -12.238560 11.703574 -15.231710 3.040431 -0.670560 18.566587 3.648492 4.433994
7.822595 -16.066645 5.665528 -15.748442 15.307291 -0.496020 9.539963 10.280443 3.587116 -12.299510 -18.247589 4.212088 -25.311245 -9.936178 3.718616 7.223005 2.606645 11.010011 -8.301728 -10.520561 0.788547 -10.519515 -12.201617 11.682147 -15.215419 3.048854 -0.654513 18.606106 3.658192 4.486524
7.687547 -16.096531 5.425848 -15.793956 15.334285 -0.471580 9.588951 10.206127 3.379936 -12.395531 -18.253304 4.197601 -25.420437 -9.916232 3.802682 7.087513 2.767619 11.126460 -8.240890 -10.461700 0.805758 -10.487586 -12.147625 11.643379 -15.221081 3.037923 -0.654126 18.628769 3.655649 4.540982
7.755103 -16.126116 5.093127 -15.945719 15.373625 -0.537377 9.548696 10.102547 3.302436 -12.447915 -18.302204 4.134886 -25.385223 -9.856141 3.927480 6.942826 2.958629 11.238340 -8.280887 -10.422630 0.800431 -10.476845 -12.137582 11.628382 -15.223553 3.024725 -0.664950 18.627140 3.641819 4.545543
7.710897 -16.290874 4.537884 -15.968935 15.416797 -0.719350 9.561190 9.868280 3.141935 -12.460554 -18.343788 4.077944 -25.248579 -9.823480 4.085176 6.771773 3.183781 11.342875 -8.404333 -10.285778 0.794766 -10.478511 -12.142203 11.617202 -15.237178 3.018420 -0.699347 18.594273 3.622830 4.529810
7.933099 -16.290754 3.963745 -16.378345 15.483298 -1.101864 9.436185 9.425745 3.249368 -12.520756 -18.597788 3.896491 -24.754101 -9.665074 4.397411 6.515525 3.431281 11.483092 -8.724556 -10.215902 0.785347 -10.433953 -12.086340 11.569489 -15.273876 2.994074 -0.707930 18.592117 3.599877 4.560512
7.871301 -16.529562 2.929171 -16.953428 15.498869 -1.359770 9.360246 8.702234 3.181623 -12.700176 -18.825176 3.909876 -24.382076 -9.599619 4.636994 6.351145 3.733556 11.457122 -8.854045 -9.893188 0.774352 -10.399684 -12.040262 11.546227 -15.300904 2.978053 -0.713697 18.585440 3.577461 4.572225
8.835360 -16.674114 1.358556 -18.037142 15.893260 -1.405128 8.768908 8.078691 3.484818 -12.512619 -18.967152 3.965468 -24.162418 -9.595588 4.858393 6.158089 3.931270 11.473254 -8.868170 -9.644812 0.765245 -10.366693 -12.008814 11.536304 -15.336711 2.960582 -0.737169 18.545120 3.546536 4.554844
10.090034 -16.532900 0.079980 -19.445847 16.382324 -1.959271 8.200655 7.228158 4.192063 -12.064336 -19.207386 3.978776 -23.680796 -9.389777 5.204013 5.970226 4.352957 11.247715 -9.107110 -9.566732 0.722124 -10.353457 -12.055547 11.571925 -15.365936 2.939678 -0.698417 18.509912 3.524909 4.517189
10.969555 -16.365145 -1.347157 -20.360468 17.001480 -2.343810 7.986639 7.008653 4.170501 -11.665845 -19.248695 4.097426 -23.553167 -9.337989 5.473229 5.861381 4.802262 11.055522 -9.165261 -9.311497 0.713699 -10.299781 -12.018862 11.552596 -15.401515 2.906835 -0.697772 18.483217 3.493912 4.512265
11.788977 -16.335733 -2.298867 -20.974520 17.375896 -2.763460 7.838691 6.768837 4.293144 -11.352476 -19.293713 4.215734 -23.044218 -9.101134 5.754458 5.996915 5.402125 10.492454 -9.359772 -8.982737 0.669462 -10.263627 -12.033163 11.594177 -15.438834 2.881535 -0.675600 18.441370 3.461516 4.427675
12.138743 -16.524746 -3.390470 -21.184484 17.637535 -2.782505 7.861796 6.452258 3.919771 -11.248267 -19.349323 4.302569 -22.579508 -8.820193 6.038774 6.239851 6.149128 9.689102 -9.394187 -8.829111 0.667945 -10.208556 -11.970701 11.545796 -15.475144 2.850656 -0.695113 18.434097 3.433068 4.452532
11.830878 -17.207302 -4.776175 -20.606764 17.814144 -2.710671 7.969899 6.112234 3.195386 -11.124258 -19.322107 4.316007 -22.243818 -8.712402 6.328558 6.328435 6.832252 8.959774 -9.320901 -8.850444 0.645755 -10.162330 -11.962676 11.562326 -15.502109 2.830761 -0.651335 18.423136 3.417036 4.437670
11.730919 -17.517330 -5.331308 -20.263622 17.894978 -2.482254 7.962257 5.945798 2.797196 -11.025255 -19.494776 4.355900 -21.837479 -8.542129 6.500324 6.459315 7.347285 8.299793 -9.311236 -8.887516 0.595348 -10.130862 -11.965688 11.562314 -15.538135 2.810350 -0.616900 18.405903 3.395591 4.424588
11.093185 -17.974419 -6.463919 -19.823982 17.829365 -1.986120 8.241741 5.811327 1.767820 -11.166475 -19.657181 4.372768 -21.450298 -8.309583 6.774322 6.514475 8.119498 7.506758 -9.244512 -8.950480 0.552118 -10.081170 -11.945837 11.546364 -15.565366 2.790546 -0.537788 18.432331 3.393958 4.464272
10.694571 -18.002230 -7.079687 -19.541746 17.926151 -1.672356 8.449185 5.857271 1.035053 -11.156424 -19.698788 4.361487 -21.169580 -8.275105 6.929369 6.543142 8.459533 7.087574 -9.261437 -8.980636 0.508466 -10.071515 -11.970985 11.537532 -15.576703 2.787608 -0.458156 18.462006 3.411393 4.496379
10.444522 -18.002327 -7.480673 -19.249712 18.031969 -1.441070 8.519834 5.950436 0.534988 -11.084868 -19.757050 4.325714 -20.900206 -8.235137 7.037408 6.625563 8.721194 6.688139 -9.305761 -9.104192 0.476140 -10.042985 -11.951771 11.493005 -15.591039 2.785541 -0.391427 18.502693 3.423333 4.583631
10.201914 -17.874449 -7.674193 -18.959999 17.971416 -1.144377 8.600279 6.044182 0.049211 -11.155096 -19.877163 4.254897 -20.634119 -8.165366 7.118169 6.614688 8.880447 6.376260 -9.378398 -9.379362 0.449974 -10.029878 -11.943591 11.458679 -15.607303 2.774812 -0.367526 18.523357 3.424635 4.609905
9.957160 -17.804773 -7.446163 -18.633820 17.953922 -1.026612 8.769049 6.148951 -0.190092 -11.130394 -20.007494 4.224155 -20.376001 -8.112440 7.198435 6.547403 9.029569 6.151584 -9.415944 -9.519561 0.436327 -10.025884 -11.945705 11.426534 -15.604877 2.775223 -0.315480 18.569162 3.447810 4.677651
9.763056 -17.823608 -7.387722 -18.439436 17.931864 -0.926199 8.846827 6.273709 -0.347992 -11.146749 -20.060650 4.150916 -20.168530 -8.160720 7.284474 6.414007 9.133197 5.977937 -9.482100 -9.736785 0.436303 -10.030860 -11.953673 11.422760 -15.601283 2.776379 -0.312591 18.573078 3.450682 4.684639
9.663806 -17.774084 -7.319858 -18.288794 17.941025 -0.896029 8.903600 6.318042 -0.447776 -11.119133 -20.071247 4.118819 -20.090267 -8.190362 7.326444 6.341697 9.180040 5.905508 -9.515102 -9.847223 0.432351 -10.029851 -11.965693 11.441286 -15.602866 2.773668 -0.304659 18.566378 3.448068 4.665041
9.703619 -17.829950 -7.425016 -18.370876 17.896021 -0.851158 8.869455 6.383125 -0.451955 -11.208647 -20.050785 4.113011 -20.113628 -8.204016 7.323187 6.341164 9.171923 5.919983 -9.513547 -9.852364 0.435693 -10.029071 -11.954294 11.429198 -15.602293 2.775702 -0.310970 18.570267 3.448608 4.675612
9.814320 -17.863945 -7.483796 -18.439594 17.847775 -0.814846 8.799876 6.460537 -0.411540 -11.284962 -20.030851 4.102366 -20.178665 -8.217832 7.306882 6.331989 9.132108 5.994398 -9.515328 -9.851757 0.438505 -10.033244 -11.951040 11.424178 -15.602263 2.772527 -0.337197 18.558960 3.440248 4.656058
10.033928 -18.011717 -7.872986 -18.737677 17.825411 -0.732762 8.616434 6.548534 -0.329410 -11.452522 -19.943027 4.076145 -20.361334 -8.278826 7.249539 6.326424 8.996818 6.136421 -9.518796 -9.902912 0.447345 -10.029538 -11.941692 11.418138 -15.598927 2.774511 -0.334484 18.564617 3.444946 4.672659
10.263203 -18.186998 -8.376411 -19.133318 17.838425 -0.735729 8.432579 6.531514 -0.195182 -11.596952 -19.887592 4.033499 -20.521942 -8.360955 7.190431 6.269626 8.828872 6.335930 -9.538542 -9.969305 0.456616 -10.034369 -11.930348 11.391877 -15.579734 2.790079 -0.303150 18.605118 3.473206 4.746152
10.290511 -18.324963 -8.567595 -19.282928 17.839767 -0.642829 8.357969 6.714144 -0.181359 -11.739329 -19.843342 3.999851 -20.637371 -8.445378 7.149818 6.220218 8.654889 6.528677 -9.574902 -10.006713 0.474538 -10.037841 -11.918335 11.389455 -15.558385 2.804822 -0.290809 18.626400 3.488802 4.789319
9.968666 -18.450420 -8.016760 -19.202147 17.514755 -0.443623 8.452415 7.347387 -0.112313 -12.016069 -19.815277 3.934127 -20.817972 -8.513655 7.063666 6.215343 8.402780 6.737395 -9.551137 -10.133457 0.495044 -10.043004 -11.910568 11.402671 -15.552520 2.807877 -0.330021 18.604509 3.481042 4.761250
9.976552 -18.366474 -7.196640 -19.130392 17.342133 -0.336381 8.376373 8.002567 0.212506 -12.175745 -19.715874 3.887352 -20.978388 -8.667367 6.997867 6.180217 8.224911 6.916812 -9.563466 -10.140177 0.518351 -10.063387 -11.915319 11.419118 -15.536254 2.818465 -0.353945 18.601799 3.487233 4.746705
9.674646 -18.484098 -6.702758 -19.375711 17.118988 -0.056948 8.373872 8.520587 0.375193 -12.611641 -19.488682 3.792728 -21.222286 -8.896543 6.782331 6.200448 7.839572 7.104238 -9.619676 -10.326641 0.553495 -10.103118 -11.932055 11.446162 -15.487374 2.848731 -0.352582 18.628963 3.517060 4.759198
9.145883 -18.577475 -6.153083 -19.498293 16.707800 0.175215 8.442467 9.138523 0.539179 -13.115322 -19.272367 3.732532 -21.676634 -9.073303 6.503513 6.252696 7.393867 7.340521 -9.610147 -10.611618 0.591411 -10.141127 -11.932023 11.453675 -15.440478 2.878738 -0.366980 18.655296 3.542141 4.796975
8.448936 -18.492586 -4.894001 -18.946260 16.248512 0.465425 8.857417 9.803995 0.613575 -13.251636 -19.060726 3.646313 -22.068890 -9.268949 6.184431 6.329064 6.852806 7.503774 -9.638867 -11.003513 0.617266 -10.227547 -12.027081 11.598540 -15.365952 2.938665 -0.384296 18.617924 3.557231 4.708182
8.458145 -18.445757 -3.604937 -19.095728 15.765952 0.508814 8.927361 10.222374 1.430186 -13.439439 -18.826181 3.547419 -22.437525 -9.480019 5.819703 6.435387 6.299772 7.567681 -9.726813 -11.463043 0.643720 -10.300639 -12.071577 11.633052 -15.335172 2.979436 -0.403122 18.638504 3.595994 4.679859
8.360027 -18.444849 -2.360468 -19.123892 15.623231 0.893973 8.855076 10.923299 1.922009 -13.611407 -18.512177 3.426228 -22.704424 -9.705255 5.571068 6.592497 5.919443 7.577595 -9.848811 -11.788405 0.637555 -10.466751 -12.274752 11.841840 -15.238847 3.063750 -0.413060 18.585049 3.631467 4.487546
8.029459 -18.465117 -2.132206 -18.791479 15.322051 1.298280 9.141264 11.323273 1.403521 -13.965831 -18.220707 3.400676 -22.871593 -9.943425 5.230526 6.784247 5.393979 7.403378 -10.021632 -12.132549 0.589622 -10.592671 -12.462835 12.078261 -15.181079 3.135092 -0.408245 18.507973 3.638428 4.250738
7.622695 -18.701815 -1.857585 -17.564589 14.972714 1.699574 9.344647 11.996267 0.861621 -14.091015 -17.922096 3.362364 -22.951445 -10.162418 4.867793 7.184234 4.834285 7.053967 -10.015773 -12.516244 0.495576 -10.795193 -12.784346 12.390805 -15.071773 3.236698 -0.362941 18.418419 3.664130 3.950572
10.039030 -1.631466 6.652780 -17.794199 5.637950 -5.010000 19.796188 7.463439 -11.190527 -21.598047 -17.082973 0.451007 -22.752060 -19.436710 3.499267 13.278654 0.906321 6.407632 -2.346025 -7.743335 1.179080 -6.317790 -8.829649 10.658678 -14.144233 9.983937 -2.340458 16.470806 6.924699 -5.244111
9.701221 -1.897512 6.821552 -17.222086 5.457436 -4.420398 19.737417 8.310837 -11.402172 -21.758741 -16.333662 0.255192 -22.999563 -19.771229 3.079898 13.806017 0.337008 5.992694 -2.635830 -8.336664 1.447694 -6.673975 -8.875875 10.641993 -13.737399 10.352680 -2.977406 16.274664 7.020599 -5.546925
9.870891 -1.870529 6.999794 -16.351748 5.534894 -4.240790 19.652527 9.186014 -11.700032 -21.749823 -15.702228 0.156912 -23.029621 -20.071245 2.834662 14.267056 -0.031155 5.531551 -2.805325 -8.645393 1.739897 -7.016641 -8.833639 10.493659 -13.364973 10.736840 -3.726350 16.064005 7.111764 -5.834367
9.990593 -1.824613 7.011417 -15.615289 5.647427 -4.192609 19.649509 9.603379 -12.104084 -21.754076 -15.077080 0.039685 -23.016518 -20.354321 2.673512 14.681441 -0.305418 4.978801 -2.956595 -9.057737 2.045279 -7.325961 -8.815889 10.384451 -12.986999 11.081397 -4.446642 15.876947 7.184754 -6.204255
10.521123 -1.536757 6.762551 -14.894793 5.895672 -4.383751 19.585342 10.067210 -12.542871 -21.642782 -14.415733 -0.084157 -22.889820 -20.672007 2.515606 15.122830 -0.588475 4.333033 -3.101237 -9.430188 2.390103 -7.439277 -8.510403 10.009431 -12.747288 11.310091 -5.249791 15.762539 7.185163 -6.360340
8.935940 -4.961600 7.567772 -11.051216 9.639405 -4.558401 17.250244 12.668930 -9.133849 -19.368261 -13.026506 4.811078 -23.648724 -21.787388 4.515329 11.363317 -2.696317 2.779363 -6.300328 -10.511640 3.345206 -11.201072 -6.695531 9.676339 -14.827083 8.850873 -7.999216 16.009731 5.934353 -5.201734
9.169949 -5.920951 6.949552 -10.007069 10.455308 -5.237011 16.692207 13.388197 -8.740950 -18.861837 -12.097175 5.500264 -23.595644 -22.994713 4.815406 9.843231 -2.680837 1.893623 -7.582429 -10.392599 4.162542 -10.926522 -6.377114 9.268071 -14.457866 8.214322 -9.160281 15.803623 5.468745 -5.015293
9.195098 -5.625193 6.490366 -9.267598 11.358507 -4.894964 16.493160 13.650778 -9.344471 -18.648800 -12.028639 5.455066 -23.083120 -23.147789 4.854795 9.765227 -2.510059 1.300691 -7.975610 -11.063192 4.756715 -11.109270 -5.817043 8.883386 -14.485507 8.201442 -10.059475 15.776064 5.437172 -5.346106
8.959507 -5.055745 6.133798 -8.762277 11.827929 -5.276603 16.525784 13.754463 -9.999359 -18.536385 -12.236420 5.032632 -22.244316 -23.174368 5.364573 9.210641 -1.921607 0.838636 -8.479220 -11.680769 4.944211 -10.886428 -5.193460 8.274632 -14.682761 8.199528 -10.508348 15.971376 5.409309 -5.377765
8.355410 -4.683159 5.548101 -8.261230 12.371819 -5.575130 16.511076 13.557165 -10.599984 -18.251116 -12.604291 4.777173 -21.547077 -23.036812 5.841531 8.505423 -1.434074 0.647305 -9.117211 -12.117504 5.177736 -10.630029 -4.618135 7.771285 -14.870961 8.162383 -10.914344 16.102449 5.383202 -5.443498
7.572183 -4.540309 4.908566 -7.796491 12.901628 -5.851665 16.525379 13.206501 -11.020783 -17.798883 -13.249386 4.565185 -20.702137 -22.757765 6.382336 7.695844 -0.717527 0.559405 -9.764608 -12.326041 5.342169 -10.303845 -3.996791 7.261679 -15.100058 8.051356 -11.211450 16.273975 5.315464 -5.382175
6.629688 -4.630713 4.358388 -7.578488 13.095410 -6.014060 16.672169 12.594450 -11.321257 -17.513311 -13.873802 4.460589 -19.888275 -22.491766 6.881150 7.150416 0.016205 0.283596 -10.181607 -12.399809 5.380398 -10.019482 -3.516402 6.846800 -15.340246 7.918206 -11.365064 16.417490 5.231281 -5.182909
5.902152 -4.847560 4.060128 -7.481709 13.233915 -6.101655 16.908916 11.959431 -11.615862 -17.386391 -14.510159 4.523467 -19.368397 -22.190950 7.258471 6.744278 0.601815 0.253617 -10.336177 -12.137692 5.382361 -9.630365 -2.868650 6.207227 -15.671980 7.740255 -11.578643 16.625225 5.107254 -4.779101
4.884416 -5.304900 3.788331 -7.348774 13.225526 -6.212734 17.302231 11.163022 -12.014042 -17.408478 -15.217286 4.657188 -18.658073 -21.847996 7.659465 6.594473 1.219747 0.050462 -10.261261 -11.627635 5.341536 -9.348092 -2.381905 5.661008 -15.993063 7.621697 -11.756582 16.750681 5.019225 -4.429006
3.804269 -5.845528 3.538847 -7.324437 12.974534 -6.334314 17.777596 10.185007 -12.293781 -17.465508 -15.891968 4.706731 -17.765717 -21.608732 8.001099 6.635519 1.928822 -0.455700 -10.304526 -11.267918 5.160797 -9.172066 -2.145872 5.308518 -16.277727 7.469460 -11.753130 16.837421 4.934009 -4.108362
2.570400 -6.417004 3.465338 -7.119545 12.654761 -6.439026 18.298410 9.283045 -12.578166 -17.602949 -16.442341 4.735630 -17.031731 -21.408382 8.365445 6.626617 2.538834 -0.818309 -10.381347 -11.010580 5.120138 -9.004890 -1.876455 4.869133 -16.529390 7.325029 -11.866027 16.882719 4.874125 -3.687399
1.490759 -7.106293 3.530503 -6.999648 12.276894 -6.491044 18.846672 8.332098 -12.741382 -17.738974 -17.026814 4.885453 -16.296665 -21.091999 8.758859 6.666907 3.177415 -1.164859 -10.306701 -10.470140 4.972309 -8.844765 -1.719173 4.608840 -16.818089 7.164186 -11.764836 16.908413 4.826404 -3.279711
0.724096 -7.407425 3.392829 -6.837219 12.208616 -6.558385 19.188570 7.556909 -12.991126 -17.698111 -17.438148 4.989874 -15.812533 -20.872753 9.074682 6.660737 3.648095 -1.286048 -10.166845 -9.979776 4.971068 -8.695070 -1.349177 4.095345 -17.085152 7.127035 -11.925801 16.928301 4.844307 -2.722294
-0.003299 -7.470349 3.041212 -6.705076 12.284369 -6.560464 19.369606 6.915917 -13.336329 -17.612890 -17.780613 5.161786 -15.383529 -20.686665 9.322662 6.756732 4.068050 -1.441846 -10.026481 -9.376850 5.001153 -8.513999 -0.941593 3.572651 -17.388641 7.123949 -12.079401 16.947437 4.868720 -2.089906
-0.649703 -7.461654 2.533220 -6.609328 12.432514 -6.583602 19.499184 6.228833 -13.698041 -17.438244 -18.058922 5.299815 -14.823396 -20.539356 9.620936 6.832209 4.556651 -1.764937 -9.997485 -8.826773 5.070195 -8.294392 -0.545737 3.162744 -17.687572 7.092146 -12.155146 16.942814 4.882517 -1.479183
-1.136231 -7.385747 1.943434 -6.560773 12.687692 -6.649487 19.593525 5.649957 -14.089436 -17.223104 -18.174068 5.408156 -14.309762 -20.458618 9.889403 6.933854 4.998461 -2.150656 -9.978089 -8.323681 5.161648 -8.156464 -0.269235 2.866554 -17.871895 7.109008 -12.268214 16.933136 4.904161 -1.057099
-1.562116 -7.304921 1.399550 -6.490883 12.960599 -6.700513 19.676632 5.164027 -14.453774 -17.004358 -18.216232 5.421891 -13.630843 -20.433353 10.190274 7.035813 5.517872 -2.771214 -10.131288 -8.013611 5.262526 -8.010307 0.010457 2.585101 -18.050598 7.082299 -12.365256 16.937405 4.912723 -0.630548
-1.912836 -7.263405 0.876082 -6.369713 13.224928 -6.737181 19.741343 4.771958 -14.806192 -16.809406 -18.231625 5.414628 -13.025102 -20.425785 10.460840 7.082787 5.958822 -3.350753 -10.305243 -7.842216 5.361040 -7.863715 0.256816 2.368244 -18.202248 7.049799 -12.424556 16.950928 4.918257 -0.273089
-2.117242 -7.219302 0.499274 -6.283471 13.411600 -6.778735 19.757296 4.516581 -15.037938 -16.683964 -18.264297 5.445204 -12.591743 -20.400948 10.678144 7.085896 6.327480 -3.749988 -10.386552 -7.637942 5.424920 -7.770278 0.417367 2.215288 -18.299719 7.021258 -12.448392 16.965933 4.930092 -0.029749
-2.254488 -7.182209 0.270560 -6.216397 13.527895 -6.785918 19.761227 4.410590 -15.198241 -16.612314 -18.262676 5.449389 -12.387517 -20.394169 10.762935 7.121794 6.474880 -3.937274 -10.408134 -7.541664 5.444193 -7.730927 0.452178 2.218928 -18.326685 6.997796 -12.412765 16.974070 4.929116 0.047177
-2.353262 -7.172503 0.151615 -6.170798 13.595778 -6.784171 19.776463 4.363455 -15.309662 -16.585903 -18.257504 5.444932 -12.273391 -20.400318 10.809717 7.149230 6.552058 -4.050531 -10.443791 -7.510277 5.471847 -7.716094 0.498883 2.164275 -18.341248 7.000593 -12.447382 16.974335 4.933767 0.102448
