1.888475 -19.562611 8.095158 -4.466921 20.118649 -8.258505 11.169494 15.998173 -2.071575 6.296125 -11.816335 -3.056689 -17.802490 -21.523462 15.171139 7.822670 -4.102874 -0.977639 -9.941113 10.211552 3.144586 9.680602 -2.221861 8.673476 -13.362207 10.228448 -8.175148 13.668425 6.910028 -4.845038
1.945067 -19.529539 8.198224 -4.389249 20.073439 -8.266068 11.303882 16.069515 -2.107321 6.353655 -11.733500 -3.108617 -17.702625 -21.679768 15.209615 7.880313 -4.249201 -0.896517 -9.976896 10.408115 3.201547 9.737243 -2.127452 8.713685 -13.334744 10.241272 -8.235975 13.647229 6.872366 -4.957983
2.059758 -19.466475 8.390038 -4.212728 20.025551 -8.286366 11.531097 16.144329 -2.174012 6.470667 -11.657726 -3.149926 -17.609150 -21.844772 15.241829 7.990976 -4.523465 -0.756148 -10.020489 10.617193 3.310270 9.853990 -1.946631 8.780204 -13.267535 10.259745 -8.360258 13.607063 6.806247 -5.174808
2.214685 -19.426683 8.635515 -3.979261 19.995445 -8.335184 11.897770 16.124018 -2.278208 6.642334 -11.500451 -3.257473 -17.517353 -22.083263 15.314530 8.057914 -4.948611 -0.501391 -10.108062 10.835724 3.440805 10.002913 -1.702589 8.844079 -13.170234 10.277959 -8.533565 13.577847 6.730764 -5.445373
2.543435 -19.326624 8.884812 -3.526051 20.062450 -8.460858 12.359802 15.907217 -2.409593 6.918106 -11.246668 -3.403544 -17.265835 -22.342636 15.477487 8.228703 -5.275196 -0.420726 -10.218255 11.279249 3.590252 10.210406 -1.370783 8.916084 -13.009918 10.320840 -8.753996 13.593195 6.645913 -5.735876
2.964680 -19.071207 9.234609 -3.126583 20.270445 -8.425775 12.710604 15.657592 -2.492976 7.257099 -11.110848 -3.522630 -16.961929 -22.537739 15.645831 8.424051 -5.411235 -0.396909 -10.337360 11.748590 3.719857 10.431171 -1.008303 8.919620 -12.895713 10.346149 -9.020051 13.610687 6.526802 -6.029950
3.640701 -18.779196 9.650069 -2.700432 20.499678 -8.325394 13.050335 15.371618 -2.569727 7.713448 -11.030833 -3.679649 -16.422749 -22.607677 15.847383 8.586100 -5.432265 -0.502605 -10.455440 12.246009 3.863835 10.733330 -0.582651 8.929996 -12.879708 10.365603 -9.262813 13.552211 6.355626 -6.297609
4.600791 -18.378065 10.147017 -2.142510 20.787683 -8.029369 13.126350 14.749424 -2.627326 8.198455 -11.075205 -3.672578 -15.709020 -22.563139 16.069305 8.921076 -5.296537 -0.734942 -10.511886 12.858723 4.014486 11.080022 -0.160000 8.919086 -12.877265 10.365201 -9.488023 13.472402 6.182357 -6.554199
5.393940 -18.122593 10.496126 -1.665697 21.090931 -7.644881 13.147566 14.026855 -2.697804 8.566853 -11.144728 -3.751874 -14.940688 -22.625050 16.132263 9.236385 -5.178144 -0.839437 -10.549888 13.703812 4.146482 11.479457 0.388659 8.809932 -12.951981 10.368104 -9.751480 13.355597 5.976595 -6.703041
6.048101 -17.781019 10.620594 -1.347258 21.571981 -7.243620 12.833162 13.258267 -2.791881 8.792867 -11.279384 -3.839017 -14.182982 -22.752110 16.183439 9.531584 -5.155594 -0.868101 -10.614154 14.606080 4.297330 11.883071 0.899240 8.724901 -13.142298 10.376946 -9.954187 13.141085 5.757474 -6.874363
6.310855 -17.367041 10.393133 -1.121969 22.232121 -6.984638 12.401398 12.452953 -2.972244 9.042898 -11.506954 -3.938891 -13.350567 -22.856262 16.266638 9.781041 -5.094627 -0.989006 -10.755681 15.440943 4.381649 12.198957 1.226343 8.559658 -13.412366 10.316550 -9.990178 12.973926 5.609194 -6.787644
6.206258 -17.183048 10.063322 -0.963126 22.724888 -7.069922 12.226799 11.687607 -3.111719 9.385067 -11.748215 -4.057731 -12.631934 -22.916183 16.359924 9.859320 -5.022178 -1.097692 -10.927431 15.918117 4.451177 12.714538 1.629876 8.342401 -13.745460 10.185435 -10.000478 12.818930 5.393552 -6.739295
5.962761 -17.079422 9.815553 -0.840804 23.050602 -7.079500 12.111546 11.173862 -3.220221 9.592854 -12.108995 -4.144687 -11.942880 -22.845142 16.519087 9.817631 -4.561276 -1.551515 -11.156402 15.836603 4.446635 13.211956 1.862443 8.088781 -14.094018 10.037921 -9.917375 12.742997 5.213719 -6.609593
5.543437 -16.967579 9.610560 -0.753801 23.354767 -7.109379 12.015766 10.684559 -3.333678 9.741250 -12.738472 -4.138696 -11.252834 -22.551167 16.663822 9.719553 -3.974950 -1.986713 -11.314278 15.529004 4.477148 13.622579 2.065591 7.888615 -14.386783 9.912885 -9.864537 12.720480 5.084643 -6.477521
5.190019 -16.905748 9.473479 -0.649762 23.581043 -7.022063 12.022749 10.257532 -3.492376 9.869797 -13.166903 -4.098729 -10.745780 -22.215405 16.839954 9.655719 -3.341192 -2.543153 -11.452529 15.152908 4.452420 13.958571 2.193060 7.624744 -14.636130 9.778746 -9.818632 12.760482 4.974423 -6.280436
4.947237 -16.705606 9.421553 -0.526579 23.869413 -6.910726 11.945595 9.912768 -3.642852 9.966913 -13.496975 -4.147313 -10.309530 -22.006819 17.004761 9.528306 -2.685290 -2.999026 -11.630588 14.787123 4.479092 14.305685 2.362072 7.479814 -14.839187 9.655211 -9.783100 12.744565 4.850505 -6.160285
4.734642 -16.621168 9.327054 -0.462348 24.091602 -6.781876 11.885057 9.630684 -3.770455 10.032424 -13.733351 -4.092610 -10.013585 -21.799295 17.124933 9.457539 -2.244033 -3.338394 -11.722788 14.498734 4.465509 14.523200 2.429902 7.330743 -15.037684 9.562459 -9.740544 12.703723 4.772108 -6.016473
4.562035 -16.567656 9.243197 -0.380246 24.270514 -6.667276 11.854328 9.400192 -3.896533 10.093658 -13.908909 -4.030073 -9.798400 -21.633108 17.231096 9.383559 -1.890000 -3.588521 -11.779248 14.283199 4.481410 14.725086 2.486605 7.258439 -15.217128 9.500864 -9.678157 12.619335 4.703494 -5.944881
4.396321 -16.543940 9.171231 -0.391285 24.391937 -6.567937 11.780525 9.207589 -3.946314 10.090721 -14.020507 -3.982443 -9.652753 -21.478054 17.326796 9.348886 -1.576178 -3.854596 -11.827544 14.119183 4.491952 14.862899 2.499110 7.240987 -15.292228 9.453268 -9.624174 12.576742 4.647630 -5.978354
4.356469 -16.511877 9.134450 -0.387233 24.458698 -6.534251 11.733499 9.179315 -3.978626 10.096486 -14.038258 -3.972671 -9.607704 -21.440456 17.364479 9.342588 -1.496547 -3.930325 -11.844270 14.079718 4.504455 14.913943 2.498345 7.240589 -15.327346 9.437296 -9.612939 12.542281 4.621606 -5.999715
4.250828 -16.498863 9.068192 -0.390012 24.528854 -6.494229 11.711789 9.100594 -4.031985 10.109555 -14.078117 -3.979691 -9.472127 -21.394203 17.450687 9.302684 -1.352504 -4.031823 -11.883079 14.055594 4.504827 14.974138 2.518564 7.209115 -15.394424 9.407895 -9.599059 12.523096 4.596397 -5.960268
4.026730 -16.408033 8.845468 -0.426636 24.823219 -6.271593 11.665499 8.766092 -4.181753 10.249666 -14.213716 -4.025782 -9.073864 -21.271351 17.667118 9.185465 -0.827369 -4.398378 -12.013791 13.933355 4.600594 15.247808 2.624551 7.293939 -15.670651 9.361560 -9.517652 12.278559 4.487268 -5.998643
3.704197 -16.357201 8.415080 -0.445057 25.177357 -6.055483 11.628604 8.367710 -4.472157 10.419058 -14.560879 -4.211866 -8.348934 -21.270256 17.888775 8.827811 -0.140653 -4.502171 -12.219275 13.788319 4.688155 15.529521 2.638054 7.288917 -16.063042 9.290736 -9.479330 11.959206 4.396120 -5.962251
3.127356 -16.411333 7.531241 -0.588280 25.607424 -6.111664 11.674196 7.670505 -4.803959 10.725433 -14.811703 -4.288091 -7.340740 -21.109623 18.446407 8.599781 0.827337 -5.112355 -12.468819 13.723018 4.820172 15.913262 2.800101 7.340761 -16.508171 9.100244 -9.362580 11.630052 4.187907 -5.996361
2.664745 -16.463177 6.091508 -0.809944 26.277971 -6.272836 11.664779 6.824991 -5.219948 11.191362 -15.235863 -4.280488 -6.251163 -20.870049 19.010321 8.488370 1.875258 -5.751424 -12.652550 13.918345 4.932565 16.120560 2.910180 7.438990 -17.141863 8.847072 -9.139232 11.205130 3.906046 -5.984256
2.243059 -16.447763 4.360972 -1.087116 27.151669 -6.546903 11.260170 6.139102 -5.692636 11.501277 -15.773942 -4.131351 -5.364754 -20.373846 19.511662 8.258570 3.308128 -6.414683 -12.656454 14.153139 5.089771 16.278267 3.023913 7.376575 -17.887609 8.630175 -8.864490 10.723656 3.722024 -5.635158
1.623842 -16.098936 2.935005 -1.354656 28.178211 -7.599400 10.292051 5.863696 -5.874147 11.412060 -16.619669 -3.739220 -4.445405 -19.690327 19.884085 8.005019 4.482699 -6.910038 -12.630065 14.481367 5.218523 16.409668 3.191178 7.284267 -18.441689 8.479200 -8.654075 10.367444 3.582981 -5.371359
1.003171 -15.863558 1.509162 -1.455104 29.116121 -9.173891 9.085442 5.759886 -6.053428 11.004053 -17.671810 -2.867920 -3.889617 -18.424801 20.387817 7.769660 5.261984 -7.422791 -12.512831 14.715993 5.259216 16.758707 3.202898 7.148201 -18.864347 8.327373 -8.347394 10.033388 3.388106 -5.214130
1.045826 -15.010373 0.373950 -1.372869 30.016781 -13.261800 8.784735 4.818690 -5.612543 11.393306 -19.680058 -2.979672 -3.031754 -18.269022 18.761562 7.618217 7.072781 -6.952147 -12.316235 14.696404 5.203214 18.013880 2.704815 6.857670 -18.944168 8.041266 -7.653657 9.635239 2.990327 -5.837737
1.081123 -11.780787 -1.167302 -2.605834 31.894360 -20.482960 9.304013 2.970286 -3.648667 13.298416 -21.891350 -3.988946 -2.325139 -18.821470 16.126507 7.150755 9.503215 -5.408345 -11.920226 14.997418 5.006311 19.170158 1.706920 6.047389 -18.827240 7.268757 -6.635995 9.909868 2.355477 -6.520978
0.995206 -9.075649 -1.424029 -3.794194 33.834457 -24.387205 7.531019 2.148919 -2.202621 13.350085 -23.925560 -4.519513 -2.040819 -19.422081 13.546761 6.458059 11.991690 -4.291963 -11.629483 15.641419 4.956275 19.585571 0.691540 5.218388 -19.038570 6.505618 -5.674807 9.831577 1.653603 -7.085285
0.881658 -7.490455 -0.794720 -4.059538 35.713570 -23.938135 5.170949 1.662430 -0.986214 11.433842 -25.770817 -4.368011 -2.357937 -19.676584 11.363885 5.534753 13.872933 -3.151891 -11.138094 15.871880 4.937652 19.557787 -0.204313 4.458357 -19.011642 5.816778 -4.943585 10.039270 1.116376 -7.512398
1.354002 -6.758612 -0.357654 -4.266373 36.857224 -23.140106 2.787003 1.750724 -0.083196 9.519765 -27.570131 -3.775378 -2.783828 -19.628117 9.871851 4.538682 14.507930 -1.649299 -10.759298 15.272362 4.894849 19.183393 -1.497904 3.399576 -19.057468 5.287831 -4.394224 10.234059 0.841287 -7.699012
2.740584 -6.470134 0.017738 -3.197823 37.682495 -21.565426 0.911782 1.578853 -0.026023 7.559408 -29.352589 -3.032854 -2.939918 -19.587711 8.533002 3.561307 14.856069 -0.215747 -10.429097 14.708311 4.911778 18.509840 -2.924550 2.150069 -19.097157 4.902893 -4.073115 10.389904 0.745028 -7.843368
2.736352 -5.917017 0.495231 -2.722374 37.953701 -20.868265 -0.507329 2.174001 0.124128 5.992050 -31.182577 -2.388700 -3.097340 -19.618814 6.833180 2.584838 15.218299 1.146699 -10.139115 13.879975 5.041181 17.765284 -4.358514 1.182781 -19.102236 4.685235 -3.717120 10.376476 0.742815 -8.216540
2.713115 -5.597404 1.034510 -1.579782 38.222851 -19.419722 -2.379193 2.676438 -0.252576 4.125773 -32.409142 -2.023446 -3.233326 -19.384569 6.069775 1.526582 15.441582 2.636575 -9.991521 13.246759 5.154895 17.275215 -5.665221 0.517397 -18.884987 4.649623 -3.550947 10.327102 0.786525 -8.728543
2.582403 -4.931433 1.507170 -1.037025 38.630714 -18.739546 -3.544051 3.044171 -0.310811 3.079128 -33.463131 -1.605264 -3.529523 -19.202034 5.249660 0.632415 15.604521 4.075129 -9.686715 12.986425 5.261404 17.097525 -6.538123 -0.077688 -18.721304 4.848687 -3.485053 10.232189 1.004546 -8.875376
2.670830 -4.641448 1.891365 -0.796760 38.720070 -18.101938 -4.463280 3.505008 -0.266861 2.085005 -33.940849 -1.487851 -3.873777 -19.419075 4.318996 0.286396 15.543956 5.164942 -9.366430 13.021809 5.374338 16.939583 -7.303775 -0.299438 -18.537750 5.000722 -3.271765 10.166966 1.186810 -8.951845
2.685739 -4.578491 1.988440 -0.782466 38.616413 -18.050825 -4.930108 3.690641 -0.083531 1.542959 -34.251163 -1.425290 -4.050747 -19.389244 3.906712 0.134133 15.260831 5.872067 -9.173578 13.131740 5.533044 16.714491 -7.803478 -0.393682 -18.504223 5.185236 -3.166850 10.043873 1.344075 -9.057505
2.723093 -4.559138 1.937160 -0.761150 38.599926 -18.154833 -5.052597 3.742008 -0.017479 1.412969 -34.350983 -1.334119 -4.127920 -19.320164 3.790106 0.118212 15.132497 6.056326 -9.104978 13.079269 5.563388 16.638880 -8.038197 -0.481288 -18.509716 5.216149 -3.111041 9.984713 1.379256 -9.116079
2.738171 -4.572924 1.979771 -0.734606 38.616230 -18.104540 -5.021035 3.679630 -0.025412 1.432166 -34.334274 -1.349766 -4.070519 -19.339972 3.815117 0.150525 15.124856 6.012455 -9.130577 13.109232 5.553781 16.690371 -7.943950 -0.420030 -18.528316 5.216927 -3.116243 9.968209 1.353732 -9.104843
2.786647 -4.574109 2.100880 -0.681191 38.606430 -18.153481 -4.815085 3.562299 -0.014195 1.573590 -34.226406 -1.458286 -3.829629 -19.392523 3.968355 0.211125 15.175039 5.799965 -9.245602 13.259617 5.568505 16.823763 -7.777645 -0.290039 -18.533623 5.223043 -3.165915 9.909423 1.297432 -9.163998
3.005327 -4.546803 2.308623 -0.475527 38.671951 -18.245455 -4.612348 3.377424 0.004358 1.746171 -34.085045 -1.566257 -3.470740 -19.468697 4.220097 0.328892 15.145106 5.565066 -9.398147 13.336968 5.550439 17.072748 -7.442361 -0.028082 -18.570875 5.277103 -3.236190 9.760204 1.185463 -9.278021
3.381851 -4.655926 2.450586 -0.246261 38.629845 -18.357054 -4.241204 3.033474 0.064660 2.035128 -33.795139 -1.732895 -3.006456 -19.519737 4.629346 0.534728 15.092198 5.142804 -9.638839 13.459846 5.536604 17.333485 -6.999166 0.196912 -18.651403 5.299673 -3.338586 9.628201 1.050354 -9.345847
3.738038 -4.792682 2.621331 0.037179 38.532612 -18.250399 -3.725630 2.720659 0.035705 2.339733 -33.442577 -1.886405 -2.404140 -19.627491 5.082916 0.916905 14.949613 4.533583 -9.952813 13.556754 5.565636 17.614666 -6.781281 0.539077 -18.730225 5.274899 -3.359617 9.425159 0.892100 -9.708733
4.155427 -5.080063 2.804200 0.324263 38.367302 -18.198099 -3.137205 2.354723 0.152827 2.547667 -32.930332 -2.188986 -1.841877 -19.852232 5.500741 1.360984 14.787002 3.857701 -10.281077 13.848955 5.517507 18.079538 -6.205427 1.009379 -18.854076 5.255138 -3.305876 9.312530 0.712979 -9.732489
4.490744 -5.353448 2.769903 0.523009 38.243866 -18.451784 -2.458938 1.922880 0.253348 2.997838 -32.263245 -2.603436 -1.301895 -20.214512 5.998921 1.698328 14.536906 3.362739 -10.602014 14.184588 5.498004 18.630392 -5.480218 1.693969 -18.915596 5.372849 -3.240247 9.120777 0.534850 -9.767570
4.710288 -5.651550 2.650256 0.649906 38.179310 -18.681234 -1.528015 1.455626 0.373719 3.654985 -31.803059 -3.078874 -0.701061 -20.581728 6.308100 2.088090 14.045748 3.039689 -10.952670 14.580397 5.547121 19.087971 -4.906656 2.349499 -19.089149 5.431472 -3.280888 8.823335 0.392992 -10.006662
4.758103 -5.654310 2.417645 0.598589 38.317383 -19.061007 -0.340093 0.869501 0.686076 4.565479 -31.206501 -3.669323 -0.052527 -20.985399 6.851256 2.307092 13.663365 2.788808 -11.372621 14.910741 5.524848 19.561666 -4.315379 3.148138 -19.200344 5.494883 -3.214796 8.582000 0.269330 -10.205971
4.884510 -5.582166 2.404087 0.438325 38.379585 -19.522329 0.635586 0.285629 1.036342 5.432698 -30.719902 -4.109906 0.533406 -21.227713 7.368967 2.736594 12.940492 2.354957 -11.708631 15.037758 5.485295 20.216011 -3.498388 3.844714 -19.288509 5.608890 -3.193309 8.366812 0.142903 -10.252554
5.096089 -5.412188 2.570733 0.161602 38.473118 -19.765951 1.616451 -0.325104 1.375110 6.397949 -30.162136 -4.709123 1.140777 -21.563217 7.811973 3.227122 12.339221 1.950264 -12.060189 15.208369 5.591315 20.655619 -2.915495 4.418835 -19.365322 5.719302 -3.225182 8.071676 0.052167 -10.373113
5.313857 -5.452696 2.608233 0.166276 38.429562 -20.229570 2.528340 -0.881854 1.547021 7.151184 -29.795969 -4.975976 1.818889 -21.749006 8.355941 3.709820 11.605174 1.690945 -12.312103 15.114902 5.690934 21.216221 -2.211725 5.090788 -19.310230 5.900668 -3.188412 7.875582 -0.006338 -10.343596
5.826478 -5.562718 2.513376 0.301844 38.407421 -20.709627 3.521528 -1.457483 1.617923 7.920087 -29.217796 -5.536308 2.537737 -22.338699 8.785176 3.936930 11.233432 1.466250 -12.742172 15.202206 5.811218 21.695421 -1.581094 5.697778 -19.340069 5.986218 -3.142125 7.704063 -0.129465 -10.519364
6.704068 -5.689026 2.525503 0.587405 38.311291 -21.045437 4.401299 -1.746861 1.538805 8.671927 -28.833336 -5.875383 3.530493 -22.856892 9.295120 4.252554 10.397680 1.241470 -13.223844 15.233448 5.965767 21.977549 -1.040846 6.266104 -19.241808 6.082033 -3.188342 7.583145 -0.189023 -10.717158
7.655754 -5.862494 2.458240 0.974191 38.196541 -21.433867 5.344896 -2.113467 1.393142 9.517064 -28.180687 -6.267932 4.350896 -23.417709 9.776970 4.553752 9.865561 0.756074 -13.687533 15.247048 6.035896 22.140892 -0.668305 6.941103 -19.120827 6.147923 -3.134447 7.487267 -0.332955 -11.142935
8.355209 -6.002960 2.343661 1.321350 38.068642 -21.612623 6.077078 -2.435857 1.252560 10.203691 -27.694744 -6.485762 5.103971 -23.917561 10.171960 4.676456 9.406451 0.381677 -14.090822 15.214510 6.286050 22.308159 -0.236269 7.462776 -19.019840 6.348464 -3.113818 7.321507 -0.345162 -11.333015
9.055717 -6.179516 2.078285 1.669862 37.958748 -21.806904 6.653689 -2.664159 1.105558 10.746723 -27.281359 -6.669548 5.650476 -24.334843 10.397281 4.869752 8.876762 0.042492 -14.400666 15.002959 6.473876 22.424398 0.073005 7.843151 -18.936546 6.489227 -3.129423 7.193563 -0.390328 -11.492029
9.438904 -6.486668 1.782896 1.812973 37.755550 -21.855253 7.002738 -2.763795 1.010081 11.003877 -26.898783 -6.837799 5.964516 -24.614986 10.572486 5.027790 8.642026 -0.278958 -14.604914 14.768827 6.555908 22.371153 0.259839 8.122209 -18.805332 6.572244 -3.139746 7.196475 -0.414539 -11.623220
9.659990 -6.733125 1.570861 1.884017 37.609299 -21.876745 7.277309 -2.883549 0.935639 11.211510 -26.614479 -6.900440 6.181438 -24.826849 10.696095 5.114141 8.505546 -0.490299 -14.742555 14.630699 6.626531 22.309996 0.432324 8.312878 -18.732569 6.630713 -3.123623 7.218893 -0.413707 -11.622138
9.733005 -6.781935 1.511309 1.858863 37.575432 -21.892241 7.405574 -2.902567 0.944839 11.298378 -26.512291 -6.935629 6.194242 -24.824268 10.760205 5.139941 8.510192 -0.595084 -14.756180 14.570004 6.653311 22.320959 0.471806 8.371244 -18.708748 6.649063 -3.128665 7.214970 -0.407678 -11.641171
9.733005 -6.781935 1.511309 1.858863 37.575432 -21.892241 7.405574 -2.902567 0.944839 11.298378 -26.512291 -6.935629 6.194242 -24.824268 10.760205 5.139941 8.510192 -0.595084 -14.756180 14.570004 6.653311 22.320959 0.471806 8.371244 -18.708748 6.649063 -3.128665 7.214970 -0.407678 -11.641171
9.733005 -6.781935 1.511309 1.858863 37.575432 -21.892241 7.405574 -2.902567 0.944839 11.298378 -26.512291 -6.935629 6.194242 -24.824268 10.760205 5.139941 8.510192 -0.595084 -14.756180 14.570004 6.653311 22.320959 0.471806 8.371244 -18.708748 6.649063 -3.128665 7.214970 -0.407678 -11.641171
9.731684 -6.781615 1.511843 1.858898 37.575012 -21.889997 7.406072 -2.902692 0.945432 11.298634 -26.515068 -6.934070 6.193390 -24.824398 10.759896 5.141580 8.510009 -0.592902 -14.755883 14.567277 6.653266 22.318991 0.473350 8.370684 -18.709160 6.649591 -3.130081 7.215364 -0.407256 -11.640052
9.730987 -6.778979 1.513000 1.857239 37.579063 -21.886019 7.404458 -2.901750 0.945834 11.297802 -26.524723 -6.931084 6.201622 -24.819954 10.763246 5.142198 8.498548 -0.587776 -14.760364 14.563101 6.652955 22.319126 0.471591 8.371631 -18.708956 6.649931 -3.129227 7.214669 -0.407438 -11.641530
9.729147 -6.779953 1.510823 1.855197 37.577194 -21.888905 7.405627 -2.901705 0.945215 11.299865 -26.523392 -6.931328 6.200349 -24.820108 10.763853 5.142133 8.499619 -0.588558 -14.759898 14.563588 6.652922 22.319380 0.472838 8.371291 -18.708710 6.650564 -3.129816 7.215540 -0.406753 -11.639553
9.731345 -6.781074 1.512075 1.857930 37.575562 -21.891397 7.405176 -2.902202 0.945726 11.298170 -26.522816 -6.931418 6.199903 -24.820415 10.763577 5.141993 8.500656 -0.589117 -14.759658 14.563845 6.653098 22.319361 0.472878 8.371258 -18.708723 6.650531 -3.129820 7.215417 -0.406750 -11.639465
9.729295 -6.779943 1.510974 1.855427 37.577072 -21.889107 7.405358 -2.901734 0.945270 11.299659 -26.522724 -6.931066 6.199669 -24.820114 10.764721 5.142115 8.499941 -0.588839 -14.759676 14.563364 6.652947 22.319620 0.472912 8.371324 -18.708643 6.650620 -3.129737 7.215450 -0.406784 -11.639522
9.733114 -6.780374 1.511222 1.858207 37.578926 -21.884371 7.404831 -2.901389 0.945021 11.297884 -26.531054 -6.931325 6.198263 -24.820496 10.761226 5.144088 8.496644 -0.577574 -14.758531 14.556396 6.654197 22.316795 0.470430 8.371178 -18.707611 6.649532 -3.129313 7.215229 -0.406886 -11.642775
9.730362 -6.779861 1.511144 1.855990 37.577385 -21.889189 7.405656 -2.901900 0.945831 11.299541 -26.530275 -6.931362 6.197424 -24.819868 10.762735 5.143757 8.496799 -0.578124 -14.758132 14.556150 6.654208 22.317621 0.473058 8.370276 -18.706999 6.650605 -3.130048 7.216935 -0.405681 -11.638464
9.729147 -6.779953 1.510823 1.855197 37.577194 -21.888905 7.405627 -2.901705 0.945215 11.299865 -26.523392 -6.931328 6.200349 -24.820108 10.763853 5.142133 8.499619 -0.588558 -14.759898 14.563588 6.652922 22.319380 0.472838 8.371291 -18.708710 6.650564 -3.129816 7.215540 -0.406753 -11.639553
9.730926 -6.778929 1.513003 1.857094 37.579170 -21.886057 7.404688 -2.901821 0.945905 11.297928 -26.524723 -6.931084 6.201622 -24.819954 10.763246 5.142198 8.498548 -0.587776 -14.760364 14.563101 6.652955 22.319126 0.471591 8.371631 -18.708956 6.649931 -3.129227 7.214669 -0.407438 -11.641530
9.734858 -6.780944 1.516998 1.869024 37.578857 -21.890127 7.391394 -2.900736 0.941436 11.288112 -26.531652 -6.929866 6.199430 -24.818569 10.764245 5.143570 8.493479 -0.576762 -14.758671 14.554900 6.653755 22.316990 0.472042 8.369942 -18.706612 6.649673 -3.129993 7.217032 -0.406220 -11.640560
9.738979 -6.779456 1.518348 1.868595 37.578499 -21.891056 7.399822 -2.902596 0.944694 11.291927 -26.531570 -6.932233 6.199236 -24.820282 10.761250 5.143640 8.495697 -0.578118 -14.758700 14.556662 6.652720 22.314974 0.468921 8.372035 -18.708965 6.648288 -3.128588 7.213975 -0.408801 -11.646097
9.740570 -6.777203 1.517980 1.866742 37.579716 -21.899267 7.399822 -2.902145 0.947130 11.292782 -26.542624 -6.926669 6.201443 -24.818192 10.756348 5.149085 8.484727 -0.574491 -14.759992 14.551983 6.653950 22.317057 0.468761 8.372050 -18.708118 6.649233 -3.128362 7.212941 -0.407754 -11.644732
6.502823 -12.946844 -1.815737 0.763392 36.855270 -13.940640 6.003521 0.600064 -1.098129 13.322008 -24.305298 -3.658393 2.723434 -15.024199 22.988640 11.332139 4.038825 -5.542432 -10.365808 13.868223 2.594403 16.185902 3.513489 8.991725 -22.286877 8.650496 -5.643621 8.251289 2.008717 -8.947905
6.502823 -12.946844 -1.815737 0.763392 36.855270 -13.940640 6.003521 0.600064 -1.098129 13.322008 -24.305298 -3.658393 2.723434 -15.024199 22.988640 11.332139 4.038825 -5.542432 -10.365808 13.868223 2.594403 16.185902 3.513489 8.991725 -22.286877 8.650496 -5.643621 8.251289 2.008717 -8.947905
6.502823 -12.946844 -1.815737 0.763392 36.855270 -13.940640 6.003521 0.600064 -1.098129 13.322008 -24.305298 -3.658393 2.723434 -15.024199 22.988640 11.332139 4.038825 -5.542432 -10.365808 13.868223 2.594403 16.185902 3.513489 8.991725 -22.286877 8.650496 -5.643621 8.251289 2.008717 -8.947905
6.502823 -12.946844 -1.815737 0.763392 36.855270 -13.940640 6.003521 0.600064 -1.098129 13.322008 -24.305298 -3.658393 2.723434 -15.024199 22.988640 11.332139 4.038825 -5.542432 -10.365808 13.868223 2.594403 16.185902 3.513489 8.991725 -22.286877 8.650496 -5.643621 8.251289 2.008717 -8.947905
6.502823 -12.946844 -1.815737 0.763392 36.855270 -13.940640 6.003521 0.600064 -1.098129 13.322008 -24.305298 -3.658393 2.723434 -15.024199 22.988640 11.332139 4.038825 -5.542432 -10.365808 13.868223 2.594403 16.185902 3.513489 8.991725 -22.286877 8.650496 -5.643621 8.251289 2.008717 -8.947905
7.118267 -11.679953 -1.378971 0.678182 36.045403 -15.872725 6.731215 0.514180 -2.091755 12.051669 -23.476936 -2.985123 2.284404 -18.352890 20.171932 7.469735 4.848164 -4.849890 -13.320622 15.462628 3.992264 17.745256 3.300017 8.761333 -21.554287 7.368031 -6.228363 8.056999 1.299981 -8.703715
7.231820 -10.844194 -1.052106 0.602258 35.639084 -16.239899 7.355587 0.283374 -2.746947 11.458038 -23.173807 -2.128307 1.824141 -19.208307 19.886465 5.960656 4.687859 -4.983744 -14.359706 15.854183 4.540688 17.908880 3.160569 8.889355 -21.330490 6.621270 -6.606027 7.867180 0.900516 -8.276049
7.193119 -10.846358 -1.138711 0.810900 35.333755 -16.646290 7.501188 0.344928 -3.053747 11.106249 -23.216255 -2.110092 1.766251 -19.211205 19.654375 5.956097 4.729430 -4.946488 -14.439534 15.766560 4.815807 18.058950 3.222775 8.884982 -21.308802 6.565759 -6.604192 7.869092 0.998211 -8.254895
7.148850 -10.854244 -1.118347 0.775060 35.355316 -16.662081 7.506495 0.337671 -3.005797 11.163969 -23.232819 -2.111953 1.779132 -19.213940 19.670929 5.972041 4.719539 -4.967771 -14.420057 15.787803 4.769716 18.031609 3.226853 8.883535 -21.344948 6.553353 -6.582029 7.902647 0.997910 -8.305874
7.139169 -10.849100 -1.117764 0.772402 35.360493 -16.670233 7.515526 0.338128 -3.000388 11.172268 -23.248901 -2.100809 1.777302 -19.206192 19.662003 5.982809 4.693061 -4.957872 -14.415351 15.782274 4.775915 18.030943 3.230032 8.886220 -21.345093 6.561676 -6.577547 7.901247 1.007015 -8.300613
7.139169 -10.849100 -1.117764 0.772402 35.360493 -16.670233 7.515526 0.338128 -3.000388 11.172268 -23.248962 -2.100921 1.777484 -19.206287 19.662138 5.982924 4.693110 -4.957979 -14.415225 15.782339 4.775506 18.030918 3.229846 8.886241 -21.344589 6.561706 -6.577918 7.901146 1.006533 -8.299997
7.140517 -10.849197 -1.118245 0.775050 35.361427 -16.667509 7.513164 0.338109 -3.002042 11.170347 -23.246510 -2.095257 1.775761 -19.208147 19.667278 5.980373 4.688293 -4.958892 -14.415414 15.781427 4.774882 18.033304 3.228677 8.886092 -21.343821 6.561664 -6.577425 7.901429 1.006374 -8.302611
7.140610 -10.848257 -1.117610 0.771795 35.357315 -16.670376 7.517213 0.337502 -3.002424 11.168854 -23.248232 -2.099966 1.777814 -19.204910 19.660645 5.981266 4.692997 -4.958404 -14.419708 15.781240 4.778080 18.030979 3.229330 8.888041 -21.343378 6.560395 -6.577928 7.900647 1.006266 -8.299078
7.140531 -10.847654 -1.117398 0.772347 35.357201 -16.670429 7.517902 0.337396 -3.003244 11.168293 -23.248262 -2.099505 1.777360 -19.205204 19.660583 5.980366 4.693038 -4.958311 -14.420081 15.781232 4.778185 18.031263 3.229774 8.887435 -21.343922 6.559961 -6.578123 7.900748 1.006415 -8.299240
7.143898 -10.862708 -1.109553 0.799252 35.352531 -16.614088 7.506688 0.334886 -3.018535 11.149171 -23.242382 -2.095905 1.777387 -19.201824 19.672470 5.978258 4.691341 -4.962666 -14.421407 15.781322 4.775737 18.013384 3.231005 8.889146 -21.353268 6.559893 -6.583397 7.899456 1.007571 -8.291435
7.146670 -10.869904 -1.111868 0.803002 35.349709 -16.607828 7.502425 0.335745 -3.022781 11.144934 -23.226231 -2.108105 1.777285 -19.208855 19.678928 5.970438 4.717647 -4.975424 -14.422795 15.788004 4.769845 18.007952 3.229084 8.889318 -21.353769 6.552349 -6.583592 7.904651 1.002514 -8.298827
7.147036 -10.870485 -1.112011 0.803040 35.349541 -16.607460 7.501909 0.335924 -3.022908 11.144470 -23.227829 -2.106925 1.779110 -19.208513 19.682112 5.970541 4.714007 -4.970778 -14.423552 15.786358 4.773519 18.011923 3.230470 8.887890 -21.351774 6.555657 -6.583488 7.903213 1.005180 -8.296642
7.147036 -10.870485 -1.112011 0.803040 35.349541 -16.607460 7.501909 0.335924 -3.022908 11.144470 -23.227829 -2.106925 1.779110 -19.208513 19.682112 5.970541 4.714007 -4.970778 -14.423552 15.786358 4.773519 18.011923 3.230470 8.887890 -21.351774 6.555657 -6.583488 7.903213 1.005180 -8.296642
7.147036 -10.870485 -1.112011 0.803040 35.349541 -16.607460 7.501909 0.335924 -3.022908 11.144470 -23.227829 -2.106925 1.779110 -19.208513 19.682112 5.970541 4.714007 -4.970778 -14.423552 15.786358 4.773519 18.011923 3.230470 8.887890 -21.351774 6.555657 -6.583488 7.903213 1.005180 -8.296642
7.147036 -10.870485 -1.112011 0.803040 35.349541 -16.607460 7.501909 0.335924 -3.022908 11.144470 -23.227829 -2.106925 1.779110 -19.208513 19.682112 5.970541 4.714007 -4.970778 -14.423552 15.786358 4.773519 18.011923 3.230470 8.887890 -21.351774 6.555657 -6.583488 7.903213 1.005180 -8.296642
7.148578 -10.870521 -1.111807 0.807878 35.350548 -16.603029 7.499683 0.335356 -3.025271 11.141859 -23.217224 -2.092307 1.767855 -19.198246 19.704403 5.972409 4.696549 -4.977990 -14.421750 15.789251 4.770189 18.006353 3.230806 8.889762 -21.354662 6.552126 -6.583794 7.904327 1.002795 -8.298967
7.148578 -10.870521 -1.111807 0.807878 35.350548 -16.603029 7.499683 0.335356 -3.025271 11.141859 -23.217224 -2.092307 1.767855 -19.198246 19.704403 5.972409 4.696549 -4.977990 -14.421750 15.789251 4.770189 18.006353 3.230806 8.889762 -21.354662 6.552126 -6.583794 7.904327 1.002795 -8.298967
7.148578 -10.870521 -1.111807 0.807878 35.350548 -16.603029 7.499683 0.335356 -3.025271 11.141859 -23.217224 -2.092307 1.767855 -19.198246 19.704403 5.972409 4.696549 -4.977990 -14.421750 15.789251 4.770189 18.006353 3.230806 8.889762 -21.354662 6.552126 -6.583794 7.904327 1.002795 -8.298967
7.145332 -10.862794 -1.110300 0.802137 35.353851 -16.610228 7.504248 0.334780 -3.020507 11.147140 -23.239531 -2.092239 1.774507 -19.201200 19.676529 5.978817 4.686273 -4.964130 -14.420343 15.780843 4.775761 18.016226 3.229899 8.888962 -21.352123 6.560054 -6.582923 7.899706 1.007556 -8.293357
7.145332 -10.862794 -1.110300 0.802137 35.353851 -16.610228 7.504248 0.334780 -3.020507 11.147140 -23.239531 -2.092239 1.774507 -19.201200 19.676529 5.978817 4.686273 -4.964130 -14.420343 15.780843 4.775761 18.016226 3.229899 8.888962 -21.352123 6.560054 -6.582923 7.899706 1.007556 -8.293357
7.145332 -10.862794 -1.110300 0.802137 35.353851 -16.610228 7.504248 0.334780 -3.020507 11.147140 -23.239531 -2.092239 1.774507 -19.201200 19.676529 5.978817 4.686273 -4.964130 -14.420343 15.780843 4.775761 18.016226 3.229899 8.888962 -21.352123 6.560054 -6.582923 7.899706 1.007556 -8.293357
