2.819141 -19.586039 11.828315 -8.229218 16.479239 0.187209 7.846866 24.089785 5.594962 -12.090310 -6.355839 2.810133 -31.794374 -12.027201 -5.473980 11.424945 -5.758906 11.171792 -16.397169 -14.215248 4.635256 0.204013 -21.196526 15.401128 -6.555270 7.892974 -4.917871 11.474366 8.387663 -4.776338
2.725460 -19.460169 11.807504 -8.285704 16.564110 0.098166 7.835433 24.061615 5.560668 -12.075813 -6.341422 2.693321 -31.779320 -12.045396 -5.398177 11.346325 -5.716981 11.216252 -16.413084 -14.385222 4.659984 0.251252 -21.132162 15.491701 -6.648729 7.932053 -4.963939 11.330951 8.371912 -4.886951
2.552950 -19.199575 11.936664 -8.293964 16.559441 -0.090883 7.939522 23.933819 5.471889 -12.112426 -6.372469 2.484844 -31.776377 -11.905746 -5.245600 11.332352 -5.563853 11.326509 -16.281216 -14.640075 4.581635 0.285146 -21.095135 15.677802 -6.762933 8.043104 -5.112555 11.053198 8.296929 -5.303948
2.244923 -18.971958 12.114656 -8.224917 16.583256 -0.269851 8.047175 23.736237 5.325882 -12.171745 -6.501962 2.416930 -31.859831 -11.615675 -5.069924 11.313335 -5.206918 11.345056 -16.081593 -14.756533 4.325642 0.220072 -21.194548 15.759988 -6.948502 8.125834 -5.405821 10.764671 8.111531 -5.939055
2.003014 -18.612709 12.455371 -7.980558 16.508707 -0.478066 8.247746 23.512575 5.022476 -12.333153 -6.494342 2.245517 -31.865667 -11.515784 -4.875792 11.281185 -4.962070 11.146102 -15.966725 -15.290411 4.058416 0.147734 -21.223793 15.608773 -7.157947 8.186591 -5.730867 10.571476 7.996686 -6.454325
1.672047 -18.399780 12.770774 -7.539781 16.294758 -0.638992 8.621159 23.269432 4.605958 -12.528193 -6.513047 2.092046 -32.145226 -11.256425 -4.577732 11.085828 -4.359869 11.076500 -15.685384 -15.787635 3.672880 0.302591 -21.283226 15.605578 -7.376425 7.970516 -6.133647 10.266948 7.539984 -7.162078
1.629800 -18.080954 13.325696 -7.270347 16.094582 -0.931058 8.878748 22.819389 4.515092 -12.669237 -6.625633 2.027781 -32.324722 -11.045658 -4.120722 10.420664 -3.624533 11.157074 -15.607112 -16.094618 3.097595 0.430564 -21.286694 15.503073 -7.608256 7.842806 -6.752559 9.962896 6.966249 -8.168335
1.445442 -18.014482 13.645511 -6.947354 15.617494 -1.184390 9.277278 22.419979 4.254547 -13.028437 -6.684195 1.947004 -32.485855 -10.816990 -3.818175 9.985784 -3.051341 11.048553 -15.543917 -16.602753 2.518538 0.684861 -21.368895 15.627084 -8.301227 7.658637 -7.209321 9.184280 6.416711 -9.211092
1.379164 -18.012106 13.881473 -6.748636 15.215442 -1.464258 9.478745 22.370960 4.187405 -13.305403 -6.518549 1.843149 -32.737087 -10.709922 -3.592196 9.529221 -2.583574 11.059051 -15.592457 -17.019039 1.688468 0.812089 -21.775976 15.927290 -8.610748 7.333039 -7.454036 8.683100 5.734219 -10.044571
1.560842 -17.957174 14.121135 -6.564988 14.999837 -1.566064 9.483559 22.782026 4.082595 -13.582844 -6.435589 1.855361 -32.954037 -10.759969 -3.578250 9.283545 -2.427672 11.030822 -15.636845 -17.254313 1.315933 1.000120 -21.628857 15.900936 -9.194673 7.281329 -7.971969 7.994569 5.281011 -10.690446
1.656325 -17.775259 14.525489 -6.621366 14.817973 -1.615704 9.493648 23.073395 4.097545 -13.847853 -6.307215 1.885512 -33.169384 -10.794654 -3.606797 9.235321 -2.407360 10.890306 -15.603179 -17.459785 0.695917 1.343224 -21.639574 15.952984 -9.631650 6.929477 -8.248953 7.546879 4.528626 -11.009265
1.761775 -17.680986 15.011168 -6.716796 14.620183 -1.686692 9.428146 23.335489 4.355568 -13.996410 -6.272142 1.987083 -33.336578 -10.825931 -3.635773 9.101274 -2.378934 10.919133 -15.610215 -17.481346 0.588373 1.451901 -21.516356 16.107615 -9.723218 7.004929 -8.438363 7.315044 4.342965 -11.429431
1.687472 -18.815393 14.956282 -6.690285 13.975080 -1.572978 9.581011 23.215328 4.776384 -14.184638 -6.224366 3.749904 -34.084129 -13.192950 -4.020735 7.019402 -3.077166 10.511685 -16.187120 -16.261192 -0.236079 1.772037 -21.413845 15.871015 -9.932010 7.079672 -8.670882 6.973259 3.573019 -10.661771
1.578960 -19.406237 15.045313 -6.754729 13.336869 -1.696286 9.958464 22.917881 4.934044 -14.409775 -6.116850 4.587742 -34.227074 -14.133645 -4.511637 6.519371 -3.842829 10.152360 -16.576578 -15.621172 -0.716897 2.155977 -21.211042 15.877789 -9.956710 7.129850 -9.125309 6.502004 2.715999 -9.811182
1.466967 -19.715265 15.012334 -6.846555 13.028895 -1.718522 10.199539 22.850206 4.977771 -14.512848 -6.136945 4.766930 -34.165520 -14.311061 -4.803666 6.585459 -4.312335 10.089088 -16.639528 -15.556902 -0.690853 2.234482 -21.030712 15.811142 -9.878900 7.200935 -9.234586 6.497000 2.673522 -9.581852
1.296873 -19.985086 14.895261 -6.925668 12.829473 -1.647176 10.358656 22.808788 5.023341 -14.530491 -6.188809 4.870176 -33.998489 -14.350904 -4.987226 6.790114 -4.677817 10.021472 -16.703703 -15.485515 -0.648419 2.300132 -20.890099 15.830255 -9.909710 7.267406 -9.115096 6.497958 2.761561 -9.470980
1.180070 -20.251047 14.759076 -6.921275 12.800928 -1.569772 10.448574 22.743828 5.066368 -14.433207 -6.276963 4.934007 -33.853165 -14.401920 -5.047065 6.795715 -4.841381 10.015189 -16.768812 -15.388119 -0.645073 2.326229 -20.802645 15.749132 -9.922196 7.295582 -9.033265 6.537886 2.821806 -9.326261
1.107919 -20.369486 14.657063 -6.908654 12.839996 -1.554186 10.513073 22.757866 5.048484 -14.346148 -6.295754 4.974410 -33.749912 -14.411418 -5.166921 6.899946 -5.030313 9.993747 -16.839563 -15.309852 -0.703155 2.336959 -20.884531 15.915071 -9.862511 7.335773 -8.985403 6.407589 2.718287 -9.121532
1.042988 -20.426174 14.588945 -6.864394 12.820285 -1.565788 10.591105 22.718731 4.982567 -14.330873 -6.247221 4.974465 -33.814461 -14.416064 -5.215815 6.874847 -5.055059 10.088244 -16.852404 -15.263841 -0.744635 2.360222 -20.887815 15.962616 -9.850110 7.371760 -8.956986 6.344697 2.672195 -8.960710
1.035830 -20.457388 14.558239 -6.881735 12.829032 -1.572430 10.597211 22.705265 5.002338 -14.300355 -6.239915 4.955414 -33.822365 -14.420327 -5.214297 6.880184 -5.071466 10.118275 -16.823599 -15.278099 -0.731746 2.348069 -20.881071 15.923401 -9.847324 7.363638 -8.974089 6.366052 2.683903 -8.931114
1.150955 -20.526339 14.551981 -6.915313 12.770261 -1.632768 10.582918 22.587177 5.059451 -14.355633 -6.309208 5.034659 -33.820419 -14.440656 -5.158744 6.793187 -4.965626 10.102235 -16.819105 -15.130392 -0.801637 2.369497 -20.927721 15.975151 -9.819678 7.355013 -8.930697 6.347268 2.614628 -8.857427
1.306736 -20.803045 14.466274 -7.244999 12.531254 -1.547941 10.554905 22.287096 5.253970 -14.561368 -6.533088 5.440638 -34.205879 -14.418597 -5.138775 6.740592 -4.812259 10.102602 -16.419950 -14.770476 -0.970750 2.295457 -20.981867 15.741467 -9.841241 7.356297 -8.936260 6.536262 2.658609 -8.801961
1.544056 -21.108805 14.410306 -7.653353 12.418498 -1.081347 10.365016 21.875484 5.431525 -14.722979 -6.826351 6.078151 -34.777527 -14.375240 -5.279007 6.846380 -4.831185 10.037582 -15.822822 -14.253448 -1.258930 2.168957 -21.127174 15.433914 -9.920851 7.361678 -8.791467 6.869920 2.780359 -8.612450
1.816142 -21.495872 14.409227 -8.283981 11.986758 -0.392916 10.364458 21.260742 5.367919 -15.237103 -7.246233 6.736096 -35.263969 -14.146711 -5.284019 6.964625 -4.629765 9.904827 -15.139241 -13.647371 -1.529829 1.967702 -21.398420 15.358804 -9.851151 7.499092 -8.486651 7.203866 2.977730 -8.428691
1.948071 -21.942560 14.139119 -9.082456 11.203800 0.414029 10.662527 20.244747 5.154566 -15.950795 -7.769970 7.655537 -35.983360 -13.804126 -5.380937 7.250151 -4.422004 9.775968 -14.119111 -12.799326 -1.603847 1.757366 -21.136328 14.085565 -9.696109 7.462801 -7.594026 8.844054 3.966524 -7.884464
2.137148 -22.642662 13.161561 -10.004522 10.394019 1.178608 11.083534 19.210642 4.840665 -16.570911 -8.626244 8.166455 -35.999096 -13.119748 -5.226615 7.987489 -4.152218 9.636278 -13.113679 -12.017212 -1.168774 1.281680 -21.014673 13.211533 -8.710685 7.689858 -6.721904 10.529176 4.985865 -6.508307
2.789837 -23.414637 11.753522 -11.215492 9.775331 1.600440 11.370716 18.196486 4.829345 -17.008745 -9.520539 8.566583 -35.788864 -12.339025 -5.217437 9.021628 -4.337394 9.739208 -12.111396 -11.262592 -0.674840 1.150653 -20.613777 12.172669 -7.985016 7.757494 -5.935821 12.143682 5.841384 -5.005264
3.766428 -22.981550 11.399018 -12.553595 9.404428 1.495296 11.702765 16.825418 5.260523 -16.915037 -10.660677 9.008727 -35.063011 -11.749351 -5.217298 10.155208 -4.854590 9.722623 -11.222690 -10.318823 0.277676 1.355937 -19.581518 11.317046 -7.186558 7.724268 -5.030299 13.962851 6.776239 -3.346232
5.379077 -22.222162 11.113246 -13.913355 9.313186 0.993693 11.716782 15.935812 6.045265 -16.590391 -11.389759 9.111230 -34.634983 -11.685498 -4.909184 10.379628 -4.941112 10.428291 -10.418005 -9.202774 0.764286 1.718149 -18.726379 10.526735 -6.988914 7.406161 -4.374002 15.208043 7.295222 -2.296080
6.922331 -21.061060 11.145720 -15.411153 9.333193 0.217453 11.613686 14.587492 6.864914 -16.172943 -12.285237 9.016872 -34.092724 -11.486676 -4.340392 10.679039 -4.931402 11.512572 -9.400949 -7.918045 1.049346 2.240531 -17.919859 10.344071 -7.343950 7.199399 -4.254827 15.365561 7.288276 -1.853917
8.271210 -19.975000 11.289753 -16.299158 9.477692 -0.539921 11.501822 13.350723 7.395585 -15.772402 -13.158105 8.850904 -33.257660 -11.467622 -3.693200 11.046649 -4.845225 11.936064 -8.603259 -7.157855 1.618115 2.859706 -16.595160 9.896798 -8.262448 7.255724 -4.464357 15.132036 7.518164 -1.499041
8.653349 -18.976719 11.764457 -16.921602 9.654149 -1.238515 11.561859 11.987975 7.744799 -15.465825 -14.217420 8.531352 -32.360249 -11.017222 -2.710901 11.318295 -4.062256 12.440417 -7.808283 -6.205214 1.236430 3.366421 -16.148031 10.009187 -9.310073 7.017817 -4.571377 14.517146 7.003026 -1.329838
8.972871 -18.046377 12.146249 -17.302427 9.917108 -1.892610 11.888636 10.712895 7.575236 -15.329699 -14.992947 8.047249 -31.604897 -10.895283 -1.875222 11.517897 -3.487597 12.749489 -7.069936 -5.831691 0.992220 4.114410 -15.345538 9.849455 -10.327097 6.544074 -5.099438 13.956764 6.328237 -1.408455
9.469092 -17.050714 12.363546 -17.376013 10.427104 -2.543806 11.874878 9.926592 7.472157 -15.043740 -15.521477 7.461215 -30.686897 -10.726937 -1.229652 11.528284 -3.164505 13.279972 -6.952048 -5.495083 0.767744 4.779942 -14.635999 10.142179 -11.367480 6.264949 -5.883223 12.911930 5.494051 -2.193291
9.826985 -16.496111 12.549283 -17.344999 10.873631 -2.955384 11.838112 9.237583 7.392862 -14.767744 -15.940317 6.817648 -29.781288 -10.434850 -0.743503 11.640661 -3.053829 13.664697 -6.987276 -5.549416 0.435523 5.304665 -14.121041 10.492127 -11.989327 6.036482 -6.255084 12.241317 4.826366 -2.738384
9.989025 -15.936708 12.702391 -17.277300 11.310403 -3.332624 11.797249 8.543548 7.457769 -14.363073 -16.246170 6.062228 -29.167608 -10.107501 -0.015494 11.447167 -2.276707 14.086308 -6.917547 -5.714149 0.119741 5.703376 -13.839705 11.283656 -12.411475 5.986105 -6.095016 11.708324 4.402227 -3.278844
10.137910 -15.486272 12.670982 -17.218145 11.884817 -3.629882 11.575548 7.776037 7.607183 -13.857663 -16.432415 5.770044 -28.505714 -10.098791 0.319569 11.401522 -2.065747 14.041005 -7.061077 -5.698538 0.034016 6.219347 -13.312861 11.424528 -12.615388 5.747858 -6.042881 11.687004 4.087225 -3.264231
10.257898 -15.136751 12.512811 -17.032261 12.387644 -3.766154 11.313341 7.468439 7.586194 -13.492346 -16.482136 5.620782 -28.249113 -10.113828 0.618012 11.247261 -1.682589 14.072349 -7.112015 -5.581361 -0.104933 6.448493 -13.221470 11.742464 -12.815419 5.643534 -5.932627 11.496387 3.843415 -3.279637
10.380066 -14.998415 12.431148 -17.016855 12.608245 -3.853409 11.165379 7.176935 7.677242 -13.302713 -16.525709 5.594916 -28.061920 -10.104789 0.755427 11.162658 -1.523377 14.126124 -7.185515 -5.381183 -0.118790 6.604491 -13.066322 11.800405 -12.818490 5.560238 -5.900021 11.561117 3.742762 -3.272754
10.413858 -14.939722 12.404416 -16.998470 12.663444 -3.866084 11.123392 7.127470 7.679886 -13.265002 -16.510719 5.614635 -28.061787 -10.103221 0.773808 11.171366 -1.485020 14.130004 -7.197177 -5.304680 -0.181611 6.661408 -12.988781 11.819932 -12.848462 5.527584 -5.878143 11.600822 3.706956 -3.328273
10.423018 -14.973967 12.404499 -17.017941 12.669431 -3.883600 11.123438 7.058977 7.720768 -13.243237 -16.520660 5.628801 -28.068539 -10.078032 0.763104 11.187445 -1.506767 14.153764 -7.190109 -5.270479 -0.206922 6.674716 -12.991305 11.848475 -12.826976 5.518407 -5.859585 11.615335 3.687624 -3.315639
10.404100 -14.973343 12.357941 -16.978935 12.690983 -3.903969 11.138191 7.013143 7.682166 -13.221658 -16.522526 5.641110 -28.056454 -10.075022 0.774536 11.181314 -1.472805 14.134501 -7.187221 -5.244103 -0.250054 6.741929 -12.891068 11.829618 -12.783080 5.478571 -5.866373 11.694372 3.639345 -3.304163
10.380688 -14.973079 12.311397 -16.948545 12.710987 -3.925582 11.141171 6.973775 7.655445 -13.194702 -16.538332 5.639812 -28.001682 -10.080434 0.799293 11.170924 -1.446342 14.101155 -7.200744 -5.235956 -0.225452 6.901919 -12.698162 11.824655 -12.766661 5.420669 -5.774088 11.831367 3.629169 -3.219069
10.320429 -14.983369 12.294397 -16.894928 12.711617 -3.937516 11.175910 6.929613 7.612160 -13.175406 -16.555729 5.667943 -27.920570 -10.071817 0.828918 11.187531 -1.388574 14.018010 -7.198632 -5.186816 -0.225512 7.093360 -12.542912 11.942775 -12.642531 5.357132 -5.527334 12.067782 3.594633 -3.104945
10.256858 -14.990409 12.280169 -16.830961 12.704951 -3.957221 11.214725 6.877645 7.566369 -13.160035 -16.565845 5.698271 -27.822109 -10.073583 0.846921 11.239016 -1.365962 13.941036 -7.209678 -5.103730 -0.070476 7.445176 -12.083290 11.864309 -12.322089 5.246768 -5.362378 12.545743 3.535490 -2.906535
10.211024 -14.988048 12.255656 -16.771837 12.709142 -3.971363 11.235363 6.837965 7.519835 -13.144097 -16.590714 5.713052 -27.720770 -10.073679 0.881822 11.224895 -1.314906 13.881000 -7.236791 -5.071377 -0.055055 7.662843 -11.884467 11.895434 -12.305579 5.168144 -5.099783 12.781524 3.549558 -2.794411
10.164118 -14.983495 12.215177 -16.724524 12.719457 -4.004920 11.260387 6.761890 7.468325 -13.123943 -16.631882 5.730519 -27.594267 -10.053975 0.930528 11.195475 -1.243535 13.815896 -7.257368 -5.031967 0.191064 7.979326 -11.370378 11.550140 -11.985819 5.089964 -4.968827 13.318894 3.605823 -2.294688
10.137725 -14.936443 12.177604 -16.650314 12.759315 -4.022853 11.257551 6.687432 7.408008 -13.077217 -16.669374 5.758526 -27.508263 -10.030643 0.931706 11.187990 -1.229826 13.755009 -7.273069 -5.026251 0.481784 8.376857 -10.759163 11.067187 -11.697188 4.832430 -4.952688 13.927719 3.581792 -1.839018
10.117982 -14.887856 12.134130 -16.572453 12.790280 -4.069394 11.276449 6.618380 7.345749 -13.036156 -16.715979 5.797442 -27.404482 -10.018207 0.926888 11.165253 -1.228836 13.717744 -7.294785 -4.966725 0.591335 8.607716 -10.404982 10.598124 -11.585456 4.600986 -5.000558 14.313367 3.533153 -1.457120
10.099640 -14.842485 12.075213 -16.504683 12.834097 -4.130558 11.293245 6.548375 7.277121 -12.989952 -16.782043 5.823042 -27.225155 -9.999583 0.997870 11.095855 -1.130831 13.620522 -7.328104 -4.923883 0.699022 8.831424 -10.109047 10.078389 -11.401977 4.408078 -4.681138 14.973639 3.641020 -0.638953
10.117036 -14.786695 12.059552 -16.465229 12.868031 -4.192596 11.296431 6.451030 7.258042 -12.944987 -16.836016 5.823863 -27.107298 -9.946029 1.047267 11.012409 -1.045855 13.598475 -7.371790 -4.920691 0.776805 9.071488 -9.803391 9.269996 -11.608099 3.950037 -5.299008 15.096012 3.315989 -0.541365
10.120882 -14.756050 11.974671 -16.401154 12.944000 -4.239278 11.294485 6.337955 7.200581 -12.869970 -16.917919 5.846150 -26.902105 -9.883933 1.113439 10.983756 -0.938013 13.472692 -7.407978 -4.883073 0.841368 9.153805 -9.728177 8.641144 -11.640290 3.709443 -5.264585 15.525055 3.386389 -0.004117
10.165489 -14.714679 12.002930 -16.394377 12.975886 -4.303175 11.282183 6.236676 7.261861 -12.803245 -16.954811 5.870733 -26.859730 -9.813877 1.117909 10.936290 -0.903986 13.519261 -7.420167 -4.816133 0.869139 9.251921 -9.645250 8.051188 -11.873134 3.377901 -5.590790 15.599071 3.254815 0.156600
10.202600 -14.675029 11.994982 -16.387676 13.035281 -4.363333 11.259274 6.150236 7.313574 -12.722816 -17.010967 5.867898 -26.835758 -9.777399 1.129379 10.845010 -0.870852 13.543775 -7.424849 -4.868286 0.833181 9.385212 -9.535177 7.840739 -12.085536 3.165376 -5.840306 15.474108 3.102153 0.048638
10.276685 -14.646339 11.993869 -16.426218 13.082445 -4.423058 11.224019 6.086036 7.383810 -12.670284 -17.061621 5.862095 -26.761406 -9.761970 1.137669 10.786411 -0.855988 13.577877 -7.438777 -4.842207 0.790931 9.416600 -9.504181 7.587708 -12.409114 2.999211 -6.294613 15.237708 2.922821 -0.111949
10.310768 -14.614515 11.948862 -16.421312 13.148761 -4.469038 11.194145 6.031571 7.405973 -12.594687 -17.094110 5.850814 -26.780350 -9.744485 1.139449 10.726377 -0.852599 13.612733 -7.453099 -4.914650 0.826785 9.411901 -9.444527 7.458023 -12.493408 2.986104 -6.552696 15.138528 2.867054 -0.109984
10.366741 -14.591590 11.945437 -16.432190 13.203549 -4.527057 11.169038 5.954907 7.470519 -12.519218 -17.072813 5.853587 -26.800398 -9.756581 1.101400 10.768126 -0.918150 13.693101 -7.447654 -4.826455 0.878169 9.389841 -9.228861 7.170417 -12.764611 2.956969 -7.338509 14.718828 2.654793 -0.326127
10.390398 -14.590232 11.915381 -16.437830 13.249364 -4.561447 11.152205 5.864369 7.506708 -12.456806 -17.096361 5.849204 -26.750610 -9.783050 1.106872 10.768139 -0.937003 13.683479 -7.455796 -4.822241 0.904714 9.374244 -9.192570 7.043539 -12.837396 2.926692 -7.525970 14.656959 2.628153 -0.345579
10.398994 -14.587900 11.894553 -16.431561 13.278012 -4.589566 11.147118 5.807816 7.523713 -12.416269 -17.105721 5.849995 -26.728355 -9.794086 1.104621 10.778797 -0.946729 13.685843 -7.456920 -4.800888 0.916211 9.360234 -9.193579 6.971223 -12.912254 2.889796 -7.701997 14.558796 2.585174 -0.412171
10.403163 -14.585496 11.895216 -16.435129 13.276299 -4.591891 11.145578 5.809736 7.525348 -12.418344 -17.106054 5.850780 -26.716940 -9.796579 1.102790 10.789759 -0.952254 13.683082 -7.456033 -4.785847 0.916503 9.365590 -9.153633 6.935112 -12.932933 2.894717 -7.764166 14.536782 2.567733 -0.396196
10.398996 -14.582118 11.897798 -16.427687 13.277093 -4.590307 11.148584 5.813766 7.518681 -12.418385 -17.102119 5.845784 -26.723743 -9.795419 1.103865 10.782679 -0.949422 13.688750 -7.457436 -4.795797 0.918631 9.368422 -9.178644 6.960325 -12.925611 2.882202 -7.731892 14.543747 2.571530 -0.415918
10.388697 -14.580095 11.890444 -16.424345 13.280940 -4.579076 11.143787 5.840202 7.503087 -12.425843 -17.102373 5.844944 -26.727392 -9.790958 1.105610 10.774928 -0.944402 13.685334 -7.456121 -4.808240 0.925785 9.360506 -9.188291 6.963710 -12.920855 2.878667 -7.735742 14.536857 2.575839 -0.442391
10.380697 -14.589190 11.928246 -16.433874 13.252913 -4.568600 11.153543 5.877945 7.514356 -12.455298 -17.090532 5.840779 -26.741785 -9.780225 1.095469 10.788069 -0.963195 13.703784 -7.460639 -4.801891 0.915783 9.341965 -9.200142 6.951986 -12.950035 2.874656 -7.823676 14.468965 2.547520 -0.510404
10.368058 -14.618607 11.958941 -16.450375 13.220822 -4.559401 11.172052 5.870440 7.530859 -12.478826 -17.080965 5.847075 -26.753323 -9.766688 1.099807 10.796304 -0.941752 13.683339 -7.449734 -4.794578 0.932401 9.326202 -9.330514 7.070175 -12.910939 2.820384 -7.733630 14.451714 2.562737 -0.686983
10.335741 -14.661757 12.000054 -16.462597 13.171844 -4.544652 11.206284 5.871830 7.536407 -12.525330 -17.062817 5.853271 -26.741093 -9.773385 1.102894 10.836031 -0.937214 13.640203 -7.438490 -4.769231 0.882740 9.308911 -9.476801 7.246108 -12.864315 2.805655 -7.530491 14.471393 2.595286 -0.814940
10.309961 -14.673859 12.077937 -16.467684 13.127509 -4.523007 11.231480 5.904946 7.546943 -12.577641 -17.039366 5.869884 -26.746555 -9.782901 1.096375 10.889842 -0.947792 13.619240 -7.433422 -4.714550 0.877019 9.312613 -9.490191 7.319646 -12.915223 2.776455 -7.533576 14.407474 2.585254 -0.991091
10.272460 -14.685093 12.065385 -16.437620 13.110354 -4.482574 11.248419 5.944634 7.492153 -12.607876 -17.017817 5.880703 -26.785614 -9.774750 1.090121 10.910503 -0.947195 13.624805 -7.426195 -4.692244 0.861334 9.322914 -9.646894 7.580236 -12.988931 2.661499 -7.438175 14.268595 2.553635 -1.407480
10.209898 -14.722301 12.072509 -16.419554 13.064209 -4.429431 11.282446 5.987322 7.446091 -12.661735 -16.950993 5.893958 -26.808147 -9.794248 1.049066 11.040163 -1.031307 13.635823 -7.420472 -4.575637 0.831653 9.358674 -9.667402 7.792755 -13.065141 2.621498 -7.418813 14.125319 2.491337 -1.723932
10.179390 -14.765056 12.147799 -16.465406 12.983096 -4.351145 11.307193 6.093124 7.445127 -12.763542 -16.875479 5.884783 -26.926662 -9.802317 0.981671 11.112406 -1.133068 13.723421 -7.404876 -4.554990 0.800192 9.369792 -9.738399 7.992398 -13.153398 2.586086 -7.432022 13.967352 2.445201 -2.052344
10.154158 -14.811341 12.200894 -16.522699 12.895337 -4.268555 11.322702 6.229522 7.449786 -12.875154 -16.797005 5.879744 -27.049006 -9.830652 0.920062 11.221366 -1.250650 13.761119 -7.379607 -4.572217 0.747437 9.293028 -9.854802 8.252137 -13.196158 2.660247 -7.442258 13.778081 2.426213 -2.362644
10.116507 -14.908792 12.232408 -16.612993 12.803378 -4.152152 11.308067 6.415679 7.491898 -12.995892 -16.674736 5.867202 -27.284134 -9.917426 0.797116 11.398579 -1.476572 13.935946 -7.333076 -4.505288 0.835959 9.223642 -9.877390 8.301240 -13.247535 2.674576 -7.681232 13.589626 2.414625 -2.630237
10.118807 -15.010596 12.304279 -16.766840 12.703202 -4.033946 11.280939 6.573122 7.602356 -13.112887 -16.436934 5.788875 -27.674866 -10.026636 0.645931 11.680233 -1.747763 14.114922 -7.222121 -4.577606 0.797270 9.012547 -10.145857 8.577397 -13.199022 2.790910 -7.716117 13.401583 2.450869 -2.913269
10.081583 -15.126883 12.439540 -16.913057 12.584547 -3.903486 11.258765 6.781106 7.756019 -13.241044 -16.239914 5.706452 -28.154919 -10.095469 0.502758 11.838413 -1.968344 14.301335 -7.108495 -4.826398 0.873325 8.832637 -10.229181 8.593855 -13.115889 2.860761 -8.135988 13.173946 2.404089 -3.136859
10.129765 -15.143913 12.739406 -17.060511 12.337548 -3.774966 11.236584 7.210414 7.967806 -13.472445 -15.990140 5.624980 -28.734184 -10.194631 0.260467 12.087004 -2.308192 14.526265 -6.986934 -5.084403 0.942948 8.373427 -10.569969 8.721951 -12.779370 3.266195 -8.458098 12.969033 2.583938 -3.280736
0.793561 -25.572273 6.111337 -7.411662 20.091448 -0.231149 8.126484 17.919626 6.684981 -4.615831 -11.055052 2.162182 -25.730843 -14.501623 -4.761112 3.827174 2.275678 10.383176 -19.621832 -6.735910 3.059891 4.862422 -13.644346 14.070438 -8.378760 4.810982 -10.679810 9.950837 0.283670 -0.384699
0.464600 -25.849329 6.021446 -6.942678 19.787567 0.384237 8.264654 18.591099 6.202284 -4.948142 -10.415384 2.025882 -25.867508 -15.023680 -5.052789 4.478769 1.801617 9.677638 -19.821142 -7.319154 3.464212 4.539994 -13.665836 13.981014 -8.077262 5.110828 -11.207544 9.806762 0.508456 -0.756227
0.715041 -25.784353 5.987634 -6.272109 19.688126 0.752990 8.268468 19.325512 5.707099 -5.131752 -9.782122 1.914250 -25.913271 -15.382146 -5.215464 5.035860 1.512717 9.173446 -19.845161 -7.570990 3.872587 4.237298 -13.593912 13.844079 -7.752429 5.410050 -11.868525 9.639709 0.676404 -1.141556
0.898490 -25.706369 5.851145 -5.559889 19.771812 0.853539 8.337910 19.602131 5.158981 -5.166167 -9.121006 1.756241 -25.914009 -15.635707 -5.279154 5.530346 1.369864 8.713523 -19.800062 -7.806214 4.286666 3.964029 -13.531431 13.783817 -7.386410 5.665052 -12.520412 9.498262 0.811157 -1.606840
1.563700 -25.293955 5.469694 -4.744563 20.006493 0.757300 8.269196 20.113811 4.532936 -5.094537 -8.480597 1.546808 -25.747614 -15.849351 -5.323240 6.006834 1.222539 8.175888 -19.807020 -8.086941 4.680355 3.864486 -13.273876 13.487521 -7.120908 5.778287 -13.240354 9.403535 0.820627 -1.821339
2.527537 -22.357370 6.433161 -3.543247 20.616146 -0.031994 8.395240 19.972000 3.616791 -6.912507 -8.476056 1.288319 -24.224117 -10.872762 -0.760302 9.018123 1.221391 7.954610 -18.671675 -12.110568 6.567330 5.345352 -14.546532 12.194807 -5.702712 3.996036 -13.391728 10.107931 1.408082 -2.217017
3.324944 -20.772919 6.503391 -3.097132 20.923372 -0.815127 8.341987 20.193804 2.614818 -7.396218 -7.973966 0.381929 -23.383556 -10.498590 0.301516 9.538279 1.639944 7.548116 -18.586149 -12.770021 7.312523 5.354171 -14.486567 11.663371 -5.388033 3.293335 -13.836206 10.422408 1.513569 -2.270375
3.289352 -20.168919 6.179916 -2.572178 21.274942 -1.140903 8.503334 20.465239 1.766705 -7.665780 -7.840342 0.134504 -22.770538 -10.729946 0.470344 9.538428 1.852283 7.118882 -18.875013 -13.355905 7.809350 5.798039 -14.069309 11.409916 -5.265532 3.081167 -14.928321 10.018612 1.007371 -2.528071
3.070818 -19.765446 5.771068 -2.239386 21.832809 -1.412288 8.428585 20.624935 1.255275 -7.406877 -7.989266 -0.280042 -21.966108 -10.716728 0.939741 9.000520 2.374678 6.793417 -19.466650 -13.927057 8.137592 6.192257 -13.378074 10.937943 -5.407227 2.689269 -15.817452 9.947934 0.532697 -2.737813
2.320369 -19.466255 5.277685 -1.839225 22.323097 -1.724025 8.424314 20.462080 0.803459 -7.041780 -8.317432 -0.520179 -21.272285 -10.561589 1.426964 8.350081 2.889429 6.606605 -20.097269 -14.288448 8.372435 6.603463 -12.818098 10.513505 -5.570847 2.367023 -16.345356 9.975977 0.198493 -2.795809
1.410917 -19.350273 4.731803 -1.474031 22.787594 -1.966404 8.430092 20.116133 0.479242 -6.563161 -8.903272 -0.681957 -20.469864 -10.235519 1.978949 7.580286 3.638103 6.564294 -20.703751 -14.315527 8.548732 7.059296 -12.271523 10.119336 -5.742504 2.019865 -16.717669 10.034153 -0.140961 -2.701300
0.432028 -19.330217 4.239343 -1.116497 23.141277 -2.176631 8.480251 19.599297 0.170480 -6.144347 -9.474440 -0.723624 -19.692081 -9.975946 2.416819 7.077837 4.350783 6.262691 -21.152288 -14.293078 8.593902 7.445008 -11.918926 9.819529 -5.926916 1.667407 -16.916224 10.043312 -0.477023 -2.509099
-0.432214 -19.555712 4.064893 -0.855709 23.419834 -2.431115 8.691303 19.019962 -0.051207 -5.896287 -10.052790 -0.642787 -19.241486 -9.704953 2.723128 6.702579 4.907534 6.211921 -21.334352 -14.041466 8.674734 7.913510 -11.412674 9.371821 -6.177334 1.237523 -17.175587 10.072554 -0.857229 -2.132436
-1.500647 -20.027838 3.930899 -0.599741 23.633018 -2.717179 9.030528 18.162432 -0.278145 -5.696630 -10.635568 -0.517710 -18.619457 -9.347041 3.006830 6.564475 5.469848 5.987488 -21.341131 -13.614544 8.748199 8.275243 -11.017824 8.994282 -6.403810 0.922675 -17.386574 10.055252 -1.140518 -1.792204
-2.554736 -20.499674 3.823682 -0.292958 23.623734 -3.016717 9.469623 17.247459 -0.538824 -5.569481 -11.242449 -0.474434 -17.796669 -9.021371 3.321923 6.633904 6.121761 5.587756 -21.383532 -13.155554 8.702675 8.530195 -10.757136 8.773559 -6.610369 0.695448 -17.435827 10.030741 -1.335658 -1.472077
-3.700969 -20.934395 3.865331 0.136154 23.478741 -3.289522 9.972627 16.379629 -0.837494 -5.576014 -11.758346 -0.443652 -17.003521 -8.701715 3.733771 6.712119 6.755934 5.203352 -21.463949 -12.760424 8.727190 8.736204 -10.458630 8.385725 -6.834461 0.569646 -17.579437 10.015917 -1.459848 -0.994974
-4.675152 -21.502584 3.950830 0.448813 23.311378 -3.536466 10.497606 15.395585 -1.035571 -5.573280 -12.274258 -0.349354 -16.270655 -8.350598 4.102498 6.768333 7.345466 4.845066 -21.450804 -12.295067 8.630606 8.899652 -10.271511 8.149147 -7.066888 0.491179 -17.551710 9.971617 -1.540251 -0.456210
-5.396380 -21.798544 3.802629 0.681073 23.249805 -3.663050 10.822151 14.677928 -1.288089 -5.509189 -12.652732 -0.268813 -15.764537 -8.088181 4.392029 6.748731 7.770447 4.666157 -21.391371 -11.915860 8.732584 9.021447 -9.897078 7.703605 -7.250507 0.523223 -17.724007 9.952621 -1.513815 0.224715
-6.052423 -21.886105 3.454923 0.836214 23.290888 -3.733695 11.002188 14.057770 -1.594136 -5.388853 -12.955986 -0.134199 -15.312992 -7.921399 4.604865 6.804325 8.146117 4.439709 -21.350658 -11.464635 8.845341 9.158137 -9.467960 7.245189 -7.460612 0.558442 -17.896017 9.946630 -1.471632 0.934618
-6.634847 -21.900095 2.953424 0.965707 23.420729 -3.810721 11.120627 13.400019 -1.916020 -5.170776 -13.204952 -0.026138 -14.730527 -7.820746 4.860752 6.823025 8.585605 4.040447 -21.428576 -11.073874 8.993059 9.324131 -9.027281 6.863976 -7.659608 0.599775 -18.012993 9.945194 -1.417603 1.636083
-7.092758 -21.840796 2.384621 1.083537 23.687977 -3.893852 11.179277 12.906595 -2.284770 -4.915462 -13.312016 0.044408 -14.190217 -7.783347 5.104171 6.863188 8.988860 3.595332 -21.495983 -10.742311 9.118634 9.430238 -8.721207 6.571921 -7.804706 0.654692 -18.122173 9.939692 -1.363407 2.138919
-7.462905 -21.758184 1.839825 1.173260 23.974934 -3.966105 11.222553 12.470869 -2.620808 -4.657761 -13.377974 0.048565 -13.472479 -7.787762 5.411899 6.923152 9.487178 2.938199 -21.703394 -10.534537 9.217896 9.541880 -8.431126 6.310318 -7.951377 0.689383 -18.244619 9.921933 -1.352859 2.619553
-7.731756 -21.664728 1.344380 1.213620 24.254335 -4.016111 11.228643 12.088446 -2.894997 -4.411966 -13.399188 0.027037 -12.856938 -7.810800 5.677831 6.946168 9.908264 2.355233 -21.908697 -10.420256 9.310266 9.649896 -8.180357 6.114377 -8.075973 0.717432 -18.329914 9.908789 -1.347593 3.031644
-7.880195 -21.585386 0.988161 1.233345 24.453579 -4.063505 11.201374 11.830700 -3.064190 -4.247169 -13.444339 0.038634 -12.410413 -7.810550 5.894015 6.918485 10.264713 1.956890 -22.015575 -10.276911 9.372074 9.720325 -8.010973 5.981180 -8.144547 0.744856 -18.379364 9.903181 -1.330213 3.304792
-7.985010 -21.523502 0.774031 1.253168 24.572161 -4.074705 11.187281 11.705645 -3.188394 -4.155502 -13.449244 0.035796 -12.199237 -7.814775 5.974902 6.935133 10.402997 1.764931 -22.057501 -10.219236 9.367984 9.747666 -7.984533 5.984989 -8.175372 0.738703 -18.352898 9.898894 -1.339392 3.388940
-8.068070 -21.502794 0.661464 1.282840 24.643885 -4.076148 11.190938 11.657272 -3.283076 -4.116869 -13.446922 0.030075 -12.080016 -7.825624 6.022295 6.955644 10.477469 1.649360 -22.101774 -10.197858 9.392977 9.756551 -7.937946 5.932906 -8.186255 0.751807 -18.393749 9.894739 -1.334471 3.448377
