7.490363 -5.900334 5.529712 -13.303774 12.439437 -7.719050 17.054167 3.406397 -6.467939 -15.974949 -13.719493 2.430998 -20.551798 -6.687455 3.068859 6.151856 7.114968 10.812531 -17.734152 -5.594670 0.895510 8.222352 -7.264517 7.171604 -14.592441 9.230257 -3.529932 15.160710 8.062144 -0.639338
7.583320 -5.836328 5.839454 -13.557686 12.380328 -7.763224 16.933800 3.510677 -6.143831 -16.079868 -13.669386 2.550513 -20.919786 -6.701088 2.864871 6.235070 6.792035 11.223146 -17.594986 -5.344517 0.838301 8.150350 -7.412585 7.208780 -14.548398 9.261336 -3.276606 15.278819 8.164230 -0.511204
7.634531 -5.852563 6.411768 -13.976322 12.232113 -7.813185 16.832245 3.706037 -5.611231 -16.281351 -13.662381 2.684154 -21.496460 -6.685516 2.493641 6.179829 6.138201 11.915621 -17.472689 -5.262159 0.750772 7.824762 -8.012479 7.580053 -14.232736 9.343858 -2.823823 15.362078 8.349519 -0.632475
7.662306 -5.810800 7.147531 -14.478093 11.889197 -7.915959 16.850983 3.985073 -4.970922 -16.559986 -13.715199 2.731975 -22.341185 -6.648499 2.007791 6.081903 5.248776 12.999749 -17.209839 -5.302789 0.694123 7.512378 -8.536458 7.968444 -13.943267 9.438360 -2.552446 15.345474 8.444789 -0.820791
8.267152 -5.741676 7.272087 -15.105709 11.713182 -7.876187 16.467251 4.499381 -4.365537 -16.730295 -13.761713 2.751105 -23.234894 -6.550027 1.620575 5.973379 4.577659 13.858827 -16.964739 -5.597236 0.535964 7.202856 -9.073122 8.615453 -13.709632 9.540562 -2.555212 15.073521 8.374322 -1.550326
9.072318 -5.694142 7.439047 -15.630564 11.438926 -7.669998 16.082319 4.926480 -3.733045 -16.798344 -13.786957 2.655504 -24.319672 -6.474122 1.220401 5.695581 3.882306 14.803597 -16.627592 -6.342919 0.146069 6.928566 -9.798290 9.481712 -13.723185 9.512830 -2.580237 14.482680 8.104949 -2.543017
9.254023 -6.044713 8.025630 -15.740101 10.978408 -7.430233 16.122398 5.595462 -3.327321 -17.076780 -13.650476 2.523555 -25.057987 -6.479196 0.939467 5.718238 3.411107 15.201549 -16.396584 -7.002318 -0.208479 6.598583 -10.522035 10.180301 -13.757042 9.520678 -2.820599 13.801114 7.833175 -3.480670
9.294350 -6.118062 8.799562 -15.734186 10.522992 -7.137731 16.268465 6.263133 -3.153990 -17.447008 -13.396761 2.463018 -25.756912 -6.536804 0.605146 5.827153 2.994495 15.315443 -16.189354 -7.694852 -0.382670 6.356006 -11.062348 10.638827 -13.781578 9.571322 -2.979754 13.290813 7.706530 -4.049012
9.276087 -6.122685 9.371268 -15.692661 10.173686 -6.962164 16.470867 6.618278 -3.108954 -17.683199 -13.116030 2.511547 -26.233215 -6.690195 0.259873 6.081508 2.541214 15.210645 -16.043165 -8.091614 -0.508996 6.171403 -11.499448 10.823351 -13.817871 9.528939 -3.175571 12.891869 7.570458 -4.378768
9.313847 -6.070870 9.763138 -15.728594 10.014679 -6.893778 16.520538 6.719345 -2.974301 -17.753874 -13.022708 2.545854 -26.377998 -6.726097 0.056946 6.282528 2.245381 15.073630 -16.002396 -8.337976 -0.552037 6.039634 -11.756237 10.877179 -13.779655 9.541686 -3.250298 12.725029 7.541787 -4.467536
9.283495 -6.044683 9.979863 -15.725123 9.928656 -6.838704 16.581982 6.763231 -2.955496 -17.808136 -12.963793 2.587901 -26.479958 -6.779850 -0.036527 6.338799 2.134615 15.016916 -15.979882 -8.394472 -0.568208 5.976900 -11.858519 10.876221 -13.749182 9.554078 -3.269351 12.683801 7.548054 -4.492736
9.396586 -5.945734 11.041496 -15.653203 9.348528 -6.688425 16.901379 7.178352 -2.812222 -18.166580 -12.594993 2.748026 -27.076151 -6.977885 -0.563055 6.772102 1.498356 14.802207 -15.843625 -8.719156 -0.541818 5.665090 -12.281648 10.853609 -13.582072 9.651449 -3.447422 12.506792 7.619717 -4.591991
9.342245 -6.440783 12.563319 -15.177419 8.125016 -6.772670 17.680838 7.986448 -2.519870 -18.748816 -11.996078 3.628068 -28.068344 -7.597996 -1.656125 7.694799 0.301016 14.059774 -15.681163 -8.542679 -0.643158 4.785125 -13.445463 10.825351 -13.018376 10.125340 -3.118626 12.552635 8.182751 -4.447958
10.343106 -7.493382 12.848148 -15.481932 6.890946 -6.837790 17.722691 9.306339 -1.985812 -19.817093 -11.137136 4.605737 -29.031261 -8.616824 -2.715183 8.085608 -0.698556 13.279809 -16.087442 -8.013611 -0.969922 3.431022 -15.163044 10.871715 -11.875395 10.986187 -1.947238 13.234550 9.337436 -4.033882
12.096601 -10.693722 10.096801 -16.003048 4.618065 -8.772514 17.647215 12.356318 -1.278149 -21.605608 -10.689870 2.853410 -29.012613 -6.913617 -3.712662 11.274145 -2.636983 13.607873 -15.108705 -10.957977 -1.612940 2.003965 -17.147318 11.406466 -10.173386 11.501687 -2.378604 12.984349 8.893138 -3.246525
9.918297 -12.341306 8.457551 -15.454388 6.089711 -11.081593 15.531750 15.252228 1.051501 -20.455580 -10.667453 0.970761 -29.902727 -4.225812 -4.047153 15.055223 -2.888919 13.031745 -12.667920 -15.022284 -3.289552 0.367419 -20.066994 12.677796 -9.129293 11.842669 -4.041061 10.930386 7.038546 -2.496266
9.291224 -11.085031 11.663544 -13.085316 7.884205 -10.772594 13.182442 18.823460 1.670082 -20.331829 -10.402507 0.136765 -31.502836 -3.603718 -3.718461 15.753249 -2.383243 12.307954 -11.231908 -18.551422 -4.315645 -0.503389 -21.688618 14.306233 -8.922978 12.447676 -6.528084 7.979793 4.983497 -3.261149
8.399975 -10.065624 16.258709 -11.084796 8.896478 -11.521235 13.060592 22.804754 2.562878 -19.831789 -9.993711 -0.274522 -31.811262 -4.848860 -3.486321 15.884888 -3.550574 11.260403 -11.104362 -21.307768 -5.061181 -0.462459 -22.976574 15.704072 -9.753090 12.098372 -7.591440 5.580202 3.371944 -4.253534
6.198683 -9.341654 19.117393 -9.200878 8.579346 -13.406098 14.935646 24.207600 3.231040 -18.584421 -9.945655 -0.621456 -31.284645 -5.755333 -3.557022 16.325056 -4.803053 10.684600 -11.214234 -22.443533 -5.449869 -0.262630 -23.405504 16.083199 -9.935691 11.531132 -8.487710 4.665342 2.219903 -4.724219
4.897851 -9.465418 19.517895 -8.534954 8.222363 -13.685892 15.926254 24.196178 3.172094 -18.061159 -9.944336 -0.710715 -30.692247 -6.501801 -3.788213 16.821167 -5.870725 10.164556 -11.385131 -22.840866 -5.561161 -0.505907 -23.837233 16.161119 -9.518323 11.348220 -8.868364 4.545278 1.921207 -4.960106
4.791605 -9.394136 19.602932 -8.434648 8.170355 -13.828369 16.055836 24.268551 3.124623 -18.075497 -9.939198 -0.725288 -30.715748 -6.543163 -3.778738 16.804527 -5.875500 10.105382 -11.371923 -22.950409 -5.566431 -0.531639 -23.887794 16.213366 -9.453239 11.320354 -8.881490 4.550974 1.882327 -5.020864
5.073617 -9.157953 19.685230 -8.388664 8.320872 -13.990097 15.873495 24.573095 3.070150 -18.204981 -9.941176 -0.762917 -30.789270 -6.354886 -3.579260 16.715878 -5.449348 9.993516 -11.296886 -23.033020 -5.485147 -0.365999 -23.751268 16.304890 -9.641673 11.264714 -8.923229 4.415696 1.814932 -5.138678
5.318211 -8.986567 19.630095 -8.197161 8.765038 -13.970759 15.497776 24.873253 2.882282 -18.318247 -9.873185 -0.671033 -31.125660 -6.086409 -3.426304 16.590639 -4.937500 9.817950 -11.238975 -23.159184 -5.386751 -0.246853 -23.722363 16.475288 -9.691601 11.126101 -9.043721 4.290836 1.693670 -5.392598
5.933446 -9.193945 19.007505 -8.126534 9.081563 -13.516621 14.920450 25.125853 2.650935 -18.542070 -10.030966 -0.407536 -31.383066 -5.583414 -3.382581 16.997375 -4.451003 9.292588 -11.028206 -23.130968 -5.415642 -0.311113 -24.047705 16.759109 -9.602614 10.967422 -8.875773 4.186617 1.662543 -5.499835
6.691362 -9.725319 17.388615 -8.454535 9.282898 -12.721523 14.151420 25.199257 2.147676 -18.828535 -10.308674 0.027344 -31.535820 -5.340078 -3.667350 17.500267 -4.475432 8.569851 -10.687790 -23.122576 -5.180907 -0.513901 -24.155333 16.689676 -9.141934 10.953650 -8.819453 4.475172 1.838192 -5.256047
7.215168 -10.953974 15.433587 -9.192480 9.233097 -11.636873 13.230701 25.320108 2.005921 -19.237137 -10.904249 0.581128 -31.428844 -5.235958 -4.235249 18.598888 -5.380614 8.140697 -10.101863 -22.783443 -4.994177 -1.059261 -24.457283 16.799540 -8.003857 11.325694 -8.337079 5.268975 2.357924 -4.932654
7.851224 -13.046505 13.011885 -10.640936 8.656869 -10.084574 12.689184 25.585749 1.994836 -19.925596 -11.319974 1.270001 -31.334061 -5.503993 -5.191390 19.946802 -7.153329 7.968361 -9.703208 -22.020611 -4.597074 -1.461649 -24.537741 16.781940 -6.773274 11.652999 -7.712009 6.264735 2.917157 -4.060971
8.353251 -14.579639 11.258268 -11.831768 8.259806 -9.077637 12.262061 25.704075 2.265294 -20.272402 -11.480953 1.576482 -30.892775 -5.733434 -6.063833 20.947701 -8.848157 7.984572 -9.989224 -21.535223 -4.427780 -1.908641 -24.846022 16.748419 -6.110528 12.051933 -7.063390 6.913148 3.504178 -3.286199
8.710609 -15.507239 10.517352 -12.375843 7.758074 -8.480598 12.335869 25.652040 2.460552 -20.399351 -11.738053 1.774540 -30.639956 -5.894656 -6.546907 21.468513 -9.830989 8.121048 -10.034184 -21.025829 -4.280425 -2.214842 -25.030563 16.678911 -5.617983 12.330787 -6.757064 7.341974 3.844008 -2.702780
8.815078 -15.927826 10.193457 -12.548199 7.533962 -8.143166 12.428064 25.640507 2.392868 -20.506922 -11.825502 1.920637 -30.692169 -5.985335 -6.714952 21.630802 -9.985803 8.010111 -9.930226 -20.888350 -4.300941 -2.397111 -25.171124 16.520201 -5.429396 12.418919 -6.694807 7.559125 3.944683 -2.372333
8.795228 -15.994072 10.186548 -12.574047 7.516006 -8.064864 12.454639 25.610329 2.381630 -20.503317 -11.844887 1.941300 -30.690588 -5.982868 -6.731613 21.666103 -9.994924 8.024811 -9.916949 -20.801529 -4.300487 -2.426910 -25.196325 16.514191 -5.406656 12.439008 -6.701727 7.559890 3.961733 -2.373761
8.795228 -15.994072 10.186548 -12.574047 7.516006 -8.064864 12.454639 25.610329 2.381630 -20.503317 -11.844887 1.941300 -30.690588 -5.982868 -6.731613 21.666103 -9.994924 8.024811 -9.916949 -20.801529 -4.300487 -2.426910 -25.196325 16.514191 -5.406656 12.439008 -6.701727 7.559890 3.961733 -2.373761
8.795228 -15.994072 10.186548 -12.574047 7.516006 -8.064864 12.454639 25.610329 2.381630 -20.503317 -11.844887 1.941300 -30.690588 -5.982868 -6.731613 21.666103 -9.994924 8.024811 -9.916949 -20.801529 -4.300487 -2.426910 -25.196325 16.514191 -5.406656 12.439008 -6.701727 7.559890 3.961733 -2.373761
8.795228 -15.994072 10.186548 -12.574047 7.516006 -8.064864 12.454639 25.610329 2.381630 -20.503317 -11.844887 1.941300 -30.690588 -5.982868 -6.731613 21.666103 -9.994924 8.024811 -9.916949 -20.801529 -4.300487 -2.426910 -25.196325 16.514191 -5.406656 12.439008 -6.701727 7.559890 3.961733 -2.373761
8.795228 -15.994072 10.186548 -12.574047 7.516006 -8.064864 12.454639 25.610329 2.381630 -20.503317 -11.844887 1.941300 -30.690588 -5.982868 -6.731613 21.666103 -9.994924 8.024811 -9.916949 -20.801529 -4.300487 -2.426910 -25.196325 16.514191 -5.406656 12.439008 -6.701727 7.559890 3.961733 -2.373761
8.796042 -15.992130 10.190713 -12.573539 7.516358 -8.062616 12.452948 25.611416 2.382865 -20.505613 -11.844799 1.944637 -30.690104 -5.979762 -6.723380 21.665184 -9.997225 8.023100 -9.918181 -20.802746 -4.300387 -2.427922 -25.196718 16.515570 -5.407438 12.438893 -6.700318 7.558774 3.960933 -2.375278
8.795665 -15.992102 10.191842 -12.573090 7.516715 -8.062361 12.452844 25.610653 2.383681 -20.506687 -11.847101 1.961504 -30.693680 -5.972284 -6.718279 21.662895 -9.996642 8.017522 -9.918003 -20.812656 -4.300186 -2.427121 -25.197081 16.515505 -5.407328 12.438903 -6.700141 7.558411 3.960835 -2.375810
13.001141 -13.806751 7.780290 -13.796907 3.700398 -2.571104 14.866663 20.248466 -4.096536 -23.117207 -6.292809 2.283030 -32.491287 -16.486784 -9.240970 9.128149 -4.634964 10.872414 -17.001617 -10.872937 0.180333 -1.304743 -17.252783 14.107003 -9.881550 12.137282 -3.798787 11.966786 9.911077 -8.186273
13.001141 -13.806751 7.780290 -13.796907 3.700398 -2.571104 14.866663 20.248466 -4.096536 -23.117207 -6.292809 2.283030 -32.491287 -16.486784 -9.240970 9.128149 -4.634964 10.872414 -17.001617 -10.872937 0.180333 -1.304743 -17.252783 14.107003 -9.881550 12.137282 -3.798787 11.966786 9.911077 -8.186273
13.001141 -13.806751 7.780290 -13.796907 3.700398 -2.571104 14.866663 20.248466 -4.096536 -23.117207 -6.292809 2.283030 -32.491287 -16.486784 -9.240970 9.128149 -4.634964 10.872414 -17.001617 -10.872937 0.180333 -1.304743 -17.252783 14.107003 -9.881550 12.137282 -3.798787 11.966786 9.911077 -8.186273
11.148046 -13.207911 9.090028 -13.087046 4.841191 -2.556906 14.339459 19.996876 -3.202195 -23.936081 -6.355282 2.920691 -31.760948 -12.012336 -5.429530 11.376063 -6.016023 11.106307 -16.524801 -13.988447 0.115081 0.189243 -18.548061 12.582014 -8.476390 12.227872 -4.218576 12.367725 9.764084 -7.655482
11.119022 -13.537436 8.745011 -12.908745 5.132533 -2.096916 14.278856 20.045502 -3.278430 -23.873728 -6.362619 2.896456 -31.786381 -12.024218 -5.475533 11.423702 -5.783555 11.149461 -16.436665 -14.137843 0.326079 0.386238 -18.462423 12.626894 -8.607646 12.251334 -4.313931 12.141279 9.762218 -7.709993
11.138523 -13.554034 8.732969 -12.892036 5.121974 -2.108843 14.270516 20.045252 -3.287514 -23.885576 -6.328235 2.903193 -31.805395 -12.008605 -5.413851 11.405822 -5.759528 11.143458 -16.438614 -14.112063 0.322368 0.374014 -18.461733 12.631406 -8.607968 12.250490 -4.316825 12.143698 9.762208 -7.706357
11.146549 -13.550598 8.721533 -12.899214 5.126158 -2.106337 14.267262 20.042837 -3.291356 -23.884493 -6.328268 2.903599 -31.806347 -12.009568 -5.413407 11.406642 -5.760178 11.143268 -16.436472 -14.112560 0.323251 0.373727 -18.461895 12.632191 -8.607128 12.250322 -4.316973 12.143799 9.762286 -7.706539
11.146787 -13.546996 8.698570 -12.913937 5.126574 -2.112780 14.284492 20.048094 -3.300277 -23.855097 -6.339602 2.859620 -31.791777 -12.045346 -5.481712 11.419985 -5.744762 11.164658 -16.428993 -14.099541 0.332633 0.373644 -18.447676 12.629404 -8.613637 12.262025 -4.321381 12.133821 9.770104 -7.682609
11.129010 -13.536528 8.708845 -12.923038 5.130568 -2.102298 14.291689 20.046150 -3.296822 -23.848274 -6.356605 2.858493 -31.782661 -12.049443 -5.509237 11.430173 -5.764966 11.168208 -16.428387 -14.111883 0.318822 0.370652 -18.451677 12.631609 -8.612824 12.245719 -4.319988 12.148245 9.758774 -7.702676
11.129010 -13.536528 8.708845 -12.923038 5.130568 -2.102298 14.291689 20.046150 -3.296822 -23.848274 -6.356605 2.858493 -31.782661 -12.049443 -5.509237 11.430173 -5.764966 11.168208 -16.428387 -14.111883 0.318822 0.370652 -18.451677 12.631609 -8.612824 12.245719 -4.319988 12.148245 9.758774 -7.702676
11.135614 -13.537721 8.699454 -12.926121 5.131684 -2.106569 14.293007 20.049255 -3.298727 -23.843658 -6.341986 2.853976 -31.790098 -12.048299 -5.491003 11.424038 -5.748256 11.166785 -16.428431 -14.095039 0.327664 0.371228 -18.447222 12.634718 -8.614343 12.257392 -4.318784 12.138247 9.765950 -7.691227
11.135614 -13.537721 8.699454 -12.926121 5.131684 -2.106569 14.293007 20.049255 -3.298727 -23.843658 -6.341761 2.853960 -31.790150 -12.048276 -5.490818 11.423804 -5.747718 11.166642 -16.428453 -14.094973 0.327481 0.370811 -18.447109 12.634918 -8.614158 12.257447 -4.319063 12.138432 9.766088 -7.691288
11.147458 -13.543987 8.701226 -12.915695 5.129735 -2.114566 14.282159 20.046953 -3.296235 -23.856956 -6.339088 2.856301 -31.791895 -12.045997 -5.484707 11.420714 -5.742867 11.165380 -16.428331 -14.096079 0.330648 0.379141 -18.449539 12.625284 -8.611666 12.258238 -4.318946 12.136721 9.766633 -7.684426
