-7.131586 -18.197063 1.425271 -6.372494 27.606438 -7.525988 6.328639 1.922599 -4.024732 6.883676 -21.590006 3.174311 -11.528424 -11.075573 17.252563 10.925107 7.727606 -10.180230 -8.122317 13.553113 8.605881 4.693093 -2.133670 9.008845 -17.702391 -6.599918 -10.154557 11.885964 -8.597705 10.525137
-7.334110 -18.200993 1.377669 -6.568809 27.672043 -7.582909 6.205800 1.714497 -3.915428 6.886393 -21.758816 3.302817 -11.708054 -10.882344 17.178715 10.848164 7.879721 -10.190234 -8.021354 13.472146 8.529850 4.715583 -2.264567 8.905286 -17.800602 -6.660748 -10.054738 11.894671 -8.594306 10.638721
-7.540777 -18.198587 1.258282 -6.808730 27.805696 -7.671575 5.931078 1.408795 -3.781924 6.884917 -22.004448 3.467730 -11.956000 -10.625949 17.087791 10.674715 8.154738 -10.189897 -7.880995 13.455183 8.418687 4.823321 -2.451129 8.833497 -18.014133 -6.758421 -9.881646 11.812605 -8.630243 10.703772
-7.776844 -18.232836 0.995124 -7.080449 28.006973 -7.742724 5.571239 1.017317 -3.665237 6.899403 -22.287643 3.639630 -12.078317 -10.343037 17.076002 10.491860 8.586894 -10.174342 -7.747201 13.532490 8.286191 4.828232 -2.722445 8.684196 -18.218851 -6.808782 -9.629899 11.817675 -8.556572 10.902575
-8.141871 -18.427946 0.566440 -7.413193 28.197569 -7.839480 5.127172 0.535243 -3.529563 6.766654 -22.551796 3.940203 -12.354704 -10.011819 17.104076 10.342443 9.161925 -10.206801 -7.518607 13.859385 8.106733 4.895643 -3.016896 8.474095 -18.481764 -6.920275 -9.397426 11.813641 -8.554790 11.122919
-8.520141 -18.613199 0.068055 -7.841580 28.194464 -8.057912 4.710112 0.167466 -3.441658 6.519018 -22.752951 4.384472 -12.791118 -9.603781 17.223129 10.195223 9.703517 -10.332726 -7.240623 14.200803 8.010102 5.043429 -3.263988 8.275556 -18.749704 -7.070181 -9.227560 11.747943 -8.624595 11.273563
-9.030615 -18.847353 -0.290672 -8.276797 28.105148 -8.332921 4.277995 0.035505 -3.321984 6.090193 -23.159134 4.747586 -13.029431 -9.014484 17.289982 10.146547 10.673481 -10.542273 -6.881474 14.777969 7.847634 5.027956 -3.640230 8.185612 -19.023363 -7.148351 -8.938302 11.691536 -8.570753 11.481396
-9.850431 -18.780222 -0.271622 -8.495192 27.922768 -8.971539 3.840216 -0.133399 -3.210631 5.459294 -23.420147 5.188394 -13.374859 -8.569641 17.459158 10.071492 11.068124 -10.619915 -6.535698 15.294628 7.605875 4.982451 -4.157483 7.970095 -19.332954 -7.296128 -8.646207 11.669842 -8.555903 11.701794
-10.504763 -18.724127 -0.071690 -8.491065 27.779181 -9.414330 3.312825 -0.157775 -3.015073 4.683292 -23.767448 5.672304 -13.898778 -8.059935 17.515549 9.874865 11.579873 -10.582706 -6.169986 15.746480 7.400842 4.865420 -4.594189 7.778314 -19.500595 -7.370865 -8.402240 11.697777 -8.473825 11.920725
-10.913349 -18.677740 0.210401 -8.726941 27.686327 -9.602658 2.653025 -0.218458 -2.588480 3.910151 -24.274689 6.180438 -14.503648 -7.467150 17.510395 9.627939 11.925838 -10.297584 -5.744839 16.065456 7.168411 4.648740 -5.194814 7.499686 -19.696674 -7.469755 -8.225595 11.636486 -8.366607 12.186706
-11.102994 -18.640066 0.356093 -9.057326 27.722277 -9.648451 1.905144 -0.147704 -2.180847 3.202954 -24.833122 6.702422 -15.021357 -7.044718 17.409981 9.356220 11.967146 -9.944837 -5.369581 16.414949 6.984148 4.505382 -5.827820 7.199047 -19.946209 -7.573019 -8.096672 11.466576 -8.252289 12.320303
-11.238337 -18.605539 0.248294 -9.612738 27.893066 -9.636089 1.241361 0.049707 -1.937046 2.740701 -25.082520 7.081971 -15.555854 -6.947343 17.294399 9.138142 11.892480 -9.629161 -5.122369 16.756220 6.704251 4.226510 -6.218486 6.852965 -20.094807 -7.637843 -8.002876 11.503501 -8.171550 12.499660
-11.012300 -18.770985 -0.188925 -10.217613 28.107199 -9.336869 0.502616 0.425290 -1.639264 2.378343 -25.681532 7.450776 -16.112072 -6.635219 16.986664 8.851110 11.718643 -8.912112 -4.802958 17.158169 6.542423 3.869277 -6.653210 6.526554 -20.164337 -7.578929 -7.934224 11.512333 -7.992486 12.649166
-10.757664 -18.925087 -0.685456 -10.867741 28.213856 -9.129822 -0.310781 0.805771 -1.343989 1.949142 -25.901337 7.618983 -16.565136 -6.600806 16.751343 8.628770 11.528358 -8.381205 -4.639617 17.348835 6.441633 3.665021 -7.142550 6.231666 -20.298992 -7.585831 -7.808446 11.433545 -7.853189 12.804266
-10.500530 -19.155977 -1.012392 -11.428375 28.245823 -8.852819 -0.758579 1.308414 -1.129570 1.678550 -26.175177 7.765692 -17.013748 -6.501032 16.455866 8.404227 11.205261 -7.862689 -4.494658 17.506710 6.398028 3.475430 -7.499352 6.008925 -20.371498 -7.499910 -7.689125 11.369905 -7.671772 13.028511
-10.353305 -19.311268 -1.291994 -11.731447 28.250139 -8.665360 -1.140387 1.731953 -1.001312 1.369623 -26.548241 7.898697 -17.353142 -6.403342 16.146538 8.078437 10.942849 -7.325777 -4.387275 17.502571 6.292139 3.202266 -7.822184 5.852270 -20.391375 -7.407692 -7.569394 11.382689 -7.525908 13.301773
-10.228055 -19.396795 -1.652034 -11.977799 28.330280 -8.531412 -1.597075 2.108202 -0.944577 1.087845 -26.731972 7.943635 -17.588108 -6.479499 15.903644 7.896558 10.716269 -6.862877 -4.292386 17.549179 6.249136 3.038179 -8.126342 5.697956 -20.456688 -7.362945 -7.455037 11.333156 -7.429897 13.470158
-10.136985 -19.480721 -1.736571 -12.027412 28.338364 -8.313537 -1.738367 2.352181 -0.936690 0.948823 -26.775343 7.992635 -17.800987 -6.472496 15.825459 7.832207 10.568496 -6.619802 -4.206450 17.577141 6.213459 2.885967 -8.292894 5.647678 -20.487837 -7.286229 -7.358065 11.307078 -7.339668 13.564626
-10.072785 -19.561819 -1.833759 -12.093424 28.327927 -8.181088 -1.832363 2.512619 -0.912933 0.840937 -26.801334 8.047889 -17.908138 -6.495472 15.756593 7.783401 10.403674 -6.459144 -4.178154 17.603016 6.186335 2.756284 -8.396976 5.596360 -20.480642 -7.234427 -7.352107 11.301216 -7.292995 13.623482
-10.029075 -19.578087 -1.838560 -12.099976 28.330971 -8.156389 -1.868561 2.566288 -0.900346 0.800717 -26.813683 8.065512 -17.984110 -6.495585 15.729156 7.753137 10.369806 -6.405236 -4.145341 17.621876 6.168699 2.758973 -8.455523 5.586133 -20.504482 -7.234272 -7.317775 11.274609 -7.294882 13.644510
-9.991983 -19.442928 -1.994919 -12.035347 28.516779 -8.289732 -1.904402 2.438315 -1.025082 0.964373 -26.928438 7.990747 -17.687990 -6.518229 15.698180 7.764696 10.362761 -6.472346 -4.262910 17.601639 6.299066 2.916471 -8.329586 5.510368 -20.485111 -7.252095 -7.477475 11.208701 -7.353593 13.497093
-9.855766 -19.095453 -2.274428 -11.800956 28.911318 -8.636029 -1.839541 2.082289 -1.294446 1.403834 -27.252190 7.859367 -16.909437 -6.517437 15.646035 7.836542 10.476928 -6.760547 -4.541947 17.672874 6.574746 3.343313 -8.035991 5.417933 -20.426023 -7.325724 -7.867647 11.014449 -7.564378 13.052983
-9.590239 -18.430161 -2.572809 -11.256013 29.487057 -9.296626 -1.395259 1.422397 -1.766315 2.324733 -27.280975 7.583300 -15.605719 -6.873520 15.848781 8.061844 10.405377 -7.305836 -5.104463 17.738504 7.090001 4.082431 -7.376999 5.419710 -20.331411 -7.325704 -8.480028 10.659686 -7.879088 12.305426
-9.119925 -16.877171 -3.224506 -10.571648 30.854992 -10.431929 -0.676349 0.765392 -2.246603 3.882127 -27.359558 7.178305 -13.721838 -7.346413 16.320221 8.167976 10.377811 -7.662786 -5.780440 17.870071 7.718199 5.088620 -6.609947 5.629889 -20.264774 -7.253188 -9.172429 9.936165 -8.360803 11.428102
-8.740933 -15.769941 -3.528114 -9.604633 31.647043 -10.620350 0.518553 0.473106 -3.124726 5.235746 -26.747169 6.577318 -11.645307 -8.237243 17.141363 8.478016 10.401980 -8.179815 -6.589616 18.249149 8.620590 6.662903 -5.464314 6.089434 -19.923317 -6.912564 -9.977798 9.000320 -8.851025 10.403778
-7.989207 -13.849165 -3.955454 -9.038158 33.110153 -11.430323 2.098778 0.351882 -3.643681 7.658414 -25.930349 5.535216 -9.309260 -9.644421 18.021023 8.479736 9.813245 -7.757670 -7.658829 18.711758 9.467799 8.206756 -4.345170 6.733481 -19.491928 -6.531738 -10.773133 8.054094 -9.319937 9.538909
-7.563614 -12.136125 -4.093733 -7.992624 34.427742 -13.867723 4.576665 0.257918 -3.759329 10.595949 -25.316542 4.849089 -7.027006 -10.595970 19.032843 8.739259 7.767006 -7.831158 -8.953187 18.685074 10.815525 9.793975 -3.698241 7.682581 -18.723988 -5.140218 -12.115056 6.421551 -9.055120 9.058546
-7.282395 -9.769387 -3.928650 -7.919102 35.676079 -13.408284 8.408221 0.504883 -3.163149 13.289863 -26.261421 4.871561 -3.862626 -11.231341 20.100262 9.344992 1.850515 -6.054595 -10.684484 16.415178 12.861004 12.513209 -3.916302 8.503101 -17.073563 -2.619399 -13.111690 4.702507 -7.720861 9.329109
-4.117377 -6.818113 -3.590437 -8.601088 36.752991 -14.059278 11.255959 1.480446 -1.860294 16.542559 -27.288343 4.161644 -0.880896 -12.449965 20.753330 9.145863 -2.892494 -3.664852 -12.071617 13.929499 13.884044 15.258641 -4.501746 10.174628 -15.021339 -0.682373 -13.138986 3.218346 -7.124666 7.631144
-0.659257 -5.327025 -3.476178 -8.533575 37.036831 -14.441305 12.992689 3.062975 -1.064307 17.910219 -26.528755 2.733994 1.011166 -13.913995 22.516228 7.846605 -4.870842 -1.631297 -13.131611 12.316631 14.187147 16.570385 -3.900052 12.831572 -14.623618 0.233550 -12.628894 1.165604 -7.279620 5.370752
3.165585 -5.524156 -3.306962 -6.692635 36.842525 -15.634110 14.878900 3.424317 -0.655123 18.144934 -25.378345 1.843389 2.016335 -14.937655 24.918610 6.083024 -4.590401 -0.462315 -13.887958 11.175243 14.137126 17.482580 -2.606825 15.473341 -14.257339 0.401762 -12.235716 0.359735 -7.688252 2.960957
5.948808 -6.002054 -3.112786 -5.994753 35.911133 -15.898376 16.988277 3.978095 0.000708 18.791868 -23.343445 1.440558 1.374006 -15.904471 27.112009 4.583433 -3.757997 0.068693 -14.196745 10.093823 13.948946 18.028891 -0.801103 17.005857 -13.364877 0.357393 -12.414782 1.317662 -7.607943 1.941518
9.346745 -6.773146 -1.833671 -4.752542 34.914124 -16.022333 18.348278 4.936793 0.657415 19.057276 -21.707872 1.662755 0.535572 -16.737850 29.209583 3.048488 -4.010793 1.020590 -14.522531 9.877952 13.337121 17.798033 0.612065 18.188501 -12.573091 0.047215 -12.662511 2.433442 -7.582690 1.342784
11.482912 -7.930728 -0.310278 -3.535256 33.564411 -16.233822 20.216469 5.155184 1.057325 19.331526 -20.581835 1.299053 0.088159 -18.101803 30.383057 1.331081 -3.574513 2.508426 -14.826166 9.056411 12.503929 17.268631 1.314536 19.486849 -12.035223 0.184170 -12.795210 3.274736 -7.254425 0.722897
14.022066 -9.036274 1.364241 -2.620458 31.986351 -16.365742 21.978067 5.811425 1.598995 19.446722 -19.292820 1.203138 -0.313977 -19.070004 31.350653 0.061938 -3.656497 3.296420 -15.306266 7.777110 11.367815 16.258968 2.015089 20.821703 -11.633655 0.165682 -12.987290 4.660779 -7.058806 -0.013996
16.023626 -9.987990 2.172599 -2.130773 30.723215 -16.398966 23.798231 6.090071 2.155255 19.942923 -18.319241 1.173746 -0.939851 -19.775850 31.908352 -0.663638 -4.171897 3.620687 -15.725382 6.690413 10.707305 15.164435 2.759111 21.725069 -11.265894 0.195788 -13.199052 5.811825 -6.741955 -0.097071
17.084227 -10.478077 2.961224 -1.503355 29.734400 -16.298716 25.044193 6.544735 2.367183 20.282949 -17.351173 1.467938 -1.809362 -20.329367 32.066456 -1.026413 -4.656514 3.838115 -15.721080 5.574314 10.436980 14.154533 3.178747 22.478222 -11.137534 0.396411 -13.347219 6.468977 -6.354865 0.021224
17.908302 -11.142545 3.667743 -0.964620 28.867104 -15.902998 25.780729 6.841489 2.745826 20.192926 -16.682774 1.813119 -2.527762 -20.386486 32.397202 -1.237108 -4.987365 3.925301 -15.564513 4.932203 9.919646 13.033530 3.343501 23.271505 -11.138169 0.473213 -13.319699 7.003632 -6.072769 0.217092
18.066717 -11.866905 3.860851 -0.734630 28.282822 -15.875496 26.248146 7.051006 2.797341 20.048452 -16.304630 2.034182 -2.980318 -20.440283 32.484291 -1.399607 -5.037611 3.957416 -15.463228 4.481752 9.399191 12.428994 3.443194 24.070763 -11.152450 0.371104 -13.093390 7.392988 -5.994917 0.094335
18.164961 -11.975350 3.853907 -0.763266 28.158535 -15.994621 26.350763 7.108246 2.867003 20.119688 -16.190302 2.098732 -3.205672 -20.477722 32.384396 -1.400558 -5.092299 4.051193 -15.384598 4.351220 9.302614 12.246781 3.461678 24.264875 -11.173247 0.397806 -13.045751 7.478592 -5.913410 0.125308
18.161655 -12.032358 3.883330 -0.758968 28.096212 -15.999229 26.410046 7.142015 2.864901 20.125286 -16.152346 2.101305 -3.206960 -20.527714 32.382252 -1.392459 -5.088634 4.094223 -15.379742 4.358083 9.276581 12.202650 3.501340 24.266043 -11.159189 0.402836 -13.067708 7.522357 -5.910506 0.171908
18.181273 -12.221966 3.955095 -0.811341 27.894396 -16.147612 26.684383 7.224822 2.921594 20.241755 -15.990872 2.110145 -3.271650 -20.685505 32.401669 -1.376723 -5.107505 4.294215 -15.343479 4.304127 9.232126 12.093691 3.581228 24.307724 -11.123639 0.394196 -13.114661 7.617475 -5.916628 0.213825
18.259359 -12.458755 4.082159 -0.900332 27.557011 -16.257006 27.237850 7.290491 3.059564 20.498701 -15.711811 2.126033 -3.337314 -20.901983 32.477398 -1.369719 -5.143369 4.553231 -15.287349 4.288143 9.188191 11.887991 3.675198 24.333300 -11.033597 0.430853 -13.139796 7.784413 -5.910395 0.327024
18.323805 -12.852852 4.350959 -0.934864 27.042307 -16.158400 27.955608 7.362678 3.219129 20.693605 -15.456635 2.133265 -3.532091 -21.085073 32.488525 -1.319481 -5.257105 4.726936 -15.252846 4.264410 9.097897 11.601424 3.775705 24.441984 -10.904601 0.414722 -13.201997 8.064508 -5.870153 0.326213
18.331213 -13.255157 4.724349 -0.945429 26.492468 -16.150442 28.699572 7.628931 3.325454 20.889631 -15.182135 2.148976 -3.854191 -21.260174 32.655392 -1.316916 -5.674670 5.186421 -15.224057 4.204618 8.908012 11.148140 3.898314 24.652102 -10.769584 0.330438 -13.351360 8.414349 -5.850978 0.188821
18.325310 -13.329139 5.160223 -1.040763 26.060181 -16.279087 29.376698 7.898391 3.490596 21.249815 -14.864931 2.211929 -4.249268 -21.567062 32.497311 -1.301894 -6.155812 5.801580 -15.130635 4.189548 8.740987 10.642068 4.100022 24.903008 -10.544836 0.195299 -13.313408 8.744507 -5.839963 0.109192
18.569313 -13.691458 5.975207 -0.625851 25.404833 -15.881403 30.071024 8.264088 3.528216 21.289722 -14.532890 2.012050 -4.778965 -21.967712 31.949635 -1.299314 -6.227968 6.475303 -14.924609 4.204781 8.691283 9.999175 4.335862 24.906122 -10.135083 0.096506 -13.376039 9.224445 -5.736410 0.091862
18.480019 -14.094241 7.094242 -0.230642 24.612413 -15.464198 30.962746 8.558842 3.738487 21.187643 -14.214117 1.908936 -5.436963 -22.307034 31.358025 -1.359861 -6.438962 7.460201 -14.602059 4.259485 8.649475 9.460274 4.415365 24.713339 -9.658175 0.082634 -13.329621 9.856367 -5.541560 0.313610
18.245789 -14.458069 8.230797 0.156374 23.794434 -15.359029 32.006771 8.564056 4.049577 21.271484 -14.032775 1.899016 -5.910614 -22.501266 30.757458 -1.401873 -6.373757 8.141335 -14.220666 4.321863 8.724458 8.788153 4.541402 24.660732 -9.251733 0.233153 -13.484527 10.344995 -5.210330 0.575495
18.127327 -15.100780 9.259591 0.753448 23.015623 -14.851164 33.032749 8.551109 4.031226 21.296211 -13.838806 1.728473 -6.377707 -22.598438 30.513298 -1.484871 -6.471121 9.199656 -13.838917 4.573210 8.520990 8.189624 4.511282 24.713818 -8.663986 0.167033 -13.255763 11.058762 -5.003322 0.743785
17.970873 -15.785285 10.139766 1.189631 22.271544 -14.035845 33.865116 8.784945 4.023154 21.150023 -13.640465 1.594997 -6.981404 -22.692030 30.164333 -1.375757 -6.745066 10.133287 -13.433438 4.826074 8.387489 7.663475 4.419474 24.634794 -7.968016 0.231515 -13.056662 11.785734 -4.760981 1.070111
17.753305 -16.474718 10.812662 1.484648 21.578892 -12.717903 34.824474 8.982559 3.962910 21.025015 -13.370067 1.775562 -7.833950 -22.693569 29.885637 -1.264892 -7.127513 10.948964 -12.976710 5.016969 8.270987 7.267081 4.274882 24.627689 -7.416216 0.322097 -12.934245 12.401800 -4.571860 1.304433
17.383627 -17.245111 11.453891 1.638855 20.799669 -11.487488 35.495117 9.353264 3.951954 20.632637 -13.079758 1.960136 -8.696253 -22.755838 29.521461 -1.128487 -7.556951 11.887459 -12.535144 5.106557 8.219125 6.891468 4.092082 24.600199 -6.889151 0.462755 -12.730035 13.001492 -4.328634 1.585046
17.073395 -17.929750 12.118949 1.789233 19.998867 -10.619350 35.951950 9.836635 4.039971 20.037552 -12.902801 1.948832 -9.443976 -22.852287 28.869591 -0.977481 -7.735135 12.583865 -12.166251 5.109255 8.092775 6.326628 3.845681 24.727766 -6.397169 0.711507 -12.602540 13.624456 -4.001114 1.897764
16.824728 -18.375751 12.926254 1.805633 19.332981 -10.135942 36.228935 10.272609 4.296602 19.463121 -12.605534 1.980705 -10.066636 -22.876564 28.232014 -0.825438 -7.854882 13.100273 -11.776471 5.292534 7.971706 5.870747 3.478135 24.878717 -6.052424 0.945549 -12.394870 14.163996 -3.733639 2.134129
16.613218 -18.406481 13.565615 1.507113 18.889875 -9.954350 36.300262 10.809842 4.658549 19.139059 -12.417776 1.943486 -10.435792 -22.881096 27.665302 -0.611955 -8.137321 13.578904 -11.459420 5.584343 7.781668 5.424982 3.137358 25.177502 -5.765388 1.141784 -12.263145 14.773766 -3.534562 2.233642
16.435865 -18.459614 14.071441 1.192772 18.591694 -9.864523 36.243130 11.259239 5.001175 18.756060 -12.254595 1.869544 -10.910363 -22.957512 27.229053 -0.433739 -8.434900 14.059357 -11.213680 5.818604 7.647110 5.160687 2.870041 25.245770 -5.575373 1.229308 -12.209981 15.137330 -3.426851 2.265367
16.266298 -18.558065 14.307304 0.941324 18.403843 -9.659971 36.129795 11.617168 5.171768 18.405807 -12.188639 1.834803 -11.291297 -22.970963 26.782730 -0.194220 -8.701457 14.394113 -11.035700 5.960086 7.477764 4.963723 2.565170 25.357748 -5.345189 1.348969 -12.067525 15.474241 -3.289101 2.311090
16.148417 -18.648468 14.459281 0.750206 18.285831 -9.517492 36.009041 11.832718 5.309712 18.122129 -12.162676 1.800575 -11.509500 -22.976425 26.417599 -0.005217 -8.900643 14.548734 -10.934216 6.061096 7.404255 4.898632 2.389777 25.385010 -5.193872 1.406660 -11.978202 15.629222 -3.217607 2.320443
16.099028 -18.670080 14.477094 0.695074 18.262608 -9.489554 35.961067 11.896921 5.340205 18.028898 -12.123384 1.791328 -11.606131 -22.980148 26.337215 0.055238 -8.987301 14.606812 -10.906459 6.092448 7.374901 4.890229 2.292340 25.390554 -5.162833 1.415522 -11.910071 15.659039 -3.187927 2.302845
16.122883 -18.623583 14.523490 0.783874 18.253994 -9.465882 35.921288 11.881292 5.317297 18.028807 -12.205576 1.782975 -11.515491 -22.987627 26.253559 0.118166 -8.994306 14.546885 -10.931001 6.087514 7.380753 4.943753 2.315924 25.335081 -5.177260 1.376054 -11.967702 15.628692 -3.243212 2.256262
16.147320 -18.439335 14.632224 0.960567 18.316402 -9.432981 35.756126 11.831384 5.246768 18.032234 -12.375052 1.737440 -11.262542 -23.001131 26.077013 0.228182 -8.926795 14.376991 -10.987297 6.065502 7.379406 5.134786 2.343007 25.223042 -5.239172 1.254975 -12.022487 15.526360 -3.407192 2.128275
16.113111 -18.181635 14.747827 1.137447 18.523712 -9.293077 35.352863 11.770832 5.119833 17.929537 -12.528679 1.662428 -10.890208 -23.070042 25.928804 0.401078 -8.783874 14.111760 -11.098064 6.108941 7.419235 5.533871 2.279389 24.998573 -5.313127 1.066575 -12.033864 15.310350 -3.646722 1.880890
16.081612 -17.809889 14.944399 1.394462 18.730190 -9.170528 34.880161 11.608008 5.020921 17.804018 -12.796314 1.557770 -10.422306 -23.118044 25.492802 0.780870 -8.659565 13.735161 -11.201805 6.201599 7.422890 5.985630 2.242832 24.746580 -5.428770 0.793421 -12.056443 15.081323 -3.951907 1.618735
16.116262 -17.408247 15.135093 1.524360 19.063301 -8.896490 34.227539 11.297781 4.996387 17.620562 -13.077682 1.485019 -9.868100 -23.118835 25.168835 1.125839 -8.610070 13.410817 -11.308297 6.410331 7.398788 6.649122 2.263568 24.425947 -5.554898 0.482419 -12.061251 14.833231 -4.357011 1.396006
16.111324 -16.904633 15.379034 1.938453 19.371853 -8.649876 33.495640 10.756035 4.938256 17.458727 -13.379061 1.389425 -9.158326 -23.110258 25.009470 1.427143 -8.419430 13.010949 -11.482842 6.723717 7.238564 7.260279 2.319022 24.153982 -5.613436 0.121016 -12.025604 14.665876 -4.781324 1.233824
16.089649 -16.303720 15.622504 2.157826 19.845747 -8.467821 32.601791 10.097929 4.990329 17.368807 -13.657881 1.388148 -8.478627 -22.948166 24.878098 1.796796 -8.350236 12.664080 -11.543178 7.104501 7.090501 8.164368 2.365497 23.810301 -5.614389 -0.306686 -11.950158 14.476934 -5.372534 0.939700
16.341419 -15.449556 15.544713 1.826987 20.653450 -8.173578 31.229528 9.406075 5.279446 17.240637 -14.024251 1.448401 -7.641021 -22.624006 24.926897 2.126778 -8.243417 12.152061 -11.614001 7.341903 6.983206 9.053447 2.524058 23.507849 -5.776182 -0.771420 -11.866989 14.222496 -6.031008 0.698557
16.822559 -14.686588 15.325867 1.356851 21.443867 -7.987020 29.548626 8.853987 5.710800 16.910013 -14.505264 1.616813 -6.886147 -22.226761 24.794037 2.626068 -8.348363 11.574663 -11.614503 7.463765 6.889596 9.813272 2.698628 23.223343 -6.044768 -1.134903 -11.696925 13.954878 -6.573777 0.693846
17.047960 -14.115893 14.899163 0.886102 22.170757 -7.638524 27.741871 8.354486 6.025585 16.306864 -15.391964 1.717650 -6.074068 -21.937515 24.335239 3.212561 -8.518493 11.155299 -11.692564 7.693109 6.842548 10.476429 2.995499 23.032637 -6.468998 -1.457447 -11.610736 13.624090 -7.103589 0.826633
17.228464 -13.558345 14.579898 0.465281 23.146112 -6.944229 26.368542 7.920292 6.082163 15.976223 -16.208982 2.007951 -5.357409 -21.539305 23.791954 3.844086 -8.825860 10.680245 -11.704411 7.989515 6.831761 11.336905 2.827694 22.529100 -6.760530 -1.781524 -11.416800 13.323377 -7.545583 0.689943
17.123510 -12.998832 14.415668 0.283194 23.765068 -6.665870 25.358685 7.417401 6.080332 15.663044 -16.764284 2.121839 -4.642272 -21.504623 23.133690 4.546110 -9.058234 10.274791 -11.653979 8.701394 6.742935 12.088482 2.498579 21.978949 -6.984655 -2.122862 -11.259065 13.025969 -7.965777 0.481001
16.705776 -12.323594 14.104728 0.055521 24.577198 -6.729302 24.357105 7.025720 6.128869 15.515406 -17.419403 2.351508 -3.969198 -21.311501 22.675322 5.124452 -8.914725 9.734529 -11.555550 9.129129 6.583816 12.756904 2.226340 21.427643 -7.201810 -2.591834 -11.152986 12.757072 -8.423408 0.183790
15.889394 -11.725021 13.750577 -0.633481 25.395737 -7.327186 23.441830 6.690892 6.383508 15.342005 -18.053345 2.783671 -3.477591 -20.616959 22.842371 5.650808 -8.483193 8.438431 -11.531935 8.877214 6.215768 13.162299 2.053174 20.942030 -7.543865 -3.023741 -11.053176 12.599356 -8.801120 0.332003
4.094663 -17.868559 8.880461 -4.084893 26.087826 -2.310994 11.989160 9.804573 0.436738 14.196997 -12.730406 -4.770554 -9.304523 -16.577827 22.791420 16.157650 -5.991001 -4.484515 -7.855938 13.974505 8.517916 4.158545 -1.643428 12.860037 -10.700395 0.429108 -13.875602 11.223076 -7.749100 2.108051
2.946025 -17.764702 8.015764 -5.452886 26.407494 -1.811210 10.319055 9.117012 0.765055 13.419409 -13.380644 -3.805704 -9.431378 -15.026344 22.994850 16.715935 -4.842234 -6.327620 -7.562683 13.117519 7.969917 4.749595 -1.891174 12.062334 -10.800842 0.020125 -13.381915 11.647129 -7.935730 2.730003
1.432180 -18.014231 7.514786 -5.966554 26.613132 -1.659038 9.439181 8.243773 0.816439 12.759499 -14.029513 -2.699898 -9.787072 -13.176080 23.108749 17.022503 -3.174338 -8.266042 -7.146908 11.953918 7.397274 5.077064 -2.213649 11.295188 -11.169433 -0.289340 -12.832736 11.995825 -7.967677 3.736705
-1.164327 -18.325659 6.955857 -5.693135 26.760761 -2.044572 9.404609 7.827068 0.111810 12.124796 -14.774669 -1.955565 -10.051580 -11.942029 22.891132 17.411013 -2.357357 -9.268382 -6.799989 11.338720 6.887358 5.067341 -2.467874 10.614024 -11.703754 -0.386581 -12.480199 12.099667 -7.862394 5.023705
-3.638563 -18.940937 5.541441 -6.036932 26.748421 -2.175103 9.678868 7.789312 -0.628186 11.635665 -15.503837 -0.980938 -10.506900 -10.721748 22.898872 17.807583 -1.096747 -10.353533 -6.283448 11.073545 6.454739 4.889143 -2.760439 9.816487 -12.180305 -0.423694 -12.057313 12.314811 -7.695230 6.490409
-4.110441 -20.510855 3.678071 -4.939160 24.737144 -5.862561 8.969923 7.059686 -2.911589 8.330868 -16.159550 -0.081018 -12.609694 -13.965119 17.568966 13.758379 3.607243 -10.291411 -8.146837 12.231378 7.782835 0.971558 -1.922004 8.937593 -14.709881 -4.346781 -12.186128 14.008284 -7.499238 9.176809
-5.212060 -20.794106 2.595835 -5.784863 24.013659 -6.609298 8.749702 6.666980 -3.733448 6.586052 -16.387442 1.495782 -14.315226 -13.874040 16.690044 12.358557 4.790083 -10.796046 -8.430816 12.079745 7.869318 0.912427 -2.459916 8.346402 -15.244124 -5.225495 -11.161799 14.596969 -6.925094 10.769760
-6.262087 -21.072847 2.434288 -6.361732 23.533394 -7.276368 8.397766 6.646009 -3.821185 5.092797 -16.943523 2.044802 -15.479909 -12.769550 16.495872 12.035548 5.255003 -10.622232 -7.992570 11.155334 7.572639 0.365136 -2.795645 8.471656 -15.757377 -5.429900 -10.669889 14.698943 -6.751570 11.975904
-6.839567 -21.587662 1.856699 -7.328347 23.374290 -7.476310 7.856084 7.036925 -3.336149 4.197210 -17.622799 2.148219 -16.431620 -11.901357 16.373159 11.401053 5.674308 -10.335537 -7.566239 10.119335 7.346115 -0.015877 -3.137080 8.856898 -16.228056 -5.342779 -9.928855 14.589916 -6.309199 12.558360
-6.966923 -22.514570 1.065612 -8.319399 23.157547 -7.209569 7.218329 6.948900 -2.524404 3.650820 -17.912056 2.248005 -17.491524 -11.396284 16.216085 10.970320 5.968521 -9.670376 -7.087176 9.446105 7.063463 -0.403682 -3.557262 9.032891 -16.498508 -5.150077 -9.441615 14.477515 -5.963911 12.533751
-6.490528 -22.932892 1.293982 -8.733467 22.453959 -6.952011 7.595957 7.009560 -1.936907 3.695824 -17.806881 2.279297 -18.669481 -11.183876 16.064236 10.645625 5.920731 -8.636061 -6.591597 9.119942 6.582375 -0.730865 -4.254103 9.351968 -16.831415 -5.094943 -8.637972 14.431410 -5.647484 12.635162
-6.566311 -23.268398 1.438040 -9.312649 21.808996 -7.155898 7.702068 7.377344 -1.449983 3.464879 -17.539858 2.263375 -19.727402 -11.224654 15.948011 10.448872 5.776366 -7.648662 -6.043075 9.208421 6.174375 -1.271181 -4.955717 9.732955 -16.956448 -5.085393 -8.061501 14.555984 -5.355924 12.669827
-6.079659 -23.556768 1.312633 -9.896301 21.236616 -7.334184 7.566409 7.785971 -1.025602 2.993656 -16.963081 1.953873 -20.685812 -11.758821 15.773395 10.021619 5.570627 -6.558286 -5.649460 9.136993 5.987443 -1.829897 -5.527464 10.204650 -16.828785 -4.970257 -7.804708 14.684801 -5.090184 12.572701
-5.453840 -23.745121 1.444072 -10.161837 20.888950 -7.580871 7.428320 8.149302 -0.628080 2.748490 -16.521782 1.784550 -21.495937 -12.179688 15.635107 9.592264 5.454286 -5.612902 -5.364862 9.254531 5.882740 -2.426500 -5.910072 10.610291 -16.591303 -4.801842 -7.855329 14.788034 -4.885173 12.421492
-5.004347 -23.784624 1.724630 -10.315386 20.607386 -7.632020 7.406538 8.777256 -0.316548 2.621270 -16.307016 1.795302 -22.066547 -12.373738 15.459313 9.512381 5.142571 -5.067288 -5.115784 9.502376 5.720948 -2.775323 -6.145502 11.003329 -16.220888 -4.699803 -7.919060 15.004858 -4.842242 12.010255
-4.957808 -23.539381 2.331250 -10.127628 20.385811 -7.631529 7.637262 9.366699 -0.299646 2.559456 -15.962571 1.685987 -22.453426 -12.911148 15.158838 9.451339 4.615926 -4.643205 -5.106777 9.521129 5.538296 -3.014086 -6.542136 11.478540 -15.817907 -4.674463 -7.813828 15.179052 -4.855197 11.287963
-4.665503 -23.060942 3.138236 -10.077231 20.193741 -7.765371 7.866194 9.902334 -0.114401 2.611284 -15.582487 1.638127 -22.870060 -13.545680 14.761671 9.539457 3.768194 -3.929048 -5.054967 9.773586 5.447792 -3.073972 -6.867355 11.959549 -15.513787 -4.679323 -7.539871 15.306419 -4.850951 10.604251
-4.204395 -22.694328 3.680391 -10.100343 20.041203 -7.918172 7.940394 10.302574 0.081580 2.661947 -15.306368 1.472003 -22.975273 -14.219920 14.490527 9.476213 2.959631 -3.387998 -5.214899 9.753170 5.629417 -3.277265 -7.066190 12.120383 -15.080202 -4.545537 -7.483946 15.545805 -4.637659 10.013371
-3.911363 -22.429663 4.063309 -10.111820 20.033138 -8.362863 8.046951 10.542282 0.311900 2.808286 -15.144032 1.293360 -22.903069 -14.854077 14.247636 9.352195 2.073729 -2.782770 -5.511816 9.774926 5.886632 -3.531061 -7.184415 12.153162 -14.724370 -4.351582 -7.593455 15.696064 -4.410106 9.574812
-3.484181 -21.980625 4.719686 -10.013569 20.224762 -8.808686 8.040907 10.675322 0.646049 3.097111 -15.016520 1.094057 -22.808544 -15.401840 13.974202 9.217833 1.100859 -2.145131 -5.829093 9.737398 5.956116 -3.842703 -7.339348 12.070586 -14.476630 -4.104173 -7.609335 15.871134 -4.166585 9.455605
-2.777263 -21.505075 5.250003 -9.723639 20.620689 -9.117931 7.793806 10.841833 0.899782 3.404771 -14.865823 0.979411 -22.799191 -15.722487 13.840154 9.058357 0.440345 -1.854978 -6.051517 9.527684 6.095842 -4.151582 -7.386950 11.928731 -14.287089 -3.841789 -7.894895 15.917480 -3.958047 9.183788
-2.300370 -21.092638 5.823715 -9.556889 20.814125 -9.310131 7.635478 11.015537 1.122051 3.566998 -14.832199 0.848284 -22.622860 -15.965571 13.731143 8.914997 0.026268 -1.711385 -6.314339 9.354961 6.008600 -4.388829 -7.575758 11.876937 -14.192950 -3.725381 -7.863242 16.005653 -3.809016 9.033202
-1.924329 -20.724194 6.249184 -9.202906 20.959145 -9.341119 7.541677 11.281327 1.132768 3.709222 -14.759011 0.745690 -22.543486 -16.174955 13.665978 8.781784 -0.251204 -1.628127 -6.504382 9.165147 6.021952 -4.530468 -7.630584 11.816271 -14.118258 -3.661685 -7.922489 16.048014 -3.726097 8.951727
-1.596728 -20.479441 6.476583 -8.987141 21.027075 -9.299662 7.428514 11.500250 1.119468 3.762842 -14.743364 0.647865 -22.509613 -16.325386 13.590150 8.630446 -0.407016 -1.585713 -6.649780 8.879228 5.974396 -4.695973 -7.797510 11.847137 -14.033558 -3.605907 -7.898232 16.085743 -3.638050 8.777948
-1.462169 -20.370440 6.571943 -8.864487 21.110775 -9.252204 7.360218 11.675755 1.087710 3.790851 -14.733423 0.606968 -22.497780 -16.391602 13.550179 8.565350 -0.527208 -1.555130 -6.709900 8.758858 6.058747 -4.754701 -7.783895 11.825311 -13.991188 -3.578410 -8.035211 16.058043 -3.613584 8.627681
-1.436646 -20.327431 6.598942 -8.850569 21.139944 -9.239913 7.322671 11.733405 1.082276 3.782558 -14.727705 0.582360 -22.472862 -16.421730 13.549806 8.536806 -0.546434 -1.568366 -6.739641 8.700333 6.056758 -4.778930 -7.808462 11.835995 -13.978405 -3.572542 -8.041245 16.055857 -3.603519 8.580444
