-9.687396 -20.206285 1.956783 -2.290794 22.573854 -7.409460 9.037397 14.083540 -7.450629 2.884578 -13.823690 -2.100656 -15.425706 -17.742020 15.313266 8.645452 1.616016 -9.240401 -11.157941 3.235734 3.937543 7.628160 -3.361746 1.367801 -14.079841 10.511647 -13.110755 13.066654 7.451417 -2.295041
-9.762305 -20.171392 1.911283 -2.255022 22.582233 -7.402263 9.012215 14.086571 -7.487084 2.896224 -13.814086 -2.117659 -15.339266 -17.745831 15.326898 8.663770 1.666320 -9.313491 -11.166086 3.244222 3.970944 7.647770 -3.323564 1.323866 -14.084852 10.511590 -13.141247 13.058483 7.450613 -2.274227
-9.869036 -20.128674 1.867623 -2.179101 22.601921 -7.392939 8.979492 14.106033 -7.543303 2.911698 -13.754560 -2.164547 -15.215781 -17.749228 15.358429 8.697155 1.709923 -9.442242 -11.175063 3.221336 4.063830 7.685880 -3.209361 1.176198 -14.109768 10.521995 -13.268959 13.046150 7.447664 -2.191893
-9.935098 -20.092493 1.835572 -2.130681 22.588854 -7.389079 8.981537 14.108093 -7.598578 2.906229 -13.662020 -2.212882 -15.161405 -17.791672 15.332404 8.803122 1.688865 -9.558164 -11.182820 3.189765 4.081714 7.744986 -3.176373 1.246441 -14.125859 10.485766 -13.202433 13.028196 7.412150 -2.137532
-10.179352 -20.071878 1.744986 -1.955828 22.628641 -7.351286 9.012568 14.226213 -7.834661 2.845793 -13.449511 -2.291646 -14.960275 -17.876669 15.315247 9.089293 1.707790 -9.899306 -11.271316 3.192673 4.197604 7.742892 -3.085998 1.116225 -14.064073 10.558604 -13.385373 12.995675 7.412098 -2.111701
-10.623998 -20.144312 1.767416 -1.616879 22.532875 -7.114242 9.130466 14.573666 -8.240326 2.601334 -12.849148 -2.378228 -14.962886 -18.092770 15.126498 9.731239 1.438286 -10.335976 -11.371575 3.161928 4.366071 7.683500 -3.109911 1.132939 -13.840663 10.628301 -13.536021 12.973606 7.392401 -2.193677
-11.288692 -20.348658 1.772780 -1.190222 22.420033 -6.835136 9.328741 15.002693 -8.778196 2.266921 -11.939423 -2.558467 -15.303404 -18.461926 14.662281 10.677476 0.774635 -10.714068 -11.453290 2.879129 4.634948 7.481597 -3.212674 1.141649 -13.355945 10.810544 -13.913738 12.957654 7.386935 -2.536824
-11.866251 -20.598120 1.630838 -0.825880 22.339449 -6.569341 9.512443 15.405267 -9.299413 1.980017 -11.362554 -2.715617 -15.205793 -18.692612 14.557278 11.265915 0.665459 -11.260380 -11.599271 2.713630 4.849411 7.219817 -3.524969 1.498481 -12.744995 11.011751 -14.129712 12.908099 7.364636 -3.148241
-12.524931 -21.040039 1.504198 -0.559321 22.103870 -6.267565 9.755919 15.726683 -9.742998 1.596838 -10.413850 -2.941584 -15.664582 -19.114004 14.105875 12.111952 0.109742 -11.644692 -11.701406 2.244524 5.145614 7.143881 -3.589101 1.757406 -12.435321 11.151136 -14.351689 12.823496 7.333551 -3.535939
-13.090713 -21.327242 1.278160 -0.325126 21.969194 -6.006139 9.965601 15.943931 -10.155912 1.350592 -10.171234 -2.992487 -15.628297 -19.172497 14.106608 12.413288 0.167534 -11.998616 -11.762158 2.094039 5.322442 7.069649 -3.633628 1.916239 -12.228184 11.270408 -14.545457 12.724399 7.316965 -3.799888
-13.547305 -21.450808 0.814507 -0.149626 21.965532 -5.797103 10.013640 16.245384 -10.598969 1.156125 -10.036817 -3.041388 -15.546439 -19.275116 14.100828 12.465556 0.268066 -12.436985 -11.913024 1.689755 5.470624 6.978365 -3.679477 1.962327 -12.097991 11.397710 -14.793734 12.593149 7.305634 -3.961210
-13.583956 -21.354944 0.363148 -0.087076 22.180397 -5.765138 9.933617 16.607279 -10.943151 1.091049 -9.827597 -3.147447 -15.397755 -19.415329 14.096654 12.614299 0.254273 -12.881654 -12.204001 1.263950 5.504945 6.867602 -3.710457 1.747334 -12.153121 11.474154 -15.122065 12.439814 7.299258 -3.928007
-13.480011 -21.093592 -0.211008 -0.134543 22.397680 -5.601816 9.626801 17.337845 -11.256316 0.974355 -9.705074 -3.268692 -15.444355 -19.497499 13.920347 12.608812 0.043666 -13.218817 -12.353961 0.495010 5.447066 6.653759 -3.980308 1.811100 -12.021707 11.569831 -15.308108 12.279471 7.279224 -4.134062
-13.244124 -20.692274 -0.644224 -0.254175 22.695522 -5.573746 9.284315 17.910355 -11.430617 0.962587 -9.662041 -3.347365 -15.354374 -19.558384 13.787475 12.649381 -0.070525 -13.625693 -12.429940 -0.105112 5.304888 6.516588 -4.093232 1.726481 -12.017180 11.645846 -15.474936 12.165346 7.248106 -4.163666
-13.028573 -20.380995 -0.748549 -0.376065 22.862549 -5.544248 9.004782 18.358847 -11.449244 0.876494 -9.590725 -3.474120 -15.079286 -19.592171 13.882089 12.514651 0.102104 -14.145057 -12.675776 -0.629965 5.183902 6.385787 -4.261176 1.627889 -12.066499 11.659664 -15.669034 12.011568 7.192847 -4.185967
-12.642725 -20.021887 -0.798022 -0.518511 23.073917 -5.572819 8.695627 18.804012 -11.444161 0.805986 -9.571068 -3.543595 -15.163684 -19.614983 13.806413 12.338150 0.076069 -14.306372 -12.733762 -1.161972 5.102933 6.217268 -4.464838 1.614724 -12.036217 11.725431 -15.868439 11.835092 7.147856 -4.265782
-12.350285 -19.664064 -0.851770 -0.621025 23.322803 -5.611539 8.434679 19.117001 -11.476119 0.777689 -9.528854 -3.605781 -15.170428 -19.647778 13.695995 12.447259 -0.046735 -14.470816 -12.826690 -1.464120 4.975181 6.163353 -4.586133 1.595030 -12.113307 11.696776 -15.894605 11.747913 7.083389 -4.168932
-12.185551 -19.356501 -0.942144 -0.684022 23.542122 -5.665831 8.237557 19.333349 -11.551162 0.769330 -9.521599 -3.702390 -14.867864 -19.662106 13.811255 12.514032 0.131480 -14.794898 -12.990853 -1.584097 4.940992 6.149179 -4.578408 1.481513 -12.192222 11.694787 -15.976717 11.724783 7.067593 -4.103951
-11.985205 -19.139164 -0.938446 -0.747238 23.652691 -5.699513 8.084694 19.505028 -11.555783 0.734543 -9.472420 -3.772465 -14.762575 -19.710707 13.836008 12.502176 0.185948 -14.933427 -13.088547 -1.711384 4.882507 6.104196 -4.648154 1.459923 -12.213468 11.717337 -16.033384 11.669213 7.037749 -4.096949
-11.909990 -19.057669 -0.936037 -0.794953 23.686768 -5.706865 8.021270 19.562538 -11.548516 0.709812 -9.466956 -3.788510 -14.733993 -19.720795 13.848368 12.500145 0.214634 -14.985651 -13.109731 -1.761856 4.879880 6.051125 -4.702066 1.455964 -12.200232 11.750068 -16.085215 11.631648 7.045204 -4.126877
-11.785885 -19.066675 -0.768008 -0.925823 23.575527 -5.733584 7.979110 19.622515 -11.363462 0.612755 -9.467710 -3.755555 -14.935028 -19.726170 13.749410 12.524397 0.051056 -14.896893 -13.038625 -1.879755 4.849209 6.014674 -4.818906 1.552378 -12.142524 11.752570 -16.072802 11.590295 7.006564 -4.213486
-11.591389 -19.063179 -0.324850 -1.203026 23.287392 -5.784016 7.862300 19.911367 -10.984843 0.304469 -9.393333 -3.675859 -15.398028 -19.808399 13.418737 12.672979 -0.507613 -14.728677 -12.896640 -2.203240 4.785238 5.872531 -5.148255 1.867778 -11.931316 11.815630 -16.092093 11.495167 6.917461 -4.645350
-11.387327 -19.130800 0.300129 -1.290653 22.902546 -5.815726 7.708579 20.490520 -10.599146 -0.128385 -9.114311 -3.642080 -16.285969 -19.902250 12.795577 12.843947 -1.467242 -14.370727 -12.809226 -2.950778 4.683988 5.744571 -5.610427 2.389887 -11.699359 11.749560 -15.966809 11.382097 6.786202 -5.251775
-11.060625 -18.992868 1.562073 -1.357787 22.197405 -5.956270 7.595221 21.122311 -9.926255 -0.655439 -8.693989 -3.662289 -17.711937 -20.018227 12.031448 12.919839 -2.837889 -13.312076 -12.506495 -3.601826 4.657466 5.543992 -6.172128 3.018465 -11.358605 11.743245 -15.844481 11.298536 6.737503 -6.184616
-10.401366 -18.875122 3.166372 -1.292290 21.213680 -6.286820 7.512122 21.929600 -8.996914 -1.233365 -8.059440 -3.770502 -19.380009 -20.138918 11.170892 12.987305 -4.293689 -12.005824 -12.335702 -4.244479 4.523273 5.227375 -6.834886 3.998494 -10.934669 11.801538 -15.326179 11.371664 6.915679 -7.336565
-9.184360 -19.010101 4.690965 -1.441904 20.007229 -6.408279 7.352270 23.276339 -7.788239 -1.956868 -7.346009 -3.967579 -21.058016 -20.166687 10.358597 12.954208 -5.903625 -10.611186 -12.145726 -5.174548 4.460451 4.824331 -7.579357 5.084089 -10.437949 11.838922 -14.838216 11.401335 7.139071 -8.684732
-7.665710 -19.060019 6.406362 -2.024173 18.713249 -6.858629 7.378486 24.286201 -6.443749 -2.796703 -6.489203 -4.478845 -22.275574 -20.147459 9.854062 12.988953 -6.987865 -9.719043 -12.210641 -6.370812 4.612832 4.035940 -8.706200 6.215281 -9.721057 12.167168 -14.331133 11.361567 7.667445 -9.956598
-6.187883 -18.928885 7.863991 -2.913164 17.984676 -7.082053 7.163112 25.102161 -5.102319 -3.170300 -5.907085 -4.609144 -24.360626 -19.748751 8.834063 13.150161 -8.197115 -7.992990 -12.157870 -7.086039 4.689476 3.350454 -9.868436 7.241438 -9.214002 12.355105 -13.762421 11.212477 8.043354 -10.820598
-5.333680 -18.406580 9.665501 -3.968973 16.510937 -7.001820 7.549330 25.795729 -4.644656 -4.445110 -5.418491 -4.524099 -26.838070 -18.444126 7.174681 13.718178 -9.232825 -6.426317 -12.301887 -8.005178 4.921846 2.556926 -11.417173 8.398629 -8.978679 12.495359 -13.134418 10.582659 8.328593 -11.034594
-3.191960 -17.600431 11.348645 -4.992177 13.339257 -9.902117 9.559223 25.184330 -4.652041 -7.192031 -5.407079 -4.663688 -29.189960 -15.460065 5.387025 16.276047 -9.811837 -5.523497 -11.735038 -9.620499 5.984152 2.542836 -12.282053 9.308303 -10.427229 11.743686 -12.101787 9.527230 9.118182 -10.614812
-1.519366 -17.088839 12.201968 -6.248178 11.315070 -12.342580 10.926344 24.029566 -4.242600 -8.583289 -5.087907 -4.333147 -32.313225 -13.223353 4.185125 18.230909 -9.283681 -4.716088 -10.226096 -10.315531 5.965051 2.194817 -13.722467 9.803553 -12.111240 11.260186 -11.239745 8.154469 9.676805 -10.202286
-1.499774 -17.181376 13.478675 -7.169700 9.575348 -13.504608 11.921333 22.918125 -3.236651 -9.208326 -4.170129 -4.083911 -34.707832 -10.931390 3.907616 19.063168 -7.297456 -4.023819 -9.139324 -9.530245 5.049880 1.796006 -15.577634 10.050437 -13.910577 10.812295 -10.381246 6.654888 9.717680 -9.395529
-1.067153 -16.137274 15.583568 -8.390324 8.299380 -15.162106 12.826340 22.503807 -2.139470 -9.537358 -2.899392 -4.244328 -36.824291 -9.569376 3.992992 18.429455 -5.635750 -2.257532 -8.280541 -8.717318 3.873926 1.376247 -17.443363 10.374310 -14.995761 10.210740 -9.586334 5.549819 9.357856 -8.476979
-1.379612 -15.116002 17.635796 -10.321556 7.963069 -17.232771 12.893435 22.258423 -0.174393 -9.397865 -2.756384 -4.059098 -37.968246 -7.693463 4.221999 17.762249 -3.791204 -0.886795 -7.531801 -7.266077 2.927398 1.057959 -18.714844 10.462359 -15.512947 10.002095 -8.541587 5.329069 9.221745 -6.971841
-1.458250 -14.852106 18.774963 -12.401962 8.039496 -18.062490 12.147273 21.151112 2.115485 -9.104965 -2.596752 -3.616811 -38.886383 -5.839041 3.968908 17.321451 -2.470673 0.329630 -7.534818 -5.354205 1.934095 0.853693 -19.675493 10.628678 -15.669375 10.028123 -7.158010 5.690546 9.187162 -5.254704
-0.731732 -15.366947 19.029549 -13.976751 7.695797 -17.969770 11.545039 19.746630 3.870944 -9.077691 -2.620118 -2.440876 -39.580444 -5.078317 3.248982 15.927954 -1.563977 1.594093 -8.341434 -2.381754 1.426916 0.716899 -20.243876 10.372332 -15.619590 9.985623 -5.781938 6.516274 9.394610 -3.208375
0.248824 -16.305056 18.709915 -15.276339 7.721161 -17.389175 10.899150 18.546505 5.092988 -8.990811 -2.449693 -1.706062 -39.848156 -5.644407 3.009165 14.304663 -0.890814 3.003954 -9.146594 0.408722 1.238132 0.674373 -20.375683 10.011503 -15.443509 9.996738 -4.709933 7.365902 9.626490 -1.389862
1.093882 -16.912394 18.383820 -16.427794 7.880915 -16.848701 10.077594 17.552418 6.162012 -9.024950 -2.580095 -1.183979 -39.974113 -5.952308 2.694020 13.340409 -0.207019 3.645856 -9.439321 2.285478 0.986922 0.721821 -20.425966 9.785276 -15.339145 9.903828 -3.848007 8.076928 9.702900 -0.153383
1.396988 -17.287849 18.221783 -16.981997 7.873101 -16.533327 9.755850 16.933491 6.625794 -9.128293 -2.592640 -0.988545 -39.856209 -6.179259 2.477845 12.849898 0.037148 3.927329 -9.791404 3.302401 1.014741 0.884128 -20.198189 9.535015 -15.372857 9.770879 -3.490020 8.455345 9.728566 0.512029
1.456117 -17.354763 18.123043 -17.163427 7.912740 -16.524256 9.669390 16.695662 6.802343 -9.070930 -2.663133 -0.875802 -39.870281 -6.249027 2.454706 12.631942 0.140276 4.039026 -9.831429 3.566339 1.030016 0.927971 -20.127375 9.476813 -15.386813 9.758252 -3.339047 8.569796 9.772335 0.721856
1.508103 -17.422415 18.108408 -17.207113 7.859308 -16.437490 9.646376 16.682007 6.804163 -9.136012 -2.645595 -0.875603 -39.915466 -6.265855 2.433389 12.618423 0.128263 4.045042 -9.824642 3.540644 1.005381 0.949235 -20.149668 9.524896 -15.407351 9.739789 -3.325447 8.530213 9.735396 0.733353
1.650817 -17.504313 17.972900 -17.321703 7.843882 -16.337074 9.494181 16.737999 6.848960 -9.254177 -2.646310 -0.804347 -40.130943 -6.312488 2.423318 12.314659 0.251020 4.108220 -9.808082 3.400761 0.959789 0.946701 -20.206367 9.595771 -15.363911 9.726888 -3.314243 8.535643 9.658089 0.745903
1.776376 -17.663261 17.824383 -17.459045 7.774106 -16.182753 9.357639 16.721548 6.895043 -9.413234 -2.722607 -0.724516 -40.259068 -6.270512 2.543914 12.169485 0.520126 4.001861 -9.649936 3.243546 0.859136 0.937320 -20.318502 9.739797 -15.346611 9.710607 -3.246461 8.518693 9.570379 0.750003
1.941065 -17.864542 17.627687 -17.627329 7.694901 -15.900193 9.143161 16.687080 6.946119 -9.602976 -2.798212 -0.590054 -40.491249 -6.233108 2.576412 11.967012 0.687048 3.990604 -9.514146 3.062291 0.795059 0.950552 -20.412867 9.863800 -15.323661 9.663116 -3.193568 8.513160 9.468139 0.787354
2.185078 -18.086571 17.227480 -17.850132 7.593084 -15.601643 8.895856 16.670628 6.926399 -9.840086 -2.794173 -0.425731 -40.783531 -6.349138 2.627320 11.524216 1.020947 3.825989 -9.485636 2.733668 0.688206 0.920496 -20.563662 10.025708 -15.304647 9.638686 -3.038957 8.543725 9.414430 0.814619
2.471997 -18.279943 16.800034 -17.974314 7.505759 -15.331923 8.666199 16.768364 6.836549 -10.114883 -2.933395 -0.244498 -41.042999 -6.267207 2.669704 11.349710 1.393785 3.446083 -9.301738 2.241097 0.540822 0.793865 -20.763189 10.093959 -15.183519 9.587535 -3.010768 8.651445 9.344150 0.768851
2.752907 -18.472742 16.317678 -18.136217 7.382435 -15.015087 8.430309 16.843887 6.731978 -10.403515 -3.028126 0.043790 -41.433323 -6.501143 2.598736 10.944822 1.505023 3.400342 -9.153177 2.113125 0.339522 0.727031 -20.936480 10.151368 -15.096122 9.424542 -2.926161 8.769470 9.179607 0.867025
3.104626 -18.667021 15.754216 -18.212816 7.189855 -14.821337 8.424629 16.869373 6.468933 -10.594009 -3.232461 0.553528 -41.905373 -6.560375 2.626462 10.702363 1.719596 3.058098 -8.800660 1.999915 0.171929 0.586129 -21.185106 10.263888 -14.845907 9.364292 -2.822085 8.905146 9.098997 1.007173
3.437950 -18.844254 15.123105 -18.329802 6.927100 -14.722469 8.608593 16.680790 6.180738 -10.608959 -3.495835 0.831494 -42.021023 -6.825139 2.696469 10.648788 1.563383 2.933868 -8.490047 1.986577 0.130259 0.422491 -21.297743 10.228663 -14.612708 9.378821 -2.837680 9.071837 9.112077 1.197967
3.675965 -19.100634 14.529751 -18.442228 6.579409 -14.684540 8.928714 16.426680 5.898421 -10.616537 -3.711388 1.088580 -42.200130 -7.073283 2.949817 10.638456 1.773563 2.739351 -7.846997 2.077652 0.039297 0.296210 -21.427620 10.239747 -14.359208 9.390233 -2.822326 9.201321 9.084452 1.384119
3.921638 -19.066650 13.981847 -18.515738 6.313881 -15.019487 9.303379 16.170116 5.569691 -10.556624 -4.002140 1.327537 -42.194408 -7.266329 2.950392 10.880285 1.511738 2.760692 -7.243697 2.338840 -0.075927 0.262454 -21.513414 10.298249 -14.232532 9.356172 -2.799437 9.148722 8.994714 1.617317
4.035887 -18.967546 13.681386 -18.588663 6.212359 -15.373368 9.586370 16.011070 5.341619 -10.530513 -4.209018 1.451724 -42.037182 -7.315224 2.986011 11.360550 1.502283 2.514125 -6.668660 2.566893 -0.117581 0.295656 -21.464792 10.155508 -13.953976 9.267820 -2.854609 9.370402 8.878510 1.959301
3.839271 -18.760267 13.553617 -18.632135 6.014681 -15.767035 10.049883 15.752211 4.974714 -10.564074 -4.557401 1.573748 -41.862122 -7.246710 2.780826 11.983568 0.915813 2.684968 -6.222353 2.956303 -0.215217 0.290692 -21.545864 10.188876 -13.934022 9.263680 -2.859439 9.297794 8.788673 2.186374
3.572942 -18.440277 13.765409 -18.852961 5.779790 -16.085215 10.448971 15.469648 4.826066 -10.613781 -4.620371 1.712120 -41.871323 -7.049804 2.705253 12.891672 0.803461 2.445883 -5.733857 3.488408 -0.504804 0.398726 -21.617756 10.377847 -13.885305 9.155887 -2.726814 9.292518 8.536340 2.443470
3.400619 -18.092882 13.795439 -18.990749 5.721264 -16.340546 10.602375 15.158123 4.699274 -10.570799 -4.675829 1.667399 -41.630882 -7.073303 2.556831 13.496023 0.376843 2.742681 -5.564056 4.058284 -0.633671 0.547643 -21.552263 10.444423 -14.023872 9.053215 -2.662315 9.180155 8.369710 2.765153
3.257101 -17.705179 13.945522 -19.028202 5.753012 -16.673784 10.741936 15.052649 4.549481 -10.532741 -4.716660 1.567290 -41.444572 -6.876865 2.439990 14.211363 0.179362 2.656719 -5.370907 4.306973 -0.728297 0.726079 -21.545872 10.590545 -14.218142 8.867402 -2.625432 9.012098 8.168468 2.844848
2.938006 -17.406435 14.177943 -19.058052 5.789617 -16.960762 10.980610 14.839924 4.468667 -10.378847 -4.866664 1.509216 -41.348194 -6.569842 2.616085 14.735790 0.448638 2.432697 -4.943650 4.475842 -0.739650 0.791354 -21.509394 10.612879 -14.272138 8.833845 -2.563919 9.052947 8.149836 2.949123
2.619137 -17.189829 14.436822 -19.070086 5.808480 -17.202787 11.105322 14.773142 4.463500 -10.359098 -4.898844 1.458735 -41.196144 -6.496881 2.671833 15.169640 0.430794 2.200925 -4.752164 4.514011 -0.827058 0.825462 -21.541565 10.651181 -14.331450 8.764089 -2.510357 9.052486 8.090027 3.034996
2.428870 -17.039034 14.675296 -19.054621 5.811601 -17.360466 11.204145 14.743329 4.469565 -10.348486 -4.948870 1.385261 -40.980026 -6.508843 2.627464 15.649606 0.162141 2.045307 -4.653677 4.522772 -0.856215 0.850373 -21.545248 10.667915 -14.389651 8.739455 -2.475002 9.052513 8.082411 3.052738
2.384890 -16.994139 14.737418 -19.078188 5.832689 -17.420765 11.210573 14.714571 4.496992 -10.333015 -4.980824 1.342563 -40.860184 -6.537619 2.673583 15.737638 0.137954 2.012677 -4.643969 4.548679 -0.852093 0.874028 -21.524881 10.668094 -14.407541 8.717422 -2.462094 9.059206 8.076941 3.080578
2.327195 -16.964272 14.758571 -19.086954 5.874087 -17.423376 11.266177 14.581253 4.473624 -10.239891 -5.117265 1.358931 -40.806152 -6.497826 2.708809 15.780268 0.112404 2.090044 -4.543540 4.653335 -0.853509 0.963488 -21.419836 10.661241 -14.414178 8.669160 -2.404072 9.137510 8.049854 3.173615
2.167844 -16.929350 14.774993 -19.189386 6.002743 -17.559198 11.378407 14.153519 4.534247 -10.007057 -5.449394 1.336338 -40.614864 -6.294564 2.921773 15.938835 0.293370 2.243283 -4.226382 5.001664 -0.871606 1.172088 -21.243362 10.750242 -14.604922 8.576774 -2.252161 9.120828 7.986249 3.277890
1.809973 -16.818380 14.850943 -19.339182 6.226089 -17.931799 11.648377 13.335981 4.577167 -9.681776 -5.795763 1.284236 -40.452278 -6.004880 3.227539 16.038549 0.656209 2.510259 -3.833378 5.464918 -0.849116 1.510740 -20.934587 10.870542 -14.938411 8.482159 -1.972027 9.108881 7.949473 3.546994
1.298840 -16.660406 15.097354 -19.375942 6.453419 -18.151907 11.960902 12.497730 4.491270 -9.430439 -6.724388 1.222813 -39.738693 -5.491830 3.566488 16.521210 0.670313 2.897898 -3.369422 6.183663 -0.791278 2.067657 -20.326118 10.793756 -15.295400 8.253612 -1.683342 9.318958 7.851831 3.986028
0.939312 -16.741182 14.645274 -19.490759 6.925037 -18.203672 11.875955 11.683367 4.386916 -9.090089 -7.723916 1.077408 -38.988373 -4.494856 4.152057 17.046497 1.403270 2.977565 -2.808374 6.659702 -0.607185 2.731401 -19.572443 10.719927 -15.747455 8.008171 -1.425559 9.485847 7.750985 4.369180
0.295920 -16.906649 14.053897 -19.511236 7.395771 -18.053282 11.771151 10.916029 4.047120 -8.807963 -8.997323 0.992107 -38.061749 -3.122699 4.864334 17.601295 2.122424 3.290560 -2.322364 7.315875 -0.393919 3.629613 -18.562946 10.468260 -16.292603 7.633224 -1.021701 9.846776 7.611983 5.068306
-0.361135 -16.778849 13.083344 -19.556398 8.124831 -17.910044 11.521763 10.067172 3.600753 -8.319740 -10.103561 0.775262 -36.622131 -2.140531 5.490276 18.574162 2.461150 2.850550 -2.054458 7.499454 -0.017938 4.463542 -17.530348 10.157353 -16.788425 7.320392 -0.924718 10.096695 7.509327 5.501429
-1.216014 -16.684162 12.001119 -19.486322 8.826168 -17.782610 11.387906 9.196045 3.012509 -7.911459 -11.285692 0.911297 -35.452381 -0.737176 6.001903 19.338669 3.072631 2.359608 -2.001183 7.628940 0.018864 5.257240 -16.756214 9.947715 -17.251225 7.027848 -0.707788 10.237225 7.292023 5.954202
-1.982500 -16.747957 10.637366 -19.626318 9.715854 -17.238590 11.011084 8.411377 2.385666 -7.533377 -12.475939 1.019175 -34.178406 0.596924 6.820256 19.999680 3.837388 1.682138 -1.832697 7.441413 0.141155 6.066597 -15.918673 9.619711 -17.814522 6.697202 -0.853805 10.075815 6.953501 6.347233
-2.829368 -16.859877 8.886241 -19.591572 10.735661 -16.960165 10.754692 7.816289 1.413728 -7.069086 -13.249422 1.140545 -33.089958 2.179304 8.361968 20.348911 5.913750 0.200026 -1.610434 7.345489 0.414963 6.947731 -14.825373 9.212302 -18.152294 6.446865 -1.011846 10.215083 6.683866 6.885964
-3.774700 -17.006649 6.941044 -19.648232 11.840950 -16.937943 10.435979 6.996986 0.563194 -6.552315 -13.670795 1.033109 -31.670048 3.613860 10.067811 20.849867 8.415534 -1.959089 -1.603356 7.142706 0.743086 7.824143 -13.594370 8.811059 -18.823120 6.212805 -1.301750 10.112909 6.344450 7.591606
-4.684896 -17.090368 4.816669 -19.915798 12.825432 -17.251259 9.913683 5.568675 -0.163697 -6.316021 -14.296576 1.099899 -29.812519 4.465899 11.612626 20.873905 10.362830 -4.095420 -1.922094 7.214704 0.808326 8.618070 -12.749121 8.101556 -19.582012 5.690928 -1.590465 10.124451 5.906698 8.333725
-5.556788 -17.192471 2.974382 -19.942007 13.309788 -17.532101 9.822022 4.312335 -0.920627 -6.068110 -14.980961 1.211980 -27.867491 5.096896 12.854164 20.730175 12.407105 -6.355001 -2.358615 7.391355 1.259375 9.402152 -11.684177 7.225361 -20.400749 5.102093 -2.111074 10.088882 5.577036 9.173929
-5.706957 -17.638983 0.742224 -19.556597 13.886783 -17.144466 9.624827 3.740367 -2.076138 -5.899727 -15.568260 1.207512 -26.083546 5.347644 13.537920 20.907780 13.644896 -8.150710 -3.098335 7.685233 1.670194 10.084583 -10.532564 6.206882 -20.870995 4.608181 -2.653056 10.284061 5.361743 9.940565
-10.231687 -24.440580 2.219031 -17.462412 23.799541 -1.636022 4.442825 5.108361 5.401598 4.477184 -19.698864 5.390012 -23.153212 -0.099222 22.041721 16.434647 6.238707 -7.283147 1.064498 10.556189 -4.638322 10.209693 -5.457983 8.240751 -22.595989 8.232259 2.914009 14.104746 6.697232 4.736018
-10.109518 -24.436028 0.880281 -16.744864 24.538177 -0.989607 4.428958 4.376878 4.328078 4.682428 -20.186855 5.262440 -21.849165 -0.438104 22.203505 16.248283 7.118836 -8.653848 0.424487 10.779935 -3.990192 10.394170 -4.527773 7.334270 -22.577324 8.312905 1.863449 13.969788 6.621073 5.092376
-9.981245 -24.232893 -0.031017 -15.481180 25.580914 -0.374747 4.463028 3.770103 3.300682 5.430126 -20.393257 4.878903 -20.415384 -1.002909 22.427483 16.032227 7.356022 -9.628397 -0.310078 10.956751 -3.394024 10.580750 -3.814889 6.701450 -22.456329 8.339462 1.010904 13.810421 6.492319 5.315592
-10.375422 -24.307562 -0.470703 -14.219278 26.128727 -0.354826 5.006046 3.315047 2.453734 6.517833 -20.805277 4.620440 -19.066246 -1.686087 22.881241 15.291157 7.657793 -10.366368 -1.079201 10.533010 -2.672091 10.859495 -2.926141 5.959780 -22.354366 8.379931 0.198096 13.808653 6.399742 5.449378
-10.672727 -23.854752 -0.337628 -12.647416 26.810749 -0.657952 5.879041 2.944782 1.504682 7.741929 -20.913120 4.334867 -17.160908 -2.307571 23.029448 15.729128 6.989199 -11.233434 -1.983665 9.919008 -1.926048 11.143190 -1.965675 5.358524 -22.213055 8.541551 -0.751383 13.716810 6.313463 5.537288
-8.665673 -22.923105 -0.220258 -9.510350 25.517122 -5.450743 6.194289 2.749751 -1.571749 5.982009 -20.770590 3.481691 -16.323570 -8.032793 17.735268 11.898619 8.611526 -10.447434 -5.514459 10.667073 0.163663 13.520824 -1.522145 3.643365 -20.515585 7.573433 -2.770175 13.925076 5.752273 5.537471
-7.400661 -21.334978 0.005038 -8.142170 25.430733 -6.376298 7.080471 3.025335 -3.333694 5.948151 -19.945967 3.485227 -14.791717 -10.476584 17.144005 11.188169 7.738419 -10.982530 -7.296433 11.341858 1.303962 14.179609 -0.358454 3.396207 -19.463654 6.988744 -4.427487 14.164396 5.129374 4.994291
-5.942436 -20.648384 0.453613 -6.635219 25.407866 -6.377588 7.931195 4.311352 -4.414162 6.620957 -18.804529 2.719064 -13.408620 -11.828725 17.259575 11.931913 6.546578 -10.991242 -8.104278 12.377852 2.177854 14.832271 0.968599 3.220124 -18.861753 7.195325 -5.738976 14.234633 5.015812 4.068325
-4.324825 -19.906721 1.492609 -5.465809 25.495369 -6.174230 8.382406 5.495387 -4.622453 7.340892 -17.245081 1.377341 -12.098393 -13.725934 17.530130 12.375560 5.065145 -10.792206 -8.924503 13.357062 2.510757 14.746171 1.558271 3.338502 -18.266357 7.635375 -6.803226 14.139430 4.944025 2.665519
-3.311810 -19.233252 3.569008 -4.251354 24.934824 -6.650188 9.254171 6.434252 -4.342150 7.680938 -16.188171 0.280538 -11.521081 -15.185861 17.611153 12.059288 3.939213 -10.280794 -9.614284 13.421967 2.822006 14.543032 1.948764 3.686550 -17.397751 8.101024 -7.871773 14.014844 4.881660 0.887173
-2.179412 -18.133684 5.735433 -3.541595 24.546177 -7.491261 9.738487 7.293991 -3.867869 7.732175 -15.267014 -0.660904 -11.340838 -16.652828 17.384121 11.738073 2.202174 -9.401427 -10.204599 13.283621 2.961708 14.167008 2.059327 4.515104 -16.755045 8.522639 -8.562831 13.830231 4.878255 -0.744124
-0.365815 -17.714300 7.458859 -3.667380 23.846233 -7.532905 9.900188 7.991228 -2.979076 7.884396 -14.181096 -1.229156 -11.731586 -17.725529 17.136875 11.755798 0.297868 -8.506946 -10.469815 13.317800 3.123751 13.820283 2.094629 5.235482 -16.015924 8.957940 -9.092546 13.739972 4.921086 -2.160903
2.028004 -17.563375 8.322309 -3.793241 23.343922 -7.164825 9.987196 8.949409 -2.355369 8.091988 -13.578308 -1.637761 -12.352499 -18.839489 16.234516 12.199719 -2.291730 -6.433696 -10.185110 14.592491 3.269481 13.372682 1.688964 5.830669 -15.274414 9.369620 -9.380512 13.560564 5.047261 -3.470264
3.164414 -17.556936 8.678693 -3.647424 22.916796 -7.157407 10.002349 10.000963 -2.134578 7.996431 -13.092231 -1.967918 -13.015567 -19.732716 15.837454 12.119768 -3.609581 -4.818219 -10.004402 15.190971 3.424118 12.989383 1.271495 6.263469 -14.724292 9.697709 -9.649040 13.295243 5.165801 -4.552134
3.832953 -17.552851 8.899881 -3.408175 22.686687 -7.278755 10.110749 11.054916 -2.130939 7.926658 -12.743832 -2.232786 -13.916142 -20.180927 15.631728 11.606966 -3.959451 -3.658065 -9.939849 14.950603 3.486190 12.621537 0.954875 6.789262 -14.197831 9.981187 -9.705269 13.307791 5.386715 -5.023113
3.931123 -17.633650 9.285399 -3.033455 22.334421 -7.368851 10.614897 11.894206 -2.239021 7.825380 -12.318624 -2.462472 -14.803033 -20.498489 15.612748 10.849196 -3.709466 -3.198203 -9.933078 14.118279 3.438258 12.150116 0.373416 7.168172 -13.839986 10.086369 -9.647408 13.340158 5.599741 -5.364955
3.670210 -17.800709 9.431132 -2.937729 21.867420 -7.560673 11.157207 12.872977 -2.331835 7.689885 -12.066040 -2.638202 -15.304460 -20.770630 15.749879 10.121351 -3.783308 -2.787198 -10.028922 13.130203 3.461041 11.676405 -0.063355 7.512900 -13.539618 10.171082 -9.612648 13.408808 5.812352 -5.635422
3.101861 -18.074709 9.267367 -3.100254 21.326103 -7.935462 11.628225 13.888777 -2.365106 7.510243 -11.820620 -2.738776 -15.763684 -21.133709 15.830738 9.516943 -4.145761 -2.297721 -10.119198 12.374390 3.453712 11.206742 -0.572627 7.844314 -13.391998 10.201273 -9.388964 13.459062 6.050551 -5.753378
2.701813 -18.348909 8.991345 -3.190517 20.989180 -8.300331 11.775931 14.627476 -2.377784 7.176240 -11.741175 -2.818097 -16.339756 -21.328781 15.697298 9.067225 -4.350024 -1.900733 -10.119222 11.692093 3.449644 10.753814 -1.009245 8.184295 -13.275101 10.241008 -9.144007 13.492176 6.281155 -5.774564
2.231124 -18.647226 8.757846 -3.540663 20.623817 -8.442502 11.649187 15.228868 -2.344603 6.842202 -11.603157 -2.941610 -16.941774 -21.633476 15.456040 8.676502 -4.694325 -1.335333 -10.079516 11.212518 3.347811 10.414978 -1.353015 8.306945 -13.330590 10.225492 -8.885921 13.523121 6.449162 -5.521541
2.020845 -18.891436 8.582006 -3.883955 20.382935 -8.435019 11.453394 15.642782 -2.288968 6.613077 -11.691761 -2.907081 -17.263126 -21.584574 15.357720 8.455533 -4.641297 -1.222198 -10.009900 10.863358 3.332938 10.172948 -1.636565 8.525146 -13.318080 10.245109 -8.651727 13.517525 6.608671 -5.380062
1.907034 -19.083761 8.426827 -4.111328 20.240753 -8.368979 11.306681 15.941151 -2.234561 6.481518 -11.758500 -2.928124 -17.434875 -21.538792 15.317642 8.213495 -4.397956 -1.170739 -9.965141 10.627003 3.277080 9.936868 -1.895297 8.630435 -13.326102 10.246958 -8.450779 13.567420 6.739004 -5.183284
1.895763 -19.323298 8.259770 -4.297489 20.162947 -8.294110 11.236466 16.006851 -2.147998 6.389822 -11.773031 -2.993367 -17.610426 -21.565371 15.250414 8.045115 -4.260146 -1.079317 -9.950494 10.480799 3.208864 9.812856 -2.051841 8.661702 -13.355505 10.240341 -8.304606 13.605385 6.818503 -5.008398
1.886605 -19.469885 8.146520 -4.416709 20.130646 -8.271654 11.188044 16.009888 -2.096988 6.322367 -11.814964 -3.026292 -17.715034 -21.529816 15.193000 7.912746 -4.130701 -1.039244 -9.939807 10.306439 3.159701 9.732204 -2.170070 8.653343 -13.375845 10.232697 -8.211406 13.637827 6.879274 -4.876392
1.872062 -19.565037 8.085625 -4.481313 20.121822 -8.262333 11.156633 15.981625 -2.066085 6.286616 -11.847842 -3.039590 -17.820024 -21.486588 15.148566 7.835297 -4.080419 -0.996228 -9.931272 10.167615 3.135509 9.674326 -2.237865 8.650675 -13.375260 10.230635 -8.167639 13.666243 6.917101 -4.810785
1.872864 -19.600573 8.066050 -4.502292 20.113268 -8.259604 11.155779 15.982334 -2.057680 6.276968 -11.858940 -3.037627 -17.838097 -21.469788 15.150102 7.811242 -4.075257 -0.983189 -9.929788 10.126887 3.130782 9.647260 -2.264036 8.659516 -13.374957 10.227616 -8.147690 13.678836 6.932263 -4.792530
