-8.089224 -21.492918 0.664529 1.275357 24.652042 -4.071031 11.193144 11.654112 -3.284051 -4.109435 -13.823690 -2.100656 -15.425706 -17.742020 15.313266 8.645452 1.616016 -9.240401 -11.157941 3.235734 5.484243 -7.700809 0.520676 2.141819 -18.357361 6.997055 -12.455457 16.967602 4.932572 0.136313
-8.164919 -21.458868 0.621403 1.317439 24.661350 -4.058980 11.158772 11.656441 -3.321579 -4.107262 -13.814086 -2.117659 -15.339266 -17.745831 15.326898 8.663770 1.666320 -9.313491 -11.166086 3.244222 5.514709 -7.677918 0.558750 2.097588 -18.361122 6.995567 -12.483903 16.960474 4.930722 0.156089
-8.271528 -21.416182 0.577627 1.393502 24.681068 -4.049676 11.126089 11.675894 -3.377930 -4.091738 -13.754560 -2.164547 -15.215781 -17.749228 15.358429 8.697155 1.709923 -9.442242 -11.175063 3.221336 5.608236 -7.639246 0.673237 1.950225 -18.385250 7.006512 -12.611589 16.948025 4.927825 0.237897
-8.339199 -21.375689 0.549150 1.448512 24.671721 -4.042273 11.123403 11.677446 -3.435561 -4.100955 -13.662020 -2.212882 -15.161405 -17.791672 15.332404 8.803122 1.688865 -9.558164 -11.182820 3.189765 5.627690 -7.579390 0.705118 2.020233 -18.400696 6.972801 -12.548373 16.928211 4.894170 0.291765
-8.570330 -21.369696 0.455227 1.636508 24.705099 -3.988710 11.142838 11.795122 -3.677907 -4.173114 -13.449511 -2.291646 -14.960275 -17.876669 15.315247 9.089293 1.707790 -9.899306 -11.271316 3.192673 5.739291 -7.589603 0.797200 1.895717 -18.343582 7.040519 -12.730706 16.898880 4.889158 0.313573
-9.009069 -21.446493 0.470276 1.972322 24.604694 -3.774492 11.262921 12.143566 -4.083276 -4.416722 -12.849148 -2.378228 -14.962886 -18.092770 15.126498 9.731239 1.438286 -10.335976 -11.371575 3.161928 5.908683 -7.663315 0.767935 1.909762 -18.120213 7.112432 -12.885224 16.881481 4.877992 0.240875
-9.659348 -21.646326 0.484782 2.403714 24.490070 -3.499936 11.452023 12.572762 -4.620270 -4.748936 -11.939423 -2.558467 -15.303404 -18.461926 14.662281 10.677476 0.774635 -10.714068 -11.453290 2.879129 6.181445 -7.854563 0.653877 1.915882 -17.631760 7.300370 -13.260063 16.857155 4.876661 -0.102626
-10.247139 -21.885004 0.340662 2.760008 24.419413 -3.232398 11.646293 12.971960 -5.137382 -5.028781 -11.362554 -2.715617 -15.205793 -18.692612 14.557278 11.265915 0.665459 -11.260380 -11.599271 2.713630 6.389555 -8.121913 0.344947 2.273432 -17.020477 7.489937 -13.467940 16.819057 4.846995 -0.720444
-10.924688 -22.309849 0.231054 3.015860 24.189421 -2.909535 11.902409 13.291962 -5.573294 -5.400443 -10.413850 -2.941584 -15.664582 -19.114004 14.105875 12.111952 0.109742 -11.644692 -11.701406 2.244524 6.677878 -8.177758 0.282173 2.524880 -16.707096 7.617128 -13.671824 16.744341 4.805604 -1.108711
-11.496264 -22.596792 -0.005829 3.244725 24.055164 -2.655664 12.119677 13.508551 -5.992016 -5.636196 -10.171234 -2.992487 -15.628297 -19.172497 14.106608 12.413288 0.167534 -11.998616 -11.762158 2.094039 6.862758 -8.261589 0.238945 2.680761 -16.504072 7.745863 -13.873158 16.636795 4.799161 -1.357330
-11.952858 -22.720358 -0.469481 3.420224 24.051502 -2.446629 12.167715 13.810007 -6.435073 -5.830663 -10.036817 -3.041388 -15.546439 -19.275116 14.100828 12.465556 0.268066 -12.436985 -11.913024 1.689755 7.001616 -8.361480 0.183195 2.724844 -16.377600 7.873775 -14.122526 16.504267 4.787757 -1.518956
-11.989676 -22.624516 -0.920829 3.482718 24.266367 -2.414669 12.087843 14.171877 -6.779185 -5.895726 -9.827597 -3.147447 -15.397755 -19.415329 14.096654 12.614299 0.254273 -12.881654 -12.204001 1.263950 7.036299 -8.472031 0.152663 2.509976 -16.432678 7.950362 -14.450973 16.350863 4.781372 -1.485675
-11.885733 -22.363163 -1.494986 3.435250 24.483652 -2.251348 11.781025 14.902443 -7.092352 -6.012419 -9.705074 -3.268692 -15.444355 -19.497499 13.920347 12.608812 0.043666 -13.218817 -12.353961 0.495010 6.979621 -8.685173 -0.115704 2.574160 -16.301092 8.046515 -14.637391 16.190290 4.761306 -1.691472
-11.652436 -21.959425 -1.922884 3.320238 24.783649 -2.214705 11.428533 15.473488 -7.265752 -6.033747 -9.662041 -3.347365 -15.354374 -19.558384 13.787475 12.649381 -0.070525 -13.625693 -12.429940 -0.105112 6.836811 -8.815017 -0.227572 2.490759 -16.291691 8.125255 -14.804617 16.075521 4.731005 -1.722099
-11.433777 -21.650858 -2.033207 3.193102 24.948269 -2.194082 11.159657 15.923216 -7.285233 -6.109663 -9.590725 -3.474120 -15.079286 -19.592171 13.882089 12.514651 0.102104 -14.145057 -12.675776 -0.629965 6.725706 -8.947099 -0.386414 2.392532 -16.343357 8.135463 -14.997979 15.924205 4.675331 -1.741891
-11.054518 -21.287384 -2.071830 3.054222 25.163420 -2.210594 10.840147 16.366571 -7.276227 -6.189950 -9.571068 -3.543595 -15.163684 -19.614983 13.806413 12.338150 0.076069 -14.306372 -12.733762 -1.161972 6.645023 -9.105330 -0.588836 2.381386 -16.309547 8.201708 -15.193982 15.745994 4.627058 -1.826157
-10.758247 -20.931524 -2.131101 2.952703 25.410679 -2.252807 10.579699 16.679882 -7.311137 -6.218012 -9.528854 -3.605781 -15.170428 -19.647778 13.695995 12.447259 -0.046735 -14.470816 -12.826690 -1.464120 6.516111 -9.163524 -0.710111 2.361106 -16.386232 8.175467 -15.224358 15.660065 4.566721 -1.725635
-10.593515 -20.623960 -2.221474 2.889706 25.629997 -2.307098 10.382578 16.896229 -7.386180 -6.226371 -9.521599 -3.702390 -14.867864 -19.662106 13.811255 12.514032 0.131480 -14.794898 -12.990853 -1.584097 6.481997 -9.178151 -0.702619 2.246993 -16.465237 8.173192 -15.306636 15.637098 4.551087 -1.660115
-10.392515 -20.406069 -2.217949 2.826562 25.741028 -2.340578 10.229823 17.067738 -7.390749 -6.260590 -9.472420 -3.772465 -14.762575 -19.710707 13.836008 12.502176 0.185948 -14.933427 -13.088547 -1.711384 6.423672 -9.225354 -0.772390 2.225474 -16.488003 8.196667 -15.364347 15.581538 4.521889 -1.651857
-10.317301 -20.324572 -2.215540 2.778848 25.775106 -2.347930 10.166401 17.125248 -7.383482 -6.285321 -9.466956 -3.788510 -14.733993 -19.720795 13.848368 12.500145 0.214634 -14.985651 -13.109731 -1.761856 6.420392 -9.277976 -0.826071 2.221833 -16.475281 8.229415 -15.415888 15.543909 4.528960 -1.682146
-10.193596 -20.333235 -2.047090 2.648219 25.663391 -2.375041 10.124341 17.185299 -7.198714 -6.382998 -9.467710 -3.755555 -14.935028 -19.726170 13.749410 12.524397 0.051056 -14.896893 -13.038625 -1.879755 6.388237 -9.311801 -0.943102 2.319410 -16.417818 8.231937 -15.403049 15.500359 4.488793 -1.771163
-10.004443 -20.326250 -1.598808 2.373755 25.369251 -2.430286 10.008612 17.475191 -6.823486 -6.699123 -9.393333 -3.675859 -15.398028 -19.808399 13.418737 12.672979 -0.507613 -14.728677 -12.896640 -2.203240 6.314196 -9.438681 -1.274559 2.639150 -16.207066 8.291834 -15.420130 15.391928 4.389699 -2.217295
-9.800159 -20.396097 -0.975124 2.288010 24.982449 -2.466371 9.855452 18.055367 -6.439658 -7.133542 -9.114311 -3.642080 -16.285969 -19.902250 12.795577 12.843947 -1.467242 -14.370727 -12.809226 -2.950778 6.213274 -9.572117 -1.737710 3.160688 -15.977806 8.224644 -15.295554 15.278706 4.258604 -2.822992
-9.477301 -20.270058 0.276796 2.215974 24.276821 -2.601967 9.748714 18.688908 -5.764730 -7.654757 -8.693989 -3.662289 -17.711937 -20.018227 12.031448 12.919839 -2.837889 -13.312076 -12.506495 -3.601826 6.187249 -9.769794 -2.297642 3.789732 -15.640207 8.216557 -15.172386 15.194814 4.207355 -3.752167
-8.818695 -20.146976 1.882125 2.278621 23.298769 -2.926225 9.669874 19.493179 -4.832783 -8.223747 -8.059440 -3.770502 -19.380009 -20.138918 11.170892 12.987305 -4.293689 -12.005824 -12.335702 -4.244479 6.038100 -10.088788 -2.961148 4.762826 -15.225994 8.256326 -14.639224 15.284155 4.381951 -4.903974
-7.591177 -20.291006 3.401658 2.125681 22.086678 -3.058391 9.514218 20.838875 -3.622318 -8.946262 -7.346009 -3.967579 -21.058016 -20.166687 10.358597 12.954208 -5.903625 -10.611186 -12.145726 -5.174548 5.993593 -10.488574 -3.705604 5.850078 -14.726731 8.312228 -14.158420 15.298615 4.614573 -6.247056
-6.075005 -20.338070 5.113297 1.543223 20.796251 -3.512052 9.533105 21.849070 -2.279171 -9.787980 -6.489203 -4.478845 -22.275574 -20.147459 9.854062 12.988953 -6.987865 -9.719043 -12.210641 -6.370812 6.146946 -11.275626 -4.829113 6.983190 -14.011249 8.641427 -13.651760 15.257704 5.143179 -7.519056
-4.599998 -20.206139 6.571566 0.653262 20.065266 -3.736203 9.317415 22.667103 -0.939254 -10.164454 -5.907085 -4.609144 -24.360626 -19.748751 8.834063 13.150161 -8.197115 -7.992990 -12.157870 -7.086039 6.223543 -11.961810 -5.990890 8.008781 -13.503398 8.830432 -13.083383 15.108419 5.519475 -8.381980
-3.749944 -19.678995 8.380271 -0.398981 18.585161 -3.662705 9.706486 23.360172 -0.485596 -11.446978 -5.418491 -4.524099 -26.838070 -18.444126 7.174681 13.718178 -9.232825 -6.426317 -12.301887 -8.005178 6.455911 -12.755338 -7.539629 9.165974 -13.268075 8.970685 -12.455377 14.478601 5.804714 -8.595977
-1.608252 -18.879210 10.059773 -1.415865 15.405149 -6.563021 11.725891 22.760267 -0.495455 -14.192801 -5.407079 -4.663688 -29.189960 -15.460065 5.387025 16.276047 -9.811837 -5.523497 -11.735038 -9.620499 7.535532 -12.762964 -8.392763 10.058901 -14.712904 8.210961 -11.434285 13.444023 6.603923 -8.177229
0.056350 -18.367012 10.912543 -2.677507 13.383307 -8.984283 13.102605 21.594559 -0.087686 -15.580290 -5.087907 -4.333147 -32.313225 -13.223353 4.185125 18.230909 -9.283681 -4.716088 -10.226096 -10.315531 7.494378 -13.109509 -9.831631 10.552597 -16.401806 7.702945 -10.563046 12.089668 7.146869 -7.772396
0.074941 -18.463907 12.197150 -3.595400 11.641771 -10.147864 14.094589 20.480762 0.922373 -16.212521 -4.170129 -4.083911 -34.707832 -10.931390 3.907616 19.063168 -7.297456 -4.023819 -9.139324 -9.530245 6.588603 -13.490544 -11.686277 10.802025 -18.195148 7.274905 -9.709107 10.570790 7.186934 -6.957641
0.481124 -17.419016 14.328472 -4.810277 10.350657 -11.786388 15.023858 20.037722 2.024625 -16.556417 -2.899392 -4.244328 -36.824291 -9.569376 3.992992 18.429455 -5.635750 -2.257532 -8.280541 -8.717318 5.411062 -13.912402 -13.554861 11.126061 -19.278542 6.678084 -8.914107 9.466745 6.831357 -6.034061
0.194053 -16.400440 16.339657 -6.760211 10.033700 -13.861988 15.106309 19.781586 4.017282 -16.420498 -2.756384 -4.059098 -37.968246 -7.693463 4.221999 17.762249 -3.791204 -0.886795 -7.531801 -7.266077 4.446128 -14.223273 -14.875700 11.221622 -19.784069 6.473616 -7.880578 9.235220 6.704227 -4.577809
0.061829 -16.168745 17.477942 -8.903147 10.098182 -14.697489 14.419703 18.676432 6.328852 -16.076160 -2.596752 -3.616811 -38.886383 -5.839041 3.968908 17.321451 -2.470673 0.329630 -7.534818 -5.354205 3.426070 -14.318639 -15.955318 11.341725 -19.943707 6.469257 -6.495337 9.559812 6.666673 -3.014771
0.780731 -16.648125 17.773663 -10.551432 9.759662 -14.641772 13.790658 17.264795 8.051255 -15.949402 -2.620118 -2.440876 -39.580444 -5.078317 3.248982 15.927954 -1.563977 1.594093 -8.341434 -2.381754 2.890823 -14.221148 -16.631006 11.025427 -19.912491 6.418019 -5.149217 10.268482 6.863207 -1.175548
1.805614 -17.559866 17.489902 -11.916441 9.815362 -14.070023 13.129982 16.051594 9.303111 -15.787500 -2.449693 -1.706062 -39.848156 -5.644407 3.009165 14.304663 -0.890814 3.003954 -9.146594 0.408722 2.689147 -14.070178 -16.815338 10.594253 -19.698557 6.438058 -4.121927 11.086416 7.106118 0.530539
2.602978 -18.109428 17.193996 -13.135989 9.961884 -13.574053 12.368834 15.090132 10.349235 -15.693687 -2.580095 -1.183979 -39.974113 -5.952308 2.694020 13.340409 -0.207019 3.645856 -9.439321 2.285478 2.415635 -13.884573 -16.886709 10.316516 -19.572550 6.347682 -3.290989 11.785250 7.181624 1.728435
2.854157 -18.443260 17.057840 -13.747702 9.940253 -13.306332 12.098370 14.509774 10.818692 -15.716585 -2.592640 -0.988545 -39.856209 -6.179259 2.477845 12.849898 0.037148 3.927329 -9.791404 3.302401 2.437907 -13.632231 -16.657969 10.052719 -19.584240 6.226749 -2.949200 12.153041 7.216084 2.378665
2.918855 -18.509260 16.959530 -13.941099 9.969516 -13.315731 12.013974 14.279467 10.993033 -15.645870 -2.663133 -0.875802 -39.870281 -6.249027 2.454706 12.631942 0.140276 4.039026 -9.831429 3.566339 2.462746 -13.555427 -16.594431 9.989743 -19.589027 6.232810 -2.809026 12.253073 7.268988 2.587952
2.960209 -18.571108 16.952778 -13.988536 9.915761 -13.229916 11.995074 14.267828 10.997444 -15.706873 -2.645595 -0.875603 -39.915466 -6.265855 2.433389 12.618423 0.128263 4.045042 -9.824642 3.540644 2.438805 -13.535718 -16.616055 10.039887 -19.612110 6.212800 -2.792577 12.211891 7.228553 2.597056
3.103897 -18.653215 16.817932 -14.104746 9.898640 -13.129640 11.844255 14.324383 11.039615 -15.822023 -2.646310 -0.804347 -40.130943 -6.312488 2.423318 12.314659 0.251020 4.108220 -9.808082 3.400761 2.391367 -13.525567 -16.671335 10.107816 -19.565098 6.199778 -2.782371 12.217829 7.151325 2.608831
3.222445 -18.805897 16.674257 -14.247341 9.824796 -12.977142 11.708581 14.312347 11.080043 -15.972002 -2.722607 -0.724516 -40.259068 -6.270512 2.543914 12.169485 0.520126 4.001861 -9.649936 3.243546 2.291595 -13.518778 -16.780870 10.248880 -19.541748 6.187049 -2.715136 12.199989 7.066519 2.615734
3.374855 -19.000547 16.479855 -14.424021 9.740079 -12.700996 11.501298 14.282642 11.127275 -16.147690 -2.798212 -0.590054 -40.491249 -6.233108 2.576412 11.967012 0.687048 3.990604 -9.514146 3.062291 2.227016 -13.483880 -16.874685 10.369876 -19.515188 6.141675 -2.668308 12.189125 6.963452 2.645787
3.603797 -19.213472 16.085821 -14.659469 9.629107 -12.409260 11.254792 14.278318 11.095950 -16.365690 -2.794173 -0.425731 -40.783531 -6.349138 2.627320 11.524216 1.020947 3.825989 -9.485636 2.733668 2.118687 -13.474751 -17.023340 10.524707 -19.486290 6.121164 -2.517298 12.217140 6.910071 2.671954
3.872087 -19.395763 15.667208 -14.799636 9.528822 -12.152895 11.034199 14.388414 10.998446 -16.612810 -2.933395 -0.244498 -41.042999 -6.267207 2.669704 11.349710 1.393785 3.446083 -9.301738 2.241097 1.968934 -13.563563 -17.217148 10.587961 -19.356115 6.072927 -2.496137 12.320707 6.837638 2.621043
4.141038 -19.581198 15.189556 -14.974213 9.403398 -11.844130 10.799424 14.475389 10.888141 -16.885950 -3.028126 0.043790 -41.433323 -6.501143 2.598736 10.944822 1.505023 3.400342 -9.153177 2.113125 1.769025 -13.595956 -17.386427 10.651204 -19.247482 5.927294 -2.430249 12.427015 6.682658 2.732547
4.485028 -19.771420 14.627249 -15.051715 9.210879 -11.654657 10.795479 14.504547 10.621255 -17.072405 -3.232461 0.553528 -41.905373 -6.560375 2.626462 10.702363 1.719596 3.058098 -8.800660 1.999915 1.598294 -13.735953 -17.634855 10.763437 -18.999920 5.865996 -2.324027 12.564291 6.601898 2.868337
4.822175 -19.949074 13.996418 -15.168978 8.950683 -11.556557 10.979374 14.315624 10.336187 -17.087463 -3.495835 0.831494 -42.021023 -6.825139 2.696469 10.648788 1.563383 2.933868 -8.490047 1.986577 1.555974 -13.898889 -17.745790 10.725767 -18.769562 5.880158 -2.339790 12.731020 6.614931 3.066726
5.060481 -20.206217 13.403622 -15.281113 8.602979 -11.519370 11.299653 14.061524 10.054538 -17.095932 -3.711388 1.088580 -42.200130 -7.073283 2.949817 10.638456 1.773563 2.739351 -7.846997 2.077652 1.465154 -14.024478 -17.875036 10.737998 -18.514397 5.891585 -2.324347 12.859618 6.586878 3.254705
5.306406 -20.172167 12.855028 -15.355040 8.337749 -11.854122 11.673882 13.804934 9.725690 -17.036005 -4.002140 1.327537 -42.194408 -7.266329 2.950392 10.880285 1.511738 2.760692 -7.243697 2.338840 1.345236 -14.057186 -17.961637 10.796706 -18.390278 5.856577 -2.294571 12.811848 6.498038 3.478969
5.414768 -20.070208 12.560248 -15.426856 8.234735 -12.206568 11.958571 13.646701 9.496360 -17.012527 -4.209018 1.451724 -42.037182 -7.315224 2.986011 11.360550 1.502283 2.514125 -6.668660 2.566893 1.303971 -14.022199 -17.913193 10.654510 -18.112423 5.766880 -2.349316 13.033514 6.380537 3.818670
5.215292 -19.861731 12.430699 -15.471119 8.035778 -12.601114 12.422234 13.389771 9.126031 -17.046623 -4.557401 1.573748 -41.862122 -7.246710 2.780826 11.983568 0.915813 2.684968 -6.222353 2.956303 1.205549 -14.029031 -17.995600 10.688571 -18.092405 5.765050 -2.353337 12.962015 6.292791 4.045591
4.948303 -19.541681 12.642329 -15.691902 7.800344 -12.918919 12.821082 13.107631 8.976536 -17.095789 -4.620371 1.712120 -41.871323 -7.049804 2.705253 12.891672 0.803461 2.445883 -5.733857 3.488408 0.915636 -13.921753 -18.069380 10.876933 -18.042398 5.657040 -2.219524 12.958307 6.041418 4.301492
4.776886 -19.194918 12.671250 -15.829706 7.742033 -13.173594 12.973645 12.795905 8.849359 -17.053038 -4.675829 1.667399 -41.630882 -7.073303 2.556831 13.496023 0.376843 2.742681 -5.564056 4.058284 0.786774 -13.773524 -18.004095 10.943423 -18.181145 5.554029 -2.154792 12.846305 5.874599 4.623239
4.636683 -18.809748 12.815190 -15.869331 7.774962 -13.510351 13.111059 12.691031 8.700780 -17.012918 -4.716660 1.567290 -41.444572 -6.876865 2.439990 14.211363 0.179362 2.656719 -5.370907 4.306973 0.692134 -13.595176 -17.997662 11.089527 -18.375488 5.368119 -2.117809 12.678320 5.673231 4.702966
4.317320 -18.510466 13.047193 -15.900856 7.811757 -13.796988 13.349279 12.477620 8.620138 -16.858919 -4.866664 1.509216 -41.348194 -6.569842 2.616085 14.735790 0.448638 2.432697 -4.943650 4.475842 0.680516 -13.530695 -17.961054 11.111691 -18.429703 5.334375 -2.056517 12.719543 5.654826 4.807640
3.998590 -18.293894 13.305999 -15.912889 7.830601 -14.038982 13.473930 12.410791 8.614922 -16.839109 -4.898844 1.458735 -41.196144 -6.496881 2.671833 15.169640 0.430794 2.200925 -4.752164 4.514011 0.593062 -13.496564 -17.993334 11.149992 -18.489071 5.264566 -2.002964 12.719051 5.594980 4.893384
3.808300 -18.143057 13.544467 -15.897533 7.833676 -14.196739 13.572827 12.380981 8.621003 -16.828381 -4.948870 1.385261 -40.980026 -6.508843 2.627464 15.649606 0.162141 2.045307 -4.653677 4.522772 0.563942 -13.471891 -17.996874 11.166789 -18.547281 5.240027 -1.967564 12.719177 5.587452 4.911389
3.763606 -18.097631 13.607286 -15.921320 7.854252 -14.257538 13.579547 12.352606 8.647990 -16.812057 -4.980824 1.342563 -40.860184 -6.537619 2.673583 15.737638 0.137954 2.012677 -4.643969 4.548679 0.568285 -13.447465 -17.976070 11.166982 -18.564739 5.218554 -1.954900 12.725563 5.582276 4.939577
3.705762 -18.067585 13.628716 -15.930130 7.895574 -14.259888 13.635509 12.219241 8.625196 -16.719122 -5.117265 1.358931 -40.806152 -6.497826 2.708809 15.780268 0.112404 2.090044 -4.543540 4.653335 0.566388 -13.358356 -17.870741 11.160550 -18.571823 5.170261 -1.896571 12.804144 5.554884 5.032112
3.543981 -18.030855 13.646581 -16.035429 8.022308 -14.394964 13.750530 11.792799 8.687325 -16.484774 -5.449394 1.336338 -40.614864 -6.294564 2.921773 15.938835 0.293370 2.243283 -4.226382 5.001664 0.548815 -13.146415 -17.690451 11.250293 -18.761337 5.080678 -1.744869 12.786791 5.492052 5.138646
3.185528 -17.920099 13.722395 -16.185305 8.245681 -14.766918 14.020910 10.975042 8.730422 -16.159658 -5.795763 1.284236 -40.452278 -6.004880 3.227539 16.038549 0.656209 2.510259 -3.833378 5.464918 0.571628 -12.806705 -17.381605 11.370390 -19.094389 4.986372 -1.464899 12.774354 5.455261 5.407591
2.642390 -17.753466 14.000268 -16.214027 8.458875 -14.997651 14.357803 10.125894 8.641854 -15.907557 -6.724388 1.222813 -39.738693 -5.491830 3.566488 16.521210 0.670313 2.897898 -3.369422 6.183663 0.629541 -12.249181 -16.772982 11.293422 -19.451099 4.757856 -1.175610 12.984537 5.357376 5.847115
2.287918 -17.834076 13.545327 -16.330904 8.929889 -15.047856 14.267161 9.311705 8.533795 -15.566159 -7.723916 1.077408 -38.988373 -4.494856 4.152057 17.046497 1.403270 2.977565 -2.808374 6.659702 0.816187 -11.577186 -16.022608 11.213006 -19.906162 4.503446 -0.911276 13.156786 5.255664 6.234016
1.648515 -18.001261 12.954557 -16.344948 9.407804 -14.893601 14.156477 8.543520 8.198531 -15.298759 -8.997323 0.992107 -38.061749 -3.122699 4.864334 17.601295 2.122424 3.290560 -2.322364 7.315875 1.028710 -10.670674 -15.012557 10.957162 -20.451889 4.123191 -0.505742 13.516617 5.111912 6.937428
0.987467 -17.877531 11.986413 -16.391798 10.139638 -14.759590 13.916530 7.696503 7.760781 -14.802101 -10.103561 0.775262 -36.622131 -2.140531 5.490276 18.574162 2.461150 2.850550 -2.054458 7.499454 1.409260 -9.824645 -13.980191 10.641938 -20.943043 3.813267 -0.411433 13.759718 5.010227 7.373282
0.145259 -17.788614 10.897134 -16.328737 10.852714 -14.630405 13.772728 6.815933 7.184551 -14.411638 -11.285692 0.911297 -35.452381 -0.737176 6.001903 19.338669 3.072631 2.359608 -2.001183 7.628940 1.461203 -8.989688 -13.213139 10.422095 -21.385174 3.531155 -0.224927 13.873259 4.799246 7.800120
-0.634051 -17.818617 9.532287 -16.484348 11.742826 -14.134769 13.427947 6.011079 6.555367 -13.984335 -12.475939 1.019175 -34.178406 0.596924 6.820256 19.999680 3.837388 1.682138 -1.832697 7.441413 1.595629 -8.150192 -12.424461 10.071403 -21.936922 3.188993 -0.408257 13.677031 4.465710 8.123848
-1.489381 -17.911716 7.770398 -16.509626 12.743553 -13.908032 13.236139 5.409727 5.582088 -13.431703 -13.249422 1.140545 -33.089958 2.179304 8.361968 20.348911 5.913750 0.200026 -1.610434 7.345489 1.880722 -7.226964 -11.418989 9.625997 -22.260021 2.923689 -0.599623 13.764124 4.202130 8.566551
-2.506068 -18.063814 5.825795 -16.673113 13.758969 -13.983356 13.023068 4.609426 4.689774 -12.773028 -13.670795 1.033109 -31.670048 3.613860 10.067811 20.849867 8.415534 -1.959089 -1.603356 7.142706 2.219537 -6.257544 -10.312365 9.194863 -22.872141 2.689933 -0.894496 13.612488 3.887881 9.149934
-3.519486 -18.121527 3.631201 -17.079775 14.677141 -14.412504 12.812890 3.233129 3.898906 -12.203957 -14.296576 1.099899 -29.812519 4.465899 11.612626 20.873905 10.362830 -4.095420 -1.922094 7.214704 2.346273 -5.291276 -9.592501 8.464325 -23.500587 2.223789 -1.145722 13.568890 3.498754 9.802472
-4.477577 -18.271250 1.756738 -17.155327 15.060353 -14.664921 12.860933 2.044236 3.061625 -11.836037 -14.980961 1.211980 -27.867491 5.096896 12.854164 20.730175 12.407105 -6.355001 -2.358615 7.391355 2.815563 -4.326797 -8.694901 7.565103 -24.220467 1.675027 -1.632120 13.483425 3.210003 10.520278
-4.766009 -18.754837 -0.542191 -16.885971 15.467552 -14.385759 12.737823 1.522305 1.790686 -11.500829 -15.568260 1.207512 -26.083546 5.347644 13.537920 20.907780 13.644896 -8.150710 -3.098335 7.685233 3.247340 -3.441575 -7.717178 6.545681 -24.613171 1.230179 -2.100014 13.584889 3.017585 11.130072
-7.015449 -27.963776 -1.286654 -12.936180 23.399441 -3.068400 6.214431 3.330587 7.237103 -1.786288 -19.698864 5.390012 -23.153212 -0.099222 22.041721 16.434647 6.238707 -7.283147 1.064498 10.556189 -2.380055 2.307621 -4.634243 7.223661 -23.061222 6.484755 5.033794 17.132771 4.886513 5.908488
-6.910470 -28.014746 -2.729362 -12.211010 24.014961 -2.326016 6.050210 2.689183 6.138546 -1.763499 -20.186855 5.262440 -21.849165 -0.438104 22.203505 16.248283 7.118836 -8.653848 0.424487 10.779935 -1.643118 2.622889 -3.599468 6.376300 -22.881996 6.630173 4.119610 17.106331 4.867995 6.334099
-6.556017 -27.926216 -3.872915 -11.044123 25.049408 -1.601396 6.031326 2.062145 5.279224 -1.223235 -20.393257 4.878903 -20.415384 -1.002909 22.427483 16.032227 7.356022 -9.628397 -0.310078 10.956751 -1.012330 2.775760 -2.783908 5.794315 -22.692778 6.674385 3.342498 17.061520 4.749595 6.667132
-6.219307 -28.109457 -4.628294 -10.044289 25.812649 -1.225932 6.367518 1.428847 4.801376 -0.329923 -20.805277 4.620440 -19.066246 -1.686087 22.881241 15.291157 7.657793 -10.366368 -1.079201 10.533010 -0.302459 3.047660 -1.960680 5.057229 -22.494755 6.719851 2.683634 17.147919 4.665710 6.864313
-6.115149 -27.920944 -4.765161 -8.612594 26.693157 -1.340326 7.328796 0.845384 4.097266 0.799896 -20.913120 4.334867 -17.160908 -2.307571 23.029448 15.729128 6.989199 -11.233434 -1.983665 9.919008 0.386141 3.374317 -1.117682 4.446975 -22.324659 6.846161 1.885469 17.092609 4.525892 6.890710
-6.025461 -25.265577 -2.793356 -7.020962 26.943718 -1.780740 8.795395 0.298206 2.746260 -0.719045 -20.770590 3.481691 -16.323570 -8.032793 17.735268 11.898619 8.611526 -10.447434 -5.514459 10.667073 1.681454 0.135616 1.235569 4.099231 -24.158108 4.092695 -1.282867 17.353050 3.019059 6.879506
-5.119225 -23.614080 -2.141813 -5.711633 27.005129 -1.732613 9.489199 0.577169 1.081455 -0.878247 -19.945967 3.485227 -14.791717 -10.476584 17.144005 11.188169 7.738419 -10.982530 -7.296433 11.341858 2.765768 0.530231 2.416870 4.085906 -23.417065 3.542946 -2.844958 17.406609 2.449782 6.286466
-3.376043 -22.730125 -1.826211 -4.030377 27.326649 -1.179430 10.006845 1.661417 0.061257 -0.369637 -18.804529 2.719064 -13.408620 -11.828725 17.259575 11.931913 6.546578 -10.991242 -8.104278 12.377852 3.560891 0.572305 3.665219 3.973240 -23.015491 3.639614 -4.072254 17.620052 2.304559 5.389493
-1.334901 -21.906107 -0.827923 -2.589275 27.735428 -0.533385 10.189201 2.452820 -0.174947 0.336815 -17.245081 1.377341 -12.098393 -13.725934 17.530130 12.375560 5.065145 -10.792206 -8.924503 13.357062 3.972541 0.390522 4.098105 4.005094 -22.419333 4.132032 -5.085144 17.526459 2.302915 4.048909
-0.278706 -21.211765 1.174629 -1.455242 27.455315 -1.103751 11.084810 3.082957 0.262287 0.694664 -16.188171 0.280538 -11.521081 -15.185861 17.611153 12.059288 3.939213 -10.280794 -9.614284 13.421967 4.305027 -0.014739 4.283957 4.315428 -21.645390 4.613612 -6.104875 17.413609 2.330234 2.293547
1.085688 -20.106157 3.229533 -1.138153 27.283854 -2.054543 11.523310 3.659672 1.182664 0.657781 -15.267014 -0.660904 -11.340838 -16.652828 17.384121 11.738073 2.202174 -9.401427 -10.204599 13.283621 4.412052 -0.534695 4.338759 5.052792 -21.065382 4.997503 -6.816161 17.254097 2.323472 0.767383
2.884104 -19.737585 5.041556 -1.483526 26.673126 -2.393039 11.892038 4.194785 2.642410 0.629411 -14.181096 -1.229156 -11.731586 -17.725529 17.136875 11.755798 0.297868 -8.506946 -10.469815 13.317800 4.570120 -1.124777 4.363748 5.710701 -20.364162 5.370979 -7.455000 17.258286 2.392949 -0.516361
4.755523 -19.499073 6.026065 -1.321229 26.168968 -2.308613 12.252396 5.174343 3.277374 0.744358 -13.578308 -1.637761 -12.352499 -18.839489 16.234516 12.199719 -2.291730 -6.433696 -10.185110 14.592491 4.729704 -1.757374 4.103542 6.351354 -19.623276 5.740278 -7.845961 17.274769 2.538523 -1.593625
5.843568 -19.465746 6.538056 -0.946069 25.736168 -2.464453 12.327431 6.419428 3.570935 0.412062 -13.092231 -1.967918 -13.015567 -19.732716 15.837454 12.119768 -3.609581 -4.818219 -10.004402 15.190971 4.874179 -2.272593 3.878702 6.847487 -19.008202 5.992223 -8.129189 17.308071 2.672626 -2.483769
6.315487 -19.484116 6.821872 -0.550526 25.380827 -2.763347 12.521858 7.695160 3.490660 0.260674 -12.743832 -2.232786 -13.916142 -20.180927 15.631728 11.606966 -3.959451 -3.658065 -9.939849 14.950603 4.873920 -2.734734 3.544722 7.347163 -18.525770 6.122047 -8.076788 17.419712 2.821326 -2.920100
6.176421 -19.533884 7.469287 0.096757 24.872921 -2.629618 13.077745 8.646106 3.187763 0.125263 -12.318624 -2.462472 -14.803033 -20.498489 15.612748 10.849196 -3.709466 -3.198203 -9.933078 14.118279 4.836800 -3.257737 3.010329 7.729479 -18.242205 6.202813 -7.972521 17.457464 3.024548 -3.134261
5.893507 -19.701580 7.881967 0.578075 24.275082 -2.647354 13.704693 9.583509 2.943656 -0.026068 -12.066040 -2.638202 -15.304460 -20.770630 15.749879 10.121351 -3.783308 -2.787198 -10.028922 13.130203 4.850507 -3.755209 2.615265 8.065864 -18.006031 6.295808 -7.904621 17.543732 3.246900 -3.224286
5.235500 -19.959700 8.016029 0.734982 23.595982 -3.066496 14.304861 10.613890 2.838501 -0.241579 -11.820620 -2.738776 -15.763684 -21.133709 15.830738 9.516943 -4.145761 -2.297721 -10.119198 12.374390 4.811182 -4.160712 2.243725 8.365017 -17.895893 6.303982 -7.691605 17.624096 3.452458 -3.160423
4.833841 -20.167036 7.811094 0.702691 23.313808 -3.547061 14.486282 11.278539 2.797100 -0.563909 -11.741175 -2.818097 -16.339756 -21.328781 15.697298 9.067225 -4.350024 -1.900733 -10.119222 11.692093 4.789450 -4.515107 1.912123 8.643809 -17.810707 6.307154 -7.477914 17.658484 3.639917 -3.067816
4.449892 -20.468390 7.575588 0.328979 22.935511 -3.767141 14.457591 11.775389 2.881166 -0.839530 -11.603157 -2.941610 -16.941774 -21.633476 15.456040 8.676502 -4.694325 -1.335333 -10.079516 11.212518 4.707064 -4.782399 1.649711 8.738463 -17.879705 6.274717 -7.306495 17.657082 3.771646 -2.824485
4.442955 -20.746269 7.460676 -0.005641 22.660713 -3.880940 14.399390 12.120832 3.107461 -1.084283 -11.691761 -2.907081 -17.263126 -21.584574 15.357720 8.455533 -4.641297 -1.222198 -10.009900 10.863358 4.736961 -4.944747 1.445067 8.938933 -17.880081 6.293028 -7.118356 17.596651 3.899912 -2.680304
4.367366 -20.924494 7.458494 -0.175780 22.470821 -3.794050 14.291817 12.429746 3.205333 -1.241591 -11.758500 -2.928124 -17.434875 -21.538792 15.317642 8.213495 -4.397956 -1.170739 -9.965141 10.627003 4.703465 -5.114408 1.248443 9.049529 -17.907810 6.305456 -6.963790 17.603310 4.005875 -2.482237
4.409283 -21.135801 7.354363 -0.367048 22.459778 -3.759866 14.222423 12.542014 3.396851 -1.433282 -11.773031 -2.993367 -17.610426 -21.565371 15.250414 8.045115 -4.260146 -1.079317 -9.950494 10.480799 4.665682 -5.185657 1.147837 9.075050 -17.920799 6.300998 -6.863310 17.611637 4.068595 -2.333440
4.447941 -21.286619 7.249436 -0.471858 22.472822 -3.760644 14.161865 12.556633 3.506810 -1.572394 -11.814964 -3.026292 -17.715034 -21.529816 15.193000 7.912746 -4.130701 -1.039244 -9.939807 10.306439 4.629656 -5.245975 1.076862 9.080022 -17.930725 6.294165 -6.795298 17.634604 4.115005 -2.223995
4.463698 -21.388403 7.177428 -0.517775 22.491344 -3.757974 14.137035 12.523037 3.571888 -1.651250 -11.847842 -3.039590 -17.820024 -21.486588 15.148566 7.835297 -4.080419 -0.996228 -9.931272 10.167615 4.615709 -5.290019 1.032742 9.084640 -17.926855 6.299402 -6.762860 17.654663 4.146509 -2.161390
4.460996 -21.423832 7.156071 -0.528811 22.488712 -3.754026 14.134809 12.528807 3.579530 -1.675063 -11.858940 -3.037627 -17.838097 -21.469788 15.150102 7.811242 -4.075257 -0.983189 -9.929788 10.126887 4.613037 -5.313875 1.012651 9.094661 -17.927425 6.301327 -6.748503 17.664219 4.161259 -2.137969
