-9.687396 -20.206285 1.956783 -2.290794 22.573854 -7.409460 9.037397 14.083540 -7.450629 2.884578 -13.820930 -2.099966 -15.425250 -17.741312 15.318105 8.644514 1.617558 -9.242111 -11.158591 3.234774 10.918331 -5.540623 -4.044903 6.730528 -12.483296 -2.777541 -17.706932 13.807430 -3.867540 5.882182
-9.869036 -20.128674 1.867623 -2.179101 22.601921 -7.392939 8.979492 14.106033 -7.543303 2.911698 -13.751469 -2.163516 -15.215550 -17.748722 15.363422 8.695798 1.712032 -9.443620 -11.175561 3.220343 11.051134 -5.515296 -3.865918 6.554173 -12.484011 -2.700013 -17.873196 13.802794 -3.819006 6.004702
-10.179352 -20.071878 1.744986 -1.955828 22.628641 -7.351286 9.012568 14.226213 -7.834661 2.845793 -13.446750 -2.290963 -14.959818 -17.875959 15.320088 9.088354 1.709334 -9.901013 -11.271966 3.191720 11.169661 -5.505970 -3.720642 6.436353 -12.427281 -2.571198 -18.023705 13.778969 -3.779871 6.125381
-11.288692 -20.348658 1.772780 -1.190222 22.420033 -6.835136 9.328741 15.002693 -8.778196 2.266921 -11.936662 -2.557781 -15.302947 -18.461216 14.667124 10.676537 0.776176 -10.715774 -11.453940 2.878173 11.532896 -5.976284 -3.905312 6.221017 -11.829603 -1.939010 -18.555050 13.768709 -3.428243 5.676113
-12.524931 -21.040039 1.504198 -0.559321 22.103870 -6.267565 9.755919 15.726683 -9.742998 1.596838 -10.410764 -2.940603 -15.664433 -19.112946 14.111323 12.111267 0.110472 -11.646840 -11.702147 2.244029 12.011181 -6.603493 -4.381016 6.433158 -10.978455 -1.205371 -18.777065 13.845365 -2.949630 4.826369
-13.547305 -21.450808 0.814507 -0.149626 21.965532 -5.797103 10.013640 16.245384 -10.598969 1.156125 -10.034005 -3.040682 -15.545991 -19.274364 14.105789 12.464624 0.269548 -12.438714 -11.913679 1.688779 12.436947 -6.886299 -4.419223 6.442449 -10.712308 -0.825101 -19.077385 13.799557 -2.685093 4.359842
-13.480011 -21.093592 -0.211008 -0.134543 22.397680 -5.601816 9.626801 17.337845 -11.256316 0.974355 -9.702261 -3.267987 -15.443908 -19.496750 13.925305 12.607882 0.045148 -13.220548 -12.354615 0.494036 12.620764 -7.198834 -4.610573 6.280381 -10.695737 -0.670800 -19.496647 13.556392 -2.507420 4.043437
-13.028573 -20.380995 -0.748549 -0.376065 22.862549 -5.544248 9.004782 18.358847 -11.449244 0.876494 -9.587946 -3.473446 -15.078818 -19.591454 13.886982 12.513710 0.103603 -14.146766 -12.676435 -0.630933 12.673079 -7.378502 -4.780099 6.161745 -10.796662 -0.759553 -19.816128 13.296695 -2.494753 3.862887
-12.350285 -19.664064 -0.851770 -0.621025 23.322803 -5.611539 8.434679 19.117001 -11.476119 0.777689 -9.526091 -3.605090 -15.169972 -19.647062 13.700849 12.446321 -0.045197 -14.472525 -12.827340 -1.465077 12.664707 -7.506454 -5.024205 6.181058 -10.874617 -0.861706 -19.964882 13.077126 -2.547563 3.742965
-11.985205 -19.139164 -0.938446 -0.747238 23.652691 -5.699513 8.084694 19.505028 -11.555783 0.734543 -9.469624 -3.771743 -14.762139 -19.709965 13.840922 12.501246 0.187470 -14.935156 -13.089196 -1.712351 12.701859 -7.481782 -5.015998 6.079199 -10.970897 -0.940603 -20.077957 13.021929 -2.598569 3.787081
-11.785885 -19.066675 -0.768008 -0.925823 23.575527 -5.733584 7.979110 19.622515 -11.363462 0.612755 -9.464913 -3.754833 -14.934592 -19.725422 13.754325 12.523468 0.052580 -14.898621 -13.039273 -1.880721 12.729027 -7.559444 -5.129098 6.141883 -10.931783 -0.911791 -20.063597 12.999755 -2.549695 3.649358
-11.387327 -19.130800 0.300129 -1.290653 22.902546 -5.815726 7.708579 20.490520 -10.599146 -0.128385 -9.111273 -3.641109 -16.285702 -19.901794 12.800490 12.842571 -1.465142 -14.372056 -12.809735 -2.951756 12.806275 -7.795148 -5.687664 6.698730 -10.650052 -0.978586 -19.839882 13.067410 -2.424825 2.564262
-10.401366 -18.875122 3.166372 -1.292290 21.213680 -6.286820 7.512122 21.929600 -8.996914 -1.233365 -8.056544 -3.769744 -19.379585 -20.138096 11.176060 12.986387 -4.292337 -12.007567 -12.336368 -4.245457 12.541517 -8.553720 -6.998992 7.907292 -10.047093 -1.112159 -19.172058 13.438608 -1.980556 0.159372
-7.665710 -19.060019 6.406362 -2.024173 18.713249 -6.858629 7.378486 24.286201 -6.443749 -2.796703 -6.486423 -4.478170 -22.275106 -20.146740 9.858955 12.988010 -6.986365 -9.720754 -12.211299 -6.371778 11.682049 -10.105377 -9.388390 9.584929 -9.273005 -0.563621 -17.785156 13.846685 -0.999612 -2.750863
-5.333680 -18.406580 9.665501 -3.968973 16.510937 -7.001820 7.549330 25.795729 -4.644656 -4.445110 -5.415712 -4.523424 -26.837605 -18.443409 7.179576 13.717237 -9.231324 -6.428028 -12.302543 -8.006145 9.112598 -12.256888 -12.349447 11.601180 -9.337957 1.644287 -16.149231 12.450741 -0.225337 -3.395163
-1.519366 -17.088839 12.201968 -6.248178 11.315070 -12.342580 10.926344 24.029566 -4.242600 -8.583289 -5.085059 -4.332445 -32.312767 -13.222581 4.190196 18.229973 -9.282303 -4.717808 -10.226766 -10.316505 3.496718 -13.723621 -16.148981 15.602460 -11.902085 4.806582 -14.296538 6.803515 -2.001057 -1.153798
-1.067153 -16.137274 15.583568 -8.390324 8.299380 -15.162106 12.826340 22.503807 -2.139470 -9.537358 -2.896626 -4.243638 -36.823837 -9.568660 3.997845 18.428516 -5.634212 -2.259242 -8.281194 -8.718275 0.432647 -12.276202 -18.209452 19.057001 -14.229675 5.106538 -11.272862 4.681110 -3.753412 -3.076301
-1.458250 -14.852106 18.774963 -12.401962 8.039496 -18.062490 12.147273 21.151112 2.115485 -9.104965 -2.593985 -3.616120 -38.885933 -5.838326 3.973762 17.320513 -2.469137 0.327919 -7.535470 -5.355162 -0.473431 -11.014506 -17.319933 20.714254 -15.197691 6.505934 -7.148189 5.620394 -2.275481 -3.714564
0.248824 -16.305056 18.709915 -15.276339 7.721161 -17.389175 10.899150 18.546505 5.092988 -8.990811 -2.447524 -1.705154 -39.847500 -5.643614 3.013581 14.303630 -0.888926 3.002455 -9.147147 0.407571 0.887394 -10.148650 -15.457539 20.756060 -15.481965 7.563521 -3.725894 7.607189 0.320471 -2.308211
1.396988 -17.287849 18.221783 -16.981997 7.873101 -16.533327 9.755850 16.933491 6.625794 -9.128293 -2.590502 -0.987735 -39.855419 -6.178327 2.482502 12.848889 0.039119 3.925875 -9.791935 3.301285 2.607406 -9.569882 -13.773281 20.014626 -16.124018 8.152553 -2.204947 8.578419 2.371309 -0.815345
1.508103 -17.422415 18.108408 -17.207113 7.859308 -16.437490 9.646376 16.682007 6.804163 -9.136012 -2.643453 -0.874797 -39.914680 -6.264924 2.438043 12.617412 0.130238 4.043586 -9.825174 3.539533 2.796326 -9.461566 -13.603831 19.938234 -16.161680 8.154891 -2.001551 8.716790 2.536848 -0.601588
1.776376 -17.663261 17.824383 -17.459045 7.774106 -16.182753 9.357639 16.721548 6.895043 -9.413234 -2.720465 -0.723709 -40.258282 -6.269581 2.548570 12.168473 0.522101 4.000404 -9.650470 3.242435 2.826858 -9.465564 -13.713019 20.185568 -16.129484 8.200336 -1.928345 8.615288 2.484457 -0.548217
2.185078 -18.086571 17.227480 -17.850132 7.593084 -15.601643 8.895856 16.670628 6.926399 -9.840086 -2.792032 -0.424924 -40.782745 -6.348207 2.631975 11.523206 1.022921 3.824534 -9.486167 2.732557 3.092350 -9.769523 -13.808468 19.820162 -16.253582 8.293068 -1.826642 8.877135 3.050679 -0.474353
2.752907 -18.472742 16.317678 -18.136217 7.382435 -15.015087 8.430309 16.843887 6.731978 -10.403515 -3.025985 0.044596 -41.432541 -6.500212 2.603392 10.943811 1.506997 3.398886 -9.153710 2.112013 3.129830 -9.958200 -13.931820 19.783707 -16.398825 8.432769 -1.897171 8.717115 3.219835 -0.223802
3.437950 -18.844254 15.123105 -18.329802 6.927100 -14.722469 8.608593 16.680790 6.180738 -10.608959 -3.493694 0.832300 -42.020241 -6.824208 2.701124 10.647778 1.565359 2.932411 -8.490581 1.985465 2.883588 -10.475514 -14.422398 19.422688 -16.740664 8.782063 -1.974406 8.385369 3.596388 0.504336
3.921638 -19.066650 13.981847 -18.515738 6.313881 -15.019487 9.303379 16.170116 5.569691 -10.556624 -4.000026 1.328316 -42.193611 -7.265427 2.954984 10.879269 1.513726 2.759254 -7.244231 2.337737 2.161840 -10.763029 -15.117932 19.362555 -17.123295 8.981935 -1.996735 7.565409 3.334103 1.657689
3.839271 -18.760267 13.553617 -18.632135 6.014681 -15.767035 10.049883 15.752211 4.974714 -10.564074 -4.555287 1.574527 -41.861324 -7.245807 2.785418 11.982551 0.917800 2.683530 -6.222888 2.955201 1.436038 -10.974437 -15.712342 19.145098 -17.223181 9.035969 -2.178281 6.934856 2.860782 3.202261
3.400619 -18.092882 13.795439 -18.990749 5.721264 -16.340546 10.602375 15.158123 4.699274 -10.570799 -4.673716 1.668178 -41.630081 -7.072401 2.561423 13.495005 0.378830 2.741243 -5.564590 4.057181 0.581583 -10.863856 -16.157335 19.450468 -17.396145 8.958711 -2.209257 6.210495 1.996917 4.294763
2.938006 -17.406435 14.177943 -19.058052 5.789617 -16.960762 10.980610 14.839924 4.468667 -10.378847 -4.864551 1.509996 -41.347389 -6.568938 2.620677 14.734772 0.450626 2.431258 -4.944182 4.474741 0.096615 -10.824838 -16.316862 19.269854 -17.423843 8.757481 -2.346084 6.150525 1.493467 4.849127
2.428870 -17.039034 14.675296 -19.054621 5.811601 -17.360466 11.204145 14.743329 4.469565 -10.348486 -4.946757 1.386040 -40.979225 -6.507940 2.632057 15.648588 0.164130 2.043869 -4.654211 4.521669 -0.123529 -10.853469 -16.417923 19.268404 -17.490593 8.717764 -2.368804 6.061366 1.309586 5.038695
2.327195 -16.964272 14.758571 -19.086954 5.874087 -17.423376 11.266177 14.581253 4.473624 -10.239891 -5.115151 1.359710 -40.805355 -6.496923 2.713402 15.779250 0.114392 2.088606 -4.544074 4.652232 -0.159421 -10.809950 -16.385834 19.239641 -17.584187 8.655503 -2.282100 6.068374 1.299701 5.199037
1.809973 -16.818380 14.850943 -19.339182 6.226089 -17.931799 11.648377 13.335981 4.577167 -9.681776 -5.793648 1.285015 -40.451477 -6.003977 3.232130 16.037533 0.658197 2.508821 -3.833911 5.463815 -0.547575 -10.527217 -16.160311 19.148027 -17.850311 8.364135 -1.863811 6.368832 1.033410 5.867397
0.939312 -16.741182 14.645274 -19.490759 6.925037 -18.203672 11.875955 11.683367 4.386916 -9.090089 -7.721802 1.078188 -38.987572 -4.493954 4.156651 17.045481 1.405258 2.976126 -2.808908 6.658599 -0.964055 -9.618072 -15.396210 18.669775 -18.488499 7.503678 -1.283189 6.971514 0.479618 6.798682
-0.361135 -16.778849 13.083344 -19.556398 8.124831 -17.910044 11.521763 10.067172 3.600753 -8.319740 -10.101447 0.776041 -36.621330 -2.139629 5.494869 18.573143 2.463139 2.849112 -2.054992 7.498351 -1.687621 -8.156459 -14.352143 18.374372 -19.160538 6.387843 -0.638628 7.636495 -0.524263 7.689790
-1.982500 -16.747957 10.637366 -19.626318 9.715854 -17.238590 11.011084 8.411377 2.385666 -7.533377 -12.473835 1.019963 -34.177643 0.597643 6.824668 19.998541 3.839290 1.680674 -1.833314 7.440208 -2.459268 -6.343831 -13.368651 17.888752 -19.635065 5.246190 -0.597519 7.897746 -1.978450 8.042876
-3.774700 -17.006649 6.941044 -19.648232 11.840950 -16.937943 10.435979 6.996986 0.563194 -6.552315 -13.668706 1.033946 -31.669174 3.614688 10.072387 20.848652 8.417610 -1.960491 -1.603913 7.141678 -2.891463 -3.666414 -12.047668 17.270624 -19.798454 4.046792 -1.140834 7.831927 -4.017427 8.243839
-5.556788 -17.192471 2.974382 -19.942007 13.309788 -17.532101 9.822022 4.312335 -0.920627 -6.068110 -14.978856 1.212805 -27.866611 5.097686 12.858735 20.728954 12.409166 -6.356372 -2.359180 7.390325 -2.800114 -1.026225 -10.329547 16.222769 -20.432028 2.958693 -1.906661 7.544502 -5.758113 9.011576
-10.231687 -24.440580 2.219031 -17.462412 23.799541 -1.636022 4.442825 5.108361 5.401598 4.477184 -19.702450 5.385059 -23.148909 -0.104267 22.032444 16.433302 6.244218 -7.276351 1.064621 10.551687 1.687233 3.670553 -10.218027 10.941691 -17.466089 -1.191152 -2.366813 12.317114 -4.714447 12.627847
-9.981245 -24.232893 -0.031017 -15.481180 25.580914 -0.374747 4.463028 3.770103 3.300682 5.430126 -20.397144 4.874047 -20.411209 -1.007779 22.418192 16.030670 7.361687 -9.621442 -0.309926 10.951677 3.055459 4.408226 -8.373462 9.994164 -17.136124 -1.537139 -4.125754 12.166438 -5.347367 13.020390
-10.672727 -23.854752 -0.337628 -12.647416 26.810749 -0.657952 5.879041 2.944782 1.504682 7.741929 -20.916050 4.329695 -17.157644 -2.312414 23.020702 15.728132 6.994218 -11.225579 -1.982908 9.914171 4.213888 5.427055 -6.303948 8.900432 -16.712158 -1.679925 -5.840777 12.235834 -6.118130 12.936174
-7.400661 -21.334978 0.005038 -8.142170 25.430733 -6.376298 7.080471 3.025335 -3.333694 5.948151 -19.951035 3.481599 -14.784562 -10.480716 17.135765 11.186571 7.744826 -10.977183 -7.296546 11.336311 7.761762 2.431334 -2.610069 8.488173 -17.314415 -6.017814 -9.107272 13.715183 -7.006629 12.638303
-4.324825 -19.906721 1.492609 -5.465809 25.495369 -6.174230 8.382406 5.495387 -4.622453 7.340892 -17.243435 1.377715 -12.097439 -13.725722 17.533379 12.374435 5.066932 -10.792168 -8.924684 13.356898 8.526028 2.357900 -1.512810 9.036685 -15.764554 -5.823589 -11.548156 13.574956 -8.035984 10.431149
-2.179412 -18.133684 5.735433 -3.541595 24.546177 -7.491261 9.738487 7.293991 -3.867869 7.732175 -15.265004 -0.660688 -11.340197 -16.652908 17.387398 11.737236 2.203444 -9.401674 -10.204761 13.283384 8.911689 1.347533 -1.530569 10.048828 -14.389747 -5.243965 -12.996406 13.482179 -7.984418 7.440660
2.028004 -17.563375 8.322309 -3.793241 23.343922 -7.164825 9.987196 8.949409 -2.355369 8.091988 -13.575794 -1.637413 -12.351731 -18.839212 16.238695 12.198824 -2.289493 -6.435435 -10.185600 14.591393 9.347416 0.176694 -1.660835 11.294327 -12.967533 -4.642482 -13.923002 13.738049 -7.661587 5.022100
3.832953 -17.552851 8.899881 -3.408175 22.686687 -7.278755 10.110749 11.054916 -2.130939 7.926658 -12.741214 -2.231716 -13.915490 -20.180470 15.636391 11.606260 -3.958038 -3.659809 -9.940402 14.949503 9.594653 -0.718754 -2.034885 12.175866 -12.038861 -4.283656 -14.037601 14.049782 -7.212544 3.687180
3.670210 -17.800709 9.431132 -2.937729 21.867420 -7.560673 11.157207 12.872977 -2.331835 7.689885 -12.063379 -2.637027 -15.304026 -20.769970 15.754609 10.120556 -3.781821 -2.788803 -10.029357 13.128984 9.568966 -1.754387 -2.813272 12.760553 -11.743451 -3.942750 -13.651329 14.283137 -6.492817 3.232409
2.701813 -18.348909 8.991345 -3.190517 20.989180 -8.300331 11.775931 14.627476 -2.377784 7.176240 -11.738503 -2.816928 -16.339329 -21.328125 15.702023 9.066407 -4.348531 -1.902333 -10.119653 11.690861 9.459660 -2.601634 -3.439875 13.218417 -11.770092 -3.664827 -12.999569 14.456278 -5.786653 3.182626
2.020845 -18.891436 8.582006 -3.883955 20.382935 -8.435019 11.453394 15.642782 -2.288968 6.613077 -11.688908 -2.905894 -17.262714 -21.583826 15.362678 8.454780 -4.639826 -1.223942 -10.010324 10.862178 9.383328 -3.072572 -3.829002 13.438842 -11.990956 -3.482144 -12.487632 14.421545 -5.307821 3.421326
1.895763 -19.323298 8.259770 -4.297489 20.162947 -8.294110 11.236466 16.006851 -2.147998 6.389822 -11.769911 -2.992310 -17.609930 -21.564648 15.255701 8.044241 -4.258731 -1.080986 -9.951056 10.479782 9.301844 -3.319649 -4.073518 13.537998 -12.098695 -3.378373 -12.166999 14.449455 -5.032466 3.685876
1.872062 -19.565037 8.085625 -4.481313 20.121822 -8.262333 11.156633 15.981625 -2.066085 6.286616 -11.845003 -3.038540 -17.819519 -21.485985 15.153460 7.834387 -4.078927 -0.997733 -9.931822 10.166559 9.244520 -3.429462 -4.166153 13.536932 -12.125142 -3.337426 -12.045770 14.497904 -4.915420 3.827172
