10.437542 -6.310661 6.803621 -7.979326 11.811203 -6.447451 22.548637 5.232873 -8.547885 -13.731304 -7.095072 -8.863128 -17.243942 -8.862132 10.468037 7.740887 0.002936 4.528004 -21.640047 6.973661 4.634234 -5.285900 1.044470 9.101676 -17.918640 6.306670 -6.769245 17.646030 4.147127 -2.178499
10.491945 -6.276906 6.914251 -7.876798 11.748127 -6.432404 22.666870 5.304353 -8.600228 -13.656191 -7.014838 -8.916335 -17.157581 -9.007114 10.506373 7.819593 -0.147864 4.608264 -21.659977 7.168649 4.668576 -5.242878 1.098077 9.131766 -17.907274 6.311043 -6.811338 17.632351 4.113866 -2.273958
10.634726 -6.218527 7.113339 -7.634480 11.676955 -6.407153 22.880381 5.344772 -8.681863 -13.501116 -6.941012 -8.959361 -17.054638 -9.176868 10.551332 7.945820 -0.422138 4.728518 -21.694098 7.383857 4.749675 -5.173061 1.199766 9.185637 -17.871054 6.327091 -6.897626 17.605448 4.063595 -2.453345
10.837671 -6.228538 7.266465 -7.300135 11.626793 -6.359193 23.234283 5.251531 -8.804671 -13.314262 -6.788257 -9.066155 -16.950058 -9.429112 10.640049 8.025475 -0.844831 4.957574 -21.770964 7.612985 4.879194 -5.097929 1.356702 9.231226 -17.789547 6.386975 -7.028939 17.576099 4.033253 -2.651960
11.082779 -6.140129 7.448941 -6.798620 11.720397 -6.340772 23.581905 5.156002 -8.992703 -13.084008 -6.544759 -9.211317 -16.681448 -9.710090 10.824463 8.213500 -1.166126 5.004961 -21.863134 8.076232 5.036795 -4.957452 1.561208 9.294566 -17.629002 6.467109 -7.191017 17.584148 3.978512 -2.920248
11.327242 -5.855649 7.779980 -6.373345 11.923006 -6.232617 23.766930 5.096019 -9.202296 -12.772993 -6.408473 -9.339696 -16.344723 -9.940719 11.021029 8.436340 -1.315092 4.980820 -21.972185 8.547493 5.201322 -4.780653 1.800647 9.300900 -17.485037 6.578333 -7.412246 17.585339 3.916661 -3.195044
11.922386 -5.536873 8.198058 -5.882026 12.111535 -6.013835 23.936329 4.926094 -9.330827 -12.394119 -6.328699 -9.505790 -15.773582 -10.038735 11.241863 8.644868 -1.370280 4.830019 -22.073065 9.037792 5.353568 -4.539712 2.080076 9.300673 -17.452038 6.658676 -7.608350 17.528599 3.808620 -3.447834
12.852217 -5.079694 8.650701 -5.368723 12.356485 -5.673056 23.938370 4.466513 -9.368883 -11.938900 -6.383318 -9.514968 -15.015861 -9.986954 11.477772 9.084464 -1.294401 4.534135 -22.098284 9.614727 5.514696 -4.273499 2.377383 9.278248 -17.485268 6.685113 -7.802936 17.422085 3.677473 -3.691855
13.618681 -4.782918 8.911753 -5.119806 12.629527 -5.313578 23.970585 3.838270 -9.312175 -11.591269 -6.504133 -9.548055 -14.281328 -9.951415 11.514771 9.524519 -1.194121 4.352931 -22.038000 10.417621 5.634604 -3.883304 2.764755 9.151220 -17.559322 6.673150 -7.960315 17.305573 3.488543 -3.893405
14.229516 -4.512986 8.892592 -5.083148 12.999661 -5.070450 23.800703 3.147313 -9.257550 -11.287333 -6.649900 -9.620116 -13.529069 -10.041515 11.556669 9.905582 -1.193829 4.266220 -22.039824 11.265905 5.795145 -3.371631 3.179027 8.963738 -17.703363 6.626601 -8.112929 17.060106 3.260125 -4.140427
14.467355 -4.158556 8.447452 -5.171825 13.610520 -4.798853 23.445179 2.296111 -9.315801 -10.939554 -6.878277 -9.709689 -12.703765 -10.151074 11.632348 10.233404 -1.169005 4.088476 -22.106913 12.037195 5.915504 -2.959797 3.451831 8.758260 -17.904522 6.569136 -8.186879 16.836967 3.115728 -4.199381
14.711267 -3.899087 7.813858 -5.387461 14.243478 -4.651551 23.061752 1.318604 -9.307046 -10.582377 -7.114698 -9.827499 -11.989610 -10.222777 11.720945 10.366448 -1.112374 3.928766 -22.218328 12.457994 6.032198 -2.370439 3.773238 8.492875 -18.140137 6.448843 -8.252072 16.642286 2.900407 -4.316562
14.696913 -3.718810 7.349563 -5.442952 14.711796 -4.575786 22.778011 0.704898 -9.461152 -10.314956 -7.493701 -9.925935 -11.271052 -10.173651 11.866944 10.359926 -0.658818 3.427992 -22.409586 12.346817 6.042296 -1.935338 3.936651 8.217175 -18.476562 6.326272 -8.265526 16.489742 2.721057 -4.284277
14.428816 -3.577209 6.958580 -5.482063 15.128004 -4.605967 22.526571 0.192036 -9.699254 -10.071637 -8.137273 -9.943469 -10.500010 -9.901263 12.037704 10.264234 -0.062212 2.937840 -22.579268 12.022692 6.088531 -1.509842 4.042920 8.033457 -18.762772 6.213833 -8.270375 16.330767 2.555006 -4.333232
14.346002 -3.595533 6.687445 -5.401227 15.388582 -4.492316 22.539438 -0.362839 -9.853311 -9.948959 -8.564376 -9.928425 -9.952468 -9.591995 12.228660 10.209757 0.563613 2.356226 -22.717381 11.622059 6.054009 -1.223080 4.142027 7.800697 -19.060169 6.069908 -8.291625 16.276373 2.407932 -4.239402
14.236738 -3.479121 6.624141 -5.211093 15.641013 -4.355527 22.489344 -0.787403 -10.059171 -9.851695 -8.907058 -10.000733 -9.484945 -9.426436 12.405110 10.063684 1.210556 1.889593 -22.900175 11.227420 6.079360 -0.878789 4.262256 7.665741 -19.277632 5.939207 -8.279509 16.166565 2.251110 -4.224442
14.087572 -3.441398 6.524110 -5.119072 15.824376 -4.235301 22.426228 -1.148262 -10.234999 -9.772226 -9.159858 -9.964503 -9.156029 -9.250781 12.535568 9.983269 1.641041 1.536395 -22.998037 10.911782 6.073793 -0.657644 4.329608 7.506849 -19.490032 5.842317 -8.281509 16.065268 2.155705 -4.133499
13.933705 -3.409937 6.427255 -5.019726 15.983094 -4.122005 22.369692 -1.427722 -10.416432 -9.694060 -9.351698 -9.913224 -8.916087 -9.105049 12.649069 9.911673 1.985738 1.270534 -23.053608 10.675843 6.089654 -0.444193 4.369551 7.382437 -19.661978 5.765419 -8.259643 15.964619 2.081491 -4.067813
13.770346 -3.408834 6.341086 -5.023183 16.085529 -4.070744 22.282824 -1.643274 -10.501939 -9.683120 -9.474636 -9.875178 -8.753097 -8.968251 12.749847 9.877255 2.294013 0.991655 -23.101324 10.497301 6.098987 -0.316949 4.400134 7.350023 -19.742943 5.708927 -8.231045 15.914602 2.036986 -4.090117
13.738476 -3.387940 6.307190 -5.001642 16.140598 -4.059336 22.241131 -1.682360 -10.546636 -9.672277 -9.495769 -9.867490 -8.702306 -8.934091 12.789958 9.870665 2.374081 0.911790 -23.118395 10.454871 6.107991 -0.260817 4.401767 7.335845 -19.771553 5.683007 -8.222623 15.886108 2.011693 -4.110424
13.653014 -3.400917 6.221541 -4.990600 16.189758 -4.010149 22.214592 -1.789355 -10.625485 -9.654545 -9.542658 -9.880087 -8.556615 -8.898503 12.879451 9.830267 2.514518 0.803475 -23.156324 10.420729 6.114877 -0.196440 4.416888 7.294055 -19.831961 5.660699 -8.220141 15.854848 1.987482 -4.068911
13.575784 -3.435367 5.967306 -4.968733 16.408770 -3.872716 22.126163 -2.207556 -10.779736 -9.575054 -9.706539 -9.940539 -8.130912 -8.797786 13.104991 9.705344 3.034217 0.426548 -23.284597 10.272087 6.183430 0.109527 4.496109 7.274940 -20.060799 5.551239 -8.169451 15.657890 1.876251 -4.089093
13.481977 -3.556638 5.513747 -4.887787 16.673904 -3.694014 21.981941 -2.737201 -11.106946 -9.488506 -10.083271 -10.163930 -7.365870 -8.822506 13.339653 9.334861 3.713240 0.320250 -23.493795 10.067572 6.258801 0.441304 4.520485 7.173954 -20.387535 5.433264 -8.191800 15.396211 1.781470 -4.035342
13.367374 -3.671180 4.650755 -4.878792 17.059361 -3.674906 21.729397 -3.483925 -11.463235 -9.317158 -10.344829 -10.270728 -6.360944 -8.697026 13.904760 9.079319 4.675691 -0.255551 -23.728838 9.968569 6.399155 0.967559 4.588168 7.043810 -20.719948 5.252233 -8.151910 15.096189 1.643668 -4.014752
13.353680 -3.755920 3.322918 -4.844547 17.657885 -3.750308 21.393604 -4.262559 -11.895345 -9.153625 -10.800964 -10.317447 -5.264565 -8.463103 14.489079 8.966539 5.722240 -0.839060 -23.875380 10.091505 6.474290 1.397459 4.550314 6.865735 -21.166811 5.003525 -8.161129 14.782420 1.523879 -3.924229
13.020269 -3.587914 1.736941 -5.006500 18.422688 -4.064367 20.861164 -4.810556 -12.348133 -9.059772 -11.339436 -10.216907 -4.398762 -7.988318 14.997827 8.794942 7.136808 -1.496644 -23.807043 10.228161 6.565933 1.806067 4.447398 6.573558 -21.704893 4.778502 -8.161210 14.413101 1.478866 -3.644132
12.402069 -3.128011 0.313567 -4.911317 19.201435 -4.541898 19.862354 -4.936156 -13.107886 -8.888851 -12.155443 -9.822470 -3.569117 -7.357766 15.392903 8.620197 8.320231 -2.062314 -23.654741 10.443532 6.615869 2.218712 4.327330 6.247026 -22.210041 4.578765 -8.034245 14.095491 1.441158 -3.356891
11.414606 -2.324915 -1.044973 -5.011536 20.345819 -5.222189 18.811600 -4.762023 -13.831148 -8.608849 -13.270247 -8.898569 -3.039910 -6.220067 15.941515 8.455706 9.064269 -2.663354 -23.394106 10.653807 6.500721 2.622059 4.094416 5.782588 -22.668686 4.207191 -7.828916 13.949333 1.383068 -3.184076
10.564194 -1.546421 -0.729651 -3.899143 21.292408 -5.479825 17.144897 -4.972855 -14.444917 -9.511209 -15.441736 -8.942899 -2.113422 -6.141514 14.369181 8.381514 10.845214 -2.278775 -23.047419 10.687283 6.234242 2.915702 4.619337 5.564651 -24.037777 4.288640 -8.774888 12.478115 1.614890 -2.780970
9.635466 -0.630598 -0.207549 -2.171019 22.331188 -5.417929 14.719928 -5.295144 -15.419524 -11.170963 -17.720469 -9.932755 -1.291569 -6.871588 11.770287 8.012388 13.197899 -0.899101 -22.528963 11.064077 5.619686 3.392290 5.035310 5.683612 -25.329960 4.260496 -9.565148 11.108923 1.755432 -2.554393
8.994198 0.469232 0.303827 -1.391838 23.515789 -5.326106 12.664238 -5.328639 -16.423473 -12.075850 -19.846615 -10.441440 -0.929326 -7.590144 9.224072 7.396565 15.600053 0.121079 -22.104502 11.849634 4.694287 3.837413 5.031476 5.902404 -26.672386 4.115377 -9.935407 9.937465 1.569324 -2.444884
8.778358 1.520887 0.777555 -0.970853 24.267912 -5.726815 10.857882 -5.018228 -16.910236 -12.832789 -21.748640 -10.264809 -1.268066 -7.908242 7.001601 6.404940 17.427559 1.314254 -21.530689 12.102465 3.772832 4.587228 4.096378 5.695924 -27.501390 3.898244 -9.816164 9.018394 1.138979 -2.838352
8.339224 2.525495 1.065405 -0.391492 24.792671 -6.869664 9.444327 -4.618389 -17.389954 -13.358645 -23.465366 -9.662793 -1.782740 -7.894227 5.388101 5.410946 17.942663 2.858959 -21.127794 11.374119 2.909292 4.569586 2.636796 4.868320 -28.178141 3.021163 -10.166396 8.575613 0.611002 -4.236680
8.299102 3.626113 0.722983 -0.263992 25.819538 -7.208796 7.782844 -4.383974 -17.775246 -14.127451 -25.178185 -8.987203 -1.979096 -7.763310 3.898962 4.591596 18.188105 4.228929 -20.833977 10.594196 2.253261 5.349428 1.232974 4.167209 -27.898022 2.474575 -10.115931 8.440214 0.175999 -5.884618
8.300763 4.918606 0.499678 -0.297299 26.885303 -7.188544 5.846209 -3.726104 -18.188274 -14.758359 -26.936558 -8.427331 -2.163563 -7.722650 2.168814 3.659304 18.611204 5.598773 -20.582567 9.634631 1.521355 5.441473 -0.385590 2.821025 -27.294355 1.640534 -10.183851 9.209465 -0.117612 -7.369416
8.681026 5.913843 0.374416 -0.339388 27.820133 -7.230710 3.877634 -3.272325 -18.349939 -15.497447 -28.119900 -8.119617 -2.331590 -7.425735 1.372925 2.613613 18.900995 7.082839 -20.483784 8.905812 1.172326 6.244764 -1.965921 2.057328 -26.279356 1.243571 -9.802731 9.620823 -0.349871 -8.897523
8.898886 6.628634 0.235707 -0.569436 28.503485 -7.089752 2.068922 -2.909403 -18.299427 -16.346193 -29.163641 -7.732404 -2.681083 -7.201411 0.525410 1.732864 19.123796 8.503173 -20.182329 8.588165 1.206447 7.313562 -3.112956 1.186262 -25.344326 1.319989 -9.393237 9.827576 -0.210072 -9.574223
8.710688 7.123218 0.075175 -1.068089 28.916420 -7.036626 0.555686 -2.551533 -18.219704 -17.003477 -29.663658 -7.613502 -3.107335 -7.335462 -0.413972 1.376909 19.167255 9.580148 -19.838762 8.588926 0.849332 7.100393 -3.927865 0.934794 -25.076674 1.067588 -9.082854 10.232247 -0.269716 -9.996954
8.696463 7.396658 -0.092299 -1.496826 29.074970 -7.022558 -0.280782 -2.315770 -18.045176 -17.307222 -29.970932 -7.561638 -3.322016 -7.248899 -0.837445 1.236569 18.919725 10.297636 -19.640356 8.673461 0.726611 6.883420 -4.452159 0.584999 -25.072964 0.912566 -9.050054 10.392338 -0.246731 -10.187551
8.716003 7.496641 -0.150760 -1.656694 29.119167 -7.097256 -0.560709 -2.243933 -17.952858 -17.392256 -30.065699 -7.468445 -3.433644 -7.150583 -0.958906 1.211400 18.822901 10.489918 -19.566416 8.619492 0.675122 6.886259 -4.664775 0.446578 -25.014725 0.901489 -9.002970 10.447231 -0.219510 -10.263996
8.739290 7.484653 -0.157543 -1.617505 29.136848 -7.064766 -0.454033 -2.315199 -17.974251 -17.332565 -30.054022 -7.484354 -3.361868 -7.176623 -0.931810 1.250039 18.804857 10.442305 -19.592302 8.648641 0.666359 6.938177 -4.593567 0.488168 -25.056877 0.858180 -9.007490 10.424350 -0.266208 -10.278425
8.893941 7.477074 -0.067568 -1.467017 29.183434 -6.959355 -0.142082 -2.527214 -17.967285 -17.155882 -29.958630 -7.591405 -3.076055 -7.262915 -0.760632 1.318998 18.832006 10.215637 -19.704683 8.801916 0.680384 7.078595 -4.431725 0.635984 -25.059906 0.834235 -9.013119 10.377432 -0.346322 -10.394705
9.206084 7.520413 0.125766 -1.168895 29.308947 -6.813469 0.297561 -2.857032 -17.930799 -16.892487 -29.822166 -7.688592 -2.686045 -7.383016 -0.502828 1.434790 18.769196 9.961837 -19.862700 8.888863 0.614080 7.270451 -4.069832 0.902188 -25.115425 0.766438 -9.076025 10.308630 -0.512491 -10.605959
9.726564 7.433522 0.315170 -0.697728 29.407408 -6.638741 0.980316 -3.387707 -17.801464 -16.574503 -29.529383 -7.857209 -2.160418 -7.487917 -0.089513 1.657096 18.645121 9.540125 -20.113428 9.032316 0.622676 7.580165 -3.603930 1.109070 -25.152203 0.749969 -9.158908 10.230356 -0.653232 -10.689820
10.165772 7.425383 0.518080 -0.183265 29.512358 -6.391851 1.762347 -3.833216 -17.798597 -16.156290 -29.162762 -8.014521 -1.496210 -7.649974 0.375105 2.036883 18.436502 8.938133 -20.450144 9.165264 0.629023 7.833395 -3.358982 1.460057 -25.212570 0.643237 -9.159763 10.147717 -0.839762 -11.056103
10.533214 7.299616 0.725202 0.208737 29.545794 -6.077918 2.626385 -4.328559 -17.716003 -15.704258 -28.654793 -8.304404 -0.867804 -7.878107 0.832710 2.514111 18.254793 8.242666 -20.774496 9.482464 0.534195 8.355126 -2.825336 1.856439 -25.292522 0.488207 -9.026941 10.225333 -1.065796 -11.091221
10.876308 7.235784 1.011179 0.498302 29.619196 -5.752793 3.379558 -5.002546 -17.495579 -15.280790 -28.013546 -8.691817 -0.275505 -8.248796 1.365147 2.874381 17.973906 7.739043 -21.078188 9.865734 0.388746 8.711703 -2.032073 2.434929 -25.381905 0.318368 -8.946134 10.444670 -1.322027 -11.036694
11.209547 6.969100 1.180981 0.781650 29.573156 -5.446745 4.297075 -5.638990 -17.215923 -14.896355 -27.570496 -9.128005 0.317969 -8.655419 1.697533 3.227030 17.471889 7.430413 -21.401608 10.316959 0.284992 8.840619 -1.240404 2.968483 -25.655577 0.113406 -9.042698 10.513720 -1.545620 -11.051512
11.692023 6.617089 1.436071 1.154810 29.476665 -5.235420 5.169307 -6.313839 -16.809504 -14.706705 -26.996445 -9.703679 0.989503 -9.083012 2.270239 3.427944 17.067657 7.216597 -21.799185 10.715930 0.114901 8.776341 -0.315536 3.677572 -25.924728 -0.125679 -9.133284 10.686818 -1.750861 -11.060881
12.149862 6.207241 1.734816 1.480214 29.295685 -5.109233 6.081938 -6.901255 -16.376003 -14.589787 -26.540527 -10.111478 1.597072 -9.333326 2.819907 3.855860 16.351355 6.797729 -22.108231 10.943836 -0.010436 8.930013 0.716027 4.259465 -26.146284 -0.272635 -9.285686 10.789710 -1.967185 -11.066672
12.824444 5.834602 2.047746 1.781692 29.157337 -5.038111 6.929371 -7.325712 -15.985833 -14.446720 -26.036518 -10.656751 2.214562 -9.712888 3.307658 4.285973 15.757565 6.398693 -22.440876 11.212897 -0.024629 9.030457 1.432577 4.822719 -26.346088 -0.363835 -9.409892 10.709711 -2.140310 -11.261612
13.291538 5.273751 2.332804 2.110071 28.920731 -4.973866 7.593440 -7.775320 -15.694717 -14.524128 -25.716434 -10.895573 2.911630 -9.913836 3.910573 4.719930 15.075608 6.160715 -22.689959 11.202245 -0.016362 9.249904 2.271132 5.457529 -26.426485 -0.411754 -9.451060 10.748139 -2.268444 -11.243608
14.092369 4.685304 2.490393 2.507425 28.681288 -4.997868 8.266523 -8.372946 -15.398449 -14.442224 -25.173973 -11.442811 3.650602 -10.523106 4.397206 4.885631 14.755668 5.955303 -23.134314 11.343250 -0.007620 9.504078 2.913050 5.997911 -26.573608 -0.587447 -9.465245 10.771811 -2.492615 -11.551247
15.102184 4.338782 2.835253 3.015522 28.451086 -5.065420 8.833707 -8.896322 -15.156188 -14.204688 -24.819479 -11.796325 4.673653 -11.023072 4.949494 5.210795 13.981884 5.697716 -23.621923 11.446400 0.162993 9.579540 3.390843 6.502379 -26.571957 -0.579057 -9.552817 10.767525 -2.580764 -11.781137
16.081553 4.128298 3.248026 3.558486 28.211887 -5.115495 9.403913 -9.480584 -15.017677 -13.676680 -24.155903 -12.202736 5.499105 -11.562218 5.444896 5.525743 13.473661 5.177876 -24.125784 11.449971 0.184931 9.431115 3.755813 7.068699 -26.622372 -0.667671 -9.649572 10.791233 -2.718070 -12.206165
16.656811 4.071205 3.647775 4.030210 27.905540 -5.207599 9.880774 -9.845618 -14.920175 -13.227654 -23.651268 -12.425781 6.244861 -12.045847 5.831994 5.673878 13.018603 4.788630 -24.545362 11.399098 0.389944 9.358733 4.192923 7.497109 -26.631214 -0.610248 -9.767781 10.744332 -2.737147 -12.395832
17.055710 3.924924 3.804737 4.534057 27.616316 -5.252249 10.415028 -10.069170 -14.923221 -12.902643 -23.206829 -12.610572 6.771944 -12.458220 6.054366 5.861294 12.506632 4.447371 -24.875563 11.170986 0.479119 9.124676 4.674157 7.829534 -26.675045 -0.668165 -9.986632 10.843711 -2.794077 -12.471121
17.236206 3.741475 3.826397 4.796536 27.332424 -5.239343 10.800716 -10.153074 -14.914392 -12.749307 -22.786709 -12.764371 7.056534 -12.747789 6.211584 5.991324 12.269734 4.130096 -25.109884 10.900764 0.478555 8.809911 5.004166 8.133389 -26.676718 -0.695675 -10.136696 10.957878 -2.854078 -12.514474
17.296656 3.580280 3.879627 4.952256 27.134338 -5.306509 11.094912 -10.248178 -14.930629 -12.590233 -22.494993 -12.816936 7.255291 -12.931299 6.329402 6.067166 12.151162 3.927706 -25.261850 10.737452 0.538461 8.636837 5.216662 8.332085 -26.661652 -0.663656 -10.177235 11.022993 -2.865883 -12.450244
17.329420 3.519512 3.900892 4.970654 27.082054 -5.313086 11.201073 -10.261082 -14.907913 -12.570379 -22.381096 -12.848539 7.254056 -12.930633 6.392484 6.072549 12.167808 3.830740 -25.284185 10.665037 0.548658 8.608542 5.299598 8.393377 -26.651854 -0.661434 -10.211862 11.060916 -2.859820 -12.432329
17.329420 3.519512 3.900892 4.970654 27.082054 -5.313086 11.201073 -10.261082 -14.907913 -12.570379 -22.381096 -12.848539 7.254056 -12.930633 6.392484 6.072549 12.167808 3.830740 -25.284185 10.665037 0.548658 8.608542 5.299598 8.393377 -26.651854 -0.661434 -10.211862 11.060916 -2.859820 -12.432329
17.329420 3.519512 3.900892 4.970654 27.082054 -5.313086 11.201073 -10.261082 -14.907913 -12.570379 -22.381096 -12.848539 7.254056 -12.930633 6.392484 6.072549 12.167808 3.830740 -25.284185 10.665037 0.548658 8.608542 5.299598 8.393377 -26.651854 -0.661434 -10.211862 11.060916 -2.859820 -12.432329
17.328800 3.520848 3.901819 4.969624 27.082735 -5.312194 11.201939 -10.260717 -14.905655 -12.571060 -22.383871 -12.846980 7.253205 -12.930760 6.392175 6.074188 12.167624 3.832921 -25.283892 10.662309 0.542685 8.604907 5.297490 8.392939 -26.655802 -0.668451 -10.213502 11.065845 -2.864312 -12.436964
17.331434 3.523685 3.903987 4.969228 27.083187 -5.312559 11.198511 -10.261366 -14.904046 -12.570927 -22.393528 -12.843995 7.261437 -12.926314 6.395525 6.074806 12.156164 3.838048 -25.288370 10.658133 0.541306 8.608658 5.294417 8.384003 -26.654652 -0.674291 -10.222445 11.064847 -2.867003 -12.448222
17.330351 3.522503 3.903403 4.969810 27.082777 -5.311448 11.199512 -10.261270 -14.905102 -12.571277 -22.392197 -12.844238 7.260164 -12.926472 6.396132 6.074742 12.157234 3.837266 -25.287905 10.658620 0.548767 8.607603 5.295170 8.393100 -26.651653 -0.658851 -10.210677 11.057810 -2.859038 -12.432505
17.330023 3.522371 3.903502 4.969874 27.082792 -5.311021 11.199612 -10.261206 -14.905154 -12.571457 -22.391619 -12.844330 7.259717 -12.926781 6.395855 6.074601 12.158272 3.836706 -25.287664 10.658876 0.548677 8.606885 5.299544 8.392604 -26.652378 -0.662480 -10.212800 11.061316 -2.860228 -12.433193
17.330229 3.522444 3.903321 4.969511 27.082603 -5.311630 11.199629 -10.261134 -14.905069 -12.570990 -22.391525 -12.843976 7.259484 -12.926478 6.397000 6.074723 12.157557 3.836984 -25.287682 10.658395 0.548847 8.607282 5.295764 8.393460 -26.651730 -0.658670 -10.210799 11.057680 -2.858944 -12.432206
17.332407 3.521575 3.899263 4.966617 27.082172 -5.315441 11.198645 -10.259314 -14.904721 -12.569697 -22.399853 -12.844235 7.258078 -12.926861 6.393505 6.076697 12.154259 3.848249 -25.286537 10.651427 0.535154 8.600537 5.307115 8.377694 -26.657431 -0.682741 -10.235124 11.078497 -2.869196 -12.442852
17.328371 3.520759 3.900000 4.966451 27.080383 -5.314103 11.200810 -10.259103 -14.905909 -12.568819 -22.399078 -12.844273 7.257239 -12.926234 6.395017 6.076365 12.154413 3.847699 -25.286139 10.651182 0.548375 8.606649 5.295008 8.393436 -26.651917 -0.658043 -10.210790 11.057673 -2.858404 -12.430841
17.330532 3.522678 3.903236 4.969248 27.082685 -5.311830 11.199665 -10.261108 -14.904810 -12.570744 -22.392197 -12.844238 7.260164 -12.926472 6.396132 6.074742 12.157234 3.837266 -25.287905 10.658620 0.548767 8.607603 5.295170 8.393100 -26.651653 -0.658851 -10.210677 11.057810 -2.859038 -12.432505
17.331614 3.523861 3.903820 4.968666 27.083094 -5.312941 11.198666 -10.261204 -14.903756 -12.570394 -22.393528 -12.843995 7.261437 -12.926314 6.395525 6.074806 12.156164 3.838048 -25.288370 10.658133 0.541521 8.609823 5.293746 8.384021 -26.654144 -0.673982 -10.221526 11.064716 -2.866881 -12.448019
17.329103 3.521749 3.899786 4.964650 27.080233 -5.316619 11.200813 -10.258526 -14.904547 -12.567349 -22.400455 -12.842776 7.259246 -12.924934 6.396523 6.076178 12.151093 3.849062 -25.286676 10.649931 0.534582 8.607467 5.290298 8.382598 -26.659504 -0.681559 -10.224439 11.069330 -2.870683 -12.451787
17.333275 3.520695 3.894646 4.963371 27.080832 -5.319666 11.199962 -10.255988 -14.906075 -12.565599 -22.400373 -12.845144 7.259051 -12.926646 6.393529 6.076248 12.153312 3.847706 -25.286705 10.651691 0.533223 8.621819 5.305124 8.374280 -26.651817 -0.686607 -10.227298 11.085068 -2.871919 -12.444704
17.333296 3.520679 3.893739 4.965415 27.082031 -5.318074 11.199423 -10.257978 -14.907343 -12.565767 -22.411427 -12.839581 7.261258 -12.924556 6.388627 6.081694 12.142341 3.851333 -25.287998 10.647015 0.538704 8.625646 5.306151 8.374408 -26.647121 -0.679071 -10.224469 11.080266 -2.868214 -12.441762
17.492321 8.720221 -1.450796 -7.596609 20.433563 -11.021900 18.329668 -10.145830 -18.617598 -11.038132 -18.599051 -3.220871 1.530254 -9.676902 15.615513 3.817528 5.185011 -2.481601 -26.908575 13.876653 3.638596 10.669411 3.671938 10.005732 -24.574705 7.292257 -4.404204 8.303299 0.316639 -9.643361
17.492321 8.720221 -1.450796 -7.596609 20.433563 -11.021900 18.329668 -10.145830 -18.617598 -11.038132 -18.599051 -3.220871 1.530254 -9.676902 15.615513 3.817528 5.185011 -2.481601 -26.908575 13.876653 3.638596 10.669411 3.671938 10.005732 -24.574705 7.292257 -4.404204 8.303299 0.316639 -9.643361
17.492321 8.720221 -1.450796 -7.596609 20.433563 -11.021900 18.329668 -10.145830 -18.617598 -11.038132 -18.599051 -3.220871 1.530254 -9.676902 15.615513 3.817528 5.185011 -2.481601 -26.908575 13.876653 3.638596 10.669411 3.671938 10.005732 -24.574705 7.292257 -4.404204 8.303299 0.316639 -9.643361
17.492321 8.720221 -1.450796 -7.596609 20.433563 -11.021900 18.329668 -10.145830 -18.617598 -11.038132 -18.599051 -3.220871 1.530254 -9.676902 15.615513 3.817528 5.185011 -2.481601 -26.908575 13.876653 3.638596 10.669411 3.671938 10.005732 -24.574705 7.292257 -4.404204 8.303299 0.316639 -9.643361
17.492321 8.720221 -1.450796 -7.596609 20.433563 -11.021900 18.329668 -10.145830 -18.617598 -11.038132 -18.599051 -3.220871 1.530254 -9.676902 15.615513 3.817528 5.185011 -2.481601 -26.908575 13.876653 3.638596 10.669411 3.671938 10.005732 -24.574705 7.292257 -4.404204 8.303299 0.316639 -9.643361
14.778101 4.166100 -0.122639 -3.763598 23.681965 -10.093809 15.909653 -7.789216 -15.110188 -8.343654 -19.099022 -7.424799 2.757695 -7.641803 15.110629 6.514163 7.894278 -0.678067 -25.309389 12.218267 4.507780 9.818961 4.227516 9.889423 -25.330862 5.331169 -5.898704 8.176620 -0.561692 -8.936936
14.197444 2.718863 -0.034177 -2.817900 24.427820 -10.097913 15.376022 -7.224116 -14.118008 -7.399878 -19.113914 -7.920321 2.821125 -7.215538 15.420245 6.948324 8.183480 -0.527024 -24.926205 11.888149 4.981323 10.084370 4.061567 10.038233 -25.097195 4.572106 -6.277682 7.974728 -0.980282 -8.582305
14.133862 2.423558 0.023887 -2.687782 24.701778 -9.476891 15.162283 -7.189305 -13.984109 -7.277195 -19.110359 -8.028079 2.857599 -7.345515 15.324498 6.924051 8.408015 -0.563543 -24.913675 11.883316 5.287529 10.062871 4.171132 10.042314 -25.161175 4.484831 -6.303483 7.973975 -0.913483 -8.550861
14.202122 2.465400 0.047671 -2.703652 24.667736 -9.501538 15.146553 -7.200889 -13.999227 -7.368288 -19.108627 -8.022845 2.862395 -7.326408 15.310988 6.919759 8.382995 -0.570401 -24.946905 11.899724 5.281285 9.991853 4.186049 10.022943 -25.225643 4.485085 -6.310053 7.970465 -0.896338 -8.574408
14.222707 2.473481 0.048552 -2.701365 24.662251 -9.507055 15.133026 -7.205163 -14.007545 -7.385694 -19.122021 -8.008187 2.858160 -7.317904 15.297146 6.924384 8.354678 -0.558505 -24.951815 11.895854 5.287847 9.975276 4.191133 10.022386 -25.233858 4.487506 -6.313069 7.969142 -0.888002 -8.567409
14.222757 2.473596 0.048590 -2.701198 24.661970 -9.506439 15.133143 -7.205057 -14.008023 -7.385928 -19.122078 -8.008274 2.857998 -7.317485 15.296841 6.925114 8.354233 -0.558688 -24.951197 11.895460 5.287436 9.975251 4.190947 10.022405 -25.233356 4.487535 -6.313440 7.969042 -0.888485 -8.566793
14.224297 2.472613 0.048297 -2.703029 24.662033 -9.509402 15.132262 -7.206458 -14.005488 -7.388505 -19.120323 -8.004153 2.856296 -7.316229 15.301538 6.925444 8.349551 -0.558193 -24.950274 11.894109 5.287772 9.975429 4.190728 10.022758 -25.233635 4.487910 -6.312332 7.968722 -0.888550 -8.566834
14.226711 2.476553 0.041477 -2.704628 24.662563 -9.502177 15.134907 -7.206193 -14.013690 -7.385456 -19.122162 -8.008495 2.857848 -7.317847 15.296742 6.926221 8.353658 -0.558707 -24.949991 11.894897 5.290011 9.975312 4.190431 10.024205 -25.232143 4.486225 -6.313449 7.968544 -0.888751 -8.565874
14.226929 2.476069 0.041483 -2.704525 24.662828 -9.501909 15.134435 -7.205696 -14.013068 -7.385179 -19.121937 -8.009871 2.859009 -7.317386 15.296139 6.928695 8.351998 -0.558043 -24.949892 11.895684 5.290116 9.975595 4.190875 10.023599 -25.232685 4.485790 -6.313645 7.968646 -0.888604 -8.566036
14.222908 2.484775 0.019211 -2.721382 24.671545 -9.514798 15.150663 -7.207372 -14.020064 -7.354471 -19.116360 -8.006207 2.859180 -7.314109 15.308259 6.926108 8.350328 -0.562575 -24.951366 11.895592 5.286728 9.988307 4.188652 10.024394 -25.223562 4.484574 -6.297154 7.978365 -0.888519 -8.561731
14.212183 2.489570 0.014764 -2.730206 24.677303 -9.505499 15.160709 -7.207599 -14.020359 -7.345882 -19.100208 -8.018406 2.859078 -7.321139 15.314719 6.918289 8.376635 -0.575335 -24.952753 11.902273 5.288047 9.989707 4.188232 10.024676 -25.222347 4.486400 -6.298330 7.975973 -0.887748 -8.561284
14.210093 2.490340 0.014527 -2.730069 24.676435 -9.506317 15.162013 -7.207089 -14.021012 -7.345106 -19.101807 -8.017224 2.860903 -7.320798 15.317903 6.918391 8.372994 -0.570688 -24.953510 11.900627 5.288397 9.989661 4.188465 10.024812 -25.222904 4.485604 -6.298009 7.976277 -0.887831 -8.562391
14.210093 2.490340 0.014527 -2.730069 24.676435 -9.506317 15.162013 -7.207089 -14.021012 -7.345106 -19.101807 -8.017224 2.860903 -7.320798 15.317903 6.918391 8.372994 -0.570688 -24.953510 11.900627 5.288397 9.989661 4.188465 10.024812 -25.222904 4.485604 -6.298009 7.976277 -0.887831 -8.562391
14.210093 2.490340 0.014527 -2.730069 24.676435 -9.506317 15.162013 -7.207089 -14.021012 -7.345106 -19.101807 -8.017224 2.860903 -7.320798 15.317903 6.918391 8.372994 -0.570688 -24.953510 11.900627 5.287969 9.989343 4.189110 10.024883 -25.222679 4.485561 -6.298051 7.976967 -0.887703 -8.561659
14.210093 2.490340 0.014527 -2.730069 24.676435 -9.506317 15.162013 -7.207089 -14.021012 -7.345106 -19.101807 -8.017224 2.860903 -7.320798 15.317903 6.918391 8.372994 -0.570688 -24.953510 11.900627 5.288397 9.989661 4.188465 10.024812 -25.222904 4.485604 -6.298009 7.976277 -0.887831 -8.562391
14.211988 2.492115 0.005185 -2.739486 24.679312 -9.512560 15.164527 -7.207098 -14.021625 -7.335740 -19.091072 -8.002658 2.849048 -7.310050 15.339992 6.920065 8.355565 -0.577444 -24.951723 11.903164 5.289714 9.989478 4.189334 10.024743 -25.222317 4.486433 -6.297482 7.976775 -0.887436 -8.560921
14.211988 2.492115 0.005185 -2.739486 24.679312 -9.512560 15.164527 -7.207098 -14.021625 -7.335740 -19.091072 -8.002658 2.849048 -7.310050 15.339992 6.920065 8.355565 -0.577444 -24.951723 11.903164 5.290143 9.989794 4.188692 10.024674 -25.222534 4.486480 -6.297440 7.976088 -0.887561 -8.561646
14.211988 2.492115 0.005185 -2.739486 24.679312 -9.512560 15.164527 -7.207098 -14.021625 -7.335740 -19.091072 -8.002658 2.849048 -7.310050 15.339992 6.920065 8.355565 -0.577444 -24.951723 11.903164 5.290143 9.989794 4.188692 10.024674 -25.222534 4.486480 -6.297440 7.976088 -0.887561 -8.561646
14.224407 2.484891 0.018057 -2.723257 24.673000 -9.516384 15.149803 -7.208772 -14.017997 -7.355371 -19.113379 -8.002590 2.855698 -7.313003 15.312116 6.926473 8.345287 -0.563584 -24.950315 11.894756 5.286383 9.989259 4.189641 10.024876 -25.222691 4.485156 -6.297276 7.978649 -0.888018 -8.560329
14.224407 2.484891 0.018057 -2.723257 24.673000 -9.516384 15.149803 -7.208772 -14.017997 -7.355371 -19.113379 -8.002590 2.855698 -7.313003 15.312116 6.926473 8.345287 -0.563584 -24.950315 11.894756 5.286812 9.989575 4.189000 10.024806 -25.222910 4.485204 -6.297234 7.977963 -0.888144 -8.561055
14.224407 2.484891 0.018057 -2.723257 24.673000 -9.516384 15.149803 -7.208772 -14.017997 -7.355371 -19.113379 -8.002590 2.855698 -7.313003 15.312116 6.926473 8.345287 -0.563584 -24.950315 11.894756 5.286383 9.989259 4.189641 10.024876 -25.222691 4.485156 -6.297276 7.978649 -0.888018 -8.560329
