10.437542 -6.310661 6.803621 -7.979326 11.811203 -6.447451 22.548637 5.232873 -8.547885 -13.731304 -16.635429 4.611555 -13.855071 -23.972803 11.513205 5.440124 1.949493 4.770939 -9.286862 -1.019944 4.634234 -5.285900 1.044470 9.101676 -17.918640 6.306670 -6.769245 17.646030 4.147127 -2.178499
10.491945 -6.276906 6.914251 -7.876798 11.748127 -6.432404 22.666870 5.304353 -8.600228 -13.656191 -16.544470 4.558379 -13.695398 -24.119324 11.628791 5.452538 1.823712 4.879560 -9.347000 -0.840611 4.668576 -5.242878 1.098077 9.131766 -17.907274 6.311043 -6.811338 17.632351 4.113866 -2.273958
10.634726 -6.218527 7.113339 -7.634480 11.676955 -6.407153 22.880381 5.344772 -8.681863 -13.501116 -16.471439 4.493500 -13.515314 -24.295189 11.718894 5.504684 1.605017 5.064658 -9.414050 -0.649123 4.749675 -5.173061 1.199766 9.185637 -17.871054 6.327091 -6.897626 17.605448 4.063595 -2.453345
10.837671 -6.228538 7.266465 -7.300135 11.626793 -6.359193 23.234283 5.251531 -8.804671 -13.314262 -16.347939 4.357167 -13.320639 -24.530205 11.823787 5.508525 1.277581 5.362488 -9.508690 -0.467542 4.879194 -5.097929 1.356702 9.231226 -17.789547 6.386975 -7.028939 17.576099 4.033253 -2.651960
11.082779 -6.140129 7.448941 -6.798620 11.720397 -6.340772 23.581905 5.156002 -8.992703 -13.084008 -16.137377 4.218060 -12.930177 -24.790878 12.067732 5.558260 1.006296 5.567034 -9.628228 -0.070062 5.036795 -4.957452 1.561208 9.294566 -17.629002 6.467109 -7.191017 17.584148 3.978512 -2.920248
11.327242 -5.855649 7.779980 -6.373345 11.923006 -6.232617 23.766930 5.096019 -9.202296 -12.772993 -16.019754 4.093324 -12.487056 -24.998470 12.308649 5.657111 0.857268 5.705046 -9.753347 0.324581 5.201322 -4.780653 1.800647 9.300900 -17.485037 6.578333 -7.412246 17.585339 3.916661 -3.195044
11.922386 -5.536873 8.198058 -5.882026 12.111535 -6.013835 23.936329 4.926094 -9.330827 -12.394119 -15.897879 3.903273 -11.810342 -25.187960 12.604590 5.691384 0.889846 5.731228 -9.912202 0.852293 5.353568 -4.539712 2.080076 9.300673 -17.452038 6.658676 -7.608350 17.528599 3.808620 -3.447834
12.852217 -5.079694 8.650701 -5.368723 12.356485 -5.673056 23.938370 4.466513 -9.368883 -11.938900 -15.912322 3.893097 -11.013089 -25.325201 12.851041 5.947822 0.938242 5.670315 -9.995411 1.569085 5.514696 -4.273499 2.377383 9.278248 -17.485268 6.685113 -7.802936 17.422085 3.677473 -3.691855
13.618681 -4.782918 8.911753 -5.119806 12.629527 -5.313578 23.970585 3.838270 -9.312175 -11.591269 -16.043972 3.925292 -10.188882 -25.459133 12.929368 6.274097 0.729272 5.723724 -10.068395 2.418123 5.634604 -3.883304 2.764755 9.151220 -17.559322 6.673150 -7.960315 17.305573 3.488543 -3.893405
14.229516 -4.512986 8.892592 -5.083148 12.999661 -5.070450 23.800703 3.147313 -9.257550 -11.287333 -16.227343 3.956635 -9.389486 -25.664085 12.937787 6.601579 0.541719 5.767986 -10.170788 3.303279 5.795145 -3.371631 3.179027 8.963738 -17.703363 6.626601 -8.112929 17.060106 3.260125 -4.140427
14.467355 -4.158556 8.447452 -5.171825 13.610520 -4.798853 23.445179 2.296111 -9.315801 -10.939554 -16.424747 3.945191 -8.575084 -25.828968 13.007357 6.857139 0.430198 5.674521 -10.338614 4.093617 5.915504 -2.959797 3.451831 8.758260 -17.904522 6.569136 -8.186879 16.836967 3.115728 -4.199381
14.711267 -3.899087 7.813858 -5.387461 14.243478 -4.651551 23.061752 1.318604 -9.307046 -10.582377 -16.694906 3.860386 -7.840080 -25.966167 13.015910 6.938356 0.308784 5.598784 -10.548762 4.529164 6.032198 -2.370439 3.773238 8.492875 -18.140137 6.448843 -8.252072 16.642286 2.900407 -4.316562
14.696913 -3.718810 7.349563 -5.442952 14.711796 -4.575786 22.778011 0.704898 -9.461152 -10.314956 -16.971752 3.761588 -7.240473 -26.032282 13.058629 6.931616 0.620791 5.155932 -10.806853 4.429082 6.042296 -1.935338 3.936651 8.217175 -18.476562 6.326272 -8.265526 16.489742 2.721057 -4.284277
14.428816 -3.577209 6.958580 -5.482063 15.128004 -4.605967 22.526571 0.192036 -9.699254 -10.071637 -17.372070 3.651630 -6.703128 -25.906357 13.197309 6.869968 1.078551 4.663129 -11.001141 4.250303 6.088531 -1.509842 4.042920 8.033457 -18.762772 6.213833 -8.270375 16.330767 2.555006 -4.333232
14.346002 -3.595533 6.687445 -5.401227 15.388582 -4.492316 22.539438 -0.362839 -9.853311 -9.948959 -17.631481 3.571622 -6.323493 -25.725430 13.315738 6.835854 1.602969 4.113002 -11.161606 4.011071 6.054009 -1.223080 4.142027 7.800697 -19.060169 6.069908 -8.291625 16.276373 2.407932 -4.239402
14.236738 -3.479121 6.624141 -5.211093 15.641013 -4.355527 22.489344 -0.787403 -10.059171 -9.851695 -17.866337 3.469984 -5.985042 -25.560846 13.496367 6.746149 2.131043 3.629669 -11.360427 3.713092 6.079360 -0.878789 4.262256 7.665741 -19.277632 5.939207 -8.279509 16.166565 2.251110 -4.224442
14.087572 -3.441398 6.524110 -5.119072 15.824376 -4.235301 22.426228 -1.148262 -10.234999 -9.772226 -18.067028 3.495647 -5.782104 -25.351414 13.646595 6.719693 2.458984 3.263272 -11.467949 3.479927 6.073793 -0.657644 4.329608 7.506849 -19.490032 5.842317 -8.281509 16.065268 2.155705 -4.133499
13.933705 -3.409937 6.427255 -5.019726 15.983094 -4.122005 22.369692 -1.427722 -10.416432 -9.694060 -18.201122 3.527309 -5.650647 -25.176907 13.782028 6.682344 2.724778 2.974867 -11.534117 3.312976 6.089654 -0.444193 4.369551 7.382437 -19.661978 5.765419 -8.259643 15.964619 2.081491 -4.067813
13.770346 -3.408834 6.341086 -5.023183 16.085529 -4.070744 22.282824 -1.643274 -10.501939 -9.683120 -18.281162 3.545583 -5.549408 -25.021427 13.897283 6.673982 2.977868 2.705158 -11.582595 3.197806 6.098987 -0.316949 4.400134 7.350023 -19.742943 5.708927 -8.231045 15.914602 2.036986 -4.090117
13.738476 -3.387940 6.307190 -5.001642 16.140598 -4.059336 22.241131 -1.682360 -10.546636 -9.672277 -18.288895 3.544942 -5.515265 -24.984280 13.941888 6.676499 3.043462 2.628404 -11.600823 3.178122 6.107991 -0.260817 4.401767 7.335845 -19.771553 5.683007 -8.222623 15.886108 2.011693 -4.110424
13.653014 -3.400917 6.221541 -4.990600 16.189758 -4.010149 22.214592 -1.789355 -10.625485 -9.654545 -18.305305 3.523108 -5.404418 -24.940334 14.047384 6.648983 3.168118 2.515726 -11.645444 3.181952 6.114877 -0.196440 4.416888 7.294055 -19.831961 5.660699 -8.220141 15.854848 1.987482 -4.068911
13.575784 -3.435367 5.967306 -4.968733 16.408770 -3.872716 22.126163 -2.207556 -10.779736 -9.575054 -18.362820 3.445839 -5.093650 -24.800909 14.310528 6.590458 3.627126 2.098671 -11.780738 3.125904 6.183430 0.109527 4.496109 7.274940 -20.060799 5.551239 -8.169451 15.657890 1.876251 -4.089093
13.481977 -3.556638 5.513747 -4.887787 16.673904 -3.694014 21.981941 -2.737201 -11.106946 -9.488506 -18.512415 3.200767 -4.513563 -24.736725 14.661398 6.276443 4.401433 1.687184 -12.022715 2.978311 6.258801 0.441304 4.520485 7.173954 -20.387535 5.433264 -8.191800 15.396211 1.781470 -4.035342
13.367374 -3.671180 4.650755 -4.878792 17.059361 -3.674906 21.729397 -3.483925 -11.463235 -9.317158 -18.572130 3.025137 -3.677950 -24.538250 15.365808 6.086025 5.379947 0.839146 -12.357341 2.941060 6.399155 0.967559 4.588168 7.043810 -20.719948 5.252233 -8.151910 15.096189 1.643668 -4.014752
13.353680 -3.755920 3.322918 -4.844547 17.657885 -3.750308 21.393604 -4.262559 -11.895345 -9.153625 -18.706642 2.973148 -2.617569 -24.148659 16.453581 5.927094 6.176654 -0.032206 -12.693124 3.122582 6.474290 1.397459 4.550314 6.865735 -21.166811 5.003525 -8.161129 14.782420 1.523879 -3.924229
13.020269 -3.587914 1.736941 -5.006500 18.422688 -4.064367 20.861164 -4.810556 -12.348133 -9.059772 -19.175865 3.139305 -1.820416 -23.495739 17.381866 5.579108 7.517062 -0.793544 -12.869201 3.196625 6.565933 1.806067 4.447398 6.573558 -21.704893 4.778502 -8.161210 14.413101 1.478866 -3.644132
12.402069 -3.128011 0.313567 -4.911317 19.201435 -4.541898 19.862354 -4.936156 -13.107886 -8.888851 -19.871029 3.524642 -1.007789 -22.777245 18.122660 5.293573 8.717886 -1.203039 -12.855374 3.579913 6.615869 2.218712 4.327330 6.247026 -22.210041 4.578765 -8.034245 14.095491 1.441158 -3.356891
11.414606 -2.324915 -1.044973 -5.011536 20.345819 -5.222189 18.811600 -4.762023 -13.831148 -8.608849 -20.814587 4.282762 -0.299003 -21.651058 18.957666 5.164338 9.356092 -1.617762 -12.736263 3.903029 6.500721 2.622059 4.094416 5.782588 -22.668686 4.207191 -7.828916 13.949333 1.383068 -3.184076
10.564194 -1.546421 -0.729651 -3.899143 21.292408 -5.479825 17.144897 -4.972855 -14.444917 -9.511209 -22.268978 6.114196 0.666942 -19.483158 21.743778 4.491536 8.748803 -2.073274 -13.141749 4.310284 6.234242 2.915702 4.619337 5.564651 -24.037777 4.288640 -8.774888 12.478115 1.614890 -2.780970
9.635466 -0.630598 -0.207549 -2.171019 22.331188 -5.417929 14.719928 -5.295144 -15.419524 -11.170963 -23.792114 8.007253 0.755109 -17.064219 23.586075 4.173368 6.890991 -2.232677 -13.198388 5.218275 5.619686 3.392290 5.035310 5.683612 -25.329960 4.260496 -9.565148 11.108923 1.755432 -2.554393
8.994198 0.469232 0.303827 -1.391838 23.515789 -5.326106 12.664238 -5.328639 -16.423473 -12.075850 -25.969938 9.790355 0.173814 -14.765877 23.780819 4.087871 5.033228 -2.383004 -12.938279 6.535404 4.694287 3.837413 5.031476 5.902404 -26.672386 4.115377 -9.935407 9.937465 1.569324 -2.444884
8.778358 1.520887 0.777555 -0.970853 24.267912 -5.726815 10.857882 -5.018228 -16.910236 -12.832789 -27.469929 10.293210 -0.785109 -13.473353 23.152285 3.532664 5.100010 -2.248602 -12.340660 8.617486 3.772832 4.587228 4.096378 5.695924 -27.501390 3.898244 -9.816164 9.018394 1.138979 -2.838352
8.339224 2.525495 1.065405 -0.391492 24.792671 -6.869664 9.444327 -4.618389 -17.389954 -13.358645 -29.001074 10.726153 -1.382096 -12.806800 22.242201 2.828164 4.795689 -1.727726 -12.208115 9.336294 2.909292 4.569586 2.636796 4.868320 -28.178141 3.021163 -10.166396 8.575613 0.611002 -4.236680
8.299102 3.626113 0.722983 -0.263992 25.819538 -7.208796 7.782844 -4.383974 -17.775246 -14.127451 -30.414148 10.091358 -1.595466 -12.738053 20.852783 2.205725 4.660783 -0.465444 -12.016568 10.572993 2.253261 5.349428 1.232974 4.167209 -27.898022 2.474575 -10.115931 8.440214 0.175999 -5.884618
8.300763 4.918606 0.499678 -0.297299 26.885303 -7.188544 5.846209 -3.726104 -18.188274 -14.758359 -32.217083 9.610845 -1.868242 -12.815598 18.683645 2.090974 4.229271 0.956479 -11.788552 10.805092 1.521355 5.441473 -0.385590 2.821025 -27.294355 1.640534 -10.183851 9.209465 -0.117612 -7.369416
8.681026 5.913843 0.374416 -0.339388 27.820133 -7.230710 3.877634 -3.272325 -18.349939 -15.497447 -33.377102 9.140117 -2.372865 -12.970877 17.094406 1.969643 3.695235 2.050599 -11.567847 10.847095 1.172326 6.244764 -1.965921 2.057328 -26.279356 1.243571 -9.802731 9.620823 -0.349871 -8.897523
8.898886 6.628634 0.235707 -0.569436 28.503485 -7.089752 2.068922 -2.909403 -18.299427 -16.346193 -34.048901 8.985932 -2.759593 -12.895734 16.230059 1.485540 3.671733 2.779253 -11.470067 10.616943 1.206447 7.313562 -3.112956 1.186262 -25.344326 1.319989 -9.393237 9.827576 -0.210072 -9.574223
8.710688 7.123218 0.075175 -1.068089 28.916420 -7.036626 0.555686 -2.551533 -18.219704 -17.003477 -34.493557 8.832115 -2.832150 -13.034705 15.571886 1.101248 3.700974 3.359283 -11.378665 10.719028 0.849332 7.100393 -3.927865 0.934794 -25.076674 1.067588 -9.082854 10.232247 -0.269716 -9.996954
8.696463 7.396658 -0.092299 -1.496826 29.074970 -7.022558 -0.280782 -2.315770 -18.045176 -17.307222 -34.979725 8.760550 -2.991877 -12.954381 15.203668 0.775562 3.720542 3.824914 -11.321094 10.684304 0.726611 6.883420 -4.452159 0.584999 -25.072964 0.912566 -9.050054 10.392338 -0.246731 -10.187551
8.716003 7.496641 -0.150760 -1.656694 29.119167 -7.097256 -0.560709 -2.243933 -17.952858 -17.392256 -35.147297 8.671102 -3.022682 -12.914037 14.980769 0.753467 3.708556 3.873065 -11.323771 10.720890 0.675122 6.886259 -4.664775 0.446578 -25.014725 0.901489 -9.002970 10.447231 -0.219510 -10.263996
8.739290 7.484653 -0.157543 -1.617505 29.136848 -7.064766 -0.454033 -2.315199 -17.974251 -17.332565 -35.175877 8.712009 -2.945332 -12.928390 14.997960 0.778636 3.657851 3.859858 -11.342530 10.683267 0.666359 6.938177 -4.593567 0.488168 -25.056877 0.858180 -9.007490 10.424350 -0.266208 -10.278425
8.893941 7.477074 -0.067568 -1.467017 29.183434 -6.959355 -0.142082 -2.527214 -17.967285 -17.155882 -35.220123 8.668261 -2.655415 -12.972342 15.051738 0.843285 3.638208 3.706898 -11.451350 10.634805 0.680384 7.078595 -4.431725 0.635984 -25.059906 0.834235 -9.013119 10.377432 -0.346322 -10.394705
9.206084 7.520413 0.125766 -1.168895 29.308947 -6.813469 0.297561 -2.857032 -17.930799 -16.892487 -35.371387 8.682576 -2.252129 -12.980546 15.150620 0.959892 3.513236 3.546500 -11.585546 10.485569 0.614080 7.270451 -4.069832 0.902188 -25.115425 0.766438 -9.076025 10.308630 -0.512491 -10.605959
9.726564 7.433522 0.315170 -0.697728 29.407408 -6.638741 0.980316 -3.387707 -17.801464 -16.574503 -35.326740 8.588637 -1.805899 -12.954648 15.377522 1.176406 3.405632 3.186260 -11.767352 10.423554 0.622676 7.580165 -3.603930 1.109070 -25.152203 0.749969 -9.158908 10.230356 -0.653232 -10.689820
10.165772 7.425383 0.518080 -0.183265 29.512358 -6.391851 1.762347 -3.833216 -17.798597 -16.156290 -35.098171 8.490909 -1.268117 -12.932317 15.775009 1.499628 3.378815 2.583761 -11.969549 10.396593 0.629023 7.833395 -3.358982 1.460057 -25.212570 0.643237 -9.159763 10.147717 -0.839762 -11.056103
10.533214 7.299616 0.725202 0.208737 29.545794 -6.077918 2.626385 -4.328559 -17.716003 -15.704258 -34.810719 8.295001 -0.725379 -12.963723 16.156364 1.975286 3.226877 1.994265 -12.141753 10.511519 0.534195 8.355126 -2.825336 1.856439 -25.292522 0.488207 -9.026941 10.225333 -1.065796 -11.091221
10.876308 7.235784 1.011179 0.498302 29.619196 -5.752793 3.379558 -5.002546 -17.495579 -15.280790 -34.707493 8.051257 -0.041544 -13.122321 16.454983 2.294861 2.920285 1.838170 -12.309270 10.532660 0.388746 8.711703 -2.032073 2.434929 -25.381905 0.318368 -8.946134 10.444670 -1.322027 -11.036694
11.209547 6.969100 1.180981 0.781650 29.573156 -5.446745 4.297075 -5.638990 -17.215923 -14.896355 -34.242741 7.773644 0.454416 -13.248133 17.084387 2.696902 2.294680 1.680921 -12.460732 10.747082 0.284992 8.840619 -1.240404 2.968483 -25.655577 0.113406 -9.042698 10.513720 -1.545620 -11.051512
11.692023 6.617089 1.436071 1.154810 29.476665 -5.235420 5.169307 -6.313839 -16.809504 -14.706705 -33.550072 7.520487 0.654870 -13.393867 17.731976 3.156532 1.430061 1.375198 -12.598895 10.970271 0.114901 8.776341 -0.315536 3.677572 -25.924728 -0.125679 -9.133284 10.686818 -1.750861 -11.060881
12.149862 6.207241 1.734816 1.480214 29.295685 -5.109233 6.081938 -6.901255 -16.376003 -14.589787 -32.991848 7.600495 0.897072 -13.350517 18.402729 3.691115 0.307604 0.812317 -12.833022 10.852024 -0.010436 8.930013 0.716027 4.259465 -26.146284 -0.272635 -9.285686 10.789710 -1.967185 -11.066672
12.824444 5.834602 2.047746 1.781692 29.157337 -5.038111 6.929371 -7.325712 -15.985833 -14.446720 -32.608078 7.530003 1.368359 -13.453788 18.881693 4.162113 -0.232703 0.102190 -13.238757 10.528421 -0.024629 9.030457 1.432577 4.822719 -26.346088 -0.363835 -9.409892 10.709711 -2.140310 -11.261612
13.291538 5.273751 2.332804 2.110071 28.920731 -4.973866 7.593440 -7.775320 -15.694717 -14.524128 -32.531631 7.632161 2.059844 -13.432113 19.285566 4.616604 -0.971116 -0.442899 -13.609825 9.947904 -0.016362 9.249904 2.271132 5.457529 -26.426485 -0.411754 -9.451060 10.748139 -2.268444 -11.243608
14.092369 4.685304 2.490393 2.507425 28.681288 -4.997868 8.266523 -8.372946 -15.398449 -14.442224 -32.179203 7.455606 2.742974 -13.736209 19.807732 4.841021 -1.391996 -1.013172 -14.151797 9.651952 -0.007620 9.504078 2.913050 5.997911 -26.573608 -0.587447 -9.465245 10.771811 -2.492615 -11.551247
15.102184 4.338782 2.835253 3.015522 28.451086 -5.065420 8.833707 -8.896322 -15.156188 -14.204688 -32.205997 7.453565 3.951496 -13.985550 20.323252 5.134328 -2.095143 -1.769179 -14.886395 9.343327 0.162993 9.579540 3.390843 6.502379 -26.571957 -0.579057 -9.552817 10.767525 -2.580764 -11.781137
16.081553 4.128298 3.248026 3.558486 28.211887 -5.115495 9.403913 -9.480584 -15.017677 -13.676680 -32.109138 7.240480 5.039886 -14.512789 20.512775 5.531476 -2.433003 -2.584527 -15.556109 8.964063 0.184931 9.431115 3.755813 7.068699 -26.622372 -0.667671 -9.649572 10.791233 -2.718070 -12.206165
16.656811 4.071205 3.647775 4.030210 27.905540 -5.207599 9.880774 -9.845618 -14.920175 -13.227654 -32.071266 7.200463 6.012929 -14.910526 20.794531 5.705499 -2.931854 -3.098138 -16.087564 8.578201 0.389944 9.358733 4.192923 7.497109 -26.631214 -0.610248 -9.767781 10.744332 -2.737147 -12.395832
17.055710 3.924924 3.804737 4.534057 27.616316 -5.252249 10.415028 -10.069170 -14.923221 -12.902643 -31.847126 7.165055 6.626005 -15.247180 20.994572 5.921277 -3.500734 -3.534177 -16.446104 8.119909 0.479119 9.124676 4.674157 7.829534 -26.675045 -0.668165 -9.986632 10.843711 -2.794077 -12.471121
17.236206 3.741475 3.826397 4.796536 27.332424 -5.239343 10.800716 -10.153074 -14.914392 -12.749307 -31.625547 7.062450 6.971473 -15.447785 21.128531 6.086600 -3.669944 -3.864086 -16.639839 7.783672 0.478555 8.809911 5.004166 8.133389 -26.676718 -0.695675 -10.136696 10.957878 -2.854078 -12.514474
17.296656 3.580280 3.879627 4.952256 27.134338 -5.306509 11.094912 -10.248178 -14.930629 -12.590233 -31.437777 7.020239 7.177696 -15.594655 21.266823 6.167667 -3.730092 -4.110078 -16.771420 7.593367 0.538461 8.636837 5.216662 8.332085 -26.661652 -0.663656 -10.177235 11.022993 -2.865883 -12.450244
17.329420 3.519512 3.900892 4.970654 27.082054 -5.313086 11.201073 -10.261082 -14.907913 -12.570379 -31.369926 6.992907 7.209639 -15.595870 21.326859 6.185993 -3.688653 -4.256754 -16.810471 7.514020 0.548658 8.608542 5.299598 8.393377 -26.651854 -0.661434 -10.211862 11.060916 -2.859820 -12.432329
17.329420 3.519512 3.900892 4.970654 27.082054 -5.313086 11.201073 -10.261082 -14.907913 -12.570379 -31.369926 6.992907 7.209639 -15.595870 21.326859 6.185993 -3.688653 -4.256754 -16.810471 7.514020 0.548658 8.608542 5.299598 8.393377 -26.651854 -0.661434 -10.211862 11.060916 -2.859820 -12.432329
17.329420 3.519512 3.900892 4.970654 27.082054 -5.313086 11.201073 -10.261082 -14.907913 -12.570379 -31.369926 6.992907 7.209639 -15.595870 21.326859 6.185993 -3.688653 -4.256754 -16.810471 7.514020 0.548658 8.608542 5.299598 8.393377 -26.651854 -0.661434 -10.211862 11.060916 -2.859820 -12.432329
17.328800 3.520848 3.901819 4.969624 27.082735 -5.312194 11.201939 -10.260717 -14.905655 -12.571060 -31.372894 6.993385 7.212836 -15.593789 21.330868 6.182381 -3.688388 -4.256457 -16.812300 7.511871 0.542685 8.604907 5.297490 8.392939 -26.655802 -0.668451 -10.213502 11.065845 -2.864312 -12.436964
17.331434 3.523685 3.903987 4.969228 27.083187 -5.312559 11.198511 -10.261366 -14.904046 -12.570927 -31.371902 6.985689 7.209363 -15.596261 21.321587 6.185443 -3.690492 -4.250796 -16.809771 7.518200 0.541306 8.608658 5.294417 8.384003 -26.654652 -0.674291 -10.222445 11.064847 -2.867003 -12.448222
17.330351 3.522503 3.903403 4.969810 27.082777 -5.311448 11.199512 -10.261270 -14.905102 -12.571277 -31.367889 6.988603 7.210578 -15.594993 21.332045 6.180384 -3.682916 -4.254281 -16.809101 7.516609 0.548767 8.607603 5.295170 8.393100 -26.651653 -0.658851 -10.210677 11.057810 -2.859038 -12.432505
17.330023 3.522371 3.903502 4.969874 27.082792 -5.311021 11.199612 -10.261206 -14.905154 -12.571457 -31.368673 6.991531 7.210837 -15.594668 21.330753 6.183197 -3.686999 -4.256483 -16.810442 7.515657 0.548677 8.606885 5.299544 8.392604 -26.652378 -0.662480 -10.212800 11.061316 -2.860228 -12.433193
17.330229 3.522444 3.903321 4.969511 27.082603 -5.311630 11.199629 -10.261134 -14.905069 -12.570990 -31.367901 6.988524 7.210572 -15.595022 21.331944 6.180433 -3.682935 -4.254255 -16.809088 7.516681 0.548847 8.607282 5.295764 8.393460 -26.651730 -0.658670 -10.210799 11.057680 -2.858944 -12.432206
17.332407 3.521575 3.899263 4.966617 27.082172 -5.315441 11.198645 -10.259314 -14.904721 -12.569697 -31.369846 6.985533 7.210252 -15.594267 21.328617 6.180944 -3.679811 -4.254717 -16.809717 7.521865 0.535154 8.600537 5.307115 8.377694 -26.657431 -0.682741 -10.235124 11.078497 -2.869196 -12.442852
17.328371 3.520759 3.900000 4.966451 27.080383 -5.314103 11.200810 -10.259103 -14.905909 -12.568819 -31.368753 6.986804 7.211961 -15.595230 21.332092 6.178601 -3.680480 -4.253203 -16.808527 7.517375 0.548375 8.606649 5.295008 8.393436 -26.651917 -0.658043 -10.210790 11.057673 -2.858404 -12.430841
17.330532 3.522678 3.903236 4.969248 27.082685 -5.311830 11.199665 -10.261108 -14.904810 -12.570744 -31.367889 6.988603 7.210578 -15.594993 21.332045 6.180384 -3.682916 -4.254281 -16.809101 7.516609 0.548767 8.607603 5.295170 8.393100 -26.651653 -0.658851 -10.210677 11.057810 -2.859038 -12.432505
17.331614 3.523861 3.903820 4.968666 27.083094 -5.312941 11.198666 -10.261204 -14.903756 -12.570394 -31.371902 6.985689 7.209363 -15.596261 21.321587 6.185443 -3.690492 -4.250796 -16.809771 7.518200 0.541521 8.609823 5.293746 8.384021 -26.654144 -0.673982 -10.221526 11.064716 -2.866881 -12.448019
17.329103 3.521749 3.899786 4.964650 27.080233 -5.316619 11.200813 -10.258526 -14.904547 -12.567349 -31.374580 6.983458 7.212238 -15.595254 21.324297 6.181204 -3.688373 -4.250258 -16.810152 7.516995 0.534582 8.607467 5.290298 8.382598 -26.659504 -0.681559 -10.224439 11.069330 -2.870683 -12.451787
17.333275 3.520695 3.894646 4.963371 27.080832 -5.319666 11.199962 -10.255988 -14.906075 -12.565599 -31.372477 6.983247 7.212816 -15.592250 21.330040 6.176877 -3.677603 -4.256345 -16.810514 7.522082 0.533223 8.621819 5.305124 8.374280 -26.651817 -0.686607 -10.227298 11.085068 -2.871919 -12.444704
17.333296 3.520679 3.893739 4.965415 27.082031 -5.318074 11.199423 -10.257978 -14.907343 -12.565767 -31.367966 6.981550 7.210457 -15.593301 21.330452 6.178123 -3.673972 -4.257464 -16.809441 7.526339 0.538704 8.625646 5.306151 8.374408 -26.647121 -0.679071 -10.224469 11.080266 -2.868214 -12.441762
17.492321 8.720221 -1.450796 -7.596609 20.433563 -11.021900 18.329668 -10.145830 -18.617598 -11.038132 -27.898285 1.136057 7.821536 -15.812494 24.072794 9.612076 4.586754 -2.120963 -11.437053 7.852701 3.638596 10.669411 3.671938 10.005732 -24.574705 7.292257 -4.404204 8.303299 0.316639 -9.643361
17.492321 8.720221 -1.450796 -7.596609 20.433563 -11.021900 18.329668 -10.145830 -18.617598 -11.038132 -27.898285 1.136057 7.821536 -15.812494 24.072794 9.612076 4.586754 -2.120963 -11.437053 7.852701 3.638596 10.669411 3.671938 10.005732 -24.574705 7.292257 -4.404204 8.303299 0.316639 -9.643361
17.492321 8.720221 -1.450796 -7.596609 20.433563 -11.021900 18.329668 -10.145830 -18.617598 -11.038132 -27.898285 1.136057 7.821536 -15.812494 24.072794 9.612076 4.586754 -2.120963 -11.437053 7.852701 3.638596 10.669411 3.671938 10.005732 -24.574705 7.292257 -4.404204 8.303299 0.316639 -9.643361
17.492321 8.720221 -1.450796 -7.596609 20.433563 -11.021900 18.329668 -10.145830 -18.617598 -11.038132 -27.898285 1.136057 7.821536 -15.812494 24.072794 9.612076 4.586754 -2.120963 -11.437053 7.852701 3.638596 10.669411 3.671938 10.005732 -24.574705 7.292257 -4.404204 8.303299 0.316639 -9.643361
17.492321 8.720221 -1.450796 -7.596609 20.433563 -11.021900 18.329668 -10.145830 -18.617598 -11.038132 -27.898285 1.136057 7.821536 -15.812494 24.072794 9.612076 4.586754 -2.120963 -11.437053 7.852701 3.638596 10.669411 3.671938 10.005732 -24.574705 7.292257 -4.404204 8.303299 0.316639 -9.643361
14.778101 4.166100 -0.122639 -3.763598 23.681965 -10.093809 15.909653 -7.789216 -15.110188 -8.343654 -27.203787 4.249559 7.112176 -17.697308 23.377491 5.695887 3.890111 -2.630342 -14.576173 8.783908 4.507780 9.818961 4.227516 9.889423 -25.330862 5.331169 -5.898704 8.176620 -0.561692 -8.936936
14.197444 2.718863 -0.034177 -2.817900 24.427820 -10.097913 15.376022 -7.224116 -14.118008 -7.399878 -26.879982 5.060678 6.689515 -18.557846 23.136345 4.117292 3.829582 -2.773210 -15.650887 9.215055 4.981323 10.084370 4.061567 10.038233 -25.097195 4.572106 -6.277682 7.974728 -0.980282 -8.582305
14.133862 2.423558 0.023887 -2.687782 24.701778 -9.476891 15.162283 -7.189305 -13.984109 -7.277195 -26.961998 5.335290 6.574007 -18.445915 23.048836 4.183062 3.602426 -2.805027 -15.713568 9.027998 5.287529 10.062871 4.171132 10.042314 -25.161175 4.484831 -6.303483 7.973975 -0.913483 -8.550861
14.202122 2.465400 0.047671 -2.703652 24.667736 -9.501538 15.146553 -7.200889 -13.999227 -7.368288 -26.949509 5.299481 6.559203 -18.490110 23.047827 4.198623 3.627881 -2.760318 -15.665466 9.031162 5.281285 9.991853 4.186049 10.022943 -25.225643 4.485085 -6.310053 7.970465 -0.896338 -8.574408
14.222707 2.473481 0.048552 -2.701365 24.662251 -9.507055 15.133026 -7.205163 -14.007545 -7.385694 -26.947865 5.301566 6.562308 -18.488705 23.056845 4.194540 3.634883 -2.761788 -15.664791 9.033354 5.287847 9.975276 4.191133 10.022386 -25.233858 4.487506 -6.313069 7.969142 -0.888002 -8.567409
14.222757 2.473596 0.048590 -2.701198 24.661970 -9.506439 15.133143 -7.205057 -14.008023 -7.385928 -26.947769 5.301303 6.562366 -18.488867 23.057062 4.194685 3.634945 -2.761772 -15.664643 9.033470 5.287436 9.975251 4.190947 10.022405 -25.233356 4.487535 -6.313440 7.969042 -0.888485 -8.566793
14.224297 2.472613 0.048297 -2.703029 24.662033 -9.509402 15.132262 -7.206458 -14.005488 -7.388505 -26.947723 5.300838 6.563972 -18.490803 23.057528 4.191802 3.635551 -2.763362 -15.666847 9.035595 5.287772 9.975429 4.190728 10.022758 -25.233635 4.487910 -6.312332 7.968722 -0.888550 -8.566834
14.226711 2.476553 0.041477 -2.704628 24.662563 -9.502177 15.134907 -7.206193 -14.013690 -7.385456 -26.947052 5.302251 6.562747 -18.487511 23.055628 4.193003 3.634919 -2.762263 -15.669108 9.032407 5.290011 9.975312 4.190431 10.024205 -25.232143 4.486225 -6.313449 7.968544 -0.888751 -8.565874
14.226929 2.476069 0.041483 -2.704525 24.662828 -9.501909 15.134435 -7.205696 -14.013068 -7.385179 -26.947084 5.302712 6.562300 -18.487808 23.055576 4.192100 3.634969 -2.762179 -15.669479 9.032401 5.290116 9.975595 4.190875 10.023599 -25.232685 4.485790 -6.313645 7.968646 -0.888604 -8.566036
14.222908 2.484775 0.019211 -2.721382 24.671545 -9.514798 15.150663 -7.207372 -14.020064 -7.354471 -26.929245 5.275723 6.559509 -18.500027 23.056187 4.191767 3.651908 -2.751560 -15.666777 9.043829 5.286728 9.988307 4.188652 10.024394 -25.223562 4.484574 -6.297154 7.978365 -0.888519 -8.561731
14.212183 2.489570 0.014764 -2.730206 24.677303 -9.505499 15.160709 -7.207599 -14.020359 -7.345882 -26.931053 5.276207 6.558648 -18.499001 23.053967 4.194298 3.647588 -2.752474 -15.666400 9.042716 5.288047 9.989707 4.188232 10.024676 -25.222347 4.486400 -6.298330 7.975973 -0.887748 -8.561284
14.210093 2.490340 0.014527 -2.730069 24.676435 -9.506317 15.162013 -7.207089 -14.021012 -7.345106 -26.930239 5.274821 6.557202 -18.500343 23.052086 4.194864 3.649109 -2.751151 -15.665313 9.042694 5.288397 9.989661 4.188465 10.024812 -25.222904 4.485604 -6.298009 7.976277 -0.887831 -8.562391
14.210093 2.490340 0.014527 -2.730069 24.676435 -9.506317 15.162013 -7.207089 -14.021012 -7.345106 -26.930239 5.274821 6.557202 -18.500343 23.052086 4.194864 3.649109 -2.751151 -15.665313 9.042694 5.288397 9.989661 4.188465 10.024812 -25.222904 4.485604 -6.298009 7.976277 -0.887831 -8.562391
14.210093 2.490340 0.014527 -2.730069 24.676435 -9.506317 15.162013 -7.207089 -14.021012 -7.345106 -26.930239 5.274821 6.557202 -18.500343 23.052086 4.194864 3.649109 -2.751151 -15.665313 9.042694 5.287969 9.989343 4.189110 10.024883 -25.222679 4.485561 -6.298051 7.976967 -0.887703 -8.561659
14.210093 2.490340 0.014527 -2.730069 24.676435 -9.506317 15.162013 -7.207089 -14.021012 -7.345106 -26.930239 5.274821 6.557202 -18.500343 23.052086 4.194864 3.649109 -2.751151 -15.665313 9.042694 5.288397 9.989661 4.188465 10.024812 -25.222904 4.485604 -6.298009 7.976277 -0.887831 -8.562391
14.211988 2.492115 0.005185 -2.739486 24.679312 -9.512560 15.164527 -7.207098 -14.021625 -7.335740 -26.928923 5.270540 6.557571 -18.501266 23.051443 4.194550 3.651635 -2.750093 -15.665507 9.045454 5.289714 9.989478 4.189334 10.024743 -25.222317 4.486433 -6.297482 7.976775 -0.887436 -8.560921
14.211988 2.492115 0.005185 -2.739486 24.679312 -9.512560 15.164527 -7.207098 -14.021625 -7.335740 -26.928923 5.270540 6.557571 -18.501266 23.051443 4.194550 3.651635 -2.750093 -15.665507 9.045454 5.290143 9.989794 4.188692 10.024674 -25.222534 4.486480 -6.297440 7.976088 -0.887561 -8.561646
14.211988 2.492115 0.005185 -2.739486 24.679312 -9.512560 15.164527 -7.207098 -14.021625 -7.335740 -26.928776 5.270385 6.557462 -18.501337 23.051535 4.194571 3.651663 -2.749983 -15.665484 9.045513 5.290143 9.989794 4.188692 10.024674 -25.222534 4.486480 -6.297440 7.976088 -0.887561 -8.561646
14.224407 2.484891 0.018057 -2.723257 24.673000 -9.516384 15.149803 -7.208772 -14.017997 -7.355371 -26.928659 5.271885 6.558676 -18.501770 23.052629 4.192697 3.654495 -2.749479 -15.665766 9.045166 5.286383 9.989259 4.189641 10.024876 -25.222691 4.485156 -6.297276 7.978649 -0.888018 -8.560329
14.224407 2.484891 0.018057 -2.723257 24.673000 -9.516384 15.149803 -7.208772 -14.017997 -7.355371 -26.928659 5.271885 6.558676 -18.501770 23.052629 4.192697 3.654495 -2.749479 -15.665766 9.045166 5.286812 9.989575 4.189000 10.024806 -25.222910 4.485204 -6.297234 7.977963 -0.888144 -8.561055
14.224407 2.484891 0.018057 -2.723257 24.673000 -9.516384 15.149803 -7.208772 -14.017997 -7.355371 -26.928659 5.271885 6.558676 -18.501770 23.052629 4.192697 3.654495 -2.749479 -15.665766 9.045166 5.286383 9.989259 4.189641 10.024876 -25.222691 4.485156 -6.297276 7.978649 -0.888018 -8.560329
