8.140306 -12.573956 0.720535 4.646482 35.542328 -6.639717 6.603469 -0.051154 -1.675714 4.720719 -22.894459 -0.655545 7.580526 -6.626809 18.548243 5.132722 7.270391 1.873995 -26.124907 5.217147 9.367825 20.135782 -2.855013 14.279418 -14.621251 -3.999926 -12.974664 3.759786 -9.937357 -1.517511
7.768540 -11.988238 0.816392 4.319127 36.137459 -6.745027 5.696935 0.198121 -1.656675 4.433939 -23.376026 -0.887116 6.825113 -6.329265 17.951172 5.003093 7.545229 2.679759 -25.603588 6.081920 9.155689 20.082781 -3.378332 13.869203 -14.835874 -4.257268 -12.771182 3.876885 -10.063153 -1.467918
7.214296 -11.660453 0.226776 3.388206 36.721855 -6.680383 4.615415 0.656088 -1.621515 4.042263 -23.472744 -0.899139 4.532824 -5.424304 17.495056 4.834108 8.400148 3.666036 -24.444944 7.425777 8.899251 19.730942 -4.105835 13.181050 -15.082739 -4.459880 -12.741142 4.011518 -10.038539 -1.143836
5.899667 -11.224864 -0.785604 2.001937 37.063049 -6.556328 3.803714 1.364738 -1.798617 4.131962 -23.557957 -0.946403 1.537114 -4.379788 16.279789 4.211875 9.881404 5.004242 -22.778667 8.233088 8.797426 19.367933 -5.173416 12.001245 -15.370767 -4.583130 -12.981750 3.821726 -9.838552 -0.791431
5.184051 -10.638928 -1.807078 0.882781 37.579109 -6.607501 2.896574 1.866367 -1.800336 4.088623 -23.956835 -1.576034 -0.199276 -4.263324 14.336268 3.708190 11.333151 6.486396 -21.721884 8.883800 8.950130 19.001495 -6.508109 10.695958 -15.578738 -4.526625 -13.275614 3.345196 -9.513578 -0.576745
4.219153 -10.040939 -2.794391 -0.232531 38.029663 -6.674772 1.740502 2.380222 -1.934639 3.612115 -25.093983 -1.758500 -0.936517 -4.525113 12.033930 3.023110 12.794947 7.455532 -21.136295 8.338062 8.979275 18.546339 -7.729173 9.607316 -15.664653 -4.436121 -13.501016 3.041688 -9.088326 -0.259393
3.792651 -9.318238 -3.980537 -1.406043 38.491768 -7.273681 0.334855 2.872860 -1.872911 2.979708 -26.865616 -1.344115 -1.305511 -4.705372 9.313009 2.197932 14.599970 7.339898 -21.220163 7.271598 8.883627 17.727737 -8.896016 8.572981 -15.894784 -4.463328 -13.760406 2.715668 -8.760749 -0.192315
3.472181 -8.840436 -4.742599 -2.132632 38.713173 -7.891698 -0.810852 3.510521 -1.725139 2.240554 -27.609951 -1.256150 -2.418912 -5.092737 7.348939 0.856959 16.937012 7.860681 -20.859324 7.055834 8.815471 16.891739 -10.395123 7.616799 -16.037100 -4.561121 -13.943157 2.552255 -8.400037 -0.609730
3.343929 -8.500303 -4.838645 -2.540406 38.839859 -8.085096 -1.570089 4.094611 -1.458370 1.579013 -28.038918 -1.231837 -3.428248 -5.330344 6.264189 -0.043125 18.230303 8.679528 -20.355204 6.848275 8.833406 16.532635 -11.209991 7.084862 -16.084553 -4.552707 -13.850282 2.537278 -8.112704 -0.568417
3.317499 -8.464746 -4.938048 -2.807745 38.841373 -8.145787 -1.950247 4.390297 -1.224039 1.150151 -28.271156 -1.276969 -4.117708 -5.470431 5.488085 -0.519991 19.000736 9.379786 -19.992271 6.495256 8.858352 16.213400 -11.700333 6.770285 -16.145514 -4.497038 -13.818924 2.522870 -7.895902 -0.497118
3.278619 -8.442827 -5.025740 -2.846762 38.831581 -8.167420 -1.782034 4.364717 -1.278586 1.349605 -28.221573 -1.359411 -4.018885 -5.544338 5.438791 -0.373318 18.880716 9.311281 -20.059351 6.542499 8.917117 16.235720 -11.559944 6.853996 -16.145590 -4.425549 -13.845464 2.482142 -7.852093 -0.389049
2.892790 -8.557232 -5.784402 -3.057971 38.685020 -7.973531 -0.297055 3.810305 -1.876647 3.077095 -26.884190 -1.499233 -3.499076 -5.769331 6.494278 0.860565 17.368673 8.259452 -20.554670 7.205574 9.101696 16.101496 -10.047403 7.852695 -16.483763 -4.112137 -13.970864 2.045954 -8.088960 0.124705
3.146406 -9.299360 -7.373271 -3.085507 38.234879 -8.197572 2.097960 3.213984 -3.030258 5.935121 -23.907398 -2.605505 -3.114496 -6.073988 8.771182 3.254842 14.536326 7.218429 -20.781828 9.000823 9.519503 15.841331 -7.353681 10.091259 -17.102009 -3.468402 -14.092192 1.480801 -8.432107 0.827230
3.245482 -11.418612 -8.148631 -1.549244 36.961884 -8.468657 5.507310 2.468216 -4.901888 8.949518 -20.088348 -2.619343 -3.387933 -5.968745 12.460677 5.170953 12.884317 5.198529 -20.765562 10.937227 10.228765 15.745996 -4.163784 12.463012 -17.593231 -2.943139 -14.139165 1.272503 -8.634984 1.507847
3.311424 -14.174561 -7.044229 0.209434 34.292751 -8.029228 11.451966 0.972885 -5.585891 11.669902 -19.098076 -2.876113 -1.705852 -5.948744 13.784733 7.154794 10.988194 2.730030 -21.912540 8.399149 10.958602 15.176679 -1.206130 14.074290 -16.907330 -2.749093 -14.295684 3.193277 -8.379505 2.842116
4.734141 -16.853994 -3.887198 1.965724 31.145668 -6.011425 16.618965 0.490300 -5.127431 13.103942 -17.588352 -3.839751 -0.488380 -6.547613 14.761537 7.668305 10.049313 1.354772 -22.956289 4.721408 11.386521 14.309968 0.543613 14.696527 -15.285169 -2.658795 -14.661327 5.860584 -7.841190 3.597574
6.485416 -18.810274 -0.242797 3.225056 28.109095 -4.945367 18.171432 0.809203 -4.341463 12.215927 -15.260633 -5.659807 -1.652187 -8.797153 12.634858 8.001070 8.668017 2.200387 -23.475683 3.326319 11.189379 12.887211 1.121737 14.976001 -13.455532 -2.559462 -14.727708 8.082458 -7.523135 3.562548
7.063669 -19.670441 4.421674 3.435070 25.659035 -4.636429 19.098160 2.296014 -2.911154 10.890839 -13.990321 -6.261988 -3.122267 -9.865277 11.274080 8.562859 5.951521 2.881432 -23.716177 3.036052 10.870122 11.323690 0.926312 15.283167 -11.830705 -2.254169 -14.856875 9.292244 -7.285615 2.834616
8.108187 -20.146387 8.006852 3.641034 23.846695 -4.500514 20.303131 3.697969 -1.445811 10.096348 -13.181490 -5.854430 -5.028790 -10.297324 10.356936 8.819690 4.474545 3.217741 -23.646646 2.625588 10.495630 10.025977 0.629432 15.501862 -10.784007 -1.971829 -14.824431 10.234956 -7.007823 2.596142
8.666595 -20.462717 9.642972 3.991159 22.890747 -4.320709 21.002701 4.577570 -0.824292 9.799541 -12.754753 -5.347248 -5.821785 -10.138162 10.103399 9.271354 2.913838 3.668700 -23.400362 2.869657 10.279870 9.199323 0.466571 15.601138 -10.217017 -1.791989 -14.889253 10.762137 -6.761181 2.548612
8.767573 -20.525866 9.888345 4.049963 22.746248 -4.295558 21.142754 4.692273 -0.738966 9.780830 -12.759825 -5.299048 -5.946516 -10.147140 10.009639 9.314983 2.617470 3.895223 -23.356127 2.923502 10.249519 9.061259 0.419300 15.639173 -10.141252 -1.739580 -14.895855 10.817174 -6.704838 2.520119
8.944460 -20.543085 10.128983 4.055505 22.573832 -4.332086 21.201607 5.078126 -0.622269 9.713098 -12.668282 -5.298703 -6.388797 -10.399623 9.628413 9.624852 1.743548 4.617955 -23.198988 3.572143 10.205378 8.785850 0.310367 15.698573 -10.003036 -1.649548 -14.943673 10.908689 -6.582966 2.444794
9.215282 -20.637192 10.305552 3.907192 22.278896 -4.424438 21.189327 5.772316 -0.459991 9.578108 -12.341045 -5.197835 -7.225672 -10.702662 9.023725 10.161738 0.347257 5.758987 -22.737831 4.759818 10.169261 8.330955 0.037225 15.877048 -9.800626 -1.430243 -14.963243 10.973503 -6.320552 2.211641
9.485453 -20.693884 10.527465 3.876463 21.813885 -4.502157 21.336231 6.860263 -0.383423 9.335915 -11.553478 -4.974402 -8.435400 -10.854739 8.804749 10.542109 -0.442356 6.555736 -22.268263 5.610891 10.184216 7.903224 -0.272001 16.112169 -9.633569 -1.210669 -14.905675 10.988295 -6.035253 1.951371
9.166599 -20.841593 10.693956 3.571160 21.079720 -4.741512 21.565865 8.285546 -0.254927 8.787397 -10.792302 -4.724897 -9.937913 -10.965240 8.545762 10.587360 -0.816055 7.330079 -21.902971 5.657250 10.149824 7.258886 -0.812500 16.439049 -9.419404 -0.912401 -14.696021 11.007462 -5.574241 1.633621
8.209136 -21.199385 10.479739 3.153462 20.375017 -5.179407 21.866436 9.561253 -0.164059 8.300488 -10.460065 -4.561337 -11.621070 -10.716840 8.287150 9.758736 -0.218905 7.398919 -21.822298 3.601715 10.011021 6.585105 -1.458581 16.631021 -9.477354 -0.676698 -14.252378 10.986916 -5.053969 1.655541
7.660165 -21.988764 10.437676 2.802372 19.501057 -5.275994 22.327015 10.474341 -0.035807 7.819532 -10.242532 -4.512142 -13.327756 -10.578160 7.913031 8.960138 -0.295582 7.710751 -21.746466 2.122780 9.888816 5.870633 -2.001964 16.944340 -9.437129 -0.388502 -13.782850 11.144783 -4.469652 1.730443
7.393669 -22.790663 9.984019 2.121469 18.787165 -5.073730 22.297636 10.678390 0.191153 7.535482 -9.962152 -4.344895 -14.759957 -10.187942 7.674214 8.489450 -0.061530 7.768225 -21.494780 1.101735 9.786501 5.457094 -2.333894 17.147009 -9.561454 -0.179696 -13.279096 11.259031 -3.991377 2.013052
7.095311 -23.250376 9.228613 1.468584 18.514755 -4.984356 21.818787 10.565715 0.332053 7.340642 -10.188355 -4.119136 -15.395542 -9.701051 7.532721 8.223603 0.633370 7.498755 -21.362799 0.285722 9.688337 5.354074 -2.522161 17.167307 -9.744844 -0.166236 -12.920591 11.257467 -3.790414 2.293368
6.922665 -23.445101 8.816315 1.163738 18.468098 -4.987197 21.520412 10.442625 0.413186 7.231529 -10.342405 -3.994344 -15.675965 -9.358245 7.475296 7.973903 1.103983 7.292128 -21.287642 -0.283184 9.593169 5.326840 -2.590548 17.113964 -9.827611 -0.176502 -12.733157 11.304347 -3.691842 2.520323
6.904650 -23.459600 8.792350 1.140631 18.466045 -4.983972 21.497341 10.433317 0.418825 7.216967 -10.368572 -3.955366 -15.700497 -9.278367 7.483779 7.950813 1.182660 7.233215 -21.268923 -0.364744 9.587502 5.326778 -2.600028 17.111706 -9.835629 -0.179527 -12.717731 11.304693 -3.686662 2.529581
6.962422 -23.367525 8.931889 1.234843 18.487600 -4.986102 21.586590 10.486654 0.388253 7.264349 -10.282708 -4.032862 -15.589028 -9.466379 7.496912 8.077530 0.976681 7.333046 -21.307865 -0.092693 9.615530 5.335074 -2.565060 17.128599 -9.804165 -0.175366 -12.783570 11.296120 -3.720481 2.466930
6.994160 -23.166191 9.222413 1.433128 18.543329 -4.995252 21.738018 10.571910 0.312853 7.323196 -10.210606 -4.012317 -15.338056 -9.535977 7.610752 8.240868 0.748807 7.293169 -21.334332 0.181021 9.654436 5.366339 -2.513132 17.090414 -9.763781 -0.200696 -12.945979 11.272065 -3.823342 2.344029
7.081714 -22.906305 9.614499 1.742079 18.682001 -5.071433 22.006342 10.590113 0.226829 7.422908 -10.190183 -3.949878 -14.996114 -9.570924 7.715286 8.436614 0.480477 7.239754 -21.331991 0.482974 9.698475 5.443767 -2.404385 17.003031 -9.708512 -0.246182 -13.188333 11.247713 -3.983189 2.193409
7.185276 -22.464970 10.003045 2.197957 19.050978 -5.172494 22.141500 10.456013 0.114859 7.560977 -9.970697 -4.180319 -14.379094 -9.912953 7.862318 8.712211 0.065115 7.261339 -21.459106 1.166636 9.775337 5.585516 -2.166016 16.923819 -9.523628 -0.310336 -13.568397 11.262827 -4.236037 2.015886
7.237339 -22.018217 10.273030 2.597027 19.521492 -5.201953 22.091019 10.159202 -0.013070 7.738687 -10.141640 -4.045469 -13.366701 -9.685449 8.274781 9.233221 0.122571 6.727553 -21.521675 1.798356 9.792877 5.826322 -1.962483 16.690096 -9.440425 -0.476441 -13.959063 11.241937 -4.570201 1.886823
7.836344 -21.906487 10.410169 2.655024 19.957897 -4.962211 21.951183 9.184738 0.149724 8.049736 -10.491528 -3.983009 -12.179528 -9.402393 8.567258 9.840963 0.591452 5.971519 -21.557257 2.480285 9.887505 6.344176 -1.480508 16.488874 -9.322181 -0.655873 -14.416806 11.190542 -5.022308 1.833169
8.483418 -22.178677 6.202344 -0.198343 25.563158 -1.399789 12.029709 9.653984 4.973762 3.632593 -10.900181 -0.453348 -10.746545 -17.494017 3.183401 4.623971 5.901882 8.401484 -22.549261 3.104850 5.689986 11.998042 -3.807437 13.504296 -8.241251 2.983444 -16.204788 8.943126 -4.678155 -0.217638
9.099991 -22.025980 5.503496 -0.971808 26.340096 -1.481951 11.490564 8.326609 5.544085 4.191445 -11.420346 -0.165300 -9.444836 -17.551004 3.167510 5.568055 5.252925 8.147663 -22.562250 4.325592 5.763801 12.746582 -3.304683 13.360454 -8.590857 2.765795 -16.368359 8.554293 -5.206097 -0.086476
8.752332 -21.952763 4.681822 -1.708690 26.963816 -1.509802 11.073236 6.840828 5.770329 4.548937 -11.860823 -0.069099 -8.191670 -17.480658 3.347951 6.016851 5.255616 7.192728 -22.831882 4.539859 5.706659 13.425955 -2.996876 12.955996 -9.168399 2.391975 -16.329569 8.241618 -5.690572 0.373961
6.826135 -19.129284 6.260167 -1.104179 26.646488 -2.054906 12.364368 4.669466 3.933934 1.865937 -13.565622 -0.627079 -5.743483 -10.994752 8.844888 9.191685 6.039955 6.142169 -21.773432 -0.058976 8.415440 15.726459 -3.688339 10.976352 -8.317004 -0.853671 -15.481019 9.888255 -5.106831 2.094403
5.534136 -19.518620 4.833014 -1.129416 27.230112 -2.055322 12.077833 3.276736 3.265614 1.483751 -14.044821 -0.422069 -5.352080 -9.928184 9.563437 8.795865 9.133311 3.420867 -22.022469 -1.736077 8.257866 16.689047 -3.491802 10.672404 -9.218225 -1.498590 -15.207485 9.559853 -5.741724 3.184172
4.293314 -20.064943 3.144871 -0.980021 27.851427 -1.454543 11.498870 2.447982 2.086949 1.261972 -14.831202 -0.104463 -4.871581 -9.041837 9.907983 8.844318 11.226695 1.995783 -21.832994 -1.953300 8.061421 17.251284 -3.213210 10.343688 -10.033409 -1.953458 -14.762477 9.551172 -5.993548 4.395301
3.311323 -20.571135 1.550084 -0.789924 28.384781 -0.534428 10.843107 1.646719 0.918684 1.060042 -15.863801 0.533753 -4.608923 -7.751752 10.309226 9.197735 13.243714 0.757525 -21.254103 -1.554365 7.951355 17.819300 -2.943908 9.974864 -10.853912 -2.353416 -14.335679 9.408538 -6.247193 5.633140
1.607901 -20.452858 -0.195456 -0.711619 29.336630 -0.044842 9.801027 1.397980 -0.420203 0.960194 -16.661964 1.199362 -4.771050 -6.498680 10.550843 9.606145 14.366736 0.200359 -20.653009 -1.059610 7.883979 18.354773 -2.878927 9.692140 -11.642441 -2.685380 -13.781089 9.207325 -6.445507 6.751204
0.118764 -20.177921 -1.035468 -1.443745 29.894056 -0.694424 9.378139 0.878022 -0.649530 0.947703 -17.763172 1.940365 -4.917812 -5.238844 10.564227 9.849125 14.829278 -0.087180 -20.100740 -0.685754 7.696645 18.551043 -3.263046 9.544595 -12.356405 -2.869383 -13.224821 8.866804 -6.466340 7.479653
-1.400419 -20.016924 -1.592387 -2.292742 30.088566 -1.475940 9.035744 0.357887 -0.702496 0.885707 -18.850380 2.693894 -5.749551 -4.019034 10.154922 9.813858 15.416014 -0.170661 -19.427549 -0.662704 7.501441 18.563204 -3.666998 9.306252 -13.061488 -3.006904 -12.645329 8.582899 -6.383158 8.285072
-2.662803 -20.182997 -1.811683 -2.806049 29.972794 -2.132910 8.979779 -0.171241 -0.640940 0.716438 -19.638756 3.314086 -6.346237 -3.134192 9.873389 9.841913 15.740870 -0.203379 -18.926659 -0.679935 7.273234 18.511089 -4.017919 9.060911 -13.490698 -3.016572 -12.322831 8.348814 -6.287679 8.598228
-3.538658 -20.488382 -1.887833 -3.206743 29.817308 -2.497779 8.966163 -0.779576 -0.436149 0.459221 -20.137314 3.770153 -6.814810 -2.505325 9.704604 9.886915 15.998015 -0.314069 -18.558294 -0.751638 7.121002 18.464182 -4.234389 8.919246 -13.742465 -3.054496 -12.098140 8.295652 -6.210634 8.804111
-3.921748 -20.624990 -1.891125 -3.408020 29.752136 -2.686934 8.918758 -1.030097 -0.292289 0.318331 -20.333544 3.948748 -7.007562 -2.248202 9.643590 9.878555 16.108770 -0.329989 -18.420530 -0.785038 7.037311 18.444441 -4.396602 8.810996 -13.863302 -3.085047 -11.974315 8.273808 -6.169641 8.933332
