11.163736 -13.516516 8.647851 -12.860806 5.193228 -2.114217 14.203266 20.099087 -3.311170 -23.860239 -6.360777 2.816764 -31.793678 -12.033648 -5.474466 11.424122 -5.763223 11.168193 -16.394178 -14.211475 6.167852 -15.118173 -17.343071 16.166456 -10.817869 4.370181 -4.262624 15.404959 5.860297 -2.371641
11.143665 -13.480490 8.535527 -12.780971 5.488503 -2.001302 13.925074 20.131208 -3.304616 -23.758081 -6.345943 2.699118 -31.778831 -12.051372 -5.398293 11.346189 -5.720363 11.212122 -16.409277 -14.382484 6.186957 -15.066428 -17.281721 16.257149 -10.910123 4.402810 -4.310137 15.258595 5.835988 -2.481814
11.015627 -13.328144 8.688996 -12.523502 5.888532 -1.917962 13.554532 20.104197 -3.176749 -23.530008 -6.376162 2.490042 -31.775478 -11.911271 -5.244669 11.330229 -5.565130 11.323382 -16.278927 -14.636419 6.108469 -15.031502 -17.245255 16.443645 -11.023589 4.512731 -4.459885 14.979492 5.758662 -2.898927
10.843073 -13.455332 8.915100 -12.205017 6.381054 -1.784350 13.017719 20.203262 -2.829992 -23.272657 -6.506028 2.422789 -31.859764 -11.620938 -5.070373 11.312810 -5.210282 11.341529 -16.078489 -14.753363 5.855302 -15.096698 -17.343958 16.524637 -11.207984 4.596077 -4.756978 14.689522 5.574249 -3.532112
10.873454 -13.479309 9.430051 -11.597905 6.847950 -1.791681 12.511248 20.296169 -2.582263 -23.081097 -6.498237 2.252222 -31.865482 -11.520591 -4.876465 11.280365 -4.964673 11.141116 -15.964505 -15.287212 5.576497 -15.173209 -17.370741 16.379438 -11.425773 4.651281 -5.083920 14.495036 5.448012 -4.052637
10.763353 -13.320284 10.443879 -10.751657 7.390040 -2.014448 11.960130 20.722120 -2.295716 -22.797159 -6.517498 2.099773 -32.145813 -11.262240 -4.578586 11.085070 -4.363787 11.071624 -15.681855 -15.784231 5.180725 -15.014810 -17.433043 16.378473 -11.646163 4.434239 -5.491206 14.181039 4.987704 -4.767118
10.677025 -12.984023 11.462735 -10.205382 7.524920 -2.254924 11.938780 20.695929 -2.187353 -22.794233 -6.628859 2.031838 -32.325455 -11.049151 -4.120139 10.419392 -3.625575 11.155038 -15.604152 -16.093330 4.605074 -14.876679 -17.442530 16.281973 -11.867616 4.317579 -6.111030 13.865303 4.415066 -5.782305
9.934210 -12.187582 12.770884 -9.764874 7.891955 -2.726548 11.832218 20.773376 -1.851225 -22.504148 -6.688348 1.949132 -32.485085 -10.821063 -3.816000 9.985482 -3.052474 11.047227 -15.539092 -16.602947 4.022882 -14.629239 -17.519365 16.404814 -12.560956 4.122821 -6.560426 13.096960 3.859891 -6.827749
9.328465 -11.608631 14.001196 -9.530344 8.344380 -3.255940 11.832259 20.885670 -1.381049 -22.155798 -6.520536 1.846657 -32.737621 -10.713578 -3.590784 9.525241 -2.582514 11.057136 -15.591722 -17.018005 3.201572 -14.490865 -17.919004 16.688179 -12.869496 3.791494 -6.791238 12.599764 3.178237 -7.644356
9.026975 -10.861704 15.028101 -9.233234 9.118868 -3.982692 11.834166 20.991402 -0.899904 -21.557575 -6.437504 1.856432 -32.954395 -10.761068 -3.575186 9.280079 -2.424373 11.030759 -15.635547 -17.254623 2.837758 -14.308442 -17.765684 16.667316 -13.462355 3.752606 -7.319065 11.895189 2.731508 -8.280465
8.723355 -10.220175 16.021488 -8.910644 9.550252 -4.516965 11.848646 21.223057 -0.638766 -21.276731 -6.310383 1.888415 -33.169399 -10.797502 -3.604216 9.231874 -2.404971 10.887847 -15.600378 -17.459585 2.221365 -13.974335 -17.783176 16.717916 -13.897512 3.400847 -7.598248 11.447194 1.983950 -8.597951
8.016494 -9.929519 17.055603 -8.300905 9.556828 -5.282069 12.353626 20.957914 -0.334424 -20.845907 -6.272552 1.994401 -33.340946 -10.835625 -3.634681 9.089169 -2.375937 10.914994 -15.611169 -17.480013 2.121868 -13.867039 -17.659170 16.868372 -13.991809 3.476964 -7.782509 11.218135 1.808042 -9.010758
6.903368 -9.622535 18.474066 -7.988385 9.770400 -5.436656 13.052492 20.256332 -0.116348 -20.467392 -6.226356 3.748553 -34.082901 -13.190825 -4.019795 7.023145 -3.076950 10.510422 -16.183453 -16.263414 1.305259 -13.534351 -17.540262 16.634024 -14.201064 3.541099 -8.014894 10.889609 1.041894 -8.245224
6.127027 -9.140296 19.607655 -7.808437 10.056438 -5.870018 13.218661 20.118860 0.296944 -20.122366 -6.118467 4.587308 -34.226376 -14.132581 -4.509711 6.520182 -3.840748 10.152368 -16.574362 -15.620641 0.825902 -13.148452 -17.336325 16.637581 -14.220942 3.596738 -8.463428 10.422627 0.196297 -7.393661
5.604924 -8.846118 20.069899 -7.548399 9.993543 -6.226400 13.647769 20.046581 0.188595 -19.899460 -6.137304 4.765233 -34.167046 -14.311307 -4.799088 6.583555 -4.306372 10.090007 -16.635080 -15.556805 0.852363 -13.078557 -17.157106 16.569712 -14.147554 3.665319 -8.572490 10.418669 0.153589 -7.163736
4.834887 -8.702810 20.296318 -7.227515 9.869344 -6.310674 14.126020 19.827698 -0.026698 -19.616163 -6.189813 4.868776 -33.996906 -14.350525 -4.985520 6.791151 -4.676918 10.021614 -16.702057 -15.485068 0.895426 -12.998977 -17.010324 16.594717 -14.175120 3.731977 -8.449063 10.416996 0.235849 -7.053533
4.398929 -8.726090 20.468498 -7.164389 9.907611 -6.023802 14.312118 19.725883 0.024349 -19.281826 -6.277181 4.934224 -33.854485 -14.404023 -5.044709 6.794474 -4.839082 10.014562 -16.765495 -15.388000 0.898104 -12.977494 -16.923025 16.512770 -14.186818 3.762555 -8.371658 10.458221 0.300510 -6.904870
4.049064 -8.854095 20.493773 -7.204546 9.835258 -5.738154 14.543175 19.575712 0.005862 -19.164686 -6.296268 4.974535 -33.750534 -14.412665 -5.164562 6.899107 -5.027229 9.992301 -16.836634 -15.309261 0.839756 -12.966984 -17.005022 16.678276 -14.127487 3.802469 -8.323812 10.328055 0.196954 -6.699792
3.827793 -8.967183 20.452316 -7.188238 9.800434 -5.501936 14.685298 19.511459 -0.051110 -19.085732 -6.248003 4.972014 -33.813309 -14.415442 -5.213202 6.875335 -5.053183 10.089292 -16.850203 -15.265133 0.800668 -12.946851 -17.006807 16.725275 -14.116145 3.841887 -8.294972 10.267407 0.155882 -6.538275
3.771353 -8.986588 20.398245 -7.287040 9.832422 -5.362940 14.677334 19.476393 -0.032196 -19.030386 -6.240485 4.952709 -33.821129 -14.419717 -5.211431 6.880323 -5.068604 10.119370 -16.821663 -15.278749 0.812860 -12.959050 -17.000853 16.686266 -14.113246 3.833178 -8.312490 10.287979 0.166363 -6.508276
3.990017 -9.029665 20.411053 -7.336152 9.792417 -5.367304 14.572493 19.421680 0.022499 -19.146414 -6.308897 5.031183 -33.819695 -14.439820 -5.155783 6.793260 -4.962666 10.104172 -16.817307 -15.131380 0.745802 -12.938115 -17.044703 16.737970 -14.085261 3.829519 -8.265773 10.272609 0.104110 -6.436436
4.574515 -8.741064 20.253708 -8.063871 10.194811 -5.181593 13.830404 19.362350 0.352393 -19.194006 -6.533169 5.440015 -34.206688 -14.420440 -5.136263 6.738234 -4.810104 10.103946 -16.417690 -14.769669 0.572707 -13.008137 -17.098005 16.508127 -14.102276 3.828648 -8.275332 10.459114 0.139929 -6.387078
5.349617 -8.847360 19.925251 -8.999715 10.599946 -5.104674 12.937467 19.300472 1.067051 -19.356546 -6.829507 6.076417 -34.775276 -14.372970 -5.277453 6.850480 -4.832418 10.038740 -15.819672 -14.254423 0.284234 -13.144040 -17.249548 16.196293 -14.184163 3.833539 -8.131555 10.793399 0.264435 -6.200469
6.277417 -8.965574 19.089054 -9.957147 11.162335 -4.080947 11.897319 19.290371 1.444059 -19.399195 -7.246465 6.735740 -35.263706 -14.148073 -5.282894 6.965977 -4.631186 9.904325 -15.136657 -13.647833 0.013314 -13.345984 -17.520571 16.120676 -14.114282 3.971048 -7.827160 11.127888 0.461999 -6.017040
7.154639 -10.058989 16.920818 -10.764100 11.440899 -3.005658 10.784390 18.868690 1.747376 -19.288042 -7.770541 7.652647 -35.981979 -13.802308 -5.378897 7.251595 -4.420420 9.776401 -14.117404 -12.801522 -0.078538 -13.556474 -17.254431 14.848399 -13.960230 3.915472 -6.929758 12.782519 1.437513 -5.482789
8.117084 -11.882446 14.040219 -11.809221 11.689002 -1.446864 9.423530 18.822208 1.937152 -19.122936 -8.627314 8.165017 -35.996876 -13.119483 -5.225788 7.988095 -4.152637 9.636065 -13.113439 -12.018079 0.372108 -14.036556 -17.142622 13.975950 -12.962580 4.160546 -6.072700 14.449829 2.459347 -4.105436
9.218867 -13.299364 11.758104 -12.701235 12.020571 -0.360787 8.198893 19.264271 2.380507 -18.454750 -9.521058 8.564984 -35.787868 -12.339349 -5.216285 9.021424 -4.337096 9.739507 -12.110646 -11.264066 0.862491 -14.166263 -16.741407 12.923970 -12.239915 4.220438 -5.278093 16.078371 3.318996 -2.597466
10.842079 -14.614206 9.728129 -13.093648 11.716539 0.139957 8.204383 18.831808 2.620645 -17.840408 -10.662075 9.007620 -35.059853 -11.750449 -5.215945 10.154840 -4.855136 9.722219 -11.223517 -10.318489 1.809525 -13.954921 -15.705992 12.074988 -11.450057 4.186891 -4.361793 17.889732 4.253040 -0.928352
12.082420 -16.206408 8.170115 -13.729913 12.232536 0.635303 7.886746 18.347527 3.471394 -16.846138 -11.389354 9.109062 -34.635010 -11.687527 -4.906733 10.378404 -4.940447 10.429444 -10.415370 -9.205227 2.295179 -13.590195 -14.848536 11.288365 -11.251256 3.869328 -3.705718 19.135733 4.771327 0.119325
12.082682 -18.236158 6.820091 -14.111027 11.825068 1.022776 8.639599 17.688631 3.406601 -16.818731 -12.286046 9.015235 -34.088066 -11.489200 -4.338286 10.681065 -4.932558 11.510255 -9.400968 -7.919654 2.577047 -13.079007 -14.051142 11.083917 -11.608645 3.667791 -3.610799 19.289083 4.760842 0.570449
12.173931 -18.832359 6.597235 -13.865838 11.724569 0.381343 9.449027 16.753819 3.439286 -16.121964 -13.158894 8.850310 -33.252804 -11.468890 -3.693758 11.049583 -4.848883 11.934232 -8.604806 -7.157902 3.130605 -12.463617 -12.727869 10.633874 -12.532929 3.704604 -3.812989 19.067242 4.980134 0.922254
12.075106 -17.984640 6.664266 -14.126792 12.645502 -0.092642 9.093061 15.618084 3.580726 -15.210975 -14.219217 8.528806 -32.356468 -11.016799 -2.708361 11.318768 -4.060750 12.438680 -7.807849 -6.208056 2.766733 -11.942963 -12.278101 10.750552 -13.574162 3.484746 -3.922697 18.437056 4.469999 1.092695
11.459806 -17.579657 6.733386 -14.366215 12.781766 -0.546740 9.465221 13.781715 3.446255 -14.845275 -14.993685 8.045259 -31.603268 -10.894887 -1.872987 11.518110 -3.485199 12.748332 -7.068795 -5.833464 2.521626 -11.196305 -11.475988 10.591802 -14.589067 3.011980 -4.452198 17.877201 3.796620 1.014716
10.766603 -17.345406 6.676076 -14.321582 13.435452 -0.336230 9.543095 12.559671 3.525753 -14.037539 -15.522561 7.460649 -30.681520 -10.730840 -1.227010 11.526500 -3.162628 13.272400 -6.954311 -5.500018 2.309093 -10.552084 -10.761111 10.883786 -15.632577 2.730119 -5.237324 16.849617 2.974374 0.258433
10.012297 -16.698977 6.692614 -14.432089 14.079251 -0.593425 9.681822 11.617935 3.717940 -13.173509 -15.941918 6.815743 -29.779390 -10.434731 -0.740184 11.635788 -3.049512 13.661555 -6.988439 -5.557040 1.977932 -10.017305 -10.249908 11.236884 -16.245640 2.502942 -5.603369 16.179825 2.305266 -0.305162
9.313620 -15.838984 6.956033 -14.928186 14.659592 -0.629779 9.666547 11.084074 3.881275 -12.646124 -16.246662 6.061803 -29.166286 -10.107389 -0.014343 11.446592 -2.274968 14.084141 -6.917838 -5.716475 1.661738 -9.624296 -9.968473 12.030114 -16.671515 2.451406 -5.443268 15.645769 1.881227 -0.846091
8.524191 -15.843909 6.513199 -15.186135 14.971089 -0.508947 9.665564 10.719471 3.713108 -12.428196 -16.432886 5.769300 -28.505386 -10.098615 0.321708 11.399171 -2.062336 14.039939 -7.061392 -5.700570 1.574367 -9.111798 -9.441150 12.175233 -16.872112 2.218742 -5.392744 15.621911 1.567126 -0.834205
8.178826 -15.919308 6.257342 -15.472826 15.172408 -0.462104 9.626472 10.544680 3.704077 -12.327288 -16.483669 5.619873 -28.247246 -10.113520 0.620000 11.245033 -1.680078 14.069892 -7.112085 -5.585092 1.417546 -8.891646 -9.350630 12.492324 -17.076138 2.099318 -5.276647 15.444344 1.315221 -0.855015
7.779988 -16.098484 5.928737 -15.668419 15.232360 -0.416123 9.588063 10.336922 3.667483 -12.299925 -16.526703 5.594359 -28.062710 -10.104664 0.758968 11.158873 -1.516198 14.120906 -7.183751 -5.387268 1.403689 -8.735648 -9.195483 12.550266 -17.079208 2.016022 -5.244041 15.509073 1.214568 -0.848132
7.804765 -16.088169 5.747633 -15.713180 15.312139 -0.432968 9.530952 10.342948 3.617841 -12.281865 -16.512629 5.612013 -28.059704 -10.103142 0.778252 11.166896 -1.478584 14.126209 -7.197208 -5.311436 1.357554 -8.676029 -9.117243 12.572445 -17.101990 2.005294 -5.233858 15.534777 1.192443 -0.895710
7.822595 -16.066645 5.665528 -15.748442 15.307291 -0.496020 9.539963 10.280443 3.587116 -12.299510 -16.522455 5.626306 -28.065449 -10.078664 0.768427 11.182625 -1.499077 14.149133 -7.190327 -5.276134 1.333258 -8.661190 -9.119621 12.601586 -17.082745 1.993719 -5.211777 15.548674 1.169159 -0.885747
7.687547 -16.096531 5.425848 -15.793956 15.334285 -0.471580 9.588951 10.206127 3.379936 -12.395531 -16.523872 5.639727 -28.055550 -10.074762 0.777885 11.177289 -1.467186 14.132314 -7.187137 -5.247839 1.290527 -8.594283 -9.018675 12.583709 -17.039873 1.954423 -5.219419 15.626219 1.120512 -0.874444
7.755103 -16.126116 5.093127 -15.945719 15.373625 -0.537377 9.548696 10.102547 3.302436 -12.447915 -16.539551 5.637784 -28.001194 -10.080144 0.804232 11.165668 -1.437898 14.097892 -7.199914 -5.241165 1.315210 -8.433827 -8.826022 12.578652 -17.022879 1.896568 -5.126793 15.763517 1.110482 -0.789530
7.710897 -16.290874 4.537884 -15.968935 15.416797 -0.719350 9.561190 9.868280 3.141935 -12.460554 -16.556875 5.665837 -27.919649 -10.071291 0.832509 11.183555 -1.383240 14.017097 -7.198367 -5.190740 1.316497 -8.242340 -8.670388 12.689204 -16.898247 1.833369 -4.885550 15.999825 1.075292 -0.680610
7.933099 -16.290754 3.963745 -16.378345 15.483298 -1.101864 9.436185 9.425745 3.249368 -12.520756 -16.566841 5.696737 -27.821831 -10.073510 0.850334 11.235380 -1.360373 13.939998 -7.209588 -5.106472 1.471511 -7.882474 -8.207687 12.601306 -16.584459 1.714718 -4.718203 16.482599 1.013254 -0.464907
7.871301 -16.529562 2.929171 -16.953428 15.498869 -1.359770 9.360246 8.702234 3.181623 -12.700176 -16.591362 5.712949 -27.721573 -10.074067 0.883173 11.222694 -1.312333 13.879857 -7.236418 -5.073601 1.486614 -7.665350 -8.008834 12.632087 -16.568306 1.635759 -4.455695 16.718660 1.027285 -0.352430
8.835360 -16.674114 1.358556 -18.037142 15.893260 -1.405128 8.768908 8.078691 3.484818 -12.512619 -16.633518 5.728392 -27.591545 -10.055676 0.934670 11.189367 -1.238977 13.815207 -7.258465 -5.034941 1.727585 -7.354455 -7.502129 12.285026 -16.249420 1.558055 -4.325648 17.255020 1.084100 0.147206
10.090034 -16.532900 0.079980 -19.445847 16.382324 -1.959271 8.200655 7.228158 4.192063 -12.064336 -16.671230 5.755814 -27.504856 -10.032146 0.936528 11.182302 -1.224711 13.755249 -7.274189 -5.027835 2.014442 -6.961400 -6.897685 11.798966 -15.960467 1.299412 -4.309556 17.864647 1.060134 0.603781
10.969555 -16.365145 -1.347157 -20.360468 17.001480 -2.343810 7.986639 7.008653 4.170501 -11.665845 -16.717335 5.796350 -27.401066 -10.019441 0.929315 11.163238 -1.226937 13.717638 -7.296031 -4.965780 2.124022 -6.730505 -6.543717 11.329805 -15.848897 1.067727 -4.357565 18.250122 1.011082 0.985918
11.788977 -16.335733 -2.298867 -20.974520 17.375896 -2.763460 7.838691 6.768837 4.293144 -11.352476 -16.784409 5.821369 -27.223866 -9.999728 1.002115 11.090212 -1.124514 13.617366 -7.328692 -4.930293 2.232625 -6.501941 -6.244633 10.812350 -15.665643 0.874450 -4.037587 18.908531 1.116752 1.802291
12.138743 -16.524746 -3.390470 -21.184484 17.637535 -2.782505 7.861796 6.452258 3.919771 -11.248267 -16.837322 5.822828 -27.105122 -9.947165 1.051063 11.009371 -1.040789 13.596265 -7.372069 -4.921918 2.324915 -6.262055 -5.938010 9.999610 -15.871239 0.406751 -4.656345 19.035643 0.794843 1.913681
11.830878 -17.207302 -4.776175 -20.606764 17.814144 -2.710671 7.969899 6.112234 3.195386 -11.124258 -16.919434 5.844765 -26.898863 -9.886006 1.117553 10.980221 -0.933030 13.469845 -7.408708 -4.884424 2.389478 -6.179739 -5.862798 9.370760 -15.903430 0.166157 -4.621922 19.464685 0.865243 2.450930
11.730919 -17.517330 -5.331308 -20.263622 17.894978 -2.482254 7.962257 5.945798 2.797196 -11.025255 -16.955877 5.869521 -26.856113 -9.815754 1.120867 10.934171 -0.901681 13.518626 -7.421276 -4.815026 2.424617 -6.073623 -5.769299 8.783335 -16.135019 -0.166067 -4.946827 19.540144 0.732881 2.611772
11.093185 -17.974419 -6.463919 -19.823982 17.829365 -1.986120 8.241741 5.811327 1.767820 -11.166475 -17.012363 5.866110 -26.832729 -9.779240 1.132856 10.840726 -0.868148 13.543904 -7.426587 -4.869460 2.388658 -5.940334 -5.659226 8.572885 -16.347420 -0.378592 -5.196344 19.415182 0.580219 2.503810
10.694571 -18.002230 -7.079687 -19.541746 17.926151 -1.672356 8.449185 5.857271 1.035053 -11.156424 -17.062946 5.860749 -26.756395 -9.764438 1.142894 10.782811 -0.850128 13.573458 -7.440260 -4.843179 2.345310 -5.906520 -5.624776 8.315465 -16.672428 -0.546733 -5.652278 19.180317 0.399463 2.344634
10.444522 -18.002327 -7.480673 -19.249712 18.031969 -1.441070 8.519834 5.950436 0.534988 -11.084868 -17.095737 5.849458 -26.775703 -9.746204 1.144242 10.722694 -0.846753 13.609338 -7.453865 -4.915223 2.381164 -5.911219 -5.565121 8.185781 -16.756725 -0.559841 -5.910363 19.081139 0.343695 2.346599
10.201914 -17.874449 -7.674193 -18.959999 17.971416 -1.144377 8.600279 6.044182 0.049211 -11.155096 -17.073708 5.852426 -26.795532 -9.759013 1.106237 10.766099 -0.912644 13.688851 -7.448462 -4.825416 2.432231 -5.933813 -5.349429 7.897828 -17.028275 -0.589310 -6.696263 18.661716 0.131401 2.130806
9.957160 -17.804773 -7.446163 -18.633820 17.953922 -1.026612 8.769049 6.148951 -0.190092 -11.130394 -17.097801 5.847986 -26.746593 -9.785084 1.112651 10.763985 -0.929459 13.678368 -7.456453 -4.824338 2.458777 -5.949408 -5.313138 7.770949 -17.101061 -0.619587 -6.883723 18.599850 0.104761 2.111353
9.763056 -17.823608 -7.387722 -18.439436 17.931864 -0.926199 8.846827 6.273709 -0.347992 -11.146749 -17.106415 5.848883 -26.725647 -9.795986 1.108937 10.775720 -0.941214 13.683255 -7.457102 -4.800964 2.470273 -5.963419 -5.314147 7.698634 -17.175922 -0.656483 -7.059751 18.501686 0.061781 2.044762
9.663806 -17.774084 -7.319858 -18.288794 17.941025 -0.896029 8.903600 6.318042 -0.447776 -11.119133 -17.106735 5.849522 -26.714592 -9.798711 1.107490 10.786069 -0.946121 13.680001 -7.456079 -4.787218 2.470566 -5.958063 -5.274200 7.662523 -17.196598 -0.651562 -7.121919 18.479671 0.044340 2.060737
9.703619 -17.829950 -7.425016 -18.370876 17.896021 -0.851158 8.869455 6.383125 -0.451955 -11.208647 -17.103979 5.844530 -26.718361 -9.797426 1.109052 10.779094 -0.942941 13.684448 -7.457845 -4.796113 2.472694 -5.955231 -5.299212 7.687735 -17.189278 -0.664076 -7.089644 18.486635 0.048137 2.041015
9.814320 -17.863945 -7.483796 -18.439594 17.847775 -0.814846 8.799876 6.460537 -0.411540 -11.284962 -17.103336 5.843575 -26.724144 -9.792991 1.109651 10.772030 -0.939648 13.682895 -7.456614 -4.808539 2.479847 -5.963147 -5.308858 7.691122 -17.184521 -0.667611 -7.093495 18.479748 0.052446 2.014542
10.033928 -18.011717 -7.872986 -18.737677 17.825411 -0.732762 8.616434 6.548534 -0.329410 -11.452522 -17.091797 5.839393 -26.737476 -9.782567 1.100788 10.785128 -0.956529 13.698982 -7.460943 -4.803073 2.469845 -5.981688 -5.320710 7.679395 -17.213699 -0.671622 -7.181430 18.411854 0.024127 1.946529
10.263203 -18.186998 -8.376411 -19.133318 17.838425 -0.735729 8.432579 6.531514 -0.195182 -11.596952 -17.081596 5.845945 -26.750113 -9.768551 1.104522 10.793879 -0.935452 13.679299 -7.449666 -4.795291 2.486463 -5.997450 -5.451081 7.797585 -17.174604 -0.725896 -7.091383 18.394604 0.039344 1.769949
10.290511 -18.324963 -8.567595 -19.282928 17.839767 -0.642829 8.357969 6.714144 -0.181359 -11.739329 -17.064331 5.851779 -26.736458 -9.775424 1.108141 10.832541 -0.930712 13.635979 -7.438919 -4.770411 2.437120 -6.014208 -5.597396 7.973865 -17.127632 -0.740290 -6.888157 18.414003 0.071928 1.641642
9.968666 -18.450420 -8.016760 -19.202147 17.514755 -0.443623 8.452415 7.347387 -0.112313 -12.016069 -17.040539 5.868411 -26.742889 -9.784732 1.100502 10.886364 -0.943310 13.617451 -7.434481 -4.714758 2.431399 -6.010507 -5.610784 8.047402 -17.178535 -0.769490 -6.891242 18.350082 0.061896 1.465492
9.976552 -18.366474 -7.196640 -19.130392 17.342133 -0.336381 8.376373 8.002567 0.212506 -12.175745 -17.018501 5.878786 -26.783426 -9.776750 1.094432 10.905874 -0.942025 13.622878 -7.427036 -4.695027 2.415714 -6.000206 -5.767489 8.307993 -17.252245 -0.884446 -6.795840 18.211203 0.030277 1.049103
9.674646 -18.484098 -6.702758 -19.375711 17.118988 -0.056948 8.373872 8.520587 0.375193 -12.611641 -16.952564 5.891562 -26.804844 -9.796014 1.054691 11.033858 -1.023864 13.631135 -7.421074 -4.581908 2.386034 -5.964447 -5.787997 8.520511 -17.328457 -0.924446 -6.776479 18.067926 -0.032021 0.732649
9.145883 -18.577475 -6.153083 -19.498293 16.707800 0.175215 8.442467 9.138523 0.539179 -13.115322 -16.876513 5.882831 -26.922966 -9.804928 0.987207 11.107731 -1.126225 13.719337 -7.405677 -4.558064 2.354572 -5.953328 -5.858993 8.720155 -17.416714 -0.959859 -6.789686 17.909962 -0.078157 0.404238
8.448936 -18.492586 -4.894001 -18.946260 16.248512 0.465425 8.857417 9.803995 0.613575 -13.251636 -16.799206 5.877835 -27.043219 -9.833102 0.926432 11.217047 -1.242889 13.754781 -7.380307 -4.575233 2.303666 -6.028870 -5.979301 8.981826 -17.455952 -0.882289 -6.798323 17.720547 -0.094702 0.094949
8.458145 -18.445757 -3.604937 -19.095728 15.765952 0.508814 8.927361 10.222374 1.430186 -13.439439 -16.675632 5.865464 -27.280001 -9.918928 0.802110 11.395103 -1.469998 13.931655 -7.333839 -4.507503 2.386564 -6.104361 -6.009960 9.028996 -17.508287 -0.867440 -7.038289 17.530991 -0.105688 -0.172739
8.360027 -18.444849 -2.360468 -19.123892 15.623231 0.893973 8.855076 10.923299 1.922009 -13.611407 -16.438179 5.786919 -27.669712 -10.029137 0.652210 11.674945 -1.739788 14.109384 -7.223011 -4.581047 2.347816 -6.315520 -6.278513 9.305133 -17.459784 -0.751100 -7.073184 17.342936 -0.069439 -0.455772
8.029459 -18.465117 -2.132206 -18.791479 15.322051 1.298280 9.141264 11.323273 1.403521 -13.965831 -16.240351 5.704507 -28.153143 -10.097717 0.508405 11.832349 -1.960362 14.299907 -7.108596 -4.826967 2.428879 -6.488569 -6.358964 9.322007 -17.372725 -0.681077 -7.491516 17.114943 -0.117083 -0.683796
7.622695 -18.701815 -1.857585 -17.564589 14.972714 1.699574 9.344647 11.996267 0.861621 -14.091015 -15.991306 5.623372 -28.733053 -10.195730 0.265244 12.081863 -2.300742 14.523866 -6.986840 -5.087314 2.494638 -6.950972 -6.704107 9.448550 -17.037849 -0.275395 -7.814328 16.909618 0.062329 -0.827482
10.039030 -1.631466 6.652780 -17.794199 5.637950 -5.010000 19.796188 7.463439 -11.190527 -21.598047 -11.060160 2.164645 -25.731148 -14.502151 -4.761743 3.833849 2.270039 10.380162 -19.611753 -6.736540 5.178207 -4.277770 -12.084700 13.280988 -9.238376 2.896861 -8.711136 13.596978 -1.552051 1.610600
9.701221 -1.897512 6.821552 -17.222086 5.457436 -4.420398 19.737417 8.310837 -11.402172 -21.758741 -10.420179 2.028688 -25.868923 -15.024122 -5.053853 4.485476 1.795490 9.675399 -19.810261 -7.319301 5.582212 -4.600133 -12.106421 13.191469 -8.936945 3.196460 -9.238770 13.453055 -1.327455 1.239061
9.870891 -1.870529 6.999794 -16.351748 5.534894 -4.240790 19.652527 9.186014 -11.700032 -21.749823 -9.786734 1.916912 -25.914412 -15.382354 -5.216532 5.042449 1.506756 9.171536 -19.834520 -7.570667 5.990587 -4.902831 -12.034496 13.054534 -8.612111 3.495683 -9.899748 13.286002 -1.159507 0.853731
9.990593 -1.824613 7.011417 -15.615289 5.647427 -4.192609 19.649509 9.603379 -12.104084 -21.754076 -9.125685 1.758794 -25.915020 -15.635835 -5.280169 5.536922 1.364075 8.711553 -19.789549 -7.805779 6.404839 -5.175911 -11.971769 12.994332 -8.246063 3.750669 -10.551605 13.144589 -1.024773 0.388450
10.521123 -1.536757 6.762551 -14.894793 5.895672 -4.383751 19.585342 10.067210 -12.542871 -21.642782 -8.485292 1.549340 -25.748575 -15.849457 -5.324207 6.013319 1.216825 8.173900 -19.796572 -8.086524 6.801549 -5.272173 -11.709876 12.699074 -7.980046 3.863624 -11.271014 13.050454 -1.015625 0.174002
8.935940 -4.961600 7.567772 -11.051216 9.639405 -4.558401 17.250244 12.668930 -9.133849 -19.368261 -8.477716 1.289772 -24.225269 -10.872329 -0.760983 9.021423 1.219616 7.951910 -18.667124 -12.111376 8.133435 -9.626555 -10.766489 12.918317 -9.789803 0.560189 -12.582659 14.022304 -1.101048 0.211690
9.169949 -5.920951 6.949552 -10.007069 10.455308 -5.237011 16.692207 13.388197 -8.740950 -18.861837 -7.977292 0.389426 -23.384212 -10.509877 0.301828 9.533840 1.639068 7.542015 -18.582289 -12.762853 8.876169 -9.529277 -10.672974 12.475972 -9.624899 -0.194018 -13.074151 14.145557 -1.019510 -0.019858
9.195098 -5.625193 6.490366 -9.267598 11.358507 -4.894964 16.493160 13.650778 -9.344471 -18.648800 -7.843313 0.138734 -22.770309 -10.733569 0.470538 9.536658 1.852153 7.114916 -18.872766 -13.354634 9.256618 -9.508636 -10.180687 12.257080 -9.591701 -0.532729 -14.215296 13.955721 -1.584697 -0.210190
8.959507 -5.055745 6.133798 -8.762277 11.827929 -5.276603 16.525784 13.754463 -9.999359 -18.536385 -7.993719 -0.276184 -21.964725 -10.720428 0.940414 8.999999 2.373624 6.790452 -19.463531 -13.925188 9.632751 -9.110050 -9.496162 11.739814 -9.699821 -0.859657 -15.109740 13.874137 -2.013892 -0.325345
8.355410 -4.683159 5.548101 -8.261230 12.371819 -5.575130 16.511076 13.557165 -10.599984 -18.251116 -8.321806 -0.517069 -21.269676 -10.566154 1.428321 8.349171 2.888681 6.603151 -20.094625 -14.286638 9.901699 -8.699018 -8.938630 11.318370 -9.863848 -1.145502 -15.660177 13.872275 -2.326913 -0.370445
7.572183 -4.540309 4.908566 -7.796491 12.901628 -5.851665 16.525379 13.206501 -11.020783 -17.798883 -8.907655 -0.678842 -20.467266 -10.240045 1.980303 7.579415 3.637396 6.560818 -20.701101 -14.313726 10.079026 -8.246016 -8.394046 10.924537 -10.033456 -1.494857 -16.031878 13.932991 -2.667190 -0.273517
6.629688 -4.630713 4.358388 -7.578488 13.095410 -6.014060 16.672169 12.594450 -11.321257 -17.513311 -9.478218 -0.719970 -19.690079 -9.980945 2.418083 7.075796 4.350874 6.258588 -21.150459 -14.291474 10.115349 -7.872557 -8.042193 10.630090 -10.223325 -1.856999 -16.233191 13.949147 -3.008532 -0.091223
5.902152 -4.847560 4.060128 -7.481709 13.233915 -6.101655 16.908916 11.959431 -11.615862 -17.386391 -10.056552 -0.639136 -19.239487 -9.709962 2.724389 6.700537 4.907625 6.207801 -21.332537 -14.039876 10.206671 -7.391441 -7.534440 10.177129 -10.467335 -2.277067 -16.489710 13.972337 -3.382252 0.295096
4.884416 -5.304900 3.788331 -7.348774 13.225526 -6.212734 17.302231 11.163022 -12.014042 -17.408478 -10.639634 -0.513882 -18.617771 -9.351720 3.008158 6.562397 5.469873 5.983684 -21.338846 -13.613083 10.279666 -7.030167 -7.139647 9.799350 -10.694107 -2.592319 -16.700748 13.955409 -3.665658 0.635466
3.804269 -5.845528 3.538847 -7.324437 12.974534 -6.334314 17.777596 10.185007 -12.293781 -17.465508 -11.246531 -0.470622 -17.794960 -9.026025 3.323259 6.631850 6.121902 5.583955 -21.381311 -13.154181 10.216695 -6.768887 -6.891288 9.583996 -10.893394 -2.844180 -16.734173 13.951381 -3.875792 0.923491
2.570400 -6.417004 3.465338 -7.119545 12.654761 -6.439026 18.298410 9.283045 -12.578166 -17.602949 -11.762420 -0.439846 -17.001793 -8.706397 3.735125 6.710058 6.756097 5.199530 -21.461756 -12.759052 10.245386 -6.556590 -6.590484 9.185230 -11.118289 -2.966634 -16.872883 13.932222 -3.993017 1.420247
1.490759 -7.106293 3.530503 -6.999648 12.276894 -6.491044 18.846672 8.332098 -12.741382 -17.738974 -12.278337 -0.345548 -16.268921 -8.355273 4.103860 6.766269 7.345637 4.841249 -21.448610 -12.293688 10.147665 -6.396672 -6.402516 8.952041 -11.351195 -3.045722 -16.845409 13.889728 -4.074335 1.957163
0.724096 -7.407425 3.392829 -6.837219 12.208616 -6.558385 19.188570 7.556909 -12.991126 -17.698111 -12.656816 -0.264987 -15.762843 -8.092839 4.393370 6.746664 7.770602 4.662361 -21.389143 -11.914480 10.249641 -6.274872 -6.028085 8.506503 -11.534805 -3.013684 -17.017706 13.870745 -4.047898 2.638075
-0.003299 -7.470349 3.041212 -6.705076 12.284369 -6.560464 19.369606 6.915917 -13.336329 -17.612890 -12.959972 -0.130994 -15.311177 -7.924886 4.606697 6.803096 8.146520 4.436711 -21.347689 -11.462782 10.362084 -6.138683 -5.598941 8.047739 -11.745250 -2.978796 -17.189800 13.865034 -4.005742 3.348318
-0.649703 -7.461654 2.533220 -6.609328 12.432514 -6.583602 19.499184 6.228833 -13.698041 -17.438244 -13.208945 -0.022917 -14.728728 -7.824238 4.862590 6.821789 8.586012 4.037458 -21.425591 -11.072012 10.510098 -5.972184 -5.158297 7.666880 -11.943912 -2.937132 -17.306690 13.863310 -3.951701 4.049434
-1.136231 -7.385747 1.943434 -6.560773 12.687692 -6.649487 19.593525 5.649957 -14.089436 -17.223104 -13.316010 0.047630 -14.188416 -7.786839 5.106009 6.861953 8.989268 3.592342 -21.492996 -10.740449 10.641865 -5.863504 -4.855457 7.378010 -12.085382 -2.876803 -17.423555 13.853024 -3.898170 4.543350
-1.562116 -7.304921 1.399550 -6.490883 12.960599 -6.700513 19.676632 5.164027 -14.453774 -17.004358 -13.381969 0.051775 -13.470668 -7.791241 5.413727 6.921927 9.487570 2.935218 -21.700413 -10.532673 10.741094 -5.753821 -4.565454 7.115856 -12.233283 -2.842394 -17.546354 13.835685 -3.887520 5.025041
-1.912836 -7.263405 0.876082 -6.369713 13.224928 -6.737181 19.741343 4.771958 -14.806192 -16.809406 -13.403187 0.030247 -12.855130 -7.814277 5.679659 6.944944 9.908658 2.352253 -21.905714 -10.418388 10.833778 -5.645261 -4.314716 6.920262 -12.357527 -2.814009 -17.631561 13.822258 -3.882219 5.436779
-2.117242 -7.219302 0.499274 -6.283471 13.411600 -6.778735 19.757296 4.516581 -15.037938 -16.683964 -13.448339 0.041860 -12.408618 -7.814042 5.895849 6.917234 10.265006 1.953916 -22.012518 -10.274943 10.889265 -5.584892 -4.143192 6.794795 -12.428747 -2.791150 -17.681629 13.821021 -3.865993 5.702402
-2.254488 -7.182209 0.270560 -6.216397 13.527895 -6.785918 19.761227 4.410590 -15.198241 -16.612314 -13.453252 0.039028 -12.197461 -7.818240 5.976717 6.933891 10.403268 1.761978 -22.054415 -10.217269 10.885178 -5.557550 -4.116750 6.798604 -12.459572 -2.797304 -17.655163 13.816739 -3.875170 5.786549
-2.353262 -7.172503 0.151615 -6.170798 13.595778 -6.784171 19.776463 4.363455 -15.309662 -16.585903 -13.450932 0.033306 -12.078238 -7.829089 6.024111 6.954402 10.477738 1.646407 -22.098688 -10.195890 10.909851 -5.549207 -4.070135 6.746174 -12.470809 -2.784537 -17.696102 13.812862 -3.870286 5.846337
