4.471937 -21.383169 7.197020 -0.508691 22.489862 -3.746603 14.167576 12.532573 3.576488 -1.638170 -11.816335 -3.056689 -17.802490 -21.523462 15.171139 7.822670 -4.102874 -0.977639 -9.941113 10.211552 4.634234 -5.285900 1.044470 9.101676 -17.918640 6.306670 -6.769245 17.646030 4.147127 -2.178499
4.508926 -21.345709 7.330392 -0.401547 22.413681 -3.727133 14.301437 12.587045 3.519289 -1.573290 -11.733500 -3.108617 -17.702625 -21.679768 15.209615 7.880313 -4.249201 -0.896517 -9.976896 10.408115 4.668576 -5.242878 1.098077 9.131766 -17.907274 6.311043 -6.811338 17.632351 4.113866 -2.273958
4.622692 -21.274088 7.565279 -0.148834 22.322643 -3.704638 14.551050 12.606998 3.422968 -1.432391 -11.657726 -3.149926 -17.609150 -21.844772 15.241829 7.990976 -4.523465 -0.756148 -10.020489 10.617193 4.749675 -5.173061 1.199766 9.185637 -17.871054 6.327091 -6.897626 17.605448 4.063595 -2.453345
4.782265 -21.275671 7.757661 0.185453 22.244308 -3.663588 14.953810 12.473032 3.286820 -1.267171 -11.500451 -3.257473 -17.517353 -22.083263 15.314530 8.057914 -4.948611 -0.501391 -10.108062 10.835724 4.879194 -5.097929 1.356702 9.231226 -17.789547 6.386975 -7.028939 17.576099 4.033253 -2.651960
4.995826 -21.171206 7.984166 0.701831 22.314671 -3.637555 15.356048 12.339800 3.071991 -1.052086 -11.246668 -3.403544 -17.265835 -22.342636 15.477487 8.228703 -5.275196 -0.420726 -10.218255 11.279249 5.036795 -4.957452 1.561208 9.294566 -17.629002 6.467109 -7.191017 17.584148 3.978512 -2.920248
5.241526 -20.880114 8.350944 1.148026 22.501770 -3.512245 15.595344 12.236983 2.847045 -0.734591 -11.110848 -3.522630 -16.961929 -22.537739 15.645831 8.424051 -5.411235 -0.396909 -10.337360 11.748590 5.201322 -4.780653 1.800647 9.300900 -17.485037 6.578333 -7.412246 17.585339 3.916661 -3.195044
5.851193 -20.557543 8.785620 1.659334 22.687691 -3.277574 15.804001 12.038121 2.693842 -0.351697 -11.030833 -3.679649 -16.422749 -22.607677 15.847383 8.586100 -5.432265 -0.502605 -10.455440 12.246009 5.353568 -4.539712 2.080076 9.300673 -17.452038 6.658676 -7.608350 17.528599 3.808620 -3.447834
6.834739 -20.122936 9.224816 2.176756 22.940340 -2.904674 15.807004 11.548525 2.647755 0.104815 -11.075205 -3.672578 -15.709020 -22.563139 16.069305 8.921076 -5.296537 -0.734942 -10.511886 12.858723 5.514696 -4.273499 2.377383 9.278248 -17.485268 6.685113 -7.802936 17.422085 3.677473 -3.691855
7.672593 -19.867575 9.463895 2.413317 23.231764 -2.495434 15.799639 10.896580 2.728262 0.459935 -11.144728 -3.751874 -14.940688 -22.625050 16.132263 9.236385 -5.178144 -0.839437 -10.549888 13.703812 5.634604 -3.883304 2.764755 9.151220 -17.559322 6.673150 -7.960315 17.305573 3.488543 -3.893405
8.386635 -19.654261 9.399699 2.415318 23.623764 -2.186651 15.565497 10.172455 2.822853 0.771792 -11.279384 -3.839017 -14.182982 -22.752110 16.183439 9.531584 -5.155594 -0.868101 -10.614154 14.606080 5.795145 -3.371631 3.179027 8.963738 -17.703363 6.626601 -8.112929 17.060106 3.260125 -4.140427
8.751084 -19.363682 8.898998 2.285180 24.249981 -1.846163 15.130441 9.280320 2.801117 1.110794 -11.506954 -3.938891 -13.350567 -22.856262 16.266638 9.781041 -5.094627 -0.989006 -10.755681 15.440943 5.915504 -2.959797 3.451831 8.758260 -17.904522 6.569136 -8.186879 16.836967 3.115728 -4.199381
9.033325 -19.151653 8.227157 2.038996 24.913929 -1.667874 14.673847 8.269636 2.837367 1.495439 -11.748215 -4.057731 -12.631934 -22.916183 16.359924 9.859320 -5.022178 -1.097692 -10.927431 15.918117 6.032198 -2.370439 3.773238 8.492875 -18.140137 6.448843 -8.252072 16.642286 2.900407 -4.316562
8.947290 -18.970835 7.807140 2.007265 25.374805 -1.591470 14.366903 7.673287 2.701461 1.769298 -12.108995 -4.144687 -11.942880 -22.845142 16.519087 9.817631 -4.561276 -1.551515 -11.156402 15.836603 6.042296 -1.935338 3.936651 8.217175 -18.476562 6.326272 -8.265526 16.489742 2.721057 -4.284277
8.607470 -18.820778 7.443669 1.993263 25.774643 -1.626177 14.108502 7.179527 2.472098 2.015002 -12.738472 -4.138696 -11.252834 -22.551167 16.663822 9.719553 -3.974950 -1.986713 -11.314278 15.529004 6.088531 -1.509842 4.042920 8.033457 -18.762772 6.213833 -8.270375 16.330767 2.555006 -4.333232
8.461502 -18.832922 7.171844 2.083837 26.029316 -1.511089 14.106737 6.627433 2.325197 2.148893 -13.166903 -4.098729 -10.745780 -22.215405 16.839954 9.655719 -3.341192 -2.543153 -11.452529 15.152908 6.054009 -1.223080 4.142027 7.800697 -19.060169 6.069908 -8.291625 16.276373 2.407932 -4.239402
8.303364 -18.700285 7.118649 2.289763 26.278753 -1.379551 14.056547 6.216144 2.121056 2.256211 -13.496975 -4.147313 -10.309530 -22.006819 17.004761 9.528306 -2.685290 -2.999026 -11.630588 14.787123 6.079360 -0.878789 4.262256 7.665741 -19.277632 5.939207 -8.279509 16.166565 2.251110 -4.224442
8.134991 -18.646587 7.008847 2.385484 26.465506 -1.270182 13.996430 5.869793 1.942685 2.350506 -13.733351 -4.092610 -10.013585 -21.799295 17.124933 9.457539 -2.244033 -3.338394 -11.722788 14.498734 6.073793 -0.657644 4.329608 7.506849 -19.490032 5.842317 -8.281509 16.065268 2.155705 -4.133499
7.976741 -18.599878 6.916348 2.488203 26.622232 -1.160124 13.945102 5.601463 1.762983 2.437989 -13.908909 -4.030073 -9.798400 -21.633108 17.231096 9.383559 -1.890000 -3.588521 -11.779248 14.283199 6.089654 -0.444193 4.369551 7.382437 -19.661978 5.765419 -8.259643 15.964619 2.081491 -4.067813
7.813700 -18.587557 6.838587 2.484766 26.720985 -1.108746 13.861758 5.391490 1.683358 2.454297 -14.020507 -3.982443 -9.652753 -21.478054 17.326796 9.348886 -1.576178 -3.854596 -11.827544 14.119183 6.098987 -0.316949 4.400134 7.350023 -19.742943 5.708927 -8.231045 15.914602 2.036986 -4.090117
7.785925 -18.565939 6.800437 2.502172 26.775778 -1.099538 13.821318 5.351146 1.639990 2.467326 -14.038258 -3.972671 -9.607704 -21.440456 17.364479 9.342588 -1.496547 -3.930325 -11.844270 14.079718 6.107991 -0.260817 4.401767 7.335845 -19.771553 5.683007 -8.222623 15.886108 2.011693 -4.110424
7.699609 -18.573439 6.716991 2.511996 26.822098 -1.053311 13.797727 5.247299 1.564057 2.487007 -14.078117 -3.979691 -9.472127 -21.394203 17.450687 9.302684 -1.352504 -4.031823 -11.883079 14.055594 6.114877 -0.196440 4.416888 7.294055 -19.831961 5.660699 -8.220141 15.854848 1.987482 -4.068911
7.598524 -18.588737 6.494549 2.530671 27.021732 -0.929209 13.737573 4.815369 1.420630 2.572878 -14.213716 -4.025782 -9.073864 -21.271351 17.667118 9.185465 -0.827369 -4.398378 -12.013791 13.933355 6.183430 0.109527 4.496109 7.274940 -20.060799 5.551239 -8.169451 15.657890 1.876251 -4.089093
7.474514 -18.688528 6.087412 2.612201 27.253851 -0.782728 13.648949 4.252503 1.102359 2.667537 -14.560879 -4.211866 -8.348934 -21.270256 17.888775 8.827811 -0.140653 -4.502171 -12.219275 13.788319 6.258801 0.441304 4.520485 7.173954 -20.387535 5.433264 -8.191800 15.396211 1.781470 -4.035342
7.325754 -18.787132 5.249890 2.585828 27.634703 -0.781600 13.430590 3.432241 0.761318 2.861256 -14.811703 -4.288091 -7.340740 -21.109623 18.446407 8.599781 0.827337 -5.112355 -12.468819 13.723018 6.399155 0.967559 4.588168 7.043810 -20.719948 5.252233 -8.151910 15.096189 1.643668 -4.014752
7.322540 -18.920572 3.941136 2.577353 28.211452 -0.916423 13.091244 2.605838 0.395185 3.022002 -15.235863 -4.280488 -6.251163 -20.870049 19.010321 8.488370 1.875258 -5.751424 -12.652550 13.918345 6.474290 1.397459 4.550314 6.865735 -21.166811 5.003525 -8.161129 14.782420 1.523879 -3.924229
7.083126 -18.849009 2.309739 2.395430 28.989632 -1.282324 12.509763 2.042850 0.014952 3.101693 -15.773942 -4.131351 -5.364754 -20.373846 19.511662 8.258570 3.308128 -6.414683 -12.656454 14.153139 6.565933 1.806067 4.447398 6.573558 -21.704893 4.778502 -8.161210 14.413101 1.478866 -3.644132
6.519413 -18.435839 0.999089 2.537004 29.709461 -1.802916 11.516770 1.947041 -0.675821 3.217659 -16.619669 -3.739220 -4.445405 -19.690327 19.884085 8.005019 4.482699 -6.910038 -12.630065 14.481367 6.615869 2.218712 4.327330 6.247026 -22.210041 4.578765 -8.034245 14.095491 1.441158 -3.356891
5.606422 -17.687197 -0.412752 2.409209 30.906309 -2.360797 10.401052 2.196032 -1.397620 3.463185 -17.671810 -2.867920 -3.889617 -18.424801 20.387817 7.769660 5.261984 -7.422791 -12.512831 14.715993 6.500721 2.622059 4.094416 5.782588 -22.668686 4.207191 -7.828916 13.949333 1.383068 -3.184076
4.819187 -16.895720 -0.041963 3.496155 31.900955 -2.527205 8.689476 2.031906 -1.982927 2.543844 -19.680058 -2.979672 -3.031754 -18.269022 18.761562 7.618217 7.072781 -6.952147 -12.316235 14.696404 6.234242 2.915702 4.619337 5.564651 -24.037777 4.288640 -8.774888 12.478115 1.614890 -2.780970
3.860847 -15.972464 0.429707 5.276370 33.087593 -2.426740 6.192599 1.704333 -2.993507 0.930108 -21.891350 -3.988946 -2.325139 -18.821470 16.126507 7.150755 9.503215 -5.408345 -11.920226 14.997418 5.619686 3.392290 5.035310 5.683612 -25.329960 4.260496 -9.565148 11.108923 1.755432 -2.554393
3.133441 -14.848902 0.909724 6.093352 34.404217 -2.280754 4.035269 1.778273 -4.023364 0.061355 -23.925560 -4.519513 -2.040819 -19.422081 13.546761 6.458059 11.991690 -4.291963 -11.629483 15.641419 4.694287 3.837413 5.031476 5.902404 -26.672386 4.115377 -9.935407 9.937465 1.569324 -2.444884
2.945315 -13.806964 1.284859 6.571871 35.270557 -2.634590 2.111365 2.188767 -4.560924 -0.672920 -25.770817 -4.368011 -2.357937 -19.676584 11.363885 5.534753 13.872933 -3.151891 -11.138094 15.871880 3.772832 4.587228 4.096378 5.695924 -27.501390 3.898244 -9.816164 9.018394 1.138979 -2.838352
2.479863 -12.819718 1.447052 7.136250 35.897186 -3.809510 0.646626 2.597524 -5.070931 -1.129989 -27.570131 -3.775378 -2.783828 -19.628117 9.871851 4.538682 14.507930 -1.649299 -10.759298 15.272362 2.909292 4.569586 2.636796 4.868320 -28.178141 3.021163 -10.166396 8.575613 0.611002 -4.236680
2.433551 -11.736224 1.073253 7.284066 36.863304 -4.106136 -0.925773 2.781481 -5.545527 -1.914566 -29.352589 -3.032854 -2.939918 -19.587711 8.533002 3.561307 14.856069 -0.215747 -10.429097 14.708311 2.253261 5.349428 1.232974 4.167209 -27.898022 2.474575 -10.115931 8.440214 0.175999 -5.884618
2.416143 -10.434231 0.814375 7.206767 37.861618 -4.168307 -2.798417 3.423159 -5.992480 -2.572084 -31.182577 -2.388700 -3.097340 -19.618814 6.833180 2.584838 15.218299 1.146699 -10.139115 13.879975 1.521355 5.441473 -0.385590 2.821025 -27.294355 1.640534 -10.183851 9.209465 -0.117612 -7.369416
2.714600 -9.408726 0.633117 7.052821 38.728306 -4.217771 -4.777067 3.872839 -6.157240 -3.361165 -32.409142 -2.023446 -3.233326 -19.384569 6.069775 1.526582 15.441582 2.636575 -9.991521 13.246759 1.172326 6.244764 -1.965921 2.057328 -26.279356 1.243571 -9.802731 9.620823 -0.349871 -8.897523
2.862736 -8.638674 0.481118 6.751733 39.374725 -4.104207 -6.598502 4.218406 -6.117608 -4.252158 -33.463131 -1.605264 -3.529523 -19.202034 5.249660 0.632415 15.604521 4.075129 -9.686715 12.986425 1.206447 7.313562 -3.112956 1.186262 -25.344326 1.319989 -9.393237 9.827576 -0.210072 -9.574223
2.693178 -8.122334 0.347127 6.298766 39.770218 -4.060589 -8.085250 4.575948 -6.059781 -4.914766 -33.940849 -1.487851 -3.873777 -19.419075 4.318996 0.286396 15.543956 5.164942 -9.366430 13.021809 0.849332 7.100393 -3.927865 0.934794 -25.076674 1.067588 -9.082854 10.232247 -0.269716 -9.996954
2.693147 -7.836517 0.194486 5.898067 39.917114 -4.057994 -8.914846 4.814307 -5.896855 -5.227939 -34.251163 -1.425290 -4.050747 -19.389244 3.906712 0.134133 15.260831 5.872067 -9.173578 13.131740 0.726611 6.883420 -4.452159 0.584999 -25.072964 0.912566 -9.050054 10.392338 -0.246731 -10.187551
2.723877 -7.738825 0.131801 5.750528 39.956726 -4.131122 -9.193793 4.882907 -5.811821 -5.318875 -34.350983 -1.334119 -4.127920 -19.320164 3.790106 0.118212 15.132497 6.056326 -9.104978 13.079269 0.675122 6.886259 -4.664775 0.446578 -25.014725 0.901489 -9.002970 10.447231 -0.219510 -10.263996
2.744736 -7.756043 0.124405 5.786619 39.980049 -4.094246 -9.088201 4.811082 -5.829005 -5.253840 -34.334274 -1.349766 -4.070519 -19.339972 3.815117 0.150525 15.124856 6.012455 -9.130577 13.109232 0.666359 6.938177 -4.593567 0.488168 -25.056877 0.858180 -9.007490 10.424350 -0.266208 -10.278425
2.887317 -7.762169 0.212858 5.923217 40.028549 -3.989694 -8.777703 4.602221 -5.820016 -5.077579 -34.226406 -1.458286 -3.829629 -19.392523 3.968355 0.211125 15.175039 5.799965 -9.245602 13.259617 0.680384 7.078595 -4.431725 0.635984 -25.059906 0.834235 -9.013119 10.377432 -0.346322 -10.394705
3.185645 -7.730237 0.387774 6.194372 40.167061 -3.834807 -8.343782 4.267673 -5.774211 -4.804782 -34.085045 -1.566257 -3.470740 -19.468697 4.220097 0.328892 15.145106 5.565066 -9.398147 13.336968 0.614080 7.270451 -4.069832 0.902188 -25.115425 0.766438 -9.076025 10.308630 -0.512491 -10.605959
3.684753 -7.816635 0.563687 6.627363 40.279045 -3.658506 -7.676726 3.745072 -5.634674 -4.481178 -33.795139 -1.732895 -3.006456 -19.519737 4.629346 0.534728 15.092198 5.142804 -9.638839 13.459846 0.622676 7.580165 -3.603930 1.109070 -25.152203 0.749969 -9.158908 10.230356 -0.653232 -10.689820
4.131673 -7.847051 0.738901 7.129685 40.395512 -3.404298 -6.897198 3.300475 -5.624577 -4.048588 -33.442577 -1.886405 -2.404140 -19.627491 5.082916 0.916905 14.949613 4.533583 -9.952813 13.556754 0.629023 7.833395 -3.358982 1.460057 -25.212570 0.643237 -9.159763 10.147717 -0.839762 -11.056103
4.541708 -7.987147 0.938474 7.555546 40.441559 -3.057100 -6.037801 2.811204 -5.553127 -3.596411 -32.930332 -2.188986 -1.841877 -19.852232 5.500741 1.360984 14.787002 3.857701 -10.281077 13.848955 0.534195 8.355126 -2.825336 1.856439 -25.292522 0.488207 -9.026941 10.225333 -1.065796 -11.091221
4.949728 -8.080207 1.263913 7.893818 40.536552 -2.785001 -5.242444 2.157469 -5.321922 -3.134482 -32.263245 -2.603436 -1.301895 -20.214512 5.998921 1.698328 14.536906 3.362739 -10.602014 14.184588 0.388746 8.711703 -2.032073 2.434929 -25.381905 0.318368 -8.946134 10.444670 -1.322027 -11.036694
5.331788 -8.359979 1.472130 8.256510 40.521469 -2.460242 -4.328422 1.519597 -5.057132 -2.736444 -31.803059 -3.078874 -0.701061 -20.581728 6.308100 2.088090 14.045748 3.039689 -10.952670 14.580397 0.284992 8.840619 -1.240404 2.968483 -25.655577 0.113406 -9.042698 10.513720 -1.545620 -11.051512
5.840398 -8.713233 1.741119 8.669860 40.470547 -2.170916 -3.490047 0.842038 -4.657708 -2.542685 -31.206501 -3.669323 -0.052527 -20.985399 6.851256 2.307092 13.663365 2.788808 -11.372621 14.910741 0.114901 8.776341 -0.315536 3.677572 -25.924728 -0.125679 -9.133284 10.686818 -1.750861 -11.060881
6.307069 -9.111012 2.061504 9.006603 40.324711 -2.016105 -2.611118 0.273589 -4.208929 -2.418631 -30.719902 -4.109906 0.533406 -21.227713 7.368967 2.736594 12.940492 2.354957 -11.708631 15.037758 -0.010436 8.930013 0.716027 4.259465 -26.146284 -0.272635 -9.285686 10.789710 -1.967185 -11.066672
6.985218 -9.480171 2.392241 9.322459 40.220703 -1.953811 -1.803130 -0.127943 -3.792314 -2.278728 -30.162136 -4.709123 1.140777 -21.563217 7.811973 3.227122 12.339221 1.950264 -12.060189 15.208369 -0.024629 9.030457 1.432577 4.822719 -26.346088 -0.363835 -9.409892 10.709711 -2.140310 -11.261612
7.415615 -10.005379 2.697220 9.643348 39.995300 -1.923171 -1.150451 -0.541019 -3.489443 -2.372854 -29.795969 -4.975976 1.818889 -21.749006 8.355941 3.709820 11.605174 1.690945 -12.312103 15.114902 -0.016362 9.249904 2.271132 5.457529 -26.426485 -0.411754 -9.451060 10.748139 -2.268444 -11.243608
8.114992 -10.521992 2.990787 10.053200 39.686588 -1.974339 -0.395455 -1.137262 -3.192952 -2.324137 -29.217796 -5.536308 2.537737 -22.338699 8.785176 3.936930 11.233432 1.466250 -12.742172 15.202206 -0.007620 9.504078 2.913050 5.997911 -26.573608 -0.587447 -9.465245 10.771811 -2.492615 -11.551247
9.075367 -10.819664 3.430393 10.559726 39.398026 -2.076254 0.226808 -1.657331 -2.936182 -2.110464 -28.833336 -5.875383 3.530493 -22.856892 9.295120 4.252554 10.397680 1.241470 -13.223844 15.233448 0.162993 9.579540 3.390843 6.502379 -26.571957 -0.579057 -9.552817 10.767525 -2.580764 -11.781137
9.982111 -10.986134 3.931845 11.096503 39.086464 -2.176079 0.881515 -2.259556 -2.789184 -1.597081 -28.180687 -6.267932 4.350896 -23.417709 9.776970 4.553752 9.865561 0.756074 -13.687533 15.247048 0.184931 9.431115 3.755813 7.068699 -26.622372 -0.667671 -9.649572 10.791233 -2.718070 -12.206165
10.549593 -11.034029 4.369241 11.543455 38.737118 -2.302035 1.405193 -2.656620 -2.669466 -1.152749 -27.694744 -6.485762 5.103971 -23.917561 10.171960 4.676456 9.406451 0.381677 -14.090822 15.214510 0.389944 9.358733 4.192923 7.497109 -26.631214 -0.610248 -9.767781 10.744332 -2.737147 -12.395832
10.977118 -11.185997 4.527743 12.007851 38.417656 -2.375252 1.963669 -2.908194 -2.638259 -0.826628 -27.281359 -6.669548 5.650476 -24.334843 10.397281 4.869752 8.876762 0.042492 -14.400666 15.002959 0.479119 9.124676 4.674157 7.829534 -26.675045 -0.668165 -9.986632 10.843711 -2.794077 -12.471121
11.190804 -11.384281 4.541114 12.245720 38.121590 -2.372448 2.351681 -3.007259 -2.598064 -0.662317 -26.898783 -6.837799 5.964516 -24.614986 10.572486 5.027790 8.642026 -0.278958 -14.604914 14.768827 0.478555 8.809911 5.004166 8.133389 -26.676718 -0.695675 -10.136696 10.957878 -2.854078 -12.514474
11.272890 -11.558589 4.590618 12.391632 37.913765 -2.441917 2.648030 -3.113286 -2.600302 -0.502837 -26.614479 -6.900440 6.181438 -24.826849 10.696095 5.114141 8.505546 -0.490299 -14.742555 14.630699 0.538461 8.636837 5.216662 8.332085 -26.661652 -0.663656 -10.177235 11.022993 -2.865883 -12.450244
11.316235 -11.627024 4.608458 12.406278 37.856400 -2.448039 2.756198 -3.133559 -2.571771 -0.484476 -26.512291 -6.935629 6.194242 -24.824268 10.760205 5.139941 8.510192 -0.595084 -14.756180 14.570004 0.548658 8.608542 5.299598 8.393377 -26.651854 -0.661434 -10.211862 11.060916 -2.859820 -12.432329
11.316235 -11.627024 4.608458 12.406278 37.856400 -2.448039 2.756198 -3.133559 -2.571771 -0.484476 -26.512291 -6.935629 6.194242 -24.824268 10.760205 5.139941 8.510192 -0.595084 -14.756180 14.570004 0.548658 8.608542 5.299598 8.393377 -26.651854 -0.661434 -10.211862 11.060916 -2.859820 -12.432329
11.316235 -11.627024 4.608458 12.406278 37.856400 -2.448039 2.756198 -3.133559 -2.571771 -0.484476 -26.512291 -6.935629 6.194242 -24.824268 10.760205 5.139941 8.510192 -0.595084 -14.756180 14.570004 0.548658 8.608542 5.299598 8.393377 -26.651854 -0.661434 -10.211862 11.060916 -2.859820 -12.432329
11.315613 -11.625689 4.609384 12.405249 37.857075 -2.447146 2.757064 -3.133193 -2.569512 -0.485157 -26.515068 -6.934070 6.193390 -24.824398 10.759896 5.141580 8.510009 -0.592902 -14.755883 14.567277 0.542685 8.604907 5.297490 8.392939 -26.655802 -0.668451 -10.213502 11.065845 -2.864312 -12.436964
11.318249 -11.622850 4.611552 12.404851 37.857529 -2.447512 2.753637 -3.133842 -2.567905 -0.485023 -26.524723 -6.931084 6.201622 -24.819954 10.763246 5.142198 8.498548 -0.587776 -14.760364 14.563101 0.541306 8.608658 5.294417 8.384003 -26.654652 -0.674291 -10.222445 11.064847 -2.867003 -12.448222
11.317165 -11.624034 4.610968 12.405434 37.857117 -2.446401 2.754636 -3.133746 -2.568958 -0.485373 -26.523392 -6.931328 6.200349 -24.820108 10.763853 5.142133 8.499619 -0.588558 -14.759898 14.563588 0.548767 8.607603 5.295170 8.393100 -26.651653 -0.658851 -10.210677 11.057810 -2.859038 -12.432505
11.316837 -11.624166 4.611067 12.405499 37.857136 -2.445973 2.754738 -3.133683 -2.569012 -0.485552 -26.522816 -6.931418 6.199903 -24.820415 10.763577 5.141993 8.500656 -0.589117 -14.759658 14.563845 0.548677 8.606885 5.299544 8.392604 -26.652378 -0.662480 -10.212800 11.061316 -2.860228 -12.433193
11.317045 -11.624091 4.610886 12.405136 37.856945 -2.446583 2.754755 -3.133610 -2.568927 -0.485086 -26.522724 -6.931066 6.199669 -24.820114 10.764721 5.142115 8.499941 -0.588839 -14.759676 14.563364 0.548847 8.607282 5.295764 8.393460 -26.651730 -0.658670 -10.210799 11.057680 -2.858944 -12.432206
11.319220 -11.624961 4.606828 12.402241 37.856514 -2.450393 2.753771 -3.131790 -2.568579 -0.483794 -26.531054 -6.931325 6.198263 -24.820496 10.761226 5.144088 8.496644 -0.577574 -14.758531 14.556396 0.535154 8.600537 5.307115 8.377694 -26.657431 -0.682741 -10.235124 11.078497 -2.869196 -12.442852
11.315184 -11.625778 4.607565 12.402074 37.854721 -2.449054 2.755937 -3.131579 -2.569767 -0.482917 -26.530275 -6.931362 6.197424 -24.819868 10.762735 5.143757 8.496799 -0.578124 -14.758132 14.556150 0.548375 8.606649 5.295008 8.393436 -26.651917 -0.658043 -10.210790 11.057673 -2.858404 -12.430841
11.317345 -11.623858 4.610801 12.404873 37.857025 -2.446781 2.754790 -3.133585 -2.568667 -0.484839 -26.523392 -6.931328 6.200349 -24.820108 10.763853 5.142133 8.499619 -0.588558 -14.759898 14.563588 0.548767 8.607603 5.295170 8.393100 -26.651653 -0.658851 -10.210677 11.057810 -2.859038 -12.432505
11.318428 -11.622676 4.611385 12.404289 37.857437 -2.447893 2.753791 -3.133680 -2.567613 -0.484490 -26.524723 -6.931084 6.201622 -24.819954 10.763246 5.142198 8.498548 -0.587776 -14.760364 14.563101 0.541521 8.609823 5.293746 8.384021 -26.654144 -0.673982 -10.221526 11.064716 -2.866881 -12.448019
11.315916 -11.624788 4.607351 12.400273 37.854576 -2.451570 2.755939 -3.131002 -2.568403 -0.481446 -26.531652 -6.929866 6.199430 -24.818569 10.764245 5.143570 8.493479 -0.576762 -14.758671 14.554900 0.534582 8.607467 5.290298 8.382598 -26.659504 -0.681559 -10.224439 11.069330 -2.870683 -12.451787
11.320089 -11.625841 4.602211 12.398994 37.855175 -2.454618 2.755087 -3.128465 -2.569932 -0.479696 -26.531570 -6.932233 6.199236 -24.820282 10.761250 5.143640 8.495697 -0.578118 -14.758700 14.556662 0.533223 8.621819 5.305124 8.374280 -26.651817 -0.686607 -10.227298 11.085068 -2.871919 -12.444704
11.320108 -11.625856 4.601303 12.401037 37.856377 -2.453025 2.754549 -3.130456 -2.571201 -0.479863 -26.542624 -6.926669 6.201443 -24.818192 10.756348 5.149085 8.484727 -0.574491 -14.759992 14.551983 0.538704 8.625646 5.306151 8.374408 -26.647121 -0.679071 -10.224469 11.080266 -2.868214 -12.441762
8.279824 -14.784950 -0.978754 3.956593 36.996628 -5.631962 4.929822 0.380128 0.184781 7.626352 -24.305298 -3.658393 2.723434 -15.024199 22.988640 11.332139 4.038825 -5.542432 -10.365808 13.868223 3.638596 10.669411 3.671938 10.005732 -24.574705 7.292257 -4.404204 8.303299 0.316639 -9.643361
8.279824 -14.784950 -0.978754 3.956593 36.996628 -5.631962 4.929822 0.380128 0.184781 7.626352 -24.305298 -3.658393 2.723434 -15.024199 22.988640 11.332139 4.038825 -5.542432 -10.365808 13.868223 3.638596 10.669411 3.671938 10.005732 -24.574705 7.292257 -4.404204 8.303299 0.316639 -9.643361
8.279824 -14.784950 -0.978754 3.956593 36.996628 -5.631962 4.929822 0.380128 0.184781 7.626352 -24.305298 -3.658393 2.723434 -15.024199 22.988640 11.332139 4.038825 -5.542432 -10.365808 13.868223 3.638596 10.669411 3.671938 10.005732 -24.574705 7.292257 -4.404204 8.303299 0.316639 -9.643361
8.279824 -14.784950 -0.978754 3.956593 36.996628 -5.631962 4.929822 0.380128 0.184781 7.626352 -24.305298 -3.658393 2.723434 -15.024199 22.988640 11.332139 4.038825 -5.542432 -10.365808 13.868223 3.638596 10.669411 3.671938 10.005732 -24.574705 7.292257 -4.404204 8.303299 0.316639 -9.643361
8.279824 -14.784950 -0.978754 3.956593 36.996628 -5.631962 4.929822 0.380128 0.184781 7.626352 -24.305298 -3.658393 2.723434 -15.024199 22.988640 11.332139 4.038825 -5.542432 -10.365808 13.868223 3.638596 10.669411 3.671938 10.005732 -24.574705 7.292257 -4.404204 8.303299 0.316639 -9.643361
8.232149 -13.381644 0.330633 4.518593 36.218143 -6.085140 5.886598 0.097545 -0.764162 5.739790 -23.476936 -2.985123 2.284404 -18.352890 20.171932 7.469735 4.848164 -4.849890 -13.320622 15.462628 4.507780 9.818961 4.227516 9.889423 -25.330862 5.331169 -5.898704 8.176620 -0.561692 -8.936936
8.302791 -12.614073 0.661986 4.497211 35.723087 -6.447202 6.525043 -0.149109 -1.463936 5.118805 -23.173807 -2.128307 1.824141 -19.208307 19.886465 5.960656 4.687859 -4.983744 -14.359706 15.854183 4.981323 10.084370 4.061567 10.038233 -25.097195 4.572106 -6.277682 7.974728 -0.980282 -8.582305
8.175704 -12.602112 0.701144 4.706016 35.428154 -6.666837 6.746434 -0.077584 -1.726995 4.732323 -23.216255 -2.110092 1.766251 -19.211205 19.654375 5.956097 4.729430 -4.946488 -14.439534 15.766560 5.287529 10.062871 4.171132 10.042314 -25.161175 4.484831 -6.303483 7.973975 -0.913483 -8.550861
8.210314 -12.659225 0.745497 4.711680 35.445084 -6.633773 6.697242 -0.078128 -1.668490 4.714952 -23.232819 -2.111953 1.779132 -19.213940 19.670929 5.972041 4.719539 -4.967771 -14.420057 15.787803 5.281285 9.991853 4.186049 10.022943 -25.225643 4.485085 -6.310053 7.970465 -0.896338 -8.574408
8.219069 -12.674667 0.746230 4.729925 35.438210 -6.639362 6.686969 -0.077090 -1.671724 4.704126 -23.248901 -2.100809 1.777302 -19.206192 19.662003 5.982809 4.693061 -4.957872 -14.415351 15.782274 5.287847 9.975276 4.191133 10.022386 -25.233858 4.487506 -6.313069 7.969142 -0.888002 -8.567409
8.219069 -12.674667 0.746230 4.729925 35.438210 -6.639362 6.686969 -0.077090 -1.671724 4.704126 -23.248962 -2.100921 1.777484 -19.206287 19.662138 5.982924 4.693110 -4.957979 -14.415225 15.782339 5.287436 9.975251 4.190947 10.022405 -25.233356 4.487535 -6.313440 7.969042 -0.888485 -8.566793
8.220412 -12.675715 0.746261 4.728657 35.438370 -6.640285 6.685550 -0.077996 -1.669577 4.701765 -23.246510 -2.095257 1.775761 -19.208147 19.667278 5.980373 4.688293 -4.958892 -14.415414 15.781427 5.287772 9.975429 4.190728 10.022758 -25.233635 4.487910 -6.312332 7.968722 -0.888550 -8.566834
8.220549 -12.673778 0.746295 4.729339 35.435242 -6.639128 6.688672 -0.077811 -1.673795 4.700689 -23.248232 -2.099966 1.777814 -19.204910 19.660645 5.981266 4.692997 -4.958404 -14.419708 15.781240 5.290011 9.975312 4.190431 10.024205 -25.232143 4.486225 -6.313449 7.968544 -0.888751 -8.565874
8.220430 -12.673222 0.746596 4.729870 35.434917 -6.639559 6.689346 -0.077823 -1.674579 4.700152 -23.248262 -2.099505 1.777360 -19.205204 19.660583 5.980366 4.693038 -4.958311 -14.420081 15.781232 5.290116 9.975595 4.190875 10.023599 -25.232685 4.485790 -6.313645 7.968646 -0.888604 -8.566036
8.216507 -12.664680 0.724227 4.713075 35.443565 -6.652361 6.705571 -0.079532 -1.681569 4.730890 -23.242382 -2.095905 1.777387 -19.201824 19.672470 5.978258 4.691341 -4.962666 -14.421407 15.781322 5.286728 9.988307 4.188652 10.024394 -25.223562 4.484574 -6.297154 7.978365 -0.888519 -8.561731
8.205779 -12.659885 0.719779 4.704250 35.449326 -6.643060 6.715617 -0.079759 -1.681865 4.739480 -23.226231 -2.108105 1.777285 -19.208855 19.678928 5.970438 4.717647 -4.975424 -14.422795 15.788004 5.288047 9.989707 4.188232 10.024676 -25.222347 4.486400 -6.298330 7.975973 -0.887748 -8.561284
8.203690 -12.659116 0.719542 4.704387 35.448456 -6.643881 6.716920 -0.079249 -1.682517 4.740255 -23.227829 -2.106925 1.779110 -19.208513 19.682112 5.970541 4.714007 -4.970778 -14.423552 15.786358 5.288397 9.989661 4.188465 10.024812 -25.222904 4.485604 -6.298009 7.976277 -0.887831 -8.562391
8.203690 -12.659116 0.719542 4.704387 35.448456 -6.643881 6.716920 -0.079249 -1.682517 4.740255 -23.227829 -2.106925 1.779110 -19.208513 19.682112 5.970541 4.714007 -4.970778 -14.423552 15.786358 5.288397 9.989661 4.188465 10.024812 -25.222904 4.485604 -6.298009 7.976277 -0.887831 -8.562391
8.203690 -12.659116 0.719542 4.704387 35.448456 -6.643881 6.716920 -0.079249 -1.682517 4.740255 -23.227829 -2.106925 1.779110 -19.208513 19.682112 5.970541 4.714007 -4.970778 -14.423552 15.786358 5.287969 9.989343 4.189110 10.024883 -25.222679 4.485561 -6.298051 7.976967 -0.887703 -8.561659
8.203690 -12.659116 0.719542 4.704387 35.448456 -6.643881 6.716920 -0.079249 -1.682517 4.740255 -23.227829 -2.106925 1.779110 -19.208513 19.682112 5.970541 4.714007 -4.970778 -14.423552 15.786358 5.288397 9.989661 4.188465 10.024812 -25.222904 4.485604 -6.298009 7.976277 -0.887831 -8.562391
8.205568 -12.657349 0.710132 4.694923 35.451324 -6.650144 6.719398 -0.079282 -1.683194 4.749650 -23.217224 -2.092307 1.767855 -19.198246 19.704403 5.972409 4.696549 -4.977990 -14.421750 15.789251 5.289714 9.989478 4.189334 10.024743 -25.222317 4.486433 -6.297482 7.976775 -0.887436 -8.560921
8.205568 -12.657349 0.710132 4.694923 35.451324 -6.650144 6.719398 -0.079282 -1.683194 4.749650 -23.217224 -2.092307 1.767855 -19.198246 19.704403 5.972409 4.696549 -4.977990 -14.421750 15.789251 5.290143 9.989794 4.188692 10.024674 -25.222534 4.486480 -6.297440 7.976088 -0.887561 -8.561646
8.205568 -12.657349 0.710132 4.694923 35.451324 -6.650144 6.719398 -0.079282 -1.683194 4.749650 -23.217224 -2.092307 1.767855 -19.198246 19.704403 5.972409 4.696549 -4.977990 -14.421750 15.789251 5.290143 9.989794 4.188692 10.024674 -25.222534 4.486480 -6.297440 7.976088 -0.887561 -8.561646
8.217985 -12.664573 0.723004 4.711151 35.445011 -6.653968 6.704675 -0.080955 -1.679565 4.730018 -23.239531 -2.092239 1.774507 -19.201200 19.676529 5.978817 4.686273 -4.964130 -14.420343 15.780843 5.286383 9.989259 4.189641 10.024876 -25.222691 4.485156 -6.297276 7.978649 -0.888018 -8.560329
8.217985 -12.664573 0.723004 4.711151 35.445011 -6.653968 6.704675 -0.080955 -1.679565 4.730018 -23.239531 -2.092239 1.774507 -19.201200 19.676529 5.978817 4.686273 -4.964130 -14.420343 15.780843 5.286812 9.989575 4.189000 10.024806 -25.222910 4.485204 -6.297234 7.977963 -0.888144 -8.561055
8.217985 -12.664573 0.723004 4.711151 35.445011 -6.653968 6.704675 -0.080955 -1.679565 4.730018 -23.239531 -2.092239 1.774507 -19.201200 19.676529 5.978817 4.686273 -4.964130 -14.420343 15.780843 5.286383 9.989259 4.189641 10.024876 -25.222691 4.485156 -6.297276 7.978649 -0.888018 -8.560329
