-3.926694 -5.883670 1.398112 -9.758797 11.533801 -10.131931 17.599974 6.801565 -19.482349 -9.592531 -13.433081 0.021758 -12.054059 -7.841459 6.023377 6.986004 10.481811 1.612610 -22.119482 -10.203413 9.392801 9.762230 -7.914423 5.919834 -8.198757 0.750259 -18.402416 9.896548 -1.337089 3.474256
-4.042895 -5.830084 1.251472 -9.692459 11.534596 -10.123634 17.525299 6.845798 -19.569130 -9.587330 -13.377154 -0.024557 -11.845202 -7.821926 6.100916 7.046607 10.574788 1.411084 -22.127241 -10.215418 9.528009 9.783557 -7.735587 5.743419 -8.201495 0.828708 -18.570766 9.891139 -1.287456 3.598498
-4.243384 -5.816770 1.024962 -9.532145 11.565960 -10.106109 17.491505 6.956442 -19.804468 -9.610533 -13.147507 -0.085148 -11.577950 -7.861835 6.161141 7.429163 10.599732 0.954472 -22.180035 -10.276400 9.648851 9.800785 -7.591018 5.620312 -8.140800 0.960030 -18.718534 9.865431 -1.245605 3.723153
-5.422362 -6.203625 1.011020 -8.691086 11.384919 -9.594343 17.739117 7.810306 -20.689096 -10.113131 -11.861061 -0.294854 -12.055111 -8.364192 5.574616 9.036512 9.673565 0.291574 -21.991888 -10.650220 10.011169 9.322919 -7.769504 5.408977 -7.546101 1.585959 -19.244942 9.861807 -0.899763 3.272196
-6.587741 -6.883475 0.771692 -7.839591 11.219695 -9.045537 18.002472 8.727962 -21.652458 -10.643372 -10.538650 -0.582857 -12.382886 -8.950149 5.165007 10.504496 9.013283 -0.523639 -22.028210 -11.127850 10.504462 8.680757 -8.249511 5.627446 -6.698777 2.343523 -19.493786 9.917121 -0.403359 2.430028
-7.489756 -7.281648 0.063608 -7.402398 11.297879 -8.538572 18.097143 9.224001 -22.438183 -10.959579 -10.171226 -0.660033 -12.284245 -9.271850 5.226513 10.800436 9.186641 -1.179476 -22.152155 -11.435366 10.922079 8.409549 -8.289053 5.640172 -6.427559 2.714419 -19.785854 9.879444 -0.149310 1.947156
-7.510980 -6.870892 -0.837053 -7.318430 11.865100 -8.318829 17.668957 10.272633 -23.023542 -11.025988 -9.718798 -0.725066 -12.304588 -9.800642 4.895389 10.815413 8.868914 -1.980964 -22.704309 -12.367431 11.107185 8.097268 -8.480536 5.478249 -6.408919 2.867433 -20.206181 9.636732 0.028049 1.630693
-7.131946 -6.146003 -1.259028 -7.532305 12.335076 -8.290401 17.089787 11.253966 -23.167183 -11.090084 -9.562685 -0.891013 -12.008348 -9.992326 4.777578 10.661537 8.877236 -2.805662 -23.148621 -13.413004 11.158154 7.918231 -8.650208 5.359758 -6.511321 2.779835 -20.524372 9.377050 0.041031 1.449246
-6.467105 -5.537490 -1.394668 -7.823472 12.735642 -8.397269 16.537037 12.069155 -23.113501 -11.179401 -9.491038 -0.986418 -12.092550 -10.084060 4.616333 10.546196 8.750447 -3.116963 -23.359919 -14.143032 11.151237 7.783646 -8.895542 5.377626 -6.593202 2.674662 -20.671108 9.158888 -0.012409 1.331503
-6.110363 -5.079407 -1.502499 -7.973551 13.040129 -8.518691 16.190794 12.460976 -23.149725 -11.208857 -9.506493 -1.146760 -11.636163 -10.052382 4.836352 10.628901 9.007464 -3.513803 -23.578016 -14.316880 11.188594 7.810428 -8.887383 5.276545 -6.687385 2.594691 -20.781548 9.105091 -0.064030 1.374727
-5.915540 -5.041152 -1.317564 -8.101727 13.003127 -8.570787 16.052929 12.647257 -22.936701 -11.289479 -9.464600 -1.131726 -11.810822 -10.079755 4.756811 10.618857 8.896808 -3.465862 -23.546030 -14.464944 11.215951 7.732203 -9.000183 5.338835 -6.648308 2.623044 -20.767220 9.083805 -0.014720 1.237316
-5.338014 -5.064351 -0.242295 -8.333412 12.577700 -8.853603 15.684538 13.585574 -22.115799 -11.780369 -8.877785 -1.059871 -13.250793 -10.437490 3.758680 10.813559 7.482067 -2.875733 -23.354849 -15.313299 11.298341 7.499556 -9.556234 5.896082 -6.360303 2.555761 -20.545084 9.156734 0.113886 0.151947
-3.728625 -4.379512 2.721291 -7.835858 11.307728 -9.803818 15.423965 15.202888 -20.781429 -12.597580 -7.720248 -1.444300 -16.262877 -10.928703 2.287235 10.810736 4.742208 -0.334001 -22.687866 -16.737518 11.051828 6.743479 -10.866789 7.106923 -5.753387 2.441433 -19.886288 9.513519 0.568490 -2.246737
-1.325512 -3.672998 7.069595 -7.498530 9.808685 -11.031254 15.348125 17.662851 -18.413513 -13.460926 -6.057984 -1.887095 -19.190220 -11.970120 1.180772 9.975414 2.131128 2.036688 -22.322477 -18.350714 10.147769 5.200501 -13.257969 8.786344 -5.003189 2.976302 -18.479259 9.917617 1.525234 -5.171597
0.631071 -4.474036 11.373234 -8.778922 10.008670 -6.758557 13.783424 19.640512 -15.104871 -13.224146 -4.316423 -1.514913 -23.417109 -13.795869 -0.069982 8.736691 0.082779 4.716022 -21.860449 -18.872341 7.567461 3.056745 -16.217884 10.809051 -5.077313 5.192864 -16.843723 8.505498 2.291577 -5.813440
1.899146 -9.411514 15.294806 -7.394523 9.547816 1.012371 11.517637 20.924496 -11.378526 -13.564343 -1.334470 0.032848 -31.880442 -15.722039 0.574620 4.720781 3.874105 7.248805 -17.612211 -17.451082 1.960726 1.609403 -20.021986 14.846318 -7.634937 8.352811 -14.963620 2.858167 0.523339 -3.576676
0.866351 -14.157177 17.656460 -9.748905 6.961175 2.701972 10.051119 19.283377 -6.919051 -14.746094 -1.734282 2.567830 -36.500095 -16.665277 1.124287 1.962039 6.329442 9.472451 -14.403052 -14.501755 -1.100927 3.020021 -22.085104 18.293480 -9.946694 8.635430 -11.943048 0.779965 -1.217250 -5.489854
1.509244 -16.214451 20.792328 -13.106794 6.908784 2.187883 8.340012 17.755959 -0.872717 -13.739000 -3.627330 5.148332 -39.141525 -17.522598 -0.053445 0.639460 4.588050 12.739636 -11.958055 -10.546013 -2.079419 4.206756 -21.118113 19.998308 -10.921154 10.043977 -7.861206 1.794984 0.289128 -5.975707
2.886394 -18.192942 21.258314 -14.799876 8.178015 0.789956 7.031651 15.616269 3.151978 -11.511349 -5.330487 7.757158 -39.546883 -18.186018 -0.364735 -0.001236 3.104914 14.856901 -10.897231 -5.639172 -0.735406 4.993996 -19.310886 20.021084 -11.344710 11.065867 -4.346575 3.696628 2.872927 -4.602927
3.896976 -19.393229 20.964792 -14.914586 8.420735 -0.582437 6.974611 13.873272 4.501995 -10.696482 -6.412436 8.903605 -39.304790 -17.696276 -0.726030 0.202004 2.792347 15.696520 -10.476466 -2.928974 1.040435 5.426707 -17.659971 19.251781 -12.058128 11.624253 -2.784455 4.641169 4.918642 -3.071755
4.285192 -19.618052 20.789646 -14.804088 8.444856 -0.841566 6.945937 13.652595 4.564382 -10.644279 -6.606217 9.053800 -39.241982 -17.600201 -0.793859 0.317577 2.704679 15.763551 -10.397234 -2.599186 1.216253 5.509101 -17.489878 19.170319 -12.104846 11.602777 -2.570369 4.796677 5.071367 -2.848270
4.889626 -19.922846 20.658661 -14.957103 8.221677 -1.010583 6.766813 13.736706 4.652797 -10.969759 -6.843077 9.277966 -39.382469 -17.453789 -0.745415 0.327475 2.793051 15.610257 -10.170265 -2.737332 1.244409 5.506968 -17.601641 19.412825 -12.077092 11.643912 -2.496625 4.695923 5.017845 -2.806275
5.844802 -20.491697 20.250704 -15.233994 7.567825 -1.320185 6.633678 13.771742 4.745657 -11.713343 -7.231956 9.529797 -39.478760 -17.367729 -0.721039 0.383330 2.673694 15.415193 -9.849210 -3.004881 1.506528 5.176837 -17.698801 19.038729 -12.214316 11.734477 -2.387935 4.961564 5.582477 -2.719946
7.257145 -21.222900 19.553780 -15.379707 6.550911 -1.529291 6.830366 13.599633 4.671900 -12.560818 -7.651443 9.891549 -39.676628 -17.362619 -0.790664 0.406053 2.427250 15.143361 -9.545537 -3.221648 1.549528 4.963063 -17.829567 18.987148 -12.364099 11.864466 -2.457346 4.813128 5.751548 -2.460523
9.001873 -21.908167 18.104744 -16.162371 5.498871 -2.268977 7.344851 13.623045 4.745250 -13.116678 -7.941109 10.282392 -39.844887 -17.336941 -0.616295 0.598235 2.528398 14.572085 -9.044755 -3.404078 1.321870 4.443111 -18.306803 18.614475 -12.709828 12.216386 -2.539928 4.473922 6.135371 -1.712436
9.840837 -22.684790 16.660679 -17.219872 4.056157 -2.223274 8.358108 13.079597 4.397962 -13.782137 -8.154420 10.508967 -39.819481 -17.201283 -0.467455 0.819523 2.647858 14.339209 -8.474228 -3.251705 0.599037 4.158697 -18.992018 18.562256 -13.101508 12.418206 -2.555565 3.646116 5.876159 -0.557052
9.807741 -22.878645 16.179504 -17.893057 3.246075 -2.003937 9.158299 12.561277 4.037829 -14.225232 -8.352789 10.667821 -39.437256 -17.202419 -0.364109 1.557831 2.544667 13.981728 -7.882646 -2.798794 -0.127130 3.945842 -19.587336 18.347025 -13.200191 12.477850 -2.741224 3.009888 5.402618 0.979379
9.942057 -22.598005 16.238577 -18.402822 2.868381 -1.742617 9.613797 11.829935 3.762993 -14.319495 -8.198874 10.605390 -39.636616 -17.088783 -0.105234 2.138162 3.015882 14.256484 -7.247045 -1.994638 -0.977531 4.055717 -20.034433 18.655432 -13.367788 12.401303 -2.775390 2.283638 4.538368 2.074186
9.372064 -22.037813 16.334774 -18.506330 3.224614 -1.637144 9.676189 11.582009 3.452864 -14.097016 -8.321746 10.427102 -39.919323 -16.546864 0.239392 2.287281 3.898453 14.614862 -6.655379 -1.624041 -1.454532 4.093980 -20.196058 18.479555 -13.386924 12.201715 -2.916898 2.220345 4.035213 2.631958
8.784627 -21.761299 16.683201 -18.589394 3.365013 -1.470770 9.886824 11.391131 3.340891 -14.005279 -8.195624 10.258875 -40.109226 -16.569271 0.376592 2.185153 4.222888 14.895109 -6.479603 -1.529507 -1.674633 4.065644 -20.297148 18.477940 -13.453691 12.161989 -2.939834 2.130930 3.851275 2.821312
8.685837 -21.579329 16.770330 -18.754370 3.383102 -1.522472 9.999720 11.218957 3.349207 -13.918915 -8.248339 10.176559 -40.012814 -16.546181 0.478110 2.163667 4.347983 14.993487 -6.449165 -1.408293 -1.710633 4.108063 -20.264925 18.448555 -13.548239 12.099231 -2.854226 2.137759 3.841370 2.981710
8.021898 -20.669260 16.894882 -19.798788 3.337280 -2.081962 10.695515 10.233093 3.449151 -13.517979 -8.620840 9.978505 -39.754543 -15.915414 1.048705 2.124386 5.386633 15.453774 -6.032987 -0.674805 -2.114750 4.400187 -20.043512 18.364761 -13.815700 11.804483 -2.438921 2.432384 3.565140 3.631241
5.505018 -18.774303 17.863909 -21.202494 3.665176 -3.138748 11.881420 8.617249 3.496509 -12.840710 -9.578339 9.894116 -39.057693 -14.798781 2.345385 1.611578 7.632661 15.899669 -5.427439 0.800284 -2.547887 5.314882 -19.286316 17.895664 -14.452868 10.942254 -1.855757 3.031508 3.001108 4.544151
2.117210 -16.706116 17.533724 -21.415518 5.701563 -2.972748 11.518785 6.165264 2.743325 -11.467499 -10.712259 9.730182 -37.382767 -13.614030 3.912603 1.248225 9.856097 15.695639 -5.385454 2.061912 -3.278856 6.754724 -18.242659 17.602716 -15.108646 9.829086 -1.162084 3.745565 2.009012 5.483553
-0.900531 -16.025257 15.681409 -21.923447 7.702730 -1.344271 9.987885 3.045926 2.032856 -10.539968 -12.410465 10.107596 -35.112984 -11.836553 5.746949 1.058465 12.508122 14.396264 -5.640039 2.968248 -4.062376 8.473332 -17.210913 17.155416 -15.580269 8.688790 -1.033462 4.106968 0.565637 5.950734
-1.729091 -16.773197 12.723035 -21.369761 10.865737 -0.331951 7.660976 1.171119 0.845247 -9.841885 -14.781919 11.571607 -32.412468 -9.197917 8.828017 0.739481 17.149364 10.572936 -5.575993 3.627976 -4.505284 10.817398 -15.729088 16.683744 -15.779895 7.524208 -1.453041 4.223591 -1.440361 6.402966
-2.222324 -19.035639 8.848136 -19.071770 13.128091 0.594106 6.326323 -1.592852 -1.212247 -9.542336 -16.870304 12.290915 -29.111217 -6.858461 10.925978 1.280235 19.822355 7.452132 -6.073030 4.164578 -4.403434 12.982705 -13.693241 15.752203 -16.548615 6.418600 -2.244118 4.115223 -3.215931 7.472892
-0.332348 -2.617487 1.236884 -28.977999 8.083191 -6.914522 17.148165 -6.152227 -12.069909 -13.584061 -17.943546 7.236381 -22.779385 -2.640391 1.407285 5.683770 18.787899 4.464887 -15.258823 2.049810 -0.569847 11.561255 -11.053214 11.945571 -16.993568 0.558506 -4.495151 9.286572 -2.900306 11.449666
0.047500 -1.615091 -0.777043 -26.988031 9.340840 -5.573282 17.310707 -7.225863 -15.019994 -13.222095 -18.948151 6.928226 -19.466274 -3.733498 2.437733 5.365579 19.727753 1.793498 -16.259974 2.036337 0.678171 12.195323 -9.415121 10.885665 -16.893654 0.132792 -6.461177 8.919612 -3.593296 11.667710
-1.716417 -0.245424 -0.417762 -24.201975 10.344190 -5.964283 19.389282 -8.229281 -17.249031 -10.826707 -19.073277 6.172661 -15.805211 -4.743364 3.124437 6.464401 18.777712 -0.923054 -17.482420 1.003410 1.905024 13.174621 -7.164317 9.794957 -16.595558 0.025855 -8.479163 8.864256 -4.314549 11.578936
-1.767010 -5.686984 -0.269787 -15.751476 14.362653 -9.811823 15.931950 -4.195339 -15.814320 -6.423771 -19.088871 4.528185 -10.636449 -1.124261 9.006166 10.123114 16.264803 -0.798170 -17.648649 -2.847004 6.312187 16.060221 -5.376171 7.770400 -13.349934 -2.565847 -10.702491 10.494761 -4.303608 11.336884
1.166666 -4.382433 1.275022 -13.227036 14.834418 -8.978429 16.916233 -1.682029 -16.789192 -4.600518 -16.650215 2.843305 -7.242273 -4.902738 9.692330 10.993749 13.371489 -0.655101 -19.526968 -1.687595 7.088681 16.666660 -4.055244 8.335742 -11.593251 -2.304209 -13.301993 10.188376 -5.371369 9.057959
3.503708 -2.706797 5.440331 -11.023994 13.818998 -10.466613 18.411972 0.376750 -16.206120 -4.388887 -14.760572 1.112076 -6.358543 -7.983038 9.452897 9.845282 10.751451 1.250091 -21.143085 -2.240061 7.487611 16.005596 -3.810260 9.476319 -10.060493 -1.706390 -14.781446 10.058195 -5.408482 5.943934
7.896475 -2.420568 7.663959 -11.200792 12.663598 -10.126347 18.542179 1.999332 -14.786047 -4.167122 -13.625051 0.499206 -7.148474 -9.784402 8.200538 9.922793 6.345175 5.106883 -21.166325 -0.906947 7.910500 15.263497 -4.074705 10.734275 -8.604932 -0.997717 -15.498523 10.020029 -5.132564 3.160596
9.635093 -2.309895 8.259150 -10.892992 12.043369 -10.174379 18.560074 4.097950 -14.463953 -4.217551 -13.049561 -0.056589 -8.640122 -10.605559 7.473946 9.386791 5.111984 7.930847 -20.756960 -0.201093 8.238386 14.599925 -4.617657 11.586135 -7.695530 -0.407989 -15.704203 9.934184 -4.627084 1.594900
9.441950 -2.608023 8.902678 -10.477234 11.214213 -10.423831 19.504248 5.827645 -14.544670 -4.422048 -12.191173 -0.656636 -10.299159 -10.987131 7.611071 7.793038 5.762224 8.759727 -20.914660 -1.629161 8.212906 13.646037 -5.477929 12.171756 -7.262579 -0.056128 -15.396699 10.147686 -3.909812 0.849807
8.758782 -3.303551 8.374354 -10.750182 10.394851 -11.047045 19.924809 7.528562 -14.463510 -4.916199 -11.809008 -0.960780 -11.542824 -11.494702 7.463678 6.555587 5.613199 9.571412 -21.123531 -2.852511 8.148924 12.637616 -6.345370 12.721681 -7.223792 0.281771 -14.706980 10.286468 -3.130050 0.504080
8.117798 -3.850052 8.020860 -11.386021 9.783214 -11.159488 19.679092 8.475024 -14.384158 -5.446341 -11.765527 -1.066540 -12.664294 -11.542407 7.026422 5.880745 5.597575 10.197891 -21.044970 -3.593183 8.004610 12.018496 -6.895628 12.988426 -7.419431 0.482727 -14.062737 10.334641 -2.586550 0.746960
7.922157 -4.258888 7.778899 -11.783056 9.520372 -11.016721 19.555725 8.765921 -14.272347 -5.698605 -11.814777 -1.121993 -13.111951 -11.388404 6.920774 5.494248 5.921124 10.314157 -21.019987 -3.998127 7.868242 11.653138 -7.258187 13.088271 -7.526112 0.574884 -13.648898 10.433756 -2.270493 1.035205
7.866875 -4.496706 7.651216 -11.960231 9.457638 -10.970722 19.512012 8.702538 -14.196301 -5.814191 -11.894730 -1.127037 -13.415992 -11.248260 6.770698 5.313159 6.112454 10.310458 -20.981632 -4.303100 7.785933 11.511351 -7.422160 13.067286 -7.566521 0.607321 -13.490993 10.497749 -2.134316 1.199860
