2.819141 -19.586039 11.828315 -8.229218 16.479239 0.187209 7.846866 24.089785 5.594962 -12.090310 -3.901072 2.560701 -38.424896 -19.991665 -0.371391 10.530538 -14.458239 0.662843 -10.489688 -0.835683 1.843754 -14.907514 -14.558732 13.405416 -12.898242 8.705856 -3.672304 16.034645 7.187362 -5.246023
2.725460 -19.460169 11.807504 -8.285704 16.564110 0.098166 7.835433 24.061615 5.560668 -12.075813 -3.839741 2.429623 -38.349571 -19.990803 -0.333608 10.420559 -14.420294 0.718753 -10.660860 -0.947458 1.808587 -14.862523 -14.540827 13.408708 -12.918443 8.654433 -3.697757 16.004265 7.111304 -5.233941
2.552950 -19.199575 11.936664 -8.293964 16.559441 -0.090883 7.939522 23.933819 5.471889 -12.112426 -3.759036 2.208406 -38.317829 -19.874870 -0.246434 10.240860 -14.327785 0.863800 -10.835035 -1.184081 1.715954 -14.826161 -14.589154 13.510489 -12.981023 8.581878 -3.791033 15.817091 6.950424 -5.373633
2.244923 -18.971958 12.114656 -8.224917 16.583256 -0.269851 8.047175 23.736237 5.325882 -12.171745 -3.750373 2.009374 -38.314938 -19.554394 -0.078059 9.976221 -13.952769 1.003388 -10.945523 -1.315171 1.646285 -14.778546 -14.610947 13.565743 -13.121962 8.458589 -4.017233 15.549798 6.724955 -5.561037
2.003014 -18.612709 12.455371 -7.980558 16.508707 -0.478066 8.247746 23.512575 5.022476 -12.333153 -3.512584 1.655437 -38.369335 -19.273205 0.103353 9.725187 -13.439025 0.891254 -11.158664 -2.009681 1.518718 -14.709462 -14.661266 13.616345 -13.273829 8.252011 -4.164937 15.316475 6.464238 -5.619540
1.672047 -18.399780 12.770774 -7.539781 16.294758 -0.638992 8.621159 23.269432 4.605958 -12.528193 -3.534687 1.239147 -38.588314 -18.244242 0.322174 9.821692 -12.609001 0.853420 -11.119522 -2.980397 1.345861 -14.591579 -14.731593 13.702817 -13.519738 8.022120 -4.342175 14.942994 6.138660 -5.720537
1.629800 -18.080954 13.325696 -7.270347 16.094582 -0.931058 8.878748 22.819389 4.515092 -12.669237 -3.397280 0.609466 -38.706638 -17.407116 1.152360 9.101530 -10.971572 1.007120 -11.212594 -3.731562 1.351627 -14.527480 -14.740202 13.803359 -13.614556 7.942721 -4.687545 14.589598 5.873293 -5.891848
1.445442 -18.014482 13.645511 -6.947354 15.617494 -1.184390 9.277278 22.419979 4.254547 -13.028437 -3.277884 -0.315152 -38.576637 -16.437904 1.746831 9.055305 -9.810224 1.046778 -11.195436 -4.882839 1.336213 -14.397723 -14.692148 13.929486 -13.904655 7.776467 -4.964689 14.246927 5.630364 -6.190546
1.379164 -18.012106 13.881473 -6.748636 15.215442 -1.464258 9.478745 22.370960 4.187405 -13.305403 -2.997567 -1.206061 -38.931183 -15.490826 2.196587 9.207973 -8.750962 1.306575 -10.802651 -6.053104 1.170060 -14.340437 -14.852506 14.106704 -14.195673 7.580818 -5.164353 13.912079 5.370855 -6.495535
1.560842 -17.957174 14.121135 -6.564988 14.999837 -1.566064 9.483559 22.782026 4.082595 -13.582844 -2.852011 -1.971811 -38.881943 -14.801937 2.775898 9.194170 -7.728444 1.455388 -10.716717 -6.810437 1.315511 -14.288811 -14.800264 14.254634 -14.348687 7.504229 -5.444139 13.682864 5.254778 -6.689253
1.656325 -17.775259 14.525489 -6.621366 14.817973 -1.615704 9.493648 23.073395 4.097545 -13.847853 -2.616558 -2.618485 -38.784931 -14.659357 3.428956 8.891747 -6.763712 1.569098 -10.649121 -7.106690 1.215472 -14.128706 -14.762898 14.366614 -14.628070 7.350290 -5.373785 13.538988 5.137554 -6.801160
1.761775 -17.680986 15.011168 -6.716796 14.620183 -1.686692 9.428146 23.335489 4.355568 -13.996410 -2.875160 -3.298073 -38.548714 -14.014725 3.755891 9.489899 -6.550927 1.930717 -10.382653 -7.485516 1.297573 -14.168588 -14.844185 14.548569 -14.627631 7.364894 -5.265718 13.499771 5.244421 -7.027433
1.687472 -18.815393 14.956282 -6.690285 13.975080 -1.572978 9.581011 23.215328 4.776384 -14.184638 -3.264554 -4.817332 -37.916283 -12.145900 3.956281 11.646591 -6.726092 2.807849 -9.484716 -8.430712 1.689003 -13.942986 -14.532559 14.879064 -14.917413 7.334928 -4.588136 13.554691 5.738120 -7.668388
1.578960 -19.406237 15.045313 -6.754729 13.336869 -1.696286 9.958464 22.917881 4.934044 -14.409775 -3.163789 -5.717256 -37.553387 -11.936637 4.204740 11.975731 -6.920394 3.617043 -9.419400 -8.946563 1.858843 -13.900837 -14.517876 15.234454 -14.848451 7.367714 -4.391889 13.473409 5.825387 -7.989443
1.466967 -19.715265 15.012334 -6.846555 13.028895 -1.718522 10.199539 22.850206 4.977771 -14.512848 -3.011960 -6.245811 -37.278816 -12.090361 4.255206 12.188069 -7.235181 4.049059 -9.325816 -9.131278 1.952429 -13.989073 -14.606752 15.367379 -14.712696 7.480303 -4.237585 13.489796 5.993580 -8.076228
1.296873 -19.985086 14.895261 -6.925668 12.829473 -1.647176 10.358656 22.808788 5.023341 -14.530491 -3.160200 -6.572087 -36.883549 -12.117877 4.228878 12.508183 -7.541698 4.398479 -9.247795 -9.065335 1.999240 -14.049456 -14.709974 15.404119 -14.667871 7.507841 -4.115846 13.468370 6.097949 -8.040991
1.180070 -20.251047 14.759076 -6.921275 12.800928 -1.569772 10.448574 22.743828 5.066368 -14.433207 -3.316192 -6.818494 -36.448631 -12.107970 4.280600 12.499371 -7.729978 4.786358 -9.474221 -8.882427 2.014201 -14.179973 -14.838444 15.362041 -14.607902 7.585185 -4.032229 13.470221 6.246176 -8.028704
1.107919 -20.369486 14.657063 -6.908654 12.839996 -1.554186 10.513073 22.757866 5.048484 -14.346148 -3.553052 -6.897890 -36.104084 -11.992658 4.232419 12.809758 -8.024332 4.933038 -9.498885 -8.730054 2.042460 -14.299417 -14.953898 15.232321 -14.542633 7.585188 -4.048173 13.526386 6.345103 -7.994517
1.042988 -20.426174 14.588945 -6.864394 12.820285 -1.565788 10.591105 22.718731 4.982567 -14.330873 -3.610473 -6.912203 -36.064735 -12.110978 4.186753 12.836081 -8.245955 5.069777 -9.473754 -8.680948 2.114196 -14.325143 -14.960329 15.164618 -14.554564 7.571283 -4.080003 13.519020 6.404209 -7.974885
1.035830 -20.457388 14.558239 -6.881735 12.829032 -1.572430 10.597211 22.705265 5.002338 -14.300355 -3.623364 -6.947206 -36.034241 -12.158704 4.170236 12.877782 -8.352862 5.107677 -9.446166 -8.715639 2.114240 -14.346098 -14.977701 15.138721 -14.537476 7.569462 -4.078589 13.540060 6.422844 -7.968010
1.150955 -20.526339 14.551981 -6.915313 12.770261 -1.632768 10.582918 22.587177 5.059451 -14.355633 -3.688057 -6.843571 -36.048454 -11.980783 4.182868 12.905159 -8.205123 5.037092 -9.426640 -8.645585 2.186353 -14.271055 -14.928504 15.215398 -14.619973 7.506804 -3.952016 13.534271 6.456671 -8.038947
1.306736 -20.803045 14.466274 -7.244999 12.531254 -1.547941 10.554905 22.287096 5.253970 -14.561368 -3.757053 -6.658825 -36.428001 -11.577010 4.236653 12.789261 -7.695089 4.989823 -9.196992 -8.630465 2.183713 -14.028363 -14.776405 15.479008 -14.769574 7.328066 -3.644423 13.559026 6.357147 -8.152667
1.544056 -21.108805 14.410306 -7.653353 12.418498 -1.081347 10.365016 21.875484 5.431525 -14.722979 -3.832016 -6.322029 -37.014893 -11.187053 4.268483 12.310063 -7.121305 4.998500 -9.027332 -8.706322 1.911553 -13.677090 -14.697741 15.815125 -14.910060 7.041089 -3.196745 13.678087 6.039200 -8.045129
1.816142 -21.495872 14.409227 -8.283981 11.986758 -0.392916 10.364458 21.260742 5.367919 -15.237103 -4.453327 -5.350632 -37.479820 -10.568180 4.217449 11.847935 -6.569829 4.550832 -8.966731 -8.330534 1.685688 -13.462358 -14.888836 16.076542 -15.052547 6.619835 -2.849023 13.673902 5.693376 -7.899364
1.948071 -21.942560 14.139119 -9.082456 11.203800 0.414029 10.662527 20.244747 5.154566 -15.950795 -5.365735 -4.637114 -37.408173 -9.371359 3.940526 11.828587 -6.321630 4.263612 -8.972088 -8.210308 1.423843 -13.187364 -15.056670 16.216526 -15.295753 6.060866 -2.452086 13.718427 5.333597 -7.681989
2.137148 -22.642662 13.161561 -10.004522 10.394019 1.178608 11.083534 19.210642 4.840665 -16.570911 -6.528590 -3.711768 -37.106575 -8.431523 3.580581 12.082148 -6.436421 3.951934 -8.780354 -7.539605 1.194906 -12.898802 -15.306486 16.382332 -15.384785 5.570706 -2.035251 13.738684 4.896255 -6.945023
2.789837 -23.414637 11.753522 -11.215492 9.775331 1.600440 11.370716 18.196486 4.829345 -17.008745 -7.571597 -2.800292 -36.752243 -7.956982 2.882644 12.326620 -7.187035 4.312944 -8.956392 -6.347226 0.927671 -12.617768 -15.536232 16.313709 -15.467796 5.198631 -1.581302 13.784719 4.538403 -5.639034
3.766428 -22.981550 11.399018 -12.553595 9.404428 1.495296 11.702765 16.825418 5.260523 -16.915037 -8.231865 -2.096317 -36.195229 -8.090798 2.559709 12.442026 -7.787546 4.584096 -9.094864 -4.857090 0.667186 -12.240460 -15.485477 16.048227 -15.387440 4.907912 -1.110973 14.154321 4.217339 -3.979356
5.379077 -22.222162 11.113246 -13.913355 9.313186 0.993693 11.716782 15.935812 6.045265 -16.590391 -8.750391 -1.426310 -35.188107 -8.805846 2.392274 12.179081 -8.258769 4.389863 -9.631700 -3.185035 0.755951 -12.170211 -15.431458 15.587646 -14.975876 4.854497 -0.818721 14.700131 4.291671 -2.320244
6.922331 -21.061060 11.145720 -15.411153 9.333193 0.217453 11.613686 14.587492 6.864914 -16.172943 -9.478846 -1.011421 -33.873497 -9.465737 2.742863 11.528748 -8.289041 4.118092 -10.232346 -1.769255 0.743708 -12.012291 -15.177607 15.218998 -14.949031 4.793090 -0.444780 15.269951 4.402423 -0.956913
8.271210 -19.975000 11.289753 -16.299158 9.477692 -0.539921 11.501822 13.350723 7.395585 -15.772402 -10.153596 -0.990986 -32.806736 -9.923314 3.488759 11.127522 -7.575250 3.743902 -10.276897 -1.048112 0.560158 -11.858788 -14.912125 14.555511 -14.944225 4.590099 -0.098786 16.036430 4.406695 0.550692
8.653349 -18.976719 11.764457 -16.921602 9.654149 -1.238515 11.561859 11.987975 7.744799 -15.465825 -11.122163 -1.104786 -31.904530 -9.461934 4.605403 10.950518 -6.017616 3.326116 -9.867479 -0.540636 0.349470 -11.673875 -14.657080 14.147586 -14.953929 4.264739 0.158414 16.694839 4.234790 1.710760
8.972871 -18.046377 12.146249 -17.302427 9.917108 -1.892610 11.888636 10.712895 7.575236 -15.329699 -11.701248 -1.309094 -31.483027 -8.757974 5.316061 10.806726 -4.725993 3.345440 -9.365202 -0.332653 0.027969 -11.484069 -14.523115 13.789622 -14.911761 3.852072 0.453167 17.328634 3.969235 2.703364
9.469092 -17.050714 12.363546 -17.376013 10.427104 -2.543806 11.874878 9.926592 7.472157 -15.043740 -12.184111 -1.715273 -30.914618 -8.263354 6.018205 10.562901 -3.858541 3.696423 -9.150859 -0.236226 0.256924 -11.314066 -13.970356 13.262544 -14.958770 3.585568 -0.082663 17.545509 3.755129 2.985205
9.826985 -16.496111 12.549283 -17.344999 10.873631 -2.955384 11.838112 9.237583 7.392862 -14.767744 -12.597208 -2.206805 -30.208744 -7.840699 6.654595 10.126592 -3.251822 4.161702 -8.950921 -0.197966 0.348783 -11.039154 -13.537771 12.896747 -15.085355 3.347117 -0.271572 17.763105 3.554060 3.492634
9.989025 -15.936708 12.702391 -17.277300 11.310403 -3.332624 11.797249 8.543548 7.457769 -14.363073 -13.247578 -2.727121 -29.147898 -7.614473 7.313214 9.613734 -3.116387 4.762956 -9.089730 -0.091617 0.422470 -10.895009 -13.163132 12.477798 -15.106177 3.186574 -0.461320 18.033688 3.481817 3.890637
10.137910 -15.486272 12.670982 -17.218145 11.884817 -3.629882 11.575548 7.776037 7.607183 -13.857663 -13.334221 -2.975093 -29.070400 -7.590010 7.718867 9.076369 -2.679049 5.293501 -8.986485 0.129614 0.515270 -10.645932 -12.707218 12.155164 -15.239398 3.062907 -0.469613 18.301184 3.516295 4.189383
10.257898 -15.136751 12.512811 -17.032261 12.387644 -3.766154 11.313341 7.468439 7.586194 -13.492346 -13.590213 -3.178966 -28.836361 -7.437455 7.941031 8.798979 -2.504667 5.703169 -8.947970 0.244164 0.673174 -10.578276 -12.385253 11.840096 -15.223818 3.021098 -0.641648 18.479164 3.570312 4.317195
10.380066 -14.998415 12.431148 -17.016855 12.608245 -3.853409 11.165379 7.176935 7.677242 -13.302713 -13.755521 -3.324115 -28.588905 -7.312271 8.149772 8.742607 -2.289475 5.786793 -8.945270 0.277333 0.756382 -10.532934 -12.243842 11.724523 -15.231694 3.023105 -0.667853 18.559284 3.621607 4.408144
10.413858 -14.939722 12.404416 -16.998470 12.663444 -3.866084 11.123392 7.127470 7.679886 -13.265002 -13.838947 -3.346553 -28.469629 -7.275348 8.194716 8.733116 -2.266209 5.786586 -8.968604 0.273123 0.777532 -10.533662 -12.238560 11.703574 -15.231710 3.040431 -0.670560 18.566587 3.648492 4.433994
10.423018 -14.973967 12.404499 -17.017941 12.669431 -3.883600 11.123438 7.058977 7.720768 -13.243237 -13.863728 -3.373635 -28.430225 -7.260419 8.212151 8.726336 -2.271349 5.811051 -8.992231 0.283399 0.788547 -10.519515 -12.201617 11.682147 -15.215419 3.048854 -0.654513 18.606106 3.658192 4.486524
10.404100 -14.973343 12.357941 -16.978935 12.690983 -3.903969 11.138191 7.013143 7.682166 -13.221658 -13.866705 -3.389904 -28.539873 -7.239703 8.296808 8.590147 -2.108187 5.926737 -8.932277 0.341324 0.805758 -10.487586 -12.147625 11.643379 -15.221081 3.037923 -0.654126 18.628769 3.655649 4.540982
10.380688 -14.973079 12.311397 -16.948545 12.710987 -3.925582 11.141171 6.973775 7.655445 -13.194702 -13.903051 -3.455503 -28.508472 -7.175627 8.418881 8.441852 -1.911702 6.040365 -8.979480 0.375306 0.800431 -10.476845 -12.137582 11.628382 -15.223553 3.024725 -0.664950 18.627140 3.641819 4.545543
10.320429 -14.983369 12.294397 -16.894928 12.711617 -3.937516 11.175910 6.929613 7.612160 -13.175406 -13.944103 -3.513036 -28.371897 -7.142753 8.576983 8.270647 -1.685859 6.144529 -9.102862 0.512005 0.794766 -10.478511 -12.142203 11.617202 -15.237178 3.018420 -0.699347 18.594273 3.622830 4.529810
10.256858 -14.990409 12.280169 -16.830961 12.704951 -3.957221 11.214725 6.877645 7.566369 -13.160035 -14.200430 -3.691902 -27.877131 -6.985280 8.887441 8.015058 -1.441384 6.286373 -9.423364 0.582550 0.785347 -10.433953 -12.086340 11.569489 -15.273876 2.994074 -0.707930 18.592117 3.599877 4.560512
10.211024 -14.988048 12.255656 -16.771837 12.709142 -3.971363 11.235363 6.837965 7.519835 -13.144097 -14.429771 -3.678804 -27.503410 -6.919410 9.126158 7.849520 -1.141309 6.262826 -9.555138 0.905645 0.774352 -10.399684 -12.040262 11.546227 -15.300904 2.978053 -0.713697 18.585440 3.577461 4.572225
10.164118 -14.983495 12.215177 -16.724524 12.719457 -4.004920 11.260387 6.761890 7.468325 -13.123943 -14.572549 -3.623494 -27.282803 -6.915769 9.347269 7.655846 -0.944141 6.279651 -9.570075 1.154778 0.765245 -10.366693 -12.008814 11.536304 -15.336711 2.960582 -0.737169 18.545120 3.546536 4.554844
10.137725 -14.936443 12.177604 -16.650314 12.759315 -4.022853 11.257551 6.687432 7.408008 -13.077217 -14.810141 -3.612743 -26.796339 -6.721606 9.695325 7.458305 -0.532460 6.058809 -9.811344 1.235459 0.722124 -10.353457 -12.055547 11.571925 -15.365936 2.939678 -0.698417 18.509912 3.524909 4.517189
10.117982 -14.887856 12.134130 -16.572453 12.790280 -4.069394 11.276449 6.618380 7.345749 -13.036156 -14.853952 -3.496413 -26.659939 -6.659669 9.966100 7.366257 -0.083319 5.864146 -9.864677 1.491403 0.713699 -10.299781 -12.018862 11.552596 -15.401515 2.906835 -0.697772 18.483217 3.493912 4.512265
10.099640 -14.842485 12.075213 -16.504683 12.834097 -4.130558 11.293245 6.548375 7.277121 -12.989952 -14.901329 -3.379468 -26.145626 -6.422072 10.250277 7.507670 0.517176 5.301146 -10.053721 1.821717 0.669462 -10.263627 -12.033163 11.594177 -15.438834 2.881535 -0.675600 18.441370 3.461516 4.427675
10.117036 -14.786695 12.059552 -16.465229 12.868031 -4.192596 11.296431 6.451030 7.258042 -12.944987 -14.955818 -3.293204 -25.685089 -6.140776 10.533187 7.752158 1.263495 4.499670 -10.086167 1.974097 0.667945 -10.208556 -11.970701 11.545796 -15.475144 2.850656 -0.695113 18.434097 3.433068 4.452532
10.120882 -14.756050 11.974671 -16.401154 12.944000 -4.239278 11.294485 6.337955 7.200581 -12.869970 -14.928056 -3.279507 -25.350689 -6.033171 10.822186 7.839339 1.946557 3.770233 -10.014257 1.952389 0.645755 -10.162330 -11.962676 11.562326 -15.502109 2.830761 -0.651335 18.423136 3.417036 4.437670
10.165489 -14.714679 12.002930 -16.394377 12.975886 -4.303175 11.282183 6.236676 7.261861 -12.803245 -15.101272 -3.239874 -24.943060 -5.862712 10.994737 7.971624 2.461652 3.110362 -10.003218 1.915693 0.595348 -10.130862 -11.965688 11.562314 -15.538135 2.810350 -0.616900 18.405903 3.395591 4.424588
10.202600 -14.675029 11.994982 -16.387676 13.035281 -4.363333 11.259274 6.150236 7.313574 -12.722816 -15.264090 -3.223508 -24.561552 -5.629718 11.268587 8.013652 3.248953 2.305153 -9.941319 1.841788 0.552118 -10.081170 -11.945837 11.546364 -15.565366 2.790546 -0.537788 18.432331 3.393958 4.464272
10.276685 -14.646339 11.993869 -16.426218 13.082445 -4.423058 11.224019 6.086036 7.383810 -12.670284 -15.307055 -3.232415 -24.282394 -5.595415 11.424345 8.046200 3.592583 1.879657 -9.956264 1.809177 0.508466 -10.071515 -11.970985 11.537532 -15.576703 2.787608 -0.458156 18.462006 3.411393 4.496379
10.310768 -14.614515 11.948862 -16.421312 13.148761 -4.469038 11.194145 6.031571 7.405973 -12.594687 -15.364947 -3.264793 -24.017227 -5.555580 11.528955 8.130936 3.851234 1.478076 -10.000554 1.684811 0.476140 -10.042985 -11.951771 11.493005 -15.591039 2.785541 -0.391427 18.502693 3.423333 4.583631
10.366741 -14.591590 11.945437 -16.432190 13.203549 -4.527057 11.169038 5.954907 7.470519 -12.519218 -15.485059 -3.335610 -23.751139 -5.485810 11.609715 8.120061 4.010487 1.166197 -10.073191 1.409641 0.449974 -10.029878 -11.943591 11.458679 -15.607303 2.774812 -0.367526 18.523357 3.424635 4.609905
10.390398 -14.590232 11.915381 -16.437830 13.249364 -4.561447 11.152205 5.864369 7.506708 -12.456806 -15.615390 -3.366351 -23.493023 -5.432883 11.689981 8.052774 4.159610 0.941521 -10.110738 1.269443 0.436327 -10.025884 -11.945705 11.426534 -15.604877 2.775223 -0.315480 18.569162 3.447810 4.677651
10.398994 -14.587900 11.894553 -16.431561 13.278012 -4.589566 11.147118 5.807816 7.523713 -12.416269 -15.666885 -3.438529 -23.293543 -5.481847 11.769242 7.922024 4.260210 0.771275 -10.171142 1.051570 0.436303 -10.030860 -11.953673 11.422760 -15.601283 2.776379 -0.312591 18.573078 3.450682 4.684639
10.403163 -14.585496 11.895216 -16.435129 13.276299 -4.591891 11.145578 5.809736 7.525348 -12.418344 -15.677482 -3.470627 -23.215279 -5.511490 11.811213 7.849715 4.307051 0.698846 -10.204143 0.941131 0.432351 -10.029851 -11.965693 11.441286 -15.602866 2.773668 -0.304659 18.566378 3.448068 4.665041
10.398996 -14.582118 11.897798 -16.427687 13.277093 -4.590307 11.148584 5.813766 7.518681 -12.418385 -15.657019 -3.476435 -23.238644 -5.525144 11.807956 7.849181 4.298934 0.713321 -10.202587 0.935990 0.435693 -10.029071 -11.954294 11.429198 -15.602293 2.775702 -0.310970 18.570267 3.448608 4.675612
10.388697 -14.580095 11.890444 -16.424345 13.280940 -4.579076 11.143787 5.840202 7.503087 -12.425843 -15.637086 -3.487079 -23.303677 -5.538959 11.791652 7.840005 4.259120 0.787735 -10.204369 0.936597 0.438505 -10.033244 -11.951040 11.424178 -15.602263 2.772527 -0.337197 18.558960 3.440248 4.656058
10.380697 -14.589190 11.928246 -16.433874 13.252913 -4.568600 11.153543 5.877945 7.514356 -12.455298 -15.549263 -3.513301 -23.486349 -5.599954 11.734309 7.834442 4.123831 0.929758 -10.207835 0.885442 0.447345 -10.029538 -11.941692 11.418138 -15.598927 2.774511 -0.334484 18.564617 3.444946 4.672659
10.368058 -14.618607 11.958941 -16.450375 13.220822 -4.559401 11.172052 5.870440 7.530859 -12.478826 -15.494716 -3.556515 -23.642673 -5.681716 11.678832 7.776226 3.957506 1.127445 -10.230664 0.819396 0.456616 -10.034369 -11.930348 11.391877 -15.579734 2.790079 -0.303150 18.605118 3.473206 4.746152
10.335741 -14.661757 12.000054 -16.462597 13.171844 -4.544652 11.206284 5.871830 7.536407 -12.525330 -15.455462 -3.592679 -23.744383 -5.764383 11.647441 7.736482 3.785403 1.319463 -10.259017 0.785205 0.474538 -10.037841 -11.918335 11.389455 -15.558385 2.804822 -0.290809 18.626400 3.488802 4.789319
10.309961 -14.673859 12.077937 -16.467684 13.127509 -4.523007 11.231480 5.904946 7.546943 -12.577641 -15.428149 -3.659735 -23.923382 -5.831559 11.560978 7.729795 3.533946 1.528319 -10.233540 0.657404 0.495044 -10.043004 -11.910568 11.402671 -15.552520 2.807877 -0.330021 18.604509 3.481042 4.761250
10.272460 -14.685093 12.065385 -16.437620 13.110354 -4.482574 11.248419 5.944634 7.492153 -12.607876 -15.328701 -3.706792 -24.083963 -5.985021 11.494678 7.693377 3.356250 1.707723 -10.246041 0.650159 0.518351 -10.063387 -11.915319 11.419118 -15.536254 2.818465 -0.353945 18.601799 3.487233 4.746705
10.209898 -14.722301 12.072509 -16.419554 13.064209 -4.429431 11.282446 5.987322 7.446091 -12.661735 -15.101509 -3.801417 -24.327862 -6.214197 11.279142 7.713608 2.970909 1.895149 -10.302251 0.463695 0.553495 -10.103118 -11.932055 11.446162 -15.487374 2.848731 -0.352582 18.628963 3.517060 4.759198
10.179390 -14.765056 12.147799 -16.465406 12.983096 -4.351145 11.307193 6.093124 7.445127 -12.763542 -14.880070 -3.859162 -24.794346 -6.392702 10.992956 7.752651 2.524630 2.130405 -10.305669 0.175184 0.591411 -10.141127 -11.932023 11.453675 -15.440478 2.878738 -0.366980 18.655296 3.542141 4.796975
10.154158 -14.811341 12.200894 -16.522699 12.895337 -4.268555 11.322702 6.229522 7.449786 -12.875154 -14.672173 -3.952580 -25.185886 -6.594099 10.658929 7.831084 1.989303 2.297523 -10.332728 -0.215390 0.617266 -10.227547 -12.027081 11.598540 -15.365952 2.938665 -0.384296 18.617924 3.557231 4.708182
10.116507 -14.908792 12.232408 -16.612993 12.803378 -4.152152 11.308067 6.415679 7.491898 -12.995892 -14.437199 -4.057501 -25.549364 -6.807416 10.299430 7.931502 1.441264 2.363223 -10.425014 -0.673389 0.643720 -10.300639 -12.071577 11.633052 -15.335172 2.979436 -0.403122 18.638504 3.595994 4.679859
10.118807 -15.010596 12.304279 -16.766840 12.703202 -4.033946 11.280939 6.573122 7.602356 -13.112887 -14.122996 -4.177886 -25.815468 -7.034782 10.053002 8.093470 1.061402 2.372125 -10.545665 -0.995649 0.637555 -10.466751 -12.274752 11.841840 -15.238847 3.063750 -0.413060 18.585049 3.631467 4.487546
10.081583 -15.126883 12.439540 -16.913057 12.584547 -3.903486 11.258765 6.781106 7.756019 -13.241044 -13.831533 -4.222440 -25.977444 -7.281995 9.703282 8.287828 0.538597 2.203757 -10.718592 -1.329711 0.589622 -10.592671 -12.462835 12.078261 -15.181079 3.135092 -0.408245 18.507973 3.638428 4.250738
10.129765 -15.143913 12.739406 -17.060511 12.337548 -3.774966 11.236584 7.210414 7.967806 -13.472445 -13.533295 -4.260483 -26.057461 -7.499808 9.340245 8.687872 -0.022221 1.855406 -10.713418 -1.714511 0.495576 -10.795193 -12.784346 12.390805 -15.071773 3.236698 -0.362941 18.418419 3.664130 3.950572
0.793561 -25.572273 6.111337 -7.411662 20.091448 -0.231149 8.126484 17.919626 6.684981 -4.615831 -11.553148 -1.672271 -25.962065 -12.599616 16.063095 14.683498 -8.945640 -0.884186 -3.732145 0.762991 1.179080 -6.317790 -8.829649 10.658678 -14.144233 9.983937 -2.340458 16.470806 6.924699 -5.244111
0.464600 -25.849329 6.021446 -6.942678 19.787567 0.384237 8.264654 18.591099 6.202284 -4.948142 -10.803837 -1.868086 -26.209566 -12.934133 15.643726 15.210861 -9.514953 -1.299124 -4.021951 0.169663 1.447694 -6.673975 -8.875875 10.641993 -13.737399 10.352680 -2.977406 16.274664 7.020599 -5.546925
0.715041 -25.784353 5.987634 -6.272109 19.688126 0.752990 8.268468 19.325512 5.707099 -5.131752 -10.172400 -1.966366 -26.239626 -13.234154 15.398492 15.671900 -9.883116 -1.760268 -4.191444 -0.139067 1.739897 -7.016641 -8.833639 10.493659 -13.364973 10.736840 -3.726350 16.064005 7.111764 -5.834367
0.898490 -25.706369 5.851145 -5.559889 19.771812 0.853539 8.337910 19.602131 5.158981 -5.166167 -9.547255 -2.083593 -26.226521 -13.517226 15.237342 16.086285 -10.157377 -2.313017 -4.342715 -0.551411 2.045279 -7.325961 -8.815889 10.384451 -12.986999 11.081397 -4.446642 15.876947 7.184754 -6.204255
1.563700 -25.293955 5.469694 -4.744563 20.006493 0.757300 8.269196 20.113811 4.532936 -5.094537 -8.885905 -2.207435 -26.099823 -13.834914 15.079435 16.527672 -10.440434 -2.958785 -4.487359 -0.923862 2.390103 -7.439277 -8.510403 10.009431 -12.747288 11.310091 -5.249791 15.762539 7.185163 -6.360340
2.527537 -22.357370 6.433161 -3.543247 20.616146 -0.031994 8.395240 19.972000 3.616791 -6.912507 -8.458878 -2.510295 -26.908884 -18.946350 9.517513 12.763426 -7.717806 -2.477658 -7.031006 0.141491 3.345206 -11.201072 -6.695531 9.676339 -14.827083 8.850873 -7.999216 16.009731 5.934353 -5.201734
3.324944 -20.772919 6.503391 -3.097132 20.923372 -0.815127 8.341987 20.193804 2.614818 -7.396218 -7.669997 -1.976136 -26.840385 -20.421335 9.087344 11.371727 -7.374429 -3.332183 -8.209254 0.167744 4.162542 -10.926522 -6.377114 9.268071 -14.457866 8.214322 -9.160281 15.803623 5.468745 -5.015293
3.289352 -20.168919 6.179916 -2.572178 21.274942 -1.140903 8.503334 20.465239 1.766705 -7.665780 -7.560328 -2.181020 -26.290096 -20.584656 9.236876 11.203464 -7.155427 -3.840257 -8.622663 -0.261399 4.756715 -11.109270 -5.817043 8.883386 -14.485507 8.201442 -10.059475 15.776064 5.437172 -5.346106
3.070818 -19.765446 5.771068 -2.239386 21.832809 -1.412288 8.428585 20.624935 1.255275 -7.406877 -7.813864 -2.563299 -25.423399 -20.550507 9.811006 10.676649 -6.754078 -4.295132 -9.153718 -0.863265 4.944211 -10.886428 -5.193460 8.274632 -14.682761 8.199528 -10.508348 15.971376 5.409309 -5.377765
2.320369 -19.466255 5.277685 -1.839225 22.323097 -1.724025 8.424314 20.462080 0.803459 -7.041780 -8.245886 -2.819933 -24.699387 -20.418327 10.211210 10.001311 -6.313585 -4.466842 -9.788215 -1.344840 5.177736 -10.630029 -4.618135 7.771285 -14.870961 8.162383 -10.914344 16.102449 5.383202 -5.443498
1.410917 -19.350273 4.731803 -1.474031 22.787594 -1.966404 8.430092 20.116133 0.479242 -6.563161 -8.891389 -3.032492 -23.853981 -20.139238 10.751996 9.191597 -5.595887 -4.555677 -10.435859 -1.554039 5.342169 -10.303845 -3.996791 7.261679 -15.100058 8.051356 -11.211450 16.273975 5.315464 -5.382175
0.432028 -19.330217 4.239343 -1.116497 23.141277 -2.176631 8.480251 19.599297 0.170480 -6.144347 -9.523683 -3.121486 -23.034817 -19.852669 11.277124 8.652196 -4.911692 -4.836795 -10.856768 -1.644035 5.380398 -10.019482 -3.516402 6.846800 -15.340246 7.918206 -11.365064 16.417490 5.231281 -5.182909
-0.432214 -19.555712 4.064893 -0.855709 23.419834 -2.431115 8.691303 19.019962 -0.051207 -5.896287 -10.151939 -3.073864 -22.520302 -19.572590 11.628298 8.239769 -4.276542 -4.861662 -11.007680 -1.365792 5.382361 -9.630365 -2.868650 6.207227 -15.671980 7.740255 -11.578643 16.625225 5.107254 -4.779101
-1.500647 -20.027838 3.930899 -0.599741 23.633018 -2.717179 9.030528 18.162432 -0.278145 -5.696630 -10.857788 -2.937417 -21.810383 -19.230850 12.030604 8.087643 -3.658599 -5.066089 -10.934649 -0.857170 5.341536 -9.348092 -2.381905 5.661008 -15.993063 7.621697 -11.756582 16.750681 5.019225 -4.429006
-2.554736 -20.499674 3.823682 -0.292958 23.623734 -3.016717 9.469623 17.247459 -0.538824 -5.569481 -11.509897 -2.829135 -20.931091 -18.927965 12.493331 8.116208 -3.020014 -5.596638 -10.991551 -0.509910 5.160797 -9.172066 -2.145872 5.308518 -16.277727 7.469460 -11.753130 16.837421 4.934009 -4.108362
-3.700969 -20.934395 3.865331 0.136154 23.478741 -3.289522 9.972627 16.379629 -0.837494 -5.576014 -12.014410 -2.807719 -20.210159 -18.746235 12.881150 8.077923 -2.335198 -5.968931 -11.067005 -0.227799 5.120138 -9.004890 -1.876455 4.869133 -16.529390 7.325029 -11.866027 16.882719 4.874125 -3.687399
-4.675152 -21.502584 3.950830 0.448813 23.311378 -3.536466 10.497606 15.395585 -1.035571 -5.573280 -12.599149 -2.657073 -19.475147 -18.431034 13.275752 8.116459 -1.692718 -6.314144 -10.992890 0.312086 4.972309 -8.844765 -1.719173 4.608840 -16.818089 7.164186 -11.764836 16.908413 4.826404 -3.279711
-5.396380 -21.798544 3.802629 0.681073 23.249805 -3.663050 10.822151 14.677928 -1.288089 -5.509189 -13.010347 -2.552624 -18.991037 -18.211826 13.591588 8.110329 -1.222034 -6.435424 -10.853078 0.802596 4.971068 -8.695070 -1.349177 4.095345 -17.085152 7.127035 -11.925801 16.928301 4.844307 -2.722294
-6.052423 -21.886105 3.454923 0.836214 23.290888 -3.733695 11.002188 14.057770 -1.594136 -5.388853 -13.352764 -2.380704 -18.562042 -18.025751 13.839572 8.206338 -0.802077 -6.591251 -10.712729 1.405571 5.001153 -8.513999 -0.941593 3.572651 -17.388641 7.123949 -12.079401 16.947437 4.868720 -2.089906
-6.634847 -21.900095 2.953424 0.965707 23.420729 -3.810721 11.120627 13.400019 -1.916020 -5.170776 -13.631078 -2.242676 -18.001907 -17.878441 14.137846 8.281813 -0.313476 -6.914339 -10.683730 1.955642 5.070195 -8.294392 -0.545737 3.162744 -17.687572 7.092146 -12.155146 16.942814 4.882517 -1.479183
-7.092758 -21.840796 2.384621 1.083537 23.687977 -3.893852 11.179277 12.906595 -2.284770 -4.915462 -13.754866 -2.114635 -17.490036 -17.772114 14.428109 8.402330 0.055346 -7.312922 -10.666446 2.440956 5.161648 -8.156464 -0.269235 2.866554 -17.871895 7.109008 -12.268214 16.933136 4.904161 -1.057099
-7.462905 -21.758184 1.839825 1.173260 23.974934 -3.966105 11.222553 12.470869 -2.620808 -4.657761 -13.796792 -2.100892 -16.811237 -17.746571 14.729849 8.504513 0.574141 -7.933612 -10.819655 2.751663 5.262526 -8.010307 0.010457 2.585101 -18.050598 7.082299 -12.365256 16.937405 4.912723 -0.630548
-7.731756 -21.664728 1.344380 1.213620 24.254335 -4.016111 11.228643 12.088446 -2.894997 -4.411966 -13.812180 -2.108155 -16.205498 -17.739002 15.000413 8.551487 1.015091 -8.513152 -10.993609 2.923062 5.361040 -7.863715 0.256816 2.368244 -18.202248 7.049799 -12.424556 16.950928 4.918257 -0.273089
-7.880195 -21.585386 0.988161 1.233345 24.453579 -4.063505 11.201374 11.830700 -3.064190 -4.247169 -13.883621 -2.083224 -15.754526 -17.717430 15.175092 8.564951 1.376537 -8.893726 -11.074027 3.108996 5.424920 -7.770278 0.417367 2.215288 -18.299719 7.021258 -12.448392 16.965933 4.930092 -0.029749
-7.985010 -21.523502 0.774031 1.253168 24.572161 -4.074705 11.187281 11.705645 -3.188394 -4.155502 -13.881992 -2.079036 -15.550302 -17.710653 15.259883 8.600851 1.523938 -9.081019 -11.095611 3.205282 5.444193 -7.730927 0.452178 2.218928 -18.326685 6.997796 -12.412765 16.974070 4.929116 0.047177
-8.068070 -21.502794 0.661464 1.282840 24.643885 -4.076148 11.190938 11.657272 -3.283076 -4.116869 -13.876821 -2.083494 -15.436175 -17.716806 15.306664 8.628287 1.601115 -9.194276 -11.131269 3.236669 5.471847 -7.716094 0.498883 2.164275 -18.341248 7.000593 -12.447382 16.974335 4.933767 0.102448
