9.552938 -12.235719 9.925279 -16.427687 3.128306 -5.456367 12.045434 22.526320 -7.482451 -16.855463 -6.360777 2.816764 -31.793678 -12.033648 -5.474466 11.424122 -5.763223 11.168193 -16.394178 -14.211475 4.635256 0.204013 -21.196526 15.401128 -6.555270 7.892974 -4.917871 11.474366 8.387663 -4.776338
9.533600 -12.198845 9.810586 -16.354223 3.422665 -5.348292 11.776390 22.559132 -7.474815 -16.743870 -6.345943 2.699118 -31.778831 -12.051372 -5.398293 11.346189 -5.720363 11.212122 -16.409277 -14.382484 4.659984 0.251252 -21.132162 15.491701 -6.648729 7.932053 -4.963939 11.330951 8.371912 -4.886951
9.405536 -12.046457 9.964118 -16.096853 3.822613 -5.264950 11.405815 22.532158 -7.346889 -16.515730 -6.376162 2.490042 -31.775478 -11.911271 -5.244669 11.330229 -5.565130 11.323382 -16.278927 -14.636419 4.581635 0.285146 -21.095135 15.677802 -6.762933 8.043104 -5.112555 11.053198 8.296929 -5.303948
9.234915 -12.178555 10.186336 -15.785267 4.312383 -5.135955 10.873259 22.630768 -6.996957 -16.253767 -6.506028 2.422789 -31.859764 -11.620938 -5.070373 11.312810 -5.210282 11.341529 -16.078489 -14.753363 4.325642 0.220072 -21.194548 15.759988 -6.948502 8.125834 -5.405821 10.764671 8.111531 -5.939055
9.243654 -12.183054 10.708729 -15.195454 4.785365 -5.167800 10.377678 22.734859 -6.742796 -16.051023 -6.498237 2.252222 -31.865482 -11.520591 -4.876465 11.280365 -4.964673 11.141116 -15.964505 -15.287212 4.058416 0.147734 -21.223793 15.608773 -7.157947 8.186591 -5.730867 10.571476 7.996686 -6.454325
9.120549 -12.016343 11.729058 -14.343525 5.335722 -5.372052 9.821949 23.166027 -6.458590 -15.764500 -6.517498 2.099773 -32.145813 -11.262240 -4.578586 11.085070 -4.363787 11.071624 -15.681855 -15.784231 3.672880 0.302591 -21.283226 15.605578 -7.376425 7.970516 -6.133647 10.266948 7.539984 -7.162078
9.046202 -11.662944 12.746466 -13.794528 5.484568 -5.619723 9.790999 23.139425 -6.350303 -15.758951 -6.628859 2.031838 -32.325455 -11.049151 -4.120139 10.419392 -3.625575 11.155038 -15.604152 -16.093330 3.097595 0.430564 -21.286694 15.503073 -7.608256 7.842806 -6.752559 9.962896 6.966249 -8.168335
8.305514 -10.869402 14.059552 -13.355069 5.844255 -6.093569 9.676574 23.220093 -6.014212 -15.472897 -6.688348 1.949132 -32.485085 -10.821063 -3.816000 9.985482 -3.052474 11.047227 -15.539092 -16.602947 2.518538 0.684861 -21.368895 15.627084 -8.301227 7.658637 -7.209321 9.184280 6.416711 -9.211092
7.718281 -10.307684 15.270628 -13.109746 6.291600 -6.644599 9.663607 23.334904 -5.553230 -15.136152 -6.520536 1.846657 -32.737621 -10.713578 -3.590784 9.525241 -2.582514 11.057136 -15.591722 -17.018005 1.688468 0.812089 -21.775976 15.927290 -8.610748 7.333039 -7.454036 8.683100 5.734219 -10.044571
7.467628 -9.581500 16.270943 -12.819160 7.073663 -7.331752 9.632464 23.437893 -5.063569 -14.553425 -6.437504 1.856432 -32.954395 -10.761068 -3.575186 9.280079 -2.424373 11.030759 -15.635547 -17.254623 1.315933 1.000120 -21.628857 15.900936 -9.194673 7.281329 -7.971969 7.994569 5.281011 -10.690446
7.160823 -8.937727 17.279308 -12.487988 7.496650 -7.849301 9.655871 23.671814 -4.810369 -14.273636 -6.310383 1.888415 -33.169399 -10.797502 -3.604216 9.231874 -2.404971 10.887847 -15.600378 -17.459585 0.695917 1.343224 -21.639574 15.952984 -9.631650 6.929477 -8.248953 7.546879 4.528626 -11.009265
6.466211 -8.650124 18.315022 -11.885899 7.500337 -8.614763 10.158786 23.398800 -4.497468 -13.842735 -6.272552 1.994401 -33.340946 -10.835625 -3.634681 9.089169 -2.375937 10.914994 -15.611169 -17.480013 0.588373 1.451901 -21.516356 16.107615 -9.723218 7.004929 -8.438363 7.315044 4.342965 -11.429431
5.351932 -8.347771 19.737770 -11.571503 7.711916 -8.764239 10.861761 22.698824 -4.276776 -13.463272 -6.226356 3.748553 -34.082901 -13.190825 -4.019795 7.023145 -3.076950 10.510422 -16.183453 -16.263414 -0.236079 1.772037 -21.413845 15.871015 -9.932010 7.079672 -8.670882 6.973259 3.573019 -10.661771
4.577163 -7.867808 20.857700 -11.402899 8.002347 -9.218298 11.031855 22.560385 -3.857706 -13.109167 -6.118467 4.587308 -34.226376 -14.132581 -4.509711 6.520182 -3.840748 10.152368 -16.574362 -15.620641 -0.716897 2.155977 -21.211042 15.877789 -9.956710 7.129850 -9.125309 6.502004 2.715999 -9.811182
4.061280 -7.571476 21.326382 -11.135611 7.940526 -9.566969 11.447996 22.486357 -3.963678 -12.899488 -6.137304 4.765233 -34.167046 -14.311307 -4.799088 6.583555 -4.306372 10.090007 -16.635080 -15.556805 -0.690853 2.234482 -21.030712 15.811142 -9.878900 7.200935 -9.234586 6.497000 2.673522 -9.581852
3.297268 -7.431256 21.543364 -10.818741 7.811369 -9.662076 11.937868 22.269230 -4.183565 -12.607256 -6.189813 4.868776 -33.996906 -14.350525 -4.985520 6.791151 -4.676918 10.021614 -16.702057 -15.485068 -0.648419 2.300132 -20.890099 15.830255 -9.909710 7.267406 -9.115096 6.497958 2.761561 -9.470980
2.860606 -7.454387 21.723080 -10.754415 7.849340 -9.368961 12.125607 22.166409 -4.130379 -12.273676 -6.277181 4.934224 -33.854485 -14.404023 -5.044709 6.794474 -4.839082 10.014562 -16.765495 -15.388000 -0.645073 2.326229 -20.802645 15.749132 -9.922196 7.295582 -9.033265 6.537886 2.821806 -9.326261
2.519907 -7.578723 21.771957 -10.769501 7.770622 -9.050287 12.372526 22.027214 -4.160743 -12.147219 -6.296268 4.974535 -33.750534 -14.412665 -5.164562 6.899107 -5.027229 9.992301 -16.836634 -15.309261 -0.703155 2.336959 -20.884531 15.915071 -9.862511 7.335773 -8.985403 6.407589 2.718287 -9.121532
2.297982 -7.692368 21.730675 -10.753265 7.735336 -8.814272 12.514542 21.963139 -4.217767 -12.068830 -6.248003 4.972014 -33.813309 -14.415442 -5.213202 6.875335 -5.053183 10.089292 -16.850203 -15.265133 -0.744635 2.360222 -20.887815 15.962616 -9.850110 7.371760 -8.956986 6.344697 2.672195 -8.960710
2.241543 -7.711771 21.676601 -10.852066 7.767325 -8.675274 12.506577 21.928068 -4.198855 -12.013486 -6.240485 4.952709 -33.821129 -14.419717 -5.211431 6.880323 -5.068604 10.119370 -16.821663 -15.278749 -0.731746 2.348069 -20.881071 15.923401 -9.847324 7.363638 -8.974089 6.366052 2.683903 -8.931114
2.460206 -7.754852 21.689407 -10.901179 7.727320 -8.679640 12.401736 21.873356 -4.144158 -12.129516 -6.308897 5.031183 -33.819695 -14.439820 -5.155783 6.793260 -4.962666 10.104172 -16.817307 -15.131380 -0.801637 2.369497 -20.927721 15.975151 -9.819678 7.355013 -8.930697 6.347268 2.614628 -8.857427
3.030061 -7.470792 21.504230 -11.652964 8.138781 -8.523523 11.648497 21.799124 -3.803469 -12.184933 -6.533169 5.440015 -34.206688 -14.420440 -5.136263 6.738234 -4.810104 10.103946 -16.417690 -14.769669 -0.970750 2.295457 -20.981867 15.741467 -9.841241 7.356297 -8.936260 6.536262 2.658609 -8.801961
3.809462 -7.569374 21.181122 -12.595899 8.546791 -8.452272 10.744865 21.742493 -3.081205 -12.344611 -6.829507 6.076417 -34.775276 -14.372970 -5.277453 6.850480 -4.832418 10.038740 -15.819672 -14.254423 -1.258930 2.168957 -21.127174 15.433914 -9.920851 7.361678 -8.791467 6.869920 2.780359 -8.612450
4.729816 -7.685127 20.343342 -13.553860 9.112336 -7.427958 9.702971 21.734749 -2.706592 -12.386424 -7.246465 6.735740 -35.263706 -14.148073 -5.282894 6.965977 -4.631186 9.904325 -15.136657 -13.647833 -1.529829 1.967702 -21.398420 15.358804 -9.851151 7.499092 -8.486651 7.203866 2.977730 -8.428691
5.579691 -8.777006 18.199846 -14.349324 9.377720 -6.372549 8.609104 21.298061 -2.406155 -12.281037 -7.770541 7.652647 -35.981979 -13.802308 -5.378897 7.251595 -4.420420 9.776401 -14.117404 -12.801522 -1.603847 1.757366 -21.136328 14.085565 -9.696109 7.462801 -7.594026 8.844054 3.966524 -7.884464
6.526037 -10.585791 15.327166 -15.389616 9.636804 -4.820611 7.240653 21.264156 -2.217647 -12.114451 -8.627314 8.165017 -35.996876 -13.119483 -5.225788 7.988095 -4.152637 9.636065 -13.113439 -12.018079 -1.168774 1.281680 -21.014673 13.211533 -8.710685 7.689858 -6.721904 10.529176 4.985865 -6.508307
7.611793 -12.006395 13.038842 -16.270214 9.968621 -3.727221 6.028844 21.705891 -1.786776 -11.445631 -9.521058 8.564984 -35.787868 -12.339349 -5.216285 9.021424 -4.337096 9.739507 -12.110646 -11.264066 -0.674840 1.150653 -20.613777 12.172669 -7.985016 7.757494 -5.935821 12.143682 5.841384 -5.005264
9.241653 -13.326939 11.000985 -16.665098 9.652204 -3.232256 6.041350 21.278709 -1.552277 -10.841219 -10.662075 9.007620 -35.059853 -11.750449 -5.215945 10.154840 -4.855136 9.722219 -11.223517 -10.318489 0.277676 1.355937 -19.581518 11.317046 -7.186558 7.724268 -5.030299 13.962851 6.776239 -3.346232
10.471213 -14.917237 9.449504 -17.294741 10.152398 -2.748919 5.733387 20.797192 -0.709217 -9.861897 -11.389354 9.109062 -34.635010 -11.687527 -4.906733 10.378404 -4.940447 10.429444 -10.415370 -9.205227 0.764286 1.718149 -18.726379 10.526735 -6.988914 7.406161 -4.374002 15.208043 7.295222 -2.296080
10.478580 -16.957586 8.095561 -17.668589 9.743687 -2.353937 6.484793 20.133633 -0.777824 -9.836166 -12.286046 9.015235 -34.088066 -11.489200 -4.338286 10.681065 -4.932558 11.510255 -9.400968 -7.919654 1.049346 2.240531 -17.919859 10.344071 -7.343950 7.199399 -4.254827 15.365561 7.288276 -1.853917
10.583699 -17.567530 7.868186 -17.421389 9.634206 -2.985711 7.292711 19.187464 -0.744967 -9.149261 -13.158894 8.850310 -33.252804 -11.468890 -3.693758 11.049583 -4.848883 11.934232 -8.604806 -7.157902 1.618115 2.859706 -16.595160 9.896798 -8.262448 7.255724 -4.464357 15.132036 7.518164 -1.499041
10.477940 -16.708412 7.933722 -17.695606 10.556193 -3.463596 6.942609 18.051746 -0.602264 -8.234177 -14.219217 8.528806 -32.356468 -11.016799 -2.708361 11.318768 -4.060750 12.438680 -7.807849 -6.208056 1.236430 3.366421 -16.148031 10.009187 -9.310073 7.017817 -4.571377 14.517146 7.003026 -1.329838
9.864007 -16.303612 7.999967 -17.940657 10.690830 -3.922556 7.323528 16.216259 -0.736252 -7.859544 -14.993685 8.045259 -31.603268 -10.894887 -1.872987 11.518110 -3.485199 12.748332 -7.068795 -5.833464 0.992220 4.114410 -15.345538 9.849455 -10.327097 6.544074 -5.099438 13.956764 6.328237 -1.408455
9.176508 -16.056864 7.955200 -17.892710 11.352921 -3.705587 7.393578 14.990745 -0.651556 -7.049242 -15.522561 7.460649 -30.681520 -10.730840 -1.227010 11.526500 -3.162628 13.272400 -6.954311 -5.500018 0.767744 4.779942 -14.635999 10.142179 -11.367480 6.264949 -5.883223 12.911930 5.494051 -2.193291
8.427273 -15.416067 7.959770 -18.000063 11.993863 -3.976931 7.532822 14.048651 -0.464912 -6.182523 -15.941918 6.815743 -29.779390 -10.434731 -0.740184 11.635788 -3.049512 13.661555 -6.988439 -5.557040 0.435523 5.304665 -14.121041 10.492127 -11.989327 6.036482 -6.255084 12.241317 4.826366 -2.738384
7.730189 -14.554114 8.227897 -18.498362 12.574084 -4.007275 7.517662 13.517075 -0.298922 -5.657693 -16.246662 6.061803 -29.166286 -10.107389 -0.014343 11.446592 -2.274968 14.084141 -6.917838 -5.716475 0.119741 5.703376 -13.839705 11.283656 -12.411475 5.986105 -6.095016 11.708324 4.402227 -3.278844
6.940762 -14.559039 7.785065 -18.756315 12.885581 -3.886444 7.516680 13.152472 -0.467088 -5.439766 -16.432886 5.769300 -28.505386 -10.098615 0.321708 11.399171 -2.062336 14.039939 -7.061392 -5.700570 0.034016 6.219347 -13.312861 11.424528 -12.615388 5.747858 -6.042881 11.687004 4.087225 -3.264231
6.599388 -14.640443 7.527402 -19.038309 13.083058 -3.845922 7.474359 12.978820 -0.478021 -5.344738 -16.483669 5.619873 -28.247246 -10.113520 0.620000 11.245033 -1.680078 14.069892 -7.112085 -5.585092 -0.104933 6.448493 -13.221470 11.742464 -12.815419 5.643534 -5.932627 11.496387 3.843415 -3.279637
6.200879 -14.820642 7.197751 -19.233778 13.143047 -3.798547 7.436073 12.770559 -0.515450 -5.317758 -16.526703 5.594359 -28.062710 -10.104664 0.758968 11.158873 -1.516198 14.120906 -7.183751 -5.387268 -0.118790 6.604491 -13.066322 11.800405 -12.818490 5.560238 -5.900021 11.561117 3.742762 -3.272754
6.217547 -14.803555 7.023354 -19.284105 13.227930 -3.804944 7.381540 12.774982 -0.561011 -5.294866 -16.512629 5.612013 -28.059704 -10.103142 0.778252 11.166896 -1.478584 14.126209 -7.197208 -5.311436 -0.181611 6.661408 -12.988781 11.819932 -12.848462 5.527584 -5.878143 11.600822 3.706956 -3.328273
6.239162 -14.783964 6.935831 -19.318430 13.221407 -3.871489 7.391066 12.712821 -0.594573 -5.312274 -16.522455 5.626306 -28.065449 -10.078664 0.768427 11.182625 -1.499077 14.149133 -7.190327 -5.276134 -0.206922 6.674716 -12.991305 11.848475 -12.826976 5.518407 -5.859585 11.615335 3.687624 -3.315639
6.104283 -14.813828 6.696138 -19.363886 13.248401 -3.847045 7.439904 12.638528 -0.801822 -5.408308 -16.523872 5.639727 -28.055550 -10.074762 0.777885 11.177289 -1.467186 14.132314 -7.187137 -5.247839 -0.250054 6.741929 -12.891068 11.829618 -12.783080 5.478571 -5.866373 11.694372 3.639345 -3.304163
6.171880 -14.843444 6.363316 -19.515596 13.287790 -3.912839 7.399632 12.534927 -0.879438 -5.460698 -16.539551 5.637784 -28.001194 -10.080144 0.804232 11.165668 -1.437898 14.097892 -7.199914 -5.241165 -0.225452 6.901919 -12.698162 11.824655 -12.766661 5.420669 -5.774088 11.831367 3.629169 -3.219069
6.127675 -15.008203 5.808071 -19.538813 13.330962 -4.094812 7.412126 12.300660 -1.039939 -5.473336 -16.556875 5.665837 -27.919649 -10.071291 0.832509 11.183555 -1.383240 14.017097 -7.198367 -5.190740 -0.225512 7.093360 -12.542912 11.942775 -12.642531 5.357132 -5.527334 12.067782 3.594633 -3.104945
6.359381 -15.009424 5.236123 -19.953283 13.394894 -4.476543 7.285639 11.853677 -0.927150 -5.534432 -16.566841 5.696737 -27.821831 -10.073510 0.850334 11.235380 -1.360373 13.939998 -7.209588 -5.106472 -0.070476 7.445176 -12.083290 11.864309 -12.322089 5.246768 -5.362378 12.545743 3.535490 -2.906535
6.308692 -15.251131 4.201077 -20.533087 13.405819 -4.734346 7.210940 11.130861 -0.990192 -5.713076 -16.591362 5.712949 -27.721573 -10.074067 0.883173 11.222694 -1.312333 13.879857 -7.236418 -5.073601 -0.055055 7.662843 -11.884467 11.895434 -12.305579 5.168144 -5.099783 12.781524 3.549558 -2.794411
7.248011 -15.399785 2.636995 -21.603819 13.794469 -4.776294 6.620913 10.516305 -0.694454 -5.533940 -16.633518 5.728392 -27.591545 -10.055676 0.934670 11.189367 -1.238977 13.815207 -7.258465 -5.034941 0.191064 7.979326 -11.370378 11.550140 -11.985819 5.089964 -4.968827 13.318894 3.605823 -2.294688
8.502963 -15.258185 1.359807 -23.012583 14.283204 -5.331211 6.052704 9.665198 0.014153 -5.085486 -16.671230 5.755814 -27.504856 -10.032146 0.936528 11.182302 -1.224711 13.755249 -7.274189 -5.027835 0.481784 8.376857 -10.759163 11.067187 -11.697188 4.832430 -4.952688 13.927719 3.581792 -1.839018
9.381020 -15.087348 -0.060358 -23.923923 14.900006 -5.724516 5.844733 9.448495 -0.007209 -4.684938 -16.717335 5.796350 -27.401066 -10.019441 0.929315 11.163238 -1.226937 13.717638 -7.296031 -4.965780 0.591335 8.607716 -10.404982 10.598124 -11.585456 4.600986 -5.000558 14.313367 3.533153 -1.457120
10.201555 -15.061756 -1.015581 -24.533434 15.276687 -6.141768 5.696019 9.206099 0.112184 -4.369520 -16.784409 5.821369 -27.223866 -9.999728 1.002115 11.090212 -1.124514 13.617366 -7.328692 -4.930293 0.699022 8.831424 -10.109047 10.078389 -11.401977 4.408078 -4.681138 14.973639 3.641020 -0.638953
10.555049 -15.257850 -2.113561 -24.741276 15.540351 -6.152484 5.713846 8.886491 -0.263093 -4.266726 -16.837322 5.822828 -27.105122 -9.947165 1.051063 11.009371 -1.040789 13.596265 -7.372069 -4.921918 0.776805 9.071488 -9.803391 9.269996 -11.608099 3.950037 -5.299008 15.096012 3.315989 -0.541365
10.233676 -15.941242 -3.501048 -24.176264 15.707563 -6.091142 5.835492 8.551483 -0.984043 -4.146605 -16.919434 5.844765 -26.898863 -9.886006 1.117553 10.980221 -0.933030 13.469845 -7.408708 -4.884424 0.841368 9.153805 -9.728177 8.641144 -11.640290 3.709443 -5.264585 15.525055 3.386389 -0.004117
10.134068 -16.251204 -4.055706 -23.833153 15.787975 -5.862703 5.828162 8.384968 -1.382077 -4.047995 -16.955877 5.869521 -26.856113 -9.815754 1.120867 10.934171 -0.901681 13.518626 -7.421276 -4.815026 0.869139 9.251921 -9.645250 8.051188 -11.873134 3.377901 -5.590790 15.599071 3.254815 0.156600
9.496416 -16.708368 -5.188330 -23.393536 15.722353 -5.366492 6.107582 8.250364 -2.411434 -4.189209 -17.012363 5.866110 -26.832729 -9.779240 1.132856 10.840726 -0.868148 13.543904 -7.426587 -4.869460 0.833181 9.385212 -9.535177 7.840739 -12.085536 3.165376 -5.840306 15.474108 3.102153 0.048638
9.098047 -16.736841 -5.803454 -23.109243 15.818809 -5.053082 6.315557 8.297250 -3.144411 -4.179240 -17.062946 5.860749 -26.756395 -9.764438 1.142894 10.782811 -0.850128 13.573458 -7.440260 -4.843179 0.790931 9.416600 -9.504181 7.587708 -12.409114 2.999211 -6.294613 15.237708 2.922821 -0.111949
8.847998 -16.736937 -6.204439 -22.817209 15.924625 -4.821795 6.386205 8.390416 -3.644477 -4.107685 -17.095737 5.849458 -26.775703 -9.746204 1.144242 10.722694 -0.846753 13.609338 -7.453865 -4.915223 0.826785 9.411901 -9.444527 7.458023 -12.493408 2.986104 -6.552696 15.138528 2.867054 -0.109984
8.602083 -16.608978 -6.397567 -22.531105 15.864825 -4.524299 6.464345 8.483713 -4.129672 -4.180079 -17.073708 5.852426 -26.795532 -9.759013 1.106237 10.766099 -0.912644 13.688851 -7.448462 -4.825416 0.878169 9.389841 -9.228861 7.170417 -12.764611 2.956969 -7.338509 14.718828 2.654793 -0.326127
8.357329 -16.539301 -6.169537 -22.204926 15.847330 -4.406536 6.633116 8.588479 -4.368976 -4.155376 -17.097801 5.847986 -26.746593 -9.785084 1.112651 10.763985 -0.929459 13.678368 -7.456453 -4.824338 0.904714 9.374244 -9.192570 7.043539 -12.837396 2.926692 -7.525970 14.656959 2.628153 -0.345579
8.163226 -16.558138 -6.111096 -22.010544 15.825273 -4.306122 6.710893 8.713240 -4.526876 -4.171731 -17.106415 5.848883 -26.725647 -9.795986 1.108937 10.775720 -0.941214 13.683255 -7.457102 -4.800964 0.916211 9.360234 -9.193579 6.971223 -12.912254 2.889796 -7.701997 14.558796 2.585174 -0.412171
8.063975 -16.508612 -6.043233 -21.859900 15.834434 -4.275952 6.767667 8.757572 -4.626660 -4.144115 -17.106735 5.849522 -26.714592 -9.798711 1.107490 10.786069 -0.946121 13.680001 -7.456079 -4.787218 0.916503 9.365590 -9.153633 6.935112 -12.932933 2.894717 -7.764166 14.536782 2.567733 -0.396196
8.103788 -16.564478 -6.148391 -21.941984 15.789430 -4.231081 6.733522 8.822657 -4.630839 -4.233630 -17.103979 5.844530 -26.718361 -9.797426 1.109052 10.779094 -0.942941 13.684448 -7.457845 -4.796113 0.918631 9.368422 -9.178644 6.960325 -12.925611 2.882202 -7.731892 14.543747 2.571530 -0.415918
8.214489 -16.598475 -6.207170 -22.010702 15.741185 -4.194769 6.663944 8.900066 -4.590423 -4.309944 -17.103336 5.843575 -26.724144 -9.792991 1.109651 10.772030 -0.939648 13.682895 -7.456614 -4.808539 0.925785 9.360506 -9.188291 6.963710 -12.920855 2.878667 -7.735742 14.536857 2.575839 -0.442391
8.434097 -16.746246 -6.596362 -22.308783 15.718820 -4.112686 6.480500 8.988065 -4.508294 -4.477505 -17.091797 5.839393 -26.737476 -9.782567 1.100788 10.785128 -0.956529 13.698982 -7.460943 -4.803073 0.915783 9.341965 -9.200142 6.951986 -12.950035 2.874656 -7.823676 14.468965 2.547520 -0.510404
8.663372 -16.921526 -7.099786 -22.704424 15.731833 -4.115652 6.296646 8.971044 -4.374066 -4.621935 -17.081596 5.845945 -26.750113 -9.768551 1.104522 10.793879 -0.935452 13.679299 -7.449666 -4.795291 0.932401 9.326202 -9.330514 7.070175 -12.910939 2.820384 -7.733630 14.451714 2.562737 -0.686983
8.690681 -17.059492 -7.290971 -22.854036 15.733176 -4.022752 6.222037 9.153674 -4.360241 -4.764314 -17.064331 5.851779 -26.736458 -9.775424 1.108141 10.832541 -0.930712 13.635979 -7.438919 -4.770411 0.882740 9.308911 -9.476801 7.246108 -12.864315 2.805655 -7.530491 14.471393 2.595286 -0.814940
8.368835 -17.184950 -6.740134 -22.773249 15.408164 -3.823545 6.316482 9.786917 -4.291197 -5.041054 -17.040539 5.868411 -26.742889 -9.784732 1.100502 10.886364 -0.943310 13.617451 -7.434481 -4.714758 0.877019 9.312613 -9.490191 7.319646 -12.915223 2.776455 -7.533576 14.407474 2.585254 -0.991091
8.375630 -17.096529 -5.911100 -22.696377 15.242364 -3.713284 6.237107 10.437103 -3.961778 -5.192971 -17.018501 5.878786 -26.783426 -9.776750 1.094432 10.905874 -0.942025 13.622878 -7.427036 -4.695027 0.861334 9.322914 -9.646894 7.580236 -12.988931 2.661499 -7.438175 14.268595 2.553635 -1.407480
8.073645 -17.214075 -5.417206 -22.941668 15.019229 -3.433927 6.234670 10.955254 -3.799110 -5.628875 -16.952564 5.891562 -26.804844 -9.796014 1.054691 11.033858 -1.023864 13.631135 -7.421074 -4.581908 0.831653 9.358674 -9.667402 7.792755 -13.065141 2.621498 -7.418813 14.125319 2.491337 -1.723932
7.544881 -17.307451 -4.867531 -23.064253 14.608040 -3.201765 6.303263 11.573191 -3.635124 -6.132557 -16.876513 5.882831 -26.922966 -9.804928 0.987207 11.107731 -1.126225 13.719337 -7.405677 -4.558064 0.800192 9.369792 -9.738399 7.992398 -13.153398 2.586086 -7.432022 13.967352 2.445201 -2.052344
6.848283 -17.224857 -3.614885 -22.512888 14.148322 -2.916129 6.716851 12.235663 -3.563411 -6.267545 -16.799206 5.877835 -27.043219 -9.833102 0.926432 11.217047 -1.242889 13.754781 -7.380307 -4.575233 0.747437 9.293028 -9.854802 8.252137 -13.196158 2.660247 -7.442258 13.778081 2.426213 -2.362644
6.861887 -17.182583 -2.335124 -22.663864 13.658186 -2.876565 6.792434 12.659485 -2.751980 -6.460939 -16.675632 5.865464 -27.280001 -9.918928 0.802110 11.395103 -1.469998 13.931655 -7.333839 -4.507503 0.835959 9.223642 -9.877390 8.301240 -13.247535 2.674576 -7.681232 13.589626 2.414625 -2.630237
6.762444 -17.180105 -1.089612 -22.689075 13.517125 -2.493449 6.719425 13.358128 -2.261199 -6.632262 -16.438179 5.786919 -27.669712 -10.029137 0.652210 11.674945 -1.739788 14.109384 -7.223011 -4.581047 0.797270 9.012547 -10.145857 8.577397 -13.199022 2.790910 -7.716117 13.401583 2.450869 -2.913269
6.438870 -17.207548 -0.867502 -22.359465 13.208713 -2.115373 7.007780 13.760291 -2.778261 -6.983840 -16.240351 5.704507 -28.153143 -10.097717 0.508405 11.832349 -1.960362 14.299907 -7.108596 -4.826967 0.873325 8.832637 -10.229181 8.593855 -13.115889 2.860761 -8.135988 13.173946 2.404089 -3.136859
6.027878 -17.439138 -0.583876 -21.131247 12.867769 -1.710882 7.205250 14.428799 -3.315354 -7.103094 -15.991306 5.623372 -28.733053 -10.195730 0.265244 12.081863 -2.300742 14.523866 -6.986840 -5.087314 0.942948 8.373427 -10.569969 8.721951 -12.779370 3.266195 -8.458098 12.969033 2.583938 -3.280736
6.375072 2.232076 9.460249 -22.795763 5.762085 -4.455516 18.959976 9.745808 -13.604724 -13.960817 -11.060160 2.164645 -25.731148 -14.502151 -4.761743 3.833849 2.270039 10.380162 -19.611753 -6.736540 3.059891 4.862422 -13.644346 14.070438 -8.378760 4.810982 -10.679810 9.950837 0.283670 -0.384699
6.037299 1.965940 9.629205 -22.223600 5.581602 -3.865831 18.901026 10.593204 -13.816291 -14.121581 -10.420179 2.028688 -25.868923 -15.024122 -5.053853 4.485476 1.795490 9.675399 -19.810261 -7.319301 3.464212 4.539994 -13.665836 13.981014 -8.077262 5.110828 -11.207544 9.806762 0.508456 -0.756227
6.185288 1.998877 9.827921 -21.348177 5.650412 -3.693752 18.832890 11.460747 -14.115080 -14.113239 -9.786734 1.916912 -25.914412 -15.382354 -5.216532 5.042449 1.506756 9.171536 -19.834520 -7.570667 3.872587 4.237298 -13.593912 13.844079 -7.752429 5.410050 -11.868525 9.639709 0.676404 -1.141556
6.304990 2.044792 9.839543 -20.611719 5.762945 -3.645572 18.829872 11.878112 -14.519130 -14.117493 -9.125685 1.758794 -25.915020 -15.635835 -5.280169 5.536922 1.364075 8.711553 -19.789549 -7.805779 4.286666 3.964029 -13.531431 13.783817 -7.386410 5.665052 -12.520412 9.498262 0.811157 -1.606840
6.834509 2.331671 9.589480 -19.891706 6.011768 -3.837906 18.765823 12.340581 -14.957005 -14.005102 -8.485292 1.549340 -25.748575 -15.849457 -5.324207 6.013319 1.216825 8.173900 -19.796572 -8.086524 4.680355 3.864486 -13.273876 13.487521 -7.120908 5.778287 -13.240354 9.403535 0.820627 -1.821339
7.238958 -3.513924 9.040892 -14.620064 7.750832 -7.588239 15.178187 15.064549 -13.142632 -12.429197 -8.477716 1.289772 -24.225269 -10.872329 -0.760983 9.021423 1.219616 7.951910 -18.667124 -12.111376 6.567330 5.345352 -14.546532 12.194807 -5.702712 3.996036 -13.391728 10.107931 1.408082 -2.217017
7.785062 -4.689511 8.058740 -13.377447 8.417100 -8.702396 14.603311 15.765932 -12.957385 -11.925551 -7.977292 0.389426 -23.384212 -10.509877 0.301828 9.533840 1.639068 7.542015 -18.582289 -12.762853 7.312523 5.354171 -14.486567 11.663371 -5.388033 3.293335 -13.836206 10.422408 1.513569 -2.270375
7.755198 -4.458243 7.705937 -12.720476 9.220370 -8.406584 14.264220 16.090134 -13.579339 -11.738583 -7.843313 0.138734 -22.770309 -10.733569 0.470538 9.536658 1.852153 7.114916 -18.872766 -13.354634 7.809350 5.798039 -14.069309 11.409916 -5.265532 3.081167 -14.928321 10.018612 1.007371 -2.528071
7.389727 -3.793739 7.366259 -12.334579 9.734069 -8.721577 14.391492 16.185921 -14.181684 -11.525389 -7.993719 -0.276184 -21.964725 -10.720428 0.940414 8.999999 2.373624 6.790452 -19.463531 -13.925188 8.137592 6.192257 -13.378074 10.937943 -5.407227 2.689269 -15.817452 9.947934 0.532697 -2.737813
6.761137 -3.400536 6.798090 -11.853559 10.284562 -9.004908 14.406185 15.985138 -14.762763 -11.220001 -8.321806 -0.517069 -21.269676 -10.566154 1.428321 8.349171 2.888681 6.603151 -20.094625 -14.286638 8.372435 6.603463 -12.818098 10.513505 -5.570847 2.367023 -16.345356 9.975977 0.198493 -2.795809
5.978073 -3.257672 6.158556 -11.388758 10.814355 -9.281437 14.420348 15.634498 -15.183627 -10.767786 -8.907655 -0.678842 -20.467266 -10.240045 1.980303 7.579415 3.637396 6.560818 -20.701101 -14.313726 8.548732 7.059296 -12.271523 10.119336 -5.742504 2.019865 -16.717669 10.034153 -0.140961 -2.701300
5.061552 -3.352724 5.576028 -11.180704 11.018828 -9.422318 14.548732 15.038753 -15.487687 -10.486664 -9.478218 -0.719970 -19.690079 -9.980945 2.418083 7.075796 4.350874 6.258588 -21.150459 -14.291474 8.593902 7.445008 -11.918926 9.819529 -5.926916 1.667407 -16.916224 10.043312 -0.477023 -2.509099
4.345062 -3.578017 5.269975 -11.083119 11.152476 -9.523686 14.783895 14.404755 -15.782539 -10.359625 -10.056552 -0.639136 -19.239487 -9.709962 2.724389 6.700537 4.907625 6.207801 -21.332537 -14.039876 8.674734 7.913510 -11.412674 9.371821 -6.177334 1.237523 -17.175587 10.072554 -0.857229 -2.132436
3.326803 -4.034783 4.998658 -10.950047 11.144296 -9.634703 15.177177 13.608545 -16.180777 -10.381324 -10.639634 -0.513882 -18.617771 -9.351720 3.008158 6.562397 5.469873 5.983684 -21.338846 -13.613083 8.748199 8.275243 -11.017824 8.994282 -6.403810 0.922675 -17.386574 10.055252 -1.140518 -1.792204
2.227506 -4.551718 4.790942 -10.922400 10.918559 -9.674874 15.610664 12.629377 -16.456707 -10.465672 -11.246531 -0.470622 -17.794960 -9.026025 3.323259 6.631850 6.121902 5.583955 -21.381311 -13.154181 8.702675 8.530195 -10.757136 8.773559 -6.610369 0.695448 -17.435827 10.030741 -1.335658 -1.472077
1.021497 -5.144907 4.708766 -10.694991 10.585015 -9.800802 16.113302 11.730333 -16.749702 -10.623780 -11.762420 -0.439846 -17.001793 -8.706397 3.735125 6.710058 6.756097 5.199530 -21.461756 -12.759052 8.727190 8.736204 -10.458630 8.385725 -6.834461 0.569646 -17.579437 10.015917 -1.459848 -0.994974
-0.058219 -5.833659 4.772325 -10.576960 10.208699 -9.852606 16.662685 10.779148 -16.912960 -10.758115 -12.278337 -0.345548 -16.268921 -8.355273 4.103860 6.766269 7.345637 4.841249 -21.448610 -12.293688 8.630606 8.899652 -10.271511 8.149147 -7.066888 0.491179 -17.551710 9.971617 -1.540251 -0.456210
-0.824882 -6.134789 4.634652 -10.414532 10.140419 -9.919948 17.004583 10.003960 -17.162703 -10.717251 -12.656816 -0.264987 -15.762843 -8.092839 4.393370 6.746664 7.770602 4.662361 -21.389143 -11.914480 8.732584 9.021447 -9.897078 7.703605 -7.250507 0.523223 -17.724007 9.952621 -1.513815 0.224715
-1.552277 -6.197714 4.283034 -10.282387 10.216172 -9.922028 17.185619 9.362967 -17.507904 -10.632029 -12.959972 -0.130994 -15.311177 -7.924886 4.606697 6.803096 8.146520 4.436711 -21.347689 -11.462782 8.845341 9.158137 -9.467960 7.245189 -7.460612 0.558442 -17.896017 9.946630 -1.471632 0.934618
-2.198682 -6.189019 3.775042 -10.186640 10.364319 -9.945166 17.315197 8.675882 -17.869617 -10.457385 -13.208945 -0.022917 -14.728728 -7.824238 4.862590 6.821789 8.586012 4.037458 -21.425591 -11.072012 8.993059 9.324131 -9.027281 6.863976 -7.659608 0.599775 -18.012993 9.945194 -1.417603 1.636083
-2.702240 -6.099270 3.199055 -10.138083 10.628869 -9.989841 17.410532 8.092243 -18.256369 -10.242950 -13.316010 0.047630 -14.188416 -7.786839 5.106009 6.861953 8.989268 3.592342 -21.492996 -10.740449 9.118634 9.430238 -8.721207 6.571921 -7.804706 0.654692 -18.122173 9.939692 -1.363407 2.138919
-3.128126 -6.018444 2.655172 -10.068192 10.901775 -10.040866 17.493641 7.606314 -18.620710 -10.024208 -13.381969 0.051775 -13.470668 -7.791241 5.413727 6.921927 9.487570 2.935218 -21.700413 -10.532673 9.217896 9.541880 -8.431126 6.310318 -7.951377 0.689383 -18.244619 9.921933 -1.352859 2.619553
-3.478677 -5.976909 2.131692 -9.946968 11.166106 -10.077526 17.558199 7.214266 -18.973194 -9.829270 -13.403187 0.030247 -12.855130 -7.814277 5.679659 6.944944 9.908658 2.352253 -21.905714 -10.418388 9.310266 9.649896 -8.180357 6.114377 -8.075973 0.717432 -18.329914 9.908789 -1.347593 3.031644
-3.692960 -5.929246 1.750910 -9.871099 11.350287 -10.121939 17.585236 6.960621 -19.208158 -9.690371 -13.448339 0.041860 -12.408618 -7.814042 5.895849 6.917234 10.265006 1.953916 -22.012518 -10.274943 9.372074 9.720325 -8.010973 5.981180 -8.144547 0.744856 -18.379364 9.903181 -1.330213 3.304792
-3.830207 -5.892154 1.522197 -9.804025 11.466582 -10.129124 17.589165 6.854628 -19.368464 -9.618723 -13.453252 0.039028 -12.197461 -7.818240 5.976717 6.933891 10.403268 1.761978 -22.054415 -10.217269 9.367984 9.747666 -7.984533 5.984989 -8.175372 0.738703 -18.352898 9.898894 -1.339392 3.388940
-3.928980 -5.882448 1.403251 -9.758425 11.534465 -10.127375 17.604401 6.807495 -19.479881 -9.592309 -13.450932 0.033306 -12.078238 -7.829089 6.024111 6.954402 10.477738 1.646407 -22.098688 -10.195890 9.392977 9.756551 -7.937946 5.932906 -8.186255 0.751807 -18.393749 9.894739 -1.334471 3.448377
