11.163736 -13.516516 8.647851 -12.860806 5.193228 -2.114217 14.203266 20.099087 -3.311170 -23.860239 -6.355839 2.810133 -31.794374 -12.027201 -5.473980 11.424945 -5.758906 11.171792 -16.397169 -14.215248 0.307952 0.419327 -18.428854 12.632771 -8.621003 12.210965 -4.325469 12.148331 9.709250 -7.660296
11.015627 -13.328144 8.688996 -12.523502 5.888532 -1.917962 13.554532 20.104197 -3.176749 -23.530008 -6.372469 2.484844 -31.776377 -11.905746 -5.245600 11.332352 -5.563853 11.326509 -16.281216 -14.640075 0.183433 0.495949 -18.460325 12.735660 -8.704778 12.087581 -4.447943 11.931288 9.473321 -7.785503
10.873454 -13.479309 9.430051 -11.597905 6.847950 -1.791681 12.511248 20.296169 -2.582263 -23.081097 -6.494342 2.245517 -31.865667 -11.515784 -4.875792 11.281185 -4.962070 11.146102 -15.966725 -15.290411 -0.011355 0.621430 -18.532190 12.836185 -8.994137 11.759475 -4.818431 11.429628 8.989724 -8.027495
10.677025 -12.984023 11.462735 -10.205382 7.524920 -2.254924 11.938780 20.695929 -2.187353 -22.794233 -6.625633 2.027781 -32.324722 -11.045658 -4.120722 10.420664 -3.624533 11.157074 -15.607112 -16.094618 -0.179581 0.796965 -18.604811 13.026851 -9.339027 11.444112 -5.334463 10.710899 8.394195 -8.302584
9.328465 -11.608631 14.001196 -9.530344 8.344380 -3.255940 11.832259 20.885670 -1.381049 -22.155798 -6.518549 1.843149 -32.737087 -10.709922 -3.592196 9.529221 -2.583574 11.059051 -15.592457 -17.019039 -0.348657 0.965297 -18.726013 13.336371 -9.922087 11.111016 -5.839613 10.009204 7.911316 -8.898531
8.723355 -10.220175 16.021488 -8.910644 9.550252 -4.516965 11.848646 21.223057 -0.638766 -21.276731 -6.307215 1.885512 -33.169384 -10.794654 -3.606797 9.235321 -2.407360 10.890306 -15.603179 -17.459785 -0.314313 1.188336 -18.638779 13.599563 -10.350451 10.871701 -6.040469 9.643873 7.666422 -9.221361
6.903368 -9.622535 18.474066 -7.988385 9.770400 -5.436656 13.052492 20.256332 -0.116348 -20.467392 -6.224366 3.749904 -34.084129 -13.192950 -4.020735 7.019402 -3.077166 10.511685 -16.187120 -16.261192 0.152022 1.379962 -18.400190 14.126845 -10.642114 10.854295 -5.252186 9.649632 8.257718 -10.095074
5.605870 -8.847313 20.069416 -7.547647 9.993700 -6.225666 13.647238 20.046242 0.188979 -19.899134 -6.137086 4.765081 -34.163521 -14.307775 -4.804600 6.588976 -4.313715 10.088643 -16.639748 -15.558460 0.422648 1.333733 -18.470957 14.604546 -10.444702 10.998084 -4.895171 9.588659 8.524592 -10.501356
4.398929 -8.726090 20.468498 -7.164389 9.907611 -6.023802 14.312118 19.725883 0.024349 -19.281826 -6.276963 4.934007 -33.853165 -14.401920 -5.047065 6.795715 -4.841381 10.015189 -16.768812 -15.388119 0.485751 1.136660 -18.705425 14.597726 -10.343152 11.098886 -4.690050 9.568357 8.775395 -10.451134
3.827793 -8.967183 20.452316 -7.188238 9.800434 -5.501936 14.685298 19.511459 -0.051110 -19.085732 -6.247221 4.974465 -33.814461 -14.416064 -5.215815 6.874847 -5.055059 10.088244 -16.852404 -15.263841 0.585184 0.994386 -18.826935 14.400987 -10.288457 11.084355 -4.736465 9.616949 8.932429 -10.399291
3.990017 -9.029665 20.411053 -7.336152 9.792417 -5.367304 14.572493 19.421680 0.022499 -19.146414 -6.309208 5.034659 -33.820419 -14.440656 -5.158744 6.793187 -4.965626 10.102235 -16.819105 -15.130392 0.657156 1.048120 -18.795994 14.451003 -10.354890 11.018533 -4.609149 9.631750 8.983119 -10.461998
5.349617 -8.847360 19.925251 -8.999715 10.599946 -5.104674 12.937467 19.300472 1.067051 -19.356546 -6.826351 6.078151 -34.777527 -14.375240 -5.279007 6.846380 -4.831185 10.037582 -15.822822 -14.253448 0.378411 1.644533 -18.566124 15.050906 -10.644772 10.555657 -3.854010 9.775293 8.564809 -10.468727
7.154639 -10.058989 16.920818 -10.764100 11.440899 -3.005658 10.784390 18.868690 1.747376 -19.288042 -7.769970 7.655537 -35.983360 -13.804126 -5.380937 7.250151 -4.422004 9.775968 -14.119111 -12.799326 -0.090377 2.136089 -18.922842 15.452754 -11.028672 9.598084 -3.118991 9.800051 7.871828 -10.097051
9.218867 -13.299364 11.758104 -12.701235 12.020571 -0.360787 8.198893 19.264271 2.380507 -18.454750 -9.520539 8.566583 -35.788864 -12.339025 -5.217437 9.021628 -4.337394 9.739208 -12.111396 -11.262592 -0.601685 2.704797 -19.395395 15.556474 -11.195994 8.714865 -2.238016 9.885209 7.064643 -8.060844
12.082420 -16.206408 8.170115 -13.729913 12.232536 0.635303 7.886746 18.347527 3.471394 -16.846138 -11.389759 9.111230 -34.634983 -11.685498 -4.909184 10.379628 -4.941112 10.428291 -10.418005 -9.202774 -0.771456 3.152395 -19.291395 14.827476 -10.709888 8.370799 -1.470164 10.801354 6.823220 -4.739644
12.173931 -18.832359 6.597235 -13.865838 11.724569 0.381343 9.449027 16.753819 3.439286 -16.121964 -13.158105 8.850904 -33.257660 -11.467622 -3.693200 11.046649 -4.845225 11.936064 -8.603259 -7.157855 -0.958447 3.473075 -18.777784 13.808368 -10.678426 8.127891 -0.745856 12.112541 6.938217 -1.858926
11.459806 -17.579657 6.733386 -14.366215 12.781766 -0.546740 9.465221 13.781715 3.446255 -14.845275 -14.992947 8.047249 -31.604897 -10.895283 -1.875222 11.517897 -3.487597 12.749489 -7.069936 -5.831691 -1.507959 3.831071 -18.396841 13.033584 -10.653275 7.370981 -0.190360 13.420246 6.497184 0.288011
10.012297 -16.698977 6.692614 -14.432089 14.079251 -0.593425 9.681822 11.617935 3.717940 -13.173509 -15.940317 6.817648 -29.781288 -10.434850 -0.743503 11.640661 -3.053829 13.664697 -6.987276 -5.549416 -1.187694 4.266492 -17.410622 12.150725 -10.821982 6.872900 -0.915935 13.850314 6.084363 1.069160
8.524191 -15.843909 6.513199 -15.186135 14.971089 -0.508947 9.665564 10.719471 3.713108 -12.428196 -16.432415 5.770044 -28.505714 -10.098791 0.319569 11.401522 -2.065747 14.041005 -7.061077 -5.698538 -1.023705 4.665562 -16.579435 11.405871 -10.975934 6.590922 -1.114983 14.388839 6.045159 1.768941
7.779988 -16.098484 5.928737 -15.668419 15.232360 -0.416123 9.588063 10.336922 3.667483 -12.299925 -16.525709 5.594916 -28.061920 -10.104789 0.755427 11.162658 -1.523377 14.126124 -7.185515 -5.381183 -0.765785 4.785645 -16.113588 10.978267 -10.962893 6.569159 -1.319109 14.632957 6.159136 1.992697
7.822595 -16.066645 5.665528 -15.748442 15.307291 -0.496020 9.539963 10.280443 3.587116 -12.299510 -16.520660 5.628801 -28.068539 -10.078032 0.763104 11.187445 -1.506767 14.153764 -7.190109 -5.270479 -0.751274 4.794863 -16.072052 10.932702 -10.951667 6.575400 -1.297578 14.694324 6.185966 2.065875
7.755103 -16.126116 5.093127 -15.945719 15.373625 -0.537377 9.548696 10.102547 3.302436 -12.447915 -16.538332 5.639812 -28.001682 -10.080434 0.799293 11.170924 -1.446342 14.101155 -7.200744 -5.235956 -0.739390 4.837538 -16.007986 10.878926 -10.959813 6.551259 -1.307997 14.715372 6.169592 2.124922
7.933099 -16.290754 3.963745 -16.378345 15.483298 -1.101864 9.436185 9.425745 3.249368 -12.520756 -16.565845 5.698271 -27.822109 -10.073583 0.846921 11.239016 -1.365962 13.941036 -7.209678 -5.103730 -0.752594 4.880356 -15.957016 10.820409 -11.008925 6.520330 -1.350211 14.680695 6.128821 2.139096
8.835360 -16.674114 1.358556 -18.037142 15.893260 -1.405128 8.768908 8.078691 3.484818 -12.512619 -16.631882 5.730519 -27.594267 -10.053975 0.930528 11.195475 -1.243535 13.815896 -7.257368 -5.031967 -0.769012 4.948050 -15.879873 10.788203 -11.069297 6.486630 -1.377904 14.634089 6.077610 2.131777
10.969555 -16.365145 -1.347157 -20.360468 17.001480 -2.343810 7.986639 7.008653 4.170501 -11.665845 -16.715979 5.797442 -27.404482 -10.018207 0.926888 11.165253 -1.228836 13.717744 -7.294785 -4.966725 -0.820559 5.014966 -15.889896 10.804488 -11.134110 6.432875 -1.338492 14.572193 6.024984 2.089220
12.138743 -16.524746 -3.390470 -21.184484 17.637535 -2.782505 7.861796 6.452258 3.919771 -11.248267 -16.836016 5.823863 -27.107298 -9.946029 1.047267 11.012409 -1.045855 13.598475 -7.371790 -4.920691 -0.865806 5.102983 -15.841970 10.797091 -11.209090 6.377270 -1.337265 14.523429 5.965143 2.031461
11.730919 -17.517330 -5.331308 -20.263622 17.894978 -2.482254 7.962257 5.945798 2.797196 -11.025255 -16.954811 5.870733 -26.859730 -9.813877 1.117909 10.936290 -0.903986 13.519261 -7.420167 -4.816133 -0.938402 5.180674 -15.836975 10.813612 -11.272071 6.336972 -1.259065 14.495228 5.927666 2.003501
10.694571 -18.002230 -7.079687 -19.541746 17.926151 -1.672356 8.449185 5.857271 1.035053 -11.156424 -17.061621 5.862095 -26.761406 -9.761970 1.137669 10.786411 -0.855988 13.577877 -7.438777 -4.842207 -1.025285 5.240020 -15.842275 10.788831 -11.310639 6.314229 -1.100320 14.551331 5.943468 2.075292
10.201914 -17.874449 -7.674193 -18.959999 17.971416 -1.144377 8.600279 6.044182 0.049211 -11.155096 -17.072813 5.853587 -26.800398 -9.756581 1.101400 10.768126 -0.918150 13.693101 -7.447654 -4.826455 -1.083459 5.282188 -15.814914 10.710325 -11.340886 6.301768 -1.009606 14.612398 5.956746 2.188460
9.763056 -17.823608 -7.387722 -18.439436 17.931864 -0.926199 8.846827 6.273709 -0.347992 -11.146749 -17.105721 5.849995 -26.728355 -9.794086 1.104621 10.778797 -0.946729 13.685843 -7.456920 -4.800888 -1.097131 5.281214 -15.824950 10.674394 -11.334889 6.303318 -0.954641 14.662140 5.982790 2.263238
9.703619 -17.829950 -7.425016 -18.370876 17.896021 -0.851158 8.869455 6.383125 -0.451955 -11.208647 -17.102119 5.845784 -26.723743 -9.795419 1.103865 10.782679 -0.949422 13.688750 -7.457436 -4.795797 -1.097740 5.282999 -15.825593 10.680839 -11.335887 6.302651 -0.953037 14.659320 5.980717 2.254188
10.033928 -18.011717 -7.872986 -18.737677 17.825411 -0.732762 8.616434 6.548534 -0.329410 -11.452522 -17.090532 5.840779 -26.741785 -9.780225 1.095469 10.788069 -0.963195 13.703784 -7.460639 -4.801891 -1.086089 5.282537 -15.812954 10.669766 -11.332540 6.301446 -0.976527 14.653685 5.977054 2.251268
10.290511 -18.324963 -8.567595 -19.282928 17.839767 -0.642829 8.357969 6.714144 -0.181359 -11.739329 -17.062817 5.853271 -26.741093 -9.773385 1.102894 10.836031 -0.937214 13.640203 -7.438490 -4.769231 -1.059213 5.273702 -15.789570 10.640738 -11.292346 6.331424 -0.932939 14.715747 6.020877 2.368281
9.976552 -18.366474 -7.196640 -19.130392 17.342133 -0.336381 8.376373 8.002567 0.212506 -12.175745 -17.017817 5.880703 -26.785614 -9.774750 1.090121 10.910503 -0.947195 13.624805 -7.426195 -4.692244 -1.015400 5.248157 -15.786554 10.670403 -11.270215 6.345066 -0.996075 14.691145 6.019306 2.325666
9.145883 -18.577475 -6.153083 -19.498293 16.707800 0.175215 8.442467 9.138523 0.539179 -13.115322 -16.875479 5.884783 -26.926662 -9.802317 0.981671 11.112406 -1.133068 13.723421 -7.404876 -4.554990 -0.942340 5.170417 -15.803257 10.704959 -11.174441 6.405339 -1.009110 14.744642 6.074214 2.375936
8.458145 -18.445757 -3.604937 -19.095728 15.765952 0.508814 8.927361 10.222374 1.430186 -13.439439 -16.674736 5.867202 -27.284134 -9.917426 0.797116 11.398579 -1.476572 13.935946 -7.333076 -4.505288 -0.895264 5.007399 -15.941933 10.885961 -11.074013 6.505347 -1.047194 14.725540 6.124264 2.258087
8.029459 -18.465117 -2.132206 -18.791479 15.322051 1.298280 9.141264 11.323273 1.403521 -13.965831 -16.239914 5.706452 -28.154919 -10.095469 0.502758 11.838413 -1.968344 14.301335 -7.108495 -4.826398 -0.952756 4.711106 -16.332596 11.331429 -10.923909 6.660742 -1.053782 14.595669 6.166835 1.833712
10.039030 -1.631466 6.652780 -17.794199 5.637950 -5.010000 19.796188 7.463439 -11.190527 -21.598047 -11.055052 2.162182 -25.730843 -14.501623 -4.761112 3.827174 2.275678 10.383176 -19.621832 -6.735910 -0.937856 2.828084 -10.386227 11.464574 -13.286840 11.894053 -4.297220 12.826082 8.759452 -7.241289
9.870891 -1.870529 6.999794 -16.351748 5.534894 -4.240790 19.652527 9.186014 -11.700032 -21.749823 -9.782122 1.914250 -25.913271 -15.382146 -5.215464 5.035860 1.512717 9.173446 -19.845161 -7.570990 -0.377039 2.129232 -10.390217 11.299556 -12.507580 12.646956 -5.683110 12.419281 8.946517 -7.831544
10.521123 -1.536757 6.762551 -14.894793 5.895672 -4.383751 19.585342 10.067210 -12.542871 -21.642782 -8.480597 1.546808 -25.747614 -15.849351 -5.323240 6.006834 1.222539 8.175888 -19.807020 -8.086941 0.269974 1.703129 -10.071564 10.814230 -11.890440 13.220504 -7.207116 12.117189 9.020258 -8.357573
9.169949 -5.920951 6.949552 -10.007069 10.455308 -5.237011 16.692207 13.388197 -8.740950 -18.861837 -7.973966 0.381929 -23.383556 -10.498590 0.301516 9.538279 1.639944 7.548116 -18.586149 -12.770021 2.573918 3.982521 -10.204711 8.485663 -10.231964 11.692473 -9.890882 12.076666 7.986557 -7.289053
8.959507 -5.055745 6.133798 -8.762277 11.827929 -5.276603 16.525784 13.754463 -9.999359 -18.536385 -7.989266 -0.280042 -21.966108 -10.716728 0.939741 9.000520 2.374678 6.793417 -19.466650 -13.927057 3.420594 4.452102 -9.079485 7.509153 -10.400790 11.735454 -11.181691 12.048401 7.937258 -7.822460
7.572183 -4.540309 4.908566 -7.796491 12.901628 -5.851665 16.525379 13.206501 -11.020783 -17.798883 -8.903272 -0.681957 -20.469864 -10.235519 1.978949 7.580286 3.638103 6.564294 -20.703751 -14.315527 3.785734 5.035874 -7.880362 6.492587 -10.816163 11.551175 -11.861671 12.381499 7.823609 -7.839394
5.902152 -4.847560 4.060128 -7.481709 13.233915 -6.101655 16.908916 11.959431 -11.615862 -17.386391 -10.052790 -0.642787 -19.241486 -9.704953 2.723128 6.702579 4.907534 6.211921 -21.334352 -14.041466 3.825706 5.706357 -6.757963 5.439196 -11.389447 11.241269 -12.225961 12.730059 7.616656 -7.235013
3.804269 -5.845528 3.538847 -7.324437 12.974534 -6.334314 17.777596 10.185007 -12.293781 -17.465508 -11.242449 -0.474434 -17.796669 -9.021371 3.321923 6.633904 6.121761 5.587756 -21.383532 -13.155554 3.627072 6.150563 -6.024687 4.533837 -12.001367 10.996610 -12.414798 12.928766 7.464419 -6.525230
1.490759 -7.106293 3.530503 -6.999648 12.276894 -6.491044 18.846672 8.332098 -12.741382 -17.738974 -12.274258 -0.349354 -16.270655 -8.350598 4.102498 6.768333 7.345466 4.845066 -21.450804 -12.295067 3.434632 6.476454 -5.601322 3.842061 -12.540694 10.688430 -12.431088 13.000643 7.349809 -5.715591
-0.003299 -7.470349 3.041212 -6.705076 12.284369 -6.560464 19.369606 6.915917 -13.336329 -17.612890 -12.955986 -0.134199 -15.312992 -7.921399 4.604865 6.804325 8.146117 4.439709 -21.350658 -11.464635 3.463471 6.808158 -4.823847 2.806361 -13.110955 10.648443 -12.745540 13.038939 7.391845 -4.526567
-1.136231 -7.385747 1.943434 -6.560773 12.687692 -6.649487 19.593525 5.649957 -14.089436 -17.223104 -13.312016 0.044408 -14.190217 -7.783347 5.104171 6.863188 8.988860 3.595332 -21.495983 -10.742311 3.617260 7.163390 -4.147878 2.097133 -13.598242 10.627301 -12.926647 13.029729 7.427325 -3.484943
-1.912836 -7.263405 0.876082 -6.369713 13.224928 -6.737181 19.741343 4.771958 -14.806192 -16.809406 -13.399188 0.027037 -12.856938 -7.810800 5.677831 6.946168 9.908264 2.355233 -21.908697 -10.420256 3.816381 7.457518 -3.621722 1.599023 -13.927708 10.568042 -13.082723 13.047433 7.441302 -2.701612
-2.254488 -7.182209 0.270560 -6.216397 13.527895 -6.785918 19.761227 4.410590 -15.198241 -16.612314 -13.449244 0.035796 -12.199237 -7.814775 5.974902 6.935133 10.402997 1.764931 -22.057501 -10.219236 3.905768 7.600486 -3.428523 1.442016 -14.049514 10.520580 -13.070307 13.066076 7.453230 -2.373940
