7.490363 -5.900334 5.529712 -13.303774 12.439437 -7.719050 17.054167 3.406397 -6.467939 -15.974949 -18.672344 8.067920 -20.776697 -19.608807 8.315925 6.480373 3.108106 4.699048 -5.940648 -3.014570 2.435341 -7.104202 -3.392566 7.944377 -18.868767 5.719567 -2.876146 19.047523 5.539237 1.777497
7.528559 -5.870085 5.639004 -13.397950 12.413314 -7.745308 17.014858 3.422938 -6.354932 -16.024345 -18.640339 8.125228 -20.955143 -19.606390 8.236072 6.534082 2.970498 4.873612 -5.862657 -2.905334 2.399281 -7.135880 -3.471297 7.961711 -18.839073 5.730615 -2.743309 19.108191 5.585069 1.852501
7.583320 -5.836328 5.839454 -13.557686 12.380328 -7.763224 16.933800 3.510677 -6.143831 -16.079868 -18.598986 8.186128 -21.204679 -19.610882 8.108602 6.583530 2.759934 5.102870 -5.756873 -2.822026 2.375722 -7.172206 -3.540488 7.981613 -18.822702 5.749729 -2.620736 19.166393 5.640218 1.903911
7.622004 -5.863322 6.114495 -13.800256 12.338769 -7.790849 16.874828 3.588530 -5.847794 -16.146008 -18.588612 8.252376 -21.466553 -19.610855 7.949665 6.581006 2.492124 5.378379 -5.696544 -2.778571 2.297604 -7.343202 -3.874514 8.167790 -18.680374 5.786923 -2.333016 19.233862 5.750584 1.864680
7.634531 -5.852563 6.411768 -13.976322 12.232113 -7.813185 16.832245 3.706037 -5.611231 -16.281351 -18.576115 8.295880 -21.725241 -19.601835 7.783920 6.528980 2.164084 5.644643 -5.690966 -2.840214 2.291764 -7.514657 -4.138732 8.355418 -18.510021 5.831488 -2.171223 19.259953 5.829164 1.786723
7.620094 -5.797117 6.835505 -14.229715 12.042356 -7.850809 16.858599 3.842638 -5.316263 -16.460756 -18.599733 8.323528 -22.114599 -19.595016 7.516126 6.536506 1.726168 6.057611 -5.610176 -2.901345 2.248343 -7.667710 -4.447264 8.556731 -18.360250 5.840438 -1.935367 19.285507 5.897270 1.746599
7.662306 -5.810800 7.147531 -14.478093 11.889197 -7.915959 16.850983 3.985073 -4.970922 -16.559986 -18.657263 8.336233 -22.519108 -19.580826 7.280183 6.464860 1.268307 6.577987 -5.502697 -2.983832 2.239953 -7.824835 -4.667635 8.738423 -18.217030 5.932939 -1.904628 19.243551 5.934176 1.605564
7.772547 -5.823569 7.194240 -14.680737 11.846574 -7.929563 16.743656 4.181916 -4.766055 -16.629290 -18.712036 8.358243 -22.944998 -19.518452 7.057316 6.441752 0.897147 7.048608 -5.392549 -3.034405 2.170142 -7.980895 -4.919851 9.016679 -18.068813 5.996166 -1.847257 19.177118 5.931222 1.342238
8.267152 -5.741676 7.272087 -15.105709 11.713182 -7.876187 16.467251 4.499381 -4.365537 -16.730295 -18.767937 8.337582 -23.384203 -19.384680 6.820971 6.350484 0.577938 7.442133 -5.329019 -3.311744 2.049479 -8.113380 -5.212938 9.380938 -17.982407 6.009274 -1.881323 18.976410 5.836528 0.854590
8.729429 -5.689084 7.346485 -15.427078 11.573636 -7.757213 16.266376 4.769366 -4.045358 -16.777658 -18.749067 8.209325 -23.756832 -19.256943 6.594389 6.246443 0.352613 7.770912 -5.249007 -3.700833 1.857763 -8.288465 -5.595181 9.753263 -17.941332 6.018689 -1.830410 18.767374 5.770150 0.449713
9.072318 -5.694142 7.439047 -15.630564 11.438926 -7.669998 16.082319 4.926480 -3.733045 -16.798344 -18.680166 8.120276 -24.293560 -19.151838 6.336399 6.196788 0.064527 8.167892 -5.108226 -4.063138 1.667761 -8.398474 -5.936238 10.243912 -18.001045 5.990613 -1.914614 18.377693 5.577051 -0.121694
9.247472 -5.848319 7.682754 -15.771620 11.189857 -7.587412 16.086826 5.135160 -3.461612 -16.912308 -18.609783 8.000138 -24.581852 -19.090038 6.205065 6.089526 -0.014155 8.335406 -5.065525 -4.401678 1.437590 -8.594425 -6.368927 10.627936 -18.030437 6.005892 -1.938042 18.054735 5.470817 -0.586300
9.254023 -6.044713 8.025630 -15.740101 10.978408 -7.430233 16.122398 5.595462 -3.327321 -17.076780 -18.472746 7.941881 -24.953213 -19.036261 5.944102 6.122378 -0.255893 8.489788 -5.017446 -4.721004 1.313213 -8.728456 -6.659983 10.942500 -18.034904 5.998459 -2.154974 17.696125 5.305276 -1.059347
9.259123 -6.097809 8.425376 -15.733809 10.746583 -7.269019 16.183357 5.968925 -3.240925 -17.293890 -18.292170 7.949240 -25.385000 -19.025974 5.661822 6.195513 -0.492094 8.541094 -4.915409 -5.061885 1.217168 -8.860290 -6.976126 11.253724 -18.045765 6.040605 -2.197024 17.412304 5.244434 -1.393000
9.294350 -6.118062 8.799562 -15.734186 10.522992 -7.137731 16.268465 6.263133 -3.153990 -17.447008 -18.126099 7.913529 -25.724379 -19.042583 5.474351 6.189865 -0.609399 8.603414 -4.845917 -5.338355 1.144847 -8.965265 -7.191576 11.403054 -18.058701 6.048403 -2.313167 17.187181 5.178053 -1.627278
9.274925 -6.143844 9.096685 -15.683827 10.308679 -7.036157 16.404583 6.483057 -3.164217 -17.587687 -17.908134 7.987631 -26.092896 -19.113804 5.262906 6.198564 -0.747567 8.576595 -4.778736 -5.530534 1.059853 -9.075930 -7.452373 11.533227 -18.073761 6.037609 -2.418196 16.957365 5.108891 -1.845111
9.276087 -6.122685 9.371268 -15.692661 10.173686 -6.962164 16.470867 6.618278 -3.108954 -17.683199 -17.757542 8.034568 -26.358866 -19.205189 5.076826 6.225750 -0.902648 8.598261 -4.732408 -5.620767 1.022161 -9.140903 -7.622041 11.590611 -18.092133 6.010430 -2.508576 16.787542 5.045157 -1.957185
9.301357 -6.115560 9.560815 -15.703228 10.094445 -6.917107 16.498175 6.678161 -3.047699 -17.721447 -17.677874 8.093840 -26.536922 -19.230736 4.933366 6.251101 -1.005338 8.587364 -4.707001 -5.674480 1.002972 -9.207146 -7.754546 11.615033 -18.071516 6.009307 -2.564221 16.692673 5.016253 -1.992033
9.313847 -6.070870 9.763138 -15.728594 10.014679 -6.893778 16.520538 6.719345 -2.974301 -17.753874 -17.640865 8.103530 -26.578804 -19.256977 4.850011 6.301015 -1.109797 8.555046 -4.705478 -5.729681 0.981547 -9.276361 -7.879550 11.641633 -18.057365 6.024546 -2.581501 16.622335 5.021699 -2.041327
9.301142 -6.047788 9.840684 -15.735019 9.991578 -6.863182 16.541458 6.737576 -2.976490 -17.769182 -17.614780 8.125144 -26.630268 -19.275265 4.811530 6.302279 -1.134996 8.550244 -4.698248 -5.737043 0.983318 -9.305525 -7.913853 11.634070 -18.043491 6.031326 -2.605791 16.604635 5.027356 -2.062797
9.283495 -6.044683 9.979863 -15.725123 9.928656 -6.838704 16.581982 6.763231 -2.955496 -17.808136 -17.573128 8.155341 -26.738281 -19.299774 4.752922 6.269975 -1.170103 8.569331 -4.688237 -5.763167 0.966083 -9.338755 -7.981927 11.640576 -18.026993 6.037420 -2.599802 16.581135 5.028881 -2.066314
9.307638 -6.008637 10.383702 -15.678286 9.713454 -6.807533 16.712072 6.941586 -2.897334 -17.933880 -17.433208 8.198068 -27.048340 -19.339176 4.559972 6.255363 -1.296204 8.580877 -4.655286 -5.936269 0.947783 -9.472404 -8.178074 11.645968 -17.949249 6.081161 -2.663561 16.492889 5.043275 -2.107533
9.396586 -5.945734 11.041496 -15.653203 9.348528 -6.688425 16.901379 7.178352 -2.812222 -18.166580 -17.225941 8.363892 -27.497303 -19.408123 4.211073 6.376975 -1.514959 8.540211 -4.603776 -5.973078 0.991975 -9.653363 -8.405775 11.617647 -17.861582 6.132764 -2.777238 16.403904 5.099670 -2.166463
9.385320 -5.955011 11.912490 -15.472296 8.781852 -6.584160 17.253588 7.646479 -2.753969 -18.511934 -16.959768 8.644977 -27.961624 -19.523634 3.735123 6.679704 -1.914478 8.383913 -4.604688 -5.956845 0.999347 -10.071068 -8.948431 11.679671 -17.638758 6.371195 -2.742179 16.283358 5.325860 -2.243483
9.342245 -6.440783 12.563319 -15.177419 8.125016 -6.772670 17.680838 7.986448 -2.519870 -18.748816 -16.423660 9.188851 -28.771551 -19.862183 2.966648 7.183759 -2.467439 7.985963 -4.552837 -5.895189 0.872748 -10.535867 -9.570152 11.587050 -17.301678 6.587352 -2.439413 16.464504 5.652687 -2.028620
9.584764 -7.201115 12.954511 -15.141731 7.591725 -6.922383 17.731693 8.510847 -1.961305 -19.031450 -15.944477 9.729009 -29.495819 -20.251221 2.379459 7.561140 -2.880365 7.688498 -4.510759 -5.612890 0.739103 -11.177845 -10.402272 11.594563 -16.809427 7.019330 -1.953349 16.696037 6.187222 -1.857872
10.343106 -7.493382 12.848148 -15.481932 6.890946 -6.837790 17.722691 9.306339 -1.985812 -19.817093 -15.408326 10.090955 -30.208744 -20.488647 1.784555 7.865294 -3.255794 7.428216 -4.651226 -5.697351 0.567959 -11.891355 -11.294520 11.623707 -16.151329 7.465714 -1.283766 17.138504 6.817011 -1.606106
11.319046 -8.045336 12.132623 -15.519842 5.974297 -6.727331 17.808163 10.502743 -2.516709 -20.918291 -14.652489 10.190522 -30.933447 -21.302582 1.122203 7.618867 -4.150670 7.345304 -4.958655 -6.441293 0.588486 -12.399418 -11.885864 11.710578 -15.529040 7.693932 -1.161192 17.327230 7.046659 -1.621342
12.096601 -10.693722 10.096801 -16.003048 4.618065 -8.772514 17.647215 12.356318 -1.278149 -21.605608 -13.357685 10.790484 -32.187679 -23.107903 -0.229406 6.589674 -5.835882 7.703863 -5.826158 -6.761784 -0.082591 -13.317122 -13.275888 12.173460 -14.448615 7.983934 -1.715147 16.874754 6.365662 -0.825956
10.923882 -11.641405 8.719605 -16.212284 4.991724 -10.619665 16.643873 13.891266 0.047363 -21.197151 -12.131065 11.630148 -33.596191 -24.384968 -1.579433 4.816137 -6.371497 7.719434 -7.290798 -7.037209 -1.073585 -14.324865 -15.023252 12.808000 -13.709976 8.183724 -2.575221 15.872066 5.374470 -0.290950
9.918297 -12.341306 8.457551 -15.454388 6.089711 -11.081593 15.531750 15.252228 1.051501 -20.455580 -11.251273 11.708940 -34.487923 -25.382803 -2.019804 2.777600 -6.210804 7.921535 -8.797477 -7.619332 -1.772762 -14.964300 -16.201841 13.445428 -13.398526 8.309116 -3.367850 14.843018 4.512137 -0.091208
9.188738 -11.768939 9.736331 -14.236049 7.069897 -10.981572 14.327726 16.628933 1.380215 -20.156866 -10.139877 10.856305 -35.262535 -24.210260 -2.010683 1.425886 -5.080413 8.411366 -10.110641 -8.929351 -2.277134 -15.406400 -17.013334 14.152078 -13.216294 8.593997 -4.640622 13.481181 3.476680 -0.351930
9.291224 -11.085031 11.663544 -13.085316 7.884205 -10.772594 13.182442 18.823460 1.670082 -20.331829 -8.685266 10.141788 -36.476273 -23.931770 -1.751261 0.134256 -3.341783 8.570538 -10.848815 -10.234624 -2.802815 -15.811021 -17.819515 15.094724 -13.184669 8.934094 -5.853412 11.878123 2.445603 -0.875964
9.342014 -10.690779 14.191648 -12.068411 8.340029 -10.560962 12.796788 21.230453 2.010942 -20.323994 -7.021770 8.933336 -36.909698 -23.673283 -1.236486 -0.376747 -2.069754 8.446359 -11.728773 -11.983459 -3.130790 -15.801432 -18.445765 15.805552 -13.648055 8.819701 -6.491554 10.555387 1.606235 -1.282395
8.399975 -10.065624 16.258709 -11.084796 8.896478 -11.521235 13.060592 22.804754 2.562878 -19.831789 -5.268301 7.673187 -37.433193 -24.067211 -0.979147 -1.105404 -1.320509 8.882491 -12.583562 -13.197865 -3.547244 -15.766554 -19.119307 16.484386 -14.008992 8.576933 -6.924390 9.485279 0.832843 -1.875948
7.363828 -9.470356 18.144306 -9.933741 8.736891 -12.763758 14.157980 23.625900 2.950659 -19.250217 -4.197914 6.756437 -37.678246 -24.652872 -0.993679 -1.429607 -1.443861 9.752630 -13.060552 -13.577341 -3.802486 -15.662432 -19.421045 16.780981 -14.216052 8.260829 -7.475853 8.817476 0.111776 -2.195683
6.198683 -9.341654 19.117393 -9.200878 8.579346 -13.406098 14.935646 24.207600 3.231040 -18.584421 -3.341635 6.177416 -38.207718 -25.261723 -1.093821 -1.987704 -1.553421 10.495034 -13.393394 -14.090654 -3.937597 -15.574576 -19.551678 16.865257 -14.194400 8.010753 -7.821993 8.565712 -0.319505 -2.344291
5.438861 -9.274240 19.548264 -8.752938 8.291021 -13.802710 15.677847 24.344070 3.201729 -18.262957 -3.238827 5.619567 -37.862164 -25.373795 -1.092993 -1.959305 -1.967588 11.082523 -13.672676 -14.118578 -4.020814 -15.742476 -19.841566 16.913313 -13.950794 7.881205 -8.091880 8.480584 -0.527269 -2.532354
4.897851 -9.465418 19.517895 -8.534954 8.222363 -13.685892 15.926254 24.196178 3.172094 -18.061159 -2.908572 5.234643 -37.693245 -25.469917 -1.240130 -1.851248 -2.336754 11.307595 -13.997279 -14.279980 -4.062601 -15.826523 -19.981003 16.939444 -13.782831 7.816198 -8.191049 8.465170 -0.617068 -2.585739
4.754420 -9.432577 19.557835 -8.467643 8.162901 -13.805235 16.072165 24.211174 3.125474 -18.057428 -2.808926 5.113641 -37.715729 -25.508841 -1.261398 -1.815128 -2.446483 11.411550 -14.001432 -14.333603 -4.046514 -15.866241 -20.023254 16.947649 -13.690661 7.805642 -8.222857 8.496483 -0.629289 -2.607571
4.791605 -9.394136 19.602932 -8.434648 8.170355 -13.828369 16.055836 24.268551 3.124623 -18.075497 -2.805176 5.112672 -37.740829 -25.501713 -1.221258 -1.841973 -2.380867 11.410256 -13.992797 -14.332558 -4.050220 -15.848039 -20.030764 16.994848 -13.712750 7.807802 -8.212296 8.456368 -0.646198 -2.641192
4.919724 -9.298733 19.639956 -8.426268 8.237584 -13.889006 15.979143 24.364296 3.123924 -18.108912 -2.774548 5.103865 -37.779037 -25.553627 -1.132939 -1.963098 -2.229177 11.363904 -13.991439 -14.375377 -4.026018 -15.792862 -19.985975 17.004524 -13.785728 7.773151 -8.234342 8.420645 -0.673297 -2.683862
5.073617 -9.157953 19.685230 -8.388664 8.320872 -13.990097 15.873495 24.573095 3.070150 -18.204981 -2.721085 5.094506 -37.935738 -25.576517 -1.018911 -2.082887 -1.985635 11.337985 -13.864409 -14.406207 -3.968461 -15.681087 -19.890951 17.086409 -13.901006 7.750915 -8.253528 8.323757 -0.713685 -2.761011
5.243754 -9.041006 19.634563 -8.343390 8.516660 -13.964734 15.659579 24.754807 2.968018 -18.288239 -2.585890 5.071218 -38.224709 -25.560486 -0.922779 -2.182103 -1.695859 11.315249 -13.719176 -14.554729 -3.891099 -15.589938 -19.839207 17.157190 -13.966096 7.670452 -8.316061 8.251646 -0.782827 -2.827395
5.318211 -8.986567 19.630095 -8.197161 8.765038 -13.970759 15.497776 24.873253 2.882282 -18.318247 -2.415650 5.141212 -38.460258 -25.675680 -0.818641 -2.475823 -1.343186 11.178164 -13.790885 -14.563345 -3.869529 -15.560672 -19.861338 17.257452 -13.951311 7.610932 -8.373553 8.199998 -0.835446 -3.017013
5.543444 -8.968054 19.520563 -8.071461 8.918633 -13.867524 15.311218 24.973745 2.762095 -18.413523 -2.360265 5.307356 -38.663956 -25.697708 -0.773701 -2.534741 -1.083840 10.946231 -13.773309 -14.444067 -3.885695 -15.574858 -19.986708 17.449472 -13.914371 7.526479 -8.345832 8.113076 -0.909152 -3.105912
5.933446 -9.193945 19.007505 -8.126534 9.081563 -13.516621 14.920450 25.125853 2.650935 -18.542070 -2.318750 5.572083 -38.878109 -25.723772 -0.839985 -2.464409 -0.923472 10.556391 -13.686622 -14.371428 -3.898738 -15.625477 -20.186649 17.540930 -13.862679 7.451918 -8.205695 8.096063 -0.866610 -3.123897
6.341592 -9.407572 18.338188 -8.224150 9.229232 -13.136780 14.556269 25.216290 2.425608 -18.643471 -2.420916 5.911667 -38.920532 -25.706440 -0.947634 -2.286704 -0.867272 10.039476 -13.556960 -14.307772 -3.749090 -15.731024 -20.214361 17.491152 -13.698121 7.475040 -8.237573 8.197447 -0.740238 -3.132804
6.691362 -9.725319 17.388615 -8.454535 9.282898 -12.721523 14.151420 25.199257 2.147676 -18.828535 -2.542093 6.250938 -38.765884 -25.790787 -1.036185 -2.105850 -0.951277 9.644418 -13.513427 -13.966436 -3.661658 -15.826585 -20.292130 17.467657 -13.403675 7.437514 -8.150837 8.383811 -0.691254 -2.868258
7.028311 -10.241041 16.349012 -8.736841 9.361577 -12.203695 13.590365 25.371296 2.038124 -18.999313 -2.661885 6.556941 -38.547745 -25.988857 -1.229663 -1.922831 -1.221586 9.357322 -13.575883 -13.640466 -3.503429 -16.121565 -20.443037 17.489437 -12.893754 7.647165 -8.064744 8.668457 -0.428643 -2.829830
7.215168 -10.953974 15.433587 -9.192480 9.233097 -11.636873 13.230701 25.320108 2.005921 -19.237137 -2.694173 6.879019 -38.305679 -26.325897 -1.488651 -1.667048 -1.681954 9.089327 -13.593722 -13.193752 -3.466510 -16.369799 -20.591978 17.578293 -12.260214 7.812368 -7.677424 9.168617 -0.173458 -2.525476
7.522177 -11.923145 14.243873 -9.799730 9.053555 -10.967806 12.950996 25.485710 1.935841 -19.545481 -2.714268 7.297712 -38.092506 -26.747864 -1.890019 -1.298799 -2.313788 8.753840 -13.692879 -12.635983 -3.270565 -16.546534 -20.576265 17.567371 -11.632133 7.980613 -7.409253 9.658181 0.059553 -2.079236
7.851224 -13.046505 13.011885 -10.640936 8.656869 -10.084574 12.689184 25.585749 1.994836 -19.925596 -2.604723 7.613023 -38.115913 -27.277758 -2.351212 -0.936995 -3.142802 8.660026 -13.725008 -12.117685 -3.072632 -16.760416 -20.666872 17.568712 -11.037014 8.144575 -7.045759 10.149721 0.383805 -1.651410
7.937171 -14.041343 11.857754 -11.313115 8.404859 -9.390611 12.447029 25.732307 2.011875 -20.217121 -2.470343 7.949813 -38.105923 -27.728058 -3.029137 -0.246978 -4.301146 8.492704 -13.699175 -11.753639 -3.028881 -16.899668 -20.795572 17.538624 -10.738953 8.245010 -6.638904 10.523178 0.640531 -1.210356
8.353251 -14.579639 11.258268 -11.831768 8.259806 -9.077637 12.262061 25.704075 2.265294 -20.272402 -2.406054 8.298268 -38.030449 -28.145885 -3.530421 0.082037 -5.131977 8.493051 -13.737110 -11.182703 -2.912224 -17.204546 -20.975599 17.533491 -10.382674 8.542334 -6.386662 10.801565 0.971811 -0.888953
8.513356 -15.135598 10.805090 -12.175217 7.996470 -8.737150 12.259362 25.659279 2.428644 -20.319536 -2.501762 8.606105 -38.073444 -28.275215 -3.926826 0.371547 -5.702755 8.634266 -13.627481 -10.599075 -2.831373 -17.385340 -21.090010 17.533106 -10.097387 8.726402 -6.229436 11.018991 1.165770 -0.631335
8.710609 -15.507239 10.517352 -12.375843 7.758074 -8.480598 12.335869 25.652040 2.460552 -20.399351 -2.458776 8.713773 -38.000603 -28.497524 -4.227418 0.514342 -6.221210 8.607761 -13.758271 -10.532375 -2.765405 -17.510973 -21.159880 17.464132 -9.889983 8.820687 -6.080654 11.230761 1.310992 -0.306124
8.791675 -15.817294 10.249340 -12.493408 7.664282 -8.247812 12.353144 25.673246 2.424434 -20.454849 -2.506251 8.829317 -37.944191 -28.537786 -4.339913 0.698498 -6.381452 8.515650 -13.722824 -10.368525 -2.772848 -17.638456 -21.239538 17.338293 -9.765292 8.883002 -6.023867 11.393588 1.398165 -0.056699
8.815078 -15.927826 10.193457 -12.548199 7.533962 -8.143166 12.428064 25.640507 2.392868 -20.506922 -2.557202 8.917195 -37.981888 -28.493984 -4.405733 0.845563 -6.427725 8.492925 -13.589811 -10.273355 -2.785702 -17.693489 -21.300661 17.304918 -9.701887 8.908982 -6.018167 11.447803 1.412249 0.025230
8.795228 -15.994072 10.186548 -12.574047 7.516006 -8.064864 12.454639 25.610329 2.381630 -20.503317 -2.574447 8.956124 -37.986965 -28.498178 -4.437511 0.906693 -6.447791 8.498898 -13.563706 -10.169148 -2.787197 -17.721943 -21.325171 17.299854 -9.680679 8.929123 -6.024211 11.448381 1.428153 0.022727
8.795228 -15.994072 10.186548 -12.574047 7.516006 -8.064864 12.454639 25.610329 2.381630 -20.503317 -2.574447 8.956124 -37.986965 -28.498178 -4.437511 0.906693 -6.447791 8.498898 -13.563706 -10.169148 -2.787197 -17.721943 -21.325171 17.299854 -9.680679 8.929123 -6.024211 11.448381 1.428153 0.022727
8.795228 -15.994072 10.186548 -12.574047 7.516006 -8.064864 12.454639 25.610329 2.381630 -20.503317 -2.574447 8.956124 -37.986965 -28.498178 -4.437511 0.906693 -6.447791 8.498898 -13.563706 -10.169148 -2.787197 -17.721943 -21.325171 17.299854 -9.680679 8.929123 -6.024211 11.448381 1.428153 0.022727
8.795228 -15.994072 10.186548 -12.574047 7.516006 -8.064864 12.454639 25.610329 2.381630 -20.503317 -2.574447 8.956124 -37.986965 -28.498178 -4.437511 0.906693 -6.447791 8.498898 -13.563706 -10.169148 -2.787197 -17.721943 -21.325171 17.299854 -9.680679 8.929123 -6.024211 11.448381 1.428153 0.022727
8.795228 -15.994072 10.186548 -12.574047 7.516006 -8.064864 12.454639 25.610329 2.381630 -20.503317 -2.574447 8.956124 -37.986965 -28.498178 -4.437511 0.906693 -6.447791 8.498898 -13.563706 -10.169148 -2.787197 -17.721943 -21.325171 17.299854 -9.680679 8.929123 -6.024211 11.448381 1.428153 0.022727
8.795228 -15.994072 10.186548 -12.574047 7.516006 -8.064864 12.454639 25.610329 2.381630 -20.503317 -2.574447 8.956124 -37.986965 -28.498178 -4.437511 0.906693 -6.447791 8.498898 -13.563706 -10.169148 -2.786881 -17.721413 -21.325197 17.300201 -9.680328 8.929458 -6.024124 11.448101 1.428187 0.022377
8.795228 -15.994072 10.186548 -12.574047 7.516006 -8.064864 12.454639 25.610329 2.381630 -20.503317 -2.574447 8.956124 -37.986965 -28.498178 -4.437511 0.906693 -6.447791 8.498898 -13.563706 -10.169148 -2.786881 -17.721413 -21.325197 17.300201 -9.680328 8.929458 -6.024124 11.448101 1.428187 0.022377
8.795228 -15.994072 10.186548 -12.574047 7.516006 -8.064864 12.454639 25.610329 2.381630 -20.503317 -2.574447 8.956124 -37.986965 -28.498178 -4.437511 0.906693 -6.447791 8.498898 -13.563706 -10.169148 -2.786881 -17.721413 -21.325197 17.300201 -9.680328 8.929458 -6.024124 11.448101 1.428187 0.022377
8.795228 -15.994072 10.186548 -12.574047 7.516006 -8.064864 12.454639 25.610329 2.381630 -20.503317 -2.574447 8.956124 -37.986965 -28.498178 -4.437511 0.906693 -6.447791 8.498898 -13.563706 -10.169148 -2.786881 -17.721413 -21.325197 17.300201 -9.680328 8.929458 -6.024124 11.448101 1.428187 0.022377
8.795228 -15.994072 10.186548 -12.574047 7.516006 -8.064864 12.454639 25.610329 2.381630 -20.503317 -2.574447 8.956124 -37.986965 -28.498178 -4.437511 0.906693 -6.447791 8.498898 -13.563706 -10.169148 -2.786881 -17.721413 -21.325197 17.300201 -9.680328 8.929458 -6.024124 11.448101 1.428187 0.022377
8.796042 -15.992130 10.190713 -12.573539 7.516358 -8.062616 12.452948 25.611416 2.382865 -20.505613 -2.574358 8.959461 -37.986485 -28.495073 -4.429277 0.905774 -6.450093 8.497188 -13.564939 -10.170368 -2.786029 -17.718779 -21.326044 17.299122 -9.679022 8.930774 -6.022742 11.448380 1.428406 0.023282
8.796042 -15.992130 10.190713 -12.573539 7.516358 -8.062616 12.452948 25.611416 2.382865 -20.505613 -2.574358 8.959461 -37.986485 -28.495073 -4.429277 0.905774 -6.450093 8.497188 -13.564939 -10.170368 -2.786029 -17.718779 -21.326044 17.299122 -9.679022 8.930774 -6.022742 11.448380 1.428406 0.023282
8.796042 -15.992130 10.190713 -12.573539 7.516358 -8.062616 12.452948 25.611416 2.382865 -20.505613 -2.574358 8.959461 -37.986485 -28.495073 -4.429277 0.905774 -6.450093 8.497188 -13.564939 -10.170368 -2.786029 -17.718779 -21.326044 17.299122 -9.679022 8.930774 -6.022742 11.448380 1.428406 0.023282
8.795665 -15.992102 10.191842 -12.573090 7.516715 -8.062361 12.452844 25.610653 2.383681 -20.506687 -2.576660 8.976329 -37.990055 -28.487595 -4.424176 0.903485 -6.449508 8.491608 -13.564761 -10.180279 -2.783196 -17.713694 -21.326944 17.298660 -9.675390 8.931175 -6.021443 11.447196 1.427698 0.018275
8.795665 -15.992102 10.191842 -12.573090 7.516715 -8.062361 12.452844 25.610653 2.383681 -20.506687 -2.576660 8.976329 -37.990055 -28.487595 -4.424176 0.903485 -6.449508 8.491608 -13.564761 -10.180279 -2.783196 -17.713694 -21.326944 17.298660 -9.675390 8.931175 -6.021443 11.447196 1.427698 0.018275
13.001141 -13.806751 7.780290 -13.796907 3.700398 -2.571104 14.866663 20.248466 -4.096536 -23.117207 -8.036694 5.933713 -35.028351 -23.385719 -7.917352 10.708021 -7.980366 7.288244 -8.804955 -9.748125 2.299203 -10.449580 -15.694826 13.305688 -10.733140 10.230847 -1.845589 15.608689 8.073327 -6.191796
13.001141 -13.806751 7.780290 -13.796907 3.700398 -2.571104 14.866663 20.248466 -4.096536 -23.117207 -8.036694 5.933713 -35.028351 -23.385719 -7.917352 10.708021 -7.980366 7.288244 -8.804955 -9.748125 2.299203 -10.449580 -15.694826 13.305688 -10.733140 10.230847 -1.845589 15.608689 8.073327 -6.191796
13.001141 -13.806751 7.780290 -13.796907 3.700398 -2.571104 14.866663 20.248466 -4.096536 -23.117207 -8.036694 5.933713 -35.028351 -23.385719 -7.917352 10.708021 -7.980366 7.288244 -8.804955 -9.748125 2.299203 -10.449580 -15.694826 13.305688 -10.733140 10.230847 -1.845589 15.608689 8.073327 -6.191796
13.001141 -13.806751 7.780290 -13.796907 3.700398 -2.571104 14.866663 20.248466 -4.096536 -23.117207 -8.036694 5.933713 -35.028351 -23.385719 -7.917352 10.708021 -7.980366 7.288244 -8.804955 -9.748125 2.299203 -10.449580 -15.694826 13.305688 -10.733140 10.230847 -1.845589 15.608689 8.073327 -6.191796
13.001141 -13.806751 7.780290 -13.796907 3.700398 -2.571104 14.866663 20.248466 -4.096536 -23.117207 -8.036694 5.933713 -35.028351 -23.385719 -7.917352 10.708021 -7.980366 7.288244 -8.804955 -9.748125 2.299203 -10.449580 -15.694826 13.305688 -10.733140 10.230847 -1.845589 15.608689 8.073327 -6.191796
11.531054 -13.139692 9.064072 -13.054272 4.629655 -2.444110 14.615261 19.944843 -3.363699 -23.867371 -8.440194 9.420804 -35.051727 -22.061718 -5.015182 9.922033 -9.550538 6.230671 -9.370135 -11.453522 1.668244 -14.795960 -14.715097 13.475101 -12.844683 8.872598 -3.284349 16.085081 7.341889 -5.447942
11.148046 -13.207911 9.090028 -13.087046 4.841191 -2.556906 14.339459 19.996876 -3.202195 -23.936081 -8.180305 9.946622 -35.241810 -22.612101 -4.634371 9.055328 -9.608458 5.949928 -9.764091 -11.379379 1.687782 -14.716148 -14.736044 13.366860 -12.702709 8.759356 -3.486689 16.073923 7.240409 -5.405805
11.034966 -13.522408 8.769460 -12.923090 5.148581 -2.042534 14.261834 20.034103 -3.280180 -23.856966 -8.319683 10.199968 -35.316769 -22.627316 -4.855641 9.054513 -9.605838 5.851090 -9.790270 -11.641441 1.835162 -14.904002 -14.583385 13.367339 -12.853174 8.679158 -3.642830 16.072300 7.207876 -5.317903
11.119022 -13.537436 8.745011 -12.908745 5.132533 -2.096916 14.278856 20.045502 -3.278430 -23.873728 -8.297480 10.179187 -35.332306 -22.657574 -4.864477 9.043173 -9.524035 5.843621 -9.777472 -11.610309 1.835260 -14.941043 -14.580778 13.391061 -12.888804 8.721936 -3.646450 16.048389 7.225502 -5.288339
11.138628 -13.554104 8.732699 -12.892535 5.122540 -2.108944 14.270044 20.045286 -3.287210 -23.885506 -8.264094 10.187102 -35.350887 -22.641867 -4.803738 9.026369 -9.501178 5.835857 -9.779548 -11.584903 1.864152 -14.953026 -14.582855 13.399064 -12.890130 8.757669 -3.671935 16.020269 7.245303 -5.273635
11.138523 -13.554034 8.732969 -12.892036 5.121974 -2.108843 14.270516 20.045252 -3.287514 -23.885576 -8.263820 10.187001 -35.350964 -22.641966 -4.803569 9.026252 -9.500735 5.835690 -9.779466 -11.584797 1.864311 -14.954815 -14.582779 13.398678 -12.890840 8.757291 -3.672808 16.020510 7.245325 -5.272451
11.144331 -13.554127 8.726708 -12.896772 5.124773 -2.112600 14.269790 20.046207 -3.284966 -23.884600 -8.260694 10.182857 -35.352322 -22.647085 -4.808311 9.024530 -9.494254 5.835992 -9.779607 -11.576805 1.863097 -14.957705 -14.582833 13.398597 -12.892701 8.756077 -3.672845 16.021328 7.245219 -5.272209
11.146549 -13.550598 8.721533 -12.899214 5.126158 -2.106337 14.267262 20.042837 -3.291356 -23.884493 -8.261948 10.187519 -35.351070 -22.643528 -4.804317 9.024271 -9.500690 5.834076 -9.781884 -11.585906 1.865541 -14.954581 -14.582999 13.399738 -12.889611 8.757447 -3.672922 16.020370 7.245438 -5.272963
11.146616 -13.550610 8.721586 -12.899148 5.126068 -2.106579 14.267359 20.042877 -3.291353 -23.884550 -8.261832 10.187874 -35.351578 -22.643681 -4.804233 9.023610 -9.500306 5.834048 -9.782036 -11.586050 1.865531 -14.954640 -14.582141 13.398873 -12.890489 8.756814 -3.673201 16.020819 7.245566 -5.272738
11.146787 -13.546996 8.698570 -12.913937 5.126574 -2.112780 14.284492 20.048094 -3.300277 -23.855097 -8.271984 10.145255 -35.339058 -22.681465 -4.872146 9.034028 -9.482295 5.853354 -9.774545 -11.574619 1.857141 -14.949328 -14.581112 13.401422 -12.889215 8.744588 -3.662305 16.030533 7.238196 -5.280296
11.129620 -13.536659 8.708333 -12.923161 5.130942 -2.102361 14.291468 20.046112 -3.296856 -23.848221 -8.288639 10.145825 -35.330673 -22.685026 -4.897023 9.042762 -9.499635 5.856183 -9.774196 -11.587460 1.845420 -14.949786 -14.582545 13.395391 -12.890383 8.729734 -3.656051 16.042183 7.232484 -5.283015
11.129010 -13.536528 8.708845 -12.923038 5.130568 -2.102298 14.291689 20.046150 -3.296822 -23.848274 -8.288987 10.144128 -35.329945 -22.685562 -4.899672 9.044219 -9.502500 5.856904 -9.773938 -11.586959 1.846221 -14.949470 -14.582054 13.396194 -12.889606 8.730927 -3.656228 16.042557 7.232845 -5.282803
11.129010 -13.536528 8.708845 -12.923038 5.130568 -2.102298 14.291689 20.046150 -3.296822 -23.848274 -8.288987 10.144128 -35.329945 -22.685562 -4.899672 9.044219 -9.502500 5.856904 -9.773938 -11.586959 1.846221 -14.949470 -14.582054 13.396194 -12.889606 8.730927 -3.656228 16.042557 7.232845 -5.282803
11.129010 -13.536528 8.708845 -12.923038 5.130568 -2.102298 14.291689 20.046150 -3.296822 -23.848274 -8.288987 10.144128 -35.329945 -22.685562 -4.899672 9.044219 -9.502500 5.856904 -9.773938 -11.586959 1.845908 -14.949973 -14.582027 13.395845 -12.889946 8.730599 -3.656313 16.042828 7.232817 -5.282457
11.129010 -13.536528 8.708845 -12.923038 5.130568 -2.102298 14.291689 20.046150 -3.296822 -23.848274 -8.288987 10.144128 -35.329945 -22.685562 -4.899672 9.044219 -9.502500 5.856904 -9.773938 -11.586959 1.846221 -14.949470 -14.582054 13.396194 -12.889606 8.730927 -3.656228 16.042557 7.232845 -5.282803
11.135614 -13.537721 8.699454 -12.926121 5.131684 -2.106569 14.293007 20.049255 -3.298727 -23.843658 -8.274155 10.139581 -35.337364 -22.684742 -4.881670 9.037811 -9.486100 5.855589 -9.774289 -11.570240 1.861358 -14.946673 -14.581088 13.402262 -12.887471 8.748507 -3.662877 16.027323 7.239719 -5.280295
11.135614 -13.537721 8.699454 -12.926121 5.131684 -2.106569 14.293007 20.049255 -3.298727 -23.843658 -8.273931 10.139565 -35.337418 -22.684719 -4.881483 9.037579 -9.485562 5.855445 -9.774315 -11.570173 1.861158 -14.949058 -14.581045 13.401904 -12.888518 8.748284 -3.663513 16.027924 7.239966 -5.279282
11.135614 -13.537721 8.699454 -12.926121 5.131684 -2.106569 14.293007 20.049255 -3.298727 -23.843658 -8.273931 10.139565 -35.337418 -22.684719 -4.881483 9.037579 -9.485562 5.855445 -9.774315 -11.570173 1.861477 -14.948513 -14.581076 13.402247 -12.888165 8.748620 -3.663425 16.027641 7.240004 -5.279634
11.147458 -13.543987 8.701226 -12.915695 5.129735 -2.114566 14.282159 20.046953 -3.296235 -23.856956 -8.271257 10.141906 -35.339157 -22.682442 -4.875372 9.034487 -9.480711 5.854183 -9.774190 -11.571278 1.858322 -14.950244 -14.581364 13.400342 -12.888322 8.744847 -3.663925 16.030302 7.239397 -5.280297
11.147458 -13.543987 8.701226 -12.915695 5.129735 -2.114566 14.282159 20.046953 -3.296235 -23.856956 -8.271257 10.141906 -35.339157 -22.682442 -4.875372 9.034487 -9.480711 5.854183 -9.774190 -11.571278 1.858322 -14.950244 -14.581364 13.400342 -12.888322 8.744847 -3.663925 16.030302 7.239397 -5.280297
11.147458 -13.543987 8.701226 -12.915695 5.129735 -2.114566 14.282159 20.046953 -3.296235 -23.856956 -8.271257 10.141906 -35.339157 -22.682442 -4.875372 9.034487 -9.480711 5.854183 -9.774190 -11.571278 1.858003 -14.950786 -14.581336 13.399997 -12.888675 8.744511 -3.664012 16.030584 7.239359 -5.279944
