-9.687396 -20.206285 1.956783 -2.290794 22.573854 -7.409460 9.037397 14.083540 -7.450629 2.884578 -13.820930 -2.099966 -15.425250 -17.741312 15.318105 8.644514 1.617558 -9.242111 -11.158591 3.234774 10.918331 -5.540623 -4.044903 6.730528 -12.483296 -2.777541 -17.706932 13.807430 -3.867540 5.882182
-9.762305 -20.171392 1.911283 -2.255022 22.582233 -7.402263 9.012215 14.086571 -7.487084 2.896224 -13.811227 -2.116886 -15.338861 -17.745033 15.331925 8.662859 1.667812 -9.315261 -11.166730 3.243242 10.955012 -5.530156 -3.991822 6.695600 -12.471563 -2.755820 -17.742096 13.809607 -3.852872 5.910182
-9.869036 -20.128674 1.867623 -2.179101 22.601921 -7.392939 8.979492 14.106033 -7.543303 2.911698 -13.751469 -2.163516 -15.215550 -17.748722 15.363422 8.695798 1.712032 -9.443620 -11.175561 3.220343 11.051134 -5.515296 -3.865918 6.554173 -12.484011 -2.700013 -17.873196 13.802794 -3.819006 6.004702
-9.935098 -20.092493 1.835572 -2.130681 22.588854 -7.389079 8.981537 14.108093 -7.598578 2.906229 -13.659120 -2.212073 -15.161020 -17.790834 15.337523 8.802225 1.690333 -9.559961 -11.183463 3.188772 11.042542 -5.471869 -3.834545 6.585777 -12.499880 -2.696173 -17.830860 13.791842 -3.832926 6.078111
-10.179352 -20.071878 1.744986 -1.955828 22.628641 -7.351286 9.012568 14.226213 -7.834661 2.845793 -13.446750 -2.290963 -14.959818 -17.875959 15.320088 9.088354 1.709334 -9.901013 -11.271966 3.191720 11.169661 -5.505970 -3.720642 6.436353 -12.427281 -2.571198 -18.023705 13.778969 -3.779871 6.125381
-10.623998 -20.144312 1.767416 -1.616879 22.532875 -7.114242 9.130466 14.573666 -8.240326 2.601334 -12.846357 -2.377514 -14.962445 -18.092035 15.131398 9.730309 1.439812 -10.337699 -11.372226 3.160964 11.283285 -5.665753 -3.762751 6.358679 -12.250770 -2.332975 -18.179335 13.772680 -3.645128 6.046221
-11.288692 -20.348658 1.772780 -1.190222 22.420033 -6.835136 9.328741 15.002693 -8.778196 2.266921 -11.936662 -2.557781 -15.302947 -18.461216 14.667124 10.676537 0.776176 -10.715774 -11.453940 2.878173 11.532896 -5.976284 -3.905312 6.221017 -11.829603 -1.939010 -18.555050 13.768709 -3.428243 5.676113
-11.866251 -20.598120 1.630838 -0.825880 22.339449 -6.569341 9.512443 15.405267 -9.299413 1.980017 -11.359719 -2.714862 -15.205377 -18.691833 14.562271 11.264997 0.666960 -11.262135 -11.599917 2.712655 11.714388 -6.420045 -4.269016 6.367616 -11.275683 -1.491264 -18.682861 13.814542 -3.153338 5.107548
-12.524931 -21.040039 1.504198 -0.559321 22.103870 -6.267565 9.755919 15.726683 -9.742998 1.596838 -10.410764 -2.940603 -15.664433 -19.112946 14.111323 12.111267 0.110472 -11.646840 -11.702147 2.244029 12.011181 -6.603493 -4.381016 6.433158 -10.978455 -1.205371 -18.777065 13.845365 -2.949630 4.826369
-13.090713 -21.327242 1.278160 -0.325126 21.969194 -6.006139 9.965601 15.943931 -10.155912 1.350592 -10.168423 -2.991781 -15.627849 -19.171749 14.111568 12.412357 0.169016 -12.000347 -11.762812 2.093064 12.225048 -6.752404 -4.407753 6.476211 -10.797820 -1.010305 -18.929590 13.834638 -2.829516 4.551722
-13.547305 -21.450808 0.814507 -0.149626 21.965532 -5.797103 10.013640 16.245384 -10.598969 1.156125 -10.034005 -3.040682 -15.545991 -19.274364 14.105789 12.464624 0.269548 -12.438714 -11.913679 1.688779 12.436947 -6.886299 -4.419223 6.442449 -10.712308 -0.825101 -19.077385 13.799557 -2.685093 4.359842
-13.583956 -21.354944 0.363148 -0.087076 22.180397 -5.765138 9.933617 16.607279 -10.943151 1.091049 -9.824783 -3.146742 -15.397305 -19.414579 14.101613 12.613365 0.255754 -12.883384 -12.204656 1.262974 12.553343 -7.007336 -4.428354 6.232080 -10.781056 -0.756454 -19.351784 13.675373 -2.603571 4.325895
-13.480011 -21.093592 -0.211008 -0.134543 22.397680 -5.601816 9.626801 17.337845 -11.256316 0.974355 -9.702261 -3.267987 -15.443908 -19.496750 13.925305 12.607882 0.045148 -13.220548 -12.354615 0.494036 12.620764 -7.198834 -4.610573 6.280381 -10.695737 -0.670800 -19.496647 13.556392 -2.507420 4.043437
-13.244124 -20.692274 -0.644224 -0.254175 22.695522 -5.573746 9.284315 17.910355 -11.430617 0.962587 -9.659161 -3.346577 -15.353978 -19.557568 13.792550 12.648477 -0.069046 -13.627479 -12.430586 -0.106100 12.628503 -7.303272 -4.682304 6.232348 -10.715481 -0.682118 -19.646996 13.438241 -2.479136 3.922839
-13.028573 -20.380995 -0.748549 -0.376065 22.862549 -5.544248 9.004782 18.358847 -11.449244 0.876494 -9.587946 -3.473446 -15.078818 -19.591454 13.886982 12.513710 0.103603 -14.146766 -12.676435 -0.630933 12.673079 -7.378502 -4.780099 6.161745 -10.796662 -0.759553 -19.816128 13.296695 -2.494753 3.862887
-12.642725 -20.021887 -0.798022 -0.518511 23.073917 -5.572819 8.695627 18.804012 -11.444161 0.805986 -9.568304 -3.542902 -15.163230 -19.614265 13.811265 12.337214 0.077606 -14.308081 -12.734411 -1.162931 12.729543 -7.490331 -4.918486 6.174448 -10.787673 -0.752462 -19.955158 13.155449 -2.478209 3.716824
-12.350285 -19.664064 -0.851770 -0.621025 23.322803 -5.611539 8.434679 19.117001 -11.476119 0.777689 -9.526091 -3.605090 -15.169972 -19.647062 13.700849 12.446321 -0.045197 -14.472525 -12.827340 -1.465077 12.664707 -7.506454 -5.024205 6.181058 -10.874617 -0.861706 -19.964882 13.077126 -2.547563 3.742965
-12.185551 -19.356501 -0.942144 -0.684022 23.542122 -5.665831 8.237557 19.333349 -11.551162 0.769330 -9.518833 -3.701699 -14.867410 -19.661390 13.816108 12.513094 0.133017 -14.796607 -12.991505 -1.585055 12.698776 -7.470322 -4.983652 6.091577 -10.936576 -0.922184 -20.050995 13.056858 -2.586344 3.791673
-11.985205 -19.139164 -0.938446 -0.747238 23.652691 -5.699513 8.084694 19.505028 -11.555783 0.734543 -9.469624 -3.771743 -14.762139 -19.709965 13.840922 12.501246 0.187470 -14.935156 -13.089196 -1.712351 12.701859 -7.481782 -5.015998 6.079199 -10.970897 -0.940603 -20.077957 13.021929 -2.598569 3.787081
-11.909990 -19.057669 -0.936037 -0.794953 23.686768 -5.706865 8.021270 19.562538 -11.548516 0.709812 -9.464161 -3.787790 -14.733556 -19.720049 13.853284 12.499215 0.216156 -14.987382 -13.110380 -1.762823 12.719747 -7.522888 -5.057299 6.081313 -10.968251 -0.921429 -20.107864 12.995131 -2.578694 3.736053
-11.785885 -19.066675 -0.768008 -0.925823 23.575527 -5.733584 7.979110 19.622515 -11.363462 0.612755 -9.464913 -3.754833 -14.934592 -19.725422 13.754325 12.523468 0.052580 -14.898621 -13.039273 -1.880721 12.729027 -7.559444 -5.129098 6.141883 -10.931783 -0.911791 -20.063597 12.999755 -2.549695 3.649358
-11.591389 -19.063179 -0.324850 -1.203026 23.287392 -5.784016 7.862300 19.911367 -10.984843 0.304469 -9.390568 -3.675168 -15.397574 -19.807684 13.423592 12.672041 -0.506075 -14.730388 -12.897290 -2.204198 12.801207 -7.660401 -5.329395 6.359373 -10.778092 -0.891594 -20.006159 13.032724 -2.485443 3.206154
-11.387327 -19.130800 0.300129 -1.290653 22.902546 -5.815726 7.708579 20.490520 -10.599146 -0.128385 -9.111273 -3.641109 -16.285702 -19.901794 12.800490 12.842571 -1.465142 -14.372056 -12.809735 -2.951756 12.806275 -7.795148 -5.687664 6.698730 -10.650052 -0.978586 -19.839882 13.067410 -2.424825 2.564262
-11.060625 -18.992868 1.562073 -1.357787 22.197405 -5.956270 7.595221 21.122311 -9.926255 -0.655439 -8.691161 -3.661558 -17.711502 -20.017460 12.036439 12.918913 -2.836417 -13.313809 -12.507152 -3.602795 12.810938 -8.087402 -6.164608 7.097371 -10.431300 -1.023206 -19.696184 13.168962 -2.228339 1.541718
-10.401366 -18.875122 3.166372 -1.292290 21.213680 -6.286820 7.512122 21.929600 -8.996914 -1.233365 -8.056544 -3.769744 -19.379585 -20.138096 11.176060 12.986387 -4.292337 -12.007567 -12.336368 -4.245457 12.541517 -8.553720 -6.998992 7.907292 -10.047093 -1.112159 -19.172058 13.438608 -1.980556 0.159372
-9.184360 -19.010101 4.690965 -1.441904 20.007229 -6.408279 7.352270 23.276339 -7.788239 -1.956868 -7.343230 -3.966904 -21.057550 -20.165970 10.363490 12.953266 -5.902125 -10.612899 -12.146384 -5.175514 12.218886 -9.197704 -8.065062 8.748687 -9.639726 -1.003481 -18.618006 13.635680 -1.641676 -1.287396
-7.665710 -19.060019 6.406362 -2.024173 18.713249 -6.858629 7.378486 24.286201 -6.443749 -2.796703 -6.486423 -4.478170 -22.275106 -20.146740 9.858955 12.988010 -6.986365 -9.720754 -12.211299 -6.371778 11.682049 -10.105377 -9.388390 9.584929 -9.273005 -0.563621 -17.785156 13.846685 -0.999612 -2.750863
-6.187883 -18.928885 7.863991 -2.913164 17.984676 -7.082053 7.163112 25.102161 -5.102319 -3.170300 -5.904305 -4.608469 -24.360161 -19.748032 8.838956 13.149220 -8.195616 -7.994702 -12.158528 -7.087006 10.658587 -11.231579 -10.873606 10.338114 -9.190566 0.417652 -16.823397 13.564363 -0.283377 -3.446494
-5.333680 -18.406580 9.665501 -3.968973 16.510937 -7.001820 7.549330 25.795729 -4.644656 -4.445110 -5.415712 -4.523424 -26.837605 -18.443409 7.179576 13.717237 -9.231324 -6.428028 -12.302543 -8.006145 9.112598 -12.256888 -12.349447 11.601180 -9.337957 1.644287 -16.149231 12.450741 -0.225337 -3.395163
-3.191960 -17.600431 11.348645 -4.992177 13.339257 -9.902117 9.559223 25.184330 -4.652041 -7.192031 -5.404300 -4.663013 -29.189495 -15.459350 5.391919 16.275105 -9.810336 -5.525208 -11.735695 -9.621466 5.534825 -13.162526 -14.280733 13.572423 -10.037908 3.556972 -15.545148 9.786977 -1.492493 -1.880159
-1.519366 -17.088839 12.201968 -6.248178 11.315070 -12.342580 10.926344 24.029566 -4.242600 -8.583289 -5.085059 -4.332445 -32.312767 -13.222581 4.190196 18.229973 -9.282303 -4.717808 -10.226766 -10.316505 3.496718 -13.723621 -16.148981 15.602460 -11.902085 4.806582 -14.296538 6.803515 -2.001057 -1.153798
-1.499774 -17.181376 13.478675 -7.169700 9.575348 -13.504608 11.921333 22.918125 -3.236651 -9.208326 -4.167382 -4.083249 -34.707363 -10.930696 3.912433 19.062220 -7.295906 -4.025524 -9.139977 -9.531210 1.777422 -13.467928 -17.454649 17.140245 -13.134239 5.411177 -12.800653 5.566806 -2.704518 -1.268145
-1.067153 -16.137274 15.583568 -8.390324 8.299380 -15.162106 12.826340 22.503807 -2.139470 -9.537358 -2.896626 -4.243638 -36.823837 -9.568660 3.997845 18.428516 -5.634212 -2.259242 -8.281194 -8.718275 0.432647 -12.276202 -18.209452 19.057001 -14.229675 5.106538 -11.272862 4.681110 -3.753412 -3.076301
-1.379612 -15.116002 17.635796 -10.321556 7.963069 -17.232771 12.893435 22.258423 -0.174393 -9.397865 -2.753556 -4.058366 -37.967812 -7.692695 4.226988 17.761326 -3.789733 -0.888530 -7.532455 -7.267045 -0.347487 -11.485229 -17.921133 20.330523 -14.734541 5.681006 -9.215541 4.883946 -3.445244 -3.682545
-1.458250 -14.852106 18.774963 -12.401962 8.039496 -18.062490 12.147273 21.151112 2.115485 -9.104965 -2.593985 -3.616120 -38.885933 -5.838326 3.973762 17.320513 -2.469137 0.327919 -7.535470 -5.355162 -0.473431 -11.014506 -17.319933 20.714254 -15.197691 6.505934 -7.148189 5.620394 -2.275481 -3.714564
-0.731732 -15.366947 19.029549 -13.976751 7.695797 -17.969770 11.545039 19.746630 3.870944 -9.077691 -2.617352 -2.440185 -39.579994 -5.077602 3.253834 15.927017 -1.562440 1.592383 -8.342086 -2.382712 -0.029597 -10.569440 -16.460291 20.666010 -15.412140 6.838865 -5.261655 6.840062 -1.021583 -3.234993
0.248824 -16.305056 18.709915 -15.276339 7.721161 -17.389175 10.899150 18.546505 5.092988 -8.990811 -2.447524 -1.705154 -39.847500 -5.643614 3.013581 14.303630 -0.888926 3.002455 -9.147147 0.407571 0.887394 -10.148650 -15.457539 20.756060 -15.481965 7.563521 -3.725894 7.607189 0.320471 -2.308211
1.093882 -16.912394 18.383820 -16.427794 7.880915 -16.848701 10.077594 17.552418 6.162012 -9.024950 -2.577956 -1.183171 -39.973328 -5.951375 2.698676 13.339399 -0.205047 3.644403 -9.439853 2.284362 1.820219 -9.780686 -14.504062 20.570694 -15.947193 8.122440 -2.732927 7.925624 1.495276 -1.292032
1.396988 -17.287849 18.221783 -16.981997 7.873101 -16.533327 9.755850 16.933491 6.625794 -9.128293 -2.590502 -0.987735 -39.855419 -6.178327 2.482502 12.848889 0.039119 3.925875 -9.791935 3.301285 2.607406 -9.569882 -13.773281 20.014626 -16.124018 8.152553 -2.204947 8.578419 2.371309 -0.815345
1.456117 -17.354763 18.123043 -17.163427 7.912740 -16.524256 9.669390 16.695662 6.802343 -9.070930 -2.660992 -0.874995 -39.869495 -6.248095 2.459362 12.630932 0.142250 4.037570 -9.831962 3.565227 2.821364 -9.466065 -13.546614 19.856680 -16.131273 8.153342 -2.002626 8.811219 2.588563 -0.621369
1.508103 -17.422415 18.108408 -17.207113 7.859308 -16.437490 9.646376 16.682007 6.804163 -9.136012 -2.643453 -0.874797 -39.914680 -6.264924 2.438043 12.617412 0.130238 4.043586 -9.825174 3.539533 2.796326 -9.461566 -13.603831 19.938234 -16.161680 8.154891 -2.001551 8.716790 2.536848 -0.601588
1.650817 -17.504313 17.972900 -17.321703 7.843882 -16.337074 9.494181 16.737999 6.848960 -9.254177 -2.644169 -0.803540 -40.130157 -6.311557 2.427974 12.313649 0.252995 4.106764 -9.808612 3.399648 2.836839 -9.455985 -13.624638 20.038027 -16.116871 8.165265 -1.983737 8.702112 2.510453 -0.589688
1.776376 -17.663261 17.824383 -17.459045 7.774106 -16.182753 9.357639 16.721548 6.895043 -9.413234 -2.720465 -0.723709 -40.258282 -6.269581 2.548570 12.168473 0.522101 4.000404 -9.650470 3.242435 2.826858 -9.465564 -13.713019 20.185568 -16.129484 8.200336 -1.928345 8.615288 2.484457 -0.548217
1.941065 -17.864542 17.627687 -17.627329 7.694901 -15.900193 9.143161 16.687080 6.946119 -9.602976 -2.796070 -0.589247 -40.490463 -6.232177 2.581067 11.966003 0.689022 3.989148 -9.514678 3.061179 2.929443 -9.500403 -13.749067 20.204355 -16.056360 8.154092 -1.821292 8.781061 2.586775 -0.590005
2.185078 -18.086571 17.227480 -17.850132 7.593084 -15.601643 8.895856 16.670628 6.926399 -9.840086 -2.792032 -0.424924 -40.782745 -6.348207 2.631975 11.523206 1.022921 3.824534 -9.486167 2.732557 3.092350 -9.769523 -13.808468 19.820162 -16.253582 8.293068 -1.826642 8.877135 3.050679 -0.474353
2.471997 -18.279943 16.800034 -17.974314 7.505759 -15.331923 8.666199 16.768364 6.836549 -10.114883 -2.931253 -0.243691 -41.042213 -6.266277 2.674357 11.348701 1.395758 3.444627 -9.302270 2.239985 3.142487 -9.954370 -13.991452 19.972038 -16.334976 8.540547 -1.939241 8.545931 3.141070 -0.401838
2.752907 -18.472742 16.317678 -18.136217 7.382435 -15.015087 8.430309 16.843887 6.731978 -10.403515 -3.025985 0.044596 -41.432541 -6.500212 2.603392 10.943811 1.506997 3.398886 -9.153710 2.112013 3.129830 -9.958200 -13.931820 19.783707 -16.398825 8.432769 -1.897171 8.717115 3.219835 -0.223802
3.104626 -18.667021 15.754216 -18.212816 7.189855 -14.821337 8.424629 16.869373 6.468933 -10.594009 -3.230319 0.554334 -41.904583 -6.559443 2.631116 10.701353 1.721570 3.056641 -8.801192 1.998803 3.040686 -10.265243 -14.175770 19.512609 -16.620445 8.616745 -1.944996 8.575150 3.513728 0.120095
3.437950 -18.844254 15.123105 -18.329802 6.927100 -14.722469 8.608593 16.680790 6.180738 -10.608959 -3.493694 0.832300 -42.020241 -6.824208 2.701124 10.647778 1.565359 2.932411 -8.490581 1.985465 2.883588 -10.475514 -14.422398 19.422688 -16.740664 8.782063 -1.974406 8.385369 3.596388 0.504336
3.675965 -19.100634 14.529751 -18.442228 6.579409 -14.684540 8.928714 16.426680 5.898421 -10.616537 -3.709275 1.089359 -42.199329 -7.072381 2.954409 10.637439 1.775551 2.737913 -7.847531 2.076550 2.697162 -10.709107 -14.667562 19.146036 -17.016611 8.878087 -1.933656 8.210407 3.780018 1.028851
3.921638 -19.066650 13.981847 -18.515738 6.313881 -15.019487 9.303379 16.170116 5.569691 -10.556624 -4.000026 1.328316 -42.193611 -7.265427 2.954984 10.879269 1.513726 2.759254 -7.244231 2.337737 2.161840 -10.763029 -15.117932 19.362555 -17.123295 8.981935 -1.996735 7.565409 3.334103 1.657689
4.035887 -18.967546 13.681386 -18.588663 6.212359 -15.373368 9.586370 16.011070 5.341619 -10.530513 -4.206904 1.452503 -42.036385 -7.314321 2.990604 11.359533 1.504272 2.512687 -6.669194 2.565791 1.750221 -10.873996 -15.419748 19.145691 -17.222183 9.005563 -2.109531 7.214513 3.088262 2.577466
3.839271 -18.760267 13.553617 -18.632135 6.014681 -15.767035 10.049883 15.752211 4.974714 -10.564074 -4.555287 1.574527 -41.861324 -7.245807 2.785418 11.982551 0.917800 2.683530 -6.222888 2.955201 1.436038 -10.974437 -15.712342 19.145098 -17.223181 9.035969 -2.178281 6.934856 2.860782 3.202261
3.572942 -18.440277 13.765409 -18.852961 5.779790 -16.085215 10.448971 15.469648 4.826066 -10.613781 -4.618258 1.712900 -41.870529 -7.048901 2.709846 12.890654 0.805449 2.444445 -5.734391 3.487304 0.882966 -10.948652 -16.061150 19.350912 -17.333534 8.996174 -2.160751 6.474093 2.370063 3.812176
3.400619 -18.092882 13.795439 -18.990749 5.721264 -16.340546 10.602375 15.158123 4.699274 -10.570799 -4.673716 1.668178 -41.630081 -7.072401 2.561423 13.495005 0.378830 2.741243 -5.564590 4.057181 0.581583 -10.863856 -16.157335 19.450468 -17.396145 8.958711 -2.209257 6.210495 1.996917 4.294763
3.257101 -17.705179 13.945522 -19.028202 5.753012 -16.673784 10.741936 15.052649 4.549481 -10.532741 -4.714547 1.568070 -41.443771 -6.875963 2.444582 14.210345 0.181350 2.655281 -5.371441 4.305869 0.332180 -10.820287 -16.263464 19.381779 -17.560720 8.741199 -2.266896 6.062083 1.737887 4.577080
2.938006 -17.406435 14.177943 -19.058052 5.789617 -16.960762 10.980610 14.839924 4.468667 -10.378847 -4.864551 1.509996 -41.347389 -6.568938 2.620677 14.734772 0.450626 2.431258 -4.944182 4.474741 0.096615 -10.824838 -16.316862 19.269854 -17.423843 8.757481 -2.346084 6.150525 1.493467 4.849127
2.619137 -17.189829 14.436822 -19.070086 5.808480 -17.202787 11.105322 14.773142 4.463500 -10.359098 -4.896729 1.459515 -41.195343 -6.495978 2.676426 15.168622 0.432783 2.199486 -4.752698 4.512908 -0.009982 -10.835309 -16.361914 19.259729 -17.471931 8.717196 -2.341829 6.116759 1.405712 4.982765
2.428870 -17.039034 14.675296 -19.054621 5.811601 -17.360466 11.204145 14.743329 4.469565 -10.348486 -4.946757 1.386040 -40.979225 -6.507940 2.632057 15.648588 0.164130 2.043869 -4.654211 4.521669 -0.123529 -10.853469 -16.417923 19.268404 -17.490593 8.717764 -2.368804 6.061366 1.309586 5.038695
2.384890 -16.994139 14.737418 -19.078188 5.832689 -17.420765 11.210573 14.714571 4.496992 -10.333015 -4.978711 1.343342 -40.859383 -6.536716 2.678174 15.736620 0.139942 2.011240 -4.644503 4.547575 -0.144904 -10.842658 -16.417896 19.257288 -17.496050 8.698133 -2.358309 6.071447 1.287021 5.089495
2.327195 -16.964272 14.758571 -19.086954 5.874087 -17.423376 11.266177 14.581253 4.473624 -10.239891 -5.115151 1.359710 -40.805355 -6.496923 2.713402 15.779250 0.114392 2.088606 -4.544074 4.652232 -0.159421 -10.809950 -16.385834 19.239641 -17.584187 8.655503 -2.282100 6.068374 1.299701 5.199037
2.167844 -16.929350 14.774993 -19.189386 6.002743 -17.559198 11.378407 14.153519 4.534247 -10.007057 -5.447279 1.337117 -40.614067 -6.293662 2.926366 15.937820 0.295357 2.241844 -4.226916 5.000561 -0.313411 -10.712062 -16.306108 19.203384 -17.732674 8.527928 -2.107619 6.150422 1.213909 5.466233
1.809973 -16.818380 14.850943 -19.339182 6.226089 -17.931799 11.648377 13.335981 4.577167 -9.681776 -5.793648 1.285015 -40.451477 -6.003977 3.232130 16.037533 0.658197 2.508821 -3.833911 5.463815 -0.547575 -10.527217 -16.160311 19.148027 -17.850311 8.364135 -1.863811 6.368832 1.033410 5.867397
1.298840 -16.660406 15.097354 -19.375942 6.453419 -18.151907 11.960902 12.497730 4.491270 -9.430439 -6.722274 1.223592 -39.737892 -5.490927 3.571080 16.520193 0.672301 2.896461 -3.369955 6.182559 -0.739008 -10.129687 -15.856516 18.914488 -18.235798 7.941041 -1.549951 6.617810 0.815959 6.358403
0.939312 -16.741182 14.645274 -19.490759 6.925037 -18.203672 11.875955 11.683367 4.386916 -9.090089 -7.721802 1.078188 -38.987572 -4.493954 4.156651 17.045481 1.405258 2.976126 -2.808908 6.658599 -0.964055 -9.618072 -15.396210 18.669775 -18.488499 7.503678 -1.283189 6.971514 0.479618 6.798682
0.295920 -16.906649 14.053897 -19.511236 7.395771 -18.053282 11.771151 10.916029 4.047120 -8.807963 -8.995209 0.992887 -38.060947 -3.121796 4.868927 17.600277 2.124412 3.289120 -2.322898 7.314773 -1.458876 -8.884630 -14.920712 18.584394 -18.880985 6.945699 -0.880300 7.244895 -0.111473 7.345254
-0.361135 -16.778849 13.083344 -19.556398 8.124831 -17.910044 11.521763 10.067172 3.600753 -8.319740 -10.101447 0.776041 -36.621330 -2.139629 5.494869 18.573143 2.463139 2.849112 -2.054992 7.498351 -1.687621 -8.156459 -14.352143 18.374372 -19.160538 6.387843 -0.638628 7.636495 -0.524263 7.689790
-1.216014 -16.684162 12.001119 -19.486322 8.826168 -17.782610 11.387906 9.196045 3.012509 -7.911459 -11.283579 0.912076 -35.451584 -0.736274 6.006495 19.337650 3.074619 2.358169 -2.001717 7.627837 -2.036133 -7.359601 -13.883201 18.241117 -19.390882 5.902094 -0.427812 7.848326 -1.105783 7.942159
-1.982500 -16.747957 10.637366 -19.626318 9.715854 -17.238590 11.011084 8.411377 2.385666 -7.533377 -12.473835 1.019963 -34.177643 0.597643 6.824668 19.998541 3.839290 1.680674 -1.833314 7.440208 -2.459268 -6.343831 -13.368651 17.888752 -19.635065 5.246190 -0.597519 7.897746 -1.978450 8.042876
-2.829368 -16.859877 8.886241 -19.591572 10.735661 -16.960165 10.754692 7.816289 1.413728 -7.069086 -13.247334 1.141382 -33.089088 2.180133 8.366544 20.347700 5.915825 0.198623 -1.610992 7.344459 -2.817657 -5.118488 -12.861387 17.703306 -19.649921 4.664648 -0.718847 7.930582 -2.995500 8.205193
-3.774700 -17.006649 6.941044 -19.648232 11.840950 -16.937943 10.435979 6.996986 0.563194 -6.552315 -13.668706 1.033946 -31.669174 3.614688 10.072387 20.848652 8.417610 -1.960491 -1.603913 7.141678 -2.891463 -3.666414 -12.047668 17.270624 -19.798454 4.046792 -1.140834 7.831927 -4.017427 8.243839
-4.684896 -17.090368 4.816669 -19.915798 12.825432 -17.251259 9.913683 5.568675 -0.163697 -6.316021 -14.294467 1.100727 -29.811642 4.466693 11.617206 20.872683 10.364886 -4.096796 -1.922656 7.213675 -2.783125 -2.235965 -11.129684 16.654902 -20.103230 3.492465 -1.347517 7.863585 -4.766475 8.564101
-5.556788 -17.192471 2.974382 -19.942007 13.309788 -17.532101 9.822022 4.312335 -0.920627 -6.068110 -14.978856 1.212805 -27.866611 5.097686 12.858735 20.728954 12.409166 -6.356372 -2.359180 7.390325 -2.800114 -1.026225 -10.329547 16.222769 -20.432028 2.958693 -1.906661 7.544502 -5.758113 9.011576
-5.706957 -17.638983 0.742224 -19.556597 13.886783 -17.144466 9.624827 3.740367 -2.076138 -5.899727 -15.566200 1.208369 -26.082657 5.348438 13.542470 20.906578 13.646956 -8.152081 -3.098902 7.684196 -2.623122 -0.019128 -9.508265 15.773039 -20.553196 2.534833 -2.575294 7.258626 -6.592249 9.442209
-10.231687 -24.440580 2.219031 -17.462412 23.799541 -1.636022 4.442825 5.108361 5.401598 4.477184 -19.702450 5.385059 -23.148909 -0.104267 22.032444 16.433302 6.244218 -7.276351 1.064621 10.551687 1.687233 3.670553 -10.218027 10.941691 -17.466089 -1.191152 -2.366813 12.317114 -4.714447 12.627847
-10.109518 -24.436028 0.880281 -16.744864 24.538177 -0.989607 4.428958 4.376878 4.328078 4.682428 -20.190540 5.257686 -21.845089 -0.442849 22.194344 16.246845 7.124355 -8.646869 0.424652 10.775150 2.470704 4.164040 -9.235091 10.437547 -17.285919 -1.415773 -3.309930 12.207775 -5.081706 12.858171
-9.981245 -24.232893 -0.031017 -15.481180 25.580914 -0.374747 4.463028 3.770103 3.300682 5.430126 -20.397144 4.874047 -20.411209 -1.007779 22.418192 16.030670 7.361687 -9.621442 -0.309926 10.951677 3.055459 4.408226 -8.373462 9.994164 -17.136124 -1.537139 -4.125754 12.166438 -5.347367 13.020390
-10.375422 -24.307562 -0.470703 -14.219278 26.128727 -0.354826 5.006046 3.315047 2.453734 6.517833 -20.808136 4.615190 -19.062962 -1.691038 22.872402 15.290192 7.662787 -10.358624 -1.078474 10.528250 3.605335 4.917127 -7.370018 9.435603 -16.980719 -1.678181 -4.882786 12.226961 -5.746411 13.058231
-10.672727 -23.854752 -0.337628 -12.647416 26.810749 -0.657952 5.879041 2.944782 1.504682 7.741929 -20.916050 4.329695 -17.157644 -2.312414 23.020702 15.728132 6.994218 -11.225579 -1.982908 9.914171 4.213888 5.427055 -6.303948 8.900432 -16.712158 -1.679925 -5.840777 12.235834 -6.118130 12.936174
-8.665673 -22.923105 -0.220258 -9.510350 25.517122 -5.450743 6.194289 2.749751 -1.571749 5.982009 -20.773331 3.482600 -16.319853 -8.032647 17.733852 11.897696 8.611682 -10.444198 -5.514568 10.662319 6.636400 2.174478 -3.692652 8.524076 -18.015558 -5.462775 -8.127210 13.437063 -6.870066 13.170415
-7.400661 -21.334978 0.005038 -8.142170 25.430733 -6.376298 7.080471 3.025335 -3.333694 5.948151 -19.951035 3.481599 -14.784562 -10.480716 17.135765 11.186571 7.744826 -10.977183 -7.296546 11.336311 7.761762 2.431334 -2.610069 8.488173 -17.314415 -6.017814 -9.107272 13.715183 -7.006629 12.638303
-5.942436 -20.648384 0.453613 -6.635219 25.407866 -6.377588 7.931195 4.311352 -4.414162 6.620957 -18.802483 2.721403 -13.409202 -11.826149 17.265886 11.931957 6.542085 -10.991101 -8.104433 12.378653 8.217537 2.449307 -1.755785 8.795592 -16.516670 -6.034698 -10.592985 13.638189 -7.778869 11.713319
-4.324825 -19.906721 1.492609 -5.465809 25.495369 -6.174230 8.382406 5.495387 -4.622453 7.340892 -17.243435 1.377715 -12.097439 -13.725722 17.533379 12.374435 5.066932 -10.792168 -8.924684 13.356898 8.526028 2.357900 -1.512810 9.036685 -15.764554 -5.823589 -11.548156 13.574956 -8.035984 10.431149
-3.311810 -19.233252 3.569008 -4.251354 24.934824 -6.650188 9.254171 6.434252 -4.342150 7.680938 -16.186447 0.280997 -11.520085 -15.185683 17.614491 12.058228 3.940863 -10.280808 -9.614465 13.421921 8.769532 1.954934 -1.493854 9.317316 -14.978253 -5.579042 -12.438718 13.539639 -8.094084 8.961164
-2.179412 -18.133684 5.735433 -3.541595 24.546177 -7.491261 9.738487 7.293991 -3.867869 7.732175 -15.265004 -0.660688 -11.340197 -16.652908 17.387398 11.737236 2.203444 -9.401674 -10.204761 13.283384 8.911689 1.347533 -1.530569 10.048828 -14.389747 -5.243965 -12.996406 13.482179 -7.984418 7.440660
-0.365815 -17.714300 7.458859 -3.667380 23.846233 -7.532905 9.900188 7.991228 -2.979076 7.884396 -14.178560 -1.228815 -11.730962 -17.725147 17.141068 11.754848 0.300319 -8.508715 -10.470263 13.316638 9.148645 0.737912 -1.502888 10.698230 -13.665341 -4.943182 -13.577285 13.585711 -7.853905 6.165199
2.028004 -17.563375 8.322309 -3.793241 23.343922 -7.164825 9.987196 8.949409 -2.355369 8.091988 -13.575794 -1.637413 -12.351731 -18.839212 16.238695 12.198824 -2.289493 -6.435435 -10.185600 14.591393 9.347416 0.176694 -1.660835 11.294327 -12.967533 -4.642482 -13.923002 13.738049 -7.661587 5.022100
3.164414 -17.556936 8.678693 -3.647424 22.916796 -7.157407 10.002349 10.000963 -2.134578 7.996431 -13.089706 -1.967511 -13.014711 -19.732475 15.841596 12.118843 -3.607335 -4.820044 -10.004909 15.189864 9.557055 -0.276731 -1.798660 11.765065 -12.420209 -4.448134 -14.167175 13.865938 -7.473921 4.090653
3.832953 -17.552851 8.899881 -3.408175 22.686687 -7.278755 10.110749 11.054916 -2.130939 7.926658 -12.741214 -2.231716 -13.915490 -20.180470 15.636391 11.606260 -3.958038 -3.659809 -9.940402 14.949503 9.594653 -0.718754 -2.034885 12.175866 -12.038861 -4.283656 -14.037601 14.049782 -7.212544 3.687180
3.931123 -17.633650 9.285399 -3.033455 22.334421 -7.368851 10.614897 11.894206 -2.239021 7.825380 -12.316120 -2.461437 -14.802472 -20.497988 15.617192 10.848497 -3.708000 -3.199845 -9.933612 14.117037 9.567249 -1.201858 -2.440526 12.472281 -11.887332 -4.144103 -13.819538 14.168233 -6.878562 3.464152
3.670210 -17.800709 9.431132 -2.937729 21.867420 -7.560673 11.157207 12.872977 -2.331835 7.689885 -12.063379 -2.637027 -15.304026 -20.769970 15.754609 10.120556 -3.781821 -2.788803 -10.029357 13.128984 9.568966 -1.754387 -2.813272 12.760553 -11.743451 -3.942750 -13.651329 14.283137 -6.492817 3.232409
3.101861 -18.074709 9.267367 -3.100254 21.326103 -7.935462 11.628225 13.888777 -2.365106 7.510243 -11.817947 -2.737608 -15.763255 -21.133059 15.835464 9.516125 -4.144266 -2.299320 -10.119630 12.373158 9.504055 -2.211086 -3.155915 12.995084 -11.749626 -3.796430 -13.319332 14.392774 -6.121699 3.192648
2.701813 -18.348909 8.991345 -3.190517 20.989180 -8.300331 11.775931 14.627476 -2.377784 7.176240 -11.738503 -2.816928 -16.339329 -21.328125 15.702023 9.066407 -4.348531 -1.902333 -10.119653 11.690861 9.459660 -2.601634 -3.439875 13.218417 -11.770092 -3.664827 -12.999569 14.456278 -5.786653 3.182626
2.231124 -18.647226 8.757846 -3.540663 20.623817 -8.442502 11.649187 15.228868 -2.344603 6.842202 -11.600486 -2.940441 -16.941343 -21.632822 15.460765 8.675683 -4.692831 -1.336934 -10.079947 11.211287 9.363618 -2.892085 -3.666659 13.272626 -11.917163 -3.599066 -12.748055 14.471615 -5.544552 3.351853
2.020845 -18.891436 8.582006 -3.883955 20.382935 -8.435019 11.453394 15.642782 -2.288968 6.613077 -11.688908 -2.905894 -17.262714 -21.583826 15.362678 8.454780 -4.639826 -1.223942 -10.010324 10.862178 9.383328 -3.072572 -3.829002 13.438842 -11.990956 -3.482144 -12.487632 14.421545 -5.307821 3.421326
1.907034 -19.083761 8.426827 -4.111328 20.240753 -8.368979 11.306681 15.941151 -2.234561 6.481518 -11.755627 -2.926939 -17.434458 -21.538048 15.322633 8.212732 -4.396487 -1.172486 -9.965573 10.625829 9.343710 -3.241901 -3.989468 13.528252 -12.060074 -3.412725 -12.295560 14.434803 -5.139222 3.565630
1.895763 -19.323298 8.259770 -4.297489 20.162947 -8.294110 11.236466 16.006851 -2.147998 6.389822 -11.769911 -2.992310 -17.609930 -21.564648 15.255701 8.044241 -4.258731 -1.080986 -9.951056 10.479782 9.301844 -3.319649 -4.073518 13.537998 -12.098695 -3.378373 -12.166999 14.449455 -5.032466 3.685876
1.886605 -19.469885 8.146520 -4.416709 20.130646 -8.271654 11.188044 16.009888 -2.096988 6.322367 -11.812111 -3.025246 -17.714525 -21.529224 15.197894 7.911813 -4.129191 -1.040751 -9.940357 10.305370 9.261354 -3.384361 -4.131389 13.534898 -12.122819 -3.357428 -12.084468 14.475536 -4.959498 3.777130
1.872062 -19.565037 8.085625 -4.481313 20.121822 -8.262333 11.156633 15.981625 -2.066085 6.286616 -11.845003 -3.038540 -17.819519 -21.485985 15.153460 7.834387 -4.078927 -0.997733 -9.931822 10.166559 9.244520 -3.429462 -4.166153 13.536932 -12.125142 -3.337426 -12.045770 14.497904 -4.915420 3.827172
1.872864 -19.600573 8.066050 -4.502292 20.113268 -8.259604 11.155779 15.982334 -2.057680 6.276968 -11.856102 -3.036577 -17.837585 -21.469185 15.154995 7.810331 -4.073762 -0.984694 -9.930339 10.125832 9.241804 -3.453803 -4.181303 13.545173 -12.129294 -3.328345 -12.028555 14.508193 -4.893455 3.844746
