7.490363 -5.900334 5.529712 -13.303774 12.439437 -7.719050 17.054167 3.406397 -6.467939 -15.974949 -9.339327 -5.149373 -23.655966 -4.017228 7.606466 7.678279 2.193640 5.591419 -18.400888 5.185922 2.435341 -7.104202 -3.392566 7.944377 -18.868767 5.719567 -2.876146 19.047523 5.539237 1.777497
7.528559 -5.870085 5.639004 -13.397950 12.413314 -7.745308 17.014858 3.422938 -6.354932 -16.024345 -9.327247 -5.094076 -23.801876 -4.025885 7.510446 7.719724 2.077673 5.774256 -18.342821 5.327464 2.399281 -7.135880 -3.471297 7.961711 -18.839073 5.730615 -2.743309 19.108191 5.585069 1.852501
7.583320 -5.836328 5.839454 -13.557686 12.380328 -7.763224 16.933800 3.510677 -6.143831 -16.079868 -9.300776 -5.034064 -24.018581 -4.036137 7.384879 7.762192 1.875468 6.008605 -18.260798 5.435489 2.375722 -7.172206 -3.540488 7.981613 -18.822702 5.749729 -2.620736 19.166393 5.640218 1.903911
7.622004 -5.863322 6.114495 -13.800256 12.338769 -7.790849 16.874828 3.588530 -5.847794 -16.146008 -9.301355 -4.959903 -24.296135 -4.042120 7.191211 7.746768 1.584612 6.355590 -18.191177 5.534282 2.297604 -7.343202 -3.874514 8.167790 -18.680374 5.786923 -2.333016 19.233862 5.750584 1.864680
7.634531 -5.852563 6.411768 -13.976322 12.232113 -7.813185 16.832245 3.706037 -5.611231 -16.281351 -9.326144 -4.922080 -24.580147 -4.034406 6.963017 7.731819 1.208260 6.714550 -18.136049 5.513127 2.291764 -7.514657 -4.138732 8.355418 -18.510021 5.831488 -2.171223 19.259953 5.829164 1.786723
7.620094 -5.797117 6.835505 -14.229715 12.042356 -7.850809 16.858599 3.842638 -5.316263 -16.460756 -9.349096 -4.865939 -24.987694 -4.007098 6.716115 7.730494 0.773188 7.180700 -18.007599 5.505219 2.248343 -7.667710 -4.447264 8.556731 -18.360250 5.840438 -1.935367 19.285507 5.897270 1.746599
7.662306 -5.810800 7.147531 -14.478093 11.889197 -7.915959 16.850983 3.985073 -4.970922 -16.559986 -9.377379 -4.859162 -25.428913 -3.983660 6.493960 7.626370 0.312709 7.798998 -17.874010 5.462630 2.239953 -7.824835 -4.667635 8.738423 -18.217030 5.932939 -1.904628 19.243551 5.934176 1.605564
7.772547 -5.823569 7.194240 -14.680737 11.846574 -7.929563 16.743656 4.181916 -4.766055 -16.629290 -9.366569 -4.842319 -25.848475 -3.945139 6.317552 7.614198 -0.020957 8.268717 -17.748251 5.452169 2.170142 -7.980895 -4.919851 9.016679 -18.068813 5.996166 -1.847257 19.177118 5.931222 1.342238
8.267152 -5.741676 7.272087 -15.105709 11.713182 -7.876187 16.467251 4.499381 -4.365537 -16.730295 -9.383056 -4.854719 -26.346073 -3.906348 6.112379 7.505329 -0.289806 8.651322 -17.624500 5.206720 2.049479 -8.113380 -5.212938 9.380938 -17.982407 6.009274 -1.881323 18.976410 5.836528 0.854590
8.729429 -5.689084 7.346485 -15.427078 11.573636 -7.757213 16.266376 4.769366 -4.045358 -16.777658 -9.394743 -4.927025 -26.784695 -3.847734 5.992311 7.278777 -0.609056 9.096587 -17.512747 4.780845 1.857763 -8.288465 -5.595181 9.753263 -17.941332 6.018689 -1.830410 18.767374 5.770150 0.449713
9.072318 -5.694142 7.439047 -15.630564 11.438926 -7.669998 16.082319 4.926480 -3.733045 -16.798344 -9.385400 -4.937042 -27.427990 -3.823021 5.761352 7.203972 -0.976452 9.584542 -17.294374 4.464487 1.667761 -8.398474 -5.936238 10.243912 -18.001045 5.990613 -1.914614 18.377693 5.577051 -0.121694
9.247472 -5.848319 7.682754 -15.771620 11.189857 -7.587412 16.086826 5.135160 -3.461612 -16.912308 -9.377267 -5.013453 -27.793777 -3.790480 5.688756 7.129801 -1.126806 9.821437 -17.151819 4.118644 1.437590 -8.594425 -6.368927 10.627936 -18.030437 6.005892 -1.938042 18.054735 5.470817 -0.586300
9.254023 -6.044713 8.025630 -15.740101 10.978408 -7.430233 16.122398 5.595462 -3.327321 -17.076780 -9.248920 -5.068991 -28.166306 -3.828096 5.480416 7.226628 -1.447651 9.982493 -17.063366 3.805089 1.313213 -8.728456 -6.659983 10.942500 -18.034904 5.998459 -2.154974 17.696125 5.305276 -1.059347
9.259123 -6.097809 8.425376 -15.733809 10.746583 -7.269019 16.183357 5.968925 -3.240925 -17.293890 -9.099632 -5.106895 -28.545835 -3.854189 5.256741 7.343149 -1.707548 10.039008 -16.949316 3.403365 1.217168 -8.860290 -6.976126 11.253724 -18.045765 6.040605 -2.197024 17.412304 5.244434 -1.393000
9.294350 -6.118062 8.799562 -15.734186 10.522992 -7.137731 16.268465 6.263133 -3.153990 -17.447008 -8.992264 -5.127762 -28.866934 -3.883970 5.151007 7.335585 -1.865963 10.094100 -16.856386 3.112109 1.144847 -8.965265 -7.191576 11.403054 -18.058701 6.048403 -2.313167 17.187181 5.178053 -1.627278
9.274925 -6.143844 9.096685 -15.683827 10.308679 -7.036157 16.404583 6.483057 -3.164217 -17.587687 -8.830540 -5.115362 -29.142027 -3.979009 4.942323 7.455969 -2.078999 10.035069 -16.774277 2.884540 1.059853 -9.075930 -7.452373 11.533227 -18.073761 6.037609 -2.418196 16.957365 5.108891 -1.845111
9.276087 -6.122685 9.371268 -15.692661 10.173686 -6.962164 16.470867 6.618278 -3.108954 -17.683199 -8.722124 -5.086744 -29.341274 -4.045442 4.778832 7.590469 -2.309732 9.997887 -16.706099 2.716396 1.022161 -9.140903 -7.622041 11.590611 -18.092133 6.010430 -2.508576 16.787542 5.045157 -1.957185
9.301357 -6.115560 9.560815 -15.703228 10.094445 -6.917107 16.498175 6.678161 -3.047699 -17.721447 -8.658054 -5.045953 -29.471775 -4.070280 4.645161 7.702844 -2.483746 9.934449 -16.661488 2.592221 1.002972 -9.207146 -7.754546 11.615033 -18.071516 6.009307 -2.564221 16.692673 5.016253 -1.992033
9.313847 -6.070870 9.763138 -15.728594 10.014679 -6.893778 16.520538 6.719345 -2.974301 -17.753874 -8.628643 -5.052128 -29.486202 -4.081339 4.576126 7.791287 -2.605949 9.861243 -16.665228 2.470000 0.981547 -9.276361 -7.879550 11.641633 -18.057365 6.024546 -2.581501 16.622335 5.021699 -2.041327
9.301142 -6.047788 9.840684 -15.735019 9.991578 -6.863182 16.541458 6.737576 -2.976490 -17.769182 -8.605654 -5.033369 -29.515038 -4.098692 4.537185 7.823480 -2.650138 9.834388 -16.660303 2.455858 0.983318 -9.305525 -7.913853 11.634070 -18.043491 6.031326 -2.605791 16.604635 5.027356 -2.062797
9.283495 -6.044683 9.979863 -15.725123 9.928656 -6.838704 16.581982 6.763231 -2.955496 -17.808136 -8.569727 -5.010080 -29.588161 -4.135092 4.482652 7.847556 -2.716715 9.804531 -16.642717 2.413506 0.966083 -9.338755 -7.981927 11.640576 -18.026993 6.037420 -2.599802 16.581135 5.028881 -2.066314
9.307638 -6.008637 10.383702 -15.678286 9.713454 -6.807533 16.712072 6.941586 -2.897334 -17.933880 -8.437124 -4.970769 -29.845493 -4.212426 4.297853 7.930975 -2.933522 9.739565 -16.599741 2.203069 0.947783 -9.472404 -8.178074 11.645968 -17.949249 6.081161 -2.663561 16.492889 5.043275 -2.107533
9.396586 -5.945734 11.041496 -15.653203 9.348528 -6.688425 16.901379 7.178352 -2.812222 -18.166580 -8.201892 -4.846284 -30.180681 -4.330472 3.965476 8.280272 -3.357230 9.588698 -16.509531 2.085867 0.991975 -9.653363 -8.405775 11.617647 -17.861582 6.132764 -2.777238 16.403904 5.099670 -2.166463
9.385320 -5.955011 11.912490 -15.472296 8.781852 -6.584160 17.253588 7.646479 -2.753969 -18.511934 -7.989389 -4.560962 -30.546261 -4.540507 3.559602 8.729074 -3.879673 9.314730 -16.399420 2.064762 0.999347 -10.071068 -8.948431 11.679671 -17.638758 6.371195 -2.742179 16.283358 5.325860 -2.243483
9.342245 -6.440783 12.563319 -15.177419 8.125016 -6.772670 17.680838 7.986448 -2.519870 -18.748816 -7.585062 -3.968379 -31.180418 -4.957229 2.887917 9.197717 -4.543040 8.849315 -16.347095 2.277473 0.872748 -10.535867 -9.570152 11.587050 -17.301678 6.587352 -2.439413 16.464504 5.652687 -2.028620
9.584764 -7.201115 12.954511 -15.141731 7.591725 -6.922383 17.731693 8.510847 -1.961305 -19.031450 -7.154918 -3.296592 -31.750137 -5.568077 2.307322 9.385803 -5.052798 8.338054 -16.523676 2.758504 0.739103 -11.177845 -10.402272 11.594563 -16.809427 7.019330 -1.953349 16.696037 6.187222 -1.857872
10.343106 -7.493382 12.848148 -15.481932 6.890946 -6.837790 17.722691 9.306339 -1.985812 -19.817093 -6.726117 -2.990140 -32.139076 -5.972053 1.836032 9.587805 -5.557593 8.067861 -16.758642 2.798036 0.567959 -11.891355 -11.294520 11.623707 -16.151329 7.465714 -1.283766 17.138504 6.817011 -1.606106
11.319046 -8.045336 12.132623 -15.519842 5.974297 -6.727331 17.808163 10.502743 -2.516709 -20.918291 -6.220727 -3.279043 -32.385033 -6.318605 1.287334 9.896914 -6.514591 8.005461 -16.828125 1.783387 0.588486 -12.399418 -11.885864 11.710578 -15.529040 7.693932 -1.161192 17.327230 7.046659 -1.621342
12.096601 -10.693722 10.096801 -16.003048 4.618065 -8.772514 17.647215 12.356318 -1.278149 -21.605608 -6.261275 -4.742798 -32.120914 -4.268994 0.841312 12.773932 -7.485704 8.390505 -15.791561 -0.135797 -0.082591 -13.317122 -13.275888 12.173460 -14.448615 7.983934 -1.715147 16.874754 6.365662 -0.825956
10.923882 -11.641405 8.719605 -16.212284 4.991724 -10.619665 16.643873 13.891266 0.047363 -21.197151 -6.408294 -5.863459 -32.269104 -2.592467 0.615743 15.127466 -7.796096 8.179792 -14.436687 -2.037684 -1.073585 -14.324865 -15.023252 12.808000 -13.709976 8.183724 -2.575221 15.872066 5.374470 -0.290950
9.918297 -12.341306 8.457551 -15.454388 6.089711 -11.081593 15.531750 15.252228 1.051501 -20.455580 -6.227122 -6.638472 -33.009544 -1.537639 0.517954 16.580181 -7.722296 7.792179 -13.355049 -4.225417 -1.772762 -14.964300 -16.201841 13.445428 -13.398526 8.309116 -3.367850 14.843018 4.512137 -0.091208
9.188738 -11.768939 9.736331 -14.236049 7.069897 -10.981572 14.327726 16.628933 1.380215 -20.156866 -6.106292 -7.071926 -33.971977 -0.972744 0.569631 16.986889 -7.319334 7.495847 -12.516510 -6.017830 -2.277134 -15.406400 -17.013334 14.152078 -13.216294 8.593997 -4.640622 13.481181 3.476680 -0.351930
9.291224 -11.085031 11.663544 -13.085316 7.884205 -10.772594 13.182442 18.823460 1.670082 -20.331829 -5.965818 -7.485373 -34.598778 -0.936559 0.805443 17.306429 -7.220413 7.046424 -11.913499 -7.760554 -2.802815 -15.811021 -17.819515 15.094724 -13.184669 8.934094 -5.853412 11.878123 2.445603 -0.875964
9.342014 -10.690779 14.191648 -12.068411 8.340029 -10.560962 12.796788 21.230453 2.010942 -20.323994 -5.774303 -7.701101 -34.854050 -1.411111 1.000115 17.472454 -7.521122 6.209749 -11.659695 -9.477617 -3.130790 -15.801432 -18.445765 15.805552 -13.648055 8.819701 -6.491554 10.555387 1.606235 -1.282395
8.399975 -10.065624 16.258709 -11.084796 8.896478 -11.521235 13.060592 22.804754 2.562878 -19.831789 -5.561444 -7.899204 -34.908836 -2.184221 1.013405 17.442646 -8.384340 5.993464 -11.786727 -10.514469 -3.547244 -15.766554 -19.119307 16.484386 -14.008992 8.576933 -6.924390 9.485279 0.832843 -1.875948
7.363828 -9.470356 18.144306 -9.933741 8.736891 -12.763758 14.157980 23.625900 2.950659 -19.250217 -5.549085 -8.054822 -34.677704 -2.725595 1.041822 17.592907 -9.051324 5.727544 -11.848071 -11.124958 -3.802486 -15.662432 -19.421045 16.780981 -14.216052 8.260829 -7.475853 8.817476 0.111776 -2.195683
6.198683 -9.341654 19.117393 -9.200878 8.579346 -13.406098 14.935646 24.207600 3.231040 -18.584421 -5.514241 -8.237618 -34.384460 -3.089720 0.954736 17.885290 -9.652753 5.413495 -11.892190 -11.649518 -3.937597 -15.574576 -19.551678 16.865257 -14.194400 8.010753 -7.821993 8.565712 -0.319505 -2.344291
5.438861 -9.274240 19.548264 -8.752938 8.291021 -13.802710 15.677847 24.344070 3.201729 -18.262957 -5.570372 -8.279943 -34.019482 -3.494749 0.884096 18.228394 -10.231863 5.072903 -11.899469 -11.848112 -4.020814 -15.742476 -19.841566 16.913313 -13.950794 7.881205 -8.091880 8.480584 -0.527269 -2.532354
4.897851 -9.465418 19.517895 -8.534954 8.222363 -13.685892 15.926254 24.196178 3.172094 -18.061159 -5.499649 -8.328797 -33.798431 -3.835939 0.738620 18.375608 -10.707253 4.891255 -12.063228 -12.036315 -4.062601 -15.826523 -19.981003 16.939444 -13.782831 7.816198 -8.191049 8.465170 -0.617068 -2.585739
4.754420 -9.432577 19.557835 -8.467643 8.162901 -13.805235 16.072165 24.211174 3.125474 -18.057428 -5.503668 -8.329616 -33.811798 -3.936067 0.704579 18.346144 -10.801293 4.850192 -12.050185 -12.159840 -4.046514 -15.866241 -20.023254 16.947649 -13.690661 7.805642 -8.222857 8.496483 -0.629289 -2.607571
4.791605 -9.394136 19.602932 -8.434648 8.170355 -13.828369 16.055836 24.268551 3.124623 -18.075497 -5.507624 -8.341141 -33.815704 -3.877544 0.733239 18.364555 -10.725584 4.834653 -12.049780 -12.156427 -4.050220 -15.848039 -20.030764 16.994848 -13.712750 7.807802 -8.212296 8.456368 -0.646198 -2.641192
4.919724 -9.298733 19.639956 -8.426268 8.237584 -13.889006 15.979143 24.364296 3.123924 -18.108912 -5.535242 -8.368066 -33.785862 -3.784554 0.836189 18.339828 -10.546167 4.767804 -12.047338 -12.193016 -4.026018 -15.792862 -19.985975 17.004524 -13.785728 7.773151 -8.234342 8.420645 -0.673297 -2.683862
5.073617 -9.157953 19.685230 -8.388664 8.320872 -13.990097 15.873495 24.573095 3.070150 -18.204981 -5.509604 -8.378769 -33.889229 -3.689266 0.932719 18.275906 -10.299431 4.722786 -11.974742 -12.239038 -3.968461 -15.681087 -19.890951 17.086409 -13.901006 7.750915 -8.253528 8.323757 -0.713685 -2.761011
5.243754 -9.041006 19.634563 -8.343390 8.516660 -13.964734 15.659579 24.754807 2.968018 -18.288239 -5.463737 -8.364641 -34.064198 -3.570772 1.007157 18.256149 -10.055073 4.674961 -11.884068 -12.312442 -3.891099 -15.589938 -19.839207 17.157190 -13.966096 7.670452 -8.316061 8.251646 -0.782827 -2.827395
5.318211 -8.986567 19.630095 -8.197161 8.765038 -13.970759 15.497776 24.873253 2.882282 -18.318247 -5.441612 -8.286885 -34.225620 -3.420790 1.085674 18.150669 -9.787584 4.547221 -11.916831 -12.365200 -3.869529 -15.560672 -19.861338 17.257452 -13.951311 7.610932 -8.373553 8.199998 -0.835446 -3.017013
5.543444 -8.968054 19.520563 -8.071461 8.918633 -13.867524 15.311218 24.973745 2.762095 -18.413523 -5.485775 -8.175868 -34.313667 -3.214879 1.132099 18.282242 -9.561481 4.331826 -11.899190 -12.327649 -3.885695 -15.574858 -19.986708 17.449472 -13.914371 7.526479 -8.345832 8.113076 -0.909152 -3.105912
5.933446 -9.193945 19.007505 -8.126534 9.081563 -13.516621 14.920450 25.125853 2.650935 -18.542070 -5.599392 -8.023390 -34.483028 -2.917795 1.129396 18.557404 -9.301087 4.021858 -11.706063 -12.336987 -3.898738 -15.625477 -20.186649 17.540930 -13.862679 7.451918 -8.205695 8.096063 -0.866610 -3.123897
6.341592 -9.407572 18.338188 -8.224150 9.229232 -13.136780 14.556269 25.216290 2.425608 -18.643471 -5.772647 -7.823046 -34.582554 -2.730840 1.060734 18.809553 -9.190657 3.661809 -11.471009 -12.346930 -3.749090 -15.731024 -20.214361 17.491152 -13.698121 7.475040 -8.237573 8.197447 -0.740238 -3.132804
6.691362 -9.725319 17.388615 -8.454535 9.282898 -12.721523 14.151420 25.199257 2.147676 -18.828535 -5.876559 -7.588282 -34.638069 -2.673368 0.841810 19.061298 -9.329476 3.302121 -11.366433 -12.330221 -3.661658 -15.826585 -20.292130 17.467657 -13.403675 7.437514 -8.150837 8.383811 -0.691254 -2.868258
7.028311 -10.241041 16.349012 -8.736841 9.361577 -12.203695 13.590365 25.371296 2.038124 -18.999313 -6.237365 -7.305776 -34.608173 -2.503041 0.626788 19.573513 -9.642125 3.126933 -11.049647 -12.197237 -3.503429 -16.121565 -20.443037 17.489437 -12.893754 7.647165 -8.064744 8.668457 -0.428643 -2.829830
7.215168 -10.953974 15.433587 -9.192480 9.233097 -11.636873 13.230701 25.320108 2.005921 -19.237137 -6.481935 -7.032818 -34.524929 -2.573748 0.271055 20.158138 -10.245024 2.870219 -10.783681 -11.997636 -3.466510 -16.369799 -20.591978 17.578293 -12.260214 7.812368 -7.677424 9.168617 -0.173458 -2.525476
7.522177 -11.923145 14.243873 -9.799730 9.053555 -10.967806 12.950996 25.485710 1.935841 -19.545481 -6.807612 -6.664932 -34.392597 -2.662759 -0.234787 20.905830 -11.148267 2.643471 -10.555346 -11.672149 -3.270565 -16.546534 -20.576265 17.567371 -11.632133 7.980613 -7.409253 9.658181 0.059553 -2.079236
7.851224 -13.046505 13.011885 -10.640936 8.656869 -10.084574 12.689184 25.585749 1.994836 -19.925596 -6.908447 -6.337963 -34.437382 -2.853514 -0.703572 21.499870 -12.037745 2.693982 -10.384934 -11.236401 -3.072632 -16.760416 -20.666872 17.568712 -11.037014 8.144575 -7.045759 10.149721 0.383805 -1.651410
7.937171 -14.041343 11.857754 -11.313115 8.404859 -9.390611 12.447029 25.732307 2.011875 -20.217121 -6.940357 -6.181599 -34.269699 -2.946388 -1.211737 22.215981 -12.988138 2.595838 -10.485923 -11.113716 -3.028881 -16.899668 -20.795572 17.538624 -10.738953 8.245010 -6.638904 10.523178 0.640531 -1.210356
8.353251 -14.579639 11.258268 -11.831768 8.259806 -9.077637 12.262061 25.704075 2.265294 -20.272402 -7.068574 -6.026525 -34.009441 -3.046902 -1.568678 22.537846 -13.711745 2.701557 -10.646111 -10.739224 -2.912224 -17.204546 -20.975599 17.533491 -10.382674 8.542334 -6.386662 10.801565 0.971811 -0.888953
8.513356 -15.135598 10.805090 -12.175217 7.996470 -8.737150 12.259362 25.659279 2.428644 -20.319536 -7.284553 -5.865489 -33.905487 -3.031146 -1.828459 22.809685 -14.220485 2.888285 -10.625173 -10.282980 -2.831373 -17.385340 -21.090010 17.533106 -10.097387 8.726402 -6.229436 11.018991 1.165770 -0.631335
8.710609 -15.507239 10.517352 -12.375843 7.758074 -8.480598 12.335869 25.652040 2.460552 -20.399351 -7.324377 -5.828835 -33.756130 -3.206664 -2.050995 23.057301 -14.691501 2.838242 -10.692946 -10.230534 -2.765405 -17.510973 -21.159880 17.464132 -9.889983 8.820687 -6.080654 11.230761 1.310992 -0.306124
8.791675 -15.817294 10.249340 -12.493408 7.664282 -8.247812 12.353144 25.673246 2.424434 -20.454849 -7.386954 -5.757354 -33.744492 -3.252460 -2.152430 23.187551 -14.808135 2.770094 -10.662046 -10.139352 -2.772848 -17.638456 -21.239538 17.338293 -9.765292 8.883002 -6.023867 11.393588 1.398165 -0.056699
8.815078 -15.927826 10.193457 -12.548199 7.533962 -8.143166 12.428064 25.640507 2.392868 -20.506922 -7.407334 -5.684086 -33.806908 -3.292740 -2.215170 23.218018 -14.836865 2.727646 -10.592588 -10.094319 -2.785702 -17.693489 -21.300661 17.304918 -9.701887 8.908982 -6.018167 11.447803 1.412249 0.025230
8.795228 -15.994072 10.186548 -12.574047 7.516006 -8.064864 12.454639 25.610329 2.381630 -20.503317 -7.417444 -5.666329 -33.803139 -3.282354 -2.218848 23.261265 -14.830385 2.742122 -10.576238 -10.005824 -2.787197 -17.721943 -21.325171 17.299854 -9.680679 8.929123 -6.024211 11.448381 1.428153 0.022727
8.795228 -15.994072 10.186548 -12.574047 7.516006 -8.064864 12.454639 25.610329 2.381630 -20.503317 -7.417444 -5.666329 -33.803139 -3.282354 -2.218848 23.261265 -14.830385 2.742122 -10.576238 -10.005824 -2.787197 -17.721943 -21.325171 17.299854 -9.680679 8.929123 -6.024211 11.448381 1.428153 0.022727
8.795228 -15.994072 10.186548 -12.574047 7.516006 -8.064864 12.454639 25.610329 2.381630 -20.503317 -7.417444 -5.666329 -33.803139 -3.282354 -2.218848 23.261265 -14.830385 2.742122 -10.576238 -10.005824 -2.787197 -17.721943 -21.325171 17.299854 -9.680679 8.929123 -6.024211 11.448381 1.428153 0.022727
8.795228 -15.994072 10.186548 -12.574047 7.516006 -8.064864 12.454639 25.610329 2.381630 -20.503317 -7.417444 -5.666329 -33.803139 -3.282354 -2.218848 23.261265 -14.830385 2.742122 -10.576238 -10.005824 -2.787197 -17.721943 -21.325171 17.299854 -9.680679 8.929123 -6.024211 11.448381 1.428153 0.022727
8.795228 -15.994072 10.186548 -12.574047 7.516006 -8.064864 12.454639 25.610329 2.381630 -20.503317 -7.417444 -5.666329 -33.803139 -3.282354 -2.218848 23.261265 -14.830385 2.742122 -10.576238 -10.005824 -2.787197 -17.721943 -21.325171 17.299854 -9.680679 8.929123 -6.024211 11.448381 1.428153 0.022727
8.795228 -15.994072 10.186548 -12.574047 7.516006 -8.064864 12.454639 25.610329 2.381630 -20.503317 -7.417444 -5.666329 -33.803139 -3.282354 -2.218848 23.261265 -14.830385 2.742122 -10.576238 -10.005824 -2.786881 -17.721413 -21.325197 17.300201 -9.680328 8.929458 -6.024124 11.448101 1.428187 0.022377
8.795228 -15.994072 10.186548 -12.574047 7.516006 -8.064864 12.454639 25.610329 2.381630 -20.503317 -7.417444 -5.666329 -33.803139 -3.282354 -2.218848 23.261265 -14.830385 2.742122 -10.576238 -10.005824 -2.786881 -17.721413 -21.325197 17.300201 -9.680328 8.929458 -6.024124 11.448101 1.428187 0.022377
8.795228 -15.994072 10.186548 -12.574047 7.516006 -8.064864 12.454639 25.610329 2.381630 -20.503317 -7.417444 -5.666329 -33.803139 -3.282354 -2.218848 23.261265 -14.830385 2.742122 -10.576238 -10.005824 -2.786881 -17.721413 -21.325197 17.300201 -9.680328 8.929458 -6.024124 11.448101 1.428187 0.022377
8.795228 -15.994072 10.186548 -12.574047 7.516006 -8.064864 12.454639 25.610329 2.381630 -20.503317 -7.417444 -5.666329 -33.803139 -3.282354 -2.218848 23.261265 -14.830385 2.742122 -10.576238 -10.005824 -2.786881 -17.721413 -21.325197 17.300201 -9.680328 8.929458 -6.024124 11.448101 1.428187 0.022377
8.795228 -15.994072 10.186548 -12.574047 7.516006 -8.064864 12.454639 25.610329 2.381630 -20.503317 -7.417444 -5.666329 -33.803139 -3.282354 -2.218848 23.261265 -14.830385 2.742122 -10.576238 -10.005824 -2.786881 -17.721413 -21.325197 17.300201 -9.680328 8.929458 -6.024124 11.448101 1.428187 0.022377
8.796042 -15.992130 10.190713 -12.573539 7.516358 -8.062616 12.452948 25.611416 2.382865 -20.505613 -7.421099 -5.670191 -33.801941 -3.285001 -2.225561 23.262407 -14.826952 2.744277 -10.575809 -10.005722 -2.786029 -17.718779 -21.326044 17.299122 -9.679022 8.930774 -6.022742 11.448380 1.428406 0.023282
8.796042 -15.992130 10.190713 -12.573539 7.516358 -8.062616 12.452948 25.611416 2.382865 -20.505613 -7.421099 -5.670191 -33.801941 -3.285001 -2.225561 23.262407 -14.826952 2.744277 -10.575809 -10.005722 -2.786029 -17.718779 -21.326044 17.299122 -9.679022 8.930774 -6.022742 11.448380 1.428406 0.023282
8.796042 -15.992130 10.190713 -12.573539 7.516358 -8.062616 12.452948 25.611416 2.382865 -20.505613 -7.421099 -5.670191 -33.801941 -3.285001 -2.225561 23.262407 -14.826952 2.744277 -10.575809 -10.005722 -2.786029 -17.718779 -21.326044 17.299122 -9.679022 8.930774 -6.022742 11.448380 1.428406 0.023282
8.795665 -15.992102 10.191842 -12.573090 7.516715 -8.062361 12.452844 25.610653 2.383681 -20.506687 -7.423390 -5.672436 -33.800385 -3.286469 -2.229834 23.262226 -14.823640 2.744541 -10.575805 -10.005754 -2.783196 -17.713694 -21.326944 17.298660 -9.675390 8.931175 -6.021443 11.447196 1.427698 0.018275
8.795665 -15.992102 10.191842 -12.573090 7.516715 -8.062361 12.452844 25.610653 2.383681 -20.506687 -7.423390 -5.672436 -33.800385 -3.286469 -2.229834 23.262226 -14.823640 2.744541 -10.575805 -10.005754 -2.783196 -17.713694 -21.326944 17.298660 -9.675390 8.931175 -6.021443 11.447196 1.427698 0.018275
13.001141 -13.806751 7.780290 -13.796907 3.700398 -2.571104 14.866663 20.248466 -4.096536 -23.117207 -0.777972 0.137431 -35.669823 -9.657247 3.320234 10.525864 -14.477210 3.582574 -18.394001 -2.347007 2.299203 -10.449580 -15.694826 13.305688 -10.733140 10.230847 -1.845589 15.608689 8.073327 -6.191796
13.001141 -13.806751 7.780290 -13.796907 3.700398 -2.571104 14.866663 20.248466 -4.096536 -23.117207 -0.777972 0.137431 -35.669823 -9.657247 3.320234 10.525864 -14.477210 3.582574 -18.394001 -2.347007 2.299203 -10.449580 -15.694826 13.305688 -10.733140 10.230847 -1.845589 15.608689 8.073327 -6.191796
13.001141 -13.806751 7.780290 -13.796907 3.700398 -2.571104 14.866663 20.248466 -4.096536 -23.117207 -0.777972 0.137431 -35.669823 -9.657247 3.320234 10.525864 -14.477210 3.582574 -18.394001 -2.347007 2.299203 -10.449580 -15.694826 13.305688 -10.733140 10.230847 -1.845589 15.608689 8.073327 -6.191796
13.001141 -13.806751 7.780290 -13.796907 3.700398 -2.571104 14.866663 20.248466 -4.096536 -23.117207 -0.777972 0.137431 -35.669823 -9.657247 3.320234 10.525864 -14.477210 3.582574 -18.394001 -2.347007 2.299203 -10.449580 -15.694826 13.305688 -10.733140 10.230847 -1.845589 15.608689 8.073327 -6.191796
13.001141 -13.806751 7.780290 -13.796907 3.700398 -2.571104 14.866663 20.248466 -4.096536 -23.117207 -0.777972 0.137431 -35.669823 -9.657247 3.320234 10.525864 -14.477210 3.582574 -18.394001 -2.347007 2.299203 -10.449580 -15.694826 13.305688 -10.733140 10.230847 -1.845589 15.608689 8.073327 -6.191796
11.531054 -13.139692 9.064072 -13.054272 4.629655 -2.444110 14.615261 19.944843 -3.363699 -23.867371 -2.041599 -4.084965 -34.966064 -9.674267 -0.963672 12.698352 -11.144515 5.565464 -17.297409 -3.171689 1.668244 -14.795960 -14.715097 13.475101 -12.844683 8.872598 -3.284349 16.085081 7.341889 -5.447942
11.148046 -13.207911 9.090028 -13.087046 4.841191 -2.556906 14.339459 19.996876 -3.202195 -23.936081 -1.935948 -4.604161 -34.939564 -9.455943 -1.127897 12.938581 -10.685923 5.824978 -17.151518 -3.406383 1.687782 -14.716148 -14.736044 13.366860 -12.702709 8.759356 -3.486689 16.073923 7.240409 -5.405805
11.034966 -13.522408 8.769460 -12.923090 5.148581 -2.042534 14.261834 20.034103 -3.280180 -23.856966 -1.925617 -4.775603 -34.916237 -9.457145 -1.038719 12.907017 -10.471831 5.965788 -17.076103 -3.329676 1.835162 -14.904002 -14.583385 13.367339 -12.853174 8.679158 -3.642830 16.072300 7.207876 -5.317903
11.119022 -13.537436 8.745011 -12.908745 5.132533 -2.096916 14.278856 20.045502 -3.278430 -23.873728 -1.956094 -4.753216 -34.889820 -9.415736 -0.996202 12.931641 -10.592814 5.956548 -17.106789 -3.293613 1.835260 -14.941043 -14.580778 13.391061 -12.888804 8.721936 -3.646450 16.048389 7.225502 -5.288339
11.138628 -13.554104 8.732699 -12.892535 5.122540 -2.108944 14.270044 20.045286 -3.287210 -23.885506 -1.985498 -4.747354 -34.882301 -9.406068 -1.011459 12.942924 -10.616140 5.970578 -17.106050 -3.312269 1.864152 -14.953026 -14.582855 13.399064 -12.890130 8.757669 -3.671935 16.020269 7.245303 -5.273635
11.138523 -13.554034 8.732969 -12.892036 5.121974 -2.108843 14.270516 20.045252 -3.287514 -23.885576 -1.985676 -4.747491 -34.882233 -9.405509 -1.011572 12.943840 -10.616357 5.970237 -17.105448 -3.312656 1.864311 -14.954815 -14.582779 13.398678 -12.890840 8.757291 -3.672808 16.020510 7.245325 -5.272451
11.144331 -13.554127 8.726708 -12.896772 5.124773 -2.112600 14.269790 20.046207 -3.284966 -23.884600 -1.990413 -4.736828 -34.878765 -9.387912 -0.989871 12.948757 -10.658617 5.966394 -17.109499 -3.321596 1.863097 -14.957705 -14.582833 13.398597 -12.892701 8.756077 -3.672845 16.021328 7.245219 -5.272209
11.146549 -13.550598 8.721533 -12.899214 5.126158 -2.106337 14.267262 20.042837 -3.291356 -23.884493 -1.985709 -4.747087 -34.883186 -9.406473 -1.011129 12.944658 -10.617007 5.970046 -17.103304 -3.313152 1.865541 -14.954581 -14.582999 13.399738 -12.889611 8.757447 -3.672922 16.020370 7.245438 -5.272963
11.146616 -13.550610 8.721586 -12.899148 5.126068 -2.106579 14.267359 20.042877 -3.291353 -23.884550 -1.986515 -4.748662 -34.881317 -9.405072 -1.011039 12.947384 -10.618896 5.971945 -17.102934 -3.311817 1.865531 -14.954640 -14.582141 13.398873 -12.890489 8.756814 -3.673201 16.020819 7.245566 -5.272738
11.146787 -13.546996 8.698570 -12.913937 5.126574 -2.112780 14.284492 20.048094 -3.300277 -23.855097 -1.974733 -4.733099 -34.880650 -9.378978 -0.957947 12.946582 -10.672019 5.966093 -17.109118 -3.311658 1.857141 -14.949328 -14.581112 13.401422 -12.889215 8.744588 -3.662305 16.030533 7.238196 -5.280296
11.129620 -13.536659 8.708333 -12.923161 5.130942 -2.102361 14.291468 20.046112 -3.296856 -23.848221 -1.945730 -4.740295 -34.884281 -9.401015 -0.959416 12.926759 -10.615173 5.959284 -17.107759 -3.298883 1.845420 -14.949786 -14.582545 13.395391 -12.890383 8.729734 -3.656051 16.042183 7.232484 -5.283015
11.129010 -13.536528 8.708845 -12.923038 5.130568 -2.102298 14.291689 20.046150 -3.296822 -23.848274 -1.946272 -4.740909 -34.884621 -9.402845 -0.960825 12.925595 -10.613523 5.961378 -17.107634 -3.299922 1.846221 -14.949470 -14.582054 13.396194 -12.889606 8.730927 -3.656228 16.042557 7.232845 -5.282803
11.129010 -13.536528 8.708845 -12.923038 5.130568 -2.102298 14.291689 20.046150 -3.296822 -23.848274 -1.946272 -4.740909 -34.884621 -9.402845 -0.960825 12.925595 -10.613523 5.961378 -17.107634 -3.299922 1.846221 -14.949470 -14.582054 13.396194 -12.889606 8.730927 -3.656228 16.042557 7.232845 -5.282803
11.129010 -13.536528 8.708845 -12.923038 5.130568 -2.102298 14.291689 20.046150 -3.296822 -23.848274 -1.946272 -4.740909 -34.884621 -9.402845 -0.960825 12.925595 -10.613523 5.961378 -17.107634 -3.299922 1.845908 -14.949973 -14.582027 13.395845 -12.889946 8.730599 -3.656313 16.042828 7.232817 -5.282457
11.129010 -13.536528 8.708845 -12.923038 5.130568 -2.102298 14.291689 20.046150 -3.296822 -23.848274 -1.946272 -4.740909 -34.884621 -9.402845 -0.960825 12.925595 -10.613523 5.961378 -17.107634 -3.299922 1.846221 -14.949470 -14.582054 13.396194 -12.889606 8.730927 -3.656228 16.042557 7.232845 -5.282803
11.135614 -13.537721 8.699454 -12.926121 5.131684 -2.106569 14.293007 20.049255 -3.298727 -23.843658 -1.939676 -4.726003 -34.893970 -9.376115 -0.920940 12.937844 -10.669945 5.947511 -17.110338 -3.301327 1.861358 -14.946673 -14.581088 13.402262 -12.887471 8.748507 -3.662877 16.027323 7.239719 -5.280295
11.135614 -13.537721 8.699454 -12.926121 5.131684 -2.106569 14.293007 20.049255 -3.298727 -23.843658 -1.939214 -4.726012 -34.894142 -9.375816 -0.919887 12.937834 -10.670024 5.947238 -17.110373 -3.300623 1.861158 -14.949058 -14.581045 13.401904 -12.888518 8.748284 -3.663513 16.027924 7.239966 -5.279282
11.135614 -13.537721 8.699454 -12.926121 5.131684 -2.106569 14.293007 20.049255 -3.298727 -23.843658 -1.939214 -4.726012 -34.894142 -9.375816 -0.919887 12.937834 -10.670024 5.947238 -17.110373 -3.300623 1.861477 -14.948513 -14.581076 13.402247 -12.888165 8.748620 -3.663425 16.027641 7.240004 -5.279634
11.147458 -13.543987 8.701226 -12.915695 5.129735 -2.114566 14.282159 20.046953 -3.296235 -23.856956 -1.975324 -4.729320 -34.878277 -9.376798 -0.956402 12.945093 -10.672386 5.964644 -17.109354 -3.320081 1.858322 -14.950244 -14.581364 13.400342 -12.888322 8.744847 -3.663925 16.030302 7.239397 -5.280297
11.147458 -13.543987 8.701226 -12.915695 5.129735 -2.114566 14.282159 20.046953 -3.296235 -23.856956 -1.975324 -4.729320 -34.878277 -9.376798 -0.956402 12.945093 -10.672386 5.964644 -17.109354 -3.320081 1.858322 -14.950244 -14.581364 13.400342 -12.888322 8.744847 -3.663925 16.030302 7.239397 -5.280297
11.147458 -13.543987 8.701226 -12.915695 5.129735 -2.114566 14.282159 20.046953 -3.296235 -23.856956 -1.975324 -4.729320 -34.878277 -9.376798 -0.956402 12.945093 -10.672386 5.964644 -17.109354 -3.320081 1.858003 -14.950786 -14.581336 13.399997 -12.888675 8.744511 -3.664012 16.030584 7.239359 -5.279944
