11.163736 -13.516516 8.647851 -12.860806 5.193228 -2.114217 14.203266 20.099087 -3.311170 -23.860239 -1.967916 -4.777590 -34.887600 -9.363116 -0.928326 12.936703 -10.669999 5.961353 -17.078651 -3.427567 1.843754 -14.907514 -14.558732 13.405416 -12.898242 8.705856 -3.672304 16.034645 7.187362 -5.246023
11.143665 -13.480490 8.535527 -12.780971 5.488503 -2.001302 13.925074 20.131208 -3.304616 -23.758081 -1.964822 -4.898349 -34.867348 -9.386877 -0.870160 12.858337 -10.622695 6.012778 -17.093493 -3.598142 1.808587 -14.862523 -14.540827 13.408708 -12.918443 8.654433 -3.697757 16.004265 7.111304 -5.233941
11.015627 -13.328144 8.688996 -12.523502 5.888532 -1.917962 13.554532 20.104197 -3.176749 -23.530008 -1.996100 -5.107085 -34.864231 -9.246934 -0.717547 12.844810 -10.470185 6.122642 -16.961767 -3.852981 1.715954 -14.826161 -14.589154 13.510489 -12.981023 8.581878 -3.791033 15.817091 6.950424 -5.373633
10.843073 -13.455332 8.915100 -12.205017 6.381054 -1.784350 13.017719 20.203262 -2.829992 -23.272657 -2.127410 -5.181249 -34.945686 -8.959973 -0.548967 12.825664 -10.109975 6.147305 -16.761000 -3.962925 1.646285 -14.778546 -14.610947 13.565743 -13.121962 8.458589 -4.017233 15.549798 6.724955 -5.561037
10.873454 -13.479309 9.430051 -11.597905 6.847950 -1.791681 12.511248 20.296169 -2.582263 -23.081097 -2.152060 -5.367528 -34.939186 -8.868234 -0.398454 12.820948 -9.881159 5.954158 -16.643806 -4.509321 1.518718 -14.709462 -14.661266 13.616345 -13.273829 8.252011 -4.164937 15.316475 6.464238 -5.619540
10.763353 -13.320284 10.443879 -10.751657 7.390040 -2.014448 11.960130 20.722120 -2.295716 -22.797159 -2.171534 -5.504257 -35.222206 -8.594534 -0.083053 12.619812 -9.285252 5.884211 -16.362226 -5.016932 1.345861 -14.591579 -14.731593 13.702817 -13.519738 8.022120 -4.342175 14.942994 6.138660 -5.720537
10.677025 -12.984023 11.462735 -10.205382 7.524920 -2.254924 11.938780 20.695929 -2.187353 -22.794233 -2.287922 -5.567641 -35.403427 -8.382694 0.373044 11.959425 -8.553302 5.961710 -16.279369 -5.323170 1.351627 -14.527480 -14.740202 13.803359 -13.614556 7.942721 -4.687545 14.589598 5.873293 -5.891848
9.934210 -12.187582 12.770884 -9.764874 7.891955 -2.726548 11.832218 20.773376 -1.851225 -22.504148 -2.340389 -5.646686 -35.563515 -8.123624 0.685630 11.542593 -7.983057 5.832289 -16.218878 -5.858107 1.336213 -14.397723 -14.692148 13.929486 -13.904655 7.776467 -4.964689 14.246927 5.630364 -6.190546
9.328465 -11.608631 14.001196 -9.530344 8.344380 -3.255940 11.832259 20.885670 -1.381049 -22.155798 -2.140587 -5.776652 -35.827400 -8.036213 0.902009 11.082313 -7.447874 5.832989 -16.265505 -6.243355 1.170060 -14.340437 -14.852506 14.106704 -14.195673 7.580818 -5.164353 13.912079 5.370855 -6.495535
9.026975 -10.861704 15.028101 -9.233234 9.118868 -3.982692 11.834166 20.991402 -0.899904 -21.557575 -2.035065 -5.750702 -36.045639 -8.076586 0.963736 10.815554 -7.283500 5.794312 -16.314434 -6.476973 1.315511 -14.288811 -14.800264 14.254634 -14.348687 7.504229 -5.444139 13.682864 5.254778 -6.689253
8.723355 -10.220175 16.021488 -8.910644 9.550252 -4.516965 11.848646 21.223057 -0.638766 -21.276731 -1.906691 -5.720551 -36.260983 -8.111270 0.935189 10.767331 -7.263187 5.653797 -16.280767 -6.682449 1.215472 -14.128706 -14.762898 14.366614 -14.628070 7.350290 -5.373785 13.538988 5.137554 -6.801160
8.016494 -9.929519 17.055603 -8.300905 9.556828 -5.282069 12.353626 20.957914 -0.334424 -20.845907 -1.870511 -5.619338 -36.427696 -8.144214 0.906247 10.631730 -7.235183 5.683595 -16.288464 -6.703177 1.297573 -14.168588 -14.844185 14.548569 -14.627631 7.364894 -5.265718 13.499771 5.244421 -7.027433
6.903368 -9.622535 18.474066 -7.988385 9.770400 -5.436656 13.052492 20.256332 -0.116348 -20.467392 -1.836535 -3.825481 -37.204235 -10.533738 0.517691 8.485054 -7.940042 5.332450 -16.867208 -5.441755 1.689003 -13.942986 -14.532559 14.879064 -14.917413 7.334928 -4.588136 13.554691 5.738120 -7.668388
6.127027 -9.140296 19.607655 -7.808437 10.056438 -5.870018 13.218661 20.118860 0.296944 -20.122366 -1.739357 -2.995187 -37.345253 -11.482451 0.000137 7.985289 -8.695651 4.981620 -17.252619 -4.800533 1.858843 -13.900837 -14.517876 15.234454 -14.848451 7.367714 -4.391889 13.473409 5.825387 -7.989443
5.605870 -8.847313 20.069416 -7.547647 9.993700 -6.225666 13.647238 20.046242 0.188979 -19.899134 -1.757324 -2.805124 -37.288132 -11.656575 -0.275637 8.047627 -9.197713 4.907174 -17.321444 -4.740549 1.952534 -13.988489 -14.604682 15.367699 -14.713420 7.481310 -4.236439 13.491076 5.994639 -8.078076
4.834887 -8.702810 20.296318 -7.227515 9.869344 -6.310674 14.126020 19.827698 -0.026698 -19.616163 -1.818343 -2.710671 -37.125393 -11.717476 -0.494904 8.251826 -9.558566 4.844683 -17.381662 -4.658894 1.999240 -14.049456 -14.709974 15.404119 -14.667871 7.507841 -4.115846 13.468370 6.097949 -8.040991
4.398929 -8.726090 20.468498 -7.164389 9.907611 -6.023802 14.312118 19.725883 0.024349 -19.281826 -1.912291 -2.642323 -36.977020 -11.762942 -0.550376 8.253146 -9.724182 4.842231 -17.445927 -4.569170 2.014201 -14.179973 -14.838444 15.362041 -14.607902 7.585185 -4.032229 13.470221 6.246176 -8.028704
4.049064 -8.854095 20.493773 -7.204546 9.835258 -5.738154 14.543175 19.575712 0.005862 -19.164686 -1.931108 -2.601913 -36.873772 -11.772468 -0.670244 8.357401 -9.913173 4.820786 -17.516644 -4.490890 2.042460 -14.299417 -14.953898 15.232321 -14.542633 7.585188 -4.048173 13.526386 6.345103 -7.994517
3.827793 -8.967183 20.452316 -7.188238 9.800434 -5.501936 14.685298 19.511459 -0.051110 -19.085732 -1.882414 -2.601548 -36.938469 -11.777108 -0.718920 8.332101 -9.938302 4.915657 -17.529387 -4.444911 2.114196 -14.325143 -14.960329 15.164618 -14.554564 7.571283 -4.080003 13.519020 6.404209 -7.974885
3.771353 -8.986588 20.398245 -7.287040 9.832422 -5.362940 14.677334 19.476393 -0.032196 -19.030386 -1.875110 -2.620600 -36.946373 -11.781371 -0.717400 8.337436 -9.954707 4.945687 -17.500582 -4.459168 2.114240 -14.346098 -14.977701 15.138721 -14.537476 7.569462 -4.078589 13.540060 6.422844 -7.968010
3.990017 -9.029665 20.411053 -7.336152 9.792417 -5.367304 14.572493 19.421680 0.022499 -19.146414 -1.942446 -2.541928 -36.943710 -11.799504 -0.660754 8.248428 -9.844289 4.929900 -17.498899 -4.312521 2.186353 -14.271055 -14.928504 15.215398 -14.619973 7.506804 -3.952016 13.534271 6.456671 -8.038947
4.574515 -8.741064 20.253708 -8.063871 10.194811 -5.181593 13.830404 19.362350 0.352393 -19.194006 -2.164262 -2.136909 -37.328209 -11.774962 -0.639768 8.193754 -9.685345 4.930186 -17.103037 -3.953774 2.183713 -14.028363 -14.776405 15.479008 -14.769574 7.328066 -3.644423 13.559026 6.357147 -8.152667
5.349617 -8.847360 19.925251 -8.999715 10.599946 -5.104674 12.937467 19.300472 1.067051 -19.356546 -2.453345 -1.495974 -37.898621 -11.730915 -0.773483 8.296233 -9.710579 4.867626 -16.509607 -3.437724 1.911553 -13.677090 -14.697741 15.815125 -14.910060 7.041089 -3.196745 13.678087 6.039200 -8.045129
6.277417 -8.965574 19.089054 -9.957147 11.162335 -4.080947 11.897319 19.290371 1.444059 -19.399195 -2.869582 -0.840631 -38.384945 -11.497231 -0.780903 8.416420 -9.505608 4.738271 -15.828982 -2.830507 1.685688 -13.462358 -14.888836 16.076542 -15.052547 6.619835 -2.849023 13.673902 5.693376 -7.899364
7.154639 -10.058989 16.920818 -10.764100 11.440899 -3.005658 10.784390 18.868690 1.747376 -19.288042 -3.377755 0.076424 -39.110184 -11.157422 -0.861457 8.700546 -9.285028 4.607918 -14.810434 -1.968241 1.423843 -13.187364 -15.056670 16.216526 -15.295753 6.060866 -2.452086 13.718427 5.333597 -7.681989
8.117084 -11.882446 14.040219 -11.809221 11.689002 -1.446864 9.423530 18.822208 1.937152 -19.122936 -4.252165 0.596472 -39.129742 -10.456010 -0.701044 9.445784 -9.033757 4.473849 -13.790132 -1.193340 1.194906 -12.898802 -15.306486 16.382332 -15.384785 5.570706 -2.035251 13.738684 4.896255 -6.945023
9.218867 -13.299364 11.758104 -12.701235 12.020571 -0.360787 8.198893 19.264271 2.380507 -18.454750 -5.134192 0.997684 -38.922585 -9.674430 -0.675643 10.472685 -9.197967 4.560205 -12.784509 -0.431299 0.927671 -12.617768 -15.536232 16.313709 -15.467796 5.198631 -1.581302 13.784719 4.538403 -5.639034
10.842079 -14.614206 9.728129 -13.093648 11.716539 0.139957 8.204383 18.831808 2.620645 -17.840408 -6.269779 1.429975 -38.183456 -9.052317 -0.678635 11.636652 -9.714870 4.513017 -11.901273 0.477391 0.667186 -12.240460 -15.485477 16.048227 -15.387440 4.907912 -1.110973 14.154321 4.217339 -3.979356
12.082420 -16.206408 8.170115 -13.729913 12.232536 0.635303 7.886746 18.347527 3.471394 -16.846138 -7.010048 1.521904 -37.740425 -8.968251 -0.375122 11.893150 -9.815022 5.225469 -11.096519 1.600299 0.755951 -12.170211 -15.431458 15.587646 -14.975876 4.854497 -0.818721 14.700131 4.291671 -2.320244
12.082682 -18.236158 6.820091 -14.111027 11.825068 1.022776 8.639599 17.688631 3.406601 -16.818731 -7.896268 1.429151 -37.199661 -8.771861 0.194402 12.195365 -9.805049 6.303787 -10.082427 2.895005 0.743708 -12.012291 -15.177607 15.218998 -14.949031 4.793090 -0.444780 15.269951 4.402423 -0.956913
12.173931 -18.832359 6.597235 -13.865838 11.724569 0.381343 9.449027 16.753819 3.439286 -16.121964 -8.741100 1.255565 -36.374454 -8.750586 0.852498 12.553355 -9.700905 6.727064 -9.294857 3.659478 0.560158 -11.858788 -14.912125 14.555511 -14.944225 4.590099 -0.098786 16.036430 4.406695 0.550692
12.075106 -17.984640 6.664266 -14.126792 12.645502 -0.092642 9.093061 15.618084 3.580726 -15.210975 -9.804388 0.931807 -35.479679 -8.311761 1.802315 12.837676 -8.930604 7.232099 -8.496696 4.612237 0.349470 -11.673875 -14.657080 14.147586 -14.953929 4.264739 0.158414 16.694839 4.234790 1.710760
11.459806 -17.579657 6.733386 -14.366215 12.781766 -0.546740 9.465221 13.781715 3.446255 -14.845275 -10.596489 0.444986 -34.716797 -8.193683 2.622886 13.039526 -8.349001 7.546000 -7.756321 4.981827 0.027969 -11.484069 -14.523115 13.789622 -14.911761 3.852072 0.453167 17.328634 3.969235 2.703364
10.766603 -17.345406 6.676076 -14.321582 13.435452 -0.336230 9.543095 12.559671 3.525753 -14.037539 -11.130691 -0.131898 -33.794121 -8.022259 3.283578 13.037832 -8.029934 8.081130 -7.640429 5.308377 0.256924 -11.314066 -13.970356 13.262544 -14.958770 3.585568 -0.082663 17.545509 3.755129 2.985205
10.012297 -16.698977 6.692614 -14.432089 14.079251 -0.593425 9.681822 11.617935 3.717940 -13.173509 -11.546241 -0.791074 -32.896057 -7.749162 3.741760 13.153484 -7.908867 8.467676 -7.671052 5.266216 0.348783 -11.039154 -13.537771 12.896747 -15.085355 3.347117 -0.271572 17.763105 3.554060 3.492634
9.313620 -15.838984 6.956033 -14.928186 14.659592 -0.629779 9.666547 11.084074 3.881275 -12.646124 -11.835424 -1.544359 -32.290970 -7.419985 4.492561 12.944736 -7.126102 8.881538 -7.607705 5.084106 0.422470 -10.895009 -13.163132 12.477798 -15.106177 3.186574 -0.461320 18.033688 3.481817 3.890637
8.524191 -15.843909 6.513199 -15.186135 14.971089 -0.508947 9.665564 10.719471 3.713108 -12.428196 -12.025141 -1.831910 -31.628296 -7.412216 4.825603 12.901185 -6.919270 8.839322 -7.751444 5.101172 0.515270 -10.645932 -12.707218 12.155164 -15.239398 3.062907 -0.469613 18.301184 3.516295 4.189383
8.178826 -15.919308 6.257342 -15.472826 15.172408 -0.462104 9.626472 10.544680 3.704077 -12.327288 -12.043802 -1.985278 -31.373501 -7.427472 5.151034 12.747853 -6.509541 8.870526 -7.807889 5.233285 0.673174 -10.578276 -12.385253 11.840096 -15.223818 3.021098 -0.641648 18.479164 3.570312 4.317195
7.779988 -16.098484 5.928737 -15.668419 15.232360 -0.416123 9.588063 10.336922 3.667483 -12.299925 -12.088797 -2.009565 -31.186132 -7.419003 5.287364 12.663651 -6.352176 8.925297 -7.881561 5.433874 0.756382 -10.532934 -12.243842 11.724523 -15.231694 3.023105 -0.667853 18.559284 3.621607 4.408144
7.804765 -16.088169 5.747633 -15.713180 15.312139 -0.432968 9.530952 10.342948 3.617841 -12.281865 -12.092098 -1.983278 -31.176640 -7.411603 5.295624 12.673079 -6.328093 8.935546 -7.892756 5.492085 0.777532 -10.533662 -12.238560 11.703574 -15.231710 3.040431 -0.670560 18.566587 3.648492 4.433994
7.822595 -16.066645 5.665528 -15.748442 15.307291 -0.496020 9.539963 10.280443 3.587116 -12.299510 -12.097289 -1.972980 -31.186478 -7.392659 5.279861 12.694145 -6.349674 8.955803 -7.885965 5.534131 0.788547 -10.519515 -12.201617 11.682147 -15.215419 3.048854 -0.654513 18.606106 3.658192 4.486524
7.687547 -16.096531 5.425848 -15.793956 15.334285 -0.471580 9.588951 10.206127 3.379936 -12.395531 -12.099051 -1.960786 -31.174406 -7.389607 5.291374 12.687987 -6.315578 8.936467 -7.883065 5.560477 0.805758 -10.487586 -12.147625 11.643379 -15.221081 3.037923 -0.654126 18.628769 3.655649 4.540982
7.755103 -16.126116 5.093127 -15.945719 15.373625 -0.537377 9.548696 10.102547 3.302436 -12.447915 -12.114983 -1.961942 -31.119619 -7.395072 5.316033 12.677635 -6.289280 8.903211 -7.896602 5.568662 0.800431 -10.476845 -12.137582 11.628382 -15.223553 3.024725 -0.664950 18.627140 3.641819 4.545543
7.710897 -16.290874 4.537884 -15.968935 15.416797 -0.719350 9.561190 9.868280 3.141935 -12.460554 -12.132156 -1.934061 -31.038534 -7.386364 5.345829 12.694176 -6.231221 8.819909 -7.894465 5.617737 0.794766 -10.478511 -12.142203 11.617202 -15.237178 3.018420 -0.699347 18.594273 3.622830 4.529810
7.933099 -16.290754 3.963745 -16.378345 15.483298 -1.101864 9.436185 9.425745 3.249368 -12.520756 -12.142034 -1.903997 -30.940102 -7.388034 5.364013 12.745595 -6.208298 8.742768 -7.905482 5.700754 0.785347 -10.433953 -12.086340 11.569489 -15.273876 2.994074 -0.707930 18.592117 3.599877 4.560512
7.871301 -16.529562 2.929171 -16.953428 15.498869 -1.359770 9.360246 8.702234 3.181623 -12.700176 -12.166889 -1.889230 -30.838764 -7.388125 5.398924 12.731468 -6.157226 8.682723 -7.932594 5.733104 0.774352 -10.399684 -12.040262 11.546227 -15.300904 2.978053 -0.713697 18.585440 3.577461 4.572225
8.835360 -16.674114 1.358556 -18.037142 15.893260 -1.405128 8.768908 8.078691 3.484818 -12.512619 -12.208076 -1.871744 -30.712259 -7.368429 5.447616 12.702054 -6.085879 8.617631 -7.953173 5.772518 0.765245 -10.366693 -12.008814 11.536304 -15.336711 2.960582 -0.737169 18.545120 3.546536 4.554844
10.090034 -16.532900 0.079980 -19.445847 16.382324 -1.959271 8.200655 7.228158 4.192063 -12.064336 -12.245522 -1.843788 -30.626263 -7.345078 5.448829 12.694557 -6.072109 8.556712 -7.968868 5.778221 0.722124 -10.353457 -12.055547 11.571925 -15.365936 2.939678 -0.698417 18.509912 3.524909 4.517189
10.969555 -16.365145 -1.347157 -20.360468 17.001480 -2.343810 7.986639 7.008653 4.170501 -11.665845 -12.292114 -1.804884 -30.522482 -7.332637 5.444022 12.671816 -6.071103 8.519439 -7.990583 5.837744 0.713699 -10.299781 -12.018862 11.552596 -15.401515 2.906835 -0.697772 18.483217 3.493912 4.512265
11.788977 -16.335733 -2.298867 -20.974520 17.375896 -2.763460 7.838691 6.768837 4.293144 -11.352476 -12.359445 -1.779252 -30.343269 -7.314967 5.513229 12.601669 -5.974583 8.421863 -8.024368 5.880417 0.669462 -10.263627 -12.033163 11.594177 -15.438834 2.881535 -0.675600 18.441370 3.461516 4.427675
12.138743 -16.524746 -3.390470 -21.184484 17.637535 -2.782505 7.861796 6.452258 3.919771 -11.248267 -12.421433 -1.775892 -30.227291 -7.268239 5.551413 12.511415 -5.903098 8.400016 -8.070697 5.882183 0.667945 -10.208556 -11.970701 11.545796 -15.475144 2.850656 -0.695113 18.434097 3.433068 4.452532
11.830878 -17.207302 -4.776175 -20.606764 17.814144 -2.710671 7.969899 6.112234 3.195386 -11.124258 -12.509442 -1.753059 -30.020634 -7.210600 5.611170 12.477715 -5.803482 8.276090 -8.110305 5.921000 0.645755 -10.162330 -11.962676 11.562326 -15.502109 2.830761 -0.651335 18.423136 3.417036 4.437670
11.730919 -17.517330 -5.331308 -20.263622 17.894978 -2.482254 7.962257 5.945798 2.797196 -11.025255 -12.546746 -1.728501 -29.977859 -7.140736 5.615458 12.430017 -5.769787 8.323004 -8.122838 5.988275 0.595348 -10.130862 -11.965688 11.562314 -15.538135 2.810350 -0.616900 18.405903 3.395591 4.424588
11.093185 -17.974419 -6.463919 -19.823982 17.829365 -1.986120 8.241741 5.811327 1.767820 -11.166475 -12.602901 -1.731335 -29.953892 -7.104259 5.626930 12.338738 -5.736654 8.347518 -8.127522 5.936122 0.552118 -10.081170 -11.945837 11.546364 -15.565366 2.790546 -0.537788 18.432331 3.393958 4.464272
10.694571 -18.002230 -7.079687 -19.541746 17.926151 -1.672356 8.449185 5.857271 1.035053 -11.156424 -12.653556 -1.737138 -29.879536 -7.088830 5.635219 12.280140 -5.721790 8.381620 -8.141449 5.962200 0.508466 -10.071515 -11.970985 11.537532 -15.576703 2.787608 -0.458156 18.462006 3.411393 4.496379
10.444522 -18.002327 -7.480673 -19.249712 18.031969 -1.441070 8.519834 5.950436 0.534988 -11.084868 -12.686047 -1.748419 -29.898481 -7.071344 5.636999 12.220106 -5.718399 8.416474 -8.155770 5.889757 0.476140 -10.042985 -11.951771 11.493005 -15.591039 2.785541 -0.391427 18.502693 3.423333 4.583631
10.201914 -17.874449 -7.674193 -18.959999 17.971416 -1.144377 8.600279 6.044182 0.049211 -11.155096 -12.664804 -1.746236 -29.918118 -7.083416 5.599127 12.261516 -5.782198 8.495650 -8.150649 5.977484 0.449974 -10.029878 -11.943591 11.458679 -15.607303 2.774812 -0.367526 18.523357 3.424635 4.609905
9.957160 -17.804773 -7.446163 -18.633820 17.953922 -1.026612 8.769049 6.148951 -0.190092 -11.130394 -12.688345 -1.750628 -29.868332 -7.109880 5.604606 12.261525 -5.801042 8.486024 -8.158790 5.981695 0.436327 -10.025884 -11.945705 11.426534 -15.604877 2.775223 -0.315480 18.569162 3.447810 4.677651
9.763056 -17.823608 -7.387722 -18.439436 17.931864 -0.926199 8.846827 6.273709 -0.347992 -11.146749 -12.697704 -1.749838 -29.846073 -7.120917 5.602355 12.272187 -5.810766 8.488389 -8.159913 6.003050 0.436303 -10.030860 -11.953673 11.422760 -15.601283 2.776379 -0.312591 18.573078 3.450682 4.684639
9.663806 -17.774084 -7.319858 -18.288794 17.941025 -0.896029 8.903600 6.318042 -0.447776 -11.119133 -12.698038 -1.749051 -29.834660 -7.123410 5.600524 12.283147 -5.816292 8.485625 -8.159026 6.018089 0.432351 -10.029851 -11.965693 11.441286 -15.602866 2.773668 -0.304659 18.566378 3.448068 4.665041
9.703619 -17.829950 -7.425016 -18.370876 17.896021 -0.851158 8.869455 6.383125 -0.451955 -11.208647 -12.694109 -1.754042 -29.841463 -7.122251 5.601595 12.276069 -5.813464 8.491298 -8.160430 6.008141 0.435693 -10.029071 -11.954294 11.429198 -15.602293 2.775702 -0.310970 18.570267 3.448608 4.675612
9.814320 -17.863945 -7.483796 -18.439594 17.847775 -0.814846 8.799876 6.460537 -0.411540 -11.284962 -12.694359 -1.754888 -29.845112 -7.117789 5.603344 12.268315 -5.808440 8.487879 -8.159114 5.995698 0.438505 -10.033244 -11.951040 11.424178 -15.602263 2.772527 -0.337197 18.558960 3.440248 4.656058
10.033928 -18.011717 -7.872986 -18.737677 17.825411 -0.732762 8.616434 6.548534 -0.329410 -11.452522 -12.682527 -1.759042 -29.859505 -7.107059 5.593196 12.281460 -5.827244 8.506333 -8.163634 6.002049 0.447345 -10.029538 -11.941692 11.418138 -15.598927 2.774511 -0.334484 18.564617 3.444946 4.672659
10.263203 -18.186998 -8.376411 -19.133318 17.838425 -0.735729 8.432579 6.531514 -0.195182 -11.596952 -12.672958 -1.752745 -29.871040 -7.093523 5.597533 12.289694 -5.805801 8.485888 -8.152728 6.009362 0.456616 -10.034369 -11.930348 11.391877 -15.579734 2.790079 -0.303150 18.605118 3.473206 4.746152
10.290511 -18.324963 -8.567595 -19.282928 17.839767 -0.642829 8.357969 6.714144 -0.181359 -11.739329 -12.654809 -1.746551 -29.858812 -7.100218 5.600622 12.329421 -5.801263 8.442754 -8.141484 6.034709 0.474538 -10.037841 -11.918335 11.389455 -15.558385 2.804822 -0.290809 18.626400 3.488802 4.789319
9.968666 -18.450420 -8.016760 -19.202147 17.514755 -0.443623 8.452415 7.347387 -0.112313 -12.016069 -12.631351 -1.729949 -29.864275 -7.109731 5.594109 12.383230 -5.811829 8.421784 -8.136415 6.089386 0.495044 -10.043004 -11.910568 11.402671 -15.552520 2.807877 -0.330021 18.604509 3.481042 4.761250
9.976552 -18.366474 -7.196640 -19.130392 17.342133 -0.336381 8.376373 8.002567 0.212506 -12.175745 -12.609811 -1.719119 -29.903336 -7.101584 5.587846 12.403896 -5.811245 8.427356 -8.129189 6.111696 0.518351 -10.063387 -11.915319 11.419118 -15.536254 2.818465 -0.353945 18.601799 3.487233 4.746705
9.674646 -18.484098 -6.702758 -19.375711 17.118988 -0.056948 8.373872 8.520587 0.375193 -12.611641 -12.542988 -1.705863 -29.925867 -7.121081 5.546792 12.533553 -5.895357 8.438375 -8.123465 6.228302 0.553495 -10.103118 -11.932055 11.446162 -15.487374 2.848731 -0.352582 18.628963 3.517060 4.759198
9.145883 -18.577475 -6.153083 -19.498293 16.707800 0.175215 8.442467 9.138523 0.539179 -13.115322 -12.467474 -1.715037 -30.044380 -7.129150 5.479398 12.605796 -5.997116 8.525970 -8.107869 6.248949 0.591411 -10.141127 -11.932023 11.453675 -15.440478 2.878738 -0.366980 18.655296 3.542141 4.796975
8.448936 -18.492586 -4.894001 -18.946260 16.248512 0.465425 8.857417 9.803995 0.613575 -13.251636 -12.391102 -1.727685 -30.165911 -7.161925 5.404918 12.718170 -6.106409 8.567315 -8.080272 6.233107 0.617266 -10.227547 -12.027081 11.598540 -15.365952 2.938665 -0.384296 18.617924 3.557231 4.708182
8.458145 -18.445757 -3.604937 -19.095728 15.765952 0.508814 8.927361 10.222374 1.430186 -13.439439 -12.254922 -1.743122 -30.400848 -7.237625 5.299192 12.907094 -6.311086 8.740005 -8.027644 6.300092 0.643720 -10.300639 -12.071577 11.633052 -15.335172 2.979436 -0.403122 18.638504 3.595994 4.679859
8.360027 -18.444849 -2.360468 -19.123892 15.623231 0.893973 8.855076 10.923299 1.922009 -13.611407 -12.017154 -1.821189 -30.791716 -7.346864 5.147905 13.188879 -6.582941 8.919421 -7.916588 6.227949 0.637555 -10.466751 -12.274752 11.841840 -15.238847 3.063750 -0.413060 18.585049 3.631467 4.487546
8.029459 -18.465117 -2.132206 -18.791479 15.322051 1.298280 9.141264 11.323273 1.403521 -13.965831 -11.820065 -1.922360 -31.266911 -7.424653 4.995255 13.349382 -6.801926 9.112452 -7.802920 5.989339 0.589622 -10.592671 -12.462835 12.078261 -15.181079 3.135092 -0.408245 18.507973 3.638428 4.250738
7.622695 -18.701815 -1.857585 -17.564589 14.972714 1.699574 9.344647 11.996267 0.861621 -14.091015 -11.575264 -2.003046 -31.848534 -7.514502 4.755517 13.600521 -7.137590 9.337583 -7.673937 5.729467 0.495576 -10.795193 -12.784346 12.390805 -15.071773 3.236698 -0.362941 18.418419 3.664130 3.950572
10.039030 -1.631466 6.652780 -17.794199 5.637950 -5.010000 19.796188 7.463439 -11.190527 -21.598047 -5.541489 0.019160 -28.913427 -7.673000 7.796272 5.228190 -7.572452 3.090120 -21.008650 1.788373 1.179080 -6.317790 -8.829649 10.658678 -14.144233 9.983937 -2.340458 16.470806 6.924699 -5.244111
9.701221 -1.897512 6.821552 -17.222086 5.457436 -4.420398 19.737417 8.310837 -11.402172 -21.758741 -4.901928 -0.116473 -29.049706 -8.195642 7.505776 5.882823 -8.046918 2.384612 -21.207552 1.206363 1.447694 -6.673975 -8.875875 10.641993 -13.737399 10.352680 -2.977406 16.274664 7.020599 -5.546925
9.870891 -1.870529 6.999794 -16.351748 5.534894 -4.240790 19.652527 9.186014 -11.700032 -21.749823 -4.273268 -0.226678 -29.089037 -8.556385 7.344489 6.437745 -8.338241 1.877806 -21.233740 0.955083 1.739897 -7.016641 -8.833639 10.493659 -13.364973 10.736840 -3.726350 16.064005 7.111764 -5.834367
9.990593 -1.824613 7.011417 -15.615289 5.647427 -4.192609 19.649509 9.603379 -12.104084 -21.754076 -3.612044 -0.385353 -29.090160 -8.809361 7.279622 6.929191 -8.480689 1.417852 -21.189051 0.718623 2.045279 -7.325961 -8.815889 10.384451 -12.986999 11.081397 -4.446642 15.876947 7.184754 -6.204255
10.521123 -1.536757 6.762551 -14.894793 5.895672 -4.383751 19.585342 10.067210 -12.542871 -21.642782 -2.971635 -0.594784 -28.923771 -9.023004 7.235533 7.405681 -8.628012 0.880217 -21.196007 0.437895 2.390103 -7.439277 -8.510403 10.009431 -12.747288 11.310091 -5.249791 15.762539 7.185163 -6.360340
8.935940 -4.961600 7.567772 -11.051216 9.639405 -4.558401 17.250244 12.668930 -9.133849 -19.368261 -3.924833 -6.070737 -27.424709 -8.044629 4.263447 10.477541 -3.791718 2.620844 -19.385630 -1.441580 3.345206 -11.201072 -6.695531 9.676339 -14.827083 8.850873 -7.999216 16.009731 5.934353 -5.201734
9.169949 -5.920951 6.949552 -10.007069 10.455308 -5.237011 16.692207 13.388197 -8.740950 -18.861837 -3.561537 -7.136412 -26.571878 -7.936103 4.596174 11.113859 -3.038341 2.257176 -19.200003 -2.194553 4.162542 -10.926522 -6.377114 9.268071 -14.457866 8.214322 -9.160281 15.803623 5.468745 -5.015293
9.195098 -5.625193 6.490366 -9.267598 11.358507 -4.894964 16.493160 13.650778 -9.344471 -18.648800 -3.392512 -7.548811 -25.916679 -8.175229 4.876371 11.031116 -2.778585 1.910491 -19.504248 -2.535787 4.756715 -11.109270 -5.817043 8.883386 -14.485507 8.201442 -10.059475 15.776064 5.437172 -5.346106
8.959507 -5.055745 6.133798 -8.762277 11.827929 -5.276603 16.525784 13.754463 -9.999359 -18.536385 -3.590154 -7.922397 -25.080502 -8.102326 5.411184 10.522953 -2.444691 1.589947 -20.122068 -3.089857 4.944211 -10.886428 -5.193460 8.274632 -14.682761 8.199528 -10.508348 15.971376 5.409309 -5.377765
8.355410 -4.683159 5.548101 -8.261230 12.371819 -5.575130 16.511076 13.557165 -10.599984 -18.251116 -3.981158 -8.164178 -24.360106 -7.953607 5.821380 9.902193 -1.977630 1.422583 -20.750063 -3.496907 5.177736 -10.630029 -4.618135 7.771285 -14.870961 8.162383 -10.914344 16.102449 5.383202 -5.443498
7.572183 -4.540309 4.908566 -7.796491 12.901628 -5.851665 16.525379 13.206501 -11.020783 -17.798883 -4.566497 -8.326317 -23.556934 -7.630201 6.373518 9.130231 -1.232145 1.381707 -21.357273 -3.523455 5.342169 -10.303845 -3.996791 7.261679 -15.100058 8.051356 -11.211450 16.273975 5.315464 -5.382175
6.629688 -4.630713 4.358388 -7.578488 13.095410 -6.014060 16.672169 12.594450 -11.321257 -17.513311 -5.142595 -8.353960 -22.771582 -7.358733 6.838704 8.625269 -0.577796 1.079517 -21.812948 -3.515862 5.380398 -10.019482 -3.516402 6.846800 -15.340246 7.918206 -11.365064 16.417490 5.231281 -5.182909
5.902152 -4.847560 4.060128 -7.481709 13.233915 -6.101655 16.908916 11.959431 -11.615862 -17.386391 -5.713585 -8.288428 -22.326199 -7.108513 7.118808 8.244489 0.028437 1.033661 -21.990400 -3.247374 5.382361 -9.630365 -2.868650 6.207227 -15.671980 7.740255 -11.578643 16.625225 5.107254 -4.779101
4.884416 -5.304900 3.788331 -7.348774 13.225526 -6.212734 17.302231 11.163022 -12.014042 -17.408478 -6.296363 -8.163354 -21.704170 -6.750603 7.402510 8.106382 0.590752 0.809226 -21.997175 -2.820454 5.341536 -9.348092 -2.381905 5.661008 -15.993063 7.621697 -11.756582 16.750681 5.019225 -4.429006
3.804269 -5.845528 3.538847 -7.324437 12.974534 -6.334314 17.777596 10.185007 -12.293781 -17.465508 -6.881088 -8.062124 -20.893356 -6.362055 7.838952 8.164201 1.171554 0.384262 -22.052826 -2.372913 5.160797 -9.172066 -2.145872 5.308518 -16.277727 7.469460 -11.753130 16.837421 4.934009 -4.108362
2.570400 -6.417004 3.465338 -7.119545 12.654761 -6.439026 18.298410 9.283045 -12.578166 -17.602949 -7.350878 -8.038778 -20.113304 -6.061085 8.274296 8.213106 1.880539 -0.009986 -22.131960 -1.952748 5.120138 -9.004890 -1.876455 4.869133 -16.529390 7.325029 -11.866027 16.882719 4.874125 -3.687399
1.490759 -7.106293 3.530503 -6.999648 12.276894 -6.491044 18.846672 8.332098 -12.741382 -17.738974 -7.867433 -7.943729 -19.380432 -5.711050 8.644176 8.267453 2.473960 -0.366691 -22.119217 -1.488349 4.972309 -8.844765 -1.719173 4.608840 -16.818089 7.164186 -11.764836 16.908413 4.826404 -3.279711
0.724096 -7.407425 3.392829 -6.837219 12.208616 -6.558385 19.188570 7.556909 -12.991126 -17.698111 -8.245907 -7.863188 -18.874317 -5.448633 8.933704 8.247850 2.898940 -0.545600 -22.059786 -1.109144 4.971068 -8.695070 -1.349177 4.095345 -17.085152 7.127035 -11.925801 16.928301 4.844307 -2.722294
-0.003299 -7.470349 3.041212 -6.705076 12.284369 -6.560464 19.369606 6.915917 -13.336329 -17.612890 -8.549162 -7.728573 -18.422771 -5.281851 9.146542 8.303444 3.274611 -0.772048 -22.019072 -0.657917 5.001153 -8.513999 -0.941593 3.572651 -17.388641 7.123949 -12.079401 16.947437 4.868720 -2.089906
-0.649703 -7.461654 2.533220 -6.609328 12.432514 -6.583602 19.499184 6.228833 -13.698041 -17.438244 -8.798129 -7.620514 -17.840305 -5.181198 9.402429 8.322145 3.714097 -1.171310 -22.096987 -0.267158 5.070195 -8.294392 -0.545737 3.162744 -17.687572 7.092146 -12.155146 16.942814 4.882517 -1.479183
-1.136231 -7.385747 1.943434 -6.560773 12.687692 -6.649487 19.593525 5.649957 -14.089436 -17.223104 -8.913282 -7.530592 -17.301846 -5.118005 9.667520 8.380726 4.044417 -1.628908 -22.167200 0.046054 5.161648 -8.156464 -0.269235 2.866554 -17.871895 7.109008 -12.268214 16.933136 4.904161 -1.057099
-1.562116 -7.304921 1.399550 -6.490883 12.960599 -6.700513 19.676632 5.164027 -14.453774 -17.004358 -8.979001 -7.526427 -16.584230 -5.122143 9.976117 8.440911 4.542121 -2.286172 -22.374619 0.254464 5.262526 -8.010307 0.010457 2.585101 -18.050598 7.082299 -12.365256 16.937405 4.912723 -0.630548
-1.912836 -7.263405 0.876082 -6.369713 13.224928 -6.737181 19.741343 4.771958 -14.806192 -16.809406 -9.000216 -7.547954 -15.968691 -5.145181 10.242047 8.463929 4.963206 -2.869138 -22.579924 0.368747 5.361040 -7.863715 0.256816 2.368244 -18.202248 7.049799 -12.424556 16.950928 4.918257 -0.273089
-2.117242 -7.219302 0.499274 -6.283471 13.411600 -6.778735 19.757296 4.516581 -15.037938 -16.683964 -9.084151 -7.542005 -15.504554 -5.148193 10.415603 8.446594 5.312442 -3.248813 -22.685905 0.493737 5.424920 -7.770278 0.417367 2.215288 -18.299719 7.021258 -12.448392 16.965933 4.930092 -0.029749
-2.254488 -7.182209 0.270560 -6.216397 13.527895 -6.785918 19.761227 4.410590 -15.198241 -16.612314 -9.089056 -7.544842 -15.293377 -5.152419 10.496490 8.463243 5.450728 -3.440773 -22.727829 0.551412 5.444193 -7.730927 0.452178 2.218928 -18.326685 6.997796 -12.412765 16.974070 4.929116 0.047177
-2.353262 -7.172503 0.151615 -6.170798 13.595778 -6.784171 19.776463 4.363455 -15.309662 -16.585903 -9.086736 -7.550565 -15.174155 -5.163268 10.543882 8.483755 5.525199 -3.556344 -22.772104 0.572790 5.471847 -7.716094 0.498883 2.164275 -18.341248 7.000593 -12.447382 16.974335 4.933767 0.102448
