-3.926694 -5.883670 1.398112 -9.758797 11.533801 -10.131931 17.599974 6.801565 -19.482349 -9.592531 -13.820930 -2.099966 -15.425250 -17.741312 15.318105 8.644514 1.617558 -9.242111 -11.158591 3.234774 5.484243 -7.700809 0.520676 2.141819 -18.357361 6.997055 -12.455457 16.967602 4.932572 0.136313
-3.976434 -5.857174 1.337829 -9.735781 11.534310 -10.128531 17.571091 6.815004 -19.516171 -9.586940 -13.811227 -2.116886 -15.338861 -17.745033 15.331925 8.662859 1.667812 -9.315261 -11.166730 3.243242 5.514709 -7.677918 0.558750 2.097588 -18.361122 6.995567 -12.483903 16.960474 4.930722 0.156089
-4.042895 -5.830084 1.251472 -9.692459 11.534596 -10.123634 17.525299 6.845798 -19.569130 -9.587330 -13.751469 -2.163516 -15.215550 -17.748722 15.363422 8.695798 1.712032 -9.443620 -11.175561 3.220343 5.608236 -7.639246 0.673237 1.950225 -18.385250 7.006512 -12.611589 16.948025 4.927825 0.237897
-4.062033 -5.813772 1.179689 -9.667349 11.518970 -10.130131 17.503826 6.846907 -19.601204 -9.580860 -13.659120 -2.212073 -15.161020 -17.790834 15.337523 8.802225 1.690333 -9.559961 -11.183463 3.188772 5.627690 -7.579390 0.705118 2.020233 -18.400696 6.972801 -12.548373 16.928211 4.894170 0.291765
-4.243384 -5.816770 1.024962 -9.532145 11.565960 -10.106109 17.491505 6.956442 -19.804468 -9.610533 -13.446750 -2.290963 -14.959818 -17.875959 15.320088 9.088354 1.709334 -9.901013 -11.271966 3.191720 5.739291 -7.589603 0.797200 1.895717 -18.343582 7.040519 -12.730706 16.898880 4.889158 0.313573
-4.714058 -5.962495 0.998985 -9.162283 11.482465 -9.859073 17.573837 7.328903 -20.185398 -9.811525 -12.846357 -2.377514 -14.962445 -18.092035 15.131398 9.730309 1.439812 -10.337699 -11.372226 3.160964 5.908683 -7.663315 0.767935 1.909762 -18.120213 7.112432 -12.885224 16.881481 4.877992 0.240875
-5.422362 -6.203625 1.011020 -8.691086 11.384919 -9.594343 17.739117 7.810306 -20.689096 -10.113131 -11.936662 -2.557781 -15.302947 -18.461216 14.667124 10.676537 0.776176 -10.715774 -11.453940 2.878173 6.181445 -7.854563 0.653877 1.915882 -17.631760 7.300370 -13.260063 16.857155 4.876661 -0.102626
-6.005959 -6.458489 0.886427 -8.238551 11.367271 -9.341557 17.855101 8.299490 -21.203163 -10.336956 -11.359719 -2.714862 -15.205377 -18.691833 14.562271 11.264997 0.666960 -11.262135 -11.599917 2.712655 6.389555 -8.121913 0.344947 2.273432 -17.020477 7.489937 -13.467940 16.819057 4.846995 -0.720444
-6.587741 -6.883475 0.771692 -7.839591 11.219695 -9.045537 18.002472 8.727962 -21.652458 -10.643372 -10.410764 -2.940603 -15.664433 -19.112946 14.111323 12.111267 0.110472 -11.646840 -11.702147 2.244029 6.677878 -8.177758 0.282173 2.524880 -16.707096 7.617128 -13.671824 16.744341 4.805604 -1.108711
-7.117649 -7.167684 0.520676 -7.514373 11.212510 -8.738586 18.097326 9.012660 -22.053955 -10.811949 -10.168423 -2.991781 -15.627849 -19.171749 14.111568 12.412357 0.169016 -12.000347 -11.762812 2.093064 6.862758 -8.261589 0.238945 2.680761 -16.504072 7.745863 -13.873158 16.636795 4.799161 -1.357330
-7.489756 -7.281648 0.063608 -7.402398 11.297879 -8.538572 18.097143 9.224001 -22.438183 -10.959579 -10.034005 -3.040682 -15.545991 -19.274364 14.105789 12.464624 0.269548 -12.438714 -11.913679 1.688779 7.001616 -8.361480 0.183195 2.724844 -16.377600 7.873775 -14.122526 16.504267 4.787757 -1.518956
-7.559263 -7.162985 -0.344053 -7.312173 11.584996 -8.491409 17.986977 9.574293 -22.752460 -10.969761 -9.824783 -3.146742 -15.397305 -19.414579 14.101613 12.613365 0.255754 -12.883384 -12.204656 1.262974 7.036299 -8.472031 0.152663 2.509976 -16.432678 7.950362 -14.450973 16.350863 4.781372 -1.485675
-7.510980 -6.870892 -0.837053 -7.318430 11.865100 -8.318829 17.668957 10.272633 -23.023542 -11.025988 -9.702261 -3.267987 -15.443908 -19.496750 13.925305 12.607882 0.045148 -13.220548 -12.354615 0.494036 6.979621 -8.685173 -0.115704 2.574160 -16.301092 8.046515 -14.637391 16.190290 4.761306 -1.691472
-7.326179 -6.455761 -1.171930 -7.418414 12.169921 -8.285775 17.346699 10.809719 -23.168087 -11.025475 -9.659161 -3.346577 -15.353978 -19.557568 13.792550 12.648477 -0.069046 -13.627479 -12.430586 -0.106100 6.836811 -8.815017 -0.227572 2.490759 -16.291691 8.125255 -14.804617 16.075521 4.731005 -1.722099
-7.131946 -6.146003 -1.259028 -7.532305 12.335076 -8.290401 17.089787 11.253966 -23.167183 -11.090084 -9.587946 -3.473446 -15.078818 -19.591454 13.886982 12.513710 0.103603 -14.146766 -12.676435 -0.630933 6.725706 -8.947099 -0.386414 2.392532 -16.343357 8.135463 -14.997979 15.924205 4.675331 -1.741891
-6.763017 -5.839077 -1.325757 -7.690644 12.522832 -8.350384 16.804638 11.705936 -23.124075 -11.142835 -9.568304 -3.542902 -15.163230 -19.614265 13.811265 12.337214 0.077606 -14.308081 -12.734411 -1.162931 6.645023 -9.105330 -0.588836 2.381386 -16.309547 8.201708 -15.193982 15.745994 4.627058 -1.826157
-6.467105 -5.537490 -1.394668 -7.823472 12.735642 -8.397269 16.537037 12.069155 -23.113501 -11.179401 -9.526091 -3.605090 -15.169972 -19.647062 13.700849 12.446321 -0.045197 -14.472525 -12.827340 -1.465077 6.516111 -9.163524 -0.710111 2.361106 -16.386232 8.175467 -15.224358 15.660065 4.566721 -1.725635
-6.293594 -5.266297 -1.514449 -7.912985 12.940590 -8.472908 16.335613 12.269424 -23.160677 -11.178455 -9.518833 -3.701699 -14.867410 -19.661390 13.816108 12.513094 0.133017 -14.796607 -12.991505 -1.585055 6.481997 -9.178151 -0.702619 2.246993 -16.465237 8.173192 -15.306636 15.637098 4.551087 -1.660115
-6.110363 -5.079407 -1.502499 -7.973551 13.040129 -8.518691 16.190794 12.460976 -23.149725 -11.208857 -9.469624 -3.771743 -14.762139 -19.709965 13.840922 12.501246 0.187470 -14.935156 -13.089196 -1.712351 6.423672 -9.225354 -0.772390 2.225474 -16.488003 8.196667 -15.364347 15.581538 4.521889 -1.651857
-6.025389 -5.008316 -1.507261 -8.015827 13.070443 -8.548969 16.125553 12.542021 -23.136917 -11.225638 -9.464161 -3.787790 -14.733556 -19.720049 13.853284 12.499215 0.216156 -14.987382 -13.110380 -1.762823 6.420392 -9.277976 -0.826071 2.221833 -16.475281 8.229415 -15.415888 15.543909 4.528960 -1.682146
-5.915540 -5.041152 -1.317564 -8.101727 13.003127 -8.570787 16.052929 12.647257 -22.936701 -11.289479 -9.464913 -3.754833 -14.934592 -19.725422 13.754325 12.523468 0.052580 -14.898621 -13.039273 -1.880721 6.388237 -9.311801 -0.943102 2.319410 -16.417818 8.231937 -15.403049 15.500359 4.488793 -1.771163
-5.691245 -5.100526 -0.906108 -8.321370 12.758815 -8.690146 15.921159 13.004427 -22.549192 -11.554165 -9.390568 -3.675168 -15.397574 -19.807684 13.423592 12.672041 -0.506075 -14.730388 -12.897290 -2.204198 6.314196 -9.438681 -1.274559 2.639150 -16.207066 8.291834 -15.420130 15.391928 4.389699 -2.217295
-5.338014 -5.064351 -0.242295 -8.333412 12.577700 -8.853603 15.684538 13.585574 -22.115799 -11.780369 -9.111273 -3.641109 -16.285702 -19.901794 12.800490 12.842571 -1.465142 -14.372056 -12.809735 -2.951756 6.213274 -9.572117 -1.737710 3.160688 -15.977806 8.224644 -15.295554 15.278706 4.258604 -2.822992
-4.696551 -4.741547 0.998557 -8.190289 12.113713 -9.230373 15.493997 14.305189 -21.555775 -12.141512 -8.691161 -3.661558 -17.711502 -20.017460 12.036439 12.918913 -2.836417 -13.313809 -12.507152 -3.602795 6.187249 -9.769794 -2.297642 3.789732 -15.640207 8.216557 -15.172386 15.194814 4.207355 -3.752167
-3.728625 -4.379512 2.721291 -7.835858 11.307728 -9.803818 15.423965 15.202888 -20.781429 -12.597580 -8.056544 -3.769744 -19.379585 -20.138096 11.176060 12.986387 -4.292337 -12.007567 -12.336368 -4.245457 6.038100 -10.088788 -2.961148 4.762826 -15.225994 8.256326 -14.639224 15.284155 4.381951 -4.903974
-2.443418 -3.965974 4.832915 -7.476872 10.392708 -10.497911 15.493500 16.546642 -19.825134 -13.151017 -7.343230 -3.966904 -21.057550 -20.165970 10.363490 12.953266 -5.902125 -10.612899 -12.146384 -5.175514 5.993593 -10.488574 -3.705604 5.850078 -14.726731 8.312228 -14.158420 15.298615 4.614573 -6.247056
-1.325512 -3.672998 7.069595 -7.498530 9.808685 -11.031254 15.348125 17.662851 -18.413513 -13.460926 -6.486423 -4.478170 -22.275106 -20.146740 9.858955 12.988010 -6.986365 -9.720754 -12.211299 -6.371778 6.146946 -11.275626 -4.829113 6.983190 -14.011249 8.641427 -13.651760 15.257704 5.143179 -7.519056
0.099379 -2.882470 9.355262 -8.117080 9.634639 -10.243298 14.881067 18.516251 -16.974083 -13.397995 -5.904305 -4.608469 -24.360161 -19.748032 8.838956 13.149220 -8.195616 -7.994702 -12.158528 -7.087006 6.223543 -11.961810 -5.990890 8.008781 -13.503398 8.830432 -13.083383 15.108419 5.519475 -8.381980
0.631071 -4.474036 11.373234 -8.778922 10.008670 -6.758557 13.783424 19.640512 -15.104871 -13.224146 -5.415712 -4.523424 -26.837605 -18.443409 7.179576 13.717237 -9.231324 -6.428028 -12.302543 -8.006145 6.455911 -12.755338 -7.539629 9.165974 -13.268075 8.970685 -12.455377 14.478601 5.804714 -8.595977
1.619204 -7.150301 13.377947 -8.074623 10.296176 -2.026190 12.442712 21.379391 -13.444707 -13.321118 -5.404300 -4.663013 -29.189495 -15.459350 5.391919 16.275105 -9.810336 -5.525208 -11.735695 -9.621466 7.535532 -12.762964 -8.392763 10.058901 -14.712904 8.210961 -11.434285 13.444023 6.603923 -8.177229
1.899146 -9.411514 15.294806 -7.394523 9.547816 1.012371 11.517637 20.924496 -11.378526 -13.564343 -5.085059 -4.332445 -32.312767 -13.222581 4.190196 18.229973 -9.282303 -4.717808 -10.226766 -10.316505 7.494378 -13.109509 -9.831631 10.552597 -16.401806 7.702945 -10.563046 12.089668 7.146869 -7.772396
1.333776 -12.307529 16.449720 -8.525434 8.251386 2.791423 10.250721 20.274311 -9.319580 -14.573595 -4.167382 -4.083249 -34.707363 -10.930696 3.912433 19.062220 -7.295906 -4.025524 -9.139977 -9.531210 6.588603 -13.490544 -11.686277 10.802025 -18.195148 7.274905 -9.709107 10.570790 7.186934 -6.957641
0.866351 -14.157177 17.656460 -9.748905 6.961175 2.701972 10.051119 19.283377 -6.919051 -14.746094 -2.896626 -4.243638 -36.823837 -9.568660 3.997845 18.428516 -5.634212 -2.259242 -8.281194 -8.718275 5.411062 -13.912402 -13.554861 11.126061 -19.278542 6.678084 -8.914107 9.466745 6.831357 -6.034061
0.418894 -14.760262 18.934696 -11.994236 6.490135 2.246438 9.258057 19.151701 -4.313219 -14.963593 -2.753556 -4.058366 -37.967812 -7.692695 4.226988 17.761326 -3.789733 -0.888530 -7.532455 -7.267045 4.446128 -14.223273 -14.875700 11.221622 -19.784069 6.473616 -7.880578 9.235220 6.704227 -4.577809
1.509244 -16.214451 20.792328 -13.106794 6.908784 2.187883 8.340012 17.755959 -0.872717 -13.739000 -2.593985 -3.616120 -38.885933 -5.838326 3.973762 17.320513 -2.469137 0.327919 -7.535470 -5.355162 3.426070 -14.318639 -15.955318 11.341725 -19.943707 6.469257 -6.495337 9.559812 6.666673 -3.014771
2.506629 -17.320337 21.440838 -13.938032 7.546838 1.711759 7.480522 16.615053 1.424032 -12.744139 -2.617352 -2.440185 -39.579994 -5.077602 3.253834 15.927017 -1.562440 1.592383 -8.342086 -2.382712 2.890823 -14.221148 -16.631006 11.025427 -19.912491 6.418019 -5.149217 10.268482 6.863207 -1.175548
2.886394 -18.192942 21.258314 -14.799876 8.178015 0.789956 7.031651 15.616269 3.151978 -11.511349 -2.447524 -1.705154 -39.847500 -5.643614 3.013581 14.303630 -0.888926 3.002455 -9.147147 0.407571 2.689147 -14.070178 -16.815338 10.594253 -19.698557 6.438058 -4.121927 11.086416 7.106118 0.530539
3.459421 -18.941473 21.111216 -14.923730 8.392382 0.033823 6.883992 14.487986 4.126495 -10.887878 -2.577956 -1.183171 -39.973328 -5.951375 2.698676 13.339399 -0.205047 3.644403 -9.439853 2.284362 2.415635 -13.884573 -16.886709 10.316516 -19.572550 6.347682 -3.290989 11.785250 7.181624 1.728435
3.896976 -19.393229 20.964792 -14.914586 8.420735 -0.582437 6.974611 13.873272 4.501995 -10.696482 -2.590502 -0.987735 -39.855419 -6.178327 2.482502 12.848889 0.039119 3.925875 -9.791935 3.301285 2.437907 -13.632231 -16.657969 10.052719 -19.584240 6.226749 -2.949200 12.153041 7.216084 2.378665
4.225179 -19.538717 20.814697 -14.797069 8.517992 -0.769850 6.933182 13.641553 4.589385 -10.559074 -2.660992 -0.874995 -39.869495 -6.248095 2.459362 12.630932 0.142250 4.037570 -9.831962 3.565227 2.462746 -13.555427 -16.594431 9.989743 -19.589027 6.232810 -2.809026 12.253073 7.268988 2.587952
4.285192 -19.618052 20.789646 -14.804088 8.444856 -0.841566 6.945937 13.652595 4.564382 -10.644279 -2.643453 -0.874797 -39.914680 -6.264924 2.438043 12.617412 0.130238 4.043586 -9.825174 3.539533 2.438805 -13.535718 -16.616055 10.039887 -19.612110 6.212800 -2.792577 12.211891 7.228553 2.597056
4.559070 -19.825758 20.698381 -14.838774 8.391400 -0.979275 6.885520 13.718145 4.642452 -10.687235 -2.644169 -0.803540 -40.130157 -6.311557 2.427974 12.313649 0.252995 4.106764 -9.808612 3.399648 2.391367 -13.525567 -16.671335 10.107816 -19.565098 6.199778 -2.782371 12.217829 7.151325 2.608831
4.889626 -19.922846 20.658661 -14.957103 8.221677 -1.010583 6.766813 13.736706 4.652797 -10.969759 -2.720465 -0.723709 -40.258282 -6.269581 2.548570 12.168473 0.522101 4.000404 -9.650470 3.242435 2.291595 -13.518778 -16.780870 10.248880 -19.541748 6.187049 -2.715136 12.199989 7.066519 2.615734
5.288182 -20.201635 20.518311 -15.059598 7.963655 -1.060410 6.598722 13.800150 4.686897 -11.359422 -2.796070 -0.589247 -40.490463 -6.232177 2.581067 11.966003 0.689022 3.989148 -9.514678 3.061179 2.227016 -13.483880 -16.874685 10.369876 -19.515188 6.141675 -2.668308 12.189125 6.963452 2.645787
5.844802 -20.491697 20.250704 -15.233994 7.567825 -1.320185 6.633678 13.771742 4.745657 -11.713343 -2.792032 -0.424924 -40.782745 -6.348207 2.631975 11.523206 1.022921 3.824534 -9.486167 2.732557 2.118687 -13.474751 -17.023340 10.524707 -19.486290 6.121164 -2.517298 12.217140 6.910071 2.671954
6.590665 -20.801786 19.982946 -15.306278 7.009482 -1.575358 6.760987 13.620162 4.770758 -12.104492 -2.931253 -0.243691 -41.042213 -6.266277 2.674357 11.348701 1.395758 3.444627 -9.302270 2.239985 1.968934 -13.563563 -17.217148 10.587961 -19.356115 6.072927 -2.496137 12.320707 6.837638 2.621043
7.257145 -21.222900 19.553780 -15.379707 6.550911 -1.529291 6.830366 13.599633 4.671900 -12.560818 -3.025985 0.044596 -41.432541 -6.500212 2.603392 10.943811 1.506997 3.398886 -9.153710 2.112013 1.769025 -13.595956 -17.386427 10.651204 -19.247482 5.927294 -2.430249 12.427015 6.682658 2.732547
8.356174 -21.605547 18.826412 -15.746823 5.975121 -1.855161 7.041583 13.678879 4.668351 -12.923564 -3.230319 0.554334 -41.904583 -6.559443 2.631116 10.701353 1.721570 3.056641 -8.801192 1.998803 1.598294 -13.735953 -17.634855 10.763437 -18.999920 5.865996 -2.324027 12.564291 6.601898 2.868337
9.001873 -21.908167 18.104744 -16.162371 5.498871 -2.268977 7.344851 13.623045 4.745250 -13.116678 -3.493694 0.832300 -42.020241 -6.824208 2.701124 10.647778 1.565359 2.932411 -8.490581 1.985465 1.555974 -13.898889 -17.745790 10.725767 -18.769562 5.880158 -2.339790 12.731020 6.614931 3.066726
9.331184 -22.413458 17.346642 -16.767958 4.764331 -2.127338 7.796863 13.351917 4.626918 -13.502415 -3.709275 1.089359 -42.199329 -7.072381 2.954409 10.637439 1.775551 2.737913 -7.847531 2.076550 1.465154 -14.024478 -17.875036 10.737998 -18.514397 5.891585 -2.324347 12.859618 6.586878 3.254705
9.840837 -22.684790 16.660679 -17.219872 4.056157 -2.223274 8.358108 13.079597 4.397962 -13.782137 -4.000026 1.328316 -42.193611 -7.265427 2.954984 10.879269 1.513726 2.759254 -7.244231 2.337737 1.345236 -14.057186 -17.961637 10.796706 -18.390278 5.856577 -2.294571 12.811848 6.498038 3.478969
9.980020 -22.846071 16.329287 -17.654737 3.580538 -2.031195 8.669241 12.929072 4.301807 -14.046017 -4.206904 1.452503 -42.036385 -7.314321 2.990604 11.359533 1.504272 2.512687 -6.669194 2.565791 1.303971 -14.022199 -17.913193 10.654510 -18.112423 5.766880 -2.349316 13.033514 6.380537 3.818670
9.807741 -22.878645 16.179504 -17.893057 3.246075 -2.003937 9.158299 12.561277 4.037829 -14.225232 -4.555287 1.574527 -41.861324 -7.245807 2.785418 11.982551 0.917800 2.683530 -6.222888 2.955201 1.205549 -14.029031 -17.995600 10.688571 -18.092405 5.765050 -2.353337 12.962015 6.292791 4.045591
9.804466 -22.828123 16.278534 -18.308012 2.924685 -1.759290 9.543596 12.075047 3.918325 -14.342511 -4.618258 1.712900 -41.870529 -7.048901 2.709846 12.890654 0.805449 2.444445 -5.734391 3.487304 0.915636 -13.921753 -18.069380 10.876933 -18.042398 5.657040 -2.219524 12.958307 6.041418 4.301492
9.942057 -22.598005 16.238577 -18.402822 2.868381 -1.742617 9.613797 11.829935 3.762993 -14.319495 -4.673716 1.668178 -41.630081 -7.072401 2.561423 13.495005 0.378830 2.741243 -5.564590 4.057181 0.786774 -13.773524 -18.004095 10.943423 -18.181145 5.554029 -2.154792 12.846305 5.874599 4.623239
9.772590 -22.106890 16.372021 -18.514811 3.069019 -1.684722 9.580722 11.679270 3.591049 -14.224740 -4.714547 1.568070 -41.443771 -6.875963 2.444582 14.210345 0.181350 2.655281 -5.371441 4.305869 0.692134 -13.595176 -17.997662 11.089527 -18.375488 5.368119 -2.117809 12.678320 5.673231 4.702966
9.372064 -22.037813 16.334774 -18.506330 3.224614 -1.637144 9.676189 11.582009 3.452864 -14.097016 -4.864551 1.509996 -41.347389 -6.568938 2.620677 14.734772 0.450626 2.431258 -4.944182 4.474741 0.680516 -13.530695 -17.961054 11.111691 -18.429703 5.334375 -2.056517 12.719543 5.654826 4.807640
9.026864 -21.910450 16.464123 -18.585478 3.253187 -1.594218 9.870039 11.452023 3.361160 -14.066458 -4.896729 1.459515 -41.195343 -6.495978 2.676426 15.168622 0.432783 2.199486 -4.752698 4.512908 0.593062 -13.496564 -17.993334 11.149992 -18.489071 5.264566 -2.002964 12.719051 5.594980 4.893384
8.784627 -21.761299 16.683201 -18.589394 3.365013 -1.470770 9.886824 11.391131 3.340891 -14.005279 -4.946757 1.386040 -40.979225 -6.507940 2.632057 15.648588 0.164130 2.043869 -4.654211 4.521669 0.563942 -13.471891 -17.996874 11.166789 -18.547281 5.240027 -1.967564 12.719177 5.587452 4.911389
8.791858 -21.674505 16.764202 -18.607800 3.412616 -1.440241 9.854137 11.288355 3.347620 -13.990771 -4.978711 1.343342 -40.859383 -6.536716 2.678174 15.736620 0.139942 2.011240 -4.644503 4.547575 0.568285 -13.447465 -17.976070 11.166982 -18.564739 5.218554 -1.954900 12.725563 5.582276 4.939577
8.685837 -21.579329 16.770330 -18.754370 3.383102 -1.522472 9.999720 11.218957 3.349207 -13.918915 -5.115151 1.359710 -40.805355 -6.496923 2.713402 15.779250 0.114392 2.088606 -4.544074 4.652232 0.566388 -13.358356 -17.870741 11.160550 -18.571823 5.170261 -1.896571 12.804144 5.554884 5.032112
8.376535 -21.145666 16.914112 -19.100473 3.401916 -1.739061 10.299119 10.907475 3.391677 -13.667587 -5.447279 1.337117 -40.614067 -6.293662 2.926366 15.937820 0.295357 2.241844 -4.226916 5.000561 0.548815 -13.146415 -17.690451 11.250293 -18.761337 5.080678 -1.744869 12.786791 5.492052 5.138646
8.021898 -20.669260 16.894882 -19.798788 3.337280 -2.081962 10.695515 10.233093 3.449151 -13.517979 -5.793648 1.285015 -40.451477 -6.003977 3.232130 16.037533 0.658197 2.508821 -3.833911 5.463815 0.571628 -12.806705 -17.381605 11.370390 -19.094389 4.986372 -1.464899 12.774354 5.455261 5.407591
7.045700 -19.562368 17.468716 -20.559891 3.484606 -2.953842 11.254663 9.478774 3.508491 -13.279898 -6.722274 1.223592 -39.737892 -5.490927 3.571080 16.520193 0.672301 2.896461 -3.369955 6.182559 0.629541 -12.249181 -16.772982 11.293422 -19.451099 4.757856 -1.175610 12.984537 5.357376 5.847115
5.505018 -18.774303 17.863909 -21.202494 3.665176 -3.138748 11.881420 8.617249 3.496509 -12.840710 -7.721802 1.078188 -38.987572 -4.493954 4.156651 17.045481 1.405258 2.976126 -2.808908 6.658599 0.816187 -11.577186 -16.022608 11.213006 -19.906162 4.503446 -0.911276 13.156786 5.255664 6.234016
3.611734 -17.878395 17.729210 -21.202936 4.864266 -2.933840 11.512672 7.461100 3.004519 -12.310663 -8.995209 0.992887 -38.060947 -3.121796 4.868927 17.600277 2.124412 3.289120 -2.322898 7.314773 1.028710 -10.670674 -15.012557 10.957162 -20.451889 4.123191 -0.505742 13.516617 5.111912 6.937428
2.117210 -16.706116 17.533724 -21.415518 5.701563 -2.972748 11.518785 6.165264 2.743325 -11.467499 -10.101447 0.776041 -36.621330 -2.139629 5.494869 18.573143 2.463139 2.849112 -2.054992 7.498351 1.409260 -9.824645 -13.980191 10.641938 -20.943043 3.813267 -0.411433 13.759718 5.010227 7.373282
0.721575 -15.962204 16.907387 -21.577143 6.655268 -2.362632 10.822145 4.522653 2.346081 -11.088488 -11.283579 0.912076 -35.451584 -0.736274 6.006495 19.337650 3.074619 2.358169 -2.001717 7.627837 1.461203 -8.989688 -13.213139 10.422095 -21.385174 3.531155 -0.224927 13.873259 4.799246 7.800120
-0.900531 -16.025257 15.681409 -21.923447 7.702730 -1.344271 9.987885 3.045926 2.032856 -10.539968 -12.473835 1.019963 -34.177643 0.597643 6.824668 19.998541 3.839290 1.680674 -1.833314 7.440208 1.595629 -8.150192 -12.424461 10.071403 -21.936922 3.188993 -0.408257 13.677031 4.465710 8.123848
-1.487222 -16.115793 14.209768 -22.148516 9.171165 -0.606799 8.758747 2.197924 1.418002 -10.115257 -13.247334 1.141382 -33.089088 2.180133 8.366544 20.347700 5.915825 0.198623 -1.610992 7.344459 1.880722 -7.226964 -11.418989 9.625997 -22.260021 2.923689 -0.599623 13.764124 4.202130 8.566551
-1.729091 -16.773197 12.723035 -21.369761 10.865737 -0.331951 7.660976 1.171119 0.845247 -9.841885 -13.668706 1.033946 -31.669174 3.614688 10.072387 20.848652 8.417610 -1.960491 -1.603913 7.141678 2.219537 -6.257544 -10.312365 9.194863 -22.872141 2.689933 -0.894496 13.612488 3.887881 9.149934
-1.890994 -18.045721 10.803041 -20.183027 12.309802 -0.034768 6.673538 -0.171742 0.044557 -9.661282 -14.294467 1.100727 -29.811642 4.466693 11.617206 20.872683 10.364886 -4.096796 -1.922656 7.213675 2.346273 -5.291276 -9.592501 8.464325 -23.500587 2.223789 -1.145722 13.568890 3.498754 9.802472
-2.222324 -19.035639 8.848136 -19.071770 13.128091 0.594106 6.326323 -1.592852 -1.212247 -9.542336 -14.978856 1.212805 -27.866611 5.097686 12.858735 20.728954 12.409166 -6.356372 -2.359180 7.390325 2.815563 -4.326797 -8.694901 7.565103 -24.220467 1.675027 -1.632120 13.483425 3.210003 10.520278
-2.487270 -20.586309 6.278409 -18.240458 13.916664 1.744019 5.555378 -2.668422 -2.337257 -9.454677 -15.566200 1.208369 -26.082657 5.348438 13.542470 20.906578 13.646956 -8.152081 -3.098902 7.684196 3.247340 -3.441575 -7.717178 6.545681 -24.613171 1.230179 -2.100014 13.584889 3.017585 11.130072
-0.332348 -2.617487 1.236884 -28.977999 8.083191 -6.914522 17.148165 -6.152227 -12.069909 -13.584061 -19.702450 5.385059 -23.148909 -0.104267 22.032444 16.433302 6.244218 -7.276351 1.064621 10.551687 -2.380055 2.307621 -4.634243 7.223661 -23.061222 6.484755 5.033794 17.132771 4.886513 5.908488
-0.040186 -2.515325 -0.070543 -28.301146 8.477165 -6.270104 17.098099 -6.738277 -13.373504 -13.726804 -20.190540 5.257686 -21.845089 -0.442849 22.194344 16.246845 7.124355 -8.646869 0.424652 10.775150 -1.643118 2.622889 -3.599468 6.376300 -22.881996 6.630173 4.119610 17.106331 4.867995 6.334099
0.047500 -1.615091 -0.777043 -26.988031 9.340840 -5.573282 17.310707 -7.225863 -15.019994 -13.222095 -20.397144 4.874047 -20.411209 -1.007779 22.418192 16.030670 7.361687 -9.621442 -0.309926 10.951677 -1.012330 2.775760 -2.783908 5.794315 -22.692778 6.674385 3.342498 17.061520 4.749595 6.667132
-1.019535 -1.068058 -0.830112 -25.670500 9.756995 -5.724252 18.327438 -7.867495 -16.209230 -12.059484 -20.808136 4.615190 -19.062962 -1.691038 22.872402 15.290192 7.662787 -10.358624 -1.078474 10.528250 -0.302459 3.047660 -1.960680 5.057229 -22.494755 6.719851 2.683634 17.147919 4.665710 6.864313
-1.716417 -0.245424 -0.417762 -24.201975 10.344190 -5.964283 19.389282 -8.229281 -17.249031 -10.826707 -20.916050 4.329695 -17.157644 -2.312414 23.020702 15.728132 6.994218 -11.225579 -1.982908 9.914171 0.386141 3.374317 -1.117682 4.446975 -22.324659 6.846161 1.885469 17.092609 4.525892 6.890710
-2.496622 -5.151493 -0.191138 -17.891954 13.163999 -9.269902 16.310322 -5.389860 -15.817052 -7.973672 -20.773331 3.482600 -16.319853 -8.032647 17.733852 11.897696 8.611682 -10.444198 -5.514568 10.662319 1.681454 0.135616 1.235569 4.099231 -24.158108 4.092695 -1.282867 17.353050 3.019059 6.879506
-1.767010 -5.686984 -0.269787 -15.751476 14.362653 -9.811823 15.931950 -4.195339 -15.814320 -6.423771 -19.951035 3.481599 -14.784562 -10.480716 17.135765 11.186571 7.744826 -10.977183 -7.296546 11.336311 2.765768 0.530231 2.416870 4.085906 -23.417065 3.542946 -2.844958 17.406609 2.449782 6.286466
-0.351091 -5.254384 0.217346 -14.328106 14.846177 -8.981824 16.355738 -2.932220 -16.530458 -5.256060 -18.802483 2.721403 -13.409202 -11.826149 17.265886 11.931957 6.542085 -10.991101 -8.104433 12.378653 3.560891 0.572305 3.665219 3.973240 -23.015491 3.639614 -4.072254 17.620052 2.304559 5.389493
1.166666 -4.382433 1.275022 -13.227036 14.834418 -8.978429 16.916233 -1.682029 -16.789192 -4.600518 -17.243435 1.377715 -12.097439 -13.725722 17.533379 12.374435 5.066932 -10.792168 -8.924684 13.356898 3.972541 0.390522 4.098105 4.005094 -22.419333 4.132032 -5.085144 17.526459 2.302915 4.048909
2.246268 -3.602881 3.291117 -11.995390 14.282664 -9.559011 17.873222 -0.578839 -16.631842 -4.281314 -16.186447 0.280997 -11.520085 -15.185683 17.614491 12.058228 3.940863 -10.280808 -9.614465 13.421921 4.305027 -0.014739 4.283957 4.315428 -21.645390 4.613612 -6.104875 17.413609 2.330234 2.293547
3.503708 -2.706797 5.440331 -11.023994 13.818998 -10.466613 18.411972 0.376750 -16.206120 -4.388887 -15.265004 -0.660688 -11.340197 -16.652908 17.387398 11.737236 2.203444 -9.401674 -10.204761 13.283384 4.412052 -0.534695 4.338759 5.052792 -21.065382 4.997503 -6.816161 17.254097 2.323472 0.767383
5.490225 -2.582528 7.048444 -11.018053 13.007985 -10.530518 18.543434 1.032586 -15.304367 -4.451103 -14.178560 -1.228815 -11.730962 -17.725147 17.141068 11.754848 0.300319 -8.508715 -10.470263 13.316638 4.570120 -1.124777 4.363748 5.710701 -20.364162 5.370979 -7.455000 17.258286 2.392949 -0.516361
7.896475 -2.420568 7.663959 -11.200792 12.663598 -10.126347 18.542179 1.999332 -14.786047 -4.167122 -13.575794 -1.637413 -12.351731 -18.839212 16.238695 12.198824 -2.289493 -6.435435 -10.185600 14.591393 4.729704 -1.757374 4.103542 6.351354 -19.623276 5.740278 -7.845961 17.274769 2.538523 -1.593625
9.014691 -2.359482 7.987476 -11.101093 12.281806 -10.076470 18.483051 3.046045 -14.526798 -4.179082 -13.089706 -1.967511 -13.014711 -19.732475 15.841596 12.118843 -3.607335 -4.820044 -10.004909 15.189864 4.874179 -2.272593 3.878702 6.847487 -19.008202 5.992223 -8.129189 17.308071 2.672626 -2.483769
9.635093 -2.309895 8.259150 -10.892992 12.043369 -10.174379 18.560074 4.097950 -14.463953 -4.217551 -12.741214 -2.231716 -13.915490 -20.180470 15.636391 11.606260 -3.958038 -3.659809 -9.940402 14.949503 4.873920 -2.734734 3.544722 7.347163 -18.525770 6.122047 -8.076788 17.419712 2.821326 -2.920100
9.702795 -2.407940 8.706847 -10.564605 11.686681 -10.247297 19.002159 4.891805 -14.506648 -4.296386 -12.316120 -2.461437 -14.802472 -20.497988 15.617192 10.848497 -3.708000 -3.199845 -9.933612 14.117037 4.836800 -3.257737 3.010329 7.729479 -18.242205 6.202813 -7.972521 17.457464 3.024548 -3.134261
9.441950 -2.608023 8.902678 -10.477234 11.214213 -10.423831 19.504248 5.827645 -14.544670 -4.422048 -12.063379 -2.637027 -15.304026 -20.769970 15.754609 10.120556 -3.781821 -2.788803 -10.029357 13.128984 4.850507 -3.755209 2.615265 8.065864 -18.006031 6.295808 -7.904621 17.543732 3.246900 -3.224286
9.065533 -2.972154 8.661326 -10.670982 10.711031 -10.723066 19.834373 6.816357 -14.498592 -4.594508 -11.817947 -2.737608 -15.763255 -21.133059 15.835464 9.516125 -4.144266 -2.299320 -10.119630 12.373158 4.811182 -4.160712 2.243725 8.365017 -17.895893 6.303982 -7.691605 17.624096 3.452458 -3.160423
8.758782 -3.303551 8.374354 -10.750182 10.394851 -11.047045 19.924809 7.528562 -14.463510 -4.916199 -11.738503 -2.816928 -16.339329 -21.328125 15.702023 9.066407 -4.348531 -1.902333 -10.119653 11.690861 4.789450 -4.515107 1.912123 8.643809 -17.810707 6.307154 -7.477914 17.658484 3.639917 -3.067816
8.325874 -3.610066 8.153004 -11.071754 10.034774 -11.178082 19.821514 8.102425 -14.438534 -5.237331 -11.600486 -2.940441 -16.941343 -21.632822 15.460765 8.675683 -4.692831 -1.336934 -10.079947 11.211287 4.707064 -4.782399 1.649711 8.738463 -17.879705 6.274717 -7.306495 17.657082 3.771646 -2.824485
8.117798 -3.850052 8.020860 -11.386021 9.783214 -11.159488 19.679092 8.475024 -14.384158 -5.446341 -11.688908 -2.905894 -17.262714 -21.583826 15.362678 8.454780 -4.639826 -1.223942 -10.010324 10.862178 4.736961 -4.944747 1.445067 8.938933 -17.880081 6.293028 -7.118356 17.596651 3.899912 -2.680304
7.978447 -4.029811 7.907472 -11.599124 9.623507 -11.084520 19.578959 8.737863 -14.345819 -5.585631 -11.755627 -2.926939 -17.434458 -21.538048 15.322633 8.212732 -4.396487 -1.172486 -9.965573 10.625829 4.703465 -5.114408 1.248443 9.049529 -17.907810 6.305456 -6.963790 17.603310 4.005875 -2.482237
7.922157 -4.258888 7.778899 -11.783056 9.520372 -11.016721 19.555725 8.765921 -14.272347 -5.698605 -11.769911 -2.992310 -17.609930 -21.564648 15.255701 8.044241 -4.258731 -1.080986 -9.951056 10.479782 4.665682 -5.185657 1.147837 9.075050 -17.920799 6.300998 -6.863310 17.611637 4.068595 -2.333440
7.895184 -4.399893 7.692509 -11.898061 9.476298 -10.989746 19.534071 8.748993 -14.227368 -5.771517 -11.812111 -3.025246 -17.714525 -21.529224 15.197894 7.911813 -4.129191 -1.040751 -9.940357 10.305370 4.629656 -5.245975 1.076862 9.080022 -17.930725 6.294165 -6.795298 17.634604 4.115005 -2.223995
7.866875 -4.496706 7.651216 -11.960231 9.457638 -10.970722 19.512012 8.702538 -14.196301 -5.814191 -11.845003 -3.038540 -17.819519 -21.485985 15.153460 7.834387 -4.078927 -0.997733 -9.931822 10.166559 4.615709 -5.290019 1.032742 9.084640 -17.926855 6.299402 -6.762860 17.654663 4.146509 -2.161390
7.863099 -4.532762 7.637392 -11.980624 9.446446 -10.964874 19.513853 8.697724 -14.188180 -5.826003 -11.856102 -3.036577 -17.837585 -21.469185 15.154995 7.810331 -4.073762 -0.984694 -9.930339 10.125832 4.613037 -5.313875 1.012651 9.094661 -17.927425 6.301327 -6.748503 17.664219 4.161259 -2.137969
