14.157877 2.568037 0.012019 -2.791310 24.764690 -9.501636 15.050493 -7.186256 -14.009145 -7.366440 -22.894459 -0.655545 7.580526 -6.626809 18.548243 5.132722 7.270391 1.873995 -26.124907 5.217147 4.746706 18.026926 3.172593 8.825828 -21.362896 6.539108 -6.572854 7.903561 1.003410 -8.293921
13.842787 3.126420 0.095931 -3.154368 25.336430 -9.622421 14.149144 -6.961720 -13.945043 -7.643092 -23.376026 -0.887116 6.825113 -6.329265 17.951172 5.003093 7.545229 2.679759 -25.603588 6.081920 4.551561 17.989367 2.665809 8.407393 -21.576748 6.277788 -6.362860 8.045120 0.902347 -8.286568
13.300968 3.459630 -0.444681 -4.146915 25.842495 -9.623586 13.146721 -6.567624 -13.853196 -8.038616 -23.472744 -0.899139 4.532824 -5.424304 17.495056 4.834108 8.400148 3.666036 -24.444944 7.425777 4.293571 17.659792 1.975487 7.706554 -21.832588 6.090590 -6.323403 8.191231 0.948958 -8.010445
11.866998 3.986020 -1.277254 -5.540650 26.054283 -9.581515 12.472738 -5.873432 -14.006889 -7.986175 -23.557957 -0.946403 1.537114 -4.379788 16.279789 4.211875 9.881404 5.004242 -22.778667 8.233088 4.173626 17.354765 0.981257 6.515005 -22.164633 5.968947 -6.534570 8.018761 1.146190 -7.707854
11.023251 4.676163 -2.150848 -6.656925 26.516972 -9.691062 11.627418 -5.331927 -13.994500 -8.080791 -23.956835 -1.576034 -0.199276 -4.263324 14.336268 3.708190 11.333151 6.486396 -21.721884 8.883800 4.272594 16.984064 -0.376671 5.223628 -22.360771 6.064233 -6.819415 7.526803 1.450900 -7.542524
10.071284 5.287466 -3.099038 -7.744576 27.034698 -9.736650 10.400750 -4.777229 -14.089149 -8.553887 -25.093983 -1.758500 -0.936517 -4.525113 12.033930 3.023110 12.794947 7.455532 -21.136295 8.338062 4.270877 16.477631 -1.666573 4.163262 -22.396984 6.192861 -7.045881 7.210863 1.865962 -7.262889
9.720366 5.999413 -4.231001 -8.800924 27.573631 -10.241976 8.957829 -4.287578 -14.047488 -9.166035 -26.865616 -1.344115 -1.305511 -4.705372 9.313009 2.197932 14.599970 7.339898 -21.220163 7.271598 4.142056 15.574288 -2.893731 3.156330 -22.571842 6.241637 -7.347631 6.819821 2.167362 -7.177629
9.505802 6.431127 -4.963624 -9.446350 27.828304 -10.880404 7.850066 -3.625799 -13.899221 -9.868134 -27.609951 -1.256150 -2.418912 -5.092737 7.348939 0.856959 16.937012 7.860681 -20.859324 7.055834 4.070023 14.703649 -4.456681 2.252281 -22.592075 6.161074 -7.583611 6.621293 2.449433 -7.619427
9.365063 6.751745 -5.099887 -9.902557 27.980743 -11.065090 7.072262 -3.029896 -13.615396 -10.508727 -28.038918 -1.231837 -3.428248 -5.330344 6.264189 -0.043125 18.230303 8.679528 -20.355204 6.848275 4.087788 14.333577 -5.319188 1.773856 -22.575754 6.148294 -7.510775 6.585536 2.666650 -7.593079
9.312911 6.776961 -5.218724 -10.210777 27.996567 -11.117341 6.685274 -2.735898 -13.369580 -10.928814 -28.271156 -1.276969 -4.117708 -5.470431 5.488085 -0.519991 19.000736 9.379786 -19.992271 6.495256 4.110877 14.007470 -5.846053 1.468935 -22.588474 6.151711 -7.489051 6.603023 2.845202 -7.518418
9.282833 6.791425 -5.311231 -10.240528 27.987719 -11.133081 6.853440 -2.765334 -13.427266 -10.730007 -28.221573 -1.359411 -4.018885 -5.544338 5.438791 -0.373318 18.880716 9.311281 -20.059351 6.542499 4.168805 14.029365 -5.700114 1.553357 -22.589172 6.234121 -7.520563 6.557600 2.891581 -7.419474
8.932190 6.711480 -6.027848 -10.378784 27.812359 -10.960001 8.369460 -3.317889 -14.058823 -9.018000 -26.884190 -1.499233 -3.499076 -5.769331 6.494278 0.860565 17.368673 8.259452 -20.554670 7.205574 4.359004 13.914397 -4.148897 2.501642 -23.015888 6.588707 -7.657957 6.084477 2.715137 -6.901402
9.029985 6.052781 -7.686941 -10.586586 27.259415 -11.215433 10.742380 -3.935961 -15.227475 -6.252658 -23.907398 -2.605505 -3.114496 -6.073988 8.771182 3.254842 14.536326 7.218429 -20.781828 9.000823 4.782949 13.646193 -1.451944 4.623070 -23.761135 7.210831 -7.733859 5.556642 2.476493 -6.148049
9.104309 3.928112 -8.527340 -9.077646 25.854366 -11.529354 14.307117 -4.747494 -17.220907 -3.281345 -20.088348 -2.619343 -3.387933 -5.968745 12.460677 5.170953 12.884317 5.198529 -20.765562 10.937227 5.538076 13.584211 1.822180 6.975775 -24.257164 7.675130 -7.809015 5.401997 2.291981 -5.433260
9.180612 1.148136 -7.658119 -7.275830 23.410961 -11.069861 20.072918 -6.124361 -17.987228 -0.468451 -19.098076 -2.876113 -1.705852 -5.948744 13.784733 7.154794 10.988194 2.730030 -21.912540 8.399149 6.368695 13.021121 4.839332 8.593431 -23.557281 7.801702 -7.979413 7.357941 2.541856 -3.958017
10.497990 -1.511469 -4.597598 -5.427720 20.543026 -8.965101 25.064564 -6.502619 -17.592766 1.046156 -17.588352 -3.839751 -0.488380 -6.547613 14.761537 7.668305 10.049313 1.354772 -22.956289 4.721408 6.797426 12.161885 6.540731 9.305091 -21.950729 7.872744 -8.344628 9.893528 2.937178 -2.988730
12.371918 -3.497881 -0.937848 -4.219454 17.603283 -7.696033 26.519209 -6.071907 -16.780678 0.104426 -15.260633 -5.659807 -1.652187 -8.797153 12.634858 8.001070 8.668017 2.200387 -23.475683 3.326319 6.585836 10.859349 7.062388 9.794550 -20.106396 7.902274 -8.473380 11.949330 3.003205 -3.022540
13.099407 -4.505413 3.796109 -3.979346 15.106246 -7.481825 27.402328 -4.567871 -15.206508 -1.290167 -13.990321 -6.261988 -3.122267 -9.865277 11.274080 8.562859 5.951521 2.881432 -23.716177 3.036052 6.166082 9.396251 6.834461 10.219457 -18.518145 8.184163 -8.588714 13.088113 3.094660 -3.827982
14.136026 -5.017138 7.407690 -3.860672 13.274987 -7.416007 28.621155 -3.279296 -13.659593 -2.062295 -13.181490 -5.854430 -5.028790 -10.297324 10.356936 8.819690 4.474545 3.217741 -23.646646 2.625588 5.759198 8.079766 6.426906 10.479506 -17.455774 8.471133 -8.589103 13.931109 3.298596 -4.062101
14.639588 -5.292438 9.121888 -3.512807 12.266702 -7.282123 29.404825 -2.446726 -13.018950 -2.344942 -12.754753 -5.347248 -5.821785 -10.138162 10.103399 9.271354 2.913838 3.668700 -23.400362 2.869657 5.518619 7.247468 6.213558 10.608146 -16.870201 8.645980 -8.685552 14.405088 3.488091 -4.114647
14.730732 -5.345658 9.376980 -3.456423 12.113918 -7.266813 29.559093 -2.334345 -12.930086 -2.359975 -12.759825 -5.299048 -5.946516 -10.147140 10.009639 9.314983 2.617470 3.895223 -23.356127 2.923502 5.486824 7.117630 6.160624 10.651946 -16.794140 8.687243 -8.701505 14.450132 3.526861 -4.144564
14.895263 -5.333942 9.638070 -3.446148 11.932416 -7.309442 29.633030 -1.934415 -12.805697 -2.412986 -12.668282 -5.298703 -6.388797 -10.399623 9.628413 9.624852 1.743548 4.617955 -23.198988 3.572143 5.432477 6.845867 6.026928 10.728842 -16.643686 8.761550 -8.772291 14.515549 3.606111 -4.225560
15.099818 -5.394397 9.813100 -3.575378 11.638906 -7.419159 29.625816 -1.210788 -12.645650 -2.522098 -12.341045 -5.197835 -7.225672 -10.702662 9.023725 10.161738 0.347257 5.758987 -22.737831 4.759818 5.405058 6.397283 5.707244 10.963206 -16.405655 8.943311 -8.848719 14.515839 3.782543 -4.458938
15.236212 -5.437419 10.063405 -3.572126 11.150714 -7.499845 29.750893 -0.101790 -12.551970 -2.751186 -11.553478 -4.974402 -8.435400 -10.854739 8.804749 10.542109 -0.442356 6.555736 -22.268263 5.610891 5.425637 5.935056 5.292764 11.275911 -16.140001 9.121449 -8.873910 14.442745 3.968824 -4.696846
14.908106 -5.639100 10.210917 -3.891534 10.450818 -7.699005 29.864544 1.315167 -12.376700 -3.264092 -10.792302 -4.724897 -9.937913 -10.965240 8.545762 10.587360 -0.816055 7.330079 -21.902971 5.657250 5.403915 5.281672 4.647902 11.684810 -15.777263 9.322663 -8.804406 14.375445 4.263099 -4.889763
14.174395 -6.113631 9.902487 -4.382360 9.777534 -8.007186 30.023813 2.516582 -12.211915 -3.758373 -10.460065 -4.561337 -11.621070 -10.716840 8.287150 9.758736 -0.218905 7.398919 -21.822298 3.601715 5.299127 4.671629 3.958947 11.980650 -15.670930 9.404136 -8.543488 14.278345 4.552355 -4.726040
13.744314 -6.965098 9.832714 -4.739985 8.926761 -8.024405 30.450588 3.374199 -12.066974 -4.230908 -10.242532 -4.512142 -13.327756 -10.578160 7.913031 8.960138 -0.295582 7.710751 -21.746466 2.122780 5.211158 3.990983 3.344236 12.392133 -15.461469 9.533480 -8.258537 14.363194 4.917915 -4.509559
13.499779 -7.757725 9.425220 -5.381436 8.198024 -7.787490 30.509890 3.509694 -11.880131 -4.503910 -9.962152 -4.344895 -14.759957 -10.187942 7.674214 8.489450 -0.061530 7.768225 -21.494780 1.101735 5.132824 3.599888 2.932862 12.664046 -15.448086 9.575281 -7.897283 14.444010 5.201457 -4.090336
13.123394 -8.192209 8.752458 -6.020992 7.875760 -7.696856 30.132526 3.319182 -11.779930 -4.736982 -10.188355 -4.119136 -15.395542 -9.701051 7.532721 8.223603 0.633370 7.498755 -21.362799 0.285722 5.043458 3.493510 2.690534 12.714591 -15.572894 9.511102 -7.597867 14.425175 5.311385 -3.732901
12.906649 -8.374944 8.395846 -6.312917 7.800015 -7.692682 29.882919 3.156308 -11.714289 -4.865372 -10.342405 -3.994344 -15.675965 -9.358245 7.475296 7.973903 1.103983 7.292128 -21.287642 -0.283184 4.957665 3.469455 2.597832 12.673732 -15.632392 9.456752 -7.434885 14.465525 5.368251 -3.471787
12.885515 -8.389640 8.374938 -6.335498 7.796423 -7.687372 29.861677 3.143601 -11.709569 -4.881583 -10.368572 -3.955366 -15.700497 -9.278367 7.483779 7.950813 1.182660 7.233215 -21.268923 -0.364744 4.951744 3.468650 2.585197 12.671966 -15.638850 9.451272 -7.420235 14.465379 5.370874 -3.459803
12.959946 -8.296756 8.492157 -6.244522 7.828955 -7.700173 29.938288 3.217488 -11.738505 -4.826295 -10.282708 -4.032862 -15.589028 -9.466379 7.496912 8.077530 0.976681 7.333046 -21.307865 -0.092693 4.976546 3.477195 2.632445 12.685467 -15.615540 9.472278 -7.478725 14.459522 5.351825 -3.537065
13.028805 -8.112240 8.731599 -6.058427 7.912438 -7.707294 30.039272 3.333084 -11.797442 -4.749228 -10.210606 -4.012317 -15.338056 -9.535977 7.610752 8.240868 0.748807 7.293169 -21.334332 0.181021 5.009116 3.503464 2.705012 12.632747 -15.600171 9.490346 -7.614486 14.439976 5.293720 -3.691883
13.173757 -7.867802 9.070823 -5.754918 8.081979 -7.781757 30.243008 3.404569 -11.861220 -4.624063 -10.190183 -3.949878 -14.996114 -9.570924 7.715286 8.436614 0.480477 7.239754 -21.331991 0.482974 5.045240 3.580931 2.850201 12.522405 -15.587548 9.504106 -7.814851 14.425569 5.199875 -3.898074
13.289387 -7.439604 9.398421 -5.338429 8.475037 -7.896051 30.296856 3.326783 -11.951686 -4.494299 -9.970697 -4.180319 -14.379094 -9.912953 7.862318 8.712211 0.065115 7.261339 -21.459106 1.166636 5.105180 3.714214 3.145700 12.402154 -15.492859 9.549214 -8.107024 14.456044 5.070200 -4.167812
13.290488 -6.982187 9.661553 -4.968060 8.939392 -7.950075 30.217640 3.066558 -12.057652 -4.324583 -10.141640 -4.045469 -13.366701 -9.685449 8.274781 9.233221 0.122571 6.727553 -21.521675 1.798356 5.105661 3.927503 3.395026 12.109045 -15.516111 9.505857 -8.388693 14.460753 4.881148 -4.388047
13.718472 -6.781874 9.855731 -4.894860 9.336196 -7.789068 30.183380 2.127234 -11.961974 -4.031826 -10.491528 -3.983009 -12.179528 -9.402393 8.567258 9.840963 0.591452 5.971519 -21.557257 2.480285 5.166474 4.398792 3.930312 11.821820 -15.548407 9.487161 -8.694064 14.455935 4.628635 -4.564972
17.354540 1.182310 5.234965 -11.532473 9.465851 -6.875539 25.213425 -0.918684 -13.958088 -14.908103 -10.900181 -0.453348 -10.746545 -17.494017 3.183401 4.623971 5.901882 8.401484 -22.549261 3.104850 1.708977 9.738260 1.546594 8.775285 -14.738703 12.541158 -8.809128 13.186720 6.596289 -6.938661
17.959501 1.376374 4.640839 -12.241787 10.054872 -6.971677 24.804552 -2.128185 -13.499707 -14.563820 -11.420346 -0.165300 -9.444836 -17.551004 3.167510 5.568055 5.252925 8.147663 -22.562250 4.325592 1.880389 10.508472 2.307449 8.428165 -15.208422 12.406188 -8.846442 13.061580 6.265000 -6.692955
17.585754 1.439100 3.966078 -12.885244 10.558579 -7.049285 24.450356 -3.612715 -13.316117 -14.370243 -11.860823 -0.069099 -8.191670 -17.480658 3.347951 6.016851 5.255616 7.192728 -22.831882 4.539859 1.889505 11.147026 2.754884 7.894768 -15.839301 12.142749 -8.719689 12.925898 5.953925 -6.179986
12.540617 -3.809331 5.870545 -8.379455 15.396379 -5.888816 21.333981 -2.227616 -8.626919 -10.825357 -13.565622 -0.627079 -5.743483 -10.994752 8.844888 9.191685 6.039955 6.142169 -21.773432 -0.058976 3.467905 13.896024 1.944687 6.300606 -14.902942 9.462409 -9.390487 13.356247 4.723663 -4.479830
11.223240 -4.316608 4.644697 -8.454673 16.438404 -4.982305 20.669538 -3.646034 -8.990230 -10.803049 -14.044821 -0.422069 -5.352080 -9.928184 9.563437 8.795865 9.133311 3.420867 -22.022469 -1.736077 3.615364 14.763420 2.342596 5.749477 -15.926184 8.959231 -8.960267 13.227520 4.599479 -3.557085
9.872699 -4.604074 2.968827 -8.492103 17.182682 -4.289679 20.103302 -4.513064 -10.248029 -10.851047 -14.831202 -0.104463 -4.871581 -9.041837 9.907983 8.844318 11.226695 1.995783 -21.832994 -1.953300 3.498033 15.303309 2.709884 5.337274 -16.748592 8.495019 -8.512402 13.305387 4.451165 -2.313218
8.838554 -4.961522 1.356223 -8.395619 17.759405 -3.293656 19.431889 -5.330191 -11.440760 -10.929604 -15.863801 0.533753 -4.608923 -7.751752 10.309226 9.197735 13.243714 0.757525 -21.254103 -1.554365 3.458207 15.803741 2.933968 4.901390 -17.616659 8.069056 -8.015563 13.201595 4.296181 -1.002184
7.163783 -4.779603 -0.477258 -8.381935 18.693722 -2.870373 18.398750 -5.614599 -12.736287 -10.954477 -16.661964 1.199362 -4.771050 -6.498680 10.550843 9.606145 14.366736 0.200359 -20.653009 -1.059610 3.371955 16.272291 2.866219 4.565354 -18.444418 7.645185 -7.348093 13.056414 4.154200 0.230462
5.691128 -4.632475 -1.408594 -9.066986 19.229443 -3.501080 17.939121 -6.232615 -12.933835 -10.938146 -17.763172 1.940365 -4.917812 -5.238844 10.564227 9.849125 14.829278 -0.087180 -20.100740 -0.685754 3.118127 16.450266 2.348958 4.407327 -19.135044 7.302661 -6.718073 12.816416 4.100231 0.978517
4.284313 -4.547948 -2.028028 -9.812197 19.442232 -4.235513 17.555557 -6.807919 -12.999045 -10.999846 -18.850380 2.693894 -5.749551 -4.019034 10.154922 9.813858 15.416014 -0.170661 -19.427549 -0.662704 2.821886 16.476019 1.841890 4.062951 -19.722908 6.972028 -6.128080 12.712347 4.090143 1.712041
3.141747 -4.761950 -2.257144 -10.405888 19.307411 -4.854372 17.432829 -7.472725 -12.885346 -11.269873 -19.638756 3.314086 -6.346237 -3.134192 9.873389 9.841913 15.740870 -0.203379 -18.926659 -0.679935 2.548314 16.530128 1.505102 3.862107 -20.082909 6.789918 -5.766491 12.588720 4.067266 1.985968
2.372613 -5.109367 -2.334978 -10.838287 19.111845 -5.194541 17.405888 -8.159056 -12.649991 -11.586332 -20.137314 3.770153 -6.814810 -2.505325 9.704604 9.886915 15.998015 -0.314069 -18.558294 -0.751638 2.367004 16.503862 1.282336 3.719540 -20.290012 6.679220 -5.498439 12.584879 4.108292 2.285468
2.046189 -5.264018 -2.347213 -11.053749 19.027912 -5.379600 17.366673 -8.448778 -12.492101 -11.750858 -20.333544 3.948748 -7.007562 -2.248202 9.643590 9.878555 16.108770 -0.329989 -18.420530 -0.785038 2.272728 16.481474 1.118326 3.631331 -20.386127 6.647616 -5.368163 12.568911 4.144175 2.419185
