13.180880 4.305545 -1.705279 -6.580304 24.590569 -19.446592 15.759222 -6.803572 -15.351828 -1.069307 -23.314274 -2.050166 1.770754 -19.190308 19.672768 5.927459 4.718546 -4.872317 -14.401256 15.859540 5.301543 10.036736 4.073061 9.952798 -25.234634 4.444106 -6.233373 7.941311 -0.933923 -8.659942
12.898020 4.877284 -1.404107 -6.517610 24.977779 -18.883703 15.097820 -6.889024 -15.229864 -1.627247 -24.021511 -1.861412 1.363736 -18.786453 19.322823 5.561103 5.207548 -4.159558 -14.026269 16.151361 5.417511 11.033076 3.423639 9.484078 -25.168571 4.655617 -6.152684 7.344219 -0.823604 -8.952710
12.075917 5.390751 -1.232917 -6.934284 25.385475 -17.418421 14.025314 -6.306750 -15.299350 -2.583407 -24.998606 -1.459840 0.464965 -18.056007 18.666531 5.307079 5.804600 -3.194858 -13.361031 16.429474 4.815139 11.882948 2.254144 8.733084 -24.933826 4.765951 -6.020953 7.274652 -0.658330 -8.953438
10.568224 5.943442 -1.934422 -8.434126 26.016972 -14.696740 12.655010 -5.714207 -15.577973 -3.232274 -26.016123 -0.671063 -0.899070 -17.108913 18.188822 4.527633 6.753160 -2.112550 -12.542686 16.457935 4.410361 12.424274 1.364091 7.444262 -24.556358 4.762527 -5.752215 7.752038 -0.341611 -8.079035
11.037188 7.565625 -2.502079 -9.539753 27.002342 -12.230844 10.668636 -4.808955 -15.384732 -3.464801 -26.774042 0.330493 -2.248787 -16.216400 18.039448 3.590687 7.742939 -1.301859 -11.821389 16.783686 3.909061 12.342896 0.033097 6.322315 -23.959230 4.476704 -5.604283 8.429729 -0.189040 -8.026430
11.347067 8.261596 -1.692010 -8.904560 27.491892 -10.961909 7.773274 -3.831606 -15.957877 -5.220265 -27.701361 0.948395 -3.295181 -15.392461 17.822403 2.426955 8.837937 -0.767828 -11.327462 17.305977 4.078146 12.344800 -1.810845 4.878040 -23.608488 4.215511 -5.329719 8.330191 -0.112208 -8.386503
11.100597 9.256458 0.693279 -8.234210 27.669094 -9.545023 4.837661 -3.018962 -16.220352 -7.344050 -28.810465 1.606816 -4.400027 -14.806628 17.189640 1.373398 9.370937 0.310437 -10.791862 17.440887 4.511980 12.429736 -3.691195 2.898026 -22.947979 4.061322 -5.179669 8.570869 0.020129 -8.649810
9.522579 9.582363 1.446923 -8.549382 27.706146 -8.132754 2.777980 -1.846575 -16.575462 -9.022800 -29.657314 2.102458 -5.478921 -14.301293 16.824127 0.335273 9.421220 1.522626 -10.413161 17.356289 4.896273 12.087328 -5.493535 1.260484 -22.325771 3.977595 -4.936943 8.704395 0.235540 -9.005421
8.430529 9.673625 1.641907 -8.972721 27.655954 -7.502690 1.174724 -0.742295 -16.844269 -10.326780 -30.289989 2.354757 -6.313581 -14.061506 16.327681 -0.364463 9.499819 2.374129 -10.056922 17.486465 5.168424 11.874173 -6.291996 0.577991 -21.817516 4.084070 -4.670641 9.061511 0.522220 -8.795034
7.797381 9.550584 1.470384 -9.376072 27.529610 -7.125490 0.543401 -0.237201 -16.986423 -10.872069 -30.433468 2.533862 -6.830517 -13.914224 16.141823 -0.605925 9.461293 2.644742 -9.856534 17.558121 5.463921 11.718841 -6.680211 0.128612 -21.503384 4.232206 -4.480015 9.338991 0.825340 -8.458685
7.846796 9.619276 1.617789 -9.356308 27.539587 -7.131565 0.761712 -0.310443 -16.894726 -10.732829 -30.317551 2.598939 -6.794650 -13.871552 16.411884 -0.623218 9.370015 2.573141 -9.913997 17.578907 5.335219 11.750733 -6.563449 0.297976 -21.474342 4.225835 -4.459355 9.410048 0.776350 -8.475566
8.380314 9.617586 2.274058 -8.816805 27.422108 -7.168331 3.147419 -1.310163 -16.546940 -9.205010 -28.756361 3.668856 -6.205410 -13.174005 19.317240 -0.559759 9.108287 0.589676 -10.420819 17.241230 4.441267 12.267686 -5.197886 1.577184 -21.735397 4.027171 -4.424872 9.589209 0.205492 -8.451958
7.445199 9.683305 2.114825 -8.401824 27.485245 -8.646397 7.642761 -2.533824 -16.016867 -6.731699 -26.831888 4.896934 -4.947682 -12.969983 22.219809 0.367284 8.594586 -1.488905 -10.838017 16.232578 3.245803 12.997991 -2.552132 3.758386 -21.838923 3.827417 -3.726674 10.747871 -0.317838 -6.898797
4.938107 7.950454 1.224387 -9.537355 26.385254 -10.064104 13.308472 -3.324269 -15.469777 -3.930326 -23.840900 4.904337 -2.775519 -14.658772 24.723267 1.781481 7.097919 -2.526680 -11.570822 15.518194 2.473416 14.458137 0.692647 5.823286 -20.906563 4.338560 -3.230431 12.278145 -0.154615 -4.775243
5.308833 5.451787 2.226415 -8.204331 23.975264 -12.459887 18.242685 -4.223327 -14.811633 -2.727985 -21.048849 2.583817 0.407423 -17.818651 25.786331 2.734245 7.425723 -3.661480 -13.494243 13.824474 3.156105 15.220345 2.142037 6.095421 -19.761402 4.835644 -4.302265 13.254235 0.691698 -4.419985
7.362674 1.519856 2.510757 -7.128650 20.810081 -12.318182 19.181610 -4.151148 -14.916348 -3.594388 -18.804573 -0.350588 1.550187 -20.688923 24.841026 3.899025 6.518458 -3.552931 -14.848650 11.754871 3.595346 12.785609 3.001700 6.498118 -19.576000 5.402939 -5.769271 13.087339 1.259910 -4.427690
7.812730 -0.299998 5.493590 -6.324283 17.830296 -10.120149 20.559372 -3.212469 -14.527489 -4.335042 -16.992378 -1.819676 0.632874 -23.132467 22.714184 4.862260 4.164416 -1.898398 -14.979579 10.129337 3.557947 12.188700 3.560141 7.226737 -18.049017 5.238485 -5.785633 14.593569 1.186620 -5.125861
8.727711 -0.132279 9.393741 -6.844169 16.145779 -9.653179 22.715109 -2.871625 -12.048788 -4.255198 -15.132582 -2.295951 -1.991865 -24.773350 20.786541 5.488525 1.804286 -0.029085 -14.384551 9.013956 3.322100 12.272014 4.036703 7.687894 -16.729876 5.383460 -5.903005 15.677372 1.293714 -5.890348
9.004213 -0.253660 11.004960 -6.438313 15.230948 -10.583577 23.637083 -1.406362 -11.191986 -4.541373 -14.389841 -2.459501 -4.282651 -25.752588 18.929781 5.831798 -0.288327 2.052616 -13.727765 8.991102 2.984657 11.477771 3.815664 7.704778 -15.549326 5.754612 -6.167735 16.473082 1.806841 -6.152800
9.501414 -0.137622 11.227962 -6.513019 14.785960 -11.110800 23.504618 -0.547895 -10.756797 -4.752898 -14.012905 -2.393254 -5.346683 -26.106054 18.211246 6.183454 -1.851536 3.193531 -13.350035 9.323721 2.865925 10.838473 3.668241 7.699546 -15.064309 6.113704 -6.537944 16.748072 2.203216 -6.051429
9.638855 -0.183098 11.226219 -6.569751 14.634475 -11.247390 23.617489 -0.414327 -10.622891 -4.738926 -13.950567 -2.455319 -5.511561 -26.241095 18.057590 6.185365 -2.087733 3.458284 -13.306328 9.392729 2.853115 10.710522 3.618205 7.738662 -14.994685 6.183423 -6.570891 16.793661 2.281613 -6.089387
10.123945 -0.204480 11.210754 -6.709061 14.400437 -11.272588 23.519440 0.183301 -10.479882 -4.850766 -13.797359 -2.434639 -5.762903 -26.393023 17.886604 6.292868 -2.733103 3.884178 -13.180029 9.642059 2.882945 10.345992 3.455682 7.908928 -14.846560 6.348179 -6.663692 16.866766 2.441466 -6.195522
11.139001 -0.538708 11.179717 -6.817812 13.984303 -10.988797 23.212154 0.922111 -10.346847 -5.160325 -13.542210 -2.367032 -6.332268 -26.564201 17.708405 6.315707 -3.548677 4.549058 -12.976885 9.848497 3.010152 9.617942 3.399027 8.209702 -14.676308 6.623193 -6.878337 16.809580 2.682419 -6.122859
12.307030 -0.432005 11.736122 -6.491455 13.617528 -10.592415 22.703199 1.800664 -10.316635 -5.616628 -13.104540 -2.481487 -7.115295 -26.727076 17.545414 6.108706 -4.157502 5.219890 -12.830696 9.728176 2.985581 8.626142 3.025756 8.475934 -14.522040 6.937469 -7.076781 16.895418 3.033234 -5.930826
13.155680 -0.403187 13.099560 -5.620107 12.923656 -10.102022 22.730810 3.123501 -10.209826 -6.339473 -12.513865 -2.595941 -8.032378 -26.796265 17.545715 5.838304 -4.187768 5.351534 -12.680686 9.274640 3.125945 7.910982 2.496876 9.048181 -13.918004 7.173229 -7.096735 16.990860 3.391756 -6.357989
12.296597 -0.821525 13.814002 -5.776217 12.069167 -10.661739 22.917915 6.043272 -10.372170 -7.403618 -12.127865 -2.730041 -8.906599 -26.860626 17.560192 5.295401 -3.616408 5.207253 -12.624105 8.228256 2.879711 7.183779 1.596523 9.460107 -13.338935 7.106221 -6.961110 17.614323 3.809425 -6.711275
10.079836 -1.899763 12.210998 -7.606097 11.561417 -11.307237 22.655306 7.441737 -10.525764 -8.340108 -12.293054 -2.739318 -9.909266 -26.970345 17.230824 4.723581 -3.262820 5.441045 -12.526099 7.059037 2.474659 6.716895 0.621877 9.470334 -13.276562 7.092815 -6.508784 18.055080 4.161153 -6.279422
9.187312 -2.163286 11.895514 -8.380072 10.873746 -11.357801 22.006939 9.125517 -10.390309 -9.403818 -12.507116 -2.773589 -10.485451 -26.966671 16.967999 4.112603 -2.831608 5.472519 -12.494786 6.128556 2.113137 6.008195 -0.003717 9.493064 -13.562949 7.286845 -6.070819 18.153959 4.524514 -5.146712
8.929884 -2.342166 11.815812 -8.980234 10.654893 -10.995935 21.277550 9.492086 -10.112380 -10.016779 -12.687850 -2.778048 -10.801270 -26.707462 16.871239 3.619169 -2.193676 5.226365 -12.481673 5.354390 1.897588 5.736717 -0.467050 9.384026 -13.708203 7.278991 -5.737148 18.190922 4.658979 -4.672410
8.896812 -2.460743 11.615148 -9.243058 10.713990 -10.762402 21.022884 9.313751 -10.009467 -10.085237 -12.822119 -2.774099 -10.967581 -26.470383 16.762451 3.371180 -1.842235 5.040369 -12.447837 4.893606 1.808503 5.679202 -0.669855 9.297826 -13.760136 7.176548 -5.608580 18.213680 4.666732 -4.574746
8.900190 -2.494685 11.597329 -9.259567 10.712712 -10.760669 21.021896 9.304813 -10.014318 -10.093802 -12.835430 -2.770472 -10.995245 -26.448467 16.749329 3.356294 -1.794073 5.021399 -12.441589 4.841596 1.801362 5.676496 -0.689989 9.292426 -13.769218 7.169135 -5.598224 18.220863 4.668291 -4.570336
8.900826 -2.366302 11.674182 -9.212914 10.695473 -10.870024 21.025677 9.379721 -9.995185 -10.088354 -12.786942 -2.736906 -10.899791 -26.494560 16.809055 3.447895 -1.912842 5.028123 -12.455705 4.988696 1.838849 5.683074 -0.602310 9.331038 -13.739842 7.216929 -5.641984 18.188847 4.662375 -4.594440
8.902828 -2.217009 11.740752 -9.069623 10.721815 -10.971172 21.111307 9.319824 -10.059318 -9.977346 -12.684931 -2.724188 -10.772435 -26.602123 16.877396 3.660083 -2.144732 5.103097 -12.467032 5.300464 1.866244 5.734746 -0.473052 9.306449 -13.730811 7.283778 -5.759384 18.158756 4.636799 -4.630615
8.915045 -1.958716 11.570935 -8.882185 10.941005 -11.242257 21.242802 8.806449 -10.160264 -9.612901 -12.560906 -2.741844 -10.605409 -26.803669 16.919891 3.971503 -2.523426 5.295322 -12.483535 5.764667 1.939000 5.878839 -0.255355 9.270242 -13.703206 7.308560 -5.977187 18.121933 4.563356 -4.854781
9.110276 -1.725405 11.555084 -8.437183 11.279059 -11.431555 21.688831 8.035902 -10.301728 -9.049126 -12.422176 -2.643055 -10.305432 -26.741623 17.025486 4.432421 -2.867412 5.173468 -12.481074 6.266472 2.005772 6.182422 0.093915 9.143085 -13.620375 7.275834 -6.292214 18.164532 4.399844 -5.185730
9.518383 -1.615572 11.446884 -8.254498 11.906650 -11.628948 21.877342 6.714559 -10.340250 -8.421021 -12.245886 -2.591217 -9.941804 -26.661247 17.228088 4.940324 -3.100611 5.074925 -12.486652 6.982267 2.180264 6.677106 0.450979 9.062759 -13.446628 7.176823 -6.577582 18.173126 4.163759 -5.888304
10.606081 -1.366178 11.954558 -7.898113 12.391927 -11.092288 21.899885 5.152142 -10.157542 -7.754175 -12.175333 -2.575965 -9.498321 -26.509602 17.320534 5.411199 -3.180946 4.875017 -12.512120 7.713745 2.334032 7.249655 0.962552 8.739181 -13.600067 7.086129 -6.946159 17.995144 3.808851 -6.277781
12.866879 5.039213 8.752914 -16.276642 8.293267 -7.978614 24.292614 2.215096 -17.842283 -6.472124 -11.924274 -3.693048 -13.259048 -15.615229 21.863409 16.056438 -6.926462 -3.567576 -6.740345 12.044338 3.783346 -0.176147 2.326895 8.159624 -16.232227 10.459775 -5.961079 16.953159 4.714751 -4.585400
13.139427 5.375271 8.697309 -16.356251 8.808782 -7.680951 23.925125 1.056518 -17.804214 -6.207197 -12.204809 -3.581673 -12.282790 -15.617057 21.814526 16.915451 -7.326948 -3.705781 -6.694256 13.449223 3.951490 0.695019 3.046383 7.768293 -16.548574 10.278447 -5.993766 16.887714 4.388143 -4.482982
12.350799 5.460339 8.301358 -16.625757 9.203544 -7.609850 23.701736 -0.205532 -17.804728 -6.203434 -12.769991 -3.391328 -11.034575 -15.238183 22.122608 17.325836 -6.976188 -4.685122 -6.874535 13.767199 3.996755 1.515025 3.496354 7.205322 -16.901711 10.030598 -5.911136 16.849842 4.118626 -4.185760
9.402037 -1.924728 8.043408 -10.478828 12.720085 -10.666373 19.135807 1.755688 -14.744298 -3.515200 -13.390834 -2.617429 -11.104230 -20.235762 16.784546 11.438889 -2.159213 -5.473379 -10.702457 15.200157 4.990230 -0.831642 4.390638 6.826830 -19.221537 5.736066 -7.677780 16.916204 2.132155 -2.719728
7.658331 -2.152542 7.002978 -10.734985 13.771024 -9.646445 18.236004 0.523272 -15.177606 -3.439973 -14.243784 -2.197746 -10.521562 -18.715374 17.587162 10.987209 0.847350 -7.814820 -11.021136 13.802995 5.130520 -0.281318 4.754009 6.209348 -20.268133 5.284101 -7.336904 16.816864 2.040275 -1.676159
6.307176 -2.342275 5.446900 -10.910564 14.639600 -8.923775 17.721920 -0.451806 -16.117628 -3.488045 -15.442050 -1.860069 -9.710822 -17.840250 17.753639 10.795833 2.806221 -8.523820 -10.915452 13.488634 5.059426 0.521401 4.827219 5.651200 -21.052786 4.919068 -6.843862 16.666054 1.924768 -0.620356
5.156433 -2.903982 3.821544 -11.310351 15.143659 -8.279060 17.441269 -1.605944 -16.746155 -3.522877 -16.632698 -1.094207 -9.390414 -16.358301 18.056437 10.850064 5.028997 -9.304666 -10.424107 13.868912 4.979821 1.278306 4.891695 5.100349 -21.857672 4.523273 -6.273292 16.513348 1.801332 0.591328
3.583205 -2.977756 2.125720 -11.594753 15.998321 -8.221973 16.611870 -2.304735 -17.424091 -3.739282 -17.332357 -0.245057 -9.678940 -15.142106 18.282486 11.102152 6.049446 -9.778674 -9.930688 14.128369 4.873575 1.937678 4.834337 4.765810 -22.593708 4.133076 -5.640964 16.380514 1.683286 1.726509
2.235468 -2.862762 1.400445 -12.043333 16.462622 -9.012274 15.982949 -2.956559 -17.432804 -3.986675 -18.401291 0.657406 -9.774047 -14.088195 18.199440 11.186786 6.558149 -9.932218 -9.541200 14.384562 4.698241 2.290356 4.529849 4.609686 -23.153969 3.818249 -4.993687 16.269604 1.672714 2.587432
0.950715 -2.676895 1.049543 -12.610304 16.764654 -9.709772 15.482817 -3.594955 -17.241741 -4.279550 -19.563293 1.555921 -10.372620 -13.033606 17.812960 11.061815 6.935817 -9.973516 -9.093257 14.176748 4.415978 2.519076 4.154105 4.285330 -23.621317 3.510427 -4.396429 16.263636 1.669613 3.304157
0.019997 -2.622644 0.936846 -13.200062 16.902802 -9.994665 15.097832 -4.338227 -16.838978 -4.706276 -20.517010 2.344218 -10.900396 -12.097877 17.538450 11.083641 7.153325 -10.054813 -8.634869 13.967968 4.188786 2.689478 3.851183 4.082535 -23.893368 3.345057 -4.029032 16.209126 1.651376 3.559480
-0.700637 -2.746184 0.927867 -13.678067 16.885633 -10.149911 14.934665 -5.065550 -16.495018 -5.006770 -21.176533 2.893118 -11.308627 -11.444384 17.354836 11.039662 7.474771 -10.160477 -8.296342 13.724310 4.015033 2.725361 3.639961 3.934438 -24.078211 3.217870 -3.769217 16.195522 1.683417 3.836170
-0.996287 -2.798518 0.944594 -13.910044 16.879215 -10.220201 14.848939 -5.388109 -16.310802 -5.133124 -21.499821 3.109464 -11.431619 -11.172242 17.281399 10.988380 7.616616 -10.167172 -8.177163 13.590005 3.910771 2.722636 3.500058 3.857931 -24.171652 3.167571 -3.652267 16.177267 1.702375 3.945613
