1.880410 -5.329441 -2.336420 -11.200635 18.986542 -5.448040 17.333733 -8.539639 -12.387970 -11.841166 -20.427128 4.017516 -7.115980 -2.138315 9.585980 9.876196 16.170282 -0.339218 -18.352186 -0.803181 2.201670 16.441656 1.003834 3.579781 -20.434143 6.632951 -5.270288 12.586411 4.170987 2.487683
1.472142 -5.441134 -2.529457 -11.640843 19.046028 -5.770119 17.067730 -8.960117 -12.095540 -11.964696 -20.817980 4.339361 -7.598250 -1.654198 9.335607 9.845341 16.522570 -0.357154 -18.045778 -0.891462 2.003604 16.397245 0.700658 3.446342 -20.710705 6.553115 -4.943645 12.540676 4.186598 2.731129
0.743970 -5.720181 -3.212836 -12.217796 19.380968 -6.271497 16.529388 -9.667731 -11.716688 -12.280660 -21.263882 4.970311 -8.180009 -0.911909 9.402442 9.769537 17.527979 -0.334751 -17.512688 -0.521889 1.806963 16.277452 0.264896 3.307439 -21.221371 6.504645 -4.425281 12.340296 4.228931 3.092646
-0.205565 -6.127154 -4.026312 -13.224781 19.230385 -7.059747 16.061304 -10.191970 -11.105552 -12.932444 -21.828613 5.845071 -8.845193 0.266684 9.743526 9.796191 18.990559 -0.359379 -16.819801 0.125700 1.518980 16.001242 -0.475225 3.146825 -21.882595 6.280248 -3.853335 11.900883 4.098142 3.282038
-1.513674 -5.908461 -3.789634 -13.725097 18.805685 -8.009974 15.338991 -10.095927 -10.852394 -14.007991 -22.458717 6.758319 -9.603380 1.079624 9.943349 9.447660 19.958961 -0.036832 -16.122164 0.981335 1.103288 15.557654 -1.486759 2.950048 -22.313423 6.023626 -3.293430 11.801081 4.132298 3.774345
-2.462328 -5.773097 -3.101327 -14.564577 18.259701 -8.281224 14.345606 -9.462376 -10.375197 -15.054796 -23.001978 7.756013 -10.720642 2.019548 9.978217 9.015190 20.174469 0.834001 -15.486754 1.605290 0.679884 15.056790 -3.009580 2.559740 -22.811666 5.777839 -2.810148 11.595578 4.337615 4.308672
-2.711905 -5.668243 -2.991289 -15.493607 18.259449 -8.255518 13.129395 -8.862864 -9.852567 -15.793961 -23.650036 8.371507 -11.803803 2.292729 9.084883 8.685758 19.970291 2.170535 -14.954144 2.271457 0.261843 14.510722 -4.157258 1.874151 -23.097378 5.650612 -2.528805 11.628361 4.607727 4.828266
-2.428469 -5.555443 -3.173536 -16.473959 18.273750 -8.282774 11.775206 -7.994846 -9.410275 -16.400711 -24.006310 8.578814 -12.697853 2.273290 8.332734 8.229460 19.657740 3.130316 -14.697515 2.697128 -0.042308 13.972766 -5.305868 1.322284 -23.273447 5.611786 -2.228650 11.548870 4.901678 5.315712
-2.174975 -5.375733 -3.469812 -17.146778 18.373241 -8.231182 10.847466 -7.113647 -9.268895 -16.743504 -24.469397 8.690593 -13.346414 2.245948 7.612088 7.750895 19.297461 4.018958 -14.575509 2.773658 -0.259969 13.586621 -5.918007 0.869343 -23.316643 5.563362 -2.103158 11.641110 5.064390 5.869089
-2.103268 -5.369797 -3.528558 -17.304495 18.389727 -8.070502 10.588797 -6.761899 -9.270741 -16.911932 -24.646383 8.775874 -13.618230 2.251654 7.343282 7.632409 19.051249 4.418755 -14.516554 2.709204 -0.351378 13.457957 -6.155613 0.725189 -23.304993 5.548776 -2.073847 11.651876 5.104198 6.076663
-1.957906 -5.254416 -3.682013 -17.227652 18.596455 -8.141896 10.495361 -6.795110 -9.341287 -16.806171 -24.697601 8.781814 -13.439298 2.210092 7.427503 7.624359 19.004652 4.371764 -14.572566 2.750602 -0.221107 13.547736 -6.058788 0.626064 -23.348907 5.541856 -2.175005 11.573404 5.075451 5.946886
-1.232513 -4.735404 -4.489583 -16.295883 19.699514 -8.514141 10.898623 -7.739833 -9.922032 -15.820746 -24.599285 8.639079 -11.650693 1.821956 8.437137 7.962395 18.675463 3.637337 -15.197861 3.268012 0.742594 14.280095 -4.910947 0.402736 -23.519302 5.545842 -2.988392 11.107285 4.772582 4.633640
0.084217 -3.528477 -5.551980 -13.810179 21.464022 -9.114571 12.041638 -8.699269 -11.785066 -13.562706 -23.968700 7.281676 -7.716098 1.074388 10.907825 8.178275 18.353413 2.297022 -16.641340 4.965948 2.269340 15.829632 -2.145303 0.682213 -23.437645 5.736783 -4.377071 10.462282 3.957263 2.527754
2.922851 -1.948361 -5.267171 -9.529705 22.854763 -10.130832 12.837433 -7.647877 -14.641117 -10.589657 -21.827208 4.686812 -3.783170 -0.675269 15.274673 6.757724 17.710024 0.574297 -19.043787 7.943592 2.735192 16.524982 0.581474 2.222550 -23.508112 5.504417 -5.951313 9.750404 2.518029 -0.556747
9.880900 -2.909878 -4.378295 -3.137693 21.161377 -14.317074 14.299143 -5.831516 -16.677193 -9.847534 -16.193394 -0.320011 -3.804293 -3.764031 20.494801 3.435637 19.151224 0.402039 -21.167852 9.660582 0.634691 13.039563 2.853389 8.003577 -23.914257 3.361457 -6.790274 10.139688 -0.217607 -7.248622
16.846479 -1.717277 -3.687818 -1.214711 21.130716 -16.233385 16.256428 -4.510842 -16.511318 -7.773156 -11.549182 -2.431899 -3.320661 -4.239982 26.177341 0.510539 18.930513 -0.598559 -22.975752 8.013036 0.760720 12.066010 3.274418 12.182315 -23.080853 3.410429 -5.885810 9.511425 -1.551553 -10.793818
20.779505 -1.006096 -3.284912 -2.361333 20.099977 -17.003805 19.065739 -1.486037 -16.343653 -3.917139 -5.896573 -5.939365 -3.616156 -7.056853 28.887131 -0.492625 16.633085 -1.332256 -24.979078 9.029974 1.774431 9.517166 5.067398 15.470382 -21.457172 4.764955 -6.481712 10.301495 -0.749715 -10.776269
24.012690 -2.274893 -2.533349 -2.418326 17.854465 -17.766476 23.402439 0.465171 -16.038490 -0.643284 -2.750042 -8.140409 -4.063594 -9.068052 30.165602 -1.359205 12.005443 -0.360660 -26.922361 8.949838 1.877559 6.746074 7.216643 17.075550 -20.718792 4.318988 -7.540535 11.883978 -0.309957 -10.370075
25.197706 -3.885206 -1.753895 -1.415003 15.445878 -18.414358 27.054230 0.528320 -15.668339 0.940291 -0.716585 -9.895486 -5.281767 -10.682322 30.485298 -1.883075 9.313407 1.083642 -27.932898 8.261314 1.820125 4.361003 9.186290 17.910486 -20.882690 4.431533 -8.904312 12.712849 0.349505 -8.589989
25.582109 -4.964358 -1.172873 -0.507875 14.178777 -18.654882 28.758175 0.325284 -15.495921 1.214031 0.020587 -10.574313 -6.173320 -11.086455 30.340244 -1.986357 7.761090 2.110838 -28.070181 7.980677 1.769338 3.122351 9.925314 18.325476 -21.122242 4.642390 -9.493566 13.106225 0.873637 -7.310966
25.597713 -5.138439 -1.074468 -0.406777 13.987193 -18.624029 29.021908 0.260436 -15.475864 1.271993 0.154947 -10.618844 -6.427751 -11.177587 30.174240 -1.882237 7.619942 2.246114 -28.001112 7.992481 1.769939 2.924389 9.962304 18.425407 -21.101437 4.704569 -9.524402 13.146612 0.967672 -7.140922
25.551985 -5.470939 -0.899732 -0.295592 13.619603 -18.475147 29.605082 0.217168 -15.576284 1.575935 0.463116 -11.034494 -6.714200 -11.688771 30.235519 -1.799286 7.407303 2.874794 -27.964296 8.211709 1.791405 2.549156 10.409493 18.424456 -20.907568 4.789922 -9.874879 13.411236 1.037271 -6.965549
25.542969 -6.337542 -0.550652 0.004093 12.792573 -17.921625 30.542404 0.189274 -15.814809 1.775439 1.022096 -11.277611 -7.246951 -11.899886 30.643543 -1.359604 6.603528 3.328016 -27.978390 8.493421 1.878819 1.642113 10.849836 18.368464 -20.662687 4.911049 -10.394302 13.970703 1.314058 -6.646982
25.393692 -7.481264 0.192634 0.429235 11.493253 -17.183500 31.525629 0.313186 -15.988753 1.888737 1.407518 -11.626721 -8.011801 -12.289961 30.516317 -0.536999 5.145033 4.526550 -27.772585 9.089861 1.993426 0.342518 11.283009 18.365545 -20.356655 5.127218 -10.840279 14.601122 1.728122 -6.275561
25.252342 -9.124267 1.211994 1.076266 9.734999 -16.177748 32.976604 0.260232 -16.107727 1.937315 1.768973 -12.001405 -8.920539 -12.638854 29.563766 -0.139414 4.274826 6.238101 -27.034847 9.650878 2.148257 -1.359872 11.990465 18.375994 -20.131660 5.311465 -11.086362 15.574336 2.139234 -5.399035
25.123037 -10.728857 2.594172 1.472197 8.181920 -14.724254 34.434750 0.523662 -16.169327 1.872678 2.498970 -12.384258 -10.410930 -13.089433 28.712244 -0.198597 4.218485 8.252458 -26.217196 10.404457 1.951302 -2.394717 12.318176 18.493170 -19.296154 5.656575 -10.911868 16.829990 2.496017 -4.553217
25.087332 -12.252968 4.099945 1.936635 6.728905 -13.031757 35.340614 1.295998 -16.244480 1.150005 2.993836 -12.157470 -12.296706 -13.493956 27.271412 0.154608 3.369019 9.811254 -25.351324 10.842457 1.686112 -3.316040 12.487904 18.416153 -18.421021 5.871912 -10.757083 18.213596 2.810617 -3.723672
24.861485 -13.437931 5.527697 2.068730 5.324772 -11.896069 35.796429 2.364584 -15.940051 0.091323 3.673514 -12.119115 -14.092334 -13.862082 25.508625 0.622926 2.717329 10.963786 -24.414251 11.215364 1.428600 -4.102513 12.117425 18.290201 -17.627438 5.980379 -10.447910 19.362667 3.067348 -3.307390
24.373486 -13.810532 6.748394 1.752682 4.348957 -11.535447 35.826401 3.475264 -15.508960 -0.630065 4.049251 -12.148499 -15.145795 -14.153289 24.268826 1.141060 1.931527 11.948504 -23.732141 11.525194 1.137966 -4.487784 11.638908 18.123693 -17.037554 6.004831 -10.155371 20.191042 3.280001 -3.125862
24.035316 -14.083275 7.048503 1.350565 3.929445 -11.368845 35.823921 4.038949 -15.337787 -1.024197 4.107948 -12.220974 -15.820880 -14.441891 23.214214 1.599908 1.636842 12.447232 -23.409903 11.604704 0.839469 -4.760471 11.025317 17.938850 -16.598179 5.959239 -9.786605 20.717056 3.458395 -3.019435
24.013905 -14.034656 7.143675 1.311989 3.898969 -11.348005 35.770515 4.134348 -15.289811 -1.093422 4.087019 -12.224710 -15.839443 -14.472704 23.014160 1.722428 1.568972 12.434833 -23.387640 11.632988 0.805786 -4.731212 10.916750 17.870581 -16.580517 5.937842 -9.744647 20.739458 3.448171 -3.052257
24.170916 -13.493586 7.419528 1.614057 4.157032 -11.230906 35.325565 3.991159 -15.327422 -1.114379 3.841724 -12.317575 -15.213778 -14.522264 22.858471 1.987498 1.815555 11.963559 -23.556147 11.733763 0.846807 -4.305097 10.923542 17.702734 -16.765625 5.831380 -9.791577 20.508987 3.169355 -3.401284
24.433115 -12.707255 7.696190 1.800448 4.767334 -10.888987 34.340363 3.427420 -15.328101 -1.348101 3.261414 -12.572194 -14.036149 -14.562278 22.184959 2.755099 1.902185 11.163718 -23.801146 12.049274 0.823664 -3.801176 10.777319 17.406488 -17.014513 5.671035 -9.835652 20.158075 2.856966 -3.815669
24.691132 -11.552879 7.868294 1.981871 5.645466 -10.256559 32.958336 2.492459 -15.229829 -1.480617 2.534682 -12.886030 -12.510930 -14.443128 21.589184 3.673038 2.003925 10.338204 -23.955463 12.586445 0.579058 -2.665836 10.443331 16.889582 -16.974077 5.259719 -9.588016 19.843943 2.326122 -4.678683
25.046324 -9.591862 8.084777 1.813532 7.048008 -10.101368 30.079102 1.730928 -14.910201 -1.957452 1.701069 -12.930496 -10.912660 -13.888991 21.146963 4.711716 1.927250 9.118325 -23.895552 12.795651 0.367428 -0.685296 10.260213 16.251371 -16.970421 4.693239 -9.086606 19.401915 1.562107 -5.782542
25.861389 -7.832170 7.858906 1.343859 8.699656 -9.978228 27.466745 0.374392 -14.460835 -2.066103 0.261926 -12.364007 -9.534136 -13.137897 20.159201 5.721161 1.785271 7.972245 -23.670492 13.194042 0.299132 1.202129 10.452364 15.452015 -17.399935 4.171940 -8.602272 18.986666 0.789847 -6.091646
25.935780 -6.434808 7.081143 1.083131 10.440423 -10.910175 25.580633 -0.672194 -14.392879 -2.135468 -1.046713 -11.762159 -8.057107 -12.773488 19.005779 6.569272 1.878101 6.878325 -23.398943 14.087213 0.122808 2.948822 10.068012 14.353547 -17.547060 3.417684 -8.108697 18.824530 0.024718 -6.976863
18.588669 1.394154 3.916320 -11.299551 10.910907 -6.537300 25.888500 -4.271211 -14.053413 -13.278413 -11.484888 -1.516055 -6.490795 -18.930241 4.490489 4.550534 5.606318 7.996072 -23.940577 4.683079 2.639318 11.897101 3.516859 8.236929 -16.070751 12.159266 -8.981521 12.242005 5.833932 -6.880141
15.266619 1.277121 2.688087 -13.520325 11.525199 -6.959514 23.714405 -5.723111 -13.746856 -14.421614 -12.614592 -0.004225 -7.064004 -16.204044 4.177739 6.082209 8.173837 3.412406 -23.316710 2.630239 1.461640 12.062345 3.182260 6.786546 -17.149340 11.334065 -8.034961 13.333445 5.554724 -4.468901
9.853073 0.757320 0.550890 -13.752096 11.555225 -6.821178 23.416828 -5.713943 -16.303736 -14.997616 -13.621803 1.414771 -7.915551 -13.486873 4.550373 7.103654 11.168724 0.018201 -22.554281 1.435542 0.828575 11.452731 3.010263 5.395914 -18.053181 10.896434 -7.592448 13.974143 5.877720 -1.307673
3.270869 -7.051659 0.479403 -11.158154 15.307956 -5.107654 19.514057 -3.780598 -10.561074 -13.482068 -16.305511 2.902630 -9.163965 -4.196686 8.975210 11.090366 12.942545 -0.264069 -19.049561 -3.036920 1.667832 13.002423 0.477034 2.995982 -17.511478 8.065595 -6.679428 15.045626 5.439369 3.420759
1.413017 -8.063434 -0.159501 -12.071781 14.991254 -5.812896 18.231203 -3.053432 -10.414665 -15.313789 -17.345551 3.755469 -11.828939 -2.376683 8.105864 10.202473 14.419601 0.045766 -18.075483 -4.555684 1.261330 12.432786 -1.116950 3.953359 -18.044292 7.625938 -4.991794 15.174052 6.098421 4.658536
1.751774 -9.754692 -0.503384 -13.047482 13.440310 -5.700102 18.058727 -2.994826 -9.547095 -15.340866 -17.257507 3.970663 -14.462771 -1.530720 7.497412 9.364246 14.932742 1.441262 -17.290842 -5.173375 0.655925 11.868697 -2.511985 4.763659 -18.218264 7.511407 -3.728728 14.736055 6.160206 4.644828
1.900359 -10.359574 -0.268559 -13.511341 12.310494 -6.491549 18.310402 -2.271446 -8.768882 -16.290140 -16.455528 3.818481 -16.437197 -2.136358 6.684175 8.467337 14.524544 3.399997 -16.831192 -4.850167 0.043134 11.179728 -3.703231 5.577480 -18.009132 7.739729 -2.869957 14.811037 6.410643 4.010229
2.952522 -10.123133 0.378597 -13.828420 11.835773 -7.217457 18.010002 -1.200681 -8.108930 -16.642618 -15.682776 3.705367 -18.205431 -2.824140 5.992559 7.658669 14.437322 4.904583 -16.484261 -4.586601 -0.099458 10.690267 -4.587479 6.125061 -17.297697 8.094451 -3.034655 14.977733 6.724074 2.687055
3.907145 -9.219546 1.491422 -13.658756 11.644109 -7.177767 18.060993 -0.067781 -7.984704 -16.564848 -14.862378 3.456498 -19.067041 -4.157155 5.205276 7.117599 12.877666 6.382615 -16.853062 -4.484011 -0.294257 10.218347 -5.542823 6.645327 -16.615778 8.284938 -2.744490 15.076519 6.995591 1.522680
5.004372 -8.769147 2.376192 -13.433092 11.484429 -7.670583 18.212700 0.517268 -7.556381 -16.338737 -14.376583 3.132068 -19.226887 -5.201152 4.552150 7.072436 11.167802 7.717141 -17.237959 -4.195814 0.255247 9.555615 -6.029744 6.622406 -15.864108 8.713872 -2.974618 15.279042 7.522173 0.840791
5.659451 -7.909168 3.610791 -13.126254 11.933505 -8.262566 18.229202 0.772809 -7.100488 -15.774017 -14.181948 2.860508 -19.225376 -5.827758 4.099701 7.035773 9.668608 8.954284 -17.427908 -3.893560 0.721358 9.072769 -6.098993 6.334219 -15.440785 9.176501 -3.402178 15.447386 7.920228 0.696884
6.121307 -7.144742 4.558655 -12.888659 12.211620 -8.316600 18.090939 1.248649 -6.904462 -15.527007 -14.157483 2.660633 -18.943470 -6.154611 3.921685 6.995336 8.917315 9.260093 -17.694468 -4.056457 0.802580 8.793804 -6.259683 6.257302 -15.245157 9.301712 -3.486743 15.506522 8.095922 0.585368
6.385726 -6.753288 4.796683 -12.690758 12.415105 -8.176028 17.870068 1.673092 -6.962211 -15.468458 -14.131887 2.509088 -18.910213 -6.314979 3.877830 6.822215 8.614458 9.352404 -17.853930 -4.475061 0.887991 8.648236 -6.380076 6.304505 -15.112842 9.350999 -3.609595 15.450655 8.144174 0.363506
