7.153372 -10.829922 -0.993135 0.858337 35.371346 -16.583441 7.312512 0.332108 -3.022716 11.018354 -23.315514 -2.053505 1.770884 -19.192070 19.666931 5.928396 4.720909 -4.873646 -14.401404 15.861245 4.746706 18.026926 3.172593 8.825828 -21.362896 6.539108 -6.572854 7.903561 1.003410 -8.293921
6.816303 -10.230255 -0.679706 0.955649 35.779758 -16.008635 6.647082 0.273120 -2.946566 10.447880 -24.021692 -1.863433 1.363854 -18.787308 19.318111 5.562407 5.208363 -4.161323 -14.026270 16.152103 4.551561 17.989367 2.665809 8.407393 -21.576748 6.277788 -6.362860 8.045120 0.902347 -8.286568
5.970077 -9.719216 -0.542585 0.604303 36.258011 -14.482492 5.507260 0.913702 -3.072446 9.495031 -24.998024 -1.461645 0.463005 -18.057226 18.662498 5.308586 5.804566 -3.196016 -13.360362 16.429932 4.293571 17.659792 1.975487 7.706554 -21.832588 6.090590 -6.323403 8.191231 0.948958 -8.010445
4.587198 -9.262266 -1.431152 -0.887618 37.020851 -11.674950 3.995852 1.520808 -3.373506 8.885316 -26.016403 -0.673812 -0.899181 -17.111584 18.183617 4.528661 6.754242 -2.112348 -12.542679 16.457956 4.173626 17.354765 0.981257 6.515005 -22.164633 5.968947 -6.534570 8.018761 1.146190 -7.707854
5.197902 -7.749678 -2.157668 -1.997980 38.065815 -9.144230 1.936265 2.387956 -3.192355 8.702591 -26.773113 0.326077 -2.250611 -16.218647 18.033989 3.592309 7.744940 -1.302981 -11.820906 16.785969 4.272594 16.984064 -0.376671 5.223628 -22.360771 6.064233 -6.819415 7.526803 1.450900 -7.542524
5.494571 -7.068972 -1.387116 -1.388495 38.485649 -7.897038 -0.885300 3.323786 -3.807394 6.943474 -27.701906 0.944835 -3.296186 -15.393605 17.817951 2.428033 8.838081 -0.768356 -11.327368 17.307930 4.270877 16.477631 -1.666573 4.163262 -22.396984 6.192861 -7.045881 7.210863 1.865962 -7.262889
5.174279 -6.058909 0.946531 -0.838783 38.586334 -6.577393 -3.784338 4.140946 -4.046907 4.802399 -28.812536 1.602586 -4.400232 -14.808513 17.183123 1.375158 9.369891 0.312167 -10.791655 17.442970 4.142056 15.574288 -2.893731 3.156330 -22.571842 6.241637 -7.347631 6.819821 2.167362 -7.177629
3.488383 -5.690330 1.667472 -1.236767 38.589111 -5.145509 -5.881462 5.286481 -4.401381 3.084749 -29.658308 2.100554 -5.479512 -14.301524 16.822178 0.335983 9.419079 1.524185 -10.412774 17.358665 4.070023 14.703649 -4.456681 2.252281 -22.592075 6.161074 -7.583611 6.621293 2.449433 -7.619427
2.410276 -5.576596 1.904130 -1.609134 38.513733 -4.524415 -7.466253 6.382468 -4.687850 1.760913 -30.288925 2.353917 -6.315101 -14.061241 16.328594 -0.364475 9.499583 2.373900 -10.056228 17.488413 4.087788 14.333577 -5.319188 1.773856 -22.575754 6.148294 -7.510775 6.585536 2.666650 -7.593079
1.802754 -5.689732 1.752644 -1.971717 38.372383 -4.155256 -8.090251 6.889128 -4.841403 1.206576 -30.431599 2.530595 -6.832458 -13.915561 16.141003 -0.604989 9.463272 2.644802 -9.855760 17.560066 4.110877 14.007470 -5.846053 1.468935 -22.588474 6.151711 -7.489051 6.603023 2.845202 -7.518418
1.843737 -5.611703 1.903725 -1.961300 38.383034 -4.170749 -7.873950 6.820256 -4.746725 1.346352 -30.316751 2.591101 -6.796934 -13.874745 16.405205 -0.621058 9.374647 2.573763 -9.912463 17.580799 4.169010 14.030662 -5.700099 1.553579 -22.588381 6.234425 -7.519952 6.557854 2.891695 -7.419700
2.345491 -5.649495 2.519556 -1.495708 38.293739 -4.182538 -5.521677 5.817553 -4.365366 2.888628 -28.753696 3.667336 -6.206856 -13.173761 19.320986 -0.559459 9.106797 0.588504 -10.421404 17.245068 4.359004 13.914397 -4.148897 2.501642 -23.015888 6.588707 -7.657957 6.084477 2.715137 -6.901402
1.558677 -5.667945 2.428937 -0.898087 38.462929 -5.626261 -1.001833 4.614943 -3.822226 5.454434 -26.828075 4.898781 -4.949769 -12.967849 22.227774 0.365744 8.593170 -1.491002 -10.837628 16.236160 4.782949 13.646193 -1.451944 4.623070 -23.761135 7.210831 -7.733859 5.556642 2.476493 -6.148049
-0.921914 -7.396687 1.602843 -2.010163 37.491920 -7.005141 4.509286 3.890126 -3.150225 8.300800 -23.839731 4.905280 -2.775425 -14.658892 24.725601 1.781737 7.095978 -2.527981 -11.571274 15.519644 5.538076 13.584211 1.822180 6.975775 -24.257164 7.675130 -7.809015 5.401997 2.291981 -5.433260
-0.563477 -9.872261 2.842372 -0.718670 34.857475 -9.419420 9.622379 2.870622 -2.409666 9.412285 -21.047832 2.584204 0.407214 -17.817867 25.788555 2.733521 7.426461 -3.664305 -13.494659 13.825183 6.368695 13.021121 4.839332 8.593431 -23.557281 7.801702 -7.979413 7.357941 2.541856 -3.958017
1.599558 -13.823545 3.220315 0.264241 31.413349 -9.363750 10.735212 2.840838 -2.450473 8.463960 -18.802536 -0.350769 1.549575 -20.688969 24.844147 3.897717 6.518668 -3.556217 -14.850102 11.756234 6.797426 12.161885 6.540731 9.305091 -21.950729 7.872744 -8.344628 9.893528 2.937178 -2.988730
1.926227 -15.612391 6.188642 1.120227 28.336105 -7.369485 12.211597 3.668641 -2.088274 7.776459 -16.992308 -1.821434 0.634174 -23.134209 22.713793 4.861268 4.165127 -1.897114 -14.980271 10.129156 6.585836 10.859349 7.062388 9.794550 -20.106396 7.902274 -8.473380 11.949330 3.003205 -3.022540
2.691972 -15.297306 10.019307 0.570248 26.698568 -6.807783 14.410940 3.992260 0.246566 7.925807 -15.129812 -2.296273 -1.991846 -24.774668 20.788553 5.487127 1.806176 -0.030850 -14.385833 9.012249 6.166082 9.396251 6.834461 10.219457 -18.518145 8.184163 -8.588714 13.088113 3.094660 -3.827982
2.976373 -15.382912 11.604119 1.063394 25.802658 -7.668084 15.319061 5.570902 1.021796 7.617269 -14.387484 -2.461466 -4.282014 -25.755959 18.931396 5.830372 -0.287311 2.054407 -13.729211 8.992506 5.759198 8.079766 6.426906 10.479506 -17.455774 8.471133 -8.589103 13.931109 3.298596 -4.062101
3.528423 -15.307901 11.749044 0.990949 25.410004 -8.149386 15.102490 6.476402 1.437862 7.391585 -14.011760 -2.392335 -5.347684 -26.107517 18.211817 6.183755 -1.852988 3.194278 -13.350121 9.324812 5.518619 7.247468 6.213558 10.608146 -16.870201 8.645980 -8.685552 14.405088 3.488091 -4.114647
3.675697 -15.363303 11.737582 0.936636 25.266804 -8.276134 15.201150 6.612293 1.568228 7.401879 -13.948526 -2.453323 -5.511593 -26.242067 18.061346 6.185052 -2.087797 3.456397 -13.307389 9.393271 5.486824 7.117630 6.160624 10.651946 -16.794140 8.687243 -8.701505 14.450132 3.526861 -4.144564
4.173143 -15.413622 11.701669 0.792591 25.041853 -8.295232 15.088017 7.195842 1.703546 7.275317 -13.795323 -2.433111 -5.763135 -26.394592 17.889759 6.292634 -2.733572 3.883079 -13.181190 9.642931 5.432477 6.845867 6.026928 10.728842 -16.643686 8.761550 -8.772291 14.515549 3.606111 -4.225560
5.254465 -15.781504 11.672172 0.664760 24.624294 -7.994078 14.775665 7.905216 1.838811 6.939880 -13.541051 -2.366098 -6.331904 -26.566044 17.710543 6.314114 -3.545979 4.547766 -12.978593 9.846928 5.405058 6.397283 5.707244 10.963206 -16.405655 8.943311 -8.848719 14.515839 3.782543 -4.458938
6.556271 -15.688469 12.200183 0.957134 24.280697 -7.594728 14.288539 8.762717 1.851912 6.470473 -13.104666 -2.481987 -7.115314 -26.727856 17.545172 6.108694 -4.157651 5.220656 -12.830911 9.728604 5.425637 5.935056 5.292764 11.275911 -16.140001 9.121449 -8.873910 14.442745 3.968824 -4.696846
7.414173 -15.605679 13.582599 1.842587 23.552555 -7.144529 14.432131 10.093881 1.911947 5.712017 -12.513328 -2.596631 -8.031589 -26.797544 17.547514 5.836832 -4.185614 5.351113 -12.681975 9.274734 5.403915 5.281672 4.647902 11.684810 -15.777263 9.322663 -8.804406 14.375445 4.263099 -4.889763
6.331337 -15.907275 14.391255 1.759607 22.666651 -7.833961 14.760536 13.087942 1.675686 4.655241 -12.127882 -2.729312 -8.906668 -26.860487 17.561550 5.295082 -3.615545 5.206314 -12.624664 8.227718 5.299127 4.671629 3.958947 11.980650 -15.670930 9.404136 -8.543488 14.278345 4.552355 -4.726040
3.995687 -16.923428 12.815960 -0.063741 22.135712 -8.558825 14.531733 14.541882 1.505403 3.710332 -12.292515 -2.739776 -9.909034 -26.972271 17.231882 4.723036 -3.261570 5.441360 -12.527156 7.059771 5.211158 3.990983 3.344236 12.392133 -15.461469 9.533480 -8.258537 14.363194 4.917915 -4.509559
3.081202 -17.196226 12.454313 -0.877166 21.462887 -8.644040 13.794684 16.294212 1.680976 2.635574 -12.507493 -2.772743 -10.485880 -26.967003 16.968412 4.112945 -2.831528 5.472566 -12.495053 6.128806 5.132824 3.599888 2.932862 12.664046 -15.448086 9.575281 -7.897283 14.444010 5.201457 -4.090336
2.901799 -17.400333 12.291967 -1.490657 21.293888 -8.283434 12.963810 16.738619 1.999602 2.060845 -12.688686 -2.777306 -10.801271 -26.707123 16.872465 3.618751 -2.191814 5.225028 -12.482348 5.353231 5.043458 3.493510 2.690534 12.714591 -15.572894 9.511102 -7.597867 14.425175 5.311385 -3.732901
2.912829 -17.530901 12.035616 -1.766405 21.382076 -8.056915 12.660380 16.600067 2.118008 2.011663 -12.822779 -2.773838 -10.967478 -26.471395 16.763365 3.370786 -1.841196 5.040654 -12.448551 4.893991 4.957665 3.469455 2.597832 12.673732 -15.632392 9.456752 -7.434885 14.465525 5.368251 -3.471787
2.919323 -17.564648 12.014741 -1.783437 21.382334 -8.057268 12.657563 16.594532 2.114074 2.004747 -12.835411 -2.770969 -10.994838 -26.450954 16.750031 3.355734 -1.792764 5.022146 -12.442691 4.843049 4.951744 3.468650 2.585197 12.671966 -15.638850 9.451272 -7.420235 14.465379 5.370874 -3.459803
2.903301 -17.437071 12.113914 -1.733547 21.354118 -8.155951 12.673976 16.648888 2.131572 2.002290 -12.787013 -2.736884 -10.899774 -26.495640 16.810257 3.447450 -1.911830 5.027858 -12.456598 4.989065 4.976546 3.477195 2.632445 12.685467 -15.615540 9.472278 -7.478725 14.459522 5.351825 -3.537065
2.868183 -17.270960 12.231566 -1.578068 21.352703 -8.259130 12.810051 16.558647 2.050979 2.095075 -12.684965 -2.724366 -10.771785 -26.602926 16.878906 3.659249 -2.143241 5.102629 -12.468021 5.300570 5.009116 3.503464 2.705012 12.632747 -15.600171 9.490346 -7.614486 14.439976 5.293720 -3.691883
2.823003 -16.997217 12.114612 -1.385187 21.541027 -8.531933 13.006136 15.991993 1.927785 2.434070 -12.560809 -2.741994 -10.604875 -26.804989 16.920898 3.970987 -2.522100 5.295434 -12.484378 5.765312 5.045240 3.580931 2.850201 12.522405 -15.587548 9.504106 -7.814851 14.425569 5.199875 -3.898074
3.006165 -16.750769 12.159707 -0.900797 21.855001 -8.707998 13.533475 15.165131 1.764816 3.006152 -12.421901 -2.643056 -10.304849 -26.742306 17.026913 4.431644 -2.865625 5.172395 -12.482071 6.266307 5.105180 3.714214 3.145700 12.402154 -15.492859 9.549214 -8.107024 14.456044 5.070200 -4.167812
3.465233 -16.651602 12.058362 -0.689411 22.488749 -8.880827 13.750725 13.807202 1.704331 3.642248 -12.245796 -2.591638 -9.941127 -26.663006 17.228718 4.939847 -3.100135 5.075917 -12.487436 6.983738 5.105661 3.927503 3.395026 12.109045 -15.516111 9.505857 -8.388693 14.460753 4.881148 -4.388047
4.723954 -16.490793 12.508994 -0.348229 23.013628 -8.265432 13.667688 12.209645 1.954155 4.327385 -12.174351 -2.576758 -9.498673 -26.512505 17.320772 5.410949 -3.179850 4.876012 -12.512959 7.715107 5.166474 4.398792 3.930312 11.821820 -15.548407 9.487161 -8.694064 14.455935 4.628635 -4.564972
3.983498 -18.320440 9.742364 -4.941041 24.380306 -2.500746 11.127719 12.776078 1.090507 12.069221 -11.921598 -3.687578 -13.263321 -15.609882 21.871418 16.057364 -6.929904 -3.576571 -6.740669 12.048461 1.708977 9.738260 1.546594 8.775285 -14.738703 12.541158 -8.809128 13.186720 6.596289 -6.938661
4.288148 -18.031408 9.561343 -5.090458 25.096479 -2.181338 10.610157 11.505031 1.244015 12.552731 -12.201909 -3.576038 -12.286942 -15.611641 21.823051 16.916195 -7.330682 -3.714620 -6.694593 13.452819 1.880389 10.508472 2.307449 8.428165 -15.208422 12.406188 -8.846442 13.061580 6.265000 -6.692955
3.525367 -17.936220 9.018697 -5.453076 25.610571 -2.059963 10.323900 10.241014 1.286459 12.720012 -12.767057 -3.385793 -11.038898 -15.232607 22.131214 17.326601 -6.979653 -4.694227 -6.874859 13.770756 1.889505 11.147026 2.754884 7.894768 -15.839301 12.142749 -8.719689 12.925898 5.953925 -6.179986
3.690552 -17.249121 8.439822 -3.207569 23.971844 -6.815609 10.162178 8.644330 -2.176100 9.181185 -13.385698 -2.613695 -11.111525 -20.231371 16.792528 11.440950 -2.165757 -5.478848 -10.702096 15.205873 3.467905 13.896024 1.944687 6.300606 -14.902942 9.462409 -9.390487 13.356247 4.723663 -4.479830
1.968615 -17.359676 7.204328 -3.409935 24.561861 -6.700376 9.641428 7.440074 -2.913471 8.851081 -14.245640 -2.198145 -10.522534 -18.715736 17.583504 10.988356 0.844507 -7.813209 -11.020612 13.804489 3.615364 14.763420 2.342596 5.749477 -15.926184 8.959231 -8.960267 13.227520 4.599479 -3.557085
0.724300 -17.805529 5.634504 -3.401288 25.307968 -6.071090 9.115911 6.503918 -3.775297 8.629290 -15.443538 -1.860681 -9.711639 -17.840334 17.750694 10.796772 2.804682 -8.523787 -10.915349 13.488894 3.498033 15.303309 2.709884 5.337274 -16.748592 8.495019 -8.512402 13.305387 4.451165 -2.313218
-0.382038 -18.514442 4.027623 -3.705985 25.769009 -5.503128 8.850164 5.370783 -4.381197 8.471411 -16.634041 -1.094818 -9.391435 -16.358362 18.053392 10.851089 5.027227 -9.304597 -10.424043 13.869297 3.458207 15.803741 2.933968 4.901390 -17.616659 8.069056 -8.015563 13.201595 4.296181 -1.002184
-1.982472 -18.653307 2.420374 -3.925070 26.640766 -5.375978 8.012951 4.706409 -5.102154 8.181585 -17.333935 -0.246194 -9.679780 -15.142510 18.278648 11.103083 6.048633 -9.778558 -9.930447 14.128626 3.371955 16.272291 2.866219 4.565354 -18.444418 7.645185 -7.348093 13.056414 4.154200 0.230462
-3.345125 -18.411062 1.786902 -4.423081 27.128407 -6.184593 7.420271 4.147816 -5.140504 7.907008 -18.402822 0.656388 -9.774840 -14.088653 18.195780 11.187737 6.557144 -9.932141 -9.541011 14.384895 3.118127 16.450266 2.348958 4.407327 -19.135044 7.302661 -6.718073 12.816416 4.100231 0.978517
-4.756490 -18.142704 1.497052 -5.085848 27.417467 -6.934421 6.960738 3.577227 -4.943858 7.618460 -19.564789 1.554869 -10.373391 -13.034165 17.809336 11.062750 6.934824 -9.973495 -9.093034 14.177123 2.821886 16.476019 1.841890 4.062951 -19.722908 6.972028 -6.128080 12.712347 4.090143 1.712041
-5.803145 -18.041315 1.390807 -5.588317 27.575102 -7.259199 6.645143 2.968924 -4.596474 7.293390 -20.518620 2.343153 -10.901128 -12.098525 17.534664 11.084564 7.152298 -10.054755 -8.634668 13.968307 2.548314 16.530128 1.505102 3.862107 -20.082909 6.789918 -5.766491 12.588720 4.067266 1.985968
-6.629892 -18.125658 1.380532 -6.039023 27.598839 -7.439818 6.492834 2.317156 -4.281720 7.048132 -21.178070 2.892195 -11.309476 -11.444945 17.351053 11.040702 7.473726 -10.160457 -8.296070 13.724710 2.367004 16.503862 1.282336 3.719540 -20.290012 6.679220 -5.498439 12.584879 4.108292 2.285468
-6.980754 -18.159374 1.407097 -6.255293 27.610952 -7.515618 6.399616 2.032694 -4.111483 6.945462 -21.501211 3.108557 -11.432499 -11.172694 17.277889 10.989429 7.615505 -10.167175 -8.176883 13.590421 2.272728 16.481474 1.118326 3.631331 -20.386127 6.647616 -5.368163 12.568911 4.144175 2.419185
