1.258722 -20.768326 6.035832 -5.980434 23.179491 -5.521483 8.738044 10.980911 5.696301 -3.749179 -13.719493 2.430998 -20.551798 -6.687455 3.068859 6.151856 7.114968 10.812531 -17.734152 -5.594670 4.319284 9.834956 -12.616230 11.567529 -9.269565 0.154803 -8.565935 12.105360 -0.763222 4.889854
1.273378 -20.717482 6.145938 -6.084127 23.172407 -5.565508 8.688580 11.014063 5.805409 -3.790651 -13.696087 2.490242 -20.702904 -6.690547 2.990475 6.193046 6.993622 10.988405 -17.677156 -5.452529 4.222201 9.793197 -12.716234 11.586405 -9.267175 0.178828 -8.399247 12.174778 -0.706844 4.931194
1.322799 -20.636805 6.333687 -6.268576 23.152258 -5.612920 8.618924 11.095680 5.988743 -3.846116 -13.669386 2.550513 -20.919786 -6.701088 2.864871 6.235070 6.792035 11.223146 -17.594986 -5.344517 4.135770 9.745969 -12.814138 11.606594 -9.268315 0.209721 -8.254725 12.232979 -0.650967 4.962833
1.296921 -20.562374 6.556809 -6.562732 23.157604 -5.699390 8.545218 11.129976 6.254427 -3.885654 -13.668242 2.630885 -21.199284 -6.703745 2.678301 6.219807 6.498063 11.563951 -17.526632 -5.252296 3.904725 9.513720 -13.203520 11.747996 -9.182596 0.326614 -7.884322 12.344242 -0.459471 4.820004
1.274859 -20.481394 6.799185 -6.783666 23.104931 -5.771496 8.473736 11.225286 6.481298 -3.988704 -13.662381 2.684154 -21.496460 -6.685516 2.493641 6.179829 6.138201 11.915621 -17.472689 -5.262159 3.774698 9.285742 -13.530949 11.804804 -9.086975 0.485539 -7.628485 12.422140 -0.249428 4.697425
1.221219 -20.382195 7.173739 -7.100090 22.986637 -5.877706 8.454166 11.385446 6.815283 -4.120655 -13.685494 2.723831 -21.900932 -6.671129 2.229404 6.185562 5.709811 12.381285 -17.343920 -5.260378 3.600794 9.077229 -13.878223 11.889171 -9.014193 0.612485 -7.315763 12.504898 -0.068486 4.614790
1.172697 -20.323141 7.478508 -7.388774 22.904364 -5.973628 8.412836 11.565235 7.154418 -4.208858 -13.715199 2.731975 -22.341185 -6.648499 2.007791 6.081903 5.248776 12.999749 -17.209839 -5.302789 3.558886 8.854793 -14.147278 11.967645 -8.922766 0.772819 -7.166082 12.520136 0.121137 4.421515
1.108718 -20.244364 7.673996 -7.674310 22.872448 -5.959452 8.312796 11.730132 7.410473 -4.304428 -13.710815 2.739594 -22.756609 -6.614697 1.815551 6.075159 4.913483 13.472472 -17.083055 -5.315033 3.489219 8.618613 -14.480029 12.129952 -8.826783 0.945563 -6.958698 12.504115 0.339764 4.112816
1.334214 -20.098886 7.948632 -8.057892 22.735512 -5.818149 8.085244 11.993521 7.779828 -4.469229 -13.761713 2.751105 -23.234894 -6.550027 1.620575 5.973379 4.577659 13.858827 -16.964739 -5.597236 3.456741 8.390910 -14.785656 12.380147 -8.761836 1.073018 -6.869342 12.375774 0.507351 3.600599
1.738178 -20.008511 8.214965 -8.278484 22.471827 -5.652807 7.956651 12.236454 8.052081 -4.684663 -13.796300 2.665521 -23.676373 -6.498834 1.451361 5.770388 4.249702 14.315641 -16.845964 -6.026563 3.347864 8.154211 -15.157475 12.650748 -8.712026 1.193405 -6.659142 12.279300 0.682788 3.164094
2.108153 -19.995462 8.477653 -8.369052 22.146521 -5.486830 7.888726 12.344938 8.286511 -4.883520 -13.786957 2.655504 -24.319672 -6.474122 1.220401 5.695581 3.882306 14.803597 -16.627592 -6.342919 3.316614 7.990755 -15.379267 12.999719 -8.746076 1.260158 -6.647510 12.061255 0.761417 2.519113
2.471885 -20.169485 8.765702 -8.387939 21.758577 -5.207940 8.018847 12.474436 8.420589 -5.046600 -13.778824 2.579092 -24.685457 -6.441579 1.147804 5.621412 3.731950 15.040490 -16.485037 -6.688763 3.170968 7.772244 -15.694367 13.302522 -8.792607 1.370389 -6.540084 11.886390 0.875609 1.976085
2.671372 -20.224398 9.102535 -8.409054 21.502495 -4.898225 8.064155 12.775885 8.450032 -5.276932 -13.650476 2.523555 -25.057987 -6.479196 0.939467 5.718238 3.411107 15.201549 -16.396584 -7.002318 3.163677 7.656576 -15.845407 13.548391 -8.878288 1.417023 -6.658049 11.621187 0.876822 1.454060
2.770289 -20.255501 9.511975 -8.391856 21.245119 -4.712420 8.141464 13.049068 8.503254 -5.502728 -13.490838 2.493190 -25.439434 -6.497258 0.742452 5.834480 3.141191 15.249571 -16.286598 -7.405252 3.074706 7.469047 -16.133276 13.755361 -8.962928 1.517546 -6.562896 11.455574 0.983554 1.108475
2.841758 -20.215811 9.912938 -8.411268 21.022821 -4.560794 8.216491 13.275648 8.583318 -5.651846 -13.396761 2.463018 -25.756912 -6.536804 0.605146 5.827153 2.994495 15.315443 -16.189354 -7.694852 3.014881 7.319015 -16.340082 13.789035 -9.082257 1.580076 -6.548762 11.327654 1.095046 0.861389
2.821964 -20.245058 10.255995 -8.372814 20.826742 -4.391559 8.305103 13.483582 8.596260 -5.789267 -13.229801 2.487319 -26.030754 -6.617718 0.427979 5.942271 2.770928 15.251716 -16.111128 -7.931378 2.976599 7.191363 -16.532745 13.836654 -9.191588 1.617940 -6.535008 11.202419 1.186757 0.633152
2.833351 -20.238369 10.563828 -8.379018 20.667885 -4.287764 8.367216 13.633624 8.650981 -5.901738 -13.116030 2.511547 -26.233215 -6.690195 0.259873 6.081508 2.541214 15.210645 -16.043165 -8.091614 2.970709 7.146898 -16.618298 13.836682 -9.299167 1.609408 -6.545476 11.106249 1.213864 0.523948
2.823915 -20.230051 10.786116 -8.386034 20.571407 -4.211624 8.398573 13.725409 8.703010 -5.961635 -13.051962 2.552338 -26.363716 -6.715034 0.126201 6.193882 2.367199 15.147210 -15.998553 -8.215787 2.960528 7.088908 -16.705900 13.834137 -9.367248 1.634708 -6.521623 11.045107 1.264777 0.479952
2.816779 -20.184315 10.994356 -8.417743 20.502470 -4.181812 8.408950 13.789336 8.790644 -5.989245 -13.022708 2.545854 -26.377998 -6.726097 0.056946 6.282528 2.245381 15.073630 -16.002396 -8.337976 2.931512 7.010335 -16.829081 13.837590 -9.418386 1.657010 -6.470881 11.003436 1.330774 0.420692
2.798284 -20.178625 11.058167 -8.422840 20.489492 -4.149577 8.416456 13.824858 8.803924 -5.994923 -12.999720 2.564612 -26.406834 -6.743451 0.018005 6.314723 2.201190 15.046773 -15.997470 -8.352118 2.931950 6.984915 -16.856836 13.837279 -9.425521 1.667238 -6.473403 10.989206 1.348810 0.401115
2.796852 -20.173895 11.192908 -8.422321 20.426804 -4.117372 8.439374 13.866172 8.832314 -6.031283 -12.963793 2.587901 -26.479958 -6.779850 -0.036527 6.338799 2.134615 15.016916 -15.979882 -8.394472 2.910581 6.950348 -16.919844 13.831247 -9.464082 1.680575 -6.422377 10.974545 1.389560 0.397987
2.786298 -20.117834 11.570013 -8.368891 20.246151 -4.047579 8.536806 14.063313 8.889815 -6.124700 -12.831032 2.627522 -26.737438 -6.857180 -0.221107 6.422013 1.917423 14.952323 -15.936808 -8.604940 2.869016 6.815105 -17.110914 13.817988 -9.540673 1.735488 -6.347380 10.912085 1.503749 0.323207
2.854076 -20.127718 12.059613 -8.306251 20.034710 -3.854050 8.584894 14.399200 9.017148 -6.243423 -12.594993 2.748026 -27.076151 -6.977885 -0.563055 6.772102 1.498356 14.802207 -15.843625 -8.719156 2.785721 6.547597 -17.490911 13.733706 -9.619304 1.793522 -6.237533 10.863683 1.695141 0.228059
3.036338 -20.270033 12.566063 -8.176563 19.622513 -3.623104 8.662817 14.849770 9.077250 -6.578499 -12.383005 3.031952 -27.437675 -7.187839 -0.969063 7.213295 0.976215 14.527245 -15.736608 -8.740578 2.670995 5.924614 -18.269907 13.532504 -9.655098 1.996429 -5.954178 10.865536 2.189587 0.077624
3.203235 -20.781294 12.908090 -8.032730 19.135653 -3.255006 8.708229 15.152773 9.194518 -6.930505 -11.996078 3.628068 -28.068344 -7.597996 -1.656125 7.694799 0.301016 14.059774 -15.681163 -8.542679 2.480224 5.284356 -19.111313 13.252030 -9.629477 2.222237 -5.440677 11.064477 2.786197 0.210470
3.426830 -21.449846 13.043873 -8.253602 18.488411 -2.884643 8.755264 15.476596 9.489043 -7.389642 -11.565577 4.299006 -28.642494 -8.213109 -2.243984 7.883696 -0.194032 13.549945 -15.852502 -8.053103 2.258807 4.451200 -20.110853 13.075079 -9.480060 2.531334 -4.861584 11.334690 3.490437 0.233015
3.896592 -21.586866 12.757401 -8.913236 18.227051 -2.483365 8.386782 16.348816 9.692882 -7.900602 -11.137136 4.605737 -29.031261 -8.616824 -2.715183 8.085608 -0.698556 13.279809 -16.087442 -8.013611 2.212497 3.855800 -20.688807 13.283296 -9.034925 3.029178 -4.348372 11.654852 4.064745 0.346658
4.331692 -20.891436 12.524716 -9.316792 18.232012 -1.906310 7.832760 17.701845 9.480549 -8.303228 -10.634917 4.317626 -29.278435 -8.966985 -3.265672 8.398141 -1.663368 13.216959 -16.152208 -9.026335 2.466707 3.297762 -21.031145 13.422027 -8.602040 3.586290 -4.142529 11.798187 4.677046 0.270492
3.850786 -19.104866 13.423982 -9.608492 17.778111 0.480458 7.936065 18.507135 8.232825 -9.136766 -10.689870 2.853410 -29.012613 -6.913617 -3.712662 11.274145 -2.636983 13.607873 -15.108705 -10.957977 3.799118 2.463704 -20.883793 13.160415 -8.360041 4.245926 -3.387553 12.580683 6.829766 -1.078729
3.315103 -16.838501 14.885942 -9.784472 17.896423 3.148852 7.587725 19.392242 7.098966 -9.737911 -10.834793 1.740327 -29.167328 -5.278680 -3.933194 13.593074 -2.949496 13.425858 -13.751228 -12.821955 4.929595 2.483847 -19.783300 12.912564 -8.851621 4.467958 -3.029165 13.185093 8.343282 -3.329570
2.348849 -15.003778 16.468288 -9.786711 17.714382 4.686166 7.827996 19.864016 6.110315 -10.448217 -10.667453 0.970761 -29.902727 -4.225812 -4.047153 15.055223 -2.888919 13.031745 -12.667920 -15.022284 5.474830 2.812047 -18.645132 12.690173 -9.750629 4.700302 -3.270396 13.069009 9.024508 -5.121577
1.249430 -13.983150 17.874096 -9.257157 17.015560 5.560649 8.700893 20.036552 5.110715 -11.254856 -10.544329 0.544707 -30.871052 -3.649682 -3.969515 15.444977 -2.477271 12.747476 -11.831853 -16.816689 6.219964 3.136096 -17.202581 12.493854 -10.950860 4.924183 -3.814934 13.065073 9.878287 -7.702547
0.979463 -12.853613 19.100330 -9.125616 16.655552 6.178260 8.863600 20.954338 4.619545 -12.115950 -10.402507 0.136765 -31.502836 -3.603718 -3.718461 15.753249 -2.383243 12.307954 -11.231908 -18.551422 6.625527 2.962333 -16.706861 11.893191 -12.127946 5.146328 -4.356370 12.778543 10.703200 -9.771512
1.049254 -12.055101 19.847441 -9.172529 15.926324 6.337227 9.280360 21.802677 3.901827 -13.370542 -10.206404 -0.090136 -31.765047 -4.088780 -3.535323 15.925472 -2.682107 11.472728 -10.974117 -20.255795 6.622841 2.710359 -16.307711 11.426942 -12.974360 5.540136 -4.721369 12.541743 11.232064 -10.815941
0.994837 -11.357761 20.342962 -9.116182 15.610692 6.199988 9.267621 22.758312 3.561741 -14.033588 -9.993711 -0.274522 -31.811262 -4.848860 -3.486321 15.884888 -3.550574 11.260403 -11.104362 -21.307768 6.704190 2.164180 -16.036724 10.659492 -13.200358 5.944690 -5.128354 12.757575 11.880937 -11.325380
0.947602 -10.657265 20.769310 -9.015436 15.444066 6.079830 9.264078 23.596912 3.193688 -14.397743 -9.980499 -0.438660 -31.577888 -5.391208 -3.469936 16.032673 -4.201622 10.998647 -11.170115 -21.918972 6.791510 1.882273 -15.750324 10.036994 -12.772252 6.071290 -5.215020 13.609561 12.375899 -11.820114
1.240294 -10.450356 20.840145 -8.696156 15.201013 6.044754 9.406122 24.160282 2.796708 -14.676975 -9.945655 -0.621456 -31.284645 -5.755333 -3.557022 16.325056 -4.803053 10.684600 -11.214234 -22.443533 6.800102 1.409880 -15.704390 9.338793 -12.113404 6.302410 -5.269419 14.586016 12.872067 -11.862698
1.303363 -10.566595 20.722202 -8.293637 14.853216 6.111025 9.750072 24.372677 2.346170 -14.890739 -10.015059 -0.661862 -30.913298 -6.160612 -3.642737 16.673950 -5.395335 10.346204 -11.221375 -22.652664 6.776020 0.924568 -15.873371 8.800415 -11.571324 6.521444 -5.319456 15.193316 13.297795 -12.056322
1.210675 -10.718380 20.580853 -7.948311 14.682719 6.198050 9.999514 24.445889 2.009191 -14.959440 -9.944336 -0.710715 -30.692247 -6.501801 -3.788213 16.821167 -5.870725 10.164556 -11.385131 -22.840866 6.692941 0.682234 -16.012754 8.497425 -11.260703 6.710007 -5.416872 15.422937 13.470534 -12.130312
1.203403 -10.724345 20.500774 -7.891713 14.667123 6.229607 10.046151 24.478304 1.899320 -14.990406 -9.930111 -0.718050 -30.714966 -6.607779 -3.812171 16.790997 -5.950554 10.117156 -11.372563 -22.946087 6.656041 0.565100 -16.090223 8.453004 -11.094558 6.790594 -5.469142 15.477942 13.510200 -12.158390
1.245158 -10.710712 20.527731 -7.886770 14.673037 6.244515 10.010118 24.527802 1.913545 -15.014353 -9.939198 -0.725288 -30.715748 -6.543163 -3.778738 16.804527 -5.875500 10.105382 -11.371923 -22.950409 6.676934 0.565981 -16.086363 8.481326 -11.096574 6.820679 -5.499665 15.432667 13.510901 -12.177971
1.370093 -10.640944 20.529514 -7.910273 14.721912 6.236862 9.906218 24.641020 1.919665 -15.072287 -9.966814 -0.752214 -30.685902 -6.450175 -3.675790 16.779800 -5.696084 10.038535 -11.369483 -22.987000 6.711404 0.640379 -15.993253 8.478018 -11.183640 6.788937 -5.539820 15.404085 13.476935 -12.213510
1.550356 -10.577756 20.499165 -7.984990 14.775971 6.215251 9.718230 24.814802 1.962642 -15.191070 -9.941176 -0.762917 -30.789270 -6.354886 -3.579260 16.715878 -5.449348 9.993516 -11.296886 -23.033020 6.822074 0.766160 -15.817999 8.512694 -11.301024 6.784505 -5.599877 15.335349 13.452628 -12.257079
1.728216 -10.543746 20.386000 -8.042814 14.882787 6.256958 9.491105 25.053083 1.938786 -15.340673 -9.895309 -0.748787 -30.964235 -6.236391 -3.504820 16.696121 -5.204988 9.945691 -11.206212 -23.106424 6.966627 0.887032 -15.644526 8.523911 -11.414584 6.742902 -5.721537 15.261965 13.410781 -12.305710
1.799284 -10.627552 20.299339 -7.956848 15.004231 6.223344 9.311224 25.228281 1.950056 -15.427440 -9.873185 -0.671033 -31.125660 -6.086409 -3.426304 16.590639 -4.937500 9.817950 -11.238975 -23.159184 7.082158 0.916725 -15.543777 8.471654 -11.488405 6.753631 -5.901192 15.187189 13.405769 -12.396962
1.952169 -10.817973 20.118753 -7.803159 15.066665 6.236674 9.151533 25.372013 1.950829 -15.496698 -9.917347 -0.560016 -31.213703 -5.880499 -3.379879 16.722216 -4.711398 9.602555 -11.221334 -23.121630 7.160734 0.931799 -15.507848 8.470931 -11.605557 6.726097 -6.034605 15.047790 13.369407 -12.396477
2.141640 -11.207759 19.615364 -7.671860 15.192286 6.403122 8.906059 25.506624 1.910811 -15.510406 -10.030966 -0.407536 -31.383066 -5.583414 -3.382581 16.997375 -4.451003 9.292588 -11.028206 -23.130968 7.238308 0.920074 -15.572315 8.527133 -11.713704 6.721616 -5.950141 14.963736 13.454112 -12.388653
2.431339 -11.773921 18.982325 -7.421528 15.252262 6.649218 8.718519 25.652733 1.769214 -15.497641 -10.204762 -0.207421 -31.480303 -5.397550 -3.448426 17.248520 -4.336615 8.929539 -10.792368 -23.139284 7.507884 0.868127 -15.479492 8.348091 -11.709420 6.786501 -6.008462 15.032505 13.634117 -12.231124
2.628156 -12.399429 18.257339 -7.252080 15.189054 7.134309 8.579842 25.560181 1.535969 -15.541000 -10.308674 0.027344 -31.535820 -5.340078 -3.667350 17.500267 -4.475432 8.569851 -10.687790 -23.122576 7.653579 0.870712 -15.413186 8.278752 -11.637848 6.762402 -5.918430 15.136306 13.678027 -11.821608
2.869989 -13.161665 17.552868 -7.137911 15.092259 7.677157 8.358635 25.544165 1.492589 -15.523608 -10.659681 0.308152 -31.512064 -5.165227 -3.879478 18.014244 -4.777685 8.397385 -10.367829 -22.983032 7.976064 0.688169 -15.399640 8.201019 -11.346768 7.043595 -5.823818 15.321761 13.998363 -11.489815
3.076979 -13.914499 16.879826 -7.257870 15.050639 8.380855 8.229719 25.412878 1.446656 -15.552639 -10.904249 0.581128 -31.428844 -5.235958 -4.235249 18.598888 -5.380614 8.140697 -10.101863 -22.783443 7.978392 0.646065 -15.463636 8.223990 -10.983325 7.228634 -5.419192 15.611367 14.141356 -10.929422
3.558629 -14.585747 15.956944 -7.508634 15.139779 9.168153 8.026505 25.719254 1.290877 -15.620883 -11.217116 0.946480 -31.294441 -5.311223 -4.723209 19.357010 -6.261575 7.915444 -9.868732 -22.455748 8.121054 0.651094 -15.396447 8.214150 -10.624269 7.461199 -5.118913 15.812483 14.290921 -10.234800
4.098480 -15.651890 14.826396 -8.002235 15.254516 10.014687 7.781009 26.188707 1.399510 -15.522847 -11.319974 1.270001 -31.334061 -5.503993 -5.191390 19.946802 -7.153329 7.968361 -9.703208 -22.020611 8.239328 0.539624 -15.478006 8.285344 -10.141331 7.685390 -4.672341 16.141903 14.534268 -9.551161
4.304703 -16.707027 13.748782 -8.463391 15.181733 10.667475 7.663449 26.546349 1.440938 -15.551258 -11.359081 1.414657 -31.148750 -5.606426 -5.697172 20.647387 -8.112706 7.877694 -9.820748 -21.900694 8.237060 0.456045 -15.602139 8.371886 -9.827731 7.875174 -4.159317 16.434607 14.744034 -8.872057
4.797626 -17.287411 13.102166 -9.031937 15.127160 11.077663 7.460776 26.696484 1.684886 -15.551875 -11.480953 1.576482 -30.892775 -5.733434 -6.063833 20.947701 -8.848157 7.984572 -9.989224 -21.535223 8.349218 0.242039 -15.708012 8.425057 -9.510762 8.198863 -3.827832 16.685528 15.070449 -8.394697
5.037694 -17.919252 12.604091 -9.235285 14.910710 11.460546 7.489801 26.723543 1.750506 -15.609959 -11.698236 1.737901 -30.789293 -5.719141 -6.324342 21.220882 -9.359946 8.171128 -9.966409 -21.078274 8.406012 0.142258 -15.754360 8.493579 -9.239893 8.372641 -3.622761 16.889484 15.225840 -8.075362
5.228703 -18.363083 12.284253 -9.322688 14.684117 11.667668 7.613277 26.771633 1.719138 -15.702724 -11.738053 1.774540 -30.639956 -5.894656 -6.546907 21.468513 -9.830989 8.121048 -10.034184 -21.025829 8.441969 0.110695 -15.748584 8.488151 -9.050353 8.486775 -3.341188 17.156357 15.413607 -7.688701
5.272585 -18.735575 12.066384 -9.331680 14.513903 11.805681 7.716355 26.799152 1.646206 -15.801968 -11.803135 1.846755 -30.629232 -5.943259 -6.649740 21.601339 -9.953478 8.052573 -9.999688 -20.933292 8.478577 0.032772 -15.784168 8.429986 -8.900308 8.553647 -3.170849 17.397156 15.570605 -7.460096
5.325614 -18.849684 12.064046 -9.301970 14.356397 11.839149 7.838931 26.744690 1.594378 -15.867309 -11.825502 1.920637 -30.692169 -5.985335 -6.714952 21.630802 -9.985803 8.010111 -9.930226 -20.888350 8.451857 -0.015173 -15.850339 8.457892 -8.837508 8.571219 -3.134334 17.446728 15.596865 -7.463182
5.304501 -18.910360 12.086564 -9.269839 14.291791 11.866732 7.918670 26.675251 1.554335 -15.888025 -11.844887 1.941300 -30.690588 -5.982868 -6.731613 21.666103 -9.994924 8.024811 -9.916949 -20.801529 8.450404 -0.054528 -15.888091 8.470946 -8.809176 8.594985 -3.133429 17.444523 15.615842 -7.487280
5.304501 -18.910360 12.086564 -9.269839 14.291791 11.866732 7.918670 26.675251 1.554335 -15.888025 -11.844887 1.941300 -30.690588 -5.982868 -6.731613 21.666103 -9.994924 8.024811 -9.916949 -20.801529 8.450404 -0.054528 -15.888091 8.470946 -8.809176 8.594985 -3.133429 17.444523 15.615842 -7.487280
5.304501 -18.910360 12.086564 -9.269839 14.291791 11.866732 7.918670 26.675251 1.554335 -15.888025 -11.844887 1.941300 -30.690588 -5.982868 -6.731613 21.666103 -9.994924 8.024811 -9.916949 -20.801529 8.450404 -0.054528 -15.888091 8.470946 -8.809176 8.594985 -3.133429 17.444523 15.615842 -7.487280
5.304501 -18.910360 12.086564 -9.269839 14.291791 11.866732 7.918670 26.675251 1.554335 -15.888025 -11.844887 1.941300 -30.690588 -5.982868 -6.731613 21.666103 -9.994924 8.024811 -9.916949 -20.801529 8.450404 -0.054528 -15.888091 8.470946 -8.809176 8.594985 -3.133429 17.444523 15.615842 -7.487280
5.304501 -18.910360 12.086564 -9.269839 14.291791 11.866732 7.918670 26.675251 1.554335 -15.888025 -11.844887 1.941300 -30.690588 -5.982868 -6.731613 21.666103 -9.994924 8.024811 -9.916949 -20.801529 8.450404 -0.054528 -15.888091 8.470946 -8.809176 8.594985 -3.133429 17.444523 15.615842 -7.487280
5.304501 -18.910360 12.086564 -9.269839 14.291791 11.866732 7.918670 26.675251 1.554335 -15.888025 -11.844887 1.941300 -30.690588 -5.982868 -6.731613 21.666103 -9.994924 8.024811 -9.916949 -20.801529 8.450404 -0.054528 -15.888091 8.470946 -8.809176 8.594985 -3.133429 17.444523 15.615842 -7.487280
5.304501 -18.910360 12.086564 -9.269839 14.291791 11.866732 7.918670 26.675251 1.554335 -15.888025 -11.844887 1.941300 -30.690588 -5.982868 -6.731613 21.666103 -9.994924 8.024811 -9.916949 -20.801529 8.450404 -0.054528 -15.888091 8.470946 -8.809176 8.594985 -3.133429 17.444523 15.615842 -7.487280
5.304501 -18.910360 12.086564 -9.269839 14.291791 11.866732 7.918670 26.675251 1.554335 -15.888025 -11.844887 1.941300 -30.690588 -5.982868 -6.731613 21.666103 -9.994924 8.024811 -9.916949 -20.801529 8.450404 -0.054528 -15.888091 8.470946 -8.809176 8.594985 -3.133429 17.444523 15.615842 -7.487280
5.304501 -18.910360 12.086564 -9.269839 14.291791 11.866732 7.918670 26.675251 1.554335 -15.888025 -11.844887 1.941300 -30.690588 -5.982868 -6.731613 21.666103 -9.994924 8.024811 -9.916949 -20.801529 8.450404 -0.054528 -15.888091 8.470946 -8.809176 8.594985 -3.133429 17.444523 15.615842 -7.487280
5.304501 -18.910360 12.086564 -9.269839 14.291791 11.866732 7.918670 26.675251 1.554335 -15.888025 -11.844887 1.941300 -30.690588 -5.982868 -6.731613 21.666103 -9.994924 8.024811 -9.916949 -20.801529 8.450404 -0.054528 -15.888091 8.470946 -8.809176 8.594985 -3.133429 17.444523 15.615842 -7.487280
5.305315 -18.908419 12.090732 -9.269330 14.292142 11.868981 7.916977 26.676336 1.555570 -15.890321 -11.844799 1.944637 -30.690104 -5.979762 -6.723380 21.665184 -9.997225 8.023100 -9.918181 -20.802746 8.450504 -0.055542 -15.888486 8.472323 -8.809958 8.594869 -3.132020 17.443407 15.615043 -7.488798
5.305315 -18.908419 12.090732 -9.269330 14.292142 11.868981 7.916977 26.676336 1.555570 -15.890321 -11.844799 1.944637 -30.690104 -5.979762 -6.723380 21.665184 -9.997225 8.023100 -9.918181 -20.802746 8.450504 -0.055542 -15.888486 8.472323 -8.809958 8.594869 -3.132020 17.443407 15.615043 -7.488798
5.305315 -18.908419 12.090732 -9.269330 14.292142 11.868981 7.916977 26.676336 1.555570 -15.890321 -11.844799 1.944637 -30.690104 -5.979762 -6.723380 21.665184 -9.997225 8.023100 -9.918181 -20.802746 8.450504 -0.055542 -15.888486 8.472323 -8.809958 8.594869 -3.132020 17.443407 15.615043 -7.488798
5.304938 -18.908392 12.091860 -9.268879 14.292499 11.869234 7.916874 26.675573 1.556385 -15.891394 -11.847101 1.961504 -30.693680 -5.972284 -6.718279 21.662895 -9.996642 8.017522 -9.918003 -20.812656 8.450705 -0.054739 -15.888850 8.472260 -8.809849 8.594879 -3.131843 17.443047 15.614943 -7.489330
5.304938 -18.908392 12.091860 -9.268879 14.292499 11.869234 7.916874 26.675573 1.556385 -15.891394 -11.847101 1.961504 -30.693680 -5.972284 -6.718279 21.662895 -9.996642 8.017522 -9.918003 -20.812656 8.450705 -0.054739 -15.888850 8.472260 -8.809849 8.594879 -3.131843 17.443047 15.614943 -7.489330
3.389333 -22.036303 9.614623 -9.054276 15.839972 -0.301679 7.697891 24.530359 5.857392 -10.395099 -6.292809 2.283030 -32.491287 -16.486784 -9.240970 9.128149 -4.634964 10.872414 -17.001617 -10.872937 3.637257 -2.160160 -20.200844 16.344116 -6.640185 8.916577 -5.239002 11.740433 8.005726 -3.319934
3.389333 -22.036303 9.614623 -9.054276 15.839972 -0.301679 7.697891 24.530359 5.857392 -10.395099 -6.292809 2.283030 -32.491287 -16.486784 -9.240970 9.128149 -4.634964 10.872414 -17.001617 -10.872937 3.637257 -2.160160 -20.200844 16.344116 -6.640185 8.916577 -5.239002 11.740433 8.005726 -3.319934
3.389333 -22.036303 9.614623 -9.054276 15.839972 -0.301679 7.697891 24.530359 5.857392 -10.395099 -6.292809 2.283030 -32.491287 -16.486784 -9.240970 9.128149 -4.634964 10.872414 -17.001617 -10.872937 3.637257 -2.160160 -20.200844 16.344116 -6.640185 8.916577 -5.239002 11.740433 8.005726 -3.319934
3.389333 -22.036303 9.614623 -9.054276 15.839972 -0.301679 7.697891 24.530359 5.857392 -10.395099 -6.292809 2.283030 -32.491287 -16.486784 -9.240970 9.128149 -4.634964 10.872414 -17.001617 -10.872937 3.637257 -2.160160 -20.200844 16.344116 -6.640185 8.916577 -5.239002 11.740433 8.005726 -3.319934
3.389333 -22.036303 9.614623 -9.054276 15.839972 -0.301679 7.697891 24.530359 5.857392 -10.395099 -6.292809 2.283030 -32.491287 -16.486784 -9.240970 9.128149 -4.634964 10.872414 -17.001617 -10.872937 3.637257 -2.160160 -20.200844 16.344116 -6.640185 8.916577 -5.239002 11.740433 8.005726 -3.319934
2.722829 -20.326763 11.378165 -8.472439 16.581581 0.479859 7.640997 24.096863 6.013951 -11.554756 -6.584099 3.254842 -31.753925 -12.508391 -5.984606 11.273136 -6.127603 10.861499 -16.570864 -13.852793 4.482747 -0.078249 -21.053387 15.400588 -6.325975 8.196612 -5.026023 11.721097 8.387475 -4.514763
2.610538 -19.838614 11.935148 -8.352961 16.481237 0.484019 7.679472 24.102720 5.787155 -11.892398 -6.355282 2.920691 -31.760948 -12.012336 -5.429530 11.376063 -6.016023 11.106307 -16.524801 -13.988447 4.519747 0.005355 -21.214605 15.294394 -6.307669 7.910194 -4.930515 11.768646 8.394780 -4.666127
2.735084 -19.674353 11.901429 -8.164843 16.406300 0.279554 7.893518 24.044136 5.579723 -12.138803 -6.380993 2.914994 -31.780960 -12.005687 -5.452599 11.428832 -5.850857 11.163604 -16.432310 -14.156883 4.633411 0.219265 -21.295921 15.338279 -6.434534 7.913545 -4.901440 11.481722 8.388253 -4.691277
2.795697 -19.693075 11.859585 -8.171866 16.429512 0.249953 7.884401 24.051523 5.591804 -12.120420 -6.362619 2.896456 -31.786381 -12.024218 -5.475533 11.423702 -5.783555 11.149461 -16.436665 -14.137843 4.610770 0.172012 -21.286554 15.397831 -6.487952 7.879930 -4.911550 11.484102 8.364942 -4.743633
2.813868 -19.709841 11.847117 -8.154268 16.421015 0.234603 7.875775 24.052153 5.583052 -12.131263 -6.328279 2.903353 -31.805416 -12.009177 -5.413915 11.405138 -5.759858 11.143943 -16.439192 -14.111751 4.608123 0.160322 -21.285131 15.400837 -6.489181 7.878298 -4.914064 11.487354 8.365814 -4.737748
2.813868 -19.709841 11.847117 -8.154268 16.421015 0.234603 7.875775 24.052153 5.583052 -12.131263 -6.328235 2.903193 -31.805395 -12.008605 -5.413851 11.405822 -5.759528 11.143458 -16.438614 -14.112063 4.609837 0.159833 -21.285706 15.401540 -6.488540 7.878570 -4.913765 11.487565 8.367063 -4.738594
2.818872 -19.710253 11.841388 -8.157270 16.423630 0.231998 7.875467 24.052895 5.584573 -12.129751 -6.325678 2.898504 -31.807079 -12.011571 -5.418334 11.405247 -5.752106 11.144488 -16.438196 -14.104235 4.616400 0.169454 -21.284742 15.396201 -6.484643 7.886685 -4.911798 11.481003 8.370685 -4.726685
2.816541 -19.712908 11.846112 -8.153688 16.416584 0.235764 7.877435 24.051243 5.581482 -12.135719 -6.328268 2.903599 -31.806347 -12.009568 -5.413407 11.406642 -5.760178 11.143268 -16.436472 -14.112560 4.605392 0.161210 -21.284990 15.403539 -6.490908 7.878517 -4.917257 11.481655 8.362453 -4.741117
2.816558 -19.712170 11.846705 -8.152905 16.416552 0.234664 7.878166 24.051025 5.581053 -12.135711 -6.329074 2.902024 -31.804482 -12.008168 -5.413316 11.409366 -5.762065 11.145167 -16.436102 -14.111225 4.605392 0.161210 -21.284990 15.403539 -6.490908 7.878517 -4.917257 11.481655 8.362453 -4.741117
2.816434 -19.708477 11.823792 -8.167686 16.416996 0.228427 7.895336 24.056416 5.572136 -12.106236 -6.339602 2.859620 -31.791777 -12.045346 -5.481712 11.419985 -5.744762 11.164658 -16.428993 -14.099541 4.614729 0.160439 -21.271475 15.401208 -6.496960 7.890736 -4.921652 11.471128 8.370245 -4.716791
2.799267 -19.698141 11.833555 -8.176910 16.421364 0.238845 7.902313 24.054432 5.575556 -12.099360 -6.356706 2.859858 -31.782314 -12.048696 -5.506675 11.429472 -5.762729 11.167695 -16.428919 -14.111803 4.598940 0.153633 -21.275145 15.406037 -6.497369 7.872584 -4.920327 11.487041 8.357621 -4.739006
2.798657 -19.698011 11.834067 -8.176786 16.420990 0.238908 7.902534 24.054472 5.575592 -12.099415 -6.356605 2.858493 -31.782661 -12.049443 -5.509237 11.430173 -5.764966 11.168208 -16.428387 -14.111883 4.600919 0.157447 -21.275475 15.403415 -6.496147 7.874430 -4.920259 11.485552 8.358914 -4.736858
2.798657 -19.698011 11.834067 -8.176786 16.420990 0.238908 7.902534 24.054472 5.575592 -12.099415 -6.356605 2.858493 -31.782661 -12.049443 -5.509237 11.430173 -5.764966 11.168208 -16.428387 -14.111883 4.600919 0.157447 -21.275475 15.403415 -6.496147 7.874430 -4.920259 11.485552 8.358914 -4.736858
2.798657 -19.698011 11.834067 -8.176786 16.420990 0.238908 7.902534 24.054472 5.575592 -12.099415 -6.356605 2.858493 -31.782661 -12.049443 -5.509237 11.430173 -5.764966 11.168208 -16.428387 -14.111883 4.600919 0.157447 -21.275475 15.403415 -6.496147 7.874430 -4.920259 11.485552 8.358914 -4.736858
2.798657 -19.698011 11.834067 -8.176786 16.420990 0.238908 7.902534 24.054472 5.575592 -12.099415 -6.356605 2.858493 -31.782661 -12.049443 -5.509237 11.430173 -5.764966 11.168208 -16.428387 -14.111883 4.600919 0.157447 -21.275475 15.403415 -6.496147 7.874430 -4.920259 11.485552 8.358914 -4.736858
2.805176 -19.699213 11.824844 -8.180013 16.421787 0.234573 7.904044 24.057718 5.573734 -12.095001 -6.341986 2.853976 -31.790098 -12.048299 -5.491003 11.424038 -5.748256 11.166785 -16.428431 -14.095039 4.609844 0.157875 -21.271055 15.406390 -6.497651 7.886226 -4.919061 11.475466 8.366286 -4.725334
2.805176 -19.699213 11.824844 -8.180013 16.421787 0.234573 7.904044 24.057718 5.573734 -12.095001 -6.341761 2.853960 -31.790150 -12.048276 -5.490818 11.423804 -5.747718 11.166642 -16.428453 -14.094973 4.609662 0.157458 -21.270945 15.406590 -6.497465 7.886279 -4.919338 11.475654 8.366423 -4.725394
2.805176 -19.699213 11.824844 -8.180013 16.421787 0.234573 7.904044 24.057718 5.573734 -12.095001 -6.341761 2.853960 -31.790150 -12.048276 -5.490818 11.423804 -5.747718 11.166642 -16.428453 -14.094973 4.609662 0.157458 -21.270945 15.406590 -6.497465 7.886279 -4.919338 11.475654 8.366423 -4.725394
2.817020 -19.705481 11.826615 -8.169588 16.419838 0.226577 7.893194 24.055416 5.576226 -12.108299 -6.339088 2.856301 -31.791895 -12.045997 -5.484707 11.420714 -5.742867 11.165380 -16.428331 -14.096079 4.612828 0.165787 -21.273376 15.396956 -6.494975 7.887073 -4.919222 11.473942 8.366969 -4.718533
2.817020 -19.705481 11.826615 -8.169588 16.419838 0.226577 7.893194 24.055416 5.576226 -12.108299 -6.339088 2.856301 -31.791895 -12.045997 -5.484707 11.420714 -5.742867 11.165380 -16.428331 -14.096079 4.612828 0.165787 -21.273376 15.396956 -6.494975 7.887073 -4.919222 11.473942 8.366969 -4.718533
2.817020 -19.705481 11.826615 -8.169588 16.419838 0.226577 7.893194 24.055416 5.576226 -12.108299 -6.339088 2.856301 -31.791895 -12.045997 -5.484707 11.420714 -5.742867 11.165380 -16.428331 -14.096079 4.612828 0.165787 -21.273376 15.396956 -6.494975 7.887073 -4.919222 11.473942 8.366969 -4.718533
