7.153372 -10.829922 -0.993135 0.858337 35.371346 -16.583441 7.312512 0.332108 -3.022716 11.018354 -27.017101 5.260553 6.515125 -18.525278 22.916288 4.184992 3.625588 -2.551558 -15.605262 9.120791 9.367825 20.135782 -2.855013 14.279418 -14.621251 -3.999926 -12.974664 3.759786 -9.937357 -1.517511
7.071869 -10.525646 -0.884941 0.801804 35.582336 -16.447895 7.004727 0.342722 -2.910910 10.783722 -27.261593 5.122438 6.200743 -18.410542 22.556484 4.143237 3.719235 -2.131671 -15.385635 9.364707 9.299364 20.151588 -3.076087 14.112214 -14.668668 -4.091791 -12.886729 3.818707 -9.989312 -1.530472
6.816303 -10.230255 -0.679706 0.955649 35.779758 -16.008635 6.647082 0.273120 -2.946566 10.447880 -27.455034 5.054076 5.709069 -18.205807 22.292946 4.015750 3.914143 -1.729631 -15.129204 9.920522 9.155689 20.082781 -3.378332 13.869203 -14.835874 -4.257268 -12.771182 3.876885 -10.063153 -1.467918
6.328877 -9.817272 -0.579896 0.699846 36.008595 -15.581996 6.204544 0.565486 -2.904235 10.136303 -27.522415 4.975179 4.732197 -17.801882 22.098986 3.948136 4.336356 -1.330237 -14.679797 10.717027 9.004188 19.895723 -3.743322 13.593325 -14.976450 -4.381841 -12.699071 3.943955 -10.075791 -1.368887
5.970077 -9.719216 -0.542585 0.604303 36.258011 -14.482492 5.507260 0.913702 -3.072446 9.495031 -27.502045 5.035470 3.389801 -17.277784 21.826912 3.867112 4.792202 -0.759620 -14.006253 11.230041 8.899251 19.730942 -4.105835 13.181050 -15.082739 -4.459880 -12.741142 4.011518 -10.038539 -1.143836
5.344650 -9.611201 -0.911425 0.091798 36.530651 -12.874025 4.690906 1.240059 -3.344315 9.037863 -27.730818 5.020878 2.041487 -16.683987 21.228352 3.524632 5.395834 -0.044822 -13.201871 11.712320 8.926836 19.594187 -4.544227 12.598129 -15.151185 -4.442161 -12.860960 3.974514 -9.884959 -0.843076
4.587198 -9.262266 -1.431152 -0.887618 37.020851 -11.674950 3.995852 1.520808 -3.373506 8.885316 -27.605227 4.961530 0.428827 -16.193325 20.669746 3.264455 6.365061 0.509463 -12.385627 12.096292 8.797426 19.367933 -5.173416 12.001245 -15.370767 -4.583130 -12.981750 3.821726 -9.838552 -0.791431
4.823634 -8.380651 -1.629858 -1.413658 37.625336 -10.570276 2.897068 1.956895 -3.199902 8.735355 -28.112362 4.875803 -0.158254 -15.883544 19.849846 2.927903 7.043523 1.264056 -11.846329 12.304537 8.912697 19.264492 -5.874829 11.322046 -15.399460 -4.526260 -13.098003 3.605994 -9.642876 -0.599237
5.197902 -7.749678 -2.157668 -1.997980 38.065815 -9.144230 1.936265 2.387956 -3.192355 8.702591 -28.083740 4.372955 -1.269116 -16.114815 18.842333 2.652166 7.918345 2.033145 -11.338677 12.884279 8.950130 19.001495 -6.508109 10.695958 -15.578738 -4.526625 -13.275614 3.345196 -9.513578 -0.576745
5.024552 -7.406524 -2.126862 -1.709005 38.249123 -8.726788 0.834571 2.503719 -3.430490 8.024463 -28.562389 4.334509 -1.783522 -16.045910 18.017002 2.323470 8.491689 2.540602 -10.908064 12.832189 8.981303 18.888788 -7.080907 10.114770 -15.576488 -4.480768 -13.404582 3.199001 -9.313835 -0.348559
5.494571 -7.068972 -1.387116 -1.388495 38.485649 -7.897038 -0.885300 3.323786 -3.807394 6.943474 -29.305145 4.276881 -1.975907 -16.428890 16.614500 1.904411 9.390137 3.024169 -10.709694 12.534779 8.979275 18.546339 -7.729173 9.607316 -15.664653 -4.436121 -13.501016 3.041688 -9.088326 -0.259393
5.402519 -6.502846 -0.128201 -1.127399 38.585186 -7.179170 -2.486178 3.799860 -4.011373 5.877050 -30.438763 4.807431 -1.950045 -16.375675 15.420284 1.513825 9.976350 2.844279 -10.807948 11.955248 8.971536 18.123138 -8.316956 9.026391 -15.855114 -4.444760 -13.699657 2.788440 -8.942193 -0.199638
5.174279 -6.058909 0.946531 -0.838783 38.586334 -6.577393 -3.784338 4.140946 -4.046907 4.802399 -31.116177 4.744855 -2.330308 -16.671768 13.946550 1.023776 11.162395 2.961336 -10.743546 11.591763 8.883627 17.727737 -8.896016 8.572981 -15.894784 -4.463328 -13.760406 2.715668 -8.760749 -0.192315
4.459441 -5.758823 1.304612 -0.895020 38.667225 -6.112202 -4.766416 4.553391 -4.118618 3.939655 -31.461029 4.903005 -2.939862 -16.854347 12.969648 0.406081 12.305024 3.019639 -10.599710 11.686717 8.858749 17.326971 -9.760855 8.016316 -15.989319 -4.563529 -13.837228 2.585035 -8.599487 -0.477301
3.488383 -5.690330 1.667472 -1.236767 38.589111 -5.145509 -5.881462 5.286481 -4.401381 3.084749 -31.890070 4.872880 -3.325807 -17.071274 12.056487 -0.261257 13.449259 3.453725 -10.361504 11.448496 8.815471 16.891739 -10.395123 7.616799 -16.037100 -4.561121 -13.943157 2.552255 -8.400037 -0.609730
3.037441 -5.722511 1.750275 -1.438317 38.494598 -4.738880 -6.894816 5.930514 -4.580082 2.289404 -32.042130 4.858467 -3.808093 -17.251186 11.577844 -0.839997 14.224039 3.828156 -10.137008 11.469217 8.796481 16.692965 -10.702624 7.288526 -16.073515 -4.542842 -13.913985 2.586215 -8.254172 -0.438880
2.410276 -5.576596 1.904130 -1.609134 38.513733 -4.524415 -7.466253 6.382468 -4.687850 1.760913 -32.302544 4.891344 -4.212608 -17.415825 10.986743 -1.147827 14.606084 4.281120 -9.890174 11.297190 8.833406 16.532635 -11.209991 7.084862 -16.084553 -4.552707 -13.850282 2.537278 -8.112704 -0.568417
1.931964 -5.616494 1.845167 -1.902425 38.416260 -4.241314 -7.827273 6.710994 -4.748885 1.401656 -32.480190 4.828247 -4.555501 -17.555508 10.479487 -1.423074 15.052364 4.627472 -9.707210 11.137016 8.881993 16.362522 -11.544929 6.879228 -16.093555 -4.504383 -13.823819 2.534652 -7.953485 -0.503122
1.802754 -5.689732 1.752644 -1.971717 38.372383 -4.155256 -8.090251 6.889128 -4.841403 1.206576 -32.551701 4.858057 -4.826432 -17.633465 10.234735 -1.618997 15.320850 4.949338 -9.530349 10.956253 8.858352 16.213400 -11.700333 6.770285 -16.145514 -4.497038 -13.818924 2.522870 -7.895902 -0.497118
1.759075 -5.717850 1.740437 -2.038487 38.311493 -4.036416 -8.151093 6.988146 -4.854455 1.142092 -32.563560 4.838913 -4.916235 -17.619841 10.175612 -1.670360 15.389255 4.993389 -9.501626 10.954868 8.864323 16.157721 -11.780458 6.718212 -16.150093 -4.484623 -13.833309 2.509338 -7.860590 -0.523958
1.843485 -5.613499 1.904910 -1.961116 38.381279 -4.167315 -7.871809 6.819688 -4.746617 1.346414 -32.502121 4.777478 -4.747690 -17.684277 10.182639 -1.475125 15.222075 4.884945 -9.592330 11.001291 8.917117 16.235720 -11.559944 6.853996 -16.145590 -4.425549 -13.845464 2.482142 -7.852093 -0.389049
2.201061 -5.605336 2.234089 -1.746141 38.384605 -4.137033 -7.144797 6.502641 -4.618939 1.869004 -32.119659 4.783542 -4.442455 -17.710796 10.502387 -0.953397 14.778626 4.345437 -9.830572 11.115812 8.957148 16.180368 -10.949229 7.276568 -16.283985 -4.372495 -13.881228 2.350036 -7.983258 -0.157179
2.345491 -5.649495 2.519556 -1.495708 38.293739 -4.182538 -5.521677 5.817553 -4.365366 2.888628 -31.184704 4.630026 -4.346752 -17.770416 11.218118 -0.236594 13.849423 3.826562 -10.057106 11.606005 9.101696 16.101496 -10.047403 7.852695 -16.483763 -4.112137 -13.970864 2.045954 -8.088960 0.124705
2.299516 -5.505506 2.890510 -1.181646 38.295311 -5.252048 -3.478064 5.065568 -3.776330 3.981699 -29.778418 3.896286 -4.183080 -17.884386 12.174909 0.922703 12.601039 3.236971 -10.319479 12.311279 9.485783 16.023069 -8.743595 9.093267 -16.779749 -3.616539 -14.079233 1.571112 -8.158896 0.401593
1.558677 -5.667945 2.428937 -0.898087 38.462929 -5.626261 -1.001833 4.614943 -3.822226 5.454434 -28.156128 3.435588 -4.044374 -17.972628 13.436561 2.183085 11.144214 2.760559 -10.336797 13.249622 9.519503 15.841331 -7.353681 10.091259 -17.102009 -3.468402 -14.092192 1.480801 -8.432107 0.827230
0.528947 -6.364177 1.798206 -1.627385 38.046703 -6.582417 1.730283 4.000601 -3.300229 7.062434 -25.884113 3.365417 -4.326597 -17.822029 15.342488 3.332612 9.929667 1.766949 -10.287467 14.413398 9.890491 15.851095 -5.781403 11.386415 -17.371239 -3.101762 -14.104865 1.217569 -8.584275 1.060504
-0.921914 -7.396687 1.602843 -2.010163 37.491920 -7.005141 4.509286 3.890126 -3.150225 8.300800 -24.207136 3.278686 -4.367694 -17.715424 16.951679 4.310746 9.456279 0.669464 -10.384748 14.859245 10.228765 15.745996 -4.163784 12.463012 -17.593231 -2.943139 -14.139165 1.272503 -8.634984 1.507847
-1.418097 -8.248442 2.249813 -1.852156 36.392414 -7.777218 7.330292 3.496883 -2.689685 9.165027 -23.574833 3.125909 -3.823742 -17.730495 17.589573 5.209716 8.977252 -0.663306 -10.798732 14.194519 10.595686 15.548395 -2.548098 13.416840 -17.266632 -2.785733 -14.163150 2.108122 -8.613111 2.171180
-0.563477 -9.872261 2.842372 -0.718670 34.857475 -9.419420 9.622379 2.870622 -2.409666 9.412285 -23.207178 3.060796 -2.785399 -17.805820 18.109364 6.240905 7.369833 -1.714092 -11.414607 12.236364 10.958602 15.176679 -1.206130 14.074290 -16.907330 -2.749093 -14.295684 3.193277 -8.379505 2.842116
0.427300 -11.793012 2.682336 0.242844 33.375359 -9.691321 10.600306 2.662483 -2.673450 9.223521 -22.424004 2.446181 -1.778093 -18.303240 18.684658 6.802334 6.417398 -2.663409 -11.889104 10.359935 11.231853 14.743901 -0.236281 14.393064 -16.245970 -2.741175 -14.498416 4.470215 -8.114277 3.342473
1.599558 -13.823545 3.220315 0.264241 31.413349 -9.363750 10.735212 2.840838 -2.450473 8.463960 -21.846466 2.115464 -1.379447 -18.680370 19.154289 6.934686 6.272052 -3.341501 -12.215125 8.741795 11.386521 14.309968 0.543613 14.696527 -15.285169 -2.658795 -14.661327 5.860584 -7.841190 3.597574
1.815477 -14.812132 4.290236 0.512629 30.237812 -8.431976 10.913330 3.618684 -2.466664 7.921520 -20.720387 1.389078 -1.870642 -19.754402 18.170731 7.205115 5.876350 -3.462540 -12.317168 7.804887 11.412458 13.668604 1.071740 14.848561 -14.348685 -2.613301 -14.712250 7.158692 -7.610024 3.793215
1.926227 -15.612391 6.188642 1.120227 28.336105 -7.369485 12.211597 3.668641 -2.088274 7.776459 -19.773691 0.422310 -2.462544 -21.131866 17.134939 7.420663 4.828971 -2.690753 -12.440381 7.392672 11.189379 12.887211 1.121737 14.976001 -13.455532 -2.559462 -14.727708 8.082458 -7.523135 3.562548
2.327662 -15.413235 8.196489 0.659296 27.536364 -6.554944 13.428876 3.643203 -0.876557 7.939254 -18.935135 -0.121411 -3.304787 -21.831255 16.375509 7.796640 3.383275 -2.353854 -12.490304 7.191478 11.039827 12.090229 1.094269 15.134835 -12.603549 -2.397978 -14.761088 8.728523 -7.373235 3.226984
2.691972 -15.297306 10.019307 0.570248 26.698568 -6.807783 14.410940 3.992260 0.246566 7.925807 -18.447063 -0.249196 -4.030640 -22.278715 15.820447 8.127378 2.126125 -2.120125 -12.494597 6.891675 10.870122 11.323690 0.926312 15.283167 -11.830705 -2.254169 -14.856875 9.292244 -7.285615 2.834616
3.008498 -15.394824 11.200479 0.782426 26.065594 -6.925892 14.943946 4.549810 0.801485 7.729600 -18.059179 -0.188585 -5.078198 -22.647362 15.129667 8.175369 1.530868 -1.825905 -12.432546 6.575367 10.665605 10.579602 0.807235 15.347353 -11.289448 -2.125200 -14.840563 9.845876 -7.172114 2.789914
2.976373 -15.382912 11.604119 1.063394 25.802658 -7.668084 15.319061 5.570902 1.021796 7.617269 -17.671410 0.071873 -5.940954 -22.752865 14.930104 8.358205 0.642500 -1.692152 -12.370517 6.382121 10.495630 10.025977 0.629432 15.501862 -10.784007 -1.971829 -14.824431 10.234956 -7.007823 2.596142
3.282324 -15.299595 11.798421 1.093191 25.613396 -7.967399 15.234081 6.063450 1.250691 7.518672 -17.371412 0.503863 -6.562625 -22.541172 14.847400 8.721863 -0.230546 -1.669870 -12.176076 6.396237 10.362991 9.584208 0.537248 15.585466 -10.404542 -1.876793 -14.815267 10.543166 -6.891269 2.510098
3.528423 -15.307901 11.749044 0.990949 25.410004 -8.149386 15.102490 6.476402 1.437862 7.391585 -17.303463 0.528380 -6.666810 -22.641331 14.698347 8.789448 -0.932638 -1.251579 -12.125226 6.541485 10.279870 9.199323 0.466571 15.601138 -10.217017 -1.791989 -14.889253 10.762137 -6.761181 2.548612
3.613370 -15.291548 11.713861 0.925964 25.379589 -8.331876 15.052222 6.591227 1.534957 7.354354 -17.313143 0.583862 -6.761243 -22.628132 14.658431 8.824147 -1.129376 -1.140177 -12.093825 6.534685 10.271194 9.109191 0.437621 15.639937 -10.162035 -1.755449 -14.892970 10.797631 -6.723081 2.514763
3.675697 -15.363303 11.737582 0.936636 25.266804 -8.276134 15.201150 6.612293 1.568228 7.401879 -17.319910 0.568163 -6.777495 -22.664370 14.609958 8.828727 -1.233014 -1.031360 -12.081479 6.579024 10.249519 9.061259 0.419300 15.639173 -10.141252 -1.739580 -14.895855 10.817174 -6.704838 2.520119
3.944028 -15.408960 11.740949 0.957664 25.134266 -8.145411 15.284796 6.785147 1.604414 7.429604 -17.319143 0.547778 -6.904624 -22.797352 14.474969 8.897745 -1.616166 -0.672865 -12.016984 6.802569 10.227953 8.962465 0.377873 15.632234 -10.103905 -1.714462 -14.914864 10.853800 -6.662733 2.522784
4.173143 -15.413622 11.701669 0.792591 25.041853 -8.295232 15.088017 7.195842 1.703546 7.275317 -17.258791 0.544957 -7.183741 -22.955368 14.239976 9.129608 -2.124464 -0.322140 -11.926231 7.181667 10.205378 8.785850 0.310367 15.698573 -10.003036 -1.649548 -14.943673 10.908689 -6.582966 2.444794
4.553441 -15.521987 11.609892 0.772858 24.891743 -8.165895 14.931492 7.521623 1.737239 7.151848 -17.153053 0.581108 -7.559186 -23.054920 13.946590 9.395155 -2.730557 0.126567 -11.717025 7.669430 10.203732 8.592861 0.211313 15.797779 -9.892390 -1.549523 -14.956410 10.940462 -6.476951 2.321886
5.254465 -15.781504 11.672172 0.664760 24.624294 -7.994078 14.775665 7.905216 1.838811 6.939880 -16.962975 0.604053 -7.956268 -23.333105 13.656816 9.637195 -3.542125 0.796177 -11.475671 8.311299 10.169261 8.330955 0.037225 15.877048 -9.800626 -1.430243 -14.963243 10.973503 -6.320552 2.211641
6.027688 -15.751462 11.882362 0.848668 24.542076 -7.871274 14.610489 8.284884 1.876617 6.821723 -16.649742 0.643064 -8.364944 -23.491484 13.609221 9.797455 -4.097356 1.205774 -11.290847 8.743507 10.189030 8.136501 -0.124497 15.992101 -9.730716 -1.325085 -14.953231 10.953802 -6.190221 2.042125
6.556271 -15.688469 12.200183 0.957134 24.280697 -7.594728 14.288539 8.762717 1.851912 6.470473 -16.191328 0.776011 -9.046021 -23.543577 13.478599 10.032243 -4.339913 1.515925 -11.012777 9.114400 10.184216 7.903224 -0.272001 16.112169 -9.633569 -1.210669 -14.905675 10.988295 -6.035253 1.951371
7.085427 -15.598944 12.800636 1.355433 23.985703 -7.306240 14.279448 9.294060 1.926067 6.108274 -15.934045 0.975368 -9.719783 -23.533007 13.220968 10.203493 -4.642118 1.795596 -10.758508 9.192076 10.179729 7.601876 -0.509921 16.244303 -9.522771 -1.079638 -14.850078 10.998957 -5.840701 1.803175
7.414173 -15.605679 13.582599 1.842587 23.552555 -7.144529 14.432131 10.093881 1.911947 5.712017 -15.441220 1.016609 -10.530540 -23.686880 13.198581 10.170856 -4.737174 2.192342 -10.543811 9.072241 10.149824 7.258886 -0.812500 16.439049 -9.419404 -0.912401 -14.696021 11.007462 -5.574241 1.633621
7.263890 -15.837248 14.328087 2.133353 23.034048 -7.409638 14.854226 11.622935 1.740379 5.240050 -15.169661 1.066998 -11.412089 -23.615349 13.057383 9.909912 -4.478845 2.195673 -10.403253 8.118560 10.109263 6.948025 -1.089284 16.522251 -9.394811 -0.797078 -14.578201 10.983463 -5.361326 1.588050
6.331337 -15.907275 14.391255 1.759607 22.666651 -7.833961 14.760536 13.087942 1.675686 4.655241 -15.121296 1.203635 -12.222712 -23.407795 12.922524 9.508924 -4.199918 2.145306 -10.325510 6.901487 10.011021 6.585105 -1.458581 16.631021 -9.477354 -0.676698 -14.252378 10.986916 -5.053969 1.655541
4.970498 -16.361258 13.767600 0.788257 22.415068 -8.139959 14.500330 14.128282 1.460281 4.051012 -15.219804 1.233165 -12.918204 -23.332893 12.711906 9.209134 -4.232393 2.246074 -10.300385 6.055164 9.927887 6.167515 -1.793810 16.776737 -9.481421 -0.535811 -13.996108 11.044680 -4.736298 1.697296
3.995687 -16.923428 12.815960 -0.063741 22.135712 -8.558825 14.531733 14.541882 1.505403 3.710332 -14.962250 1.281248 -13.917619 -23.168434 12.539810 8.929875 -4.360705 2.323830 -10.126521 5.343772 9.888816 5.870633 -2.001964 16.944340 -9.437129 -0.388502 -13.782850 11.144783 -4.469652 1.730443
3.214679 -17.050032 12.363768 -0.488623 21.856176 -8.613699 14.216254 15.366400 1.403566 3.260522 -14.695307 1.330104 -14.753639 -23.127575 12.425840 8.707568 -4.377082 2.454187 -9.975993 4.824502 9.811381 5.590497 -2.204227 17.015547 -9.499595 -0.283745 -13.539755 11.224443 -4.205871 1.884130
3.081202 -17.196226 12.454313 -0.877166 21.462887 -8.644040 13.794684 16.294212 1.680976 2.635574 -14.681628 1.429945 -15.284860 -22.841755 12.347981 8.534431 -4.175084 2.287977 -9.847676 4.316691 9.786501 5.457094 -2.333894 17.147009 -9.561454 -0.179696 -13.279096 11.259031 -3.991377 2.013052
2.974480 -17.386057 12.522939 -1.264199 21.224968 -8.479836 13.380527 16.841396 1.886029 2.166848 -14.897581 1.654680 -15.661082 -22.467592 12.273877 8.400059 -3.772669 2.059977 -9.716838 3.790046 9.738734 5.406722 -2.460897 17.150991 -9.689086 -0.177877 -13.075917 11.230717 -3.884346 2.150953
2.901799 -17.400333 12.291967 -1.490657 21.293888 -8.283434 12.963810 16.738619 1.999602 2.060845 -14.922622 1.657373 -15.890586 -22.390209 12.243931 8.298580 -3.472483 1.959510 -9.686945 3.530969 9.688337 5.354074 -2.522161 17.167307 -9.744844 -0.166236 -12.920591 11.257467 -3.790414 2.293368
2.915632 -17.453632 12.144031 -1.665120 21.348518 -8.146493 12.759891 16.646505 2.092593 2.035660 -14.999003 1.682989 -16.053804 -22.265247 12.202456 8.191069 -3.249779 1.892972 -9.646853 3.269827 9.629478 5.330972 -2.557098 17.147772 -9.789594 -0.165990 -12.799041 11.298027 -3.721152 2.443070
2.912829 -17.530901 12.035616 -1.766405 21.382076 -8.056915 12.660380 16.600067 2.118008 2.011663 -15.081107 1.778685 -16.177904 -22.039026 12.197743 8.086962 -3.007771 1.734665 -9.585014 2.966685 9.593169 5.326840 -2.590548 17.113964 -9.827611 -0.176502 -12.733157 11.304347 -3.691842 2.520323
2.922693 -17.589693 12.005874 -1.785311 21.383503 -8.035728 12.666015 16.586451 2.108876 2.002542 -15.114646 1.812243 -16.212074 -21.968920 12.201549 8.063242 -2.934132 1.691430 -9.567463 2.878945 9.581032 5.319847 -2.609215 17.105513 -9.845138 -0.180854 -12.704274 11.307898 -3.676620 2.545016
2.919323 -17.564648 12.014741 -1.783437 21.382334 -8.057268 12.657563 16.594532 2.114074 2.004747 -15.103763 1.815284 -16.201221 -21.964787 12.206205 8.068112 -2.935648 1.675637 -9.566753 2.885081 9.587502 5.326778 -2.600028 17.111706 -9.835629 -0.179527 -12.717731 11.304693 -3.686662 2.529581
2.884763 -17.504717 12.034024 -1.796796 21.378609 -8.075547 12.613615 16.601629 2.132220 1.988340 -15.066150 1.778470 -16.162182 -22.054806 12.201238 8.114344 -3.017956 1.723013 -9.589776 2.997946 9.592583 5.328761 -2.587701 17.110891 -9.829401 -0.180163 -12.738348 11.304516 -3.696857 2.517629
2.903301 -17.437071 12.113914 -1.733547 21.354118 -8.155951 12.673976 16.648888 2.131572 2.002290 -15.019316 1.741469 -16.076202 -22.158146 12.220220 8.169937 -3.130018 1.775156 -9.621118 3.159594 9.615530 5.335074 -2.565060 17.128599 -9.804165 -0.175366 -12.783570 11.296120 -3.720481 2.466930
2.896839 -17.407610 12.195056 -1.647803 21.315020 -8.207094 12.813981 16.646982 2.079108 2.061684 -14.970104 1.722260 -15.992521 -22.208035 12.254748 8.238270 -3.248759 1.787939 -9.644592 3.276345 9.645267 5.363507 -2.531699 17.124905 -9.774829 -0.184072 -12.861505 11.279990 -3.773144 2.386696
2.868183 -17.270960 12.231566 -1.578068 21.352703 -8.259130 12.810051 16.558647 2.050979 2.095075 -14.945002 1.765480 -15.837124 -22.219276 12.317477 8.314713 -3.355958 1.758720 -9.660917 3.423203 9.654436 5.366339 -2.513132 17.090414 -9.763781 -0.200696 -12.945979 11.272065 -3.823342 2.344029
2.817630 -17.117899 12.173341 -1.503309 21.449989 -8.383577 12.830978 16.311062 1.999051 2.207500 -14.918852 1.785896 -15.701018 -22.221371 12.352260 8.371707 -3.462316 1.730232 -9.670788 3.531219 9.671564 5.386873 -2.483114 17.057753 -9.749765 -0.220199 -13.036880 11.255728 -3.883383 2.277223
2.823003 -16.997217 12.114612 -1.385187 21.541027 -8.531933 13.006136 15.991993 1.927785 2.434070 -14.909626 1.825432 -15.520679 -22.225475 12.393856 8.489902 -3.629012 1.748562 -9.680709 3.700758 9.698475 5.443767 -2.404385 17.003031 -9.708512 -0.246182 -13.188333 11.247713 -3.983189 2.193409
2.945820 -16.870213 12.172669 -1.122167 21.648014 -8.601654 13.289225 15.661102 1.849095 2.702119 -14.800038 1.724986 -15.309018 -22.376505 12.417266 8.579574 -3.834152 1.799645 -9.743514 3.939586 9.740341 5.521038 -2.286161 16.939054 -9.630380 -0.283074 -13.385975 11.249410 -4.112047 2.102733
3.006165 -16.750769 12.159707 -0.900797 21.855001 -8.707998 13.533475 15.165131 1.764816 3.006152 -14.686787 1.604540 -14.947173 -22.519419 12.503200 8.730097 -4.024469 1.831902 -9.823377 4.378273 9.775337 5.585516 -2.166016 16.923819 -9.523628 -0.310336 -13.568397 11.262827 -4.236037 2.015886
3.055426 -16.700617 11.938214 -0.829401 22.214626 -8.895227 13.734606 14.496693 1.688617 3.371601 -14.757526 1.729496 -14.475417 -22.317173 12.712442 8.934515 -3.920972 1.524855 -9.861268 4.651958 9.765599 5.669961 -2.084740 16.790171 -9.484844 -0.393018 -13.763972 11.269672 -4.391879 1.983672
3.465233 -16.651602 12.058362 -0.689411 22.488749 -8.880827 13.750725 13.807202 1.704331 3.642248 -14.837526 1.748639 -14.001153 -22.286938 12.891810 9.114648 -3.868072 1.398449 -9.929991 5.058424 9.792877 5.826322 -1.962483 16.690096 -9.440425 -0.476441 -13.959063 11.241937 -4.570201 1.886823
4.030210 -16.568810 12.335794 -0.543249 22.718670 -8.629069 13.787907 13.046831 1.891793 3.970364 -14.960471 1.696854 -13.367723 -22.242977 12.998811 9.354086 -3.719072 1.140434 -10.001657 5.532633 9.849090 6.086343 -1.706177 16.599024 -9.361245 -0.567545 -14.194223 11.224594 -4.801047 1.844592
4.723954 -16.490793 12.508994 -0.348229 23.013628 -8.265432 13.667688 12.209645 1.954155 4.327385 -15.112821 1.764037 -12.826058 -22.115971 13.199885 9.520809 -3.321741 0.761651 -10.086785 5.817154 9.887505 6.344176 -1.480508 16.488874 -9.322181 -0.655873 -14.416806 11.190542 -5.022308 1.833169
5.285934 -16.357302 12.913205 -0.177810 23.262512 -7.721314 13.553631 11.878179 1.958665 4.466578 -15.369326 1.841749 -12.311704 -22.009266 13.248471 9.858584 -3.083110 0.528309 -10.128376 6.307932 9.928108 6.647272 -1.213277 16.364119 -9.318683 -0.747864 -14.602096 11.179036 -5.242190 1.886278
3.983498 -18.320440 9.742364 -4.941041 24.380306 -2.500746 11.127719 12.776078 1.090507 12.069221 -17.116455 -1.348086 -8.838839 -23.059643 10.890094 12.621537 4.585371 5.058311 -5.545115 2.781746 5.689986 11.998042 -3.807437 13.504296 -8.241251 2.983444 -16.204788 8.943126 -4.678155 -0.217638
4.289390 -18.200056 9.724143 -4.950620 24.729694 -2.255584 10.870131 12.110919 1.155118 12.321836 -17.347872 -1.216681 -8.331146 -23.049515 10.820195 13.000320 4.324734 5.031023 -5.522704 3.405586 5.725395 12.314128 -3.547882 13.454876 -8.360337 2.897325 -16.320023 8.781760 -4.921937 -0.149083
4.288148 -18.031408 9.561343 -5.090458 25.096479 -2.181338 10.610157 11.505031 1.244015 12.552731 -17.563618 -1.072106 -7.719428 -23.098007 10.795472 13.470490 4.006180 4.978822 -5.552527 4.080767 5.763801 12.746582 -3.304683 13.360454 -8.590857 2.765795 -16.368359 8.554293 -5.206097 -0.086476
3.954927 -17.972952 9.286843 -5.321226 25.347134 -2.134781 10.451750 10.874706 1.288736 12.649055 -17.800648 -1.010089 -7.072783 -23.119007 10.843609 13.739695 3.963768 4.670803 -5.679320 4.390686 5.721729 13.055043 -3.181643 13.161382 -8.866706 2.598238 -16.344051 8.413073 -5.422877 0.147204
3.525367 -17.936220 9.018697 -5.453076 25.610571 -2.059963 10.323900 10.241014 1.286459 12.720012 -18.039913 -0.870206 -6.548762 -22.910458 10.865883 13.994461 4.022065 4.003133 -5.787015 4.376729 5.706659 13.425955 -2.996876 12.955996 -9.168399 2.391975 -16.329569 8.241618 -5.690572 0.373961
4.139525 -17.985895 8.680058 -3.355711 24.091223 -6.061233 9.925037 9.516821 -1.173546 9.953794 -18.192057 4.191763 -6.678808 -23.145660 12.836325 10.416224 1.439396 2.495315 -9.242093 3.771917 7.984033 15.416846 -3.656157 11.563569 -8.123718 0.068519 -15.938544 9.395310 -5.217630 1.212760
3.690552 -17.249121 8.439822 -3.207569 23.971844 -6.815609 10.162178 8.644330 -2.176100 9.181185 -17.982214 5.157513 -6.593434 -23.529930 13.426580 8.606586 2.433820 1.162117 -10.500126 3.776942 8.415440 15.726459 -3.688339 10.976352 -8.317004 -0.853671 -15.481019 9.888255 -5.106831 2.094403
2.754821 -17.275518 7.869032 -3.275881 24.109692 -7.034410 9.891327 8.093648 -2.628886 8.790804 -18.283054 5.473365 -6.536418 -22.825052 13.667577 8.367168 4.092535 -0.284730 -10.743822 2.693383 8.417009 16.377329 -3.569543 10.855998 -8.718765 -1.188190 -15.429118 9.612772 -5.534100 2.737348
1.968615 -17.359676 7.204328 -3.409935 24.561861 -6.700376 9.641428 7.440074 -2.913471 8.851081 -18.435852 5.515670 -6.327716 -22.221935 14.062763 8.259377 5.468380 -1.459068 -10.827435 2.152666 8.257866 16.689047 -3.491802 10.672404 -9.218225 -1.498590 -15.207485 9.559853 -5.741724 3.184172
1.342169 -17.540350 6.457505 -3.409667 24.931293 -6.351293 9.427447 6.904138 -3.382043 8.781858 -18.726757 5.715489 -6.130638 -21.636395 14.400547 8.185986 6.615829 -2.335753 -10.805905 1.930973 8.115252 16.935135 -3.383432 10.435867 -9.629670 -1.760303 -14.975341 9.582142 -5.884204 3.839095
0.724300 -17.805529 5.634504 -3.401288 25.307968 -6.071090 9.115911 6.503918 -3.775297 8.629290 -19.213371 5.791316 -5.826478 -21.322773 14.387626 8.205402 7.510478 -2.748474 -10.706623 1.975056 8.061421 17.251284 -3.213210 10.343688 -10.033409 -1.953458 -14.762477 9.551172 -5.993548 4.395301
0.447065 -18.238708 4.843865 -3.599912 25.530718 -5.695432 8.896339 5.874198 -3.981960 8.491638 -19.783287 6.075778 -5.483175 -20.729467 14.562610 8.288785 8.448243 -3.296895 -10.544992 2.175857 8.034235 17.596760 -3.016423 10.195937 -10.489254 -2.160347 -14.575377 9.442543 -6.135860 5.026556
-0.382038 -18.514442 4.027623 -3.705985 25.769009 -5.503128 8.850164 5.370783 -4.381197 8.471411 -20.301828 6.438273 -5.517284 -19.883175 14.746287 8.427523 9.512954 -3.862953 -10.258456 2.458683 7.951355 17.819300 -2.943908 9.974864 -10.853912 -2.353416 -14.335679 9.408538 -6.247193 5.633140
-1.131463 -18.587513 3.155140 -3.833838 26.233284 -5.385734 8.448854 5.049361 -4.774218 8.342447 -20.531841 6.801340 -5.628751 -19.263012 15.034972 8.614511 10.023476 -4.183586 -10.013044 2.721993 7.923751 18.156097 -2.807450 9.816017 -11.242882 -2.564372 -14.067556 9.363585 -6.396738 6.293071
-1.982472 -18.653307 2.420374 -3.925070 26.640766 -5.375978 8.012951 4.706409 -5.102154 8.181585 -21.006729 7.093037 -5.753965 -18.677197 14.972441 8.778037 10.604236 -4.401172 -9.729442 2.907578 7.883979 18.354773 -2.878927 9.692140 -11.642441 -2.685380 -13.781089 9.207325 -6.445507 6.751204
-2.721717 -18.565918 2.022429 -4.108036 26.897785 -5.801068 7.722342 4.424662 -5.183098 8.019961 -21.507168 7.478863 -5.824520 -18.035719 15.018024 8.933252 10.858472 -4.567072 -9.499215 3.107535 7.819733 18.525507 -3.016069 9.642824 -12.044096 -2.818951 -13.494336 9.008044 -6.498855 7.101426
-3.345125 -18.411062 1.786902 -4.423081 27.128407 -6.184593 7.420271 4.147816 -5.140504 7.907008 -22.036678 7.876262 -5.921950 -17.441816 14.966216 9.023156 10.971677 -4.690156 -9.302587 3.249442 7.696645 18.551043 -3.263046 9.544595 -12.356405 -2.869383 -13.224821 8.866804 -6.466340 7.479653
-4.039277 -18.241026 1.684000 -4.747885 27.267300 -6.635050 7.193640 3.899018 -5.052679 7.780992 -22.581892 8.290912 -6.243896 -16.816069 14.845101 9.017057 11.196208 -4.813395 -9.055718 3.242050 7.573757 18.562881 -3.463099 9.514480 -12.763776 -2.933166 -12.857045 8.710301 -6.398514 7.911380
-4.756490 -18.142704 1.497052 -5.085848 27.417467 -6.934421 6.960738 3.577227 -4.943858 7.618460 -23.095394 8.658297 -6.643315 -16.275518 14.555280 9.062611 11.390868 -4.885350 -8.774137 3.148345 7.501441 18.563204 -3.666998 9.306252 -13.061488 -3.006904 -12.645329 8.582899 -6.383158 8.285072
-5.370527 -18.063406 1.476624 -5.321710 27.504555 -7.164188 6.741436 3.271066 -4.768088 7.407619 -23.547489 9.002183 -6.957060 -15.789035 14.353170 9.096508 11.551770 -4.900681 -8.528595 3.090211 7.404162 18.551922 -3.873842 9.168090 -13.288503 -3.039199 -12.490825 8.417381 -6.368268 8.386661
-5.803145 -18.041315 1.390807 -5.588317 27.575102 -7.259199 6.645143 2.968924 -4.596474 7.293390 -23.903349 9.333321 -7.257838 -15.310447 14.278308 9.128027 11.698363 -4.989832 -8.315883 3.015275 7.273234 18.511089 -4.017919 9.060911 -13.490698 -3.016572 -12.322831 8.348814 -6.287679 8.598228
-6.271904 -18.100294 1.371049 -5.853970 27.578575 -7.386953 6.577867 2.618261 -4.402969 7.171615 -24.193653 9.651093 -7.579442 -14.891500 14.229149 9.157320 11.903180 -5.095118 -8.079299 2.914942 7.175082 18.483898 -4.151383 8.988379 -13.656272 -3.035594 -12.176659 8.301554 -6.243183 8.733384
-6.629892 -18.125658 1.380532 -6.039023 27.598839 -7.439818 6.492834 2.317156 -4.281720 7.048132 -24.428637 9.842555 -7.754996 -14.640746 14.130479 9.165674 11.980330 -5.153018 -7.961353 2.857083 7.121002 18.464182 -4.234389 8.919246 -13.742465 -3.054496 -12.098140 8.295652 -6.210634 8.804111
-6.846349 -18.128975 1.412297 -6.160283 27.618011 -7.496687 6.438776 2.144946 -4.173550 6.986409 -24.548698 9.960144 -7.882972 -14.482693 14.118100 9.131802 12.077404 -5.179303 -7.878500 2.801366 7.067247 18.453899 -4.342819 8.846944 -13.827992 -3.070319 -12.012755 8.270874 -6.178325 8.886167
-6.980754 -18.159374 1.407097 -6.255293 27.610952 -7.515618 6.399616 2.032694 -4.111483 6.945462 -24.645519 10.043949 -7.944582 -14.379875 14.093760 9.143089 12.105861 -5.197629 -7.830064 2.783322 7.037311 18.444441 -4.396602 8.810996 -13.863302 -3.085047 -11.974315 8.273808 -6.169641 8.933332
-7.028670 -18.152140 1.426647 -6.281549 27.619667 -7.515575 6.382436 2.007685 -4.089725 6.927351 -24.675678 10.075987 -8.001719 -14.339650 14.064826 9.140354 12.112533 -5.199024 -7.809915 2.762118 7.029546 18.415945 -4.417822 8.801723 -13.867034 -3.079568 -11.957160 8.284903 -6.148758 8.955181
