1.208733 -18.306536 13.119949 -11.802192 14.389499 -3.143895 5.703532 26.520975 1.424760 -5.105939 -3.898313 2.561390 -38.424438 -19.990957 -0.366551 10.529600 -14.456695 0.661134 -10.490337 -0.836643 6.167852 -15.118173 -17.343071 16.166456 -10.817869 4.370181 -4.262624 15.404959 5.860297 -2.371641
0.943249 -17.919182 13.225993 -11.873413 14.468703 -3.426825 5.805303 26.365738 1.302827 -5.118552 -3.755944 2.209437 -38.317596 -19.874363 -0.241441 10.239502 -14.325675 0.862422 -10.835532 -1.185074 6.108469 -15.031502 -17.245255 16.443645 -11.023589 4.512731 -4.459885 14.979492 5.758662 -2.898927
0.389249 -17.328320 13.736728 -11.583950 14.429225 -3.826156 6.128099 25.944145 0.867155 -5.312351 -3.509821 1.656121 -38.368881 -19.272495 0.108194 9.724249 -13.437482 0.889548 -11.159314 -2.010636 5.576497 -15.173209 -17.370741 16.379438 -11.425773 4.651281 -5.083920 14.495036 5.448012 -4.052637
0.001874 -16.787516 14.608002 -10.877277 14.028262 -4.251794 6.757428 25.245173 0.358307 -5.650952 -3.394519 0.610152 -38.706184 -17.406408 1.157204 9.100592 -10.970031 1.005414 -11.213244 -3.732518 4.605074 -14.876679 -17.442530 16.281973 -11.867616 4.317579 -6.111030 13.865303 4.415066 -5.782305
-0.208235 -16.736595 15.153032 -10.331392 13.139825 -4.809499 7.329168 24.798170 0.017910 -6.302081 -2.994482 -1.205080 -38.931030 -15.489766 2.202035 9.207291 -8.750232 1.304429 -10.803391 -6.053600 3.201572 -14.490865 -17.919004 16.688179 -12.869496 3.791494 -6.791238 12.599764 3.178237 -7.644356
0.074516 -16.500166 15.807829 -10.198645 12.741691 -4.953386 7.336345 25.501656 -0.066083 -6.855062 -2.613746 -2.617779 -38.784485 -14.658609 3.433916 8.890816 -6.762229 1.567366 -10.649776 -7.107665 2.221365 -13.974335 -17.783176 16.717916 -13.897512 3.400847 -7.598248 11.447194 1.983950 -8.597951
0.095037 -17.549971 16.234169 -10.271570 11.891701 -4.909412 7.429270 25.647417 0.610843 -7.196667 -3.261741 -4.816626 -37.915833 -12.145151 3.961240 11.645658 -6.724610 2.806119 -9.485372 -8.431687 1.305259 -13.534351 -17.540262 16.634024 -14.201064 3.541099 -8.014894 10.889609 1.041894 -8.245224
-0.113315 -18.439270 16.303516 -10.413720 10.947936 -5.042114 8.047946 25.293194 0.806798 -7.517599 -3.009181 -6.245137 -37.278355 -12.089644 4.260099 12.187126 -7.233683 4.047352 -9.326473 -9.132244 0.852363 -13.078557 -17.157106 16.569712 -14.147554 3.665319 -8.572490 10.418669 0.153589 -7.163736
-0.415011 -18.974501 16.040770 -10.484226 10.722597 -4.903862 8.309450 25.197193 0.884573 -7.426623 -3.313426 -6.817804 -36.448177 -12.107255 4.285453 12.498434 -7.728441 4.784648 -9.474872 -8.883387 0.898104 -12.977494 -16.923025 16.512770 -14.186818 3.762555 -8.371658 10.458221 0.300510 -6.904870
-0.553976 -19.151375 15.869356 -10.428008 10.742197 -4.901533 8.452021 25.170614 0.801834 -7.323525 -3.607677 -6.911482 -36.064297 -12.110233 4.191669 12.835150 -8.244432 5.068048 -9.474404 -8.681915 0.800668 -12.946851 -17.006807 16.725275 -14.116145 3.841887 -8.294972 10.267407 0.155882 -6.538275
-0.444410 -19.250277 15.833621 -10.478054 10.691401 -4.966994 8.443686 25.040733 0.877090 -7.349793 -3.685261 -6.842850 -36.048016 -11.980037 4.187784 12.904228 -8.203601 5.035362 -9.427290 -8.646550 0.745802 -12.938115 -17.044703 16.737970 -14.085261 3.829519 -8.265773 10.272609 0.104110 -6.436436
-0.049612 -19.825975 15.689021 -11.221661 10.343583 -4.417096 8.223564 24.325382 1.250086 -7.717038 -3.828978 -6.321058 -37.014622 -11.186597 4.273396 12.308685 -7.119205 4.997170 -9.027843 -8.707300 0.284234 -13.144040 -17.249548 16.196293 -14.184163 3.833539 -8.131555 10.793399 0.264435 -6.200469
0.366350 -20.675520 15.412881 -12.639988 9.123078 -2.922043 8.516489 22.689295 0.969053 -8.951429 -5.362838 -4.636356 -37.407753 -9.370537 3.945694 11.827668 -6.320279 4.261870 -8.972753 -8.211287 -0.078538 -13.556474 -17.254431 14.848399 -13.960230 3.915472 -6.929758 12.782519 1.437513 -5.482789
1.206779 -22.140331 13.021433 -14.775578 7.704565 -1.731553 9.211466 20.638191 0.644317 -10.011002 -7.568817 -2.799617 -36.751778 -7.956264 2.887538 12.325678 -7.185536 4.311234 -8.957049 -6.348193 0.862491 -14.166263 -16.741407 12.923970 -12.239915 4.220438 -5.278093 16.078371 3.318996 -2.597466
3.800770 -20.948391 12.383441 -17.472574 7.239028 -2.337972 9.558545 18.377918 1.860415 -9.596267 -8.747610 -1.425636 -35.187645 -8.805128 2.397169 12.178139 -8.257270 4.388152 -9.632358 -3.186001 2.295179 -13.590195 -14.848536 11.288365 -11.251256 3.869328 -3.705718 19.135733 4.771327 0.119325
6.680721 -18.706455 12.564452 -19.854437 7.391500 -3.892740 9.344770 15.796582 3.211418 -8.792175 -10.150747 -0.990283 -32.806282 -9.922542 3.493829 11.126587 -7.573870 3.742181 -10.277566 -1.049087 3.130605 -12.463617 -12.727869 10.633874 -12.532929 3.704604 -3.812989 19.067242 4.980134 0.922254
7.393410 -16.778345 13.420131 -20.861601 7.822731 -5.249911 9.749447 13.152401 3.387013 -8.337030 -11.698483 -1.308402 -31.482571 -8.757257 5.320914 10.805788 -4.724456 3.343730 -9.365851 -0.333610 2.521626 -11.196305 -11.475988 10.591802 -14.589067 3.011980 -4.452198 17.877201 3.796620 1.014716
8.248848 -15.231618 13.806852 -20.909464 8.786885 -6.329125 9.689594 11.671360 3.208880 -7.774270 -12.594440 -2.206113 -30.208294 -7.839983 6.659448 10.125653 -3.250285 4.159991 -8.951571 -0.198924 1.977932 -10.017305 -10.249908 11.236884 -16.245640 2.502942 -5.603369 16.179825 2.305266 -0.305162
8.594893 -14.227573 13.900558 -20.791903 9.813304 -6.988604 9.398956 10.223330 3.426867 -6.865311 -13.331455 -2.974401 -29.069946 -7.589295 7.723720 9.075433 -2.677511 5.291790 -8.987136 0.128656 1.574367 -9.111798 -9.441150 12.175233 -16.872112 2.218742 -5.392744 15.621911 1.567126 -0.834205
8.843018 -13.744701 13.656895 -20.585953 10.534205 -7.220902 8.982844 9.624372 3.494462 -6.317207 -13.752728 -3.323391 -28.588470 -7.311525 8.154687 8.741679 -2.287955 5.785065 -8.945917 0.276363 1.403689 -8.735648 -9.195483 12.550266 -17.079208 2.016022 -5.244041 15.509073 1.214568 -0.848132
8.881325 -13.714806 13.632223 -20.591806 10.598769 -7.244974 8.944021 9.505449 3.539839 -6.252420 -13.860931 -3.372915 -28.429787 -7.259674 8.217063 8.725408 -2.269827 5.809321 -8.992880 0.282432 1.333258 -8.661190 -9.119621 12.601586 -17.082745 1.993719 -5.211777 15.548674 1.169159 -0.885747
8.835957 -13.711148 13.544980 -20.520113 10.639081 -7.282882 8.963529 9.419458 3.472759 -6.205779 -13.900256 -3.454783 -28.508038 -7.174883 8.423795 8.440922 -1.910180 6.038635 -8.980129 0.374339 1.315210 -8.433827 -8.826022 12.578652 -17.022879 1.896568 -5.126793 15.763517 1.110482 -0.789530
8.712219 -13.728456 13.513820 -20.402351 10.633080 -7.314322 9.037155 9.323170 3.383652 -6.171103 -14.197635 -3.691182 -27.876694 -6.984535 8.892354 8.014130 -1.439862 6.284644 -9.424012 0.581583 1.471511 -7.882474 -8.207687 12.601306 -16.584459 1.714718 -4.718203 16.482599 1.013254 -0.464907
8.619442 -13.721554 13.448799 -20.295988 10.647571 -7.362103 9.082788 9.207479 3.285620 -6.135014 -14.569754 -3.622773 -27.282364 -6.915025 9.352182 7.654917 -0.942619 6.277921 -9.570724 1.153811 1.727585 -7.354455 -7.502129 12.285026 -16.249420 1.558055 -4.325648 17.255020 1.084100 0.147206
8.576766 -13.628644 13.361936 -20.145704 10.719771 -7.430201 9.097071 9.064409 3.164550 -6.045339 -14.851156 -3.495692 -26.659500 -6.658926 9.971013 7.365329 -0.081796 5.862417 -9.865325 1.490436 2.124022 -6.730505 -6.543717 11.329805 -15.848897 1.067727 -4.357565 18.250122 1.011082 0.985918
8.576501 -13.526959 13.287072 -20.038382 10.798026 -7.553229 9.117134 8.896889 3.076783 -5.953606 -14.953053 -3.292513 -25.684635 -6.140061 10.538039 7.751220 1.265033 4.497960 -10.086818 1.973138 2.324915 -6.262055 -5.938010 9.999610 -15.871239 0.406751 -4.656345 19.035643 0.794843 1.913681
8.624962 -13.454940 13.230454 -19.967518 10.905887 -7.663792 9.102892 8.682523 3.080601 -5.811864 -15.098505 -3.239182 -24.942606 -5.861997 10.999589 7.970686 2.463189 3.108651 -10.003867 1.914735 2.424617 -6.073623 -5.769299 8.783335 -16.135019 -0.166067 -4.946827 19.540144 0.732881 2.611772
8.736115 -13.386571 13.221497 -19.999414 11.012395 -7.783675 9.044744 8.531902 3.202665 -5.678900 -15.304289 -3.231724 -24.281940 -5.594700 11.429198 8.045263 3.594121 1.877947 -9.956914 1.808219 2.345310 -5.906520 -5.624776 8.315465 -16.672428 -0.546733 -5.652278 19.180317 0.399463 2.344634
8.826179 -13.331820 13.173072 -20.005369 11.133502 -7.887658 8.989771 8.400761 3.289371 -5.527832 -15.482294 -3.334918 -23.750685 -5.485096 11.614568 8.119123 4.012025 1.164487 -10.073842 1.408683 2.432231 -5.933813 -5.349429 7.897828 -17.028275 -0.589310 -6.696263 18.661716 0.131401 2.130806
8.858456 -13.328123 13.122205 -20.004694 11.207971 -7.950122 8.967869 8.253632 3.342559 -5.424881 -15.664120 -3.437837 -23.293091 -5.481132 11.774096 7.921087 4.261748 0.769565 -10.171792 1.050612 2.470273 -5.963419 -5.314147 7.698634 -17.175922 -0.656483 -7.059751 18.501686 0.061781 2.044762
8.858448 -13.322345 13.125442 -20.000843 11.207053 -7.950881 8.969326 8.259597 3.337529 -5.426998 -15.654254 -3.475743 -23.238192 -5.524428 11.812807 7.848243 4.300472 0.711610 -10.203237 0.935033 2.472694 -5.955231 -5.299212 7.687735 -17.189278 -0.664076 -7.089644 18.486635 0.048137 2.041015
8.840151 -13.329415 13.155891 -20.007021 11.182871 -7.929168 8.974290 8.323772 3.333203 -5.463912 -15.546498 -3.512609 -23.485893 -5.599238 11.739161 7.833505 4.125369 0.928047 -10.208486 0.884484 2.469845 -5.981688 -5.320710 7.679395 -17.213699 -0.671622 -7.181430 18.411854 0.024127 1.946529
8.795195 -13.401983 13.227700 -20.035746 11.101802 -7.905220 9.027027 8.317658 3.355254 -5.533944 -15.452699 -3.591987 -23.743929 -5.763669 11.652293 7.735545 3.786941 1.317753 -10.259665 0.784247 2.437120 -6.014208 -5.597396 7.973865 -17.127632 -0.740290 -6.888157 18.414003 0.071928 1.641642
8.731913 -13.425319 13.293030 -20.010771 11.040313 -7.843142 9.069162 8.390461 3.311000 -5.616490 -15.325935 -3.706101 -24.083508 -5.984307 11.499532 7.692439 3.357788 1.706013 -10.246692 0.649201 2.415714 -6.000206 -5.767489 8.307993 -17.252245 -0.884446 -6.795840 18.211203 0.030277 1.049103
8.638844 -13.505283 13.375443 -20.038557 10.913055 -7.711712 9.127937 8.538951 3.263975 -5.772156 -14.877306 -3.858471 -24.793892 -6.391987 10.997808 7.751713 2.526167 2.128694 -10.306318 0.174225 2.354572 -5.953328 -5.858993 8.720155 -17.416714 -0.959859 -6.789686 17.909962 -0.078157 0.404238
8.576591 -13.652004 13.454152 -20.184704 10.732619 -7.517657 9.127959 8.859437 3.307737 -6.003271 -14.434432 -4.056809 -25.548914 -6.806702 10.304284 7.930566 1.442801 2.361512 -10.425664 -0.674346 2.386564 -6.104361 -6.009960 9.028996 -17.508287 -0.867440 -7.038289 17.530991 -0.105688 -0.172739
8.548679 -13.877306 13.655009 -20.487562 10.506597 -7.295275 9.080786 9.227077 3.573174 -6.245583 -13.828772 -4.221751 -25.976988 -7.281283 9.708128 8.286888 0.540138 2.202049 -10.719243 -1.330669 2.428879 -6.488569 -6.358964 9.322007 -17.372725 -0.681077 -7.491516 17.114943 -0.117083 -0.683796
-2.883457 -21.710243 8.936345 -12.412606 20.206621 0.325350 7.307739 20.190536 4.272771 3.023409 -11.555825 -1.677508 -25.958504 -12.604716 16.054476 14.682778 -8.940938 -0.876294 -3.731525 0.758470 5.178207 -4.277770 -12.084700 13.280988 -9.238376 2.896861 -8.711136 13.596978 -1.552051 1.610600
-2.961977 -21.922323 8.812642 -11.273052 19.803295 1.309488 7.449722 21.596420 3.294890 2.507490 -10.175078 -1.971602 -26.236067 -13.239253 15.389871 15.671181 -9.878415 -1.752375 -4.190825 -0.143588 5.990587 -4.902831 -12.034496 13.054534 -8.612111 3.495683 -9.899748 13.286002 -1.159507 0.853731
-2.113007 -21.431868 8.295127 -9.745531 20.121288 1.313819 7.450727 22.384651 2.120865 2.544355 -8.888584 -2.212672 -26.096264 -13.840014 15.070813 16.526955 -10.435734 -2.950893 -4.486739 -0.928383 6.801549 -5.272173 -11.709876 12.699074 -7.980046 3.863624 -11.271014 13.050454 -1.015625 0.174002
1.937556 -19.553915 7.613648 -6.469008 18.874544 -4.263396 6.261720 22.570759 -1.601306 -0.462308 -7.675060 -1.979747 -26.833206 -20.425652 9.079018 11.370234 -7.368399 -3.326778 -8.209383 0.162239 8.876169 -9.529277 -10.672974 12.475972 -9.624899 -0.194018 -13.074151 14.145557 -1.019510 -0.019858
1.494336 -18.521257 7.003698 -5.812970 19.726627 -4.838059 6.303641 23.062160 -2.923783 -0.394939 -7.811112 -2.563093 -25.422691 -20.550001 9.815477 10.675615 -6.751725 -4.296904 -9.154355 -0.864312 9.632751 -9.110050 -9.496162 11.739814 -9.699821 -0.859657 -15.109740 13.874137 -2.013892 -0.325345
-0.178935 -18.076609 5.986736 -5.062541 20.693146 -5.379073 6.328886 22.547653 -3.680056 0.471832 -8.888513 -3.032234 -23.853237 -20.138783 10.756589 9.190629 -5.593653 -4.557521 -10.436499 -1.554957 10.079026 -8.246016 -8.394046 10.924537 -10.033456 -1.494857 -16.031878 13.932991 -2.667190 -0.273517
-2.022377 -18.282385 5.317350 -4.444843 21.325871 -5.843305 6.590320 21.450359 -4.212135 1.139134 -10.149061 -3.073605 -22.519558 -19.572134 11.632890 8.238799 -4.274307 -4.863508 -11.008320 -1.366710 10.206671 -7.391441 -7.534440 10.177129 -10.467335 -2.277067 -16.489710 13.972337 -3.382252 0.295096
-4.165529 -19.201483 5.120089 -3.878335 21.554750 -6.347555 7.327357 19.676815 -4.695948 1.439041 -11.507017 -2.828407 -20.930550 -18.927265 12.498429 8.115299 -3.018561 -5.598450 -10.992226 -0.510708 10.216695 -6.768887 -6.891288 9.583996 -10.893394 -2.844180 -16.734173 13.951381 -3.875792 0.923491
-6.259010 -20.225290 5.237252 -3.116517 21.230406 -6.888127 8.337844 17.827621 -5.201263 1.416041 -12.596334 -2.656367 -19.474697 -18.430286 13.280718 8.115527 -1.691242 -6.315877 -10.993546 0.311112 10.147665 -6.396672 -6.402516 8.952041 -11.351195 -3.045722 -16.845409 13.889728 -4.074335 1.957163
-7.636309 -20.608812 4.741348 -2.729145 21.209923 -7.085348 8.842405 16.489803 -5.759822 1.600449 -13.349951 -2.379998 -18.561594 -18.025000 13.844539 8.205405 -0.800602 -6.592984 -10.713386 1.404597 10.362084 -6.138683 -5.598941 8.047739 -11.745250 -2.978796 -17.189800 13.865034 -4.005742 3.348318
-8.693106 -20.549883 3.684026 -2.481740 21.616867 -7.224295 9.019961 15.334088 -6.445828 2.073213 -13.751877 -2.113929 -17.489632 -17.771248 14.433328 8.401423 0.056862 -7.314771 -10.667106 2.440019 10.641865 -5.863504 -4.855457 7.378010 -12.085382 -2.876803 -17.423555 13.853024 -3.898170 4.543350
-9.331961 -20.373796 2.643777 -2.351627 22.183228 -7.346543 9.069160 14.515957 -7.056119 2.576677 -13.809191 -2.107449 -16.205093 -17.738138 15.005634 8.550578 1.016607 -8.515002 -10.994271 2.922126 10.833778 -5.645261 -4.314716 6.920262 -12.357527 -2.814009 -17.631561 13.822258 -3.882219 5.436779
-9.595087 -20.229012 2.069453 -2.322446 22.498562 -7.407997 9.038881 14.134890 -7.352736 2.846602 -13.879232 -2.078347 -15.549846 -17.709948 15.264721 8.599913 1.525482 -9.082727 -11.096260 3.204322 10.885178 -5.557550 -4.116750 6.798604 -12.459572 -2.797304 -17.655163 13.816739 -3.875170 5.786549
