-6.655819 -21.958467 3.344000 1.124968 23.392281 -3.739076 11.073573 14.018900 -1.893199 -5.395089 -12.914083 -0.215120 -14.893907 -7.916560 4.805752 6.916626 8.409600 3.986247 -21.563087 -11.536400 8.934904 9.198022 -9.265852 7.023510 -7.471244 0.660141 -18.049934 9.924294 -1.435211 1.240521
-6.777453 -21.994661 3.329186 1.178702 23.422050 -3.729351 11.084415 14.029049 -1.955885 -5.413450 -12.936583 -0.212749 -14.791843 -7.897910 4.866343 6.936328 8.497432 3.900441 -21.597464 -11.503305 8.980149 9.187588 -9.229102 6.964026 -7.451035 0.701304 -18.113590 9.924056 -1.413741 1.268229
-7.010645 -22.062767 3.295153 1.254191 23.482147 -3.734871 11.139299 14.000827 -2.076003 -5.432021 -12.881635 -0.239905 -14.674724 -7.915424 4.927580 7.049254 8.603418 3.744640 -21.668646 -11.481564 9.065028 9.173543 -9.146592 6.833048 -7.410178 0.778851 -18.250793 9.924059 -1.380914 1.320464
-7.278155 -22.114141 3.192279 1.341373 23.587378 -3.742813 11.184134 13.941813 -2.241404 -5.420313 -12.853874 -0.259996 -14.460752 -7.930383 5.024672 7.177718 8.756574 3.514649 -21.749678 -11.414652 9.095097 9.184408 -9.095647 6.811964 -7.393583 0.824850 -18.261066 9.927220 -1.362564 1.416353
-7.601847 -22.174410 3.046368 1.513739 23.662373 -3.726694 11.217239 13.995138 -2.474177 -5.463896 -12.639877 -0.307687 -14.206122 -8.009041 5.119001 7.449476 8.867517 3.064075 -21.919752 -11.472418 9.228719 9.164212 -8.964552 6.646220 -7.311181 0.993686 -18.457973 9.923620 -1.293065 1.522637
-8.143153 -22.303114 2.919183 1.790168 23.701824 -3.635639 11.339996 14.118581 -2.841067 -5.568024 -12.195005 -0.407790 -13.984527 -8.182823 5.066164 8.047212 8.798779 2.456113 -22.028307 -11.576494 9.426622 9.067117 -8.915338 6.573968 -7.100399 1.241898 -18.632059 9.947149 -1.167250 1.478188
-8.830950 -22.546850 2.980597 2.092101 23.475048 -3.432121 11.537025 14.399380 -3.207770 -5.883328 -11.492077 -0.482810 -14.349767 -8.428598 4.755067 8.909849 8.345167 2.112741 -21.851879 -11.718063 9.723953 8.887622 -8.918908 6.575123 -6.777753 1.641904 -18.801859 9.972473 -0.934410 1.337228
-9.625527 -22.869045 3.024832 2.366342 23.234188 -3.199742 11.785348 14.740273 -3.573898 -6.217335 -10.991804 -0.506035 -14.374106 -8.625632 4.610332 9.630367 8.231899 1.570548 -21.766058 -11.714682 10.023572 8.630166 -8.929924 6.571123 -6.369715 2.143707 -18.930412 10.036497 -0.602201 1.241052
-10.538359 -23.320509 3.019297 2.598963 22.850142 -2.865919 12.117177 15.019714 -3.995718 -6.647338 -10.295630 -0.563007 -14.605762 -8.933412 4.340292 10.456955 7.843896 1.144684 -21.699621 -11.812746 10.367078 8.375221 -8.915102 6.471205 -6.055948 2.567279 -19.118641 10.083823 -0.268053 1.194840
-11.286728 -23.723585 2.811815 2.696589 22.584892 -2.591346 12.410778 15.081992 -4.365469 -6.958704 -9.942274 -0.547503 -15.011054 -9.121066 4.105657 10.729652 7.638427 0.984885 -21.560133 -12.032531 10.670408 8.175251 -8.941247 6.424941 -5.818767 2.815332 -19.280941 10.126614 -0.041757 1.038913
-11.710218 -23.872023 2.427699 2.729955 22.399487 -2.330956 12.463432 15.264717 -4.684259 -7.221736 -9.613939 -0.601009 -14.703231 -9.450915 4.096672 10.865260 7.654136 0.275987 -21.890890 -12.424635 10.891747 8.037216 -8.985517 6.349531 -5.769725 2.907363 -19.444714 10.083341 0.094351 0.865989
-11.862273 -23.715691 1.975630 2.684441 22.513958 -2.279310 12.331881 15.539129 -4.973743 -7.337801 -9.403041 -0.585587 -14.540321 -9.722413 3.979596 10.927186 7.571822 -0.267546 -22.165010 -12.762756 11.006577 7.840320 -9.193619 6.415374 -5.709466 2.959276 -19.547180 9.982855 0.204648 0.527876
-11.679920 -23.401247 1.371801 2.584118 22.718163 -2.152780 11.981427 16.050121 -5.200484 -7.385185 -9.198728 -0.566661 -14.741099 -9.941374 3.624681 10.971947 7.137276 -0.504584 -22.184313 -13.271795 11.045983 7.778901 -9.271457 6.389041 -5.731061 2.892693 -19.738525 9.831787 0.143896 0.362368
-11.305286 -22.942884 0.833310 2.392978 22.990997 -2.090259 11.530958 16.598969 -5.309296 -7.393080 -9.022243 -0.603743 -14.790271 -10.161386 3.312223 11.042279 6.725825 -0.779291 -22.352682 -13.825818 11.106634 7.656964 -9.392036 6.381451 -5.772241 2.868423 -19.902376 9.682034 0.181891 0.095844
-11.018985 -22.579382 0.478973 2.280917 23.170502 -2.124645 11.233896 16.976198 -5.401745 -7.408890 -8.867237 -0.694413 -14.689814 -10.336452 3.217563 11.034220 6.651135 -1.133433 -22.565063 -14.294612 11.165968 7.612781 -9.501801 6.424687 -5.804529 2.744312 -19.995291 9.590482 0.148132 -0.082049
-10.805647 -22.182295 0.276855 2.207249 23.358679 -2.165688 10.946636 17.402203 -5.550159 -7.546515 -8.770392 -0.737006 -14.720201 -10.485593 3.068081 10.927774 6.444404 -1.331228 -22.713676 -14.744804 11.256300 7.437191 -9.715503 6.507654 -5.784568 2.757902 -20.045591 9.493944 0.252878 -0.327583
-10.470322 -21.700403 0.104357 2.172256 23.683468 -2.250453 10.629063 17.725586 -5.656579 -7.516054 -8.761276 -0.765332 -14.701749 -10.534011 2.985294 10.872353 6.348222 -1.448061 -22.799326 -14.986656 11.215327 7.379765 -9.839554 6.525271 -5.862569 2.686104 -20.037437 9.417768 0.238902 -0.336631
-10.263289 -21.402529 0.018073 2.156034 23.920759 -2.300097 10.427778 17.900122 -5.736887 -7.494737 -8.764124 -0.804250 -14.573336 -10.540202 3.006616 10.892622 6.394610 -1.616972 -22.905405 -15.088565 11.245224 7.409830 -9.798385 6.438716 -5.947801 2.622294 -20.083214 9.420245 0.235126 -0.290037
-10.036079 -21.147682 -0.046752 2.124217 24.070663 -2.342743 10.245591 18.091272 -5.754685 -7.482990 -8.772349 -0.860745 -14.410137 -10.535418 3.105722 10.883051 6.502097 -1.730599 -22.976215 -15.120327 11.231193 7.452000 -9.780869 6.389896 -6.014710 2.538740 -20.145952 9.376783 0.161607 -0.284097
-9.920708 -21.082865 0.005849 2.108616 24.061779 -2.350782 10.198782 18.170158 -5.725553 -7.520276 -8.765559 -0.888347 -14.375190 -10.527675 3.133661 10.878073 6.532194 -1.765246 -23.003618 -15.161676 11.214863 7.449116 -9.803285 6.386620 -6.043604 2.517274 -20.140373 9.359371 0.151297 -0.282128
-9.879573 -21.070084 0.284139 2.071696 23.923405 -2.371819 10.173058 18.288563 -5.568823 -7.624391 -8.644135 -0.927050 -14.626113 -10.575624 3.016986 10.934195 6.292302 -1.566218 -22.961306 -15.273458 11.227962 7.423007 -9.845107 6.422276 -6.020503 2.484385 -20.143446 9.383713 0.167711 -0.434369
-9.594973 -21.144917 1.113419 1.933578 23.372341 -2.406815 10.087199 18.614990 -4.982332 -7.955385 -8.271931 -1.031650 -15.353355 -10.769504 2.638265 11.019911 5.585295 -1.041717 -22.897318 -15.670593 11.160993 7.159075 -10.289021 6.873158 -5.795063 2.480192 -19.969910 9.433693 0.302667 -1.260175
-8.989984 -20.945078 2.464322 1.896356 22.588474 -2.728351 9.934711 19.416458 -4.197646 -8.483068 -7.740140 -1.255755 -16.697876 -10.992378 2.021791 10.905890 4.389009 0.119028 -22.591335 -16.444168 10.980646 6.719009 -11.053401 7.589667 -5.489317 2.429029 -19.575357 9.611202 0.542210 -2.511808
-7.817037 -20.680643 3.895861 1.854349 21.778271 -3.118022 9.767102 20.673584 -3.320100 -9.098425 -7.068542 -1.554660 -17.977167 -11.363757 1.498402 10.517127 3.112971 1.311185 -22.366426 -17.260201 10.658366 6.154728 -12.036751 8.409286 -5.162322 2.494989 -19.095623 9.784966 0.805122 -3.905348
-5.925756 -20.391603 5.498871 1.041961 20.675842 -3.620852 9.571489 21.659966 -1.824669 -9.786736 -6.162488 -1.823098 -19.341064 -12.025041 1.196047 9.762520 2.016446 2.500568 -22.227524 -18.002617 10.149818 5.279844 -13.340994 9.200480 -4.837448 2.887954 -18.217550 9.989635 1.444211 -5.198215
-4.466880 -19.956427 7.122389 0.121834 19.802811 -3.737425 9.416663 22.608990 -0.712261 -10.415874 -5.096267 -1.626364 -21.551956 -13.277667 0.456933 8.857998 0.777599 3.859358 -22.455099 -18.350842 9.049343 3.994734 -15.033172 9.952479 -4.948977 3.962795 -17.145937 9.569746 2.310986 -5.839911
-3.301468 -19.430559 9.025544 -1.037690 18.012589 -3.699639 9.973729 23.149288 -0.285229 -11.945447 -3.986363 -1.472063 -24.467514 -13.968360 -0.367750 8.607702 -0.187111 5.353967 -21.514212 -18.879677 6.955936 2.913728 -16.734064 11.791385 -5.486294 5.560488 -16.218832 7.834034 2.326278 -5.971742
-0.425512 -18.173086 10.791858 -2.071357 14.288815 -8.498739 12.701531 21.693926 -0.217456 -14.934478 -1.740526 -0.848596 -30.190723 -14.803904 0.267319 6.040162 2.859382 7.364580 -18.514570 -17.831387 2.713664 1.881338 -19.384623 14.041203 -7.138590 7.785115 -15.170348 3.888180 0.856462 -4.084499
0.088063 -18.212833 12.287319 -3.418346 11.688593 -10.330589 14.288010 20.252102 0.853452 -16.174662 -1.497296 0.646431 -34.049011 -15.751375 1.780654 3.496659 6.244436 8.491564 -15.510570 -15.997477 0.680059 1.786080 -21.243746 16.127962 -9.121512 8.643243 -13.161425 1.842160 0.353602 -4.052059
0.358285 -16.961428 14.871763 -5.297387 10.188384 -12.917652 15.537250 19.961330 2.446823 -16.328142 -2.493834 2.766681 -36.486732 -16.335543 1.316322 2.065251 6.765059 9.639779 -13.417434 -13.751608 -0.964077 3.244672 -21.900686 18.709923 -10.275735 8.877637 -11.082574 0.869797 -0.660734 -5.882442
0.416760 -16.568686 16.803091 -9.154181 9.931838 -14.951425 14.419350 18.556545 6.314849 -16.249704 -4.100869 5.578396 -39.324402 -17.421803 0.097930 0.363952 4.919056 12.763567 -11.521831 -10.145692 -2.415909 4.174944 -21.670580 20.513058 -10.801511 10.033803 -7.839861 1.236124 -0.260428 -5.498241
2.522259 -18.095060 16.838627 -12.483440 9.606997 -13.543275 12.615790 15.815271 9.609534 -16.102396 -5.938814 8.171317 -39.780788 -17.778944 -0.227368 -0.045678 3.307601 14.880624 -10.268211 -5.694565 -0.472582 5.058474 -19.148945 20.075930 -11.539392 11.214307 -4.207489 3.605735 3.070633 -4.315050
3.839406 -19.148869 15.583201 -15.464214 10.101726 -12.477701 10.996658 13.176072 11.491813 -15.749315 -8.335798 9.829587 -38.311867 -16.970661 -0.632638 0.577368 2.492849 15.867957 -9.927253 -1.336944 2.137276 5.519291 -16.717148 18.301790 -12.555688 11.647520 -1.711091 5.591812 6.263669 -1.230201
4.109769 -19.857443 13.176620 -17.472055 11.051374 -11.924588 10.079671 10.205612 11.554835 -15.269299 -10.534259 10.700629 -37.265385 -15.896018 -0.410100 1.070260 2.624094 16.309216 -9.093361 0.643342 3.470012 5.607276 -15.398535 17.016531 -13.674408 11.426034 0.128134 7.138244 8.245816 1.277009
3.494982 -19.756630 11.183804 -18.223530 11.472226 -11.487261 10.001211 7.709195 10.514488 -15.132874 -12.609428 11.568847 -36.309238 -14.483972 0.223113 1.312608 3.485613 16.249298 -8.076807 1.924365 3.648654 6.130079 -14.311768 16.016964 -15.211133 10.559396 1.268675 8.053181 9.038223 3.082473
2.434880 -19.399397 9.786422 -18.588921 11.406820 -11.186790 9.903460 6.359720 9.242800 -15.681502 -14.357761 12.195275 -35.794685 -12.570383 1.031008 1.379170 5.301797 15.635045 -7.220812 2.339185 3.226889 7.252100 -13.267836 14.913017 -16.526760 9.365395 1.918246 9.073247 8.840847 4.995037
1.658310 -19.323040 8.686222 -18.808455 11.683597 -10.751519 9.586203 5.348306 8.627193 -15.584038 -15.587110 12.447767 -35.459480 -11.021373 1.868259 1.632732 6.816522 15.012369 -6.351169 2.425892 2.917905 7.811039 -12.840488 14.339777 -17.594221 8.927953 1.896843 8.950217 8.592978 5.947776
0.867474 -19.218031 8.122721 -19.136309 12.017003 -10.819084 9.392514 4.672423 8.490216 -15.271280 -16.294199 12.414012 -35.192833 -9.863635 2.397560 2.240115 7.834884 14.683042 -5.601888 2.481756 2.795760 7.992535 -12.582724 13.880767 -18.176399 8.741014 1.694150 8.740802 8.492351 6.779180
0.280545 -19.198812 7.544944 -19.312628 12.274165 -10.735714 9.281086 4.281247 8.197635 -15.124044 -16.835459 12.541171 -34.830368 -9.316735 2.753928 2.621902 8.300484 14.202894 -5.139248 2.617912 2.559980 8.196120 -12.581965 13.342525 -18.373623 8.409518 1.433710 8.804232 8.234873 7.158669
0.147363 -19.216591 7.319340 -19.365725 12.343228 -10.695158 9.280003 4.160829 8.074570 -15.114635 -16.981670 12.595422 -34.775368 -9.123889 2.919375 2.690039 8.552048 14.083236 -4.966550 2.692338 2.483944 8.233520 -12.674349 13.057634 -18.449718 8.328346 1.385374 8.840395 8.170508 7.377334
0.170737 -19.205042 7.333972 -19.430899 12.335284 -10.705330 9.267638 4.154813 8.114382 -15.120031 -17.000557 12.574636 -34.772690 -9.103206 2.936100 2.701036 8.569238 14.103011 -4.946635 2.672828 2.448989 8.229867 -12.683773 13.144753 -18.424740 8.317399 1.431211 8.842661 8.156216 7.352377
0.209426 -19.197502 7.289649 -19.539040 12.312427 -10.721757 9.251097 4.144391 8.106884 -15.162291 -17.066433 12.621173 -34.814934 -9.040163 2.971374 2.714719 8.640962 14.105580 -4.889253 2.695696 2.418521 8.288987 -12.727667 13.189204 -18.398399 8.235566 1.581146 8.936861 8.118747 7.355370
0.317087 -19.158428 7.267072 -19.698374 12.235933 -10.715979 9.251101 4.091923 8.117867 -15.260014 -17.069363 12.626239 -34.948025 -8.983839 2.973801 2.774261 8.602941 14.204322 -4.787742 2.657519 2.414943 8.277205 -12.770471 13.273067 -18.402765 8.234915 1.734776 8.935247 8.140264 7.437802
0.360732 -19.137356 7.254042 -19.891682 12.170124 -10.726027 9.272611 4.029835 8.147299 -15.354371 -17.077942 12.670552 -35.023537 -8.929263 3.002184 2.848137 8.605642 14.216054 -4.716317 2.645526 2.381555 8.346519 -12.823462 13.282338 -18.357616 8.126750 1.938285 9.062107 8.098001 7.571863
0.332872 -19.017038 7.311929 -20.098864 12.096120 -10.761998 9.280746 4.050860 8.170257 -15.497293 -17.168663 12.749953 -35.049217 -8.813205 3.130089 2.974068 8.669284 14.152162 -4.555261 2.611222 2.051250 8.347779 -13.274160 13.242690 -18.348598 7.984323 2.183490 9.138069 7.943883 7.570704
0.403029 -19.021574 7.247962 -20.302366 11.988372 -10.784750 9.314760 4.042123 8.157868 -15.667721 -17.284054 12.858723 -35.057274 -8.709002 3.294202 3.021926 8.847872 14.044208 -4.406301 2.634325 1.711326 8.446750 -13.608649 13.594108 -18.357887 7.845823 2.411378 8.992462 7.626952 7.395717
0.378646 -18.915026 7.181195 -20.423859 11.947150 -10.801089 9.325748 4.092515 8.009202 -15.826518 -17.349365 12.850539 -35.112701 -8.565574 3.469772 3.033002 9.078307 14.063689 -4.268595 2.610699 1.355240 8.616284 -13.820619 14.155161 -18.303814 7.699533 2.712304 8.794312 7.263217 7.168509
0.276464 -18.736120 7.079023 -20.617205 11.919759 -10.817732 9.289465 4.177948 7.837615 -16.007521 -17.568604 12.935802 -35.039867 -8.398304 3.569768 3.198805 9.178993 13.920184 -4.109549 2.591196 0.832575 8.722468 -14.546785 14.576908 -18.409374 7.646738 3.100862 8.285769 6.696075 6.823195
0.092018 -18.568037 7.013078 -20.849987 11.851758 -10.968561 9.337526 4.207120 7.718066 -16.178926 -17.674881 12.992864 -35.068813 -8.257735 3.642240 3.360454 9.197288 13.827636 -3.941726 2.532286 0.247437 8.922387 -14.798204 14.953436 -18.373142 7.506702 3.238293 8.035282 6.100214 6.588947
-0.143609 -18.360891 6.830504 -21.099993 11.893907 -11.075492 9.320217 4.265947 7.546209 -16.272947 -17.843294 13.068801 -35.002800 -8.144012 3.797384 3.509488 9.362699 13.678321 -3.785905 2.538588 -0.306566 8.937318 -15.305508 15.419343 -18.455675 7.520130 3.500221 7.473712 5.547812 6.588493
-0.425423 -18.063467 6.803897 -21.355011 11.900939 -11.101169 9.320309 4.384921 7.398849 -16.324793 -17.972027 13.086782 -35.028900 -8.020027 3.849181 3.752866 9.347875 13.619803 -3.594422 2.505023 -0.920042 9.093931 -15.531282 15.739920 -18.445688 7.418694 3.554838 7.179239 4.974166 6.357481
-0.692480 -17.882326 6.688801 -21.468145 11.911679 -11.091856 9.375748 4.550987 7.223161 -16.299665 -18.057758 13.205491 -34.892876 -7.974251 4.159241 3.805346 9.615483 13.400027 -3.478036 2.648695 -1.547289 9.145427 -16.049263 16.077530 -18.501057 7.401354 3.509892 6.615635 4.373159 6.186075
-0.913560 -17.783278 6.476352 -21.516867 11.943480 -10.944866 9.415302 4.595137 7.055381 -16.325396 -18.020094 13.144737 -34.771049 -8.062304 4.412722 3.834975 9.743948 13.359000 -3.384369 2.717097 -2.118881 9.455823 -15.911552 16.347725 -18.610704 7.177636 3.552711 6.610497 3.872056 5.971712
-1.170698 -17.648878 6.212821 -21.591429 12.023452 -10.790696 9.390823 4.621474 6.836153 -16.366264 -18.094233 13.189908 -34.502663 -8.082657 4.674466 3.853789 9.932177 13.191432 -3.388854 2.868693 -2.519165 9.826964 -16.167997 16.740036 -18.809095 7.114947 3.697634 6.088216 3.306741 5.742727
-1.436152 -17.385675 6.008797 -21.611174 12.168933 -10.874353 9.412762 4.680274 6.615420 -16.396091 -18.225327 13.161595 -34.266804 -7.877279 4.901757 4.012417 10.152831 13.061646 -3.309585 2.922026 -3.079291 10.135781 -16.239515 16.955996 -19.092045 6.994898 3.730562 5.726222 2.672144 5.603528
-1.546417 -17.177328 5.853421 -21.510183 12.275946 -10.991012 9.532182 4.724926 6.406858 -16.320253 -18.227337 13.003510 -33.863667 -7.968945 5.203656 4.010273 10.231735 13.068439 -3.362498 3.076590 -3.236068 10.427104 -16.214991 16.962481 -19.301231 6.936292 3.745400 5.434017 2.300669 5.647599
-1.671102 -17.098337 5.678229 -21.464605 12.372788 -11.016327 9.632152 4.763855 6.256557 -16.213137 -18.216885 12.848543 -33.639946 -7.937904 5.383483 4.086230 10.339242 13.104579 -3.335458 3.101038 -3.236511 10.688281 -16.211361 17.001581 -19.317635 6.898147 3.659949 5.175254 2.018203 5.587789
-1.851043 -16.991413 5.476589 -21.602789 12.531299 -10.934395 9.548553 4.728137 6.193133 -16.182112 -18.342041 12.828031 -33.413864 -7.836018 5.559683 4.218347 10.376024 13.048663 -3.287204 3.182879 -3.211296 10.924768 -16.004507 17.079441 -19.331606 6.853740 3.587842 5.066877 1.836618 5.507803
-1.922839 -16.907644 5.329573 -21.693567 12.660079 -10.877636 9.527589 4.677848 6.127497 -16.120750 -18.468821 12.866038 -33.272079 -7.710932 5.686148 4.317874 10.382760 13.007619 -3.239107 3.251537 -3.162218 10.977318 -15.935019 17.083565 -19.288607 6.861810 3.459237 4.961383 1.723517 5.516632
-1.889520 -16.869022 5.289012 -21.687212 12.720249 -10.893824 9.530563 4.676637 6.117835 -16.066267 -18.489273 12.852178 -33.230392 -7.708097 5.695325 4.353835 10.341650 13.034608 -3.222927 3.270025 -3.190141 11.005128 -15.970037 17.081465 -19.274841 6.856268 3.438310 4.925010 1.674964 5.507216
-1.903360 -16.841085 5.245002 -21.682035 12.762682 -10.891975 9.541607 4.651455 6.095040 -15.999630 -18.531528 12.861865 -33.141304 -7.703260 5.781665 4.366320 10.409162 12.954115 -3.218400 3.282248 -3.213811 11.126455 -15.869747 17.035345 -19.311142 6.793718 3.435809 4.952150 1.603468 5.517646
-2.075814 -16.681244 4.990077 -21.832109 13.026933 -10.973568 9.465002 4.500830 6.020397 -15.820565 -18.715729 12.865766 -32.794094 -7.569935 6.118754 4.390100 10.695667 12.735221 -3.193904 3.371425 -3.294951 11.345521 -15.751553 16.943007 -19.382362 6.730769 3.297152 4.841167 1.365432 5.595961
-2.230738 -16.472458 4.642774 -21.962824 13.371085 -11.081909 9.376973 4.306575 5.876572 -15.530027 -18.909733 12.857148 -32.362106 -7.430009 6.538857 4.411242 11.069037 12.439483 -3.177989 3.470916 -3.350148 11.677094 -15.561749 16.620022 -19.447641 6.636269 3.098896 4.765440 1.078040 5.796410
-2.517706 -16.260233 4.195765 -22.118391 13.811229 -11.155538 9.315844 3.954023 5.703967 -15.138313 -19.134563 12.872180 -31.740089 -7.200573 7.086657 4.476252 11.578170 11.989064 -3.228710 3.668313 -3.391766 11.846190 -15.357965 16.351995 -19.501801 6.602867 2.875541 4.697010 0.881820 6.123389
-2.864024 -16.164871 3.502929 -22.109928 14.286952 -11.107457 9.259630 3.426657 5.327326 -14.780071 -19.486246 12.995898 -30.955132 -6.919825 7.793640 4.438043 12.269530 11.312993 -3.291047 3.900300 -3.348162 12.048293 -15.025116 15.897926 -19.525616 6.657819 2.358430 4.571960 0.745614 6.376136
-3.079626 -16.155066 2.476400 -21.979403 14.724105 -10.967251 9.390812 2.615870 4.697632 -14.416666 -19.879009 13.092021 -30.142838 -6.703208 8.147085 4.601480 12.618065 10.919431 -3.445864 4.213833 -3.486272 12.336307 -14.599739 15.523434 -19.543362 6.509863 1.919967 4.712158 0.509324 6.313425
-3.263934 -16.171225 1.382451 -21.790377 15.174600 -10.762025 9.463635 1.888793 4.023003 -14.115803 -20.294903 13.304827 -29.199451 -6.393780 8.566893 4.812877 13.065044 10.319269 -3.679237 4.678710 -3.513128 12.792822 -14.167721 14.858518 -19.671223 6.253584 1.379719 4.764941 0.119229 6.457021
-3.478620 -16.277349 0.287806 -21.535639 15.606229 -10.364662 9.280807 1.276317 3.289017 -13.866930 -20.645937 13.434196 -27.968533 -6.131754 9.191922 4.963524 13.755907 9.378170 -4.067209 4.977640 -3.351238 13.272563 -13.564927 14.402995 -19.969608 6.109745 0.914107 4.664000 -0.139974 6.809956
-3.504177 -16.774988 -1.027793 -20.926714 15.951890 -9.908133 9.158454 0.720129 2.549424 -13.650924 -20.953730 13.442609 -26.676327 -6.047754 9.721631 4.796428 14.587134 8.202920 -4.734705 4.812468 -3.199833 13.658296 -12.935163 13.780474 -20.266140 5.852025 0.410576 4.558175 -0.557806 7.231305
-3.843676 -17.260403 -2.450106 -20.350576 16.281631 -9.587364 9.153424 0.167028 1.768976 -13.426458 -21.429295 13.565738 -25.405453 -5.722288 10.238000 4.854626 15.267354 7.047148 -5.344407 4.699790 -2.680393 14.145714 -11.869505 13.147625 -20.349663 5.676269 -0.190378 4.664361 -0.802154 7.895491
-4.308415 -17.506945 -3.717827 -19.997431 16.508965 -9.719749 9.074743 -0.371947 1.043726 -13.466726 -22.171398 13.988299 -24.517786 -5.498115 10.556434 4.893609 15.607617 5.997324 -5.691774 4.670329 -2.118024 14.400142 -10.912174 12.551332 -20.558193 5.752098 -0.650023 4.619585 -0.809607 8.684545
-4.413024 -17.551105 -5.002358 -19.656054 16.822948 -9.974766 8.957354 -0.885739 0.331250 -13.380703 -22.856279 14.418523 -23.712790 -5.575679 10.745743 4.733394 15.898546 5.106020 -6.004983 4.841622 -1.541449 14.645751 -9.930275 12.164804 -20.637495 5.734720 -1.371193 4.494475 -1.044061 9.181019
-4.509942 -17.369059 -5.927642 -19.300291 17.285088 -10.058847 8.834600 -1.339590 -0.417519 -13.148242 -23.409166 14.628644 -22.827072 -6.001043 10.883731 4.254482 16.090261 4.561784 -6.397681 5.009730 -0.948108 14.810620 -8.974436 11.989455 -20.800995 5.725828 -2.153728 4.137940 -1.354149 9.552443
-3.999648 -17.047144 -6.945054 -18.725595 18.155958 -9.852733 8.477680 -1.587350 -1.121628 -12.529615 -23.658073 14.564130 -21.844936 -6.475940 11.100179 4.032033 16.191490 3.860313 -6.786674 5.147705 -0.263867 15.136327 -8.113567 12.119887 -20.798294 5.760541 -2.898640 3.617208 -1.712456 9.745808
-8.364104 -27.277071 -4.571744 -10.897304 26.851168 -2.598874 5.161479 -0.242635 5.421587 -0.806275 -20.261137 8.064587 -17.721073 -2.898064 2.939772 6.489829 20.285208 1.371547 -15.870302 4.441142 0.500062 13.361994 -8.968424 10.311962 -18.497686 -0.459205 -6.410220 7.891189 -4.443578 11.953169
-7.869462 -27.104683 -5.369492 -10.204025 27.475084 -2.862920 5.771327 -0.903294 4.796200 0.414111 -20.264673 7.698372 -16.424889 -3.292139 3.118897 6.673356 19.897409 0.259162 -16.428263 3.708422 1.111327 13.732867 -8.127337 9.986726 -18.242830 -0.538340 -7.181801 7.861682 -4.688387 11.705254
-7.420040 -26.694437 -5.816104 -9.459254 28.121918 -3.011582 6.305746 -1.116823 4.039243 1.681959 -20.263229 7.236516 -15.006234 -3.668254 3.529573 6.896772 19.624002 -0.849631 -17.098953 2.926206 1.712691 14.208670 -7.278211 9.677054 -17.987206 -0.568382 -8.121411 7.668779 -5.053965 11.223064
-6.703225 -26.056915 -5.922356 -8.298026 28.785862 -3.076384 6.732961 -1.274691 3.139638 2.539601 -20.236801 6.564004 -13.409703 -4.357670 3.837003 6.935221 19.148809 -1.595246 -17.858385 2.363808 2.425448 14.548772 -6.509427 9.496364 -17.473938 -0.416870 -9.297250 7.279891 -5.356552 10.349293
-5.754049 -25.397640 -5.628255 -6.904453 29.136683 -2.593504 7.049376 -0.880201 2.061113 2.946011 -19.891920 5.940038 -11.932801 -5.437318 4.193242 6.825580 18.205492 -1.830790 -18.563524 2.124538 2.922704 14.775743 -5.698419 9.379123 -16.588825 -0.307791 -10.528676 7.434978 -5.665312 9.683620
-4.964907 -22.760641 -2.886700 -5.024603 29.094973 -2.071909 8.359562 -0.606682 0.851427 0.944612 -20.381653 5.030142 -9.090346 -1.803762 8.363163 9.624636 16.251743 -0.811742 -18.120371 -1.215315 5.979107 17.264297 -5.284290 8.399377 -14.351577 -2.320354 -11.143885 8.612860 -5.343799 9.793836
-3.585871 -21.171827 -1.800329 -3.736538 28.956352 -1.798122 9.058302 0.303072 -0.457413 0.654762 -19.497221 3.723336 -7.385380 -2.570626 9.625560 10.106353 15.523217 -0.513635 -18.590347 -0.959902 7.082668 17.581549 -4.387836 8.528445 -13.232720 -2.716365 -11.915799 9.117631 -5.368121 9.245548
-1.791661 -20.686016 -1.401680 -2.305119 29.123203 -0.974027 9.428213 1.277583 -0.995498 0.741041 -18.147465 2.902459 -6.303179 -4.290690 10.064359 10.196863 14.588945 -0.410518 -19.444208 -0.975758 7.467795 18.081457 -3.757738 9.045602 -12.577815 -2.728304 -12.770099 9.047113 -5.886947 8.627794
0.166602 -20.585230 -0.356562 -0.922534 29.137573 -0.193130 9.854193 1.812579 -0.910648 1.122795 -16.796513 1.959488 -5.469478 -5.839163 10.260745 10.334047 13.876815 -0.253307 -20.221291 -1.037473 7.690040 18.015253 -3.222411 9.343529 -11.762207 -2.582239 -13.562733 9.349688 -6.082823 7.542972
1.719207 -20.563553 1.246944 -0.624052 28.398922 -0.521484 10.678779 2.104381 0.105424 1.016979 -15.818121 1.134929 -5.312360 -7.183607 10.207338 9.696299 13.180968 0.377275 -20.853182 -1.456136 7.802621 17.602205 -3.035596 9.581903 -10.922779 -2.347040 -14.238185 9.655640 -6.064947 6.512776
2.949581 -20.240526 2.871056 -1.011863 27.875114 -1.546823 11.270868 2.594432 1.607125 1.008131 -15.038952 0.489436 -5.171502 -8.408584 9.967946 9.258303 11.583742 1.320591 -21.485971 -1.897887 7.873191 17.053665 -3.213110 9.995166 -10.301030 -1.990145 -14.693555 9.675390 -5.864791 5.268624
3.987374 -19.742899 4.115956 -1.156264 27.530605 -2.041176 11.644398 3.226561 2.512683 1.200423 -14.302181 0.106908 -5.592525 -9.109550 9.671325 9.022897 10.162609 2.330311 -21.770105 -2.081289 7.996071 16.621580 -3.441351 10.306317 -9.582832 -1.659504 -15.020097 9.731541 -5.727008 4.177176
5.480363 -19.411987 5.290098 -1.183337 27.009819 -2.345558 12.135828 3.864629 3.421375 1.376428 -13.838995 -0.052185 -5.916886 -9.997653 9.142389 9.190405 8.036172 4.054996 -21.724791 -1.335001 8.145385 16.277384 -3.680202 10.702249 -9.004214 -1.358739 -15.273765 9.722419 -5.579808 3.154995
6.677848 -19.214905 6.157048 -0.922177 26.475134 -2.352374 12.521467 4.870302 3.713476 1.301292 -13.503769 -0.255374 -6.188740 -10.846385 8.558813 9.443237 6.011965 6.051824 -21.561960 -0.173888 8.343548 15.844135 -3.811489 11.082487 -8.439869 -1.007880 -15.622525 9.656679 -5.388631 2.314126
7.420668 -19.200499 6.782516 -0.698745 25.880291 -2.385119 12.804595 5.901345 3.932749 1.110354 -13.301752 -0.448901 -6.756122 -11.335727 8.036050 9.439483 4.935008 7.604972 -21.342840 0.473832 8.560254 15.449834 -3.955280 11.542101 -7.957399 -0.648711 -15.850105 9.552914 -5.163089 1.573396
7.735333 -19.257410 7.178472 -0.411175 25.509056 -2.408805 13.039449 6.921697 3.880538 1.037901 -13.002583 -0.629455 -7.465978 -11.595606 7.867518 9.143078 4.678521 8.658301 -21.205675 0.656390 8.646055 15.060082 -4.175120 11.950265 -7.613271 -0.382439 -15.878648 9.608068 -4.889723 1.067018
8.082087 -19.377996 7.739970 0.181969 25.145512 -2.232124 13.441785 7.750331 3.734320 0.912144 -12.650838 -0.695263 -8.274219 -11.571813 7.802317 8.763803 4.797549 9.066072 -21.084291 0.373625 8.685644 14.640814 -4.372277 12.278022 -7.294397 -0.185843 -15.893806 9.762573 -4.604594 0.750889
7.862155 -19.647440 8.156297 0.738756 24.556107 -2.075044 13.969219 8.537914 3.405787 0.653189 -12.264453 -0.909997 -9.041829 -11.589712 7.880917 8.135011 5.250277 9.257779 -21.099859 -0.325819 8.651964 14.185187 -4.672105 12.460338 -7.073816 -0.058960 -15.817271 9.967769 -4.295825 0.576611
7.362589 -19.865381 8.456939 1.066932 24.044231 -2.154921 14.434412 9.265242 3.224420 0.366151 -11.999218 -1.064284 -9.671092 -11.635022 7.884213 7.642828 5.348658 9.516801 -21.148169 -0.924320 8.612101 13.843956 -5.022984 12.597150 -6.951118 0.054221 -15.679547 10.054861 -4.020761 0.311145
6.723285 -20.039667 8.583955 1.281867 23.593317 -2.444691 14.862969 10.035063 2.993449 0.188333 -11.800558 -1.248487 -10.076665 -11.769584 7.941482 7.172321 5.367652 9.739874 -21.251938 -1.417753 8.579058 13.479729 -5.304995 12.769990 -6.869048 0.156713 -15.557982 10.132868 -3.775199 0.151456
6.184897 -20.075613 8.553567 1.299652 23.388470 -2.819433 15.016593 10.607725 2.897678 0.022547 -11.569448 -1.409054 -10.465833 -11.959535 7.986546 6.709075 5.331192 9.993457 -21.350584 -1.799251 8.504515 13.177720 -5.589552 12.856053 -6.934782 0.222557 -15.327481 10.180178 -3.542736 0.134395
5.688117 -20.166351 8.449111 1.291812 23.202671 -3.102954 15.124578 11.093297 2.767539 -0.165771 -11.449680 -1.440167 -10.818453 -12.070252 7.913454 6.496833 5.189859 10.215425 -21.371058 -2.049771 8.440012 12.910657 -5.826729 12.929464 -6.950683 0.279743 -15.135812 10.251163 -3.345268 0.146087
5.368653 -20.292015 8.315135 1.192212 23.045994 -3.288490 15.166056 11.403149 2.744801 -0.334138 -11.426890 -1.419432 -11.185956 -12.082806 7.782804 6.325886 5.141550 10.322825 -21.356699 -2.354187 8.402616 12.706927 -6.034840 13.022400 -6.953047 0.349371 -14.956111 10.287703 -3.171227 0.128026
5.234641 -20.417845 8.245917 1.109875 22.912445 -3.419264 15.203530 11.582603 2.790449 -0.473882 -11.432991 -1.397556 -11.431892 -12.066024 7.696012 6.206152 5.161669 10.374993 -21.339247 -2.564156 8.366293 12.550712 -6.139754 13.042796 -6.964313 0.393767 -14.836040 10.336679 -3.054980 0.243042
5.163333 -20.498365 8.213080 1.034099 22.834307 -3.477073 15.214126 11.691235 2.842664 -0.562509 -11.455130 -1.387241 -11.593696 -12.046146 7.621398 6.142935 5.165104 10.419403 -21.323160 -2.684860 8.343688 12.466706 -6.213216 13.061751 -6.992723 0.411261 -14.746396 10.349510 -2.987979 0.287449
5.171082 -20.511698 8.211322 1.024799 22.825514 -3.495987 15.231992 11.715135 2.857996 -0.570031 -11.455844 -1.389699 -11.607390 -12.053351 7.615732 6.139630 5.159262 10.438445 -21.318338 -2.681409 8.350580 12.458978 -6.230558 13.089584 -6.991265 0.424969 -14.720914 10.338136 -2.968106 0.264749
