-4.606749 -20.655331 -1.951414 -3.848221 29.953859 -3.154145 8.629075 -1.647617 0.161649 0.226770 -20.868698 4.237782 -7.240679 -1.697352 9.548199 9.818743 16.534491 -0.265679 -18.130030 -0.736077 6.796506 18.527079 -4.715714 8.645507 -14.305005 -3.281460 -11.613575 8.150385 -6.276015 9.164431
-5.024147 -20.798292 -2.225738 -4.219812 30.142834 -3.405261 8.358108 -2.198313 0.479935 0.103695 -21.090311 4.607193 -7.617700 -1.250462 9.606639 9.761688 17.075644 -0.278991 -17.817812 -0.530933 6.672626 18.447523 -5.009422 8.511474 -14.605815 -3.325864 -11.283570 8.114870 -6.200810 9.428286
-5.912878 -21.187757 -3.046775 -4.898937 30.281197 -3.885663 7.956112 -2.810428 0.824429 -0.241387 -21.532591 5.340570 -8.413047 -0.459772 9.483075 9.800956 18.047352 -0.287796 -17.221048 -0.166332 6.468352 18.196413 -5.578133 8.164815 -15.138439 -3.539861 -10.866569 7.961407 -6.256663 9.733384
-7.030799 -21.397221 -3.633132 -5.845015 29.896725 -4.788121 7.319662 -3.038457 1.278748 -1.031643 -22.175564 6.224077 -8.871162 0.641691 9.977558 9.672697 19.558807 -0.265013 -16.540609 0.643997 6.163153 17.692915 -6.627952 7.739268 -15.837490 -3.815030 -10.245588 7.614327 -6.276887 10.095850
-8.132463 -21.179178 -3.210346 -6.337938 29.399916 -5.429029 6.445923 -2.598606 1.505848 -2.143884 -22.616928 7.229435 -9.896588 1.444555 10.222618 9.336403 20.241413 0.243949 -15.847150 1.466328 5.746828 17.215309 -7.602870 7.383288 -16.166937 -3.993534 -9.729594 7.732039 -6.096560 10.594631
-8.888845 -21.033018 -2.648604 -7.213243 29.119301 -5.544289 5.305904 -2.066765 2.083999 -3.132718 -23.199718 7.997087 -10.941109 2.124916 9.866277 8.920486 20.247320 1.298702 -15.302265 2.021502 5.277512 16.812838 -8.838881 6.690558 -16.631565 -4.263361 -9.480433 7.728702 -5.918024 10.946088
-8.568460 -20.918184 -2.845083 -8.155318 29.385971 -5.509556 3.543440 -1.113947 2.641633 -3.679773 -23.897219 8.567866 -11.997767 2.274564 8.921775 8.454597 19.894964 2.701782 -14.839103 2.697891 4.891516 16.248222 -9.896905 5.943125 -16.882771 -4.293634 -9.381092 7.725334 -5.631209 11.207460
-8.189086 -20.958794 -3.139619 -9.187641 29.290611 -5.326518 2.270897 0.076776 3.047621 -4.243758 -24.453163 8.729129 -12.972739 2.329726 7.925883 7.929619 19.404039 3.741375 -14.622657 2.948634 4.547132 15.743384 -10.713888 5.430714 -17.058615 -4.193524 -9.103740 7.759908 -5.233019 11.822615
-7.906432 -20.957275 -3.428257 -9.615421 29.383368 -5.236972 1.534139 0.804108 3.140141 -4.589016 -24.854883 8.872375 -13.571187 2.241515 7.246964 7.598397 18.843214 4.620184 -14.518106 2.852017 4.354172 15.448698 -11.296297 5.131918 -17.201706 -4.105516 -8.943167 7.618940 -5.066638 12.065656
-7.863408 -20.984997 -3.482841 -9.820572 29.341387 -5.152442 1.173230 1.121301 3.203893 -4.860699 -25.043869 8.893485 -13.996192 2.231060 6.859343 7.429346 18.547823 5.034969 -14.451798 2.716837 4.256713 15.247602 -11.631712 4.972146 -17.204018 -4.033510 -8.887263 7.588589 -4.944768 12.152350
-7.735882 -20.905153 -3.653002 -9.744120 29.511673 -5.233370 1.159132 1.020713 3.114276 -4.733136 -25.084314 8.909981 -13.731683 2.239738 6.973946 7.504844 18.545237 4.912497 -14.507377 2.806101 4.375627 15.377769 -11.477322 4.940653 -17.255831 -4.055738 -8.991835 7.492141 -5.018303 12.041483
-6.842173 -20.064287 -4.418266 -8.393757 30.933102 -5.682276 1.940518 -0.339000 2.305313 -3.323284 -24.848030 8.546884 -11.212159 1.648862 8.399570 7.882521 18.373312 3.850701 -15.375836 3.573872 5.604844 16.307817 -10.113279 4.799366 -17.315531 -4.218486 -10.247352 6.804261 -5.706747 10.679005
-5.737864 -18.113565 -5.064112 -4.868400 33.175339 -6.316757 3.887614 -1.318956 -0.506843 -0.264254 -23.424271 6.694852 -5.995646 0.760147 12.387712 8.050917 18.122149 1.562453 -17.494129 5.666502 7.446420 18.152178 -7.231144 5.926510 -16.766563 -4.200347 -11.814260 5.738772 -7.064573 8.511853
-0.116208 -18.766706 -4.774606 1.914900 32.751053 -8.549361 5.671364 0.330610 -4.136298 2.010798 -19.157703 1.822188 -2.950442 -2.470500 17.411972 5.461123 17.899237 0.121313 -20.361940 8.711802 6.443997 17.306267 -3.972696 10.533237 -16.658449 -5.990322 -13.142226 5.842721 -9.861409 3.240841
9.626726 -18.237917 -2.524614 6.189640 30.950214 -11.464769 7.237086 1.995140 -3.579481 2.827923 -12.571407 -1.905736 -3.034782 -4.611316 24.881367 1.859192 18.925806 -0.644215 -22.844011 7.806980 5.346996 14.222202 -2.422370 16.084269 -16.235786 -7.319014 -12.894635 6.509555 -11.711919 -3.162562
14.135592 -18.557741 -1.038168 6.037077 28.680933 -14.139467 12.037518 4.453267 -3.241874 6.706357 -5.924741 -4.472274 -5.189819 -7.242492 28.807812 -0.152806 16.704292 0.038031 -24.703318 7.766521 6.465517 11.581853 -0.695093 19.096169 -15.181840 -5.777006 -13.470018 6.966864 -10.691035 -3.718632
17.316206 -19.948967 0.385449 4.911418 25.461927 -15.600992 16.962498 6.484738 -2.543215 10.185588 -1.441404 -6.655819 -7.346539 -10.065196 31.108150 -1.375836 13.354916 1.536396 -26.355902 7.898444 6.789251 7.504905 1.811777 22.250399 -14.527197 -4.506487 -14.181159 8.261977 -8.969286 -3.064730
16.205843 -23.226725 0.553418 4.919127 21.703468 -16.432579 21.129845 8.258681 -2.179133 10.491611 0.918807 -7.779467 -10.253213 -11.478670 30.297419 -1.515207 11.019366 3.124944 -26.701319 6.732302 6.593799 3.766952 2.748766 23.270016 -14.189450 -3.143762 -14.727427 9.433121 -6.982018 -0.761571
15.632354 -26.554308 0.770539 4.110941 18.831486 -16.505476 23.678585 7.963953 -1.381998 10.248980 1.593793 -7.964126 -12.787269 -10.907130 30.382013 -2.131708 10.417685 5.095397 -25.970987 6.163440 6.376131 1.176785 2.384474 24.131315 -13.775426 -2.330369 -14.358457 10.484656 -5.490705 0.200417
15.247602 -27.914194 0.912692 4.025514 17.437397 -16.618704 25.076279 8.043535 -1.204723 10.385009 2.424171 -7.675756 -15.108510 -10.123836 30.192276 -2.559425 10.455529 6.101127 -24.892330 5.920524 5.970699 -0.625486 2.212479 24.648666 -13.382724 -1.820620 -14.265870 11.305254 -4.570816 0.921368
15.150254 -28.163509 0.963003 4.025717 17.178272 -16.611017 25.339689 8.090390 -1.194674 10.382697 2.605243 -7.566619 -15.508120 -9.994331 30.200817 -2.612421 10.471151 6.226869 -24.683252 5.863035 5.888536 -0.954009 2.150038 24.638750 -13.277638 -1.730077 -14.242936 11.501668 -4.394799 1.153412
15.133531 -28.493164 1.274772 4.200529 16.757288 -16.517664 25.861244 8.267885 -1.217132 10.412117 2.877766 -7.582261 -15.898976 -10.143964 30.046406 -2.630532 10.147265 6.762685 -24.427223 6.118003 5.907125 -1.285850 2.200472 24.736240 -13.035790 -1.618936 -14.266626 11.751332 -4.273726 1.302894
15.061018 -28.964659 1.857488 4.388393 16.091614 -16.243361 26.495686 8.615438 -1.184728 10.324574 3.449785 -7.602590 -16.606609 -10.527908 29.838129 -2.591270 9.573775 7.660083 -24.082773 6.564093 5.885129 -1.880965 2.342743 24.810184 -12.605448 -1.453787 -14.307829 12.283551 -4.026687 1.758023
14.791432 -29.542295 2.495492 4.518094 15.250569 -15.744995 26.859726 9.300955 -1.229971 9.945944 4.176963 -7.281479 -17.896624 -11.055417 29.403761 -2.162371 8.654154 8.738523 -23.493755 7.246170 5.726632 -2.701018 2.287219 24.804247 -11.921936 -1.226654 -14.145291 13.159594 -3.710145 2.440249
14.631751 -30.421080 3.201815 4.351295 14.403722 -14.848526 27.283871 10.598391 -1.414942 9.389383 4.594645 -7.397708 -19.114838 -11.669322 28.073690 -1.566701 7.967710 10.126909 -22.901392 7.798636 5.408931 -3.503396 1.711356 24.703300 -11.064771 -1.139490 -13.789820 14.131840 -3.370531 2.636493
14.388019 -31.149054 3.663181 3.523020 13.327395 -14.600754 26.992828 12.298717 -1.048933 8.267469 4.600287 -7.314121 -20.403700 -12.050525 26.101509 -0.602350 7.238329 11.331368 -22.283976 8.321048 4.986510 -4.120850 0.679920 24.366589 -10.087840 -1.107677 -13.181178 15.256552 -3.022999 2.735887
14.073554 -31.506681 3.971714 2.569869 12.507294 -14.221587 26.137089 13.762329 -0.571033 6.953132 4.699368 -7.031619 -21.815929 -12.000973 23.714249 0.578380 6.202621 11.962884 -21.479059 8.721060 4.332207 -4.340250 -0.695528 23.813906 -9.349493 -1.359035 -12.414853 16.095551 -2.795231 2.571437
13.522093 -31.203182 4.424415 1.836562 11.624705 -14.310472 24.922939 15.310930 0.220677 5.562623 4.733253 -6.683353 -23.197693 -12.016181 21.237282 1.911846 4.932496 12.277297 -20.715302 9.302191 3.682420 -4.647305 -1.762124 23.368587 -8.776930 -1.434189 -11.884569 16.712732 -2.569211 2.873888
13.034801 -30.902357 4.519079 1.328758 11.384524 -14.579104 24.003319 16.432564 0.569705 4.662272 4.787211 -6.441346 -24.100496 -11.704143 19.883801 2.554644 4.400122 12.453261 -20.142385 9.549979 3.382993 -4.701979 -2.386525 23.080542 -8.510795 -1.403893 -11.518012 16.971161 -2.472494 3.090879
12.851013 -30.700956 4.609547 0.960029 11.382489 -14.769234 23.450134 16.977674 0.858020 4.171452 4.557690 -6.329893 -24.598923 -11.496670 19.003990 3.041148 3.987751 12.570392 -19.869776 9.613381 3.258387 -4.639956 -2.745811 22.906723 -8.452783 -1.422411 -11.359842 17.066553 -2.452109 3.047025
12.827191 -30.673971 4.620364 0.910419 11.396861 -14.785359 23.374725 17.032803 0.888928 4.111598 4.547673 -6.327259 -24.653595 -11.463487 18.960449 3.069304 3.949353 12.607537 -19.841166 9.621911 3.246530 -4.640687 -2.779464 22.889416 -8.447581 -1.427390 -11.342105 17.077328 -2.449236 3.044853
12.826908 -30.674490 4.619699 0.909261 11.397029 -14.783286 23.374769 17.032543 0.888743 4.111747 4.546106 -6.327119 -24.651722 -11.462682 18.960197 3.069099 3.949314 12.606198 -19.841982 9.619523 3.246678 -4.641112 -2.778720 22.887983 -8.446816 -1.427115 -11.342394 17.078938 -2.448830 3.046790
12.831134 -30.677183 4.616549 0.911167 11.397017 -14.784432 23.376051 17.034290 0.887646 4.113023 4.548585 -6.325953 -24.653597 -11.460485 18.959839 3.072846 3.943290 12.600730 -19.842150 9.623038 3.244138 -4.644006 -2.775484 22.888865 -8.449378 -1.430048 -11.343247 17.081158 -2.450192 3.047915
12.833836 -30.676733 4.616614 0.909885 11.398076 -14.782911 23.376848 17.034531 0.888576 4.114703 4.552392 -6.326023 -24.656111 -11.456304 18.960266 3.075760 3.942296 12.593089 -19.841307 9.627506 3.244218 -4.642888 -2.777791 22.890314 -8.449018 -1.429556 -11.340609 17.079750 -2.451040 3.046426
12.838791 -30.679470 4.616525 0.910041 11.399262 -14.783659 23.378576 17.035196 0.891208 4.113199 4.553551 -6.325746 -24.658207 -11.456191 18.955790 3.082410 3.930812 12.591765 -19.839275 9.632200 3.243811 -4.642653 -2.780228 22.892651 -8.448855 -1.429480 -11.337316 17.077316 -2.452292 3.043995
12.836549 -30.676897 4.621440 0.909819 11.399407 -14.781305 23.379505 17.033947 0.891651 4.114883 4.553091 -6.334007 -24.655172 -11.464300 18.944237 3.086319 3.925473 12.593921 -19.838459 9.634098 3.243658 -4.641528 -2.780544 22.892450 -8.448135 -1.428597 -11.337734 17.077263 -2.451254 3.044308
12.837706 -30.683710 4.613315 0.910245 11.396508 -14.783001 23.378639 17.036089 0.886675 4.115677 4.552579 -6.336618 -24.654701 -11.464871 18.941692 3.090018 3.918809 12.594127 -19.838217 9.637326 3.242534 -4.642309 -2.777093 22.890907 -8.449406 -1.431730 -11.339621 17.080385 -2.452296 3.044913
6.593486 -31.600517 4.483701 -0.307510 16.112675 -0.399450 23.231712 15.523116 5.232642 1.359706 -4.551388 -2.502540 -21.996159 -20.092140 3.970566 -1.065917 1.515191 20.119576 -21.055412 1.775533 4.792688 2.386199 -5.843070 16.946938 -5.711822 7.352381 -14.380848 13.557798 2.232885 5.787345
6.593486 -31.600517 4.483701 -0.307510 16.112675 -0.399450 23.231712 15.523116 5.232642 1.359706 -4.551388 -2.502540 -21.996159 -20.092140 3.970566 -1.065917 1.515191 20.119576 -21.055412 1.775533 4.792688 2.386199 -5.843070 16.946938 -5.711822 7.352381 -14.380848 13.557798 2.232885 5.787345
6.593486 -31.600517 4.483701 -0.307510 16.112675 -0.399450 23.231712 15.523116 5.232642 1.359706 -4.551388 -2.502540 -21.996159 -20.092140 3.970566 -1.065917 1.515191 20.119576 -21.055412 1.775533 4.792688 2.386199 -5.843070 16.946938 -5.711822 7.352381 -14.380848 13.557798 2.232885 5.787345
5.946264 -29.292109 6.687275 0.467800 15.174781 -1.518374 24.707386 14.904048 4.204878 -1.237083 -5.362956 -3.230655 -20.588428 -14.462147 8.648016 2.210843 1.486364 20.726887 -19.670252 -1.462944 7.663985 4.144570 -6.527813 16.076559 -4.395654 4.407935 -13.441753 14.977621 3.029037 6.365479
6.070235 -29.315647 6.558299 0.718398 15.022758 -1.701255 24.998760 14.820244 3.973319 -1.599647 -5.359648 -3.171929 -20.657701 -14.569278 8.488046 2.188432 1.715756 20.662239 -19.700750 -1.675228 7.683842 4.378027 -6.554005 16.239000 -4.475471 4.303402 -13.647584 14.690434 2.724652 6.527205
6.086468 -29.338099 6.548219 0.732839 15.010859 -1.714877 24.989716 14.818038 3.966100 -1.608306 -5.322324 -3.166356 -20.677029 -14.550492 8.543399 2.171548 1.742875 20.650867 -19.711596 -1.652919 7.676677 4.372818 -6.547697 16.247223 -4.474961 4.302122 -13.656869 14.690092 2.712303 6.531987
6.088603 -29.337854 6.547637 0.732527 15.008310 -1.713737 24.990572 14.817452 3.964181 -1.611519 -5.322394 -3.166631 -20.676800 -14.551207 8.543605 2.172478 1.742274 20.650530 -19.710630 -1.653466 7.669898 4.370819 -6.548971 16.246765 -4.478038 4.305280 -13.659906 14.685440 2.710587 6.533571
6.095348 -29.325972 6.521980 0.718251 15.016559 -1.716693 25.003784 14.819422 3.957732 -1.582619 -5.317327 -3.210781 -20.673542 -14.595031 8.473415 2.171612 1.776998 20.668358 -19.700926 -1.646935 7.681477 4.364606 -6.533360 16.249907 -4.482420 4.322499 -13.669945 14.673607 2.720212 6.559302
6.071948 -29.321180 6.529641 0.712512 15.018201 -1.706310 25.017057 14.820854 3.958337 -1.577667 -5.335732 -3.208344 -20.665030 -14.597693 8.447832 2.180356 1.751583 20.674852 -19.699827 -1.657326 7.665850 4.367155 -6.540421 16.247101 -4.482123 4.302712 -13.665351 14.689173 2.707772 6.539580
6.071948 -29.321180 6.529641 0.712512 15.018201 -1.706310 25.017057 14.820854 3.958337 -1.577667 -5.335732 -3.208344 -20.665030 -14.597693 8.447832 2.180356 1.751583 20.674852 -19.699827 -1.657326 7.665850 4.367155 -6.540421 16.247101 -4.482123 4.302712 -13.665351 14.689173 2.707772 6.539580
6.081237 -29.318178 6.520236 0.705664 15.020614 -1.708091 25.014290 14.822404 3.959968 -1.573580 -5.319625 -3.215209 -20.671764 -14.597528 8.464950 2.174664 1.772730 20.670753 -19.700048 -1.641825 7.676148 4.362685 -6.536424 16.252417 -4.483530 4.317313 -13.667665 14.675484 2.716087 6.549304
6.081237 -29.318178 6.520236 0.705664 15.020614 -1.708091 25.014290 14.822404 3.959968 -1.573580 -5.319401 -3.215294 -20.671818 -14.597488 8.465138 2.174428 1.773325 20.670609 -19.700083 -1.641828 7.676035 4.362452 -6.536299 16.252520 -4.483531 4.317292 -13.667818 14.675577 2.716153 6.549280
6.095422 -29.323616 6.523927 0.717321 15.018651 -1.718866 25.002468 14.818676 3.961449 -1.585001 -5.317844 -3.213447 -20.672720 -14.594968 8.470776 2.172131 1.778738 20.669035 -19.700117 -1.643237 7.678824 4.370198 -6.535226 16.245317 -4.478909 4.318499 -13.666114 14.679697 2.717359 6.559542
