2.986069 -18.705473 9.264685 -3.061130 20.568459 -8.341548 12.465023 15.118158 -2.421305 7.339050 -16.167320 4.362035 -12.145638 -24.680893 12.273223 6.099136 1.080354 5.070186 -9.710956 0.568609 8.354975 12.474337 -6.202134 13.092538 -6.969874 0.414081 -14.755799 10.352671 -2.992155 0.245689
3.177712 -18.615433 9.378945 -2.928017 20.665871 -8.281722 12.558021 14.967741 -2.458935 7.486369 -16.087921 4.259316 -11.879603 -24.804623 12.412344 6.093541 1.041621 5.169110 -9.781144 0.825834 8.407661 12.579335 -6.090086 13.117838 -6.927088 0.397964 -14.862000 10.331177 -3.067426 0.150895
3.523966 -18.515924 9.583243 -2.765432 20.769684 -8.158530 12.711214 14.753485 -2.483247 7.720112 -15.998293 4.114748 -11.549101 -24.940355 12.604934 6.064739 1.084062 5.244835 -9.870923 1.110460 8.491219 12.758095 -5.878191 13.137875 -6.882454 0.351082 -15.033402 10.298362 -3.215723 0.034600
4.111808 -18.377750 9.938777 -2.426194 20.921579 -7.971413 12.873214 14.394746 -2.531958 8.059973 -16.077034 4.117258 -11.092982 -24.973654 12.740972 6.225397 1.125085 5.204391 -9.913045 1.497369 8.628033 12.991399 -5.540384 13.189857 -6.789166 0.306984 -15.280383 10.256043 -3.415466 -0.088101
4.798819 -18.199001 10.281581 -2.099022 21.126133 -7.691982 12.870827 13.879334 -2.539275 8.358435 -16.124813 4.086372 -10.571355 -25.118643 12.866611 6.368503 1.007746 5.342792 -9.980472 2.051347 8.762754 13.347629 -5.187206 13.167468 -6.761296 0.261353 -15.537236 10.129785 -3.658155 -0.163406
5.553004 -18.061361 10.515344 -1.771968 21.379732 -7.345321 12.939687 13.263051 -2.586609 8.683530 -16.315882 4.158268 -9.880128 -25.176493 12.901200 6.709318 0.916195 5.342835 -10.012635 2.856988 8.900520 13.652486 -4.809185 13.219333 -6.760811 0.205258 -15.780055 9.990003 -3.903863 -0.254705
6.162225 -17.781218 10.517648 -1.493196 21.866463 -7.043918 12.695612 12.572145 -2.702974 8.936329 -16.438393 4.219807 -9.230018 -25.357777 12.892838 7.027900 0.646014 5.405236 -10.102746 3.632907 9.032630 14.023255 -4.402962 13.207311 -6.895714 0.138071 -15.942983 9.786419 -4.161532 -0.171466
6.287098 -17.387381 10.256110 -1.354446 22.471386 -6.907912 12.254619 11.843925 -2.796763 9.175428 -16.689907 4.164963 -8.375395 -25.563007 12.988002 7.218876 0.404965 5.458161 -10.284735 4.400834 9.113132 14.442426 -4.083313 13.034995 -7.109242 -0.013234 -16.043839 9.591494 -4.446496 -0.003350
6.055956 -17.322401 9.957213 -1.214810 22.833336 -6.930344 12.191900 11.126354 -2.867818 9.460316 -16.997128 4.131118 -7.583750 -25.654263 12.973829 7.388402 0.318688 5.181405 -10.515800 4.728301 9.166374 14.919810 -3.752608 12.905689 -7.384368 -0.190919 -16.063513 9.390455 -4.720818 0.123296
5.604395 -17.248064 9.584058 -1.128041 23.166275 -6.995482 12.120267 10.567368 -3.020512 9.650328 -17.221081 3.945691 -6.907683 -25.773102 13.150252 7.282424 0.813907 4.630437 -10.804379 4.616226 9.167893 15.401456 -3.567896 12.682107 -7.649180 -0.397471 -16.047361 9.294476 -4.965370 0.275171
5.004315 -17.019737 9.315442 -1.038164 23.553484 -7.033545 11.979578 10.056044 -3.256325 9.792276 -17.569183 3.786264 -6.353086 -25.525053 13.345443 7.153483 1.567653 3.801632 -11.083136 4.134536 9.170259 15.877986 -3.396868 12.383827 -7.963531 -0.615862 -16.023169 9.227591 -5.210654 0.575634
4.539359 -16.790348 9.173572 -0.845875 23.906317 -6.875968 11.915274 9.525218 -3.526111 9.947009 -17.828945 3.720731 -5.991843 -25.162216 13.615685 7.054430 2.412283 2.912908 -11.330195 3.533152 9.123219 16.277460 -3.284323 12.125911 -8.282755 -0.808940 -15.977078 9.183447 -5.394938 0.911590
4.028465 -16.622284 8.964890 -0.785973 24.306616 -6.618136 11.702295 8.990327 -3.773034 9.985765 -18.217787 3.676517 -5.554545 -24.759674 13.954552 6.906652 3.356540 2.053861 -11.586833 3.022748 9.149396 16.768721 -3.176767 12.011352 -8.664645 -1.019467 -15.871878 9.007607 -5.620298 1.058776
3.543134 -16.567648 8.605313 -0.775635 24.714588 -6.272611 11.436148 8.480471 -4.077713 9.986584 -18.388304 3.644454 -5.062932 -24.483097 14.380168 6.843588 3.997977 1.444492 -11.763508 2.975619 9.142714 17.137300 -3.164216 11.940084 -9.004413 -1.162903 -15.754872 8.772589 -5.815711 1.163032
3.175289 -16.533325 8.206721 -0.849229 25.103920 -6.002216 11.080988 8.088684 -4.312814 9.939548 -18.450575 3.620107 -4.704282 -24.174601 14.713530 6.807163 4.898867 0.630186 -11.882827 2.805495 9.147508 17.464499 -3.198808 11.882003 -9.287910 -1.321988 -15.643034 8.546577 -6.003881 1.174994
2.852432 -16.583097 7.743171 -0.941756 25.424601 -5.847036 10.859957 7.650312 -4.478399 9.959576 -18.638525 3.706776 -4.393392 -23.839287 14.950556 6.787057 5.605208 -0.003773 -11.950258 2.652817 9.117285 17.704203 -3.181893 11.829422 -9.617684 -1.478898 -15.557077 8.376945 -6.130868 1.352449
2.635859 -16.660616 7.327845 -1.037049 25.647270 -5.810367 10.766726 7.257880 -4.585815 10.000200 -18.765339 3.689700 -4.073187 -23.656429 15.196486 6.712342 6.094604 -0.339643 -12.039960 2.632765 9.077490 17.836695 -3.219614 11.749457 -9.792055 -1.574166 -15.494063 8.290793 -6.199975 1.517387
2.427442 -16.724264 6.981231 -1.102910 25.800406 -5.859181 10.705027 6.968575 -4.679234 10.030641 -18.868397 3.748314 -3.877378 -23.477451 15.368340 6.672330 6.467748 -0.632323 -12.068126 2.585799 9.036777 17.880131 -3.254005 11.680467 -9.923945 -1.637640 -15.421815 8.242332 -6.244100 1.651246
2.318674 -16.751232 6.723248 -1.183136 25.911526 -5.851515 10.650389 6.791420 -4.742189 10.078977 -18.934902 3.802999 -3.767500 -23.376034 15.404803 6.718780 6.608607 -0.772664 -12.056190 2.623525 9.051005 17.945169 -3.265380 11.684339 -10.083681 -1.705427 -15.361900 8.134203 -6.309838 1.665837
2.262017 -16.776865 6.644442 -1.230324 25.922382 -5.848344 10.653069 6.738810 -4.750615 10.094380 -18.951447 3.818589 -3.758793 -23.353592 15.393921 6.729003 6.650603 -0.808290 -12.042485 2.626494 9.047048 17.952429 -3.274911 11.671096 -10.140192 -1.724256 -15.334493 8.101053 -6.327496 1.693059
2.144019 -16.777855 6.369946 -1.311151 26.063038 -5.852955 10.645449 6.555019 -4.819125 10.195805 -18.978809 3.801728 -3.578363 -23.316940 15.513111 6.707330 6.814962 -0.914091 -12.072739 2.724902 9.066957 18.033457 -3.258959 11.682229 -10.287488 -1.777956 -15.238523 8.015209 -6.377066 1.736517
1.873368 -16.764227 5.638316 -1.461136 26.442223 -5.896076 10.657053 6.135833 -5.032066 10.470798 -19.073269 3.769342 -3.083673 -23.172073 15.965027 6.546488 7.180879 -1.119137 -12.184669 2.963864 9.147989 18.183752 -3.190522 11.757754 -10.631007 -1.924832 -15.083544 7.790985 -6.535728 1.746000
1.539634 -16.701498 4.547606 -1.645986 27.025196 -6.029886 10.536624 5.636574 -5.347497 10.803610 -19.424154 3.896857 -2.493721 -22.742817 16.577713 6.276092 7.847605 -1.439109 -12.253978 3.135499 9.184000 18.230082 -3.148674 11.809484 -10.998003 -2.039930 -14.944806 7.536007 -6.704391 1.863093
0.895074 -16.502632 3.303680 -2.034282 27.802246 -6.613627 9.857233 5.245502 -5.509196 10.836082 -19.874598 4.133616 -1.738289 -22.088657 17.462765 6.158719 8.695844 -1.807365 -12.270989 3.635840 9.265547 18.461954 -3.076368 11.873958 -11.602412 -2.220178 -14.633813 7.130920 -6.950842 2.053584
-0.097939 -16.323309 2.098884 -2.312252 28.358643 -8.145218 9.463444 4.976788 -5.620285 10.828571 -20.720167 4.642335 -1.054950 -21.237083 17.986732 5.954591 9.811965 -2.210702 -12.123951 3.955249 9.458832 18.676779 -2.776296 11.949780 -12.175254 -2.247587 -14.536506 6.542138 -7.189799 2.321365
-0.600444 -16.125938 0.731534 -1.962109 29.187496 -9.850603 8.453053 4.552858 -6.071908 10.497299 -21.735399 5.633919 -0.625919 -19.700302 19.331707 5.815217 10.134311 -2.477144 -11.938995 4.491776 9.262138 19.011477 -2.890225 11.869666 -12.895391 -2.538942 -14.241157 5.999774 -7.574680 2.522539
-0.762430 -13.940507 -0.832518 -3.104816 30.731487 -16.770247 8.541862 2.450826 -4.385810 12.125059 -23.302876 7.917603 -0.132477 -17.089054 22.333504 5.053610 9.288654 -3.016003 -12.284243 5.272496 9.078473 20.558348 -3.777191 11.125476 -12.906026 -3.319988 -13.411084 5.870244 -8.339607 1.813201
-2.097034 -9.813137 -1.976421 -4.649542 33.614239 -23.370813 8.035068 0.836272 -2.466855 13.554087 -24.802357 10.384032 -0.808109 -14.071300 24.497160 4.779934 7.221077 -3.476310 -12.121316 7.167979 8.902506 21.452915 -5.020248 10.125924 -12.886483 -4.438141 -12.184335 6.049064 -9.309100 0.889119
-1.919502 -8.246211 -1.905817 -5.461757 35.780579 -23.817762 5.526854 0.052878 -0.623799 11.643697 -27.624641 11.642419 -1.791406 -12.144927 23.358507 4.366130 6.074624 -3.195900 -11.521701 9.338326 9.153206 21.444794 -6.422985 8.850630 -13.109754 -5.450517 -11.071650 6.194014 -10.041205 0.545295
-0.588328 -7.440598 -0.700077 -4.974163 36.752159 -22.599028 2.122642 0.466594 0.453163 8.778585 -29.422382 11.953994 -2.512525 -11.432366 22.297398 3.458988 5.873412 -1.973039 -11.094956 11.150605 9.292686 20.878365 -8.049079 7.361490 -13.147637 -5.973117 -10.160470 6.559796 -10.313116 0.570345
1.253720 -7.583224 0.197707 -3.784857 37.253120 -20.471308 -1.347950 1.150180 0.736301 5.246716 -31.895355 10.824791 -3.001940 -11.733268 18.790024 3.356302 4.833223 -0.057938 -10.866103 12.322426 9.523592 20.074694 -10.155858 5.813451 -13.194650 -6.366476 -9.590514 6.582551 -10.268931 0.209434
0.965773 -6.564257 1.022624 -2.323843 37.916012 -19.159002 -3.967589 1.870043 0.313698 2.690727 -34.034985 10.523207 -3.847732 -11.656509 15.786513 3.138640 3.996472 1.143289 -10.593328 12.054812 9.737184 19.347008 -12.061495 4.622761 -12.936679 -6.254411 -9.312297 6.553981 -9.952262 -0.157064
0.615228 -5.610130 1.854109 -1.825097 38.255184 -18.085413 -6.384607 2.627550 0.666323 0.150372 -35.917728 10.097128 -4.707218 -11.690286 13.154262 2.132129 3.920504 3.222817 -10.316123 11.631409 9.928871 18.486807 -14.090420 3.875255 -12.506279 -5.909615 -9.069407 6.548603 -9.359332 -0.721451
1.045409 -4.649955 3.123671 -2.052359 38.338745 -17.032347 -8.097205 3.384386 1.639828 -2.054339 -38.307838 9.968120 -5.758733 -11.335681 10.677646 1.057350 4.164634 6.035969 -9.547360 11.641243 9.931319 17.735456 -15.990157 3.575136 -12.102268 -5.327930 -8.568301 6.365574 -8.803447 -1.142228
2.158771 -4.507390 3.184035 -1.589308 38.511894 -16.766302 -11.188725 4.835781 1.442347 -4.703744 -39.713276 9.721724 -6.806713 -12.116956 8.292616 0.092385 3.796186 9.186248 -8.773168 10.917869 10.001831 17.090811 -17.332592 3.666972 -11.783761 -4.580582 -8.144370 5.882574 -8.191360 -1.593470
2.720450 -4.894746 3.104835 -1.273406 38.508308 -16.684542 -13.616428 6.211295 1.535877 -6.880342 -39.775928 9.084216 -7.941010 -12.969286 6.650776 -0.092180 2.279959 11.384252 -8.394126 11.117426 9.784079 16.601110 -18.571207 3.544987 -11.540979 -4.252233 -7.791020 5.657039 -7.781690 -2.043643
3.687309 -5.417744 3.021300 -0.653515 38.263412 -16.561840 -15.544260 7.259943 1.494462 -8.530766 -39.083782 8.202570 -9.515935 -13.853795 5.246059 -0.214994 1.703257 13.234099 -7.826005 11.438028 9.520548 16.042753 -19.397987 3.296396 -11.547033 -3.974524 -7.590861 5.430769 -7.460289 -2.181428
4.568884 -6.026996 2.841722 -0.296242 38.058659 -16.182642 -16.628014 7.882792 1.540765 -9.542448 -38.769821 7.677485 -10.314172 -14.379580 4.485654 -0.079583 0.919890 13.971734 -7.551231 11.761020 9.371969 15.598111 -20.295673 3.147426 -11.399437 -3.759189 -7.392075 5.349833 -7.157445 -2.688760
5.002475 -6.534846 2.921911 -0.169010 37.711277 -16.070261 -17.296993 8.165321 1.700471 -10.343584 -38.319172 7.273967 -10.968184 -14.792510 3.999062 -0.095595 0.723953 14.525337 -7.425186 11.918013 9.235524 15.430993 -20.615992 2.989049 -11.415057 -3.684028 -7.259095 5.331645 -7.041330 -2.615618
5.148814 -6.707737 2.994659 -0.063474 37.545666 -16.048811 -17.602127 8.338832 1.763250 -10.791245 -38.262928 7.138400 -11.203958 -14.885381 3.789835 -0.120966 0.564121 14.770760 -7.360803 11.962982 9.156495 15.319539 -20.751383 2.887399 -11.477473 -3.690203 -7.235579 5.295057 -7.010901 -2.582052
5.135106 -6.654134 2.972516 -0.040814 37.634327 -16.030024 -17.570515 8.287223 1.712858 -10.695154 -38.273621 7.151747 -11.122127 -14.852078 3.869562 -0.140402 0.694887 14.673225 -7.383291 11.972393 9.198664 15.352776 -20.732111 2.907097 -11.507106 -3.712357 -7.230675 5.258193 -7.033457 -2.605080
5.111001 -6.550153 2.892610 0.097478 37.795845 -16.041183 -17.434479 8.198786 1.564900 -10.491390 -38.338905 7.104393 -10.948882 -14.823132 4.013720 -0.227222 1.053777 14.539953 -7.400176 12.009193 9.280067 15.411213 -20.670849 3.014059 -11.508712 -3.718014 -7.247934 5.198133 -7.080534 -2.684135
5.008942 -6.394890 2.879540 0.203480 37.985744 -16.022787 -17.140728 8.154051 1.383647 -10.204032 -38.394398 7.128211 -10.742787 -14.788484 4.136482 -0.278359 1.447615 14.369358 -7.414547 12.037242 9.399239 15.461598 -20.643614 3.179363 -11.556048 -3.758171 -7.292572 5.044743 -7.169912 -2.861309
4.906256 -6.380095 2.548666 0.392159 38.281864 -15.951700 -16.921207 7.973207 1.005302 -9.971225 -38.808640 7.143668 -10.255639 -14.557615 4.356658 -0.362740 1.873289 14.167726 -7.490973 12.077987 9.511306 15.606505 -20.457371 3.341706 -11.776213 -3.880256 -7.289933 4.784877 -7.356569 -2.823648
4.823768 -6.430104 2.211762 0.773994 38.564156 -15.893600 -16.715406 7.692530 0.552981 -9.840947 -39.027775 6.975239 -9.724832 -14.429349 4.766116 -0.555319 2.425805 14.073211 -7.658210 12.091379 9.707172 15.896351 -20.071077 3.593737 -12.002556 -3.989619 -7.272479 4.478477 -7.591793 -2.669569
4.565650 -6.592921 1.797485 1.403965 38.775917 -15.835904 -16.355579 7.296597 -0.164670 -9.667932 -39.304478 6.902252 -9.129893 -14.293820 5.040357 -0.617276 3.148560 13.733581 -7.805933 12.127279 9.987764 16.109531 -19.983727 3.884157 -12.108762 -4.085652 -7.292177 4.227066 -7.756113 -2.904465
4.293720 -6.791197 1.087363 1.864551 38.974323 -15.650382 -15.737105 6.571367 -0.954899 -9.026663 -39.432121 6.611296 -8.442604 -14.257234 5.551420 -0.750889 4.097261 13.326560 -7.957695 12.196323 10.237849 16.544172 -19.676729 4.329459 -12.335149 -4.269444 -7.194344 3.967680 -8.077361 -2.999034
4.045267 -7.057216 0.631151 2.137688 39.185158 -15.567336 -15.087509 5.949478 -1.541812 -8.518722 -39.798115 6.358496 -7.422251 -14.038279 6.113400 -0.769989 4.924125 12.522762 -8.313195 12.159250 10.385706 16.983438 -19.365980 4.629055 -12.456097 -4.547360 -7.176888 3.904945 -8.440375 -3.076335
3.917822 -7.382318 0.252364 2.615854 39.392418 -15.277180 -14.614132 5.657487 -2.184929 -8.191643 -40.136356 6.245062 -6.474595 -13.814266 6.618957 -0.679107 5.698921 11.763227 -8.537088 12.183603 10.679098 17.407503 -18.794277 4.942189 -12.935017 -4.821593 -7.055912 3.556203 -8.817679 -2.933631
4.104012 -7.507029 0.336475 3.077606 39.447037 -15.173374 -13.989222 5.089684 -2.464924 -7.536975 -40.508785 6.398005 -5.427073 -13.492467 7.014400 -0.400657 6.209961 10.752671 -8.847031 12.112602 10.756454 17.771334 -18.328135 5.263661 -13.176567 -5.020815 -7.100306 3.375168 -9.203968 -3.050692
4.567796 -7.628905 0.448265 3.376158 39.481392 -15.002890 -13.099270 4.226596 -2.442839 -6.561022 -40.686569 6.306746 -4.344974 -13.317389 7.522903 -0.192348 6.583211 9.844960 -9.174937 12.155585 10.778759 18.140646 -17.740749 5.555420 -13.485322 -5.244957 -7.239980 3.149227 -9.650191 -3.347148
5.430176 -7.766021 0.395613 3.669162 39.464973 -14.682774 -12.433116 3.276386 -2.399734 -5.710003 -40.771709 5.984767 -3.148586 -13.454000 7.699342 0.178363 6.873797 8.947011 -9.516684 12.453904 10.741031 18.214010 -16.998026 6.054265 -13.726762 -5.394405 -7.329213 3.010015 -9.987355 -3.433761
6.187331 -7.962473 0.194866 3.779196 39.547367 -14.237535 -11.838491 2.490565 -2.367461 -4.837540 -40.661617 5.882777 -1.968823 -13.414757 8.285676 0.660956 6.911116 7.872191 -9.917458 12.517536 10.740823 18.456171 -16.443439 6.240601 -13.994613 -5.651720 -7.534004 2.811268 -10.428520 -3.749058
6.826729 -8.575001 -0.042134 3.915783 39.337658 -14.160431 -11.120371 1.745300 -2.349308 -4.133313 -40.494389 5.802396 -0.577148 -13.388953 9.180668 1.019958 6.721239 6.909584 -10.395497 12.690243 10.669080 18.541418 -16.112450 6.532331 -14.196418 -5.814878 -7.673853 2.553591 -10.755069 -4.191149
7.520661 -9.276810 -0.355340 4.241831 39.107742 -13.905170 -10.430413 1.077944 -2.574289 -3.510730 -40.351383 5.613186 0.811233 -13.540925 9.826090 1.271101 6.737866 6.050351 -10.889329 12.743412 10.610077 18.886522 -15.650877 7.012706 -14.443357 -5.965692 -7.736843 2.251395 -11.098803 -4.559598
8.188005 -9.738888 -0.379968 4.653505 38.985310 -13.725797 -9.538785 0.538990 -2.619645 -2.930377 -40.229321 5.430488 1.825984 -13.670371 10.285039 1.430956 6.926548 5.287367 -11.343102 12.792444 10.674959 19.152216 -15.124628 7.517783 -14.643123 -6.020846 -7.873882 2.005193 -11.392280 -4.915475
8.762016 -9.856236 -0.332554 4.955626 38.946148 -13.582484 -8.913752 0.206443 -2.643848 -2.365356 -40.206940 5.266940 2.662886 -13.781503 10.563447 1.627402 6.982132 4.752346 -11.657263 12.888593 10.693276 19.327513 -14.792957 7.769236 -14.869927 -6.095188 -8.021737 1.796435 -11.606773 -5.110856
9.191681 -10.027022 -0.427742 5.137981 38.903099 -13.524213 -8.451175 0.038258 -2.696104 -1.995649 -40.075684 5.154024 3.040224 -13.802901 10.874576 1.763882 6.897048 4.397268 -11.846569 12.963329 10.657651 19.434052 -14.571835 7.995549 -15.013692 -6.098317 -8.045160 1.675575 -11.722768 -5.215391
9.452196 -10.095513 -0.518542 5.181670 38.894783 -13.502476 -8.161829 -0.015285 -2.722623 -1.734101 -39.889317 5.023756 3.290982 -13.901223 11.182702 1.792961 6.708079 4.251353 -12.020114 12.971825 10.591312 19.589760 -14.362988 8.268723 -15.062593 -6.116597 -8.061650 1.584173 -11.831101 -5.348572
9.538137 -10.162095 -0.526295 5.249997 38.877136 -13.463169 -8.040388 -0.057315 -2.742900 -1.653601 -39.840366 4.950233 3.400822 -13.916648 11.258429 1.824392 6.711395 4.183473 -12.066405 12.973953 10.577134 19.640181 -14.281515 8.320176 -15.086942 -6.127807 -8.085296 1.556928 -11.861584 -5.373773
9.538168 -10.162240 -0.526180 5.250093 38.877064 -13.463199 -8.040328 -0.057362 -2.742828 -1.653737 -39.840366 4.950233 3.400822 -13.916648 11.258429 1.824392 6.711395 4.183473 -12.066405 12.973953 10.577134 19.640181 -14.281515 8.320176 -15.086942 -6.127807 -8.085296 1.556928 -11.861584 -5.373773
9.538490 -10.163626 -0.527076 5.250702 38.876724 -13.463175 -8.040483 -0.056545 -2.743635 -1.654519 -39.838516 4.952047 3.400350 -13.917231 11.257357 1.825544 6.710765 4.181763 -12.066477 12.974916 10.577354 19.640423 -14.281743 8.320476 -15.086780 -6.127792 -8.084680 1.556645 -11.861563 -5.373638
9.538490 -10.163626 -0.527076 5.250702 38.876724 -13.463175 -8.040483 -0.056545 -2.743635 -1.654519 -39.838516 4.952047 3.400350 -13.917231 11.257357 1.825544 6.710765 4.181763 -12.066477 12.974916 10.577354 19.640423 -14.281743 8.320476 -15.086780 -6.127792 -8.084680 1.556645 -11.861563 -5.373638
9.538490 -10.163626 -0.527076 5.250702 38.876724 -13.463175 -8.040483 -0.056545 -2.743635 -1.654519 -39.838516 4.952047 3.400350 -13.917231 11.257357 1.825544 6.710765 4.181763 -12.066477 12.974916 10.577354 19.640423 -14.281743 8.320476 -15.086780 -6.127792 -8.084680 1.556645 -11.861563 -5.373638
9.538490 -10.163626 -0.527076 5.250702 38.876724 -13.463175 -8.040483 -0.056545 -2.743635 -1.654519 -39.838516 4.952047 3.400350 -13.917231 11.257357 1.825544 6.710765 4.181763 -12.066477 12.974916 10.577354 19.640423 -14.281743 8.320476 -15.086780 -6.127792 -8.084680 1.556645 -11.861563 -5.373638
9.538490 -10.163626 -0.527076 5.250702 38.876724 -13.463175 -8.040483 -0.056545 -2.743635 -1.654519 -39.838516 4.952047 3.400350 -13.917231 11.257357 1.825544 6.710765 4.181763 -12.066477 12.974916 10.577354 19.640423 -14.281743 8.320476 -15.086780 -6.127792 -8.084680 1.556645 -11.861563 -5.373638
9.538490 -10.163626 -0.527076 5.250702 38.876724 -13.463175 -8.040483 -0.056545 -2.743635 -1.654519 -39.838516 4.952047 3.400350 -13.917231 11.257357 1.825544 6.710765 4.181763 -12.066477 12.974916 10.577354 19.640423 -14.281743 8.320476 -15.086780 -6.127792 -8.084680 1.556645 -11.861563 -5.373638
9.531364 -10.152200 -0.512575 5.245646 38.873901 -13.475594 -8.029167 -0.066581 -2.733650 -1.644247 -39.827946 4.947551 3.397360 -13.919629 11.263872 1.815973 6.717917 4.184159 -12.064949 12.970228 10.576406 19.637495 -14.289053 8.322261 -15.089368 -6.128245 -8.087494 1.553350 -11.861866 -5.378339
9.531736 -10.153413 -0.519781 5.246974 38.876930 -13.468406 -8.033840 -0.062578 -2.740230 -1.645385 -39.829456 4.949213 3.398515 -13.918878 11.264035 1.817224 6.714115 4.183495 -12.066170 12.970070 10.576283 19.638088 -14.288882 8.322715 -15.088960 -6.127932 -8.087438 1.553315 -11.861886 -5.378566
9.531707 -10.153269 -0.519893 5.246881 38.877007 -13.468374 -8.033902 -0.062533 -2.740302 -1.645251 -39.829403 4.949119 3.398452 -13.918913 11.263957 1.817237 6.714189 4.183520 -12.066108 12.970148 10.576283 19.638088 -14.288882 8.322715 -15.088960 -6.127932 -8.087438 1.553315 -11.861886 -5.378566
9.521895 -10.137527 -0.500618 5.237615 38.876949 -13.465780 -8.026001 -0.073963 -2.730810 -1.630717 -39.823063 4.965165 3.396846 -13.920543 11.258126 1.821398 6.709524 4.170547 -12.068799 12.971371 10.576148 19.637529 -14.288793 8.322054 -15.089247 -6.128384 -8.087605 1.553457 -11.861935 -5.378423
9.531922 -10.151833 -0.512645 5.245776 38.874229 -13.475224 -8.028813 -0.067143 -2.733594 -1.643522 -39.827923 4.947466 3.397365 -13.919620 11.263755 1.815985 6.717879 4.184232 -12.064940 12.970345 10.576406 19.637495 -14.289053 8.322261 -15.089368 -6.128245 -8.087494 1.553350 -11.861866 -5.378339
9.521866 -10.137381 -0.500731 5.237521 38.877022 -13.465748 -8.026061 -0.073919 -2.730884 -1.630583 -39.823063 4.965165 3.396846 -13.920543 11.258126 1.821398 6.709524 4.170547 -12.068799 12.971371 10.576148 19.637529 -14.288793 8.322054 -15.089247 -6.128384 -8.087605 1.553457 -11.861935 -5.378423
9.521895 -10.137527 -0.500618 5.237615 38.876949 -13.465780 -8.026001 -0.073963 -2.730810 -1.630717 -39.823063 4.965165 3.396846 -13.920543 11.258126 1.821398 6.709524 4.170547 -12.068799 12.971371 10.576148 19.637529 -14.288793 8.322054 -15.089247 -6.128384 -8.087605 1.553457 -11.861935 -5.378423
5.876237 -8.936901 -0.319210 0.670996 41.308876 -2.881107 -9.097065 2.166504 -2.726926 4.702361 -35.479107 0.804228 1.871676 -14.807617 12.444118 5.608566 15.803319 4.000194 -6.546867 12.650221 5.859610 17.579338 -10.012762 7.581112 -18.204418 -2.493075 -14.417192 -0.133696 -10.406787 -2.805784
5.876237 -8.936901 -0.319210 0.670996 41.308876 -2.881107 -9.097065 2.166504 -2.726926 4.702361 -35.479107 0.804228 1.871676 -14.807617 12.444118 5.608566 15.803319 4.000194 -6.546867 12.650221 5.859610 17.579338 -10.012762 7.581112 -18.204418 -2.493075 -14.417192 -0.133696 -10.406787 -2.805784
5.876237 -8.936901 -0.319210 0.670996 41.308876 -2.881107 -9.097065 2.166504 -2.726926 4.702361 -35.479107 0.804228 1.871676 -14.807617 12.444118 5.608566 15.803319 4.000194 -6.546867 12.650221 5.859610 17.579338 -10.012762 7.581112 -18.204418 -2.493075 -14.417192 -0.133696 -10.406787 -2.805784
5.876237 -8.936901 -0.319210 0.670996 41.308876 -2.881107 -9.097065 2.166504 -2.726926 4.702361 -35.479107 0.804228 1.871676 -14.807617 12.444118 5.608566 15.803319 4.000194 -6.546867 12.650221 5.859610 17.579338 -10.012762 7.581112 -18.204418 -2.493075 -14.417192 -0.133696 -10.406787 -2.805784
5.876237 -8.936901 -0.319210 0.670996 41.308876 -2.881107 -9.097065 2.166504 -2.726926 4.702361 -35.479107 0.804228 1.871676 -14.807617 12.444118 5.608566 15.803319 4.000194 -6.546867 12.650221 5.859610 17.579338 -10.012762 7.581112 -18.204418 -2.493075 -14.417192 -0.133696 -10.406787 -2.805784
6.242975 -8.079277 -0.743064 0.669543 40.644604 -4.986165 -8.296917 1.669934 -3.903251 3.691045 -35.647488 3.493860 1.678548 -15.766690 11.709986 2.587392 13.678506 3.969722 -9.718276 13.408604 8.251181 18.613359 -10.072788 6.972263 -17.174240 -4.854373 -13.782920 1.446822 -9.946221 -2.147436
6.284811 -7.404389 -0.693005 0.551386 40.308186 -5.470575 -7.830001 1.381462 -4.550562 3.144863 -35.432648 4.290761 1.389334 -16.474499 11.407884 1.304074 13.379521 3.749641 -10.779818 13.777220 8.832115 18.701725 -10.142500 6.750321 -17.023289 -5.502255 -13.327087 1.933294 -9.690394 -1.876990
6.245801 -7.388173 -0.702780 0.705487 39.994629 -5.591004 -7.585841 1.414393 -4.822838 2.867331 -35.417889 4.385666 1.267410 -16.414219 11.318274 1.333943 13.319713 3.740961 -10.813617 13.734304 8.822530 18.945972 -10.038434 6.937928 -17.078676 -5.578431 -13.574255 1.643343 -10.010980 -1.617391
6.223083 -7.403668 -0.655433 0.678528 40.010353 -5.486753 -7.588786 1.433575 -4.775698 2.895725 -35.383949 4.371691 1.266813 -16.455151 11.335908 1.324270 13.397176 3.690554 -10.799157 13.747278 8.775950 18.922182 -10.029113 6.989180 -17.130306 -5.618005 -13.616155 1.618243 -10.055633 -1.664658
6.215452 -7.405211 -0.652227 0.681894 40.011230 -5.476427 -7.585291 1.434264 -4.775490 2.897518 -35.365417 4.363230 1.260370 -16.461868 11.340498 1.322027 13.421514 3.675294 -10.798622 13.757740 8.763422 18.923170 -10.031442 6.993700 -17.131832 -5.624502 -13.625191 1.615636 -10.072701 -1.668520
6.215549 -7.405373 -0.652369 0.681857 40.011147 -5.476350 -7.585261 1.434298 -4.775513 2.897453 -35.365231 4.363074 1.260540 -16.462080 11.340616 1.321944 13.421834 3.675086 -10.798521 13.757740 8.765572 18.923639 -10.031424 6.994602 -17.131111 -5.625969 -13.625803 1.615865 -10.073169 -1.668824
6.213983 -7.404350 -0.648690 0.680349 40.010971 -5.469971 -7.584886 1.433859 -4.775238 2.898227 -35.359661 4.360412 1.259033 -16.468266 11.339034 1.318167 13.432187 3.670531 -10.799951 13.762461 8.771152 18.925241 -10.026445 6.997122 -17.130997 -5.612929 -13.625914 1.607768 -10.067430 -1.657587
6.217507 -7.404052 -0.652241 0.681068 40.008308 -5.476400 -7.583733 1.433728 -4.777415 2.894160 -35.364799 4.363688 1.261901 -16.460161 11.339807 1.320854 13.422588 3.673837 -10.802953 13.757026 8.757797 18.923096 -10.031962 6.997633 -17.133640 -5.621720 -13.627633 1.608694 -10.075913 -1.668974
6.217502 -7.403417 -0.652153 0.681422 40.008095 -5.476583 -7.583318 1.433790 -4.778177 2.893591 -35.364773 4.364080 1.261386 -16.460320 11.339684 1.320126 13.422690 3.673922 -10.803264 13.757113 8.757797 18.923096 -10.031962 6.997633 -17.133640 -5.621720 -13.627633 1.608694 -10.075913 -1.668974
6.216272 -7.402121 -0.640174 0.680175 40.006947 -5.456485 -7.580111 1.435432 -4.776466 2.893128 -35.352180 4.352481 1.255149 -16.471916 11.331300 1.320967 13.443978 3.671280 -10.801290 13.765689 8.770291 18.927996 -10.020949 7.007607 -17.138355 -5.605312 -13.634192 1.591354 -10.068099 -1.661981
6.218863 -7.404793 -0.646897 0.682304 40.006195 -5.463713 -7.583015 1.435656 -4.778643 2.891566 -35.368443 4.357637 1.260561 -16.465324 11.330146 1.323888 13.424739 3.685260 -10.799342 13.757189 8.762089 18.925371 -10.028665 7.001467 -17.138035 -5.618949 -13.628999 1.602049 -10.075738 -1.670784
6.218207 -7.403929 -0.646386 0.682555 40.007256 -5.464306 -7.583323 1.435182 -4.778963 2.892042 -35.366558 4.357658 1.260611 -16.465731 11.330255 1.321485 13.427876 3.683898 -10.798823 13.757610 8.763817 18.927225 -10.027890 6.999863 -17.136496 -5.617157 -13.629234 1.601974 -10.074174 -1.668393
6.218207 -7.403929 -0.646386 0.682555 40.007256 -5.464306 -7.583323 1.435182 -4.778963 2.892042 -35.366558 4.357658 1.260611 -16.465731 11.330255 1.321485 13.427876 3.683898 -10.798823 13.757610 8.763817 18.927225 -10.027890 6.999863 -17.136496 -5.617157 -13.629234 1.601974 -10.074174 -1.668393
6.218207 -7.403929 -0.646386 0.682555 40.007256 -5.464306 -7.583323 1.435182 -4.778963 2.892042 -35.366558 4.357658 1.260611 -16.465731 11.330255 1.321485 13.427876 3.683898 -10.798823 13.757610 8.763817 18.927225 -10.027890 6.999863 -17.136496 -5.617157 -13.629234 1.601974 -10.074174 -1.668393
6.218207 -7.403929 -0.646386 0.682555 40.007256 -5.464306 -7.583323 1.435182 -4.778963 2.892042 -35.366558 4.357658 1.260611 -16.465731 11.330255 1.321485 13.427876 3.683898 -10.798823 13.757610 8.763817 18.927225 -10.027890 6.999863 -17.136496 -5.617157 -13.629234 1.601974 -10.074174 -1.668393
6.214059 -7.402390 -0.641400 0.680788 40.007050 -5.457661 -7.580633 1.434993 -4.777656 2.892787 -35.352955 4.352483 1.255389 -16.471485 11.331559 1.320959 13.443611 3.671544 -10.801307 13.765688 8.770291 18.927996 -10.020949 7.007607 -17.138355 -5.605312 -13.634192 1.591354 -10.068099 -1.661981
6.214059 -7.402390 -0.641400 0.680788 40.007050 -5.457661 -7.580633 1.434993 -4.777656 2.892787 -35.352726 4.352426 1.255415 -16.471598 11.331576 1.320772 13.443913 3.671427 -10.801299 13.765676 8.770291 18.927996 -10.020949 7.007607 -17.138355 -5.605312 -13.634192 1.591354 -10.068099 -1.661981
6.214157 -7.402553 -0.641541 0.680751 40.006969 -5.457582 -7.580602 1.435027 -4.777679 2.892720 -35.352726 4.352426 1.255415 -16.471598 11.331576 1.320772 13.443913 3.671427 -10.801299 13.765676 8.770291 18.927996 -10.020949 7.007607 -17.138355 -5.605312 -13.634192 1.591354 -10.068099 -1.661981
6.214955 -7.402633 -0.644428 0.681427 40.007271 -5.458561 -7.582339 1.435135 -4.778757 2.892068 -35.353138 4.351510 1.255602 -16.471886 11.331765 1.319405 13.446101 3.672029 -10.800948 13.765720 8.768015 18.926558 -10.025162 7.004224 -17.136669 -5.610092 -13.629050 1.596960 -10.071171 -1.662657
6.214955 -7.402633 -0.644428 0.681427 40.007271 -5.458561 -7.582339 1.435135 -4.778757 2.892068 -35.353138 4.351510 1.255602 -16.471886 11.331765 1.319405 13.446101 3.672029 -10.800948 13.765720 8.768015 18.926558 -10.025162 7.004224 -17.136669 -5.610092 -13.629050 1.596960 -10.071171 -1.662657
6.214955 -7.402633 -0.644428 0.681427 40.007271 -5.458561 -7.582339 1.435135 -4.778757 2.892068 -35.353138 4.351510 1.255602 -16.471886 11.331765 1.319405 13.446101 3.672029 -10.800948 13.765720 8.768015 18.926558 -10.025162 7.004224 -17.136669 -5.610092 -13.629050 1.596960 -10.071171 -1.662657
