12.295797 7.957261 -0.976792 -7.042253 29.126646 -8.344223 0.878165 -5.616962 -16.870850 -9.300611 -31.264215 -1.761842 2.227450 -4.080710 6.815158 2.655113 17.268667 7.945832 -21.146618 9.242540 8.764417 18.878511 -10.111569 6.965837 -17.139759 -5.616941 -13.619904 1.595207 -10.052882 -1.669926
11.844105 7.754156 -1.064780 -7.167249 29.012932 -7.954224 0.449145 -5.385359 -17.080433 -9.717634 -31.364143 -1.686294 1.919018 -4.057701 6.476807 2.489269 17.854002 7.925275 -21.006411 9.124501 8.754699 18.764917 -10.367138 6.698281 -17.112638 -5.652068 -13.615338 1.665440 -9.974771 -1.600059
11.339956 7.700128 -1.143690 -7.635040 28.942760 -7.344054 -0.219274 -4.787588 -17.207993 -10.178772 -31.593773 -1.642003 1.505377 -4.156546 5.922966 2.138966 18.336674 8.281873 -20.833960 8.834604 8.774361 18.685219 -10.651571 6.464459 -17.001570 -5.665902 -13.632161 1.702422 -9.894700 -1.589221
10.605046 7.730002 -1.308989 -8.093623 28.963474 -6.826480 -1.220269 -4.066431 -17.517199 -10.813202 -31.506851 -1.604415 0.450318 -4.147169 5.293730 1.633602 19.128614 8.499008 -20.516325 8.524115 8.804759 18.578653 -11.120802 6.133600 -16.841919 -5.648005 -13.529044 1.762767 -9.728818 -1.527407
9.798796 7.996488 -1.497111 -8.544922 29.037083 -6.536223 -2.418869 -3.347768 -17.867950 -11.496515 -31.635212 -1.644520 -0.943633 -4.136199 4.257253 1.194977 19.746128 9.225287 -20.025391 8.215154 8.766877 18.266562 -11.844439 5.615501 -16.655056 -5.618881 -13.482907 1.921763 -9.502742 -1.433809
8.609702 8.334104 -1.418464 -8.832535 28.969719 -6.359052 -3.469460 -2.443951 -18.075056 -12.452995 -31.801424 -1.582470 -2.635224 -3.923525 3.357762 0.643440 20.392221 10.143209 -19.431347 7.815017 8.790162 17.846827 -12.430195 5.111553 -16.468609 -5.525783 -13.531634 2.084026 -9.246295 -1.324757
7.600426 8.999675 -1.313563 -8.882433 29.201857 -6.552650 -4.357586 -1.732794 -18.257153 -13.130466 -31.951244 -1.363796 -4.166693 -4.029171 2.204261 0.150060 20.777641 11.325551 -18.817375 7.353804 8.848247 17.584579 -12.965322 4.713508 -16.310856 -5.473086 -13.454127 2.302787 -8.978699 -1.050666
7.044052 9.259781 -1.374909 -8.960812 29.284386 -6.987329 -5.222057 -0.935660 -18.432884 -13.840609 -32.151291 -1.139242 -5.323359 -4.079274 1.375258 -0.402166 20.629942 12.652817 -18.354715 6.890358 8.799801 17.205866 -13.705355 4.271990 -16.014101 -5.394467 -13.295373 2.648413 -8.587037 -0.864614
6.668461 9.528357 -1.701800 -9.053814 29.595814 -7.806384 -6.311661 -0.058994 -18.652023 -14.509950 -32.199104 -0.688959 -6.332220 -4.063728 1.135295 -0.900138 19.877575 14.107043 -18.031115 6.411446 8.790088 16.760965 -14.544121 3.670084 -15.823485 -5.323769 -13.296410 2.929597 -8.235982 -0.757940
6.169328 9.456055 -2.140089 -9.382486 29.399424 -8.766255 -6.891259 0.663194 -18.637955 -15.030960 -32.067268 -0.322076 -7.307638 -4.421128 0.559752 -1.103276 19.252865 15.275370 -17.614723 6.101893 8.806641 16.252954 -15.315355 3.224386 -15.425492 -5.156092 -13.180260 3.339990 -7.767435 -0.546859
6.241830 9.266728 -2.441991 -9.711628 29.216658 -9.732793 -7.374050 1.138655 -18.364933 -15.334866 -31.607872 0.088849 -8.228441 -4.761485 0.582324 -1.341440 18.256468 16.486446 -17.232092 6.140324 8.739829 15.904415 -15.860956 2.759991 -15.106423 -4.999625 -13.175841 3.692886 -7.370573 -0.365467
6.562999 9.069685 -2.602484 -10.018287 28.936556 -10.383631 -8.020913 1.862749 -18.069933 -15.704237 -31.262238 0.392627 -9.057446 -5.040299 0.296670 -1.441582 17.272440 17.615061 -16.979774 5.993074 8.526961 15.413291 -16.578583 2.247807 -14.671704 -4.842133 -13.347459 4.117856 -6.980310 -0.381098
6.922891 8.671043 -2.657656 -10.002775 28.540922 -10.992161 -8.594149 2.563487 -17.789543 -16.176521 -30.922371 0.595357 -9.973090 -5.111540 0.054280 -1.444848 16.209105 18.648899 -16.712271 5.928323 8.405096 15.044356 -17.030092 1.919178 -14.467671 -4.622362 -13.401677 4.316016 -6.612919 -0.327559
7.563052 8.444328 -2.843694 -10.484148 28.306570 -11.643946 -9.122229 3.185786 -17.315731 -16.457802 -30.500271 0.992790 -10.764768 -5.111193 0.118320 -1.235567 14.985417 19.189894 -16.546549 5.926127 8.158145 14.633322 -17.543062 1.461994 -14.219460 -4.551850 -13.468261 4.668052 -6.277221 -0.268699
7.907138 8.159784 -2.778041 -11.071375 27.996933 -11.906362 -9.399908 3.549166 -16.708961 -16.668907 -29.994463 0.918940 -11.433383 -5.375359 -0.081582 -1.066607 14.106511 19.704739 -16.421629 5.996790 7.976141 14.491957 -17.841391 1.175168 -13.979429 -4.415524 -13.431075 4.984813 -6.038288 -0.059271
8.200869 7.851008 -2.734999 -11.490856 27.685532 -12.055614 -9.433387 3.822232 -16.255383 -16.751461 -29.658319 1.034556 -11.916011 -5.461127 -0.221305 -0.796862 13.244979 19.975746 -16.312515 6.138990 7.819744 14.200740 -18.299723 0.944372 -13.760667 -4.286403 -13.441379 5.259668 -5.722995 -0.090066
8.384878 7.538678 -2.752344 -11.816339 27.477009 -12.017797 -9.682848 4.078857 -15.977180 -17.016012 -29.268148 0.995670 -12.272922 -5.665974 -0.443658 -0.567017 12.643979 20.165684 -16.249241 6.208254 7.677058 13.953925 -18.534229 0.775107 -13.642111 -4.175277 -13.521640 5.441179 -5.503890 -0.072502
8.571092 7.217180 -2.689821 -12.115599 27.284733 -11.939620 -9.807159 4.260696 -15.695466 -17.206297 -29.040218 0.999327 -12.452828 -5.745320 -0.545897 -0.459807 12.275384 20.223915 -16.238340 6.249349 7.556126 13.844266 -18.631903 0.637552 -13.633855 -4.144464 -13.506694 5.561577 -5.428578 0.046371
8.765959 7.046453 -2.641475 -12.327763 27.152374 -11.909443 -9.871895 4.383908 -15.493219 -17.322981 -28.906965 1.035933 -12.592750 -5.835794 -0.629869 -0.443679 12.148513 20.260326 -16.235727 6.197563 7.462101 13.767800 -18.726503 0.555651 -13.633117 -4.130068 -13.471723 5.635140 -5.385698 0.123778
8.806650 6.957998 -2.604866 -12.371431 27.072493 -11.869984 -9.887771 4.439831 -15.422633 -17.402803 -28.841557 1.042269 -12.646060 -5.898272 -0.678665 -0.453970 12.109721 20.300402 -16.242765 6.166971 7.426942 13.733327 -18.764664 0.541571 -13.608974 -4.115678 -13.466203 5.661506 -5.375023 0.128833
8.631784 7.219920 -2.616880 -12.245750 27.256510 -11.836408 -9.811893 4.243785 -15.613297 -17.162491 -28.987032 1.086092 -12.502479 -5.792362 -0.573920 -0.461769 12.314963 20.209036 -16.260164 6.079110 7.524049 13.768332 -18.626797 0.660428 -13.648874 -4.142944 -13.491666 5.598283 -5.406514 0.094078
8.349497 7.826341 -2.627316 -12.058136 27.504316 -11.874882 -9.362601 3.970002 -16.014431 -16.556171 -29.513645 1.237701 -12.046619 -5.454361 -0.191334 -0.721342 13.155081 19.916290 -16.348829 5.812180 7.699027 13.929958 -18.411634 0.941355 -13.740525 -4.273379 -13.430812 5.467793 -5.559928 -0.008743
7.653835 8.391357 -2.250887 -11.920534 27.724644 -11.411453 -8.463262 3.593114 -16.540054 -15.841179 -30.094759 1.224682 -11.349076 -5.376988 -0.221017 -1.098441 14.700622 19.380199 -16.447803 5.304608 7.934211 14.210505 -17.626959 1.490058 -14.314316 -4.564122 -13.355367 5.014603 -6.056729 0.082183
6.680748 8.965203 -1.558817 -11.605728 28.060705 -10.428607 -7.158666 2.688766 -17.055006 -15.003386 -30.739017 1.478066 -9.943583 -5.160130 0.211576 -1.278143 16.691549 17.779251 -16.861765 4.779429 8.271899 14.534357 -16.688139 2.362388 -14.774705 -4.670329 -13.258025 4.544066 -6.427881 0.086180
6.219074 9.370928 -0.677090 -11.639997 28.097691 -9.525286 -5.063395 1.308842 -17.083147 -13.716240 -30.890945 1.187212 -8.682784 -4.748365 0.915996 -1.134601 18.439108 15.560336 -17.342150 4.913035 8.394382 14.923052 -15.509833 3.419920 -15.451427 -4.721758 -13.270370 3.884474 -6.826572 0.180615
5.660899 9.207178 0.467571 -11.707851 27.583235 -8.301361 -2.492483 -0.024136 -16.690651 -12.434423 -30.307186 0.596277 -7.276710 -4.120797 2.292530 -0.632973 19.719646 12.339620 -18.038893 5.450005 8.415453 15.344308 -14.257773 4.479535 -16.018143 -4.840637 -13.372985 3.388216 -7.341358 0.332895
5.140550 9.013311 1.508351 -11.327164 27.131935 -7.723694 0.218079 -1.509941 -16.204933 -10.928954 -28.860748 0.423035 -5.813820 -4.294052 4.134711 0.823055 18.704865 9.422082 -18.927837 6.390766 8.631833 16.049534 -12.344685 5.515143 -16.408762 -4.721234 -13.723334 2.911533 -7.687239 0.823802
5.259258 8.542931 2.880886 -10.057240 26.763107 -7.612832 3.313121 -2.694576 -15.920978 -9.435370 -27.248507 -0.167703 -4.415219 -5.020843 4.960197 2.894281 17.494570 7.036851 -19.648878 8.025253 8.931296 16.171822 -9.748837 7.411997 -17.291260 -4.210658 -13.777188 1.882290 -8.177938 1.603377
5.149063 8.543106 2.816448 -9.244501 26.754564 -8.692158 7.355022 -4.172760 -15.376292 -6.980966 -23.949154 -1.287277 -3.802495 -5.292030 8.067382 5.013481 14.485074 6.148039 -20.033630 10.239717 9.461819 16.354513 -7.194099 9.319710 -17.657492 -3.533566 -13.958741 1.294109 -8.370866 2.095106
3.313678 7.793745 1.442096 -9.831774 26.501339 -9.918436 12.005827 -4.578931 -15.282201 -4.440837 -21.070330 -1.547616 -3.683138 -5.483921 10.701367 6.258080 13.318450 4.850053 -19.931746 11.576347 9.886508 16.164568 -4.568725 11.187793 -17.949173 -3.093256 -13.923839 1.358200 -8.611178 2.763894
1.819314 6.348272 1.631027 -9.589931 25.070967 -11.184885 15.797935 -4.998879 -15.280448 -3.222668 -19.559526 -1.880752 -3.326966 -5.399864 12.158878 7.214446 12.723370 3.293686 -20.262964 11.058166 10.361288 15.835959 -2.501629 12.356200 -17.905594 -3.040519 -14.068767 2.016446 -8.580863 3.629335
2.620276 4.263193 2.448453 -8.551668 22.997311 -12.103854 18.435318 -4.873870 -15.100947 -3.046199 -19.044508 -2.468420 -2.017579 -5.565160 12.732041 8.603636 10.881183 2.144016 -21.162130 8.663874 10.740771 15.200167 -0.727252 13.185332 -17.386608 -2.856077 -14.369181 3.333486 -8.285531 4.559309
4.415148 2.457515 2.814217 -7.976859 21.512836 -11.419036 19.399673 -5.109685 -15.077188 -2.996454 -17.818033 -3.229576 -1.380339 -6.150713 13.252293 8.616080 10.825343 1.344251 -21.785826 6.360514 11.023458 14.448290 0.420879 13.602605 -16.695789 -2.676714 -14.728938 4.638345 -7.861815 5.259293
5.946958 1.232318 4.284017 -7.611691 20.072998 -9.711287 19.012421 -4.394203 -14.953897 -3.758593 -16.278519 -4.336655 -1.590747 -7.255070 13.096610 8.724114 11.016507 0.973526 -22.201143 5.226938 11.116037 13.535592 1.206353 14.013946 -15.849838 -2.572526 -14.906396 6.166572 -7.449162 5.712718
6.482019 1.140380 6.312058 -7.217398 19.297117 -7.063023 19.446098 -4.248121 -14.612291 -3.826817 -14.986308 -5.502625 -1.910366 -8.567430 12.283046 8.731932 11.083533 0.958127 -22.545940 4.536620 11.207916 12.725468 1.713962 14.005358 -15.222690 -2.474503 -15.297942 7.147218 -7.175773 5.990605
6.942987 1.252581 8.228102 -6.923169 18.502857 -5.316465 19.497786 -4.165639 -14.020335 -4.222830 -13.643786 -6.978774 -2.792602 -10.096752 10.737663 8.944195 10.897716 1.447005 -22.675848 4.760003 11.176035 12.043477 1.956003 13.969511 -14.748769 -2.371923 -15.655004 7.774203 -6.968299 6.099319
7.409834 1.243483 9.781867 -7.230220 17.739193 -4.789166 20.609501 -3.954161 -12.957549 -4.152822 -13.161613 -7.243268 -3.558478 -10.757884 9.763754 9.139250 9.900821 1.706609 -22.821795 4.498196 11.077560 11.205424 2.120939 14.024688 -14.288828 -2.231754 -16.061590 8.302240 -6.784069 6.058036
7.701370 1.363176 11.180286 -7.388323 17.189007 -4.309704 21.352791 -3.797282 -12.114384 -4.132360 -12.824149 -7.502860 -4.056500 -11.279193 9.287614 9.197903 9.376641 2.045688 -22.986074 4.545291 11.004359 10.684503 2.225469 14.093349 -14.052083 -2.109534 -16.240210 8.611944 -6.640446 6.121315
7.823680 1.336596 12.090153 -7.496185 16.694981 -4.411053 21.688416 -3.586726 -11.533114 -4.333211 -12.613741 -7.566329 -4.551565 -11.524179 8.838469 9.324217 8.999134 2.251019 -22.980453 4.638454 10.982627 10.257857 2.243934 14.116391 -13.805764 -1.963574 -16.396296 8.802996 -6.515805 6.125107
7.940012 1.385193 12.398194 -7.529825 16.660999 -4.518750 21.673004 -3.417566 -11.381356 -4.400166 -12.617481 -7.529833 -4.732561 -11.557312 8.721875 9.316260 8.779842 2.385713 -22.986265 4.589865 10.957375 10.100745 2.238096 14.125723 -13.685143 -1.922137 -16.468073 8.900656 -6.486227 6.100263
8.013485 1.403548 12.488371 -7.529850 16.654436 -4.500183 21.680197 -3.373469 -11.342860 -4.396394 -12.617211 -7.533085 -4.745312 -11.571994 8.685920 9.318565 8.724707 2.418244 -22.990332 4.593132 10.956993 10.077040 2.228483 14.137986 -13.649909 -1.908510 -16.487188 8.916985 -6.479063 6.067196
8.221945 1.392774 12.852307 -7.491433 16.505363 -4.404365 21.836777 -3.203166 -11.194385 -4.367962 -12.586419 -7.565635 -4.852463 -11.702970 8.560985 9.273240 8.553485 2.610230 -23.008097 4.618984 10.941119 9.958375 2.208361 14.143159 -13.534529 -1.858107 -16.547886 8.986136 -6.435285 6.023686
8.502350 1.432474 13.188062 -7.335224 16.411114 -4.477254 21.934183 -2.987366 -11.128310 -4.327974 -12.519826 -7.636846 -4.984601 -11.880925 8.397271 9.246422 8.326743 2.829764 -23.036278 4.674260 10.959124 9.867776 2.180276 14.189094 -13.426040 -1.815807 -16.610039 9.005548 -6.411063 5.882479
8.964811 1.372267 13.495498 -7.025360 16.211718 -4.711311 22.097805 -2.669769 -11.055470 -4.282953 -12.338780 -7.687214 -5.287670 -12.140560 8.165340 9.258550 7.959387 3.133424 -23.034021 4.721014 10.942129 9.711823 2.126367 14.226203 -13.283525 -1.765798 -16.680283 9.076317 -6.369802 5.723860
9.247532 1.510472 14.040183 -6.899559 15.975381 -5.227037 22.473528 -2.165881 -10.703055 -4.180778 -12.093459 -7.627250 -5.697533 -12.414342 7.911419 9.359360 7.213045 3.564854 -23.008314 4.844358 10.950908 9.485024 2.061640 14.288503 -13.075127 -1.660239 -16.787827 9.150355 -6.285521 5.516519
9.414888 1.647958 14.454219 -6.968731 15.673603 -5.651577 22.935499 -1.524925 -10.356590 -4.001051 -11.892307 -7.515210 -6.197268 -12.467864 7.482014 9.508686 6.270680 4.210492 -22.776007 4.985813 10.862885 9.212045 1.960340 14.345659 -12.820732 -1.576234 -16.836124 9.341271 -6.194560 5.346030
10.056785 1.689077 14.702005 -7.549928 15.372160 -6.019942 22.676903 -0.692509 -9.714541 -4.320592 -11.552507 -7.571669 -6.529165 -12.729535 7.097244 9.645214 5.477476 4.934428 -22.607821 5.416250 10.902788 8.946509 1.858967 14.484408 -12.612958 -1.427465 -16.878572 9.350919 -6.072295 5.071164
11.015738 1.343107 14.697373 -7.896461 14.764018 -5.704621 23.034668 -0.063620 -9.254467 -4.324051 -11.257452 -7.433536 -6.977873 -12.981557 6.525903 10.013090 4.466196 5.768026 -22.267815 6.122755 10.972569 8.569917 1.729549 14.654313 -12.326588 -1.164836 -16.972279 9.354263 -5.847013 4.835430
11.920065 1.152512 14.837507 -8.071774 14.397942 -5.512725 23.005375 0.652322 -9.047104 -4.505486 -11.032133 -7.360957 -7.321404 -13.278766 6.326627 10.158794 3.515784 6.642947 -22.101324 6.776469 11.048068 8.196841 1.525112 14.827834 -12.185528 -0.948752 -17.017010 9.229862 -5.640450 4.563645
12.755301 1.171766 15.463150 -7.933031 14.174212 -4.727395 22.911274 1.346447 -8.960382 -4.803447 -10.694508 -7.098745 -8.091345 -13.540540 5.997471 10.473162 2.862605 7.486541 -21.814898 7.430209 11.055842 7.848468 1.306680 15.064711 -12.002345 -0.749065 -16.957659 9.212460 -5.413531 4.310113
13.152048 1.352379 15.972459 -7.735558 14.034639 -4.342540 22.605242 1.910523 -8.957665 -5.190508 -10.400428 -6.874766 -8.993318 -13.692704 5.497404 10.762262 2.415237 7.974760 -21.563528 7.633144 11.067773 7.478988 1.112657 15.269202 -11.843266 -0.556764 -16.922607 9.207222 -5.181224 4.164584
13.423730 1.563386 16.520821 -7.414322 13.840554 -4.351874 22.406691 2.935205 -9.075667 -5.520245 -10.049547 -6.887478 -9.884377 -13.776772 5.364759 10.504366 2.582503 8.248410 -21.469198 7.211686 11.095146 7.023767 0.834297 15.450292 -11.698915 -0.347062 -16.893917 9.169453 -4.918870 4.010432
13.435506 1.424218 17.061172 -7.307652 13.339326 -4.751394 22.671303 4.031822 -9.002237 -5.797410 -9.833479 -6.812281 -10.814685 -13.544379 5.207618 10.232157 2.952628 8.161102 -21.332952 6.402989 11.093493 6.583044 0.546884 15.645533 -11.556167 -0.146708 -16.784695 9.184065 -4.628820 3.844621
12.851517 1.246453 17.201702 -7.632373 12.918476 -5.435080 22.602339 5.297491 -8.912011 -6.254990 -9.530781 -6.890946 -11.624904 -13.415014 5.118316 9.795307 3.357705 8.082196 -21.296387 5.634730 11.037883 6.171865 0.204131 15.724428 -11.538030 -0.014142 -16.657558 9.211231 -4.378471 3.799784
11.782098 1.150818 16.818830 -8.234583 12.840508 -5.649363 22.084618 6.262661 -9.030534 -6.835293 -9.364446 -6.955385 -12.414032 -13.417656 4.988413 9.332537 3.453369 8.233812 -21.302267 4.906131 10.945822 5.821733 -0.119870 15.768530 -11.553342 0.095898 -16.448915 9.287727 -4.128594 3.856847
11.082508 0.946200 16.222321 -8.744770 12.787063 -5.840577 21.815512 6.762789 -9.136674 -7.154256 -9.254114 -6.943530 -13.016657 -13.309731 4.841300 9.111856 3.446274 8.283240 -21.239084 4.447661 10.919449 5.603486 -0.339763 15.879436 -11.547497 0.203062 -16.239494 9.323089 -3.908439 3.862193
10.450686 0.685822 15.732390 -9.163538 12.690431 -6.079243 21.736969 7.134468 -9.221113 -7.383465 -9.083916 -6.971034 -13.571969 -13.425475 4.670235 8.847569 3.360028 8.538413 -21.203722 4.127388 10.812176 5.427609 -0.587826 15.878886 -11.632571 0.239457 -16.035276 9.377937 -3.735434 3.962800
10.162561 0.489047 15.437663 -9.435832 12.566493 -6.223296 21.720329 7.292667 -9.199462 -7.517000 -9.035439 -6.928666 -13.956797 -13.426223 4.565096 8.689914 3.387392 8.655815 -21.151125 3.815945 10.738068 5.314690 -0.743719 15.875721 -11.679863 0.269176 -15.875424 9.406973 -3.609579 4.059208
10.011923 0.484263 15.387497 -9.580832 12.501854 -6.318596 21.659698 7.720166 -9.188079 -7.668086 -9.027164 -6.869760 -14.258245 -13.360671 4.516621 8.552797 3.475223 8.697530 -21.103592 3.538210 10.714977 5.268081 -0.786069 15.886775 -11.701350 0.291915 -15.771665 9.407225 -3.538952 4.128111
9.941143 0.485402 15.378547 -9.599005 12.498164 -6.356930 21.636425 7.898154 -9.198706 -7.736676 -9.027267 -6.855441 -14.283088 -13.336279 4.521267 8.549452 3.495285 8.683869 -21.087143 3.520771 10.714128 5.257042 -0.794271 15.898943 -11.712618 0.297395 -15.738348 9.398569 -3.515218 4.136198
9.951639 0.495001 15.367129 -9.608618 12.510379 -6.346045 21.610941 7.859172 -9.207346 -7.725556 -9.014466 -6.870487 -14.277769 -13.342648 4.526156 8.536247 3.523880 8.679355 -21.091045 3.523620 10.710888 5.265050 -0.789599 15.884265 -11.711434 0.291097 -15.751321 9.406670 -3.527565 4.143429
10.019109 0.494539 15.361476 -9.582121 12.518770 -6.320944 21.625874 7.615565 -9.187524 -7.648261 -9.036934 -6.862543 -14.219831 -13.318838 4.539268 8.580961 3.535395 8.632819 -21.095388 3.545399 10.712233 5.274579 -0.781451 15.872470 -11.701527 0.284582 -15.787736 9.404472 -3.550382 4.128816
10.128069 0.526832 15.408209 -9.490883 12.577197 -6.283320 21.650284 7.388217 -9.178047 -7.566319 -9.054113 -6.875091 -14.060973 -13.318389 4.577507 8.662342 3.494930 8.587670 -21.112673 3.670777 10.714842 5.306278 -0.750121 15.851665 -11.686730 0.261067 -15.854025 9.416494 -3.602857 4.099605
10.223689 0.571737 15.454202 -9.423926 12.633203 -6.234568 21.585596 7.121186 -9.168639 -7.502498 -9.095039 -6.867764 -13.865538 -13.278443 4.604451 8.790953 3.507510 8.463223 -21.118504 3.817599 10.740961 5.359964 -0.703628 15.836086 -11.670505 0.241896 -15.941252 9.397700 -3.661689 4.037546
10.383361 0.727777 15.611279 -9.312972 12.754897 -6.112990 21.549767 6.992094 -9.168323 -7.435303 -9.132877 -6.879560 -13.632775 -13.263227 4.657642 8.921188 3.465822 8.392557 -21.142765 4.028206 10.764584 5.460304 -0.594759 15.798320 -11.657893 0.193136 -16.049738 9.398273 -3.769552 4.024119
10.583807 0.877965 15.845047 -9.209710 12.861444 -6.014323 21.474995 6.821292 -9.118380 -7.393862 -9.230352 -6.849898 -13.328404 -13.155108 4.725245 9.145094 3.452298 8.222552 -21.138380 4.270488 10.814842 5.561378 -0.455959 15.772307 -11.620793 0.165061 -16.172791 9.374977 -3.868659 3.985274
10.960460 1.008657 16.111225 -9.029858 12.991351 -5.817319 21.472916 6.425344 -9.026417 -7.273355 -9.361210 -6.830284 -12.984879 -13.030828 4.834126 9.317949 3.534654 8.015775 -21.153841 4.441195 10.856821 5.684547 -0.283002 15.721889 -11.587489 0.120202 -16.324711 9.350827 -3.991420 3.985909
11.498701 0.991543 16.269310 -8.723537 12.989714 -5.863155 21.715870 5.759995 -8.897607 -6.971007 -9.501068 -6.777237 -12.685754 -12.874788 4.923146 9.497662 3.720595 7.775362 -21.141359 4.559654 10.904057 5.835766 -0.107126 15.678662 -11.550763 0.065068 -16.483912 9.313437 -4.131481 3.954108
11.797230 1.050227 16.471569 -8.599045 13.086490 -5.681962 21.700508 5.267287 -8.855510 -6.857359 -9.660755 -6.732698 -12.263638 -12.809360 5.012433 9.787590 3.803995 7.603898 -21.148506 4.868680 10.897960 5.968942 0.051012 15.592771 -11.535897 0.002352 -16.616823 9.336733 -4.262812 4.017498
11.738815 1.200424 16.515060 -8.662668 13.311419 -5.220704 21.494518 4.852224 -8.952395 -6.778101 -9.784312 -6.681618 -11.907007 -12.794044 5.078277 10.049767 3.788707 7.520479 -21.138140 5.226415 10.886725 6.176432 0.241020 15.498153 -11.572104 -0.096969 -16.730984 9.363442 -4.424687 4.106493
12.100804 1.344600 16.446243 -8.750818 13.569262 -4.949271 21.333149 4.356136 -8.859970 -6.601218 -9.915255 -6.637528 -11.421911 -12.763678 5.202601 10.300046 3.722916 7.402637 -21.138071 5.623805 10.936577 6.451980 0.510357 15.438507 -11.581805 -0.178934 -16.848957 9.337289 -4.606355 4.188470
12.472940 1.249543 16.338400 -8.943367 13.726197 -4.714426 21.359964 3.671251 -8.628052 -6.412164 -10.161768 -6.535281 -10.881670 -12.699939 5.313288 10.615364 3.577960 7.280221 -21.130924 6.023396 10.977490 6.720424 0.764090 15.390169 -11.589589 -0.251249 -16.937067 9.312233 -4.780194 4.284486
12.610348 1.268171 16.040489 -9.226938 14.003349 -4.681082 21.184885 3.109752 -8.524907 -6.220206 -10.430699 -6.405076 -10.379920 -12.637689 5.291510 11.049478 3.244338 7.226933 -21.088953 6.498404 11.007855 7.001527 0.997277 15.337779 -11.630143 -0.324832 -17.003418 9.281929 -4.954245 4.335975
12.444539 1.228614 15.652602 -9.455768 14.217511 -4.654331 21.306866 2.533442 -8.540611 -5.986492 -10.621588 -6.370700 -9.759532 -12.676782 5.408782 11.372602 3.113010 7.075274 -21.119642 6.938687 11.034441 7.305679 1.229551 15.232091 -11.710481 -0.425095 -17.045580 9.247397 -5.129460 4.439841
12.992794 5.421610 8.565547 -16.349943 9.064977 -7.641738 24.007095 0.260700 -17.808041 -5.997287 -11.663592 -0.259984 -8.461310 -17.830612 3.374477 5.725200 5.136846 7.953903 -22.810202 4.758428 5.799744 13.146726 -3.073406 13.227187 -8.876335 2.585879 -16.400513 8.323467 -5.480661 0.044835
12.609004 5.454647 8.382407 -16.393063 9.229062 -7.625863 23.936737 -0.273805 -17.852367 -5.981493 -11.782817 -0.208488 -8.078954 -17.678535 3.458731 5.878544 5.205662 7.406899 -22.906118 4.644028 5.817997 13.477055 -2.924555 13.082983 -9.131903 2.431504 -16.375702 8.130790 -5.694649 0.196756
12.120537 5.492350 8.083838 -16.580965 9.420283 -7.594455 23.711845 -0.694815 -17.926140 -6.013743 -11.931551 -0.211938 -7.658438 -17.540031 3.622009 5.935626 5.571295 6.717113 -23.072241 4.383014 5.709851 13.727640 -2.854226 12.822330 -9.418508 2.232254 -16.293776 8.103757 -5.877393 0.533716
11.616938 5.580180 7.738801 -16.774347 9.700660 -7.528546 23.443220 -1.069056 -18.069143 -6.037637 -12.121124 -0.251325 -7.233552 -17.302046 3.924813 5.836274 6.365949 5.707832 -23.286320 3.823188 5.591585 14.023007 -2.768477 12.583455 -9.715716 2.034623 -16.146553 8.111022 -6.042182 0.934900
10.839568 5.695113 7.391206 -16.896593 10.115588 -7.471189 23.097589 -1.580063 -18.188326 -6.076302 -12.350997 -0.390344 -6.849583 -17.006098 4.219345 5.643671 7.575289 4.576822 -23.502363 3.126178 5.493999 14.326238 -2.697318 12.361588 -10.033628 1.833438 -15.967400 8.115705 -6.198389 1.352148
8.852700 -0.373664 7.454979 -11.661294 12.598557 -9.975454 19.497074 0.163183 -15.954318 -4.184354 -13.855740 -0.352367 -5.348953 -11.084247 8.868047 8.335964 8.056828 4.115800 -22.462172 -0.950508 7.797803 16.357119 -3.363107 10.995423 -9.073771 -0.529957 -15.511292 9.258509 -5.687690 2.254623
7.610065 -1.959929 6.876126 -10.643709 13.643368 -10.051596 18.481844 0.257846 -15.401528 -3.519488 -14.163287 -0.646744 -4.957311 -9.781049 9.994821 8.630117 9.432698 3.221192 -22.182325 -1.643954 8.257087 16.524263 -3.438875 10.528663 -9.185330 -1.397393 -15.006361 9.812510 -5.459842 3.090978
7.139945 -2.354101 6.126944 -10.614511 14.319509 -9.020564 17.926056 -0.207469 -15.840490 -3.347013 -14.572726 -0.390736 -4.826421 -9.397085 9.990745 8.675772 10.428609 2.555143 -22.039419 -1.940921 8.268957 17.174450 -3.286118 10.495806 -9.656883 -1.754511 -14.925781 9.465139 -5.910151 3.775835
6.536986 -2.294032 5.329446 -10.823519 14.759807 -8.678905 17.742870 -0.674165 -16.222088 -3.334251 -14.945526 -0.205302 -4.687032 -9.047784 9.971819 8.732306 11.428363 2.016686 -21.864882 -1.932376 8.140864 17.465033 -3.154845 10.423149 -10.092954 -2.018390 -14.710256 9.452793 -6.084027 4.203978
6.162633 -2.589339 4.555728 -11.131781 15.049909 -8.361691 17.532942 -1.182946 -16.418705 -3.385754 -15.368053 -0.016811 -4.391305 -8.667843 10.156896 8.829408 12.346594 1.445218 -21.705635 -1.782443 8.101225 17.811499 -2.960893 10.332480 -10.496154 -2.236319 -14.546037 9.377665 -6.255124 4.742140
5.604144 -2.842524 3.823963 -11.249746 15.274503 -8.164707 17.384388 -1.740620 -16.732708 -3.442527 -15.857279 0.233815 -4.321383 -8.088181 10.315006 8.941665 13.233850 1.020429 -21.453712 -1.611512 8.041805 17.962973 -2.829197 10.170529 -10.833097 -2.370987 -14.333495 9.345429 -6.327949 5.364731
4.725982 -2.884621 3.052048 -11.351064 15.649508 -8.123455 17.128693 -2.053145 -17.115194 -3.521039 -16.230766 0.633104 -4.445132 -7.322444 10.593620 9.164930 14.007869 0.585338 -21.102903 -1.308017 7.997489 18.273943 -2.740814 9.970220 -11.204776 -2.565906 -14.110238 9.282835 -6.473435 6.011174
4.135882 -2.896806 2.260589 -11.466070 16.080584 -8.184051 16.703348 -2.350696 -17.394892 -3.606158 -16.587006 1.011678 -4.495290 -6.641719 10.848359 9.363008 14.406253 0.328584 -20.824713 -1.036754 7.993556 18.492666 -2.784861 9.894443 -11.552324 -2.699208 -13.854964 9.113844 -6.569537 6.324882
3.210074 -2.903194 1.770529 -11.642611 16.270424 -8.662621 16.510044 -2.727783 -17.526600 -3.719063 -17.053808 1.395035 -4.642219 -5.992556 10.878200 9.528448 14.705851 0.191983 -20.528063 -0.897232 7.878243 18.615398 -2.936707 9.738997 -12.005712 -2.847253 -13.566614 8.949860 -6.618112 6.820383
2.446569 -2.806760 1.393618 -11.948605 16.546341 -8.918643 16.139236 -3.108564 -17.535336 -3.885166 -17.574104 1.672451 -4.632010 -5.482789 10.780457 9.713137 14.944444 0.074554 -20.268255 -0.697253 7.797901 18.745440 -3.074636 9.670266 -12.310432 -2.914850 -13.352420 8.807444 -6.640568 7.161880
1.874126 -2.641900 1.213966 -12.118232 16.764179 -9.352785 15.797918 -3.309777 -17.482643 -4.001468 -18.212412 2.092416 -4.869445 -4.788631 10.637742 9.819277 15.233067 -0.096127 -19.916786 -0.591066 7.654604 18.776445 -3.272300 9.592935 -12.689036 -2.993451 -13.024472 8.672988 -6.615670 7.576651
1.357105 -2.473796 0.976457 -12.456726 16.973505 -9.703523 15.474963 -3.626625 -17.387239 -4.101751 -18.692087 2.495467 -5.337298 -4.139807 10.521930 9.779924 15.445937 -0.153990 -19.595028 -0.570427 7.550597 18.763151 -3.476895 9.483566 -13.037505 -3.044191 -12.717280 8.552916 -6.535661 8.045073
0.787347 -2.448099 0.938040 -12.663894 17.079712 -9.938026 15.212789 -4.020356 -17.212236 -4.274720 -19.220047 2.798017 -5.558505 -3.723424 10.280647 9.791157 15.612643 -0.094943 -19.333254 -0.569331 7.466974 18.746725 -3.701263 9.329796 -13.243989 -3.122908 -12.556518 8.434021 -6.544331 8.197295
0.332702 -2.503042 0.896072 -13.011558 17.117546 -10.074785 14.951099 -4.392963 -16.920761 -4.508750 -19.632681 3.174371 -5.904456 -3.256798 10.096302 9.851036 15.790307 -0.155750 -19.046053 -0.575017 7.331317 18.731588 -3.884814 9.214686 -13.487628 -3.118574 -12.358188 8.278591 -6.487304 8.323231
-0.109391 -2.555806 0.903402 -13.287871 17.132030 -10.222272 14.831902 -4.828824 -16.689491 -4.680004 -19.990679 3.470682 -6.209390 -2.832454 9.959938 9.849783 15.893634 -0.165902 -18.818901 -0.609307 7.208668 18.708860 -4.047686 9.088737 -13.709138 -3.124959 -12.192164 8.195721 -6.418812 8.510785
-0.546982 -2.617802 0.915991 -13.596622 17.085533 -10.308817 14.793573 -5.277463 -16.469603 -4.819527 -20.249657 3.698091 -6.526968 -2.480944 9.892241 9.798883 16.095030 -0.213015 -18.607899 -0.635817 7.117661 18.671637 -4.167464 8.967410 -13.864523 -3.137566 -12.077040 8.171305 -6.372007 8.700503
-0.821462 -2.660130 0.901568 -13.825516 17.079811 -10.381150 14.716034 -5.570674 -16.323574 -4.937491 -20.432419 3.867159 -6.778746 -2.230707 9.784396 9.800205 16.245157 -0.260097 -18.442125 -0.687500 7.031956 18.623384 -4.324416 8.870543 -13.969987 -3.166949 -11.999797 8.127075 -6.354811 8.759144
-1.027755 -2.706688 0.880108 -14.046925 17.074511 -10.426155 14.628938 -5.815591 -16.195431 -5.039194 -20.612873 4.019572 -7.005315 -1.958023 9.697131 9.820662 16.393881 -0.299887 -18.301748 -0.741755 6.938215 18.570833 -4.462586 8.789870 -14.076467 -3.198308 -11.859149 8.161725 -6.313830 8.944752
-1.194587 -2.725356 0.828426 -14.220806 17.089577 -10.460757 14.546040 -5.930949 -16.116165 -5.102016 -20.694796 4.102423 -7.137325 -1.859282 9.624262 9.815403 16.448898 -0.302902 -18.231615 -0.780444 6.898361 18.530664 -4.560154 8.706943 -14.119969 -3.214177 -11.789422 8.193810 -6.271470 9.064748
-1.349539 -2.801586 0.789289 -14.329387 17.079762 -10.527470 14.493687 -6.094519 -16.051498 -5.147443 -20.786903 4.172229 -7.186913 -1.772692 9.593823 9.817493 16.500591 -0.273241 -18.172480 -0.745247 6.816036 18.542562 -4.670199 8.677938 -14.253675 -3.258017 -11.665541 8.143620 -6.286495 9.123964
-1.371817 -2.807160 0.762490 -14.365892 17.085131 -10.539617 14.457441 -6.107367 -16.042973 -5.172005 -20.820904 4.190756 -7.203861 -1.749610 9.581623 9.802509 16.522198 -0.265786 -18.159292 -0.737068 6.804843 18.529133 -4.693045 8.657329 -14.270005 -3.265693 -11.642365 8.157528 -6.277732 9.163763
