11.782761 4.615517 -6.973335 -8.176992 29.083658 -10.662670 5.641411 -7.616836 -14.030335 -10.477100 -31.260098 -1.764977 2.226085 -4.076440 6.812977 2.656879 17.269775 7.947505 -21.149719 9.241106 4.062135 16.864317 -3.734867 1.401803 -24.067518 5.015413 -6.748057 6.148314 1.200339 -8.660396
11.239667 4.655501 -7.133386 -8.585238 29.140131 -10.790590 5.003901 -7.353627 -13.917081 -11.045848 -31.589661 -1.645140 1.504011 -4.152277 5.920786 2.140731 18.337780 8.283545 -20.837063 8.833170 4.063876 16.664248 -4.313792 0.880746 -23.910376 4.945843 -6.761242 6.281972 1.344267 -8.613647
10.267370 4.908017 -7.185449 -9.379719 29.185614 -11.018272 3.906823 -6.558939 -13.711431 -12.129674 -31.630938 -1.647636 -0.945188 -4.131850 4.255013 1.196706 19.747316 9.227122 -20.028500 8.213625 4.006057 16.163744 -5.595112 0.016005 -23.494139 5.007649 -6.633076 6.509519 1.710725 -8.412445
9.478966 5.412323 -6.642357 -10.192841 29.284369 -10.721019 2.788245 -5.140985 -13.204284 -13.723248 -31.947414 -1.366741 -4.168544 -4.024802 2.201575 0.151619 20.778351 11.327622 -18.820282 7.352190 4.069410 15.413839 -6.853667 -0.864300 -23.035812 5.142652 -6.684492 6.838280 2.147373 -7.968100
8.606513 5.607448 -6.079564 -10.576719 29.087158 -10.870495 1.535829 -3.557703 -12.806598 -15.361314 -32.195297 -0.691945 -6.334103 -4.059307 1.132620 -0.898611 19.878294 14.109232 -18.034033 6.409864 3.962576 14.472361 -8.669367 -1.855481 -22.381569 5.273453 -6.610173 7.384550 2.770079 -7.587515
8.030960 5.638841 -5.458519 -11.238151 28.854034 -10.762101 0.212570 -2.196399 -12.164816 -16.848951 -31.603798 0.085769 -8.230438 -4.757179 0.579543 -1.339919 18.256798 16.488964 -17.235182 6.138555 3.971930 13.611077 -10.149410 -2.678053 -21.428255 5.408543 -6.697014 8.113792 3.403110 -7.111062
8.094988 5.373692 -4.704611 -11.394442 28.382219 -10.535008 -0.964443 -0.690108 -11.591046 -18.235563 -30.918301 0.592382 -9.975146 -5.107174 0.051441 -1.443235 16.209257 18.651489 -16.715307 5.926599 3.735655 12.733861 -11.430465 -3.484177 -20.569241 5.672067 -7.167209 8.658564 3.996029 -6.890555
8.063656 4.677174 -4.056592 -11.544439 27.575951 -10.314791 -1.693208 0.498841 -11.015855 -19.470568 -29.990536 0.915819 -11.435143 -5.371048 -0.084104 -1.065206 14.106731 19.707504 -16.424734 5.995012 3.408076 12.180045 -12.335499 -4.177693 -19.919796 5.749362 -7.345524 9.284164 4.430011 -6.434734
8.181154 4.127730 -3.678697 -11.648340 26.926844 -10.117371 -2.119437 1.240644 -10.595941 -20.206350 -29.264143 0.992491 -12.274741 -5.661675 -0.446240 -0.565644 12.644160 20.168520 -16.252390 6.206417 3.166325 11.621997 -13.123066 -4.550797 -19.455475 5.919668 -7.579290 9.659790 4.846309 -6.281640
8.240089 3.757958 -3.467942 -11.732952 26.560982 -9.997736 -2.350724 1.517849 -10.362357 -20.574591 -28.902958 1.032754 -12.594567 -5.831495 -0.632451 -0.442306 12.148693 20.263165 -16.238874 6.195725 2.972556 11.448905 -13.326793 -4.769433 -19.403252 5.906585 -7.603661 9.835762 4.911951 -6.009176
8.228352 3.825094 -3.557797 -11.765700 26.635883 -10.041517 -2.237789 1.416046 -10.408679 -20.410402 -28.983028 1.082915 -12.504280 -5.788068 -0.576496 -0.460405 12.315142 20.211872 -16.263319 6.077280 3.032383 11.452536 -13.220919 -4.652828 -19.425249 5.906382 -7.601131 9.803856 4.901666 -6.074183
8.178166 4.907965 -4.118508 -11.968046 27.548143 -10.548043 -1.115059 0.542772 -10.825465 -18.867128 -30.090824 1.221560 -11.350844 -5.372680 -0.223545 -1.097044 14.700838 19.382971 -16.450912 5.302832 3.339642 11.934750 -12.076929 -3.824771 -20.290993 5.634736 -7.278595 9.250866 4.378904 -6.369533
8.076677 6.367592 -4.477745 -12.104065 28.420538 -11.289772 1.791812 -1.490394 -11.255820 -15.747948 -30.886868 1.184129 -8.684791 -4.744069 0.913207 -1.133089 18.439432 15.562867 -17.345245 4.911263 3.651343 12.630255 -9.869644 -1.949945 -21.734861 5.724811 -6.905422 8.116720 3.860783 -6.632113
7.757563 6.178226 -4.842378 -12.063011 27.871096 -11.399900 5.588947 -3.757277 -12.084329 -11.846614 -28.856417 0.419816 -5.815686 -4.290575 4.132012 0.824378 18.705126 9.424161 -18.930967 6.389421 3.818293 13.731969 -6.572390 0.126619 -22.951477 5.916056 -7.191811 7.104349 3.186786 -6.108464
6.917095 4.954987 -7.855342 -11.710528 26.641691 -11.614811 10.585052 -4.911705 -14.517741 -6.550774 -23.944756 -1.290659 -3.803861 -5.288510 8.065134 5.015095 14.485618 6.149861 -20.036711 10.238329 4.740144 14.161870 -1.234455 3.877001 -24.388102 7.082925 -7.451718 5.488610 2.613656 -4.865617
7.204808 1.601309 -9.365148 -9.516453 24.449070 -11.585603 16.650181 -6.362109 -17.570196 -2.078747 -19.555252 -1.884345 -3.328163 -5.396045 12.156884 7.216001 12.724093 3.295676 -20.266253 11.056220 5.691991 13.601100 3.549324 6.810274 -24.710058 7.563381 -7.566967 6.245769 2.487397 -3.150362
7.837902 -2.038726 -7.155210 -6.972207 21.058960 -10.392411 23.901796 -7.628240 -17.942364 0.318832 -17.814054 -3.232823 -1.381723 -6.146642 13.250296 8.617416 10.826129 1.346483 -21.788973 6.358996 6.439490 12.258819 6.450096 8.112375 -23.464773 7.877504 -8.283973 8.757487 3.072556 -1.320487
9.610062 -4.284926 -4.492133 -6.209193 18.422319 -8.691368 26.724058 -7.176605 -17.158117 0.384952 -14.982527 -5.505776 -1.911832 -8.563103 12.281062 8.733330 11.084416 0.960250 -22.549047 4.534979 6.662740 10.619870 7.655416 8.722698 -21.862885 7.999204 -9.014136 11.084192 3.476708 -0.547689
10.636543 -5.262063 -1.443911 -5.940320 16.330509 -8.757725 27.887753 -5.969001 -16.057411 -0.396560 -13.157907 -7.246391 -3.560024 -10.753402 9.761798 9.140652 9.901846 1.708783 -22.824823 4.496622 6.465309 9.224816 8.052507 8.910947 -20.953983 8.221110 -9.785308 12.128799 3.686914 -0.539015
10.660865 -5.643812 0.643326 -5.995395 15.053136 -9.344965 28.613264 -5.161845 -15.070951 -0.957396 -12.609855 -7.569496 -4.553271 -11.519640 8.836378 9.325768 8.999822 2.253404 -22.983593 4.636622 6.310940 8.307535 8.128487 9.046474 -20.489923 8.477542 -10.110560 12.591544 3.888528 -0.520567
10.645573 -5.652987 1.036075 -5.993607 14.861638 -9.448314 28.665230 -4.912660 -14.898293 -1.089859 -12.613422 -7.536315 -4.746842 -11.567450 8.683829 9.320116 8.725300 2.420692 -22.993526 4.591354 6.267401 8.132757 8.113956 9.066844 -20.346134 8.541560 -10.195720 12.704411 3.923997 -0.595333
10.666698 -5.662646 1.467050 -6.039146 14.637389 -9.660484 28.752697 -4.447246 -14.694571 -1.269997 -12.516211 -7.640025 -4.986195 -11.876577 8.395084 9.248151 8.326929 2.832190 -23.039225 4.672576 6.259302 7.920166 8.046452 9.119967 -20.123789 8.636596 -10.316831 12.784451 3.985266 -0.790273
10.884068 -5.620631 2.197426 -5.990155 14.332532 -10.076122 29.034008 -3.619856 -14.430732 -1.446516 -12.089844 -7.630427 -5.699127 -12.409993 7.909232 9.361089 7.213233 3.567280 -23.011263 4.842675 6.225940 7.521303 7.856451 9.253060 -19.767448 8.805270 -10.505009 12.873142 4.079073 -1.165199
11.606034 -5.606723 3.107342 -5.960240 13.922624 -10.361438 29.560013 -2.736136 -13.983708 -1.335913 -11.548649 -7.574935 -6.530906 -12.725120 7.095061 9.646944 5.477828 4.936959 -22.610756 5.414643 6.147541 6.976857 7.597275 9.489702 -19.281471 9.034284 -10.650195 12.994731 4.210874 -1.603050
12.412315 -5.663823 3.485013 -6.210221 13.537642 -10.519447 29.772470 -1.682587 -13.637538 -1.222546 -11.028272 -7.364223 -7.323145 -13.274350 6.324444 10.160524 3.516137 6.645478 -22.104261 6.774863 6.279604 6.254368 7.211515 9.882642 -18.817564 9.453233 -10.873805 12.789881 4.509844 -2.103377
12.828483 -5.715238 3.696110 -6.503850 13.111813 -10.797552 29.814568 -0.618026 -13.273678 -1.570430 -10.396339 -6.878024 -8.995413 -13.688325 5.494925 10.764050 2.415098 7.977704 -21.566435 7.631293 6.307262 5.504789 6.672174 10.430575 -18.357050 9.788074 -10.891716 12.648047 4.829462 -2.479443
12.966311 -6.089935 4.569431 -6.337553 12.227744 -10.637176 30.335880 0.773878 -13.125590 -2.164607 -9.829391 -6.815539 -10.816779 -13.540000 5.205139 10.233948 2.952489 8.164046 -21.335859 6.401137 6.343440 4.586886 5.987330 10.892997 -17.913628 10.109511 -10.898948 12.527750 5.215457 -2.674307
12.534424 -6.524748 4.596352 -6.320535 11.530858 -10.735313 30.648211 1.777724 -13.160514 -2.469367 -9.360365 -6.958617 -12.416051 -13.413296 4.985936 9.334342 3.453199 8.236696 -21.305182 4.904308 6.228289 3.894326 5.296262 11.105304 -17.768522 10.208712 -10.728265 12.568232 5.504813 -2.533387
12.023079 -6.889200 3.950242 -6.916548 11.157543 -10.901525 30.641388 2.113865 -13.063952 -2.679152 -9.079813 -6.974257 -13.573908 -13.421075 4.667903 8.849144 3.359871 8.541419 -21.206800 4.125543 6.122574 3.530486 4.774871 11.291131 -17.717272 10.225451 -10.453270 12.605018 5.726850 -2.316998
11.831206 -7.116229 3.545400 -7.337810 10.964341 -11.062646 30.529024 2.161651 -12.946685 -2.838150 -9.022967 -6.873120 -14.260060 -13.356473 4.514332 8.554362 3.474985 8.700601 -21.106741 3.536357 6.035411 3.381387 4.549999 11.336091 -17.725998 10.220994 -10.253516 12.610577 5.845291 -2.106321
11.799090 -7.133984 3.508010 -7.385910 10.947838 -11.078956 30.510923 2.159358 -12.931058 -2.857113 -9.010270 -6.873847 -14.279584 -13.338447 4.523868 8.537811 3.523642 8.682424 -21.094193 3.521768 6.031999 3.379764 4.545032 11.335881 -17.732140 10.215051 -10.237306 12.609184 5.850970 -2.087560
11.850466 -7.032461 3.620836 -7.218587 11.048201 -11.029783 30.522030 2.096232 -12.988340 -2.798067 -9.049916 -6.878451 -14.062789 -13.314192 4.575218 8.663907 3.494691 8.590739 -21.115820 3.668924 6.031788 3.413507 4.592212 11.288329 -17.732180 10.212158 -10.314429 12.624828 5.808557 -2.149617
11.881071 -6.868026 3.808312 -7.010702 11.202582 -10.936756 30.509161 1.988489 -13.055188 -2.722150 -9.128837 -6.882847 -13.634645 -13.258830 4.655357 8.922903 3.465769 8.395404 -21.145832 4.026375 6.071980 3.557586 4.771582 11.203835 -17.754913 10.195170 -10.457072 12.625957 5.708748 -2.266145
12.012787 -6.736170 4.131013 -6.728513 11.358672 -10.815066 30.572762 1.757593 -13.130852 -2.577984 -9.357122 -6.833541 -12.986976 -13.026447 4.831648 9.319738 3.534515 8.018720 -21.156744 4.439345 6.147643 3.763871 5.117133 11.081866 -17.765842 10.201821 -10.650946 12.605892 5.590178 -2.368740
12.308025 -6.646780 4.388837 -6.578581 11.567980 -10.646440 30.521572 1.216866 -13.115592 -2.480275 -9.656668 -6.735956 -12.265733 -12.804979 5.009955 9.789379 3.803857 7.606842 -21.151411 4.866829 6.167076 4.008261 5.472913 10.898877 -17.806992 10.190688 -10.841756 12.620750 5.450543 -2.414953
12.674295 -6.480411 4.225152 -6.752539 12.063041 -10.488558 30.227310 0.387915 -12.969571 -2.301534 -9.911160 -6.640715 -11.424056 -12.759301 5.200101 10.301876 3.722567 7.405724 -21.140936 5.622011 6.185787 4.440363 5.953213 10.685974 -17.952290 10.113355 -10.967008 12.659581 5.262232 -2.354368
13.144805 -6.609768 3.772197 -7.260996 12.480763 -10.419026 30.065357 -0.557123 -12.684813 -1.941984 -10.426603 -6.408262 -10.382066 -12.633311 5.289010 11.051308 3.243989 7.230020 -21.091822 6.496608 6.254885 4.998348 6.526447 10.515199 -18.117939 10.038638 -11.006457 12.675583 5.049262 -2.289258
18.160107 1.447998 4.275821 -12.576735 10.399278 -7.026416 24.718742 -3.044968 -13.280148 -14.291716 -11.659117 -0.262835 -8.459476 -17.830091 3.375877 5.718800 5.143520 7.955374 -22.821226 4.758504 1.961980 10.887578 2.639258 8.202369 -15.516088 12.282151 -8.833910 12.965752 6.087271 -6.511735
17.655409 1.417868 3.694151 -12.910088 10.800717 -6.993262 24.474792 -4.327129 -13.322559 -14.127904 -11.927073 -0.214789 -7.656605 -17.539511 3.623410 5.929224 5.577969 6.718584 -23.083267 4.383092 1.919672 11.451823 2.972315 7.710507 -16.091234 11.996908 -8.644897 12.890174 5.823828 -6.018506
16.423109 1.438922 3.067991 -13.244715 11.387518 -7.009884 24.012707 -5.409659 -13.529882 -14.132384 -12.346628 -0.393108 -6.847715 -17.005608 4.220729 5.637297 7.581746 4.578340 -23.513369 3.126257 1.763749 12.091399 3.264482 7.194708 -16.762486 11.601012 -8.270818 13.035589 5.579098 -5.249472
11.112366 -4.061665 4.711591 -8.496020 16.124950 -5.404274 20.833313 -3.814440 -9.203112 -10.799506 -14.160139 -0.653678 -4.955530 -9.770879 9.993116 8.635207 9.433619 3.224998 -22.187952 -1.650277 3.373898 14.697876 2.300370 5.812793 -15.805088 8.934834 -8.864547 13.376587 4.474487 -3.519834
10.270115 -4.588378 2.855014 -8.416261 17.267326 -4.018143 20.114231 -4.803428 -10.214049 -10.793717 -14.941376 -0.208315 -4.688809 -9.044521 9.970054 8.732385 11.429456 2.018482 -21.868612 -1.934149 3.577225 15.508606 2.765301 5.419518 -16.802570 8.440011 -8.445549 13.216051 4.372780 -2.505349
9.349150 -4.935327 1.419466 -8.280636 17.826847 -3.223905 19.464170 -5.541937 -11.264256 -10.950445 -15.852732 0.231039 -4.323341 -8.084677 10.312849 8.941860 13.235036 1.022211 -21.457605 -1.613197 3.546012 15.920854 3.052578 5.088856 -17.596561 8.101899 -8.015287 13.117985 4.248760 -1.258897
7.799474 -4.793030 -0.181346 -8.210491 18.620876 -2.791296 18.482210 -5.695444 -12.533086 -11.001442 -16.583084 1.008438 -4.496710 -6.637518 10.846373 9.364454 14.407095 0.330722 -20.827814 -1.038341 3.490629 16.384405 2.991081 4.746237 -18.360170 7.706076 -7.438481 12.940104 4.071618 -0.206837
6.258584 -4.595810 -1.435318 -8.949665 19.318111 -3.442277 17.972031 -6.460967 -12.818053 -11.003770 -17.570110 1.669188 -4.633396 -5.478707 10.778469 9.714470 14.945247 0.076776 -20.271399 -0.698776 3.227984 16.603964 2.573657 4.480812 -19.108803 7.353808 -6.838938 12.739864 3.995114 0.692143
4.901639 -4.316009 -2.017919 -9.662048 19.703732 -4.246428 17.522932 -6.937826 -12.867107 -10.967564 -18.688053 2.492200 -5.338599 -4.135853 10.519929 9.781289 15.446620 -0.151796 -19.598246 -0.571972 2.889040 16.670273 2.064450 4.268128 -19.758442 7.001014 -6.166654 12.629104 3.987347 1.529017
3.585636 -4.631508 -2.275323 -10.235740 19.611063 -4.875991 17.274273 -7.627418 -12.737744 -11.226907 -19.628651 3.171105 -5.905755 -3.252845 10.094302 9.852404 15.790990 -0.153557 -19.049271 -0.576561 2.605669 16.711355 1.668025 3.971652 -20.109928 6.767848 -5.801737 12.508193 3.938229 1.715969
2.508404 -4.987117 -2.345698 -10.752179 19.370193 -5.391405 17.287247 -8.366455 -12.510670 -11.520996 -20.245647 3.694941 -6.528358 -2.476974 9.890136 9.800411 16.095594 -0.210904 -18.611017 -0.637385 2.352011 16.689219 1.374518 3.734703 -20.432755 6.636091 -5.450699 12.481135 3.998456 2.173827
1.895739 -5.195310 -2.360915 -11.202347 19.220396 -5.710398 17.221346 -8.830254 -12.244916 -11.786302 -20.608805 4.016431 -7.006700 -1.954171 9.694992 9.822142 16.394192 -0.297620 -18.304930 -0.743224 2.154587 16.606462 1.096453 3.615799 -20.619293 6.592084 -5.222938 12.457846 4.045274 2.393339
1.557589 -5.346153 -2.448040 -11.470354 19.148403 -5.872309 17.142269 -9.065281 -12.097333 -11.898272 -20.782551 4.168597 -7.187886 -1.769056 9.591873 9.819358 16.501143 -0.271491 -18.175686 -0.746815 2.019426 16.558645 0.858009 3.539811 -20.759415 6.547371 -5.014015 12.426783 4.073509 2.575771
