-8.864429 -14.541250 -6.381250 -0.876244 28.689901 -5.083700 4.200149 21.543819 -14.064599 2.764691 -6.679107 -10.502267 -10.294875 -6.798850 12.523912 9.138901 8.155202 -11.503939 -26.905077 -6.067872 11.094748 7.976821 -8.442459 2.169916 -9.164941 2.144955 -22.872114 7.855083 -0.279826 2.889463
-8.614088 -14.388271 -6.497125 -0.603077 28.653488 -5.038982 4.037714 22.183422 -14.248248 2.592118 -6.546852 -10.669822 -10.020574 -6.860776 12.606769 9.211513 8.121764 -11.693845 -27.016842 -6.282380 11.179192 7.810070 -8.509270 1.937035 -9.252090 2.375765 -22.904724 7.861533 -0.009140 2.821536
-7.900314 -14.566552 -6.655128 -0.147145 28.334719 -4.895455 3.859865 23.176991 -14.344522 2.225332 -5.935091 -10.853509 -10.150771 -7.183813 12.327572 9.739325 7.581748 -11.798776 -26.964964 -6.490438 11.367395 7.922076 -8.285446 1.827251 -9.029706 2.475085 -23.072598 7.973989 -0.023741 2.635702
-7.357783 -14.846907 -6.450473 0.563311 27.757648 -4.453106 3.880989 24.794350 -14.567048 1.665577 -4.849873 -11.185173 -10.293849 -7.957377 11.606936 10.629424 6.350205 -12.294295 -27.282209 -7.289258 11.875847 7.885633 -7.998344 1.803929 -8.571398 2.618818 -23.487995 8.058025 0.101414 2.065035
-7.599488 -15.068676 -6.015868 1.001120 27.375370 -4.367922 4.037994 25.902264 -14.552072 1.552275 -4.266949 -11.375265 -9.954152 -8.441348 10.986402 11.196406 5.665673 -12.955604 -27.709925 -7.575147 12.094028 7.584235 -7.938793 2.068697 -8.055969 3.048734 -23.590010 8.225275 0.442906 1.406582
-7.907740 -15.331195 -5.461503 1.112503 27.078751 -4.471972 4.230064 26.222130 -14.226986 1.670038 -3.663672 -11.576555 -9.594558 -8.998439 10.562263 11.821383 5.079569 -13.630451 -28.308149 -7.810854 12.448671 7.480422 -7.619042 2.322046 -7.357968 3.286433 -23.979511 8.471440 0.508305 0.732881
-8.872797 -15.385427 -4.451168 1.157617 26.626942 -4.569074 4.513456 26.882124 -14.140248 1.259169 -2.919450 -11.605420 -9.728624 -9.702150 10.065935 12.188105 4.271310 -14.096454 -28.871559 -8.303418 12.668495 7.220102 -7.771779 2.632031 -6.652247 3.383964 -24.217760 8.674536 0.531000 -0.048923
-9.684952 -15.382511 -3.779929 1.122619 26.118286 -4.659418 4.759132 27.381023 -14.143028 0.842852 -2.383262 -11.525828 -10.246257 -10.271070 9.842547 11.652246 3.861151 -14.050897 -29.352125 -8.799830 12.933691 7.245073 -7.885499 2.839205 -6.154096 3.110351 -24.281826 8.920563 0.453003 -0.597708
-9.882736 -15.302971 -3.634959 0.972186 26.086018 -4.524287 4.663836 27.831491 -14.196681 0.637800 -2.141905 -11.521114 -10.548137 -10.505539 9.833081 11.208478 3.786862 -13.910619 -29.603559 -9.151970 13.175785 7.041316 -8.073059 2.824080 -6.079153 3.140371 -24.323000 8.939920 0.740650 -1.205705
-9.963593 -15.168601 -3.683131 0.962997 26.148422 -4.555435 4.642008 27.951427 -14.403474 0.519471 -2.050544 -11.594380 -10.600657 -10.629948 9.975245 10.895041 3.955026 -13.946416 -29.776688 -9.453486 13.275614 6.887318 -8.223081 2.826840 -6.063115 3.197925 -24.259930 8.942188 0.954878 -1.482620
-10.048471 -15.199638 -3.441688 0.930264 26.031199 -4.560460 4.680974 28.107426 -14.248820 0.451308 -2.013579 -11.617877 -10.811330 -10.664860 9.851024 10.926056 3.770161 -13.849113 -29.709768 -9.633503 13.185013 6.755222 -8.381864 3.027508 -5.943464 3.318488 -24.192011 8.914403 0.979825 -1.669187
-10.356218 -15.551579 -1.489051 1.126757 25.026138 -4.580126 5.027604 28.757729 -13.372820 -0.110087 -1.567319 -11.762508 -13.117272 -10.503699 8.436906 11.558075 1.988755 -12.811664 -28.770624 -11.353163 12.269367 6.325448 -9.582868 4.307775 -5.251311 3.420269 -23.452032 8.927954 0.614939 -2.304385
-9.407398 -16.601419 2.546133 0.611009 22.105129 -5.124220 6.031043 27.933451 -10.810366 -1.776321 -1.236616 -11.370930 -18.508415 -8.612993 5.993423 13.422602 -0.748091 -8.615139 -25.265093 -11.823322 10.165539 4.944613 -11.932077 6.289263 -4.823589 4.017543 -21.664497 8.895113 0.911763 -3.807930
-6.489446 -18.366945 7.454064 -1.365123 18.117870 -6.541525 7.259552 27.096298 -6.588069 -3.653204 -0.013315 -9.511411 -24.223024 -9.904575 4.376074 12.605863 -4.063247 -3.400841 -22.929098 -9.292747 8.008749 3.388547 -14.897834 8.813155 -4.802562 4.793858 -18.268799 9.196976 1.939060 -5.499966
-3.697801 -18.140135 10.814768 -4.994506 14.416944 -8.369639 8.739701 25.187782 -4.252636 -6.131447 0.928041 -8.696388 -29.492847 -11.591033 4.069207 9.395603 -4.519161 0.853737 -21.214197 -7.561355 4.877916 2.627531 -17.623814 12.844854 -5.940978 6.792842 -15.958543 6.129502 1.425095 -4.674496
2.441731 -18.166595 10.580722 -9.275419 13.111919 -8.869684 7.877227 23.644367 -1.107450 -6.604474 0.144188 -5.059682 -35.436359 -13.517377 3.387240 7.154261 -4.261769 4.480735 -17.036842 -2.470379 0.956630 1.557605 -20.857416 15.323559 -6.496090 8.500066 -10.887954 5.814325 1.850749 -1.715124
6.439811 -18.812929 11.540247 -11.609985 11.777980 -9.110886 8.426284 20.473083 0.890449 -6.445345 -2.983949 -2.049200 -36.550354 -12.866403 4.252233 4.552597 -2.430755 6.531628 -14.891263 1.756112 -1.681176 1.501106 -23.120340 15.273235 -7.150907 7.769941 -7.720611 6.349731 1.015282 3.086534
5.773000 -18.920710 12.447864 -11.461689 12.789147 -10.694966 9.194045 16.583942 1.845179 -4.516491 -5.530442 -1.520689 -35.008873 -10.780878 5.646329 3.603750 -0.099652 7.392024 -14.301270 4.151591 -2.052839 4.451586 -20.167046 14.398976 -9.011312 6.502016 -8.557377 5.697521 -1.232113 4.996529
5.311824 -18.853342 10.229756 -12.216671 14.273915 -11.600952 9.109656 13.242477 1.631311 -3.111670 -7.103438 -1.728415 -33.481266 -9.751756 7.256985 2.294793 2.030310 8.596343 -14.227557 5.992620 -2.575874 6.097767 -18.685308 14.746535 -9.431300 5.769467 -8.129683 6.023300 -2.462294 5.646420
5.289079 -18.912687 8.510924 -12.636750 14.974147 -12.020622 8.853171 11.667665 1.290399 -2.658844 -7.590609 -1.710093 -32.553871 -9.428581 8.073730 1.907857 3.149310 8.769711 -14.234244 7.135518 -2.669274 6.691036 -18.049883 14.570385 -9.171235 5.577063 -8.043827 6.446769 -2.893761 6.517780
5.217083 -18.937269 8.292319 -12.605186 15.076962 -12.031932 8.828385 11.529215 1.202874 -2.603052 -7.634712 -1.681065 -32.459183 -9.402491 8.132519 1.919214 3.232516 8.736887 -14.233733 7.256781 -2.727340 6.717880 -18.072187 14.567504 -9.138715 5.554865 -7.991072 6.491156 -2.933954 6.599141
5.178852 -18.945574 7.994798 -12.564247 15.246850 -12.114476 8.791972 11.445518 1.102682 -2.519600 -7.756109 -1.704333 -32.185093 -9.383471 8.311982 1.809222 3.426772 8.632704 -14.323696 7.330606 -2.715711 6.772622 -17.965521 14.469859 -9.024223 5.531888 -8.099892 6.572185 -3.016421 6.705153
4.845052 -18.881027 7.657976 -12.539611 15.584435 -12.373337 8.642613 11.318721 1.009344 -2.450249 -7.925152 -1.700334 -31.715633 -9.311502 8.606589 1.812930 3.766567 8.416330 -14.371951 7.661524 -2.657013 6.867175 -17.733932 14.089080 -8.888657 5.501128 -8.272870 6.771136 -3.067497 7.136775
4.352886 -18.733793 7.322629 -12.266544 15.857708 -12.847121 8.764958 11.213616 0.685839 -2.329183 -8.185022 -1.622663 -31.030682 -9.222773 8.979197 1.872806 4.307333 7.997596 -14.428458 8.313439 -2.596512 6.971970 -17.437029 13.681752 -8.687563 5.531150 -8.527874 6.981637 -3.170632 7.702323
3.798455 -18.613199 7.047062 -11.921694 16.035656 -13.272221 9.062141 10.991060 0.280003 -2.089822 -8.289747 -1.543667 -30.124538 -9.136525 9.334010 2.163177 4.982711 7.203657 -14.588909 8.980682 -2.515064 7.192946 -16.950842 13.092892 -8.561126 5.538877 -8.869596 7.239410 -3.347821 8.530396
3.353164 -18.538034 6.604711 -11.685968 16.246655 -13.538054 9.306772 10.535059 -0.199870 -1.882876 -8.231330 -1.432034 -29.071819 -9.065045 9.750643 2.714396 5.858986 6.018445 -14.845626 9.671999 -2.408739 7.603765 -16.191328 12.675231 -8.655740 5.463399 -9.369187 7.305572 -3.677278 9.104284
3.222602 -18.359783 5.863737 -11.391500 16.558559 -13.597109 9.202247 10.029344 -0.749545 -1.674766 -8.179344 -1.477691 -28.114346 -9.099727 10.165578 3.004072 6.614862 4.921697 -15.079677 9.820116 -2.314696 7.981606 -15.532999 12.456853 -8.832468 5.376976 -9.826289 7.213612 -4.001248 9.475660
3.093555 -18.303438 5.117230 -10.881001 16.740833 -13.397266 9.223352 9.745171 -1.469027 -1.569920 -8.220243 -1.631922 -27.151611 -9.107425 10.719974 3.073105 7.481223 3.774470 -15.321784 9.610271 -2.081327 8.395769 -14.854606 12.279811 -9.034831 5.228845 -10.389968 7.013454 -4.369874 9.720356
2.880952 -18.244047 4.479322 -10.331643 17.029289 -13.103960 9.190398 9.726983 -2.159739 -1.449920 -8.351284 -1.892487 -26.390182 -9.256892 11.131511 2.897001 8.053295 2.903970 -15.677418 8.996111 -1.716768 8.810246 -14.140449 12.102768 -9.266477 5.049329 -11.071656 6.735316 -4.740321 9.843645
2.630088 -18.216841 4.196544 -10.010941 17.182634 -12.966210 9.217764 9.738020 -2.527229 -1.354387 -8.388266 -2.068017 -25.970100 -9.436092 11.259784 2.743504 8.183488 2.445079 -15.990449 8.526769 -1.583552 8.847571 -14.015530 12.074000 -9.302729 5.005867 -11.333175 6.616260 -4.817287 9.697868
2.626822 -18.208572 4.184732 -9.991079 17.195545 -12.954773 9.210667 9.757132 -2.551198 -1.354660 -8.389595 -2.082569 -25.947090 -9.453057 11.265126 2.726719 8.185208 2.415778 -16.013514 8.478441 -1.575063 8.851443 -14.004496 12.071550 -9.303005 5.004160 -11.346029 6.611658 -4.820763 9.692572
2.800879 -18.122810 4.338908 -10.086601 17.175554 -13.012878 9.113274 9.877805 -2.411972 -1.418858 -8.369802 -2.044601 -26.113602 -9.443704 11.168843 2.734566 8.025742 2.596745 -15.945310 8.511675 -1.591985 8.795937 -14.061753 12.086618 -9.272779 5.033581 -11.318859 6.633121 -4.782791 9.656157
3.119478 -17.993004 4.681308 -10.337692 17.040859 -13.102020 8.963017 10.139858 -2.108763 -1.599141 -8.299924 -1.976993 -26.614819 -9.429675 10.955690 2.644097 7.678679 3.076376 -15.798717 8.476767 -1.735994 8.546523 -14.427526 12.198024 -9.122753 5.116220 -11.101058 6.725877 -4.619508 9.426544
3.452181 -17.855484 4.991372 -10.579054 16.993034 -13.162645 8.752384 10.622560 -1.804433 -1.779122 -8.159269 -1.938697 -27.389809 -9.532549 10.600371 2.410595 7.069692 3.744938 -15.682089 8.154995 -1.855087 8.279010 -14.839909 12.396058 -8.942508 5.179352 -10.905437 6.778253 -4.474779 9.094210
3.784683 -17.705664 5.265595 -10.595505 16.781063 -13.019502 8.681680 11.408943 -1.800937 -2.120248 -8.010731 -1.950526 -28.138378 -9.657848 10.212232 2.181103 6.401804 4.406526 -15.584335 7.720243 -1.890311 7.946521 -15.296259 12.570642 -8.781471 5.251450 -10.747802 6.813514 -4.256664 8.655804
3.977367 -17.777254 5.670262 -10.623943 16.335699 -12.820450 8.754896 12.184027 -1.693480 -2.604656 -7.878674 -2.022608 -29.046352 -9.832632 9.628667 1.813686 5.426329 5.099090 -15.612910 6.786168 -1.910951 7.425102 -16.024221 12.936903 -8.554797 5.318685 -10.612105 6.738686 -3.960123 7.703759
4.297305 -18.136564 6.450427 -10.410535 15.697688 -12.333941 9.019907 13.307304 -1.421886 -3.033245 -7.515958 -2.234442 -29.988688 -10.141301 9.113039 1.670546 4.476235 5.557001 -15.564613 5.643826 -1.928818 6.934200 -16.709463 13.430303 -8.362660 5.331559 -10.677121 6.496805 -3.783090 6.264771
-2.222145 -20.786097 8.562325 -12.828320 21.462692 -1.764452 7.001012 18.415173 4.972237 4.232458 -6.434601 0.167364 -28.193398 -6.721367 8.605752 4.350001 -6.494060 4.442770 -20.665276 3.591710 2.117651 5.490696 -13.654902 14.005579 -9.077399 4.220210 -9.316581 10.415570 0.010937 0.715617
-2.601385 -21.260607 9.079532 -12.489151 20.459854 -0.573975 7.254768 19.901455 4.537944 3.216627 -5.717069 0.043871 -29.147259 -7.510122 7.787810 4.920331 -7.642099 3.719292 -20.810183 1.978053 2.711331 5.024333 -13.768984 14.176656 -8.610226 4.641372 -10.160661 10.050169 0.216324 -0.208429
-2.886399 -21.813292 9.136995 -11.638522 19.651619 1.006878 7.418940 21.504190 3.628578 2.309948 -4.441282 -0.152116 -29.475372 -8.526801 7.187493 6.168171 -8.575336 2.289605 -21.129560 0.824088 3.654579 4.210945 -13.918890 14.104846 -7.878638 5.348572 -11.384463 9.684405 0.745997 -1.230037
0.499995 -20.639744 8.999914 -7.975870 17.899857 -3.895794 6.477729 21.457211 -0.090418 -0.879626 -4.514968 -6.243847 -28.491964 -7.416345 3.810502 10.439556 -3.598175 3.957986 -18.723644 -1.656429 6.405906 5.020644 -15.636384 12.420696 -5.894296 3.427736 -11.981086 10.561596 2.031960 -2.009078
1.882311 -19.752611 7.888252 -6.566653 18.223270 -4.301836 6.545138 22.814030 -1.683008 -1.120407 -3.289885 -7.138597 -27.179195 -7.999588 4.366481 11.230640 -3.333187 2.459108 -19.071779 -2.355139 7.286802 5.203063 -15.049806 12.052079 -5.468191 3.385749 -13.777480 10.033632 1.544370 -2.501982
1.608761 -18.591516 7.264199 -5.959779 19.439056 -4.654263 6.301108 23.222816 -2.876075 -0.808309 -3.226827 -7.846464 -25.708378 -8.242659 5.074862 10.854458 -2.840911 1.667295 -19.871738 -3.294543 8.041315 5.722865 -13.929031 11.194481 -5.346835 2.967783 -15.539129 9.873033 0.895578 -2.972568
-0.042409 -18.060278 6.271332 -5.096122 20.399233 -5.228115 6.400694 22.894199 -3.849010 -0.089567 -4.159933 -8.414059 -24.014729 -7.805151 6.210986 9.369940 -1.530839 1.394962 -21.197952 -3.888303 8.513067 6.629941 -12.747158 10.319642 -5.672214 2.340899 -16.504787 9.992928 0.239765 -2.990775
-1.864598 -18.056791 5.545752 -4.501045 21.130558 -5.568979 6.466105 22.082680 -4.283504 0.754053 -5.212427 -8.427761 -22.664438 -7.351856 6.989184 8.405762 -0.423973 0.991374 -22.043684 -3.735560 8.719151 7.595688 -11.693841 9.509526 -6.085055 1.527851 -17.102945 10.050114 -0.550094 -2.415475
-3.833040 -18.894556 5.224504 -3.868884 21.578964 -6.143291 7.076022 20.483004 -4.741910 1.228998 -6.282539 -8.367383 -21.278378 -6.702054 7.757885 7.987881 0.891009 0.448395 -22.336040 -3.159021 8.837752 8.271604 -10.944238 8.860440 -6.445534 0.941891 -17.499966 10.053276 -1.087598 -1.862442
-5.581102 -19.845259 5.279291 -3.331904 21.468548 -6.641286 7.862623 18.859079 -5.078699 1.333310 -7.215536 -8.211421 -19.954685 -6.065279 8.372866 8.264360 1.959072 -0.207588 -22.359568 -2.268787 8.843008 8.714193 -10.356903 8.242306 -6.797421 0.706973 -17.744720 10.000480 -1.374798 -0.977660
-6.933488 -20.484056 5.264797 -2.860830 21.286686 -6.941799 8.562641 17.609825 -5.476649 1.349386 -7.941044 -8.007634 -19.009806 -5.567251 8.890885 8.358400 2.678787 -0.660352 -22.257355 -1.512436 8.806358 8.922913 -10.004486 7.844966 -7.080237 0.648636 -17.805134 9.951166 -1.453673 -0.168351
-7.735987 -20.625017 4.954302 -2.617420 21.300413 -7.028709 8.803969 16.910595 -5.816822 1.474269 -8.351777 -7.878017 -18.447508 -5.324033 9.200395 8.351532 3.165122 -0.897197 -22.192358 -1.035576 8.850866 9.070542 -9.623601 7.396752 -7.311045 0.632564 -17.908962 9.937877 -1.452346 0.625641
-8.190561 -20.665051 4.664738 -2.466527 21.321255 -7.079695 8.914145 16.482750 -6.039415 1.594290 -8.545753 -7.797574 -18.074600 -5.257268 9.303586 8.413180 3.410038 -1.134870 -22.218374 -0.794462 8.931759 9.170680 -9.324287 7.057098 -7.441685 0.665510 -18.047897 9.919743 -1.431445 1.148304
