-1.409983 -20.306021 6.633458 -8.903467 21.130869 -9.248041 7.297501 11.743182 1.130404 3.771462 -19.123617 8.144587 -19.369373 -19.099693 9.012904 7.079755 4.346404 3.631417 -6.014478 -2.007244 4.533514 10.514260 -11.692106 11.038992 -9.686422 -0.039135 -8.729472 12.148490 -1.063892 6.165467
-1.237451 -20.204887 6.828805 -9.350185 21.066362 -9.360208 7.182594 11.685551 1.479384 3.718247 -19.085495 8.339926 -19.788692 -19.010815 8.882266 7.228867 4.191053 3.954380 -5.741315 -1.664548 4.355348 10.509602 -11.816776 11.092959 -9.701004 -0.019538 -8.423274 12.251587 -1.021347 6.373868
-1.059375 -20.137295 7.396497 -10.043676 20.872883 -9.609138 7.109960 11.708597 2.145629 3.597301 -19.048809 8.624259 -20.561378 -18.885160 8.606975 7.337589 3.724638 4.676589 -5.352726 -1.229540 3.847322 10.183276 -12.518005 11.357770 -9.594447 0.121180 -7.651642 12.491525 -0.747707 6.315744
-0.892283 -19.924824 8.084546 -10.853716 20.742434 -9.757059 6.967866 12.013154 2.913515 3.437999 -18.989872 8.784952 -21.660896 -18.937174 8.063486 7.298206 2.895431 5.726089 -5.011729 -1.155259 3.497327 9.815751 -13.202466 11.614173 -9.466447 0.248232 -7.022179 12.660181 -0.450632 6.048142
-0.806585 -19.835699 8.695745 -11.430569 20.515858 -9.783316 6.875735 12.589859 3.482175 3.160506 -19.133207 8.880379 -22.720657 -18.797115 7.591119 7.046185 2.167940 6.701542 -4.754632 -1.480637 3.298780 9.412263 -13.887113 11.855343 -9.317868 0.433554 -6.529819 12.727575 -0.119798 5.640801
-0.369056 -19.842196 9.055405 -11.626386 20.161156 -9.711000 6.763388 12.939869 3.904701 2.903467 -19.395470 8.832826 -23.708595 -18.561844 7.116409 6.493064 1.441779 7.834476 -4.567144 -2.031291 3.039196 8.931241 -14.697742 12.291081 -9.207448 0.676859 -6.026772 12.632301 0.233058 4.900295
0.099659 -19.868507 9.243696 -11.995936 19.869484 -9.438013 6.495012 13.244365 4.233788 2.547655 -19.331419 8.717738 -24.468884 -18.285238 6.760929 6.257800 1.151698 8.388848 -4.419384 -2.648968 2.818925 8.511605 -15.414076 12.820060 -9.284794 0.903183 -5.681329 12.298389 0.531704 3.971692
0.508501 -19.923264 9.636273 -12.234176 19.490772 -9.120256 6.321077 13.370851 4.538703 2.215528 -19.099693 8.581257 -25.122803 -18.102837 6.393481 6.243836 0.896177 8.680358 -4.245604 -3.312350 2.680310 8.260528 -15.793429 13.211556 -9.400522 1.088697 -5.456342 12.080588 0.742800 3.229679
0.706464 -19.956305 9.953094 -12.317392 19.114023 -8.926847 6.357581 13.447503 4.592119 1.881898 -18.915028 8.537877 -25.569254 -18.189869 6.141375 6.129742 0.656056 8.977770 -4.198197 -3.517492 2.542382 8.067341 -16.082159 13.593288 -9.497944 1.297636 -5.295211 11.861573 0.881932 2.610246
0.725654 -20.009384 10.205832 -12.313059 18.895382 -8.815968 6.435787 13.456627 4.656579 1.765683 -18.724091 8.578271 -25.878414 -18.273848 5.987023 6.083229 0.576153 9.138242 -4.156428 -3.488122 2.494555 7.991206 -16.228653 13.714835 -9.589856 1.346457 -5.180744 11.772705 0.953139 2.461230
0.809248 -19.941999 10.420201 -12.331718 18.790472 -8.760614 6.449859 13.560501 4.716744 1.689089 -18.652641 8.565097 -25.987125 -18.303450 5.914770 6.047789 0.527801 9.176784 -4.171653 -3.567618 2.540993 7.949053 -16.232222 13.719071 -9.615529 1.368713 -5.245537 11.719621 0.990346 2.354058
0.973949 -19.658897 12.185040 -12.161180 18.285381 -7.958856 6.526879 14.956244 5.048603 1.275637 -17.940023 8.578738 -26.920715 -18.819925 5.048015 6.128983 -0.413454 9.116475 -4.348896 -4.465617 2.534246 7.259091 -17.027632 13.909331 -9.875765 1.592833 -5.303601 11.254475 1.487025 1.212102
1.745672 -19.588306 14.223159 -11.502520 16.892561 -6.355417 6.520151 18.035067 4.871858 -0.193025 -16.300529 9.230884 -28.890896 -19.976833 2.782985 7.236068 -2.699679 7.877911 -4.613441 -6.090102 2.509403 4.967886 -19.414011 13.175519 -9.496792 2.328304 -5.511749 11.072792 2.976831 0.021084
2.920478 -19.119040 13.111259 -12.311660 16.163614 -3.298300 5.079149 23.172195 3.688513 -2.322037 -13.687882 9.258160 -31.070992 -21.530582 0.648933 8.566113 -5.474203 6.981818 -5.383698 -8.587395 3.239835 2.326894 -21.186155 13.564769 -7.289644 4.163426 -6.150538 11.450325 4.720032 -1.401375
-0.900327 -14.474463 14.029077 -10.618638 16.831209 -1.914651 5.883773 24.357822 -1.073962 -3.807838 -8.662459 7.932591 -31.212986 -25.690950 -0.707417 6.738272 -6.535354 4.407454 -9.896120 -12.322605 5.958196 1.104120 -18.873367 12.275655 -6.699442 6.201544 -8.248934 11.785048 7.768000 -6.884857
-5.374566 -11.372873 14.775119 -6.939118 15.946263 -0.659462 8.811535 23.571537 -7.082542 -5.505600 -6.695794 4.280426 -26.910698 -25.297140 2.065296 4.255177 -2.497566 1.696762 -15.280704 -16.012690 9.567938 2.785228 -13.592624 9.077074 -8.725915 6.029963 -12.540423 11.632600 8.563939 -11.173646
-7.278255 -8.846857 12.522393 -2.816769 17.831278 0.556617 8.928147 24.496065 -11.877631 -5.114851 -6.138067 3.727284 -21.776318 -25.850689 3.204010 4.394466 -0.359845 -3.270849 -18.469221 -17.193897 11.418047 3.533259 -9.912611 5.031740 -8.627020 5.658944 -14.729522 14.216393 9.522106 -11.961487
-9.586155 -8.214520 5.684346 -2.185156 21.096554 3.075875 7.356041 25.349581 -16.132591 -4.116491 -5.613217 0.974821 -15.805623 -25.582401 5.022032 3.990413 4.085842 -8.014688 -21.562008 -19.162426 12.610430 4.258793 -7.355418 2.100880 -8.464910 6.022276 -17.024208 14.520897 9.447188 -10.384718
-10.783225 -7.932788 1.434892 -1.229756 23.160759 3.548325 7.115319 26.071545 -19.481293 -3.346824 -5.591765 -0.282349 -10.697324 -26.601505 7.413204 2.912849 7.495632 -11.366071 -24.524883 -18.349924 15.056702 5.341214 -4.568895 -0.710588 -9.007083 6.010826 -19.190815 14.756946 9.934196 -8.579262
-10.141898 -7.836243 -0.314593 -1.889204 23.911762 3.332782 6.624095 25.136356 -19.710852 -2.899819 -5.706079 -0.483718 -8.948083 -26.619514 8.513699 2.740673 9.046308 -12.487020 -25.007919 -17.130537 15.796194 6.063017 -3.024602 -2.290614 -9.945340 5.812860 -19.977882 14.892744 10.142919 -7.510169
-10.064318 -7.803422 -0.542250 -1.921567 24.007187 3.316076 6.587420 24.937996 -19.789284 -2.834081 -5.693546 -0.503164 -8.797671 -26.607595 8.665782 2.714932 9.249549 -12.581141 -25.035664 -16.992966 15.826653 6.191191 -2.833901 -2.471653 -10.119893 5.738277 -20.065826 14.880568 10.091471 -7.305682
-9.888055 -7.802088 -0.584945 -1.872370 23.989826 3.272922 6.673309 24.807320 -19.790634 -2.764399 -5.869926 -0.449047 -8.743484 -26.561596 8.705494 2.869592 9.292937 -12.459393 -24.857117 -16.668745 15.814301 6.282897 -2.726107 -2.488767 -10.134336 5.625248 -20.122536 14.872093 9.946603 -7.089929
-9.613838 -7.773272 -0.763772 -1.515488 24.121485 3.211709 6.779891 24.477083 -19.933807 -2.549146 -6.155481 -0.385557 -8.339586 -26.511349 8.903211 3.043219 9.559878 -12.607069 -24.799852 -16.303839 15.676319 6.363470 -2.682577 -2.504182 -10.168759 5.561695 -20.090345 14.808622 9.775069 -6.579328
-8.863575 -7.526459 -1.211960 -1.371838 24.717871 3.280591 6.448045 24.086632 -19.917187 -2.081167 -6.538729 -0.242081 -8.001606 -26.417530 9.022968 3.136788 9.811520 -12.676251 -24.587038 -15.805795 15.556335 6.323403 -2.576521 -2.796594 -10.543806 5.607043 -20.012234 14.700382 9.958326 -5.997370
-8.222786 -7.430165 -2.099185 -1.354404 25.376036 3.432832 6.024333 23.597336 -19.983686 -1.598893 -7.100952 -0.049471 -8.069133 -26.145609 9.242974 2.513229 10.343299 -12.371844 -24.231987 -15.389374 15.422626 6.590416 -2.426502 -3.165489 -11.245167 5.264888 -19.721661 14.658388 10.015485 -5.162763
-8.238503 -6.853942 -2.526836 -1.401345 25.861427 3.548188 5.884056 23.208782 -20.469372 -1.566376 -7.629184 0.206116 -8.352964 -25.938284 9.550779 1.629099 10.751625 -11.769491 -23.778826 -14.951448 15.138872 6.748560 -2.595630 -3.470240 -12.002203 4.994682 -19.222000 14.609777 10.129614 -4.250687
-8.383501 -6.588089 -2.686336 -1.707229 26.358013 3.470921 5.816898 22.060925 -20.533146 -1.267890 -8.140884 0.405371 -8.602279 -25.772465 10.131045 0.819309 11.498556 -11.202072 -23.620218 -14.437983 14.874053 7.040191 -2.445780 -3.930257 -12.585679 4.707762 -19.130508 14.660515 9.977878 -3.385051
-8.835126 -6.501566 -2.780871 -2.266556 26.987310 3.337625 5.774459 20.794670 -20.333242 -0.740716 -9.099543 0.814605 -8.438748 -25.326818 10.860174 -0.265366 12.585401 -10.771677 -23.517242 -13.626205 14.453363 7.098872 -2.583518 -4.068655 -13.034048 4.571740 -18.792620 14.721528 9.941223 -2.785817
-9.346571 -6.495729 -2.861750 -2.763293 27.310329 3.450237 5.832352 20.029030 -20.334652 -0.490906 -9.674585 0.982364 -8.436358 -25.112911 11.172228 -0.924153 13.135059 -10.551957 -23.626989 -13.513224 14.261050 7.029628 -2.756570 -4.090199 -13.328944 4.501997 -18.610149 14.699192 10.008367 -2.676581
-9.552149 -6.702576 -2.957207 -3.064160 27.387836 3.533724 5.925193 19.511030 -20.270721 -0.379969 -9.820607 1.184815 -8.804694 -25.128250 11.107747 -1.013942 13.136060 -10.292297 -23.421015 -13.300394 14.147385 7.261117 -2.631082 -3.863474 -13.307925 4.274348 -18.550257 14.711349 9.700580 -2.587069
-9.538130 -6.694548 -2.924967 -3.160548 27.377039 3.567224 5.907157 19.464405 -20.204710 -0.371557 -9.833031 1.209409 -8.872354 -25.131067 11.088752 -1.025056 13.115363 -10.238613 -23.388529 -13.285336 14.149349 7.265556 -2.630706 -3.828933 -13.299308 4.276210 -18.530712 14.714413 9.704642 -2.611257
-9.538250 -6.695787 -2.925974 -3.160674 27.379278 3.565007 5.905077 19.465361 -20.201889 -0.370701 -9.831776 1.210337 -8.874202 -25.133150 11.087638 -1.023787 13.112661 -10.238812 -23.386503 -13.284391 14.148762 7.266220 -2.630777 -3.828905 -13.299837 4.275457 -18.530674 14.714238 9.703689 -2.611244
-9.538250 -6.695787 -2.925974 -3.160674 27.379278 3.565007 5.905077 19.465361 -20.201889 -0.370701 -9.831776 1.210337 -8.874202 -25.133150 11.087638 -1.023787 13.112661 -10.238812 -23.386503 -13.284391 14.148762 7.266220 -2.630777 -3.828905 -13.299837 4.275457 -18.530674 14.714238 9.703689 -2.611244
-9.538250 -6.695787 -2.925974 -3.160674 27.379278 3.565007 5.905077 19.465361 -20.201889 -0.370701 -9.831776 1.210337 -8.874202 -25.133150 11.087638 -1.023787 13.112661 -10.238812 -23.386503 -13.284391 14.148762 7.266220 -2.630777 -3.828905 -13.299837 4.275457 -18.530674 14.714238 9.703689 -2.611244
-9.538250 -6.695787 -2.925974 -3.160674 27.379278 3.565007 5.905077 19.465361 -20.201889 -0.370701 -9.831776 1.210337 -8.874202 -25.133150 11.087638 -1.023787 13.112661 -10.238812 -23.386503 -13.284391 14.148762 7.266220 -2.630777 -3.828905 -13.299837 4.275457 -18.530674 14.714238 9.703689 -2.611244
-9.536798 -6.696829 -2.927704 -3.158717 27.378914 3.562329 5.902536 19.464373 -20.203663 -0.371763 -9.831687 1.213673 -8.873719 -25.130043 11.095872 -1.024707 13.110362 -10.240521 -23.387733 -13.285610 14.148861 7.265207 -2.631172 -3.827526 -13.300620 4.275342 -18.529266 14.713123 9.702888 -2.612761
-9.530140 -6.704005 -2.932830 -3.161010 27.372089 3.536355 5.904581 19.465778 -20.201538 -0.369994 -9.833988 1.230541 -8.877294 -25.122568 11.100975 -1.026995 13.110944 -10.246100 -23.387558 -13.295520 14.149062 7.266008 -2.631535 -3.827591 -13.300509 4.275352 -18.529087 14.712760 9.702790 -2.613293
-11.052213 -15.209753 -6.923218 -2.959522 30.730896 -0.023860 4.825171 22.407223 -11.724360 5.652854 -15.498688 -5.424957 -6.183763 -19.951693 10.410813 14.823463 11.462991 -10.601068 -10.760280 -15.139843 9.199452 6.538733 -6.953247 3.620539 -9.958861 4.199994 -22.913765 7.405392 -1.269695 3.044975
-11.052213 -15.209753 -6.923218 -2.959522 30.730896 -0.023860 4.825171 22.407223 -11.724360 5.652854 -15.498688 -5.424957 -6.183763 -19.951693 10.410813 14.823463 11.462991 -10.601068 -10.760280 -15.139843 9.199452 6.538733 -6.953247 3.620539 -9.958861 4.199994 -22.913765 7.405392 -1.269695 3.044975
-11.052213 -15.209753 -6.923218 -2.959522 30.730896 -0.023860 4.825171 22.407223 -11.724360 5.652854 -15.498688 -5.424957 -6.183763 -19.951693 10.410813 14.823463 11.462991 -10.601068 -10.760280 -15.139843 9.199452 6.538733 -6.953247 3.620539 -9.958861 4.199994 -22.913765 7.405392 -1.269695 3.044975
-8.704457 -14.438964 -6.425757 -0.957470 28.937698 -4.935084 3.933388 21.457249 -13.959189 2.964389 -14.504921 0.447009 -7.162341 -21.206034 13.075850 8.754150 10.122819 -11.734448 -14.864779 -15.345343 11.032699 7.697047 -8.471623 2.044384 -9.043265 2.286900 -22.622097 8.185781 0.050130 2.744870
-8.813799 -14.546110 -6.351026 -0.975608 28.650522 -5.136492 4.194914 21.489365 -13.983098 2.772597 -14.635186 0.683671 -7.295056 -21.174473 12.840962 8.770568 10.191775 -11.791148 -14.878161 -15.555980 11.105417 7.972747 -8.468981 2.207938 -9.133589 2.150325 -22.846939 7.855552 -0.266238 2.843992
-8.825024 -14.554817 -6.345658 -0.974098 28.642586 -5.133421 4.220952 21.485529 -13.971499 2.781040 -14.601627 0.690600 -7.314136 -21.158382 12.902264 8.755660 10.214990 -11.799154 -14.878049 -15.531891 11.101900 7.967251 -8.463627 2.215764 -9.131633 2.149309 -22.859516 7.853650 -0.277229 2.848480
-8.824739 -14.555384 -6.346501 -0.973276 28.639347 -5.132736 4.222802 21.484608 -13.974087 2.777789 -14.601096 0.692114 -7.313221 -21.157507 12.901231 8.753281 10.216088 -11.801217 -14.882096 -15.532669 11.096350 7.965467 -8.462853 2.214716 -9.133981 2.150815 -22.861097 7.851678 -0.277912 2.852628
-8.845320 -14.526368 -6.324693 -0.983773 28.664108 -5.058584 4.199955 21.488369 -13.979583 2.780102 -14.611575 0.650030 -7.300755 -21.194939 12.832896 8.764128 10.233842 -11.782187 -14.874808 -15.520302 11.105730 7.964451 -8.449593 2.212007 -9.139904 2.163156 -22.865711 7.841173 -0.270035 2.877032
-8.835549 -14.536819 -6.324474 -0.972159 28.655973 -5.069074 4.190082 21.489195 -13.984803 2.768122 -14.628579 0.648904 -7.291637 -21.199036 12.805371 8.774317 10.213637 -11.778639 -14.874201 -15.532644 11.091919 7.961459 -8.453591 2.214212 -9.139091 2.146851 -22.864319 7.855597 -0.281367 2.856964
-8.835549 -14.536819 -6.324474 -0.972159 28.655973 -5.069074 4.190082 21.489195 -13.984803 2.768122 -14.628579 0.648904 -7.291637 -21.199036 12.805371 8.774317 10.213637 -11.778639 -14.874201 -15.532644 11.091919 7.961459 -8.453591 2.214212 -9.139091 2.146851 -22.864319 7.855597 -0.281367 2.856964
-8.845367 -14.524277 -6.320748 -0.975304 28.666641 -5.052197 4.192025 21.487715 -13.982116 2.771852 -14.613781 0.644250 -7.299047 -21.197941 12.823487 8.768002 10.230144 -11.779993 -14.874519 -15.515939 11.100885 7.961779 -8.449270 2.217106 -9.140632 2.158831 -22.863209 7.845343 -0.273931 2.868502
-8.845199 -14.524259 -6.320759 -0.975248 28.666641 -5.052191 4.191874 21.487738 -13.982182 2.771836 -14.613556 0.644234 -7.299097 -21.197922 12.823672 8.767769 10.230681 -11.780137 -14.874545 -15.515872 11.100703 7.961362 -8.449160 2.217306 -9.140447 2.158886 -22.863483 7.845530 -0.273794 2.868442
-8.843231 -14.526964 -6.322960 -0.975196 28.662201 -5.063046 4.192107 21.487165 -13.982909 2.771996 -14.610883 0.646574 -7.300843 -21.195639 12.829783 8.764677 10.235532 -11.781398 -14.874421 -15.516975 11.103868 7.969691 -8.451590 2.207670 -9.137954 2.159677 -22.863369 7.843817 -0.273248 2.875304
