-1.374272 -2.794437 0.732197 -14.408962 17.124695 -10.532387 14.396458 -6.132975 -16.027336 -5.170576 -22.126080 3.371620 -11.610605 -10.670476 17.156197 10.675314 8.225430 -10.125696 -7.955890 13.595135 3.656612 2.987757 3.118726 3.698853 -24.553810 3.024697 -3.291428 15.987961 1.633315 4.027681
-1.696627 -2.910139 0.382371 -14.782889 17.312798 -10.637612 13.993240 -6.704605 -15.909476 -5.214380 -22.442249 3.645407 -11.860020 -10.292363 17.161175 10.447165 8.820184 -10.143670 -7.743671 13.738951 3.530209 3.075126 2.924567 3.685014 -24.779301 2.986448 -3.031719 15.917731 1.660114 4.209116
-2.228135 -3.229398 -0.484771 -15.418698 17.537085 -10.862196 13.200056 -7.378560 -15.754826 -5.531936 -22.868134 4.328566 -12.574142 -9.642016 17.203800 10.169814 9.755370 -10.293732 -7.283555 14.277074 3.266035 3.310041 2.522340 3.449182 -25.187801 2.831745 -2.697121 15.808466 1.593564 4.404416
-3.239685 -3.475914 -1.131902 -16.112909 17.415665 -11.588431 12.219503 -7.537747 -15.595706 -6.504276 -23.587070 5.112080 -13.060309 -8.591706 17.448458 10.010752 11.204095 -10.564856 -6.622296 15.308210 2.893980 3.378427 1.667891 3.222545 -25.704220 2.621156 -2.168578 15.598132 1.593751 4.757642
-4.387190 -3.213203 -0.735171 -16.272642 17.212233 -12.408072 11.122429 -7.533647 -15.158904 -8.007179 -24.243504 6.030194 -14.106128 -7.668172 17.578085 9.657426 11.986835 -10.318368 -5.893867 16.161375 2.498940 3.072228 0.503270 2.938375 -26.027447 2.454813 -1.717886 15.422615 1.747510 5.238502
-4.872457 -3.005156 -0.417218 -17.061197 17.286224 -12.710542 9.791183 -7.483425 -14.351299 -9.409798 -25.142590 7.053239 -15.256751 -6.998594 17.429514 9.111979 12.073482 -9.646413 -5.159478 16.938326 2.128989 2.614359 -0.844208 2.496311 -26.495295 2.252876 -1.167009 15.176397 2.063108 5.937102
-4.574946 -3.098319 -1.208017 -18.483686 17.677305 -12.257619 8.126225 -6.647064 -13.838061 -10.314517 -26.022392 7.685536 -16.307587 -6.600931 16.891811 8.612451 11.535715 -8.329181 -4.663188 17.585348 1.815418 1.888168 -2.001761 1.797781 -26.699419 2.247889 -0.961259 15.053413 2.371922 6.328603
-4.201339 -3.418020 -1.947430 -19.591967 17.722534 -11.643097 7.144593 -5.666342 -13.485223 -11.045039 -26.842321 7.956128 -17.177143 -6.436231 15.952453 8.053164 10.876004 -7.168638 -4.408375 17.654362 1.639153 1.271966 -2.925724 1.242161 -26.740185 2.338355 -0.716094 15.043259 2.684289 7.053606
-4.032099 -3.612672 -2.348955 -19.889303 17.788012 -11.166771 6.581322 -4.958406 -13.441075 -11.545341 -27.057293 8.107482 -17.821480 -6.582101 15.558561 7.698071 10.201083 -6.238742 -4.194120 17.752296 1.558223 0.990131 -3.406724 0.989971 -26.752632 2.404115 -0.639026 14.940392 2.720294 7.373974
-4.041987 -3.641101 -2.384467 -20.058239 17.791500 -10.907657 6.289093 -4.659575 -13.342801 -11.872687 -27.083471 8.128528 -18.296740 -6.704694 15.255591 7.500784 9.896027 -5.783020 -4.070384 17.687847 1.498088 0.760430 -3.726830 0.855494 -26.725187 2.444041 -0.621672 14.902672 2.744726 7.535137
-3.935849 -3.540621 -2.598435 -20.005962 18.001411 -11.011567 6.222814 -4.834843 -13.460973 -11.686591 -27.207912 8.102388 -17.997395 -6.675051 15.253974 7.556742 9.921309 -5.903309 -4.163849 17.742105 1.583515 0.904347 -3.594396 0.807127 -26.768585 2.437880 -0.674636 14.856785 2.729149 7.419557
-3.138519 -2.229025 -3.325449 -19.010557 19.297888 -12.443419 6.953048 -6.134952 -14.150362 -9.742316 -27.720219 7.535895 -15.040145 -7.052768 15.577067 7.961691 10.178752 -7.165730 -5.339535 17.901909 2.599170 2.429061 -2.020631 0.632715 -26.872515 2.429720 -1.618017 14.397306 2.395073 5.881413
-1.788127 0.914333 -4.155655 -17.021919 21.574034 -13.653537 10.053879 -7.041776 -15.637408 -5.668588 -26.166138 6.072906 -10.198390 -9.004334 17.877748 8.601007 10.053121 -8.043557 -7.192111 18.639969 4.400826 5.887777 1.237766 1.338693 -26.442631 3.293214 -3.425168 12.800515 1.491120 3.364339
-1.057284 4.915308 -4.391492 -15.445683 23.926853 -17.398146 17.397696 -6.547719 -15.581198 1.007341 -25.794067 4.370840 -3.967017 -11.506084 19.715652 9.527302 2.725289 -6.584040 -10.590455 16.314526 8.173583 9.734841 2.529479 2.936239 -24.167521 7.848803 -6.783944 9.053293 3.427580 2.711518
5.645980 8.642220 -4.087739 -15.364989 25.189564 -18.570997 23.131966 -3.920265 -13.691037 6.248630 -25.783636 1.817793 1.423283 -14.696600 22.329584 8.019794 -4.729724 -2.145212 -13.531110 11.536928 9.901590 13.417927 2.959578 7.453070 -21.024496 10.730064 -7.097461 5.481661 3.732923 -1.358914
11.575468 7.288814 -2.130499 -14.122934 23.121681 -18.280365 28.193026 -1.850663 -12.264140 7.899866 -20.531235 1.425114 -0.134966 -17.192705 28.202932 4.557547 -5.779375 0.092163 -14.475224 9.703947 10.107744 13.540973 5.398121 11.969794 -19.239103 11.973756 -7.501448 4.932868 3.575572 -3.497210
15.514205 5.831113 1.562654 -12.133472 19.586147 -17.625307 33.308182 -0.764360 -10.993583 10.043005 -16.749313 1.358300 -2.727627 -19.016590 32.147293 2.094640 -8.425317 3.160026 -15.021738 8.023356 9.531254 12.137813 6.548576 14.480947 -16.860296 12.536185 -7.874349 7.249710 4.740455 -3.204743
15.503734 2.521549 2.345294 -10.951544 16.180325 -16.698099 37.383652 0.410904 -11.045585 10.397248 -14.477375 1.771736 -6.043583 -19.999756 32.214954 1.019234 -9.648197 4.241037 -14.680333 5.093213 8.991589 9.993690 6.017149 16.000984 -15.359416 13.321095 -7.731887 9.284061 6.375952 -2.160601
14.584915 -0.371238 3.251761 -12.481911 13.551003 -17.337679 40.686817 -1.016225 -9.470398 11.277603 -13.582949 1.511935 -8.690768 -19.695499 31.930973 0.486805 -10.426400 6.225307 -14.072599 4.391239 8.832283 8.536147 5.720117 16.468592 -14.154704 13.787697 -7.638149 10.640032 7.468218 -1.333863
13.933941 -1.599845 3.640124 -13.178590 12.242229 -17.495646 42.104092 -1.062975 -8.684215 11.563713 -12.846272 1.424239 -10.607067 -19.048338 32.016193 0.129471 -10.551367 7.604550 -13.306470 4.067038 8.607454 7.389354 5.415390 16.754921 -13.299798 14.315537 -7.716119 11.493504 8.317084 -0.725998
13.772594 -1.816558 3.700228 -13.215480 11.986524 -17.490711 42.403370 -1.038223 -8.598212 11.589508 -12.677999 1.460569 -10.950338 -18.915533 32.074429 0.080754 -10.550764 7.818539 -13.152474 4.014219 8.554450 7.161337 5.354407 16.738287 -13.136888 14.417991 -7.723493 11.656261 8.480027 -0.550730
13.533499 -2.077533 4.077284 -13.099812 11.559996 -17.258411 42.982880 -0.828857 -8.560830 11.626954 -12.484882 1.421483 -11.270436 -18.961205 31.958559 0.093938 -10.857743 8.458369 -12.913266 4.237458 8.616973 7.013919 5.267048 16.738279 -12.750193 14.567145 -7.675622 11.911842 8.659886 -0.469872
12.992725 -2.533263 4.560838 -13.162474 10.990071 -16.648777 43.847649 -0.350249 -8.503463 11.598427 -11.961993 1.404386 -11.891992 -19.005428 31.963814 0.099703 -11.458867 9.431830 -12.484529 4.626409 8.660694 6.632498 5.023038 16.765888 -12.222548 14.804738 -7.549136 12.347334 8.941707 -0.263069
12.552565 -3.331852 5.495049 -13.159293 10.098984 -15.700293 44.355732 0.572728 -8.319144 10.769136 -11.281040 1.610616 -12.968443 -19.214439 31.746471 0.448267 -12.637185 10.694396 -11.874415 5.159674 8.527417 5.793456 4.656327 16.839367 -11.571211 15.108788 -7.390917 13.113686 9.342013 0.238433
12.209435 -4.328517 6.285217 -13.603457 9.151505 -13.931454 44.764458 1.728779 -8.218628 9.824987 -10.885937 1.334697 -14.300802 -19.668968 30.569767 0.908383 -13.632607 12.480765 -11.161658 5.541525 8.238728 4.950906 3.901691 16.890297 -10.764106 15.411290 -7.037433 14.082422 9.771531 0.734425
11.764634 -4.874128 7.263252 -14.377985 8.130267 -12.874187 44.389378 3.186851 -7.654527 8.364058 -10.822996 1.388211 -15.733123 -20.156813 28.537962 1.590210 -14.304029 13.704500 -10.551813 6.103249 7.580340 4.199862 3.139259 17.131361 -10.056979 15.520214 -6.393600 15.069048 9.950131 0.971297
11.132850 -5.099756 7.610295 -15.206167 7.576211 -12.227515 43.585991 4.849856 -7.307775 7.058390 -10.486485 1.964473 -17.385979 -20.072678 26.708467 2.539393 -15.246036 14.227536 -9.802181 6.669319 6.687565 3.692325 2.286068 17.192225 -9.452244 15.235885 -5.658067 15.856631 9.906102 0.902560
10.296278 -5.062994 7.705478 -15.989231 6.852200 -11.855748 42.486393 6.617438 -6.836655 5.580736 -10.286436 2.593787 -18.879204 -19.878698 25.111595 3.488751 -16.441013 14.607179 -9.123088 7.209294 5.792526 3.318406 1.464781 17.256052 -8.895683 15.133126 -4.998010 16.517073 9.837501 1.202878
9.820826 -4.934019 7.669660 -16.738001 6.641135 -11.367798 41.486782 7.680627 -6.597095 4.588383 -10.267109 3.039723 -19.778627 -19.415623 24.217178 3.970061 -17.013586 14.787840 -8.643247 7.387767 5.201829 3.118650 0.960751 17.444445 -8.613739 15.173316 -4.608819 16.927013 9.805878 1.466805
9.672010 -4.803349 7.689653 -17.149954 6.717112 -11.101476 40.871040 8.207018 -6.457715 4.098371 -10.467475 3.323671 -20.283775 -19.123268 23.773434 4.242374 -17.274786 14.940822 -8.438972 7.430851 5.002851 3.051672 0.751031 17.312263 -8.624323 15.112842 -4.524778 16.960533 9.756438 1.563382
9.654668 -4.795330 7.687931 -17.186995 6.731446 -11.044276 40.808815 8.271960 -6.443058 4.022301 -10.477884 3.354403 -20.336380 -19.088520 23.760130 4.261313 -17.308062 14.981767 -8.415244 7.437415 4.987536 3.039067 0.734442 17.296078 -8.622613 15.109868 -4.520411 16.967896 9.758985 1.579335
9.657099 -4.794308 7.686987 -17.189892 6.732760 -11.044365 40.809517 8.270433 -6.440618 4.023923 -10.477884 3.354454 -20.336351 -19.088608 23.760267 4.261411 -17.308041 14.982145 -8.415153 7.437264 4.987537 3.040767 0.741310 17.295126 -8.622254 15.110368 -4.525705 16.967710 9.758751 1.578852
9.658913 -4.792549 7.688627 -17.191452 6.733378 -11.044368 40.810356 8.271583 -6.438249 4.024401 -10.478949 3.354828 -20.336613 -19.087330 23.761488 4.260734 -17.309946 14.984127 -8.415203 7.437647 4.985116 3.041649 0.740815 17.298655 -8.620078 15.111178 -4.523821 16.972107 9.759511 1.577254
9.659624 -4.793095 7.687649 -17.192419 6.733044 -11.044947 40.810616 8.273050 -6.438560 4.024987 -10.480844 3.354187 -20.335594 -19.088820 23.762138 4.257724 -17.305071 14.988254 -8.416461 7.436825 4.984737 3.041038 0.741994 17.299911 -8.621175 15.110088 -4.523176 16.971891 9.758309 1.576603
9.661166 -4.791143 7.689011 -17.193972 6.734422 -11.043301 40.812237 8.273956 -6.436264 4.025925 -10.481247 3.358857 -20.336052 -19.086723 23.763252 4.257422 -17.308393 14.985774 -8.415233 7.433388 4.983090 3.045071 0.742928 17.301533 -8.619932 15.111165 -4.523020 16.974409 9.758123 1.576425
9.677775 -4.796977 7.700621 -17.168257 6.725248 -11.056168 40.804855 8.268141 -6.435199 4.012648 -10.482836 3.361525 -20.331581 -19.091793 23.760447 4.257833 -17.304106 14.987962 -8.415565 7.432715 4.969667 3.042737 0.748448 17.308632 -8.620329 15.106508 -4.521935 16.985296 9.753678 1.573035
9.682671 -4.793003 7.703106 -17.169874 6.726998 -11.057535 40.807938 8.268194 -6.431281 4.015868 -10.482559 3.367124 -20.331482 -19.089184 23.763506 4.257206 -17.305891 14.985845 -8.414686 7.430773 4.968208 3.040999 0.749282 17.313339 -8.620918 15.106106 -4.519455 16.986107 9.753067 1.572150
9.566423 -5.000238 7.339464 -18.299841 -0.774538 -8.791998 33.978790 8.171484 -17.921211 -5.716929 -4.007729 -5.715191 -24.235157 -19.435402 22.445480 11.893726 -11.533746 6.126623 -5.007458 12.576355 3.449832 -10.101981 0.962171 12.321868 -14.439548 13.409717 -5.824952 19.979862 9.185649 0.961215
9.566423 -5.000238 7.339464 -18.299841 -0.774538 -8.791998 33.978790 8.171484 -17.921211 -5.716929 -4.007729 -5.715191 -24.235157 -19.435402 22.445480 11.893726 -11.533746 6.126623 -5.007458 12.576355 3.449832 -10.101981 0.962171 12.321868 -14.439548 13.409717 -5.824952 19.979862 9.185649 0.961215
9.566423 -5.000238 7.339464 -18.299841 -0.774538 -8.791998 33.978790 8.171484 -17.921211 -5.716929 -4.007729 -5.715191 -24.235157 -19.435402 22.445480 11.893726 -11.533746 6.126623 -5.007458 12.576355 3.449832 -10.101981 0.962171 12.321868 -14.439548 13.409717 -5.824952 19.979862 9.185649 0.961215
8.364470 -13.020252 6.931065 -12.430298 1.396211 -12.195924 30.664179 11.737747 -14.968085 -3.294070 -3.548773 -5.092630 -25.721252 -25.373646 16.875261 5.516970 -9.083548 7.901356 -8.507838 14.305281 4.962547 -12.804398 1.473464 12.112953 -15.597167 9.689484 -7.993143 20.348814 7.706398 1.874458
8.204021 -13.157804 6.974520 -12.544701 1.677142 -11.525043 30.399664 11.824570 -14.930083 -3.097395 -3.660296 -4.969690 -25.790253 -25.245291 16.856262 5.480375 -9.092140 7.889108 -8.571449 14.375015 5.221344 -13.055615 1.564900 12.156695 -15.851401 9.620334 -8.045098 20.273327 7.777572 1.933407
8.201452 -13.132908 6.976675 -12.559887 1.677927 -11.522619 30.417534 11.821591 -14.930096 -3.091523 -3.680511 -4.963216 -25.788197 -25.235958 16.846476 5.489445 -9.121593 7.910000 -8.566781 14.357372 5.254811 -13.062219 1.565003 12.163404 -15.853009 9.649888 -8.061186 20.248674 7.797706 1.944475
8.206985 -13.130873 6.967916 -12.563278 1.679092 -11.515266 30.417652 11.820869 -14.936287 -3.091924 -3.679914 -4.961747 -25.787766 -25.235268 16.845226 5.487186 -9.120955 7.908564 -8.571075 14.357052 5.257749 -13.061323 1.564780 12.165510 -15.851571 9.648823 -8.060947 20.248140 7.797441 1.944993
8.181939 -13.110284 7.000846 -12.579900 1.690131 -11.441241 30.386114 11.821838 -14.937781 -3.096424 -3.671982 -4.942525 -25.792662 -25.204456 16.896286 5.489514 -9.158696 7.894460 -8.574080 14.366100 5.249432 -13.056856 1.566594 12.168065 -15.852204 9.639030 -8.052145 20.259052 7.792550 1.939959
8.193203 -13.121702 6.996196 -12.566622 1.684679 -11.445932 30.378925 11.822353 -14.943007 -3.108640 -3.655779 -4.953979 -25.786732 -25.228668 16.883993 5.475344 -9.104170 7.885876 -8.574771 14.372727 5.238999 -13.059208 1.566145 12.164183 -15.852997 9.629057 -8.048213 20.269737 7.789440 1.938567
8.193203 -13.121702 6.996196 -12.566622 1.684679 -11.445932 30.378925 11.822353 -14.943007 -3.108640 -3.655779 -4.953979 -25.786732 -25.228668 16.883993 5.475344 -9.104170 7.885876 -8.574771 14.372727 5.238713 -13.059743 1.566239 12.163817 -15.853267 9.628739 -8.048314 20.270098 7.789457 1.938947
8.185455 -13.109867 7.004157 -12.573120 1.691890 -11.432001 30.376787 11.819196 -14.938822 -3.106047 -3.646697 -4.935871 -25.802217 -25.199886 16.927406 5.487075 -9.148581 7.866612 -8.574763 14.375931 5.253126 -13.054151 1.565891 12.168717 -15.850959 9.642212 -8.052225 20.255562 7.793497 1.939615
8.185543 -13.109854 7.004140 -12.573048 1.691914 -11.431985 30.376678 11.819222 -14.938891 -3.106061 -3.646285 -4.935807 -25.802505 -25.199566 16.928341 5.487121 -9.148600 7.866280 -8.574784 14.376697 5.253264 -13.055975 1.565842 12.168621 -15.851723 9.642120 -8.052704 20.255703 7.793620 1.940083
8.186612 -13.111522 7.000678 -12.572332 1.689507 -11.443334 30.378857 11.818972 -14.940286 -3.104210 -3.671730 -4.939718 -25.790741 -25.203754 16.896822 5.488272 -9.159999 7.893855 -8.574226 14.358944 5.250679 -13.058135 1.565230 12.166342 -15.851623 9.639306 -8.053742 20.258024 7.793732 1.939609
