6.222344 -7.392030 -0.694893 0.518833 39.989731 -5.417018 -7.697736 1.539916 -4.734914 2.831380 -35.371960 4.412809 1.124654 -16.443687 11.283488 1.260851 13.524713 3.714494 -10.753044 13.761690 8.764417 18.878511 -10.111569 6.965837 -17.139759 -5.616941 -13.619904 1.595207 -10.052882 -1.669926
5.258852 -7.650637 -0.851700 -0.065923 39.803753 -4.416811 -8.794115 2.363564 -5.071413 1.955729 -35.701183 4.534019 0.432997 -16.494825 10.410466 0.791793 14.608737 4.047531 -10.409830 13.396100 8.774361 18.685219 -10.651571 6.464459 -17.001570 -5.665902 -13.632161 1.702422 -9.894700 -1.589221
3.701635 -7.369692 -1.184205 -0.959629 39.895981 -3.602057 -10.990779 3.784409 -5.715514 0.650153 -35.718704 4.517117 -1.904430 -16.501282 8.862606 -0.111297 16.113068 4.924859 -9.550585 12.890158 8.766877 18.266562 -11.844439 5.615501 -16.655056 -5.618881 -13.482907 1.921763 -9.502742 -1.433809
1.475081 -6.326035 -1.002651 -1.305910 40.056900 -3.615016 -12.928316 5.388578 -6.122431 -0.983159 -36.117062 4.774881 -4.932000 -16.386055 6.897371 -1.079403 17.129461 6.932899 -8.325636 12.037775 8.848247 17.584579 -12.965322 4.713508 -16.310856 -5.473086 -13.454127 2.302787 -8.978699 -1.050666
0.561868 -5.615766 -1.446274 -1.521954 40.391640 -4.985548 -14.930012 7.119262 -6.621009 -2.480407 -36.481297 5.451229 -6.962431 -16.363222 5.901814 -2.080520 16.295271 9.532868 -7.529373 11.035126 8.790088 16.760965 -14.544121 3.670084 -15.823485 -5.323769 -13.296410 2.929597 -8.235982 -0.757940
0.236762 -5.680718 -2.229661 -2.292068 39.928783 -7.031456 -16.035669 8.322856 -6.407021 -3.459762 -36.027431 6.226947 -8.814981 -16.916838 5.410742 -2.486564 14.704744 11.889724 -6.707911 10.685832 8.739829 15.904415 -15.860956 2.759991 -15.106423 -4.999625 -13.175841 3.692886 -7.370573 -0.365467
1.024917 -6.169929 -2.479898 -2.657254 39.197990 -8.371758 -17.313284 9.679168 -5.833392 -4.426494 -35.447964 6.771838 -10.646543 -17.190678 4.971354 -2.592005 12.733810 14.007007 -6.082064 10.360428 8.405096 15.044356 -17.030092 1.919178 -14.467671 -4.622362 -13.401677 4.316016 -6.612919 -0.327559
2.042789 -6.608949 -2.589633 -3.764864 38.602211 -9.357270 -18.107513 10.630392 -4.736833 -4.979462 -34.520672 7.128258 -12.211431 -17.420956 4.895214 -2.292026 10.679690 15.019829 -5.742150 10.357676 7.976141 14.491957 -17.841391 1.175168 -13.979429 -4.415524 -13.431075 4.984813 -6.038288 -0.059271
2.469033 -7.177049 -2.557686 -4.564621 38.021584 -9.527626 -18.343597 11.152763 -3.998070 -5.365793 -33.689396 7.234822 -13.190434 -17.852612 4.534071 -1.886523 9.262075 15.443103 -5.492607 10.557591 7.677058 13.953925 -18.534229 0.775107 -13.642111 -4.175277 -13.521640 5.441179 -5.503890 -0.072502
2.803486 -7.620171 -2.447219 -5.120152 37.657635 -9.456721 -18.506168 11.464127 -3.520449 -5.690749 -33.300999 7.282281 -13.592214 -18.056599 4.340722 -1.794763 8.792787 15.578220 -5.411254 10.563593 7.462101 13.767800 -18.726503 0.555651 -13.633117 -4.130068 -13.471723 5.635140 -5.385698 0.123778
2.694092 -7.468682 -2.427471 -5.019048 37.775162 -9.362493 -18.454721 11.319897 -3.639574 -5.523924 -33.387005 7.331002 -13.478229 -18.009830 4.400868 -1.805383 8.954377 15.511216 -5.453477 10.442169 7.524049 13.768332 -18.626797 0.660428 -13.648874 -4.142944 -13.491666 5.598283 -5.406514 0.094078
1.845543 -6.426006 -2.092227 -4.602448 38.345158 -8.842488 -17.235495 10.691826 -4.549786 -4.142380 -34.639870 7.422358 -12.126124 -17.410721 4.708060 -2.276174 11.214334 14.723178 -5.759149 9.645668 7.934211 14.210505 -17.626959 1.490058 -14.314316 -4.564122 -13.355367 5.014603 -6.056729 0.082183
0.289662 -5.673097 -0.487477 -4.117099 38.774567 -6.738737 -13.699171 8.471021 -5.137068 -1.843904 -35.384056 7.362665 -9.177691 -17.016346 5.719908 -2.131393 14.768884 10.787465 -6.744701 9.376507 8.394382 14.923052 -15.509833 3.419920 -15.451427 -4.721758 -13.270370 3.884474 -6.826572 0.180615
-0.856333 -6.327030 1.860937 -3.755021 37.927193 -4.770931 -8.339437 5.582048 -4.035680 1.168441 -33.117889 6.530432 -6.409479 -16.630707 8.858221 -0.281057 14.929103 4.983626 -8.473189 10.914722 8.631833 16.049534 -12.344685 5.515143 -16.408762 -4.721234 -13.723334 2.911533 -7.687239 0.823802
-0.774580 -6.935839 3.206551 -1.541845 37.632999 -5.551613 -1.232305 2.929104 -3.207010 5.156563 -28.164423 4.748852 -4.556784 -17.428110 12.656487 3.977349 10.796185 1.667229 -9.702405 14.478336 9.461819 16.354513 -7.194099 9.319710 -17.657492 -3.533566 -13.958741 1.294109 -8.370866 2.095106
-4.084142 -9.190810 2.096598 -1.865928 36.113438 -7.888669 7.105238 2.045568 -3.005173 8.964698 -23.680103 4.081481 -4.444536 -17.155460 16.436169 6.364065 9.066722 -1.265975 -9.921540 14.796984 10.361288 15.835959 -2.501629 12.356200 -17.905594 -3.040519 -14.068767 2.016446 -8.580863 3.629335
-1.379049 -12.975943 3.410000 -0.473083 32.283669 -8.236086 10.828165 1.854093 -2.728924 9.034969 -21.992414 2.793641 -2.441509 -18.084742 17.604593 7.828840 7.150311 -3.332237 -11.139576 10.312503 11.023458 14.448290 0.420879 13.602605 -16.695789 -2.676714 -14.728938 4.638345 -7.861815 5.259293
0.744351 -14.225124 6.954399 0.141734 29.833855 -4.178359 10.993834 2.657527 -2.161450 8.201550 -19.352428 0.514452 -2.792984 -20.798035 16.708992 8.022144 7.282714 -3.784827 -11.671900 8.596720 11.207916 12.725468 1.713962 14.005358 -15.222690 -2.474503 -15.297942 7.147218 -7.175773 5.990605
1.643650 -14.120844 10.227345 0.143581 28.304258 -1.972913 12.145329 2.935143 -0.571119 7.950410 -17.650265 -1.219403 -4.382740 -23.099903 14.299987 8.578446 6.093372 -3.213435 -11.736815 8.474473 11.077560 11.205424 2.120939 14.024688 -14.288828 -2.231754 -16.061590 8.302240 -6.784069 6.058036
2.059041 -13.975710 12.455152 -0.118188 27.298212 -1.532136 13.228100 3.302694 0.786597 7.814937 -17.057411 -1.572867 -5.440167 -23.889427 13.386926 8.871836 5.209017 -2.739127 -11.790504 8.492545 10.982627 10.257857 2.243934 14.116391 -13.805764 -1.963574 -16.396296 8.802996 -6.515805 6.125107
2.246185 -13.889269 12.855479 -0.143328 27.259809 -1.593872 13.227682 3.517849 0.957964 7.758151 -17.059273 -1.540623 -5.645478 -23.945328 13.234342 8.880508 4.932047 -2.578018 -11.783019 8.432022 10.956993 10.077040 2.228483 14.137986 -13.649909 -1.908510 -16.487188 8.916985 -6.479063 6.067196
2.703839 -13.806816 13.585746 0.072126 27.028194 -1.528684 13.495009 3.927808 1.138990 7.841442 -16.982700 -1.658977 -5.882374 -24.261229 12.951150 8.814043 4.523939 -2.146968 -11.810241 8.488829 10.959124 9.867776 2.180276 14.189094 -13.426040 -1.815807 -16.610039 9.005548 -6.411063 5.882479
3.371135 -13.656042 14.475101 0.546067 26.613575 -2.246108 14.053879 4.813314 1.504769 8.001225 -16.555799 -1.694863 -6.600673 -24.809866 12.476572 8.916072 3.420336 -1.369205 -11.759898 8.618434 10.950908 9.485024 2.061640 14.288503 -13.075127 -1.660239 -16.787827 9.150355 -6.285521 5.516519
4.121400 -13.484518 15.188003 -0.045011 25.998247 -3.035754 14.263229 6.339676 2.470600 7.826293 -16.091688 -1.689078 -7.370208 -25.210487 11.687475 9.177853 1.647754 -0.005813 -11.339100 9.108257 10.902788 8.946509 1.858967 14.484408 -12.612958 -1.427465 -16.878572 9.350919 -6.072295 5.071164
6.010471 -14.069397 15.333520 -0.585746 25.039230 -2.511497 14.555096 7.650434 3.140402 7.605216 -15.655498 -1.543042 -8.063420 -25.872066 10.946795 9.629299 -0.345164 1.680183 -10.849072 10.353172 11.048068 8.196841 1.525112 14.827834 -12.185528 -0.948752 -17.017010 9.229862 -5.640450 4.563645
7.392350 -13.890367 16.459908 -0.277785 24.691162 -1.349717 14.191579 8.885645 3.216575 6.901615 -15.007866 -1.144123 -9.634372 -26.386314 10.160872 10.210196 -1.426458 2.951995 -10.316439 11.148375 11.067773 7.478988 1.112657 15.269202 -11.843266 -0.556764 -16.922607 9.207222 -5.181224 4.164584
7.739040 -13.776456 17.513870 0.160481 23.988470 -1.798033 14.350381 11.028503 3.121441 6.268055 -14.466968 -1.080756 -11.430091 -26.270166 9.852506 9.804772 -0.938615 3.026826 -9.961823 9.821733 11.093493 6.583044 0.546884 15.645533 -11.556167 -0.146708 -16.784695 9.184065 -4.628820 3.844621
5.849273 -13.948174 17.391243 -0.688176 23.443640 -2.825122 13.904598 13.310429 3.037189 5.227832 -14.004992 -1.211634 -13.024349 -26.123596 9.625485 9.066250 -0.503689 2.998720 -9.814688 8.220612 10.945822 5.821733 -0.119870 15.768530 -11.553342 0.095898 -16.448915 9.287727 -4.128594 3.856847
4.397499 -14.349100 16.344810 -1.601231 23.268127 -3.324297 13.616932 14.218984 2.813622 4.672835 -13.776842 -1.179091 -14.206130 -26.022179 9.283661 8.726683 -0.634466 3.213739 -9.617470 7.383287 10.812176 5.427609 -0.587826 15.878886 -11.632571 0.239457 -16.035276 9.377937 -3.735434 3.962800
3.916024 -14.536530 16.007204 -2.023880 23.074749 -3.588607 13.537482 14.829276 2.855260 4.387948 -13.738844 -1.076106 -14.862198 -25.939781 9.138051 8.517658 -0.573012 3.315498 -9.488788 6.760870 10.714977 5.268081 -0.786069 15.886775 -11.701350 0.291915 -15.771665 9.407225 -3.538952 4.128111
3.852823 -14.525311 15.988233 -2.052242 23.083115 -3.618112 13.486910 14.970798 2.839154 4.330989 -13.725700 -1.076683 -14.882249 -25.920536 9.146773 8.504154 -0.525743 3.296417 -9.475878 6.745095 10.710888 5.265050 -0.789599 15.884265 -11.711434 0.291097 -15.751321 9.406670 -3.527565 4.143429
4.044910 -14.496937 16.027409 -1.929990 23.151419 -3.547005 13.532714 14.489027 2.860591 4.490822 -13.761230 -1.077236 -14.684197 -25.894899 9.193957 8.592142 -0.525219 3.227105 -9.506368 6.907849 10.714842 5.306278 -0.750121 15.851665 -11.686730 0.261067 -15.854025 9.416494 -3.602857 4.099605
4.338962 -14.311846 16.223476 -1.744912 23.335636 -3.358387 13.424104 14.078400 2.871638 4.623145 -13.817446 -1.093761 -14.270541 -25.872688 9.271605 8.783323 -0.515756 3.079544 -9.564782 7.292678 10.764584 5.460304 -0.594759 15.798320 -11.657893 0.193136 -16.049738 9.398273 -3.769552 4.024119
4.990703 -14.071953 16.703611 -1.465929 23.590141 -3.025163 13.308149 13.490982 3.042579 4.795699 -13.990677 -1.091584 -13.615079 -25.726608 9.461456 9.067488 -0.412757 2.776422 -9.650376 7.745092 10.856821 5.684547 -0.283002 15.721889 -11.587489 0.120202 -16.324711 9.350827 -3.991420 3.985909
5.981074 -14.100590 16.989704 -1.070792 23.721544 -2.818416 13.438196 12.310522 3.264873 5.224968 -14.284449 -0.992181 -12.904506 -25.528748 9.648513 9.424389 -0.091789 2.420404 -9.709953 8.237312 10.897960 5.968942 0.051012 15.592771 -11.535897 0.002352 -16.616823 9.336733 -4.262812 4.017498
6.415493 -13.863970 16.927877 -1.257237 24.225079 -2.023264 12.983801 11.360144 3.314567 5.490038 -14.532171 -0.911466 -12.074881 -25.490587 9.844577 9.817653 -0.101039 2.297815 -9.775924 9.090200 10.936577 6.451980 0.510357 15.438507 -11.581805 -0.178934 -16.848957 9.337289 -4.606355 4.188470
6.875498 -13.948442 16.565773 -1.762205 24.680740 -1.763516 12.768824 10.106174 3.696144 5.921802 -15.014542 -0.694360 -11.065640 -25.357035 9.939834 10.449902 -0.520783 2.219106 -9.816252 10.045951 11.007855 7.001527 0.997277 15.337779 -11.630143 -0.324832 -17.003418 9.281929 -4.954245 4.335975
4.143361 -17.970692 9.329365 -5.135048 25.432802 -2.116330 10.650926 10.718751 1.242604 12.865214 -17.826590 -1.114685 -6.783988 -23.312641 10.938086 13.671562 3.883463 4.788754 -5.791181 4.539912 5.799744 13.146726 -3.073406 13.227187 -8.876335 2.585879 -16.400513 8.323467 -5.480661 0.044835
3.317433 -17.901901 8.687987 -5.451324 25.879295 -2.019953 10.302273 9.741619 1.152593 12.962666 -18.141743 -0.952358 -6.042939 -22.905844 11.094672 13.948795 4.318179 3.515854 -6.029407 4.220991 5.709851 13.727640 -2.854226 12.822330 -9.418508 2.232254 -16.293776 8.103757 -5.877393 0.533716
2.323796 -17.818563 7.843512 -5.766464 26.519459 -1.767960 9.834219 8.709251 0.885333 13.122680 -18.504227 -1.045030 -5.372896 -22.219866 11.607686 13.684134 6.284700 1.510783 -6.450747 3.046953 5.493999 14.326238 -2.697318 12.361588 -10.033628 1.833438 -15.967400 8.115705 -6.198389 1.352148
2.052293 -17.402872 7.013210 -3.402288 24.936199 -6.250957 9.457973 7.122105 -2.846486 9.163927 -18.457935 5.160282 -5.946833 -22.168312 14.525615 8.037162 5.847800 -1.636564 -10.956655 2.228249 8.257087 16.524263 -3.438875 10.528663 -9.185330 -1.397393 -15.006361 9.812510 -5.459842 3.090978
0.986326 -17.748911 5.490042 -3.313192 25.420757 -5.851831 9.143416 6.292910 -3.891765 8.760927 -19.332973 5.701861 -5.640250 -21.322731 14.450809 8.087654 7.717254 -2.735846 -10.751781 2.004617 8.140864 17.465033 -3.154845 10.423149 -10.092954 -2.018390 -14.710256 9.452793 -6.084027 4.203978
0.067345 -18.430408 4.021825 -3.689214 25.901035 -5.388262 8.789419 5.235505 -4.360881 8.564968 -20.311064 6.145455 -5.223707 -20.210016 14.754269 8.196751 9.500478 -3.610487 -10.439752 2.410762 8.041805 17.962973 -2.829197 10.170529 -10.833097 -2.370987 -14.333495 9.345429 -6.327949 5.364731
-1.426295 -18.535559 2.549073 -3.845853 26.712648 -5.369987 8.116282 4.662595 -5.047738 8.341237 -20.935390 6.905923 -5.479500 -18.821415 15.265834 8.532359 10.639800 -4.252755 -9.897992 2.943393 7.993556 18.492666 -2.784861 9.894443 -11.552324 -2.699208 -13.854964 9.113844 -6.569537 6.324882
-3.074462 -18.364574 1.816794 -4.313554 27.209938 -6.093068 7.563252 3.964569 -5.192133 8.032887 -21.870075 7.628111 -5.703846 -17.645256 15.181468 8.859042 11.159934 -4.497762 -9.416290 3.265139 7.797901 18.745440 -3.074636 9.670266 -12.310432 -2.914850 -13.352420 8.807444 -6.640568 7.161880
-4.319013 -17.961348 1.448391 -4.931008 27.617825 -6.891087 6.957390 3.490191 -5.060579 7.792435 -22.890785 8.433484 -6.269040 -16.437710 14.922940 8.973653 11.443851 -4.793046 -8.931643 3.303669 7.550597 18.763151 -3.476895 9.483566 -13.037505 -3.044191 -12.717280 8.552916 -6.535661 8.045073
-5.551122 -17.900934 1.379609 -5.433026 27.816496 -7.321560 6.485503 2.888198 -4.663544 7.476790 -23.839016 9.171490 -6.885479 -15.458413 14.496621 9.058382 11.793125 -4.852009 -8.433906 3.198954 7.331317 18.731588 -3.884814 9.214686 -13.487628 -3.118574 -12.358188 8.278591 -6.487304 8.323231
-6.519649 -17.975992 1.407743 -5.933317 27.815020 -7.585011 6.359393 2.112242 -4.256028 7.245866 -24.507713 9.763669 -7.513960 -14.614692 14.305347 9.037445 12.093620 -5.000854 -8.019943 3.013485 7.117661 18.671637 -4.167464 8.967410 -13.864523 -3.137566 -12.077040 8.171305 -6.372007 8.700503
-7.079988 -18.037506 1.394916 -6.349794 27.840534 -7.697421 6.183453 1.618849 -3.990526 7.075969 -24.882687 10.112989 -7.998531 -14.123704 14.165395 8.949764 12.459479 -5.131141 -7.743598 2.847919 6.938215 18.570833 -4.462586 8.789870 -14.076467 -3.198308 -11.859149 8.161725 -6.313830 8.944752
-7.448306 -18.125944 1.324005 -6.623042 27.852875 -7.782857 6.041545 1.344129 -3.838352 6.992625 -25.064560 10.267748 -8.156599 -13.951587 14.095688 8.899424 12.597929 -5.146245 -7.636825 2.800198 6.816036 18.542562 -4.670199 8.677938 -14.253675 -3.258017 -11.665541 8.143620 -6.286495 9.123964
