0.173008 -21.586401 5.341772 -5.344254 23.215645 -5.916662 9.441933 9.316401 5.299266 -3.230289 -14.126312 2.510925 -18.959999 -6.322115 3.836342 6.821438 8.542227 9.419450 -17.838308 -4.481467 4.533514 10.514260 -11.692106 11.038992 -9.686422 -0.039135 -8.729472 12.148490 -1.063892 6.165467
0.240615 -21.548647 5.404522 -5.520540 23.214962 -5.966740 9.367325 9.277037 5.444913 -3.246800 -14.110844 2.602245 -19.109583 -6.273353 3.776572 6.881352 8.501950 9.542222 -17.743832 -4.301483 4.443348 10.489387 -11.776648 11.072601 -9.681010 -0.024026 -8.583426 12.198721 -1.033040 6.228671
0.344937 -21.486223 5.539364 -5.784576 23.152100 -6.023908 9.317791 9.257921 5.647069 -3.292937 -14.075898 2.735084 -19.416451 -6.200721 3.639787 6.963840 8.369431 9.811584 -17.565355 -4.050394 4.355348 10.509602 -11.816776 11.092959 -9.701004 -0.019538 -8.423274 12.251587 -1.021347 6.373868
0.448735 -21.463659 5.826952 -6.151289 23.059191 -6.164200 9.278584 9.195702 6.014925 -3.330764 -14.009527 2.908581 -19.902988 -6.124974 3.419871 7.028011 8.097241 10.289090 -17.334932 -3.731363 4.110950 10.384547 -12.107722 11.196876 -9.675695 0.031981 -8.051029 12.379725 -0.909786 6.410297
0.547805 -21.434950 6.107099 -6.453523 22.950399 -6.246529 9.239681 9.274208 6.303761 -3.420632 -14.003546 3.042295 -20.217186 -6.019691 3.297356 7.062520 7.908824 10.694808 -17.172037 -3.389213 3.847322 10.183276 -12.518005 11.357770 -9.594447 0.121180 -7.651642 12.491525 -0.747707 6.315744
0.627660 -21.388525 6.439154 -6.837012 22.861090 -6.373103 9.198214 9.357136 6.683280 -3.491122 -14.011119 3.137334 -20.570646 -6.001957 3.025189 7.091731 7.512845 11.177603 -17.090872 -3.185096 3.637150 10.015357 -12.875593 11.495017 -9.539468 0.176323 -7.284879 12.589022 -0.606760 6.226646
0.718951 -21.221886 6.797365 -7.274128 22.806332 -6.426220 9.099809 9.586096 7.077428 -3.579590 -13.982355 3.215402 -21.137951 -6.025304 2.748649 7.024039 7.064645 11.812181 -16.943048 -3.136988 3.497327 9.815751 -13.202466 11.614173 -9.466447 0.248232 -7.022179 12.660181 -0.450632 6.048142
0.666210 -21.082561 7.204723 -7.595418 22.748814 -6.491721 9.092309 9.854826 7.381766 -3.695393 -14.019443 3.255925 -21.404869 -5.991560 2.558478 6.998256 6.748092 12.229938 -16.888853 -3.045765 3.370243 9.574246 -13.620286 11.744008 -9.395354 0.380868 -6.690484 12.708351 -0.227663 5.857712
0.741328 -21.095430 7.455640 -7.861983 22.581636 -6.441589 9.057255 10.146057 7.656539 -3.839384 -14.084163 3.286915 -22.059799 -5.926737 2.330487 6.760753 6.372462 12.863909 -16.728621 -3.276833 3.298780 9.412263 -13.887113 11.855343 -9.317868 0.433554 -6.529819 12.727575 -0.119798 5.640801
0.902507 -21.062548 7.655645 -7.990657 22.425632 -6.382757 8.995397 10.357157 7.869850 -3.951779 -14.208017 3.270861 -22.558823 -5.876289 2.044645 6.488202 5.884980 13.543196 -16.639206 -3.479949 3.163838 9.197588 -14.280338 12.071225 -9.265681 0.526115 -6.265462 12.694116 0.035525 5.300596
1.173060 -21.101671 7.804457 -8.063128 22.227356 -6.376829 8.952491 10.495411 8.073257 -4.085930 -14.227968 3.184848 -23.057400 -5.859719 1.938514 6.187603 5.665492 14.000885 -16.497585 -3.928398 3.039196 8.931241 -14.697742 12.291081 -9.207448 0.676859 -6.026772 12.632301 0.233058 4.900295
1.396878 -21.145557 7.865018 -8.276233 22.084846 -6.225489 8.816247 10.665768 8.237517 -4.277287 -14.199856 3.149459 -23.657028 -5.873521 1.698413 5.982565 5.268349 14.550440 -16.362406 -4.291134 2.928862 8.741835 -15.034976 12.509469 -9.230769 0.771637 -5.848696 12.504433 0.363591 4.548280
1.641607 -21.128002 7.992758 -8.432737 21.935684 -6.103846 8.684264 10.799885 8.402413 -4.441730 -14.206804 3.127738 -24.156292 -5.821565 1.554269 5.863719 5.038767 14.858783 -16.179869 -4.701409 2.818925 8.511605 -15.414076 12.820060 -9.284794 0.903183 -5.681329 12.298389 0.531704 3.971692
1.867459 -21.187819 8.189677 -8.594812 21.742138 -5.905636 8.553085 10.875195 8.608175 -4.615016 -14.164084 3.088962 -24.639511 -5.797338 1.430231 5.746269 4.790963 15.178314 -15.989068 -5.129346 2.737322 8.369713 -15.634987 13.070580 -9.338061 1.010000 -5.556773 12.169715 0.642699 3.476455
2.050978 -21.183044 8.384660 -8.671591 21.556726 -5.786391 8.510976 10.926136 8.707368 -4.773239 -14.115839 3.067767 -24.999729 -5.708375 1.259724 5.721180 4.614126 15.446193 -15.872027 -5.352655 2.680310 8.260528 -15.793429 13.211556 -9.400522 1.088697 -5.456342 12.080588 0.742800 3.229679
2.175211 -21.189850 8.552039 -8.702299 21.360355 -5.689440 8.516620 10.969034 8.737978 -4.959025 -14.063086 3.026510 -25.231216 -5.679231 1.189058 5.704638 4.471760 15.637274 -15.794397 -5.531733 2.637774 8.172345 -15.914888 13.421626 -9.443410 1.182750 -5.416625 11.950037 0.804207 2.850065
2.249489 -21.213770 8.706414 -8.746635 21.181379 -5.585219 8.539930 11.001753 8.761172 -5.114247 -13.981482 2.988057 -25.390987 -5.738062 1.124869 5.685152 4.365602 15.759462 -15.737797 -5.617778 2.542382 8.067341 -16.082159 13.593288 -9.497944 1.297636 -5.295211 11.861573 0.881932 2.610246
2.218463 -21.272711 8.819975 -8.720463 21.051544 -5.488168 8.592166 11.012693 8.750663 -5.198553 -13.876427 2.994139 -25.553886 -5.778455 1.059258 5.737089 4.306563 15.813197 -15.654840 -5.618769 2.523153 8.024530 -16.156055 13.666461 -9.548726 1.321267 -5.267996 11.794892 0.910776 2.485639
2.269331 -21.266291 8.958982 -8.742230 20.963200 -5.474135 8.618246 11.010704 8.825685 -5.229894 -13.848629 2.981406 -25.625866 -5.782578 1.022746 5.755325 4.241108 15.881074 -15.626507 -5.648031 2.494555 7.991206 -16.228653 13.714835 -9.589856 1.346457 -5.180744 11.772705 0.953139 2.461230
2.280009 -21.275730 9.021258 -8.760446 20.918194 -5.468946 8.632847 11.017237 8.855598 -5.257778 -13.830582 2.978193 -25.664782 -5.783853 1.009963 5.763598 4.222309 15.908973 -15.606258 -5.652631 2.485140 7.975770 -16.257563 13.724513 -9.609233 1.356035 -5.150246 11.765983 0.973084 2.457742
2.352925 -21.198904 9.173351 -8.760888 20.858290 -5.418782 8.632318 11.114578 8.885849 -5.306488 -13.807004 2.938422 -25.700108 -5.793431 0.992056 5.774307 4.171126 15.922931 -15.603251 -5.753010 2.540993 7.949053 -16.232222 13.719071 -9.615529 1.368713 -5.245537 11.719621 0.990346 2.354058
2.524720 -21.079914 9.901074 -8.828943 20.613008 -5.184344 8.656666 11.562256 9.126836 -5.509371 -13.676607 2.855150 -25.815018 -5.969437 0.784177 5.935112 3.725677 15.872238 -15.672174 -6.130051 2.518416 7.694670 -16.559498 13.874753 -9.731718 1.449889 -5.198596 11.531921 1.175169 1.885244
2.520675 -20.917849 10.933354 -8.588678 20.353279 -4.624237 8.705702 12.510292 9.215254 -5.722357 -13.192047 2.933122 -26.514221 -6.316282 0.133841 6.292738 2.855039 15.664197 -15.719972 -6.819411 2.534246 7.259091 -17.027632 13.909331 -9.875765 1.592833 -5.303601 11.254475 1.487025 1.212102
2.672105 -20.592543 12.386168 -8.348721 19.718834 -3.909369 8.826122 13.988053 9.283045 -6.292429 -12.599874 3.071427 -27.271557 -6.830854 -0.726282 6.979781 1.513750 15.082213 -15.714412 -7.893052 2.494444 6.386307 -17.945343 13.695699 -9.895289 1.862932 -5.490973 10.998220 2.026988 0.521461
3.324545 -20.849489 12.938018 -7.942839 18.979725 -3.003472 8.674948 15.597822 9.040074 -7.183899 -11.844736 3.670074 -28.240326 -7.777495 -1.811068 7.761951 0.058661 13.893683 -15.691155 -8.788473 2.509403 4.967886 -19.414011 13.175519 -9.496792 2.328304 -5.511749 11.072792 2.976831 0.021084
4.227064 -21.050762 12.676808 -8.218733 18.427095 -1.465497 7.967275 18.037031 8.784777 -8.234811 -10.719076 4.085601 -29.139915 -9.128161 -2.970714 8.127263 -1.430752 12.793759 -16.160578 -9.821991 2.818104 3.649956 -20.360388 13.110047 -8.524441 3.097630 -5.858667 11.292186 3.801812 -0.424046
4.516658 -20.389208 11.823828 -8.741623 18.253922 0.042757 7.226753 20.738581 7.857097 -9.306103 -9.272369 3.485193 -30.054052 -10.038068 -3.603210 8.571041 -2.262173 12.513319 -16.394777 -11.357520 3.239835 2.326894 -21.186155 13.564769 -7.289644 4.163426 -6.150538 11.450325 4.720032 -1.401375
3.464535 -17.920771 11.827474 -8.308131 18.838356 0.875386 7.071634 22.087414 5.797328 -9.916795 -7.675676 1.406788 -29.919048 -9.830449 -3.506303 10.831034 -2.774110 12.148978 -16.284895 -13.971462 4.393227 1.324662 -20.780777 13.155992 -6.608066 5.243869 -6.773433 11.747934 6.325741 -3.466982
0.698574 -15.745466 12.737937 -7.050090 18.920670 1.428722 8.029966 21.927929 3.091770 -10.792741 -6.693197 -0.856373 -28.410883 -9.436456 -2.274773 13.341173 -2.063404 10.626209 -15.925116 -16.314917 5.958196 1.104120 -18.873367 12.275655 -6.699442 6.201544 -8.248934 11.785048 7.768000 -6.884857
-2.683739 -14.379773 13.899250 -5.168162 18.081957 2.114552 10.086943 21.354656 -0.123505 -12.076359 -6.001825 -2.892869 -26.410473 -10.462480 -0.462073 14.415440 -1.242370 8.658666 -15.821621 -18.782967 7.883392 1.873532 -16.072916 10.848425 -7.492837 6.415021 -11.048203 11.047194 8.017887 -9.521800
-3.832560 -12.630858 13.508750 -3.374624 18.022404 2.657993 10.985118 21.125183 -2.913981 -12.498943 -6.068373 -4.344342 -23.879818 -10.926246 0.941378 15.393173 -0.810113 6.796976 -15.942052 -21.312052 9.567938 2.785228 -13.592624 9.077074 -8.725915 6.029963 -12.540423 11.632600 8.563939 -11.173646
-4.600817 -11.038252 13.054634 -1.261775 18.660751 2.983184 11.319593 21.273628 -5.232644 -12.338837 -6.531890 -5.000474 -22.211294 -10.753975 1.417757 17.137005 -0.954933 5.173438 -15.657167 -22.647585 10.807653 3.106557 -11.660871 6.949166 -8.703126 5.707045 -13.933816 13.016369 9.080869 -12.084989
-5.726904 -10.114115 11.253425 0.754613 19.915035 3.892614 11.089977 22.042183 -7.706739 -12.114344 -7.382895 -5.311730 -19.966312 -9.385649 1.732653 19.282640 -0.252606 2.624857 -15.210954 -23.225872 11.418047 3.533259 -9.912611 5.031740 -8.627020 5.658944 -14.729522 14.216393 9.522106 -11.961487
-6.707304 -9.652004 8.637653 1.185070 21.718529 5.273438 10.036928 22.609835 -9.223931 -11.520107 -8.689676 -5.939600 -17.190767 -7.956465 2.459721 20.533684 1.567637 -0.205278 -15.187184 -24.092590 11.672626 3.997813 -8.594675 3.308075 -8.683486 5.758157 -15.668323 14.555941 9.422529 -10.937925
-8.049527 -9.468412 4.438125 1.390723 23.172522 6.410263 9.523005 22.899727 -11.962026 -11.125591 -9.571376 -6.997945 -14.119281 -7.349892 3.566252 21.004192 3.584012 -3.092554 -16.255274 -25.576954 12.610430 4.258793 -7.355418 2.100880 -8.464910 6.022276 -17.024208 14.520897 9.447188 -10.384718
-9.224588 -9.530405 1.805376 2.310015 24.356236 6.705113 9.515753 22.959816 -14.050518 -10.617076 -10.229783 -7.676805 -10.858703 -7.413424 4.818899 20.703663 5.227810 -5.483972 -17.744360 -26.041094 13.929688 4.720851 -6.063837 0.808968 -8.546643 6.115333 -18.115574 14.599167 9.742491 -9.608481
-9.249231 -9.187557 0.175960 2.342830 25.240362 6.878977 9.275401 23.623079 -15.318149 -10.356188 -10.414846 -8.133437 -8.746913 -7.753964 5.945019 19.904169 6.662646 -7.005522 -19.026312 -26.287132 15.056702 5.341214 -4.568895 -0.710588 -9.007083 6.010826 -19.190815 14.756946 9.934196 -8.579262
-8.768143 -9.078526 -0.984444 1.955285 25.736671 6.771138 8.950912 23.109526 -15.530509 -10.064077 -10.548259 -8.185819 -7.399452 -7.770077 6.641494 19.666084 7.653973 -7.809624 -19.500540 -25.583572 15.612728 5.818201 -3.552187 -1.699079 -9.575227 5.888784 -19.676971 14.847866 10.097075 -7.839099
-8.611744 -9.085058 -1.572037 1.678949 25.995193 6.669724 8.787129 22.686966 -15.545993 -9.903305 -10.634622 -8.193526 -6.700329 -7.629400 6.962019 19.461609 8.285724 -8.259994 -19.845795 -25.250399 15.796194 6.063017 -3.024602 -2.290614 -9.945340 5.812860 -19.977882 14.892744 10.142919 -7.510169
-8.536280 -9.067368 -1.820261 1.653293 26.115376 6.641166 8.734634 22.535969 -15.637896 -9.839582 -10.557249 -8.206020 -6.546093 -7.632234 7.033731 19.391102 8.504508 -8.411184 -19.954325 -25.131508 15.834105 6.191021 -2.860821 -2.439810 -10.121524 5.730278 -20.029888 14.873896 10.095855 -7.326904
-8.529522 -9.057688 -1.801671 1.651354 26.087238 6.646900 8.747334 22.489574 -15.626277 -9.842876 -10.578035 -8.190976 -6.549920 -7.620882 7.025485 19.401356 8.485337 -8.380088 -19.940714 -25.077232 15.826653 6.191191 -2.833901 -2.471653 -10.119893 5.738277 -20.065826 14.880568 10.091471 -7.305682
-8.458462 -9.075405 -1.832250 1.659121 26.098278 6.661169 8.758213 22.427996 -15.596446 -9.792624 -10.684837 -8.179985 -6.469038 -7.577383 7.010272 19.522133 8.457103 -8.392255 -19.870760 -24.960205 15.825880 6.193335 -2.793359 -2.491269 -10.090564 5.742435 -20.108654 14.894382 10.072489 -7.283193
-8.353468 -9.056344 -1.844251 1.700440 26.069824 6.603739 8.833391 22.358892 -15.627440 -9.773175 -10.817913 -8.145289 -6.412523 -7.503501 6.953453 19.703388 8.406750 -8.404424 -19.751001 -24.815456 15.814301 6.282897 -2.726107 -2.488767 -10.134336 5.625248 -20.122536 14.872093 9.946603 -7.089929
-8.243318 -9.120911 -2.072455 1.839480 26.141251 6.572031 8.914213 22.226837 -15.779529 -9.706327 -10.951315 -8.160495 -6.203873 -7.418361 6.968172 19.924786 8.526797 -8.590629 -19.674221 -24.668579 15.786511 6.397934 -2.647344 -2.476697 -10.134695 5.545158 -20.108332 14.859810 9.801317 -6.785296
-8.079252 -9.027529 -2.023078 2.057321 26.201485 6.542527 8.939972 22.028658 -15.770616 -9.557922 -11.173808 -8.106762 -6.057075 -7.311634 6.992523 20.095205 8.603630 -8.678195 -19.576729 -24.461176 15.676319 6.363470 -2.682577 -2.504182 -10.168759 5.561695 -20.090345 14.808622 9.775069 -6.579328
-7.755116 -8.846542 -2.023635 2.184044 26.381439 6.555166 8.844097 21.888746 -15.736327 -9.381397 -11.384311 -8.129010 -5.733712 -7.126849 7.073997 20.301941 8.859480 -8.862416 -19.543650 -24.223965 15.635460 6.364780 -2.629138 -2.571756 -10.242984 5.550319 -20.077084 14.779766 9.789750 -6.303410
-7.325681 -8.780799 -2.471658 2.204583 26.797115 6.610605 8.610432 21.638653 -15.754577 -9.087778 -11.580290 -8.103703 -5.638972 -6.794525 7.073878 20.615929 9.076190 -8.856948 -19.247578 -23.846851 15.556335 6.323403 -2.576521 -2.796594 -10.543806 5.607043 -20.012234 14.700382 9.958326 -5.997370
-6.911085 -8.753904 -2.955111 2.160654 27.158337 6.685634 8.382951 21.322704 -15.744850 -8.806729 -11.864334 -8.080716 -5.580297 -6.468744 7.273276 20.484379 9.544909 -8.748080 -19.106777 -23.593254 15.467356 6.400352 -2.593762 -2.908790 -10.879493 5.459192 -19.807522 14.681309 10.022975 -5.678060
-6.679368 -8.692065 -3.364441 2.217996 27.463591 6.769783 8.185942 21.146040 -15.813813 -8.593913 -12.186295 -8.053814 -5.568245 -6.090087 7.399879 20.340023 9.843302 -8.575753 -18.824005 -23.435993 15.422626 6.590416 -2.426502 -3.165489 -11.245167 5.264888 -19.721661 14.658388 10.015485 -5.162763
-6.613215 -8.406861 -3.483580 2.261417 27.753256 6.908511 8.018985 21.131306 -15.956332 -8.521833 -12.525544 -7.912036 -5.673914 -5.712074 7.434985 20.220493 9.959212 -8.358910 -18.518167 -23.244062 15.305693 6.693021 -2.492536 -3.356374 -11.650182 5.065275 -19.503702 14.621208 10.051297 -4.679824
-6.693781 -8.116572 -3.789330 2.173942 27.947021 6.886145 8.048368 20.756468 -16.299751 -8.563012 -12.831654 -7.846478 -5.873749 -5.436866 7.667471 19.884518 10.200041 -7.986215 -18.210894 -23.182476 15.138872 6.748560 -2.595630 -3.470240 -12.002203 4.994682 -19.222000 14.609777 10.129614 -4.250687
-6.747328 -7.979064 -3.940413 2.046885 28.249641 6.830539 8.038026 20.208652 -16.399733 -8.389074 -13.092777 -7.679871 -6.134717 -5.235280 7.843175 19.797792 10.405837 -7.697606 -17.930189 -22.952213 14.941863 6.776492 -2.836916 -3.513786 -12.282929 4.813217 -19.029003 14.547747 10.060224 -3.931949
-6.839140 -7.852144 -3.937261 1.872549 28.434555 6.820718 7.988533 19.610361 -16.366508 -8.263704 -13.468479 -7.670657 -6.136051 -4.986569 8.112564 19.437996 10.718960 -7.500568 -17.923227 -23.016119 14.874053 7.040191 -2.445780 -3.930257 -12.585679 4.707762 -19.130508 14.660515 9.977878 -3.385051
-7.008863 -7.771638 -3.952579 1.591592 28.738480 6.653900 7.968424 18.913696 -16.223591 -7.991528 -14.110002 -7.499465 -5.801239 -4.536728 8.564554 19.073803 11.384844 -7.413386 -17.836233 -22.543335 14.646832 6.985344 -2.626603 -4.034255 -12.804974 4.700417 -18.991045 14.681558 10.008132 -3.121491
-7.290658 -7.765607 -4.031696 1.313124 29.063969 6.687461 7.946188 18.343874 -16.166714 -7.736554 -14.577397 -7.345458 -5.956321 -4.238478 8.744518 18.653301 11.709786 -7.045244 -17.665720 -22.378668 14.453363 7.098872 -2.583518 -4.068655 -13.034048 4.571740 -18.792620 14.721528 9.941223 -2.785817
-7.646068 -7.786347 -4.070731 1.086853 29.265903 6.759424 8.010144 17.875771 -16.209673 -7.570927 -15.047322 -7.223844 -5.775061 -3.963843 9.033257 18.297497 12.157644 -6.983314 -17.642065 -22.186718 14.294783 7.065645 -2.739350 -4.091216 -13.249662 4.485332 -18.657976 14.676627 9.946828 -2.645952
-7.801975 -7.760049 -4.115916 0.816290 29.388256 6.799118 8.002387 17.578148 -16.169163 -7.486481 -15.227915 -7.179685 -5.845552 -3.872262 9.130654 18.100035 12.311201 -6.880129 -17.591269 -22.206568 14.261050 7.029628 -2.756570 -4.090199 -13.328944 4.501997 -18.610149 14.699192 10.008367 -2.676581
-7.949456 -7.842913 -4.276610 0.649069 29.504841 6.818156 8.070699 17.234026 -16.218391 -7.409152 -15.374244 -7.063846 -6.038241 -3.809270 9.093112 18.042564 12.277722 -6.670922 -17.460821 -22.105059 14.226856 7.213512 -2.571612 -4.065599 -13.342473 4.358109 -18.679077 14.718519 9.797136 -2.551089
-8.008350 -7.966794 -4.212791 0.513484 29.467100 6.880637 8.093524 17.059586 -16.104040 -7.376179 -15.425027 -7.025553 -6.117713 -3.788792 9.110271 18.016479 12.317370 -6.582423 -17.418524 -22.047607 14.147385 7.261117 -2.631082 -3.863474 -13.307925 4.274348 -18.550257 14.711349 9.700580 -2.587069
-7.996526 -7.958699 -4.180506 0.414546 29.456970 6.914361 8.073792 17.012596 -16.037489 -7.369221 -15.445665 -7.007082 -6.172651 -3.774979 9.097789 18.006212 12.313081 -6.531472 -17.384226 -22.022884 14.149349 7.265556 -2.630706 -3.828933 -13.299308 4.276210 -18.530712 14.714413 9.704642 -2.611257
-7.996526 -7.958699 -4.180506 0.414546 29.456970 6.914361 8.073792 17.012596 -16.037489 -7.369221 -15.445665 -7.007082 -6.172651 -3.774979 9.097789 18.006212 12.313081 -6.531472 -17.384226 -22.022884 14.149349 7.265556 -2.630706 -3.828933 -13.299308 4.276210 -18.530712 14.714413 9.704642 -2.611257
-7.996644 -7.959946 -4.181377 0.414518 29.459103 6.912337 8.071816 17.013594 -16.034765 -7.368352 -15.449054 -7.009663 -6.169992 -3.772274 9.096749 18.008514 12.310208 -6.528463 -17.385855 -22.023407 14.148762 7.266220 -2.630777 -3.828905 -13.299837 4.275457 -18.530674 14.714238 9.703689 -2.611244
-7.996644 -7.959946 -4.181377 0.414518 29.459103 6.912337 8.071816 17.013594 -16.034765 -7.368352 -15.449054 -7.009663 -6.169992 -3.772274 9.096749 18.008514 12.310208 -6.528463 -17.385855 -22.023407 14.148762 7.266220 -2.630777 -3.828905 -13.299837 4.275457 -18.530674 14.714238 9.703689 -2.611244
-7.996644 -7.959946 -4.181377 0.414518 29.459103 6.912337 8.071816 17.013594 -16.034765 -7.368352 -15.449054 -7.009663 -6.169992 -3.772274 9.096749 18.008514 12.310208 -6.528463 -17.385855 -22.023407 14.148762 7.266220 -2.630777 -3.828905 -13.299837 4.275457 -18.530674 14.714238 9.703689 -2.611244
-7.996644 -7.959946 -4.181377 0.414518 29.459103 6.912337 8.071816 17.013594 -16.034765 -7.368352 -15.449054 -7.009663 -6.169992 -3.772274 9.096749 18.008514 12.310208 -6.528463 -17.385855 -22.023407 14.148762 7.266220 -2.630777 -3.828905 -13.299837 4.275457 -18.530674 14.714238 9.703689 -2.611244
-7.996644 -7.959946 -4.181377 0.414518 29.459103 6.912337 8.071816 17.013594 -16.034765 -7.368352 -15.449054 -7.009663 -6.169992 -3.772274 9.096749 18.008514 12.310208 -6.528463 -17.385855 -22.023407 14.148762 7.266220 -2.630777 -3.828905 -13.299837 4.275457 -18.530674 14.714238 9.703689 -2.611244
-7.996644 -7.959946 -4.181377 0.414518 29.459103 6.912337 8.071816 17.013594 -16.034765 -7.368352 -15.449054 -7.009663 -6.169992 -3.772274 9.096749 18.008514 12.310208 -6.528463 -17.385855 -22.023407 14.148762 7.266220 -2.630777 -3.828905 -13.299837 4.275457 -18.530674 14.714238 9.703689 -2.611244
-7.996644 -7.959946 -4.181377 0.414518 29.459103 6.912337 8.071816 17.013594 -16.034765 -7.368352 -15.449054 -7.009663 -6.169992 -3.772274 9.096749 18.008514 12.310208 -6.528463 -17.385855 -22.023407 14.148762 7.266220 -2.630777 -3.828905 -13.299837 4.275457 -18.530674 14.714238 9.703689 -2.611244
-7.996644 -7.959946 -4.181377 0.414518 29.459103 6.912337 8.071816 17.013594 -16.034765 -7.368352 -15.449054 -7.009663 -6.169992 -3.772274 9.096749 18.008514 12.310208 -6.528463 -17.385855 -22.023407 14.148762 7.266220 -2.630777 -3.828905 -13.299837 4.275457 -18.530674 14.714238 9.703689 -2.611244
-7.995828 -7.958004 -4.177210 0.415029 29.459457 6.914586 8.070124 17.014683 -16.033531 -7.370650 -15.448965 -7.006327 -6.169509 -3.769168 9.104983 18.007595 12.307907 -6.530173 -17.387087 -22.024624 14.148861 7.265207 -2.631172 -3.827526 -13.300620 4.275342 -18.529266 14.713123 9.702888 -2.612761
-7.995828 -7.958004 -4.177210 0.415029 29.459457 6.914586 8.070124 17.014683 -16.033531 -7.370650 -15.448965 -7.006327 -6.169509 -3.769168 9.104983 18.007595 12.307907 -6.530173 -17.387087 -22.024624 14.148861 7.265207 -2.631172 -3.827526 -13.300620 4.275342 -18.529266 14.713123 9.702888 -2.612761
-7.995828 -7.958004 -4.177210 0.415029 29.459457 6.914586 8.070124 17.014683 -16.033531 -7.370650 -15.448965 -7.006327 -6.169509 -3.769168 9.104983 18.007595 12.307907 -6.530173 -17.387087 -22.024624 14.148861 7.265207 -2.631172 -3.827526 -13.300620 4.275342 -18.529266 14.713123 9.702888 -2.612761
-7.996205 -7.957975 -4.176081 0.415478 29.459812 6.914840 8.070020 17.013920 -16.032715 -7.371723 -15.451265 -6.989459 -6.173083 -3.761692 9.110085 18.005306 12.308490 -6.535752 -17.386911 -22.034536 14.149062 7.266008 -2.631535 -3.827591 -13.300509 4.275352 -18.529087 14.712760 9.702790 -2.613293
-7.996205 -7.957975 -4.176081 0.415478 29.459812 6.914840 8.070020 17.013920 -16.032715 -7.371723 -15.451265 -6.989459 -6.173083 -3.761692 9.110085 18.005306 12.308490 -6.535752 -17.386911 -22.034536 14.149062 7.266008 -2.631535 -3.827591 -13.300509 4.275352 -18.529087 14.712760 9.702790 -2.613293
-7.373952 -19.071812 -9.748372 2.042777 30.615442 -0.580660 5.644780 20.136482 -9.312369 -1.985574 -10.669931 -2.694247 -7.966579 -14.746377 2.976979 5.111333 12.767985 -7.104959 -27.672384 -12.852968 9.199452 6.538733 -6.953247 3.620539 -9.958861 4.199994 -22.913765 7.405392 -1.269695 3.044975
-7.373952 -19.071812 -9.748372 2.042777 30.615442 -0.580660 5.644780 20.136482 -9.312369 -1.985574 -10.669931 -2.694247 -7.966579 -14.746377 2.976979 5.111333 12.767985 -7.104959 -27.672384 -12.852968 9.199452 6.538733 -6.953247 3.620539 -9.958861 4.199994 -22.913765 7.405392 -1.269695 3.044975
-7.373952 -19.071812 -9.748372 2.042777 30.615442 -0.580660 5.644780 20.136482 -9.312369 -1.985574 -10.669931 -2.694247 -7.966579 -14.746377 2.976979 5.111333 12.767985 -7.104959 -27.672384 -12.852968 9.199452 6.538733 -6.953247 3.620539 -9.958861 4.199994 -22.913765 7.405392 -1.269695 3.044975
-7.373952 -19.071812 -9.748372 2.042777 30.615442 -0.580660 5.644780 20.136482 -9.312369 -1.985574 -10.669931 -2.694247 -7.966579 -14.746377 2.976979 5.111333 12.767985 -7.104959 -27.672384 -12.852968 9.199452 6.538733 -6.953247 3.620539 -9.958861 4.199994 -22.913765 7.405392 -1.269695 3.044975
-7.373952 -19.071812 -9.748372 2.042777 30.615442 -0.580660 5.644780 20.136482 -9.312369 -1.985574 -10.669931 -2.694247 -7.966579 -14.746377 2.976979 5.111333 12.767985 -7.104959 -27.672384 -12.852968 9.199452 6.538733 -6.953247 3.620539 -9.958861 4.199994 -22.913765 7.405392 -1.269695 3.044975
-7.392572 -16.539112 -8.099672 2.558766 31.231602 -1.091938 5.786092 19.341764 -9.408038 -3.467957 -11.184402 -2.493943 -7.319111 -9.909808 7.310767 7.317582 12.620896 -6.447247 -26.548258 -16.555058 10.745174 7.817420 -8.265037 2.301644 -9.145668 2.807410 -22.753254 7.888243 -0.213000 2.569788
-7.330318 -15.659960 -7.533953 2.414860 30.975496 -1.491417 6.019857 19.083071 -9.747430 -3.980146 -11.085909 -2.937078 -7.220630 -9.424671 8.094789 7.580716 12.867987 -6.214619 -26.217228 -16.701923 11.032699 7.697047 -8.471623 2.044384 -9.043265 2.286900 -22.622097 8.185781 0.050130 2.744870
-7.292727 -15.753541 -7.543971 2.594098 30.718338 -1.708385 6.334118 19.044121 -9.817627 -4.271730 -11.132341 -2.860399 -7.214894 -9.422753 8.014688 7.642177 12.957750 -6.249391 -26.186419 -16.888250 11.130595 8.000714 -8.490710 2.125377 -9.082565 2.181181 -22.823967 7.873527 -0.215885 2.903306
-7.251625 -15.796309 -7.583104 2.601653 30.744091 -1.718816 6.326520 19.061394 -9.806668 -4.248158 -11.099480 -2.867882 -7.239635 -9.441572 7.983997 7.610422 13.029119 -6.255180 -26.208788 -16.866508 11.105417 7.972747 -8.468981 2.207938 -9.133589 2.150325 -22.846939 7.855552 -0.266238 2.843992
-7.238462 -15.825609 -7.594906 2.623406 30.729433 -1.730522 6.323459 19.061035 -9.814735 -4.259887 -11.063924 -2.854601 -7.263053 -9.423602 8.040482 7.586522 13.050694 -6.259569 -26.219584 -16.840178 11.099603 7.966931 -8.463463 2.214585 -9.132668 2.150548 -22.858036 7.854240 -0.276697 2.850179
-7.238462 -15.825609 -7.594906 2.623406 30.729433 -1.730522 6.323459 19.061035 -9.814735 -4.259887 -11.063660 -2.854667 -7.263335 -9.423390 8.040440 7.586906 13.050907 -6.260040 -26.218966 -16.840572 11.101900 7.967251 -8.463627 2.215764 -9.131633 2.149309 -22.859516 7.853650 -0.277229 2.848480
-7.233256 -15.826009 -7.600739 2.620357 30.732182 -1.733071 6.323043 19.061657 -9.813172 -4.258284 -11.061933 -2.860093 -7.263932 -9.425744 8.036281 7.587797 13.057845 -6.258622 -26.217875 -16.832573 11.107373 7.976229 -8.462663 2.209822 -9.128990 2.158829 -22.856176 7.847177 -0.272106 2.861055
-7.238178 -15.826174 -7.595750 2.624227 30.726196 -1.729835 6.325308 19.060116 -9.817325 -4.263139 -11.063921 -2.855191 -7.263225 -9.423912 8.040948 7.588017 13.050193 -6.259809 -26.217413 -16.841070 11.096350 7.965467 -8.462853 2.214716 -9.133981 2.150815 -22.861097 7.851678 -0.277912 2.852628
-7.238187 -15.825838 -7.594822 2.624786 30.725456 -1.730999 6.326462 19.059883 -9.817504 -4.263493 -11.064506 -2.856619 -7.261755 -9.422444 8.041061 7.590868 13.048566 -6.258263 -26.216593 -16.839958 11.096350 7.965467 -8.462853 2.214716 -9.133981 2.150815 -22.861097 7.851678 -0.277912 2.852628
-7.238171 -15.822113 -7.617731 2.609996 30.725986 -1.737145 6.343560 19.065180 -9.826385 -4.233936 -11.074925 -2.899046 -7.249063 -9.459668 7.972769 7.601499 13.065945 -6.238758 -26.209475 -16.828262 11.105730 7.964451 -8.449593 2.212007 -9.139904 2.163156 -22.865711 7.841173 -0.270035 2.877032
-7.255339 -15.811775 -7.607965 2.600772 30.730350 -1.726726 6.350537 19.063198 -9.822965 -4.227060 -11.091581 -2.898476 -7.240677 -9.463230 7.947892 7.610233 13.048604 -6.235929 -26.209127 -16.841103 11.089941 7.957644 -8.453261 2.216836 -9.140313 2.145006 -22.864386 7.857084 -0.282658 2.854815
-7.255948 -15.811645 -7.607454 2.600895 30.729979 -1.726663 6.350760 19.063238 -9.822929 -4.227114 -11.091930 -2.900172 -7.239945 -9.463765 7.945244 7.611690 13.045739 -6.235209 -26.208868 -16.840605 11.091919 7.961459 -8.453591 2.214212 -9.139091 2.146851 -22.864319 7.855597 -0.281367 2.856964
-7.255948 -15.811645 -7.607454 2.600895 30.729979 -1.726663 6.350760 19.063238 -9.822929 -4.227114 -11.091930 -2.900172 -7.239945 -9.463765 7.945244 7.611690 13.045739 -6.235209 -26.208868 -16.840605 11.091919 7.961459 -8.453591 2.214212 -9.139091 2.146851 -22.864319 7.855597 -0.281367 2.856964
-7.255948 -15.811645 -7.607454 2.600895 30.729979 -1.726663 6.350760 19.063238 -9.822929 -4.227114 -11.091930 -2.900172 -7.239945 -9.463765 7.945244 7.611690 13.045739 -6.235209 -26.208868 -16.840605 11.091919 7.961459 -8.453591 2.214212 -9.139091 2.146851 -22.864319 7.855597 -0.281367 2.856964
-7.255948 -15.811645 -7.607454 2.600895 30.729979 -1.726663 6.350760 19.063238 -9.822929 -4.227114 -11.091930 -2.900172 -7.239945 -9.463765 7.945244 7.611690 13.045739 -6.235209 -26.208868 -16.840605 11.091919 7.961459 -8.453591 2.214212 -9.139091 2.146851 -22.864319 7.855597 -0.281367 2.856964
-7.249226 -15.812836 -7.616780 2.597620 30.730911 -1.730943 6.352157 19.066364 -9.824742 -4.222607 -11.077238 -2.904696 -7.247380 -9.462697 7.963485 7.605497 13.062435 -6.236600 -26.208923 -16.823736 11.100885 7.961779 -8.449270 2.217106 -9.140632 2.158831 -22.863209 7.845343 -0.273931 2.868502
-7.249226 -15.812836 -7.616780 2.597620 30.730911 -1.730943 6.352157 19.066364 -9.824742 -4.222607 -11.077014 -2.904712 -7.247430 -9.462676 7.963671 7.605263 13.062973 -6.236743 -26.208950 -16.823669 11.100703 7.961362 -8.449160 2.217306 -9.140447 2.158886 -22.863483 7.845530 -0.273794 2.868442
-7.249226 -15.812836 -7.616780 2.597620 30.730911 -1.730943 6.352157 19.066364 -9.824742 -4.222607 -11.077014 -2.904712 -7.247430 -9.462676 7.963671 7.605263 13.062973 -6.236743 -26.208950 -16.823669 11.100703 7.961362 -8.449160 2.217306 -9.140447 2.158886 -22.863483 7.845530 -0.273794 2.868442
-7.237382 -15.819105 -7.615007 2.608045 30.728960 -1.738940 6.341308 19.064060 -9.822251 -4.235905 -11.074342 -2.902371 -7.249176 -9.460396 7.969782 7.602173 13.067824 -6.238005 -26.208826 -16.824774 11.103868 7.969691 -8.451590 2.207670 -9.137954 2.159677 -22.863369 7.843817 -0.273248 2.875304
-7.237382 -15.819105 -7.615007 2.608045 30.728960 -1.738940 6.341308 19.064060 -9.822251 -4.235905 -11.074342 -2.902371 -7.249176 -9.460396 7.969782 7.602173 13.067824 -6.238005 -26.208826 -16.824774 11.103868 7.969691 -8.451590 2.207670 -9.137954 2.159677 -22.863369 7.843817 -0.273248 2.875304
-7.237382 -15.819105 -7.615007 2.608045 30.728960 -1.738940 6.341308 19.064060 -9.822251 -4.235905 -11.074342 -2.902371 -7.249176 -9.460396 7.969782 7.602173 13.067824 -6.238005 -26.208826 -16.824774 11.103868 7.969691 -8.451590 2.207670 -9.137954 2.159677 -22.863369 7.843817 -0.273248 2.875304
