6.222344 -7.392030 -0.694893 0.518833 39.989731 -5.417018 -7.697736 1.539916 -4.734914 2.831380 -29.209171 -4.508055 -0.469901 -2.128568 8.973697 3.789963 12.980653 5.639705 -20.936867 14.599649 8.764417 18.878511 -10.111569 6.965837 -17.139759 -5.616941 -13.619904 1.595207 -10.052882 -1.669926
5.766945 -7.600361 -0.776184 0.400207 39.876633 -5.023458 -8.128758 1.768819 -4.941501 2.415086 -29.341110 -4.479236 -0.765228 -2.040838 8.741035 3.699939 13.134989 5.757064 -20.808470 14.652540 8.754699 18.764917 -10.367138 6.698281 -17.112638 -5.652068 -13.615338 1.665440 -9.974771 -1.600059
5.258852 -7.650637 -0.851700 -0.065923 39.803753 -4.416811 -8.794115 2.363564 -5.071413 1.955729 -29.538515 -4.563811 -1.143646 -2.072566 8.272914 3.558057 13.210113 6.097472 -20.656994 14.660177 8.774361 18.685219 -10.651571 6.464459 -17.001570 -5.665902 -13.632161 1.702422 -9.894700 -1.589221
4.515933 -7.625922 -1.003574 -0.515445 39.819672 -3.900028 -9.789322 3.078030 -5.375348 1.324055 -29.658968 -4.545595 -1.924612 -1.896863 7.957092 3.322615 13.227075 6.521550 -20.422541 14.671362 8.804759 18.578653 -11.120802 6.133600 -16.841919 -5.648005 -13.529044 1.762767 -9.728818 -1.527407
3.701635 -7.369692 -1.184205 -0.959629 39.895981 -3.602057 -10.990779 3.784409 -5.715514 0.650153 -29.772068 -4.411415 -2.975516 -1.687743 7.457323 3.082990 13.239963 7.154362 -19.988894 14.751675 8.766877 18.266562 -11.844439 5.615501 -16.655056 -5.618881 -13.482907 1.921763 -9.502742 -1.433809
2.502558 -7.027205 -1.098023 -1.243551 39.835598 -3.412401 -12.046827 4.682656 -5.921670 -0.296833 -29.886986 -4.353168 -4.346395 -1.480297 6.718674 2.739328 13.384233 7.975319 -19.466005 14.841324 8.790162 17.846827 -12.430195 5.111553 -16.468609 -5.525783 -13.531634 2.084026 -9.246295 -1.324757
1.475081 -6.326035 -1.002651 -1.305910 40.056900 -3.615016 -12.928316 5.388578 -6.122431 -0.983159 -29.988613 -4.327469 -5.628588 -1.363338 5.895209 2.340870 13.506900 8.821498 -19.016119 14.871881 8.848247 17.584579 -12.965322 4.713508 -16.310856 -5.473086 -13.454127 2.302787 -8.978699 -1.050666
0.926301 -5.971130 -1.086016 -1.403291 40.099823 -4.104489 -13.807613 6.206336 -6.356236 -1.760351 -29.883282 -4.266740 -6.895881 -1.345511 5.257159 1.827466 13.582579 9.889930 -18.563883 14.930443 8.799801 17.205866 -13.705355 4.271990 -16.014101 -5.394467 -13.295373 2.648413 -8.587037 -0.864614
0.561868 -5.615766 -1.446274 -1.521954 40.391640 -4.985548 -14.930012 7.119262 -6.621009 -2.480407 -29.693794 -4.362812 -8.133073 -1.414148 4.566114 1.473464 13.626740 10.761002 -18.212374 14.953346 8.790088 16.760965 -14.544121 3.670084 -15.823485 -5.323769 -13.296410 2.929597 -8.235982 -0.757940
0.095262 -5.579337 -1.914908 -1.911791 40.160282 -6.019581 -15.541305 7.871676 -6.650339 -3.072898 -29.306835 -4.478702 -9.296663 -1.645332 3.972915 1.252684 13.513221 11.526920 -17.885645 15.033371 8.806641 16.252954 -15.315355 3.224386 -15.425492 -5.156092 -13.180260 3.339990 -7.767435 -0.546859
0.236762 -5.680718 -2.229661 -2.292068 39.928783 -7.031456 -16.035669 8.322856 -6.407021 -3.459762 -28.774132 -4.773420 -10.386108 -2.087503 3.393882 0.993590 13.205258 12.402249 -17.609535 15.111628 8.739829 15.904415 -15.860956 2.759991 -15.106423 -4.999625 -13.175841 3.692886 -7.370573 -0.365467
0.603472 -5.819904 -2.410613 -2.631553 39.626518 -7.718911 -16.709671 9.007978 -6.121399 -3.897415 -28.446777 -5.195854 -11.262586 -2.502711 2.699175 0.842324 12.765351 13.272499 -17.436380 15.131470 8.526961 15.413291 -16.578583 2.247807 -14.671704 -4.842133 -13.347459 4.117856 -6.980310 -0.381098
1.024917 -6.169929 -2.479898 -2.657254 39.197990 -8.371758 -17.313284 9.679168 -5.833392 -4.426494 -28.283461 -5.506468 -12.103477 -2.924645 1.683716 0.782119 12.152748 14.220694 -17.235510 15.100845 8.405096 15.044356 -17.030092 1.919178 -14.467671 -4.622362 -13.401677 4.316016 -6.612919 -0.327559
1.696227 -6.357464 -2.654003 -3.153558 38.941399 -9.076744 -17.855244 10.290653 -5.345109 -4.743765 -28.112869 -5.673029 -12.829387 -3.264455 0.737962 0.932324 11.496537 14.746768 -17.080023 15.032228 8.158145 14.633322 -17.543062 1.461994 -14.219460 -4.551850 -13.468261 4.668052 -6.277221 -0.268699
2.042789 -6.608949 -2.589633 -3.764864 38.602211 -9.357270 -18.107513 10.630392 -4.736833 -4.979462 -27.956295 -5.855527 -13.329869 -3.580779 0.100311 0.923611 11.038215 15.247418 -16.975668 14.922611 7.976141 14.491957 -17.841391 1.175168 -13.979429 -4.415524 -13.431075 4.984813 -6.038288 -0.059271
2.311463 -6.889265 -2.542104 -4.210841 38.259590 -9.538507 -18.117409 10.898143 -4.280741 -5.083740 -27.909500 -5.932903 -13.717807 -3.793657 -0.575490 1.131566 10.643075 15.445393 -16.872612 14.848646 7.819744 14.200740 -18.299723 0.944372 -13.760667 -4.286403 -13.441379 5.259668 -5.722995 -0.090066
2.469033 -7.177049 -2.557686 -4.564621 38.021584 -9.527626 -18.343597 11.152763 -3.998070 -5.365793 -27.770170 -6.056357 -14.002691 -4.046189 -1.088851 1.278088 10.358008 15.598845 -16.831377 14.748265 7.677058 13.953925 -18.534229 0.775107 -13.642111 -4.175277 -13.521640 5.441179 -5.503890 -0.072502
2.630035 -7.473702 -2.500190 -4.890071 37.804886 -9.463854 -18.446592 11.333937 -3.723613 -5.567217 -27.691328 -6.120181 -14.228272 -4.176096 -1.438155 1.376501 10.140287 15.730517 -16.782312 14.674604 7.556126 13.844266 -18.631903 0.637552 -13.633855 -4.144464 -13.506694 5.561577 -5.428578 0.046371
2.803486 -7.620171 -2.447219 -5.120152 37.657635 -9.456721 -18.506168 11.464127 -3.520449 -5.690749 -27.632851 -6.138068 -14.391931 -4.255584 -1.611956 1.398141 10.007315 15.816780 -16.748129 14.609451 7.462101 13.767800 -18.726503 0.555651 -13.633117 -4.130068 -13.471723 5.635140 -5.385698 0.123778
2.832621 -7.691010 -2.407864 -5.172658 37.570778 -9.430511 -18.523985 11.521267 -3.452817 -5.775589 -27.608097 -6.157257 -14.440063 -4.295288 -1.674132 1.392317 9.926874 15.874246 -16.739645 14.575699 7.426942 13.733327 -18.764664 0.541571 -13.608974 -4.115678 -13.466203 5.661506 -5.375023 0.128833
2.694092 -7.468682 -2.427471 -5.019048 37.775162 -9.362493 -18.454721 11.319897 -3.639574 -5.523924 -27.633118 -6.098479 -14.282344 -4.197522 -1.424651 1.389803 10.065468 15.737552 -16.788927 14.649372 7.524049 13.768332 -18.626797 0.660428 -13.648874 -4.142944 -13.491666 5.598283 -5.406514 0.094078
2.472729 -6.916367 -2.442652 -4.780124 38.072548 -9.355488 -18.052244 11.043421 -4.032506 -4.893396 -27.693428 -5.796451 -13.900285 -3.736421 -0.391724 1.246629 10.288234 15.432326 -16.869959 14.810072 7.699027 13.929958 -18.411634 0.941355 -13.740525 -4.273379 -13.430812 5.467793 -5.559928 -0.008743
1.845543 -6.426006 -2.092227 -4.602448 38.345158 -8.842488 -17.235495 10.691826 -4.549786 -4.142380 -27.754091 -5.421680 -13.308782 -3.153020 1.034736 0.914441 10.875028 14.823671 -17.115297 14.819161 7.934211 14.210505 -17.626959 1.490058 -14.314316 -4.564122 -13.355367 5.014603 -6.056729 0.082183
0.797503 -5.948233 -1.401671 -4.233601 38.716003 -7.784170 -15.884888 9.845733 -5.083894 -3.220590 -28.103130 -4.603820 -11.976228 -2.151688 3.131862 0.745479 11.905519 13.218622 -17.604046 14.788414 8.271899 14.534357 -16.688139 2.362388 -14.774705 -4.670329 -13.258025 4.544066 -6.427881 0.086180
0.289662 -5.673097 -0.487477 -4.117099 38.774567 -6.738737 -13.699171 8.471021 -5.137068 -1.843904 -28.841177 -3.458698 -10.379483 -1.115070 4.947107 0.606308 13.023294 11.357327 -18.118139 14.284160 8.394382 14.923052 -15.509833 3.419920 -15.451427 -4.721758 -13.270370 3.884474 -6.826572 0.180615
-0.286471 -5.970624 0.704133 -4.152761 38.297043 -5.446345 -11.096082 7.107982 -4.659626 -0.487555 -28.688736 -2.395564 -9.047269 -0.148462 7.282386 1.100646 13.275322 8.872148 -18.754803 13.799363 8.415453 15.344308 -14.257773 4.479535 -16.018143 -4.840637 -13.372985 3.388216 -7.341358 0.332895
-0.856333 -6.327030 1.860937 -3.755021 37.927193 -4.770931 -8.339437 5.582048 -4.035680 1.168441 -26.766083 -2.419038 -7.793046 -0.382176 10.021387 1.934071 12.704564 6.336524 -19.532757 13.789917 8.631833 16.049534 -12.344685 5.515143 -16.408762 -4.721234 -13.723334 2.911533 -7.687239 0.823802
-0.770497 -6.840649 3.238300 -2.506480 37.581379 -4.600516 -5.239487 4.386773 -3.731895 2.695728 -24.636999 -0.611465 -6.317102 0.686930 14.633958 2.502505 11.953465 3.095120 -20.299290 13.798665 8.931296 16.171822 -9.748837 7.411997 -17.291260 -4.210658 -13.777188 1.882290 -8.177938 1.603377
-0.774580 -6.935839 3.206551 -1.541845 37.632999 -5.551613 -1.232305 2.929104 -3.207010 5.156563 -22.680786 0.510269 -5.097464 0.539589 17.541121 3.160947 11.524325 1.661556 -20.558664 13.115226 9.461819 16.354513 -7.194099 9.319710 -17.657492 -3.533566 -13.958741 1.294109 -8.370866 2.095106
-2.632019 -7.709813 1.900376 -2.122029 37.517258 -6.729604 3.338140 2.498832 -3.046035 7.723045 -20.694336 0.832210 -3.154238 -0.543010 20.027975 3.855188 10.577868 0.997862 -20.870325 12.797126 9.886508 16.164568 -4.568725 11.187793 -17.949173 -3.093256 -13.923839 1.358200 -8.611178 2.763894
-4.084142 -9.190810 2.096598 -1.865928 36.113438 -7.888669 7.105238 2.045568 -3.005173 8.964698 -18.644375 -0.493267 -0.811226 -2.705219 21.404093 4.406087 10.639183 0.212046 -21.891600 11.896027 10.361288 15.835959 -2.501629 12.356200 -17.905594 -3.040519 -14.068767 2.016446 -8.580863 3.629335
-3.222461 -11.224241 2.944748 -0.942820 33.922199 -8.826925 9.808784 2.113067 -2.822921 9.047356 -16.854675 -2.417136 1.140808 -4.648272 21.949356 4.985382 10.722455 -0.265311 -23.345236 10.388863 10.740771 15.200167 -0.727252 13.185332 -17.386608 -2.856077 -14.369181 3.333486 -8.285531 4.559309
-1.379049 -12.975943 3.410000 -0.473083 32.283669 -8.236086 10.828165 1.854093 -2.728924 9.034969 -15.258847 -4.050922 1.698953 -6.041853 22.046339 5.149414 10.625825 -0.327644 -24.437799 8.817327 11.023458 14.448290 0.420879 13.602605 -16.695789 -2.676714 -14.728938 4.638345 -7.861815 5.259293
0.186661 -14.152905 4.905942 -0.227299 30.699688 -6.668607 10.523554 2.513520 -2.569634 8.253386 -13.986138 -5.450711 1.734937 -7.339070 21.573475 5.394727 10.290089 -0.024844 -25.128546 7.519956 11.116037 13.535592 1.206353 14.013946 -15.849838 -2.572526 -14.906396 6.166572 -7.449162 5.712718
0.744351 -14.225124 6.954399 0.141734 29.833855 -4.178359 10.993834 2.657527 -2.161450 8.201550 -12.687699 -6.157567 1.263851 -8.642444 20.724834 5.691185 9.082873 0.601333 -25.536047 6.700113 11.207916 12.725468 1.713962 14.005358 -15.222690 -2.474503 -15.297942 7.147218 -7.175773 5.990605
1.241631 -14.144676 8.763814 0.470881 29.044146 -2.497270 11.011646 2.753313 -1.575053 7.846103 -11.365519 -6.367797 0.349272 -9.479492 20.111330 5.995285 7.564724 1.188245 -25.703711 6.027672 11.176035 12.043477 1.956003 13.969511 -14.748769 -2.371923 -15.655004 7.774203 -6.968299 6.099319
1.643650 -14.120844 10.227345 0.143581 28.304258 -1.972913 12.145329 2.935143 -0.571119 7.950410 -10.648523 -6.187314 -0.546651 -9.765447 19.669518 6.092709 6.337111 1.385724 -25.785826 5.322538 11.077560 11.205424 2.120939 14.024688 -14.288828 -2.231754 -16.061590 8.302240 -6.784069 6.058036
1.925158 -13.972252 11.558559 -0.032232 27.785320 -1.474723 12.891207 3.081901 0.234169 8.005705 -10.137606 -6.145123 -1.182136 -10.117156 19.210339 6.269814 5.471743 1.596899 -25.812225 4.915764 11.004359 10.684503 2.225469 14.093349 -14.052083 -2.109534 -16.240210 8.611944 -6.640446 6.121315
2.059041 -13.975710 12.455152 -0.118188 27.298212 -1.532136 13.228100 3.302694 0.786597 7.814937 -9.899085 -6.129824 -1.698156 -10.224393 18.988503 6.310624 4.962037 1.843070 -25.794333 4.566113 10.982627 10.257857 2.243934 14.116391 -13.805764 -1.963574 -16.396296 8.802996 -6.515805 6.125107
2.177279 -13.913836 12.760289 -0.146892 27.267168 -1.615806 13.217221 3.472298 0.923766 7.754302 -9.794466 -6.146642 -1.883722 -10.314246 18.837631 6.296433 4.816589 1.947102 -25.788338 4.454023 10.957375 10.100745 2.238096 14.125723 -13.685143 -1.922137 -16.468073 8.900656 -6.486227 6.100263
2.246185 -13.889269 12.855479 -0.143328 27.259809 -1.593872 13.227682 3.517849 0.957964 7.758151 -9.763693 -6.148244 -1.935108 -10.324086 18.816765 6.312793 4.766287 1.947520 -25.788260 4.443097 10.956993 10.077040 2.228483 14.137986 -13.649909 -1.908510 -16.487188 8.916985 -6.479063 6.067196
2.425039 -13.876637 13.244837 -0.099784 27.108982 -1.485021 13.397953 3.686400 1.096901 7.791443 -9.662071 -6.143533 -2.128275 -10.350728 18.763771 6.295376 4.627344 1.985968 -25.776884 4.369757 10.941119 9.958375 2.208361 14.143159 -13.534529 -1.858107 -16.547886 8.986136 -6.435285 6.023686
2.703839 -13.806816 13.585746 0.072126 27.028194 -1.528684 13.495009 3.927808 1.138990 7.841442 -9.457534 -6.107603 -2.393295 -10.384398 18.758114 6.328731 4.389730 1.975517 -25.757265 4.320171 10.959124 9.867776 2.180276 14.189094 -13.426040 -1.815807 -16.610039 9.005548 -6.411063 5.882479
3.123136 -13.822104 13.907622 0.394761 26.845789 -1.735675 13.671313 4.268724 1.174815 7.897930 -9.206211 -6.038615 -2.790768 -10.394193 18.733706 6.396833 4.077957 1.939318 -25.699619 4.231717 10.942129 9.711823 2.126367 14.226203 -13.283525 -1.765798 -16.680283 9.076317 -6.369802 5.723860
3.371135 -13.656042 14.475101 0.546067 26.613575 -2.246108 14.053879 4.813314 1.504769 8.001225 -8.934554 -5.962028 -3.178691 -10.452280 18.710415 6.479541 3.672435 1.974284 -25.647438 4.156659 10.950908 9.485024 2.061640 14.288503 -13.075127 -1.660239 -16.787827 9.150355 -6.285521 5.516519
3.510901 -13.517854 14.915298 0.507775 26.300121 -2.674269 14.521589 5.491302 1.843059 8.162254 -8.588399 -5.969340 -3.564450 -10.580922 18.718813 6.493025 3.265947 2.086447 -25.661512 4.083354 10.862885 9.212045 1.960340 14.345659 -12.820732 -1.576234 -16.836124 9.341271 -6.194560 5.346030
4.121400 -13.484518 15.188003 -0.045011 25.998247 -3.035754 14.263229 6.339676 2.470600 7.826293 -8.306515 -5.985795 -4.020309 -10.767588 18.524687 6.534459 2.639051 2.565686 -25.578276 4.250628 10.902788 8.946509 1.858967 14.484408 -12.612958 -1.427465 -16.878572 9.350919 -6.072295 5.071164
5.064121 -13.850273 15.187346 -0.393503 25.402573 -2.723299 14.598000 6.964429 2.926171 7.800831 -7.918710 -5.912022 -4.575278 -10.951794 18.320251 6.741878 1.629406 3.230379 -25.354078 4.745987 10.972569 8.569917 1.729549 14.654313 -12.326588 -1.164836 -16.972279 9.354263 -5.847013 4.835430
6.010471 -14.069397 15.333520 -0.585746 25.039230 -2.511497 14.555096 7.650434 3.140402 7.605216 -7.460335 -5.956182 -5.059764 -11.299618 18.159622 6.862976 0.659906 3.995198 -25.224169 5.313390 11.048068 8.196841 1.525112 14.827834 -12.185528 -0.948752 -17.017010 9.229862 -5.640450 4.563645
6.916550 -14.061249 15.964469 -0.459168 24.820490 -1.734735 14.480861 8.337753 3.224281 7.297420 -7.106958 -6.102205 -5.583045 -11.569089 18.055359 6.756882 0.112226 4.717551 -25.169369 5.559774 11.055842 7.848468 1.306680 15.064711 -12.002345 -0.749065 -16.957659 9.212460 -5.413531 4.310113
7.392350 -13.890367 16.459908 -0.277785 24.691162 -1.349717 14.191579 8.885645 3.216575 6.901615 -6.723172 -6.117733 -6.349654 -11.556105 17.879665 6.747215 -0.413874 5.265498 -24.989826 5.577712 11.067773 7.478988 1.112657 15.269202 -11.843266 -0.556764 -16.922607 9.207222 -5.181224 4.164584
7.746854 -13.674095 16.949089 0.021389 24.513912 -1.368902 14.024879 9.901684 3.069517 6.568837 -6.355801 -6.302222 -6.987770 -11.721366 17.826344 6.382094 -0.336444 5.765235 -24.932699 5.339040 11.095146 7.023767 0.834297 15.450292 -11.698915 -0.347062 -16.893917 9.169453 -4.918870 4.010432
7.739040 -13.776456 17.513870 0.160481 23.988470 -1.798033 14.350381 11.028503 3.121441 6.268055 -6.233705 -6.225924 -7.531568 -11.583629 17.728037 6.197818 -0.084924 5.810683 -24.816339 4.902640 11.093493 6.583044 0.546884 15.645533 -11.556167 -0.146708 -16.784695 9.184065 -4.628820 3.844621
7.026687 -13.897020 17.715919 -0.122634 23.547077 -2.549373 14.363956 12.323771 3.181908 5.816591 -6.213696 -6.297678 -7.875252 -11.570694 17.710424 5.810684 0.378863 5.814943 -24.865658 4.366332 11.037883 6.171865 0.204131 15.724428 -11.538030 -0.014142 -16.657558 9.211231 -4.378471 3.799784
5.849273 -13.948174 17.391243 -0.688176 23.443640 -2.825122 13.904598 13.310429 3.037189 5.227832 -6.282403 -6.339099 -8.197482 -11.574648 17.743031 5.342190 0.767771 5.799129 -24.946251 3.729929 10.945822 5.821733 -0.119870 15.768530 -11.553342 0.095898 -16.448915 9.287727 -4.128594 3.856847
5.076188 -14.112600 16.822622 -1.185422 23.372524 -3.057571 13.679930 13.829496 2.904551 4.901830 -6.312594 -6.294474 -8.531108 -11.461470 17.730530 5.078959 0.916347 5.685966 -24.979822 3.233945 10.919449 5.603486 -0.339763 15.879436 -11.547497 0.203062 -16.239494 9.323089 -3.908439 3.862193
4.397499 -14.349100 16.344810 -1.601231 23.268127 -3.324297 13.616932 14.218984 2.813622 4.672835 -6.266979 -6.381556 -8.737511 -11.594638 17.719296 4.742478 1.042341 5.750179 -25.066233 2.951427 10.812176 5.427609 -0.587826 15.878886 -11.632571 0.239457 -16.035276 9.377937 -3.735434 3.962800
4.083508 -14.536446 16.054588 -1.876184 23.141491 -3.483521 13.602301 14.390412 2.837858 4.540222 -6.318668 -6.413142 -8.848836 -11.615714 17.670706 4.553856 1.100631 5.804108 -25.107710 2.732962 10.738068 5.314690 -0.743719 15.875721 -11.679863 0.269176 -15.875424 9.406973 -3.609579 4.059208
3.916024 -14.536530 16.007204 -2.023880 23.074749 -3.588607 13.537482 14.829276 2.855260 4.387948 -6.374714 -6.400804 -8.973834 -11.555942 17.633205 4.392194 1.209567 5.796712 -25.119686 2.493454 10.714977 5.268081 -0.786069 15.886775 -11.701350 0.291915 -15.771665 9.407225 -3.538952 4.128111
3.840276 -14.534563 15.999946 -2.042372 23.070477 -3.630257 13.512024 15.011059 2.847654 4.319053 -6.377800 -6.402742 -8.981866 -11.543387 17.635006 4.375630 1.217937 5.783770 -25.122402 2.468621 10.714128 5.257042 -0.794271 15.898943 -11.712618 0.297395 -15.738348 9.398569 -3.515218 4.136198
3.852823 -14.525311 15.988233 -2.052242 23.083115 -3.618112 13.486910 14.970798 2.839154 4.330989 -6.379363 -6.394243 -8.978387 -11.534514 17.641640 4.378298 1.227359 5.767754 -25.124039 2.461357 10.710888 5.265050 -0.789599 15.884265 -11.711434 0.291097 -15.751321 9.406670 -3.527565 4.143429
3.926900 -14.527489 15.982297 -2.023441 23.092041 -3.590001 13.504679 14.722374 2.856296 4.408930 -6.378678 -6.379296 -8.951702 -11.516082 17.655027 4.425041 1.228771 5.732100 -25.119551 2.483552 10.712233 5.274579 -0.781451 15.872470 -11.701527 0.284582 -15.787736 9.404472 -3.550382 4.128816
4.044910 -14.496937 16.027409 -1.929990 23.151419 -3.547005 13.532714 14.489027 2.860591 4.490822 -6.345230 -6.385322 -8.871089 -11.541970 17.690737 4.504513 1.180730 5.726961 -25.117161 2.611321 10.714842 5.306278 -0.750121 15.851665 -11.686730 0.261067 -15.854025 9.416494 -3.602857 4.099605
4.154320 -14.459156 16.070240 -1.859704 23.210892 -3.492757 13.463787 14.216921 2.871434 4.557020 -6.323280 -6.361231 -8.798077 -11.519645 17.714703 4.634612 1.148454 5.663780 -25.096411 2.729457 10.740961 5.359964 -0.703628 15.836086 -11.670505 0.241896 -15.941252 9.397700 -3.661689 4.037546
4.338962 -14.311846 16.223476 -1.744912 23.335636 -3.358387 13.424104 14.078400 2.871638 4.623145 -6.297986 -6.335755 -8.731420 -11.486123 17.735771 4.773954 1.093351 5.626171 -25.065947 2.879580 10.764584 5.460304 -0.594759 15.798320 -11.657893 0.193136 -16.049738 9.398273 -3.769552 4.024119
4.567753 -14.177143 16.453306 -1.641557 23.447210 -3.244955 13.337025 13.896765 2.931780 4.667237 -6.296972 -6.268007 -8.614259 -11.394656 17.746567 5.004985 1.001290 5.543250 -25.008421 3.083721 10.814842 5.561378 -0.455959 15.772307 -11.620793 0.165061 -16.172791 9.374977 -3.868659 3.985274
4.990703 -14.071953 16.703611 -1.465929 23.590141 -3.025163 13.308149 13.490982 3.042579 4.795699 -6.332543 -6.219631 -8.469954 -11.300709 17.747566 5.177421 0.990678 5.450865 -24.970610 3.211481 10.856821 5.684547 -0.283002 15.721889 -11.587489 0.120202 -16.324711 9.350827 -3.991420 3.985909
5.594211 -14.121188 16.833590 -1.173043 23.602987 -3.038985 13.508064 12.813471 3.195249 5.102969 -6.349967 -6.194102 -8.344968 -11.210362 17.757689 5.338680 1.054905 5.339329 -24.936659 3.315103 10.904057 5.835766 -0.107126 15.678662 -11.550763 0.065068 -16.483912 9.313437 -4.131481 3.954108
5.981074 -14.100590 16.989704 -1.070792 23.721544 -2.818416 13.438196 12.310522 3.264873 5.224968 -6.338522 -6.190321 -8.176876 -11.196368 17.737806 5.624705 0.935893 5.355222 -24.876749 3.642544 10.897960 5.968942 0.051012 15.592771 -11.535897 0.002352 -16.616823 9.336733 -4.262812 4.017498
6.032271 -13.993884 16.977936 -1.159950 23.972158 -2.309916 13.156872 11.885543 3.202504 5.310151 -6.341118 -6.169574 -8.023070 -11.197232 17.689285 5.911345 0.731351 5.412699 -24.807562 3.991224 10.886725 6.176432 0.241020 15.498153 -11.572104 -0.096969 -16.730984 9.363442 -4.424687 4.106493
6.415493 -13.863970 16.927877 -1.257237 24.225079 -2.023264 12.983801 11.360144 3.314567 5.490038 -6.343916 -6.129948 -7.815809 -11.175269 17.680737 6.200217 0.487977 5.375696 -24.756868 4.336397 10.936577 6.451980 0.510357 15.438507 -11.581805 -0.178934 -16.848957 9.337289 -4.606355 4.188470
6.764452 -13.957040 16.849485 -1.462758 24.388348 -1.795608 12.986969 10.675043 3.571434 5.701334 -6.375636 -6.069536 -7.563484 -11.145975 17.698463 6.496041 0.208335 5.321279 -24.712671 4.689691 10.977490 6.720424 0.764090 15.390169 -11.589589 -0.251249 -16.937067 9.312233 -4.780194 4.284486
6.875498 -13.948442 16.565773 -1.762205 24.680740 -1.763516 12.768824 10.106174 3.696144 5.921802 -6.413495 -6.070483 -7.183810 -11.228418 17.780876 6.783535 -0.049754 5.253739 -24.745113 5.086271 11.007855 7.001527 0.997277 15.337779 -11.630143 -0.324832 -17.003418 9.281929 -4.954245 4.335975
6.644441 -13.985341 16.228252 -1.965230 24.875954 -1.729473 12.869058 9.539239 3.702974 6.154920 -6.557983 -6.102563 -6.617390 -11.355622 17.880886 7.070505 -0.165289 5.089308 -24.833523 5.500896 11.034441 7.305679 1.229551 15.232091 -11.710481 -0.425095 -17.045580 9.247397 -5.129460 4.439841
4.143361 -17.970692 9.329365 -5.135048 25.432802 -2.116330 10.650926 10.718751 1.242604 12.865214 -6.332033 -2.839944 -12.977382 -10.272601 14.471866 9.123884 -5.990480 -0.789762 -23.944740 14.140201 5.799744 13.146726 -3.073406 13.227187 -8.876335 2.585879 -16.400513 8.323467 -5.480661 0.044835
3.782009 -17.936480 9.068529 -5.221003 25.652386 -2.079707 10.553089 10.185513 1.218936 12.952578 -6.516510 -2.770143 -12.570168 -10.032182 14.634343 9.246716 -5.794224 -1.347160 -24.007822 14.072071 5.817997 13.477055 -2.924555 13.082983 -9.131903 2.431504 -16.375702 8.130790 -5.694649 0.196756
3.317433 -17.901901 8.687987 -5.451324 25.879295 -2.019953 10.302273 9.741619 1.152593 12.962666 -6.770563 -2.752694 -12.087475 -9.818110 14.855630 9.255692 -5.291731 -2.025330 -24.123793 13.896082 5.709851 13.727640 -2.854226 12.822330 -9.418508 2.232254 -16.293776 8.103757 -5.877393 0.533716
2.874312 -17.826237 8.272352 -5.669596 26.164658 -1.933893 10.047937 9.338030 1.012204 13.005370 -7.189001 -2.708841 -11.468270 -9.475862 15.239164 9.043602 -4.275871 -2.952236 -24.294924 13.374632 5.591585 14.023007 -2.768477 12.583455 -9.715716 2.034623 -16.146553 8.111022 -6.042182 0.934900
2.323796 -17.818563 7.843512 -5.766464 26.519459 -1.767960 9.834219 8.709251 0.885333 13.122680 -7.574348 -2.656337 -10.976890 -8.969232 15.678013 8.726336 -2.792852 -4.075591 -24.436792 12.635214 5.493999 14.326238 -2.697318 12.361588 -10.033628 1.833438 -15.967400 8.115705 -6.198389 1.352148
2.646075 -17.971128 7.430984 -3.570013 25.137774 -5.677662 9.294083 7.871749 -1.674265 10.141933 -9.531460 -7.803089 -9.560916 -7.344094 12.975251 11.098747 3.165134 -2.538781 -22.718157 10.577873 7.797803 16.357119 -3.363107 10.995423 -9.073771 -0.529957 -15.511292 9.258509 -5.687690 2.254623
2.052293 -17.402872 7.013210 -3.402288 24.936199 -6.250957 9.457973 7.122105 -2.846486 9.163927 -10.168730 -8.253995 -9.055172 -6.406324 13.193420 11.442282 4.898330 -3.068007 -22.301044 9.749946 8.257087 16.524263 -3.438875 10.528663 -9.185330 -1.397393 -15.006361 9.812510 -5.459842 3.090978
1.548533 -17.584597 6.266597 -3.219483 24.987545 -6.178753 9.359037 6.719945 -3.625536 8.756914 -10.728937 -8.156181 -8.670743 -6.084641 13.230542 11.322379 5.988011 -3.447632 -22.209934 9.602943 8.268957 17.174450 -3.286118 10.495806 -9.656883 -1.754511 -14.925781 9.465139 -5.910151 3.775835
0.986326 -17.748911 5.490042 -3.313192 25.420757 -5.851831 9.143416 6.292910 -3.891765 8.760927 -11.211775 -7.888729 -8.451198 -5.564694 13.401293 11.340422 6.856308 -3.822852 -22.064808 9.611256 8.140864 17.465033 -3.154845 10.423149 -10.092954 -2.018390 -14.710256 9.452793 -6.084027 4.203978
0.648053 -18.162880 4.713894 -3.559084 25.669149 -5.563122 8.942827 5.791193 -4.062439 8.642937 -11.728968 -7.638608 -8.207968 -5.082208 13.561102 11.379095 7.834902 -4.185048 -21.853064 9.670456 8.101225 17.811499 -2.960893 10.332480 -10.496154 -2.236319 -14.546037 9.377665 -6.255124 4.742140
0.067345 -18.430408 4.021825 -3.689214 25.901035 -5.388262 8.789419 5.235505 -4.360881 8.564968 -12.274363 -7.331161 -8.029601 -4.516054 13.706916 11.425804 8.811610 -4.515654 -21.608667 9.787292 8.041805 17.962973 -2.829197 10.170529 -10.833097 -2.370987 -14.333495 9.345429 -6.327949 5.364731
-0.832998 -18.499800 3.285175 -3.753679 26.278568 -5.351772 8.549506 4.947797 -4.758243 8.465173 -12.677231 -6.903708 -8.199577 -3.848409 13.790381 11.631686 9.538241 -4.883931 -21.256439 9.978868 7.997489 18.273943 -2.740814 9.970220 -11.204776 -2.565906 -14.110238 9.282835 -6.473435 6.011174
-1.426295 -18.535559 2.549073 -3.845853 26.712648 -5.369987 8.116282 4.662595 -5.047738 8.341237 -13.073971 -6.489118 -8.274606 -3.231024 13.875142 11.775612 10.074742 -5.108396 -20.970268 10.149759 7.993556 18.492666 -2.784861 9.894443 -11.552324 -2.699208 -13.854964 9.113844 -6.569537 6.324882
-2.353467 -18.549545 2.127939 -3.994919 26.907124 -5.828286 7.942939 4.281537 -5.185332 8.201059 -13.553699 -6.010317 -8.404270 -2.602657 13.911704 11.889505 10.403363 -5.198932 -20.694925 10.241858 7.878243 18.615398 -2.936707 9.738997 -12.005712 -2.847253 -13.566614 8.949860 -6.618112 6.820383
-3.074462 -18.364574 1.816794 -4.313554 27.209938 -6.093068 7.563252 3.964569 -5.192133 8.032887 -14.077460 -5.611911 -8.359042 -2.089449 13.923572 12.038580 10.533409 -5.272465 -20.468702 10.425924 7.797901 18.745440 -3.074636 9.670266 -12.310432 -2.914850 -13.352420 8.807444 -6.640568 7.161880
-3.730363 -18.175137 1.651619 -4.548883 27.411411 -6.509824 7.259862 3.759697 -5.162768 7.883743 -14.670528 -5.154431 -8.575265 -1.534259 13.784764 12.050231 10.822011 -5.369154 -20.160385 10.554746 7.654604 18.776445 -3.272300 9.592935 -12.689036 -2.993451 -13.024472 8.672988 -6.615670 7.576651
-4.319013 -17.961348 1.448391 -4.931008 27.617825 -6.891087 6.957390 3.490191 -5.060579 7.792435 -15.255345 -4.710888 -8.987572 -0.975236 13.586127 11.920425 11.050223 -5.335634 -19.864016 10.520203 7.550597 18.763151 -3.476895 9.483566 -13.037505 -3.044191 -12.717280 8.552916 -6.535661 8.045073
-5.017725 -17.892715 1.420852 -5.138331 27.747896 -7.149908 6.712329 3.180974 -4.919418 7.645918 -15.866735 -4.337583 -9.184176 -0.539265 13.338712 11.906479 11.207593 -5.263328 -19.603277 10.489078 7.466974 18.746725 -3.701263 9.329796 -13.243989 -3.122908 -12.556518 8.434021 -6.544331 8.197295
-5.551122 -17.900934 1.379609 -5.433026 27.816496 -7.321560 6.485503 2.888198 -4.663544 7.476790 -16.333843 -3.902590 -9.495566 -0.097687 13.173484 11.917566 11.356542 -5.307402 -19.323784 10.439235 7.331317 18.731588 -3.884814 9.214686 -13.487628 -3.118574 -12.358188 8.278591 -6.487304 8.323231
-6.040731 -17.925056 1.395943 -5.651888 27.842934 -7.498259 6.402180 2.514020 -4.458074 7.354232 -16.787106 -3.569646 -9.748706 0.306843 12.988103 11.869104 11.485395 -5.278945 -19.106396 10.338699 7.208668 18.708860 -4.047686 9.088737 -13.709138 -3.124959 -12.192164 8.195721 -6.418812 8.510785
-6.519649 -17.975992 1.407743 -5.933317 27.815020 -7.585011 6.359393 2.112242 -4.256028 7.245866 -17.137508 -3.311890 -10.003611 0.666040 12.913285 11.779057 11.634792 -5.291322 -18.915625 10.243937 7.117661 18.671637 -4.167464 8.967410 -13.864523 -3.137566 -12.077040 8.171305 -6.372007 8.700503
-6.833316 -18.006197 1.404232 -6.137026 27.832199 -7.656004 6.273196 1.843075 -4.117151 7.155091 -17.359783 -3.113484 -10.214824 0.927419 12.845491 11.743916 11.792711 -5.322345 -18.758253 10.168819 7.031956 18.623384 -4.324416 8.870543 -13.969987 -3.166949 -11.999797 8.127075 -6.354811 8.759144
-7.079988 -18.037506 1.394916 -6.349794 27.840534 -7.697421 6.183453 1.618849 -3.990526 7.075969 -17.573336 -2.945075 -10.409015 1.199947 12.787038 11.699295 11.957468 -5.347764 -18.624321 10.093875 6.938215 18.570833 -4.462586 8.789870 -14.076467 -3.198308 -11.859149 8.161725 -6.313830 8.944752
-7.271510 -18.053534 1.352266 -6.515726 27.861877 -7.721181 6.095185 1.507062 -3.908824 7.027071 -17.718250 -2.846704 -10.512155 1.320039 12.701554 11.672268 12.001312 -5.319746 -18.557629 10.030042 6.898361 18.530664 -4.560154 8.706943 -14.119969 -3.214177 -11.789422 8.193810 -6.271470 9.064748
-7.448306 -18.125944 1.324005 -6.623042 27.852875 -7.782857 6.041545 1.344129 -3.838352 6.992625 -17.830688 -2.775421 -10.561078 1.410889 12.664334 11.656813 12.056554 -5.279024 -18.498085 10.069831 6.816036 18.542562 -4.670199 8.677938 -14.253675 -3.258017 -11.665541 8.143620 -6.286495 9.123964
-7.474040 -18.131460 1.296150 -6.657808 27.861195 -7.793084 6.004341 1.332904 -3.829986 6.970774 -17.869926 -2.755766 -10.573541 1.434446 12.656823 11.633228 12.080544 -5.264740 -18.485226 10.077374 6.804843 18.529133 -4.693045 8.657329 -14.270005 -3.265693 -11.642365 8.157528 -6.277732 9.163763
