-0.576484 -7.594754 2.840783 -6.473960 12.357546 -6.566549 19.453888 6.883559 -13.662328 -17.650618 -8.529734 -7.797871 -17.994896 -5.259319 9.344672 8.432131 3.475728 -1.229187 -22.233875 -0.754068 5.047349 -8.454478 -0.797901 3.319778 -17.466980 7.182747 -12.231511 16.904102 4.856388 -1.810794
-0.889848 -7.726070 2.745675 -6.392725 12.438658 -6.570227 19.517145 6.868115 -13.837707 -17.695330 -8.508841 -7.826859 -17.770340 -5.263457 9.448898 8.565458 3.674307 -1.464221 -22.338503 -0.699818 5.109792 -8.478435 -0.734484 3.150714 -17.419230 7.267176 -12.453027 16.878250 4.837374 -1.774416
-1.406831 -7.878409 2.406240 -6.229975 12.594588 -6.594931 19.578476 6.855371 -14.208535 -17.744936 -8.299458 -7.916301 -17.286629 -5.370919 9.589688 8.990546 3.925032 -2.131316 -22.587162 -0.695392 5.207528 -8.461741 -0.615318 3.016974 -17.348019 7.378121 -12.669832 16.859787 4.800504 -1.665439
-2.680038 -8.300955 2.270348 -5.664431 12.398308 -6.291418 19.907967 7.269839 -14.960196 -18.200474 -7.151443 -8.075275 -17.433586 -5.776351 9.243475 10.444165 3.397312 -3.083615 -22.519171 -0.950009 5.692234 -8.539081 -0.600023 3.233339 -16.699883 7.662644 -13.058247 16.815002 4.739722 -1.887662
-4.201993 -8.997026 2.172534 -4.935670 12.074345 -5.747767 20.314800 7.808974 -15.832707 -18.794321 -5.913723 -8.170545 -17.713793 -6.301600 8.833581 11.978167 2.964603 -4.057037 -22.362757 -1.006091 6.211762 -8.645787 -0.613903 3.551033 -15.990180 8.012310 -13.433169 16.709156 4.697695 -2.220456
-5.224007 -9.440689 1.592234 -4.599015 11.975600 -5.192326 20.418062 8.108456 -16.473892 -19.123552 -5.211862 -8.193471 -17.816130 -6.798485 8.635936 12.376145 2.794938 -4.942092 -22.555384 -1.619387 6.660759 -8.829421 -0.708906 3.621320 -15.656773 8.165940 -13.966088 16.499182 4.698551 -2.591089
-5.313646 -8.898732 0.725460 -4.614974 12.435513 -5.077298 19.941917 8.896973 -16.938084 -19.155769 -4.796652 -8.159123 -17.854000 -7.288943 8.163945 12.482831 2.278078 -5.722663 -22.848806 -2.466547 6.696236 -9.069529 -1.071920 3.686113 -15.507882 8.203372 -14.325269 16.174438 4.583119 -2.864779
-4.653514 -8.034960 -0.005567 -4.802130 13.004563 -5.090823 19.152929 9.817442 -17.078323 -19.053715 -4.462228 -8.285110 -17.804344 -7.682306 7.761764 12.545107 1.790246 -6.353817 -23.229841 -3.489776 6.541256 -9.318940 -1.465610 3.731990 -15.501245 8.204625 -14.630862 15.837090 4.450559 -3.177937
-4.154564 -7.305703 -0.335519 -4.849463 13.559195 -5.244727 18.509083 10.709212 -17.232727 -19.086800 -4.366858 -8.363539 -17.814312 -7.887949 7.502594 12.383772 1.496843 -6.659862 -23.460003 -4.180773 6.357596 -9.564929 -1.924973 3.916182 -15.458934 8.211228 -14.760492 15.552560 4.344407 -3.378145
-3.762736 -6.850391 -0.476392 -4.828369 13.960835 -5.390160 18.111973 11.163271 -17.286076 -19.005655 -4.377771 -8.458643 -17.522850 -7.889350 7.623241 12.394267 1.650334 -6.942025 -23.636793 -4.314476 6.269372 -9.545069 -1.942639 3.790900 -15.606641 8.145452 -14.867158 15.468365 4.252418 -3.318685
-3.568921 -6.782916 -0.163995 -4.823831 13.829002 -5.446470 18.035461 11.394073 -17.122780 -19.125486 -4.249532 -8.524955 -17.738815 -7.929525 7.534520 12.445383 1.440600 -6.777642 -23.621920 -4.467621 6.219598 -9.574333 -2.021215 3.838854 -15.601886 8.149713 -14.875189 15.438382 4.229534 -3.438708
-2.145802 -6.454207 2.140621 -4.575038 12.652625 -6.238560 17.857632 12.810658 -15.948867 -19.866245 -3.346530 -8.849982 -19.806915 -8.343654 6.548661 12.416517 -0.467011 -5.093522 -23.254988 -5.641269 6.133529 -10.098379 -3.089116 5.155254 -14.972875 8.325233 -14.353339 15.383179 4.438866 -5.066212
0.595408 -4.994014 6.133148 -4.607112 11.654401 -7.649765 17.549105 15.141416 -13.791802 -20.604906 -1.760120 -9.422153 -22.446747 -9.344551 5.727975 11.295809 -2.832833 -2.733561 -22.897230 -7.223108 6.217327 -11.137498 -4.746912 7.266502 -13.874617 8.601099 -13.383010 15.415575 5.167647 -7.746681
2.617800 -6.631614 10.870065 -4.983940 11.802835 -3.284112 15.980856 17.486675 -9.953072 -20.125315 0.419191 -9.074021 -27.567886 -11.277196 4.174675 10.140111 -5.045327 0.111122 -22.188295 -8.110970 6.210686 -12.921454 -8.156653 9.783162 -13.398389 8.930411 -11.928258 14.217455 5.810460 -8.473989
3.537476 -14.313733 14.196147 -5.037545 9.785104 5.250636 12.759110 17.849169 -4.984489 -21.635256 2.902683 -6.916806 -37.201344 -13.037560 6.298065 4.979601 1.364462 3.340477 -16.189974 -5.219068 6.664873 -13.375594 -11.370597 10.548600 -18.141968 7.356100 -9.816024 10.794544 7.140833 -6.329373
4.169563 -17.922230 18.561186 -9.617229 9.417710 6.574085 9.553769 15.638613 2.858204 -21.087858 0.289960 -1.995417 -42.446732 -14.799936 4.597353 1.779731 0.073786 7.600780 -12.213374 0.688711 3.317244 -14.373237 -16.175093 11.309006 -19.895775 6.348960 -6.461268 9.600396 6.552068 -2.591832
7.579297 -21.985350 18.057581 -12.400143 10.284831 1.128169 9.102844 9.958761 9.623893 -17.104177 -4.361673 2.074976 -41.418118 -14.227682 3.282177 2.000516 -1.921824 10.753994 -10.489358 9.391242 2.057158 -13.010254 -16.512339 9.955834 -19.532936 5.985481 -1.884437 12.911972 7.074135 3.748489
9.107993 -25.862597 13.309474 -11.827380 9.249513 -5.188333 12.431358 5.540394 9.508310 -15.624033 -8.993943 3.694617 -39.504429 -11.757011 3.547848 2.765538 -0.484267 11.173587 -8.501678 12.540055 0.792349 -10.669690 -16.110529 10.357202 -20.224392 5.004632 1.512374 13.958946 6.415031 6.784576
6.382185 -25.844984 10.176708 -11.442736 8.497261 -8.047932 15.424501 2.870476 7.519877 -14.694323 -12.102917 4.541377 -38.622757 -8.303384 5.016271 3.105230 2.860917 10.049581 -6.764642 13.101905 -0.165829 -7.991904 -15.418234 10.847866 -21.685585 3.569230 3.207802 13.723960 4.807703 8.222364
4.477585 -24.808475 9.297385 -12.111649 8.387493 -9.157190 15.963129 1.939836 6.819390 -14.522881 -13.305250 4.640226 -37.975204 -6.529626 6.075621 4.028050 4.414220 9.195238 -5.586724 13.283124 -0.554693 -7.107611 -14.934114 11.033914 -22.125565 3.070075 3.238305 13.390596 4.032200 8.186240
4.161734 -24.679234 9.074363 -12.411514 8.367643 -9.297254 16.012033 1.869517 6.756078 -14.481315 -13.477077 4.664377 -37.910824 -6.315046 6.237192 4.103695 4.675381 9.101271 -5.406511 13.315813 -0.668265 -6.986429 -14.907725 11.060937 -22.145710 3.006796 3.233982 13.337400 3.883910 8.200197
4.292280 -24.527891 8.560837 -13.118340 8.399085 -9.429992 15.945274 1.769067 6.694369 -14.547559 -13.553989 4.717885 -38.102215 -6.196575 6.222406 4.207760 4.696979 9.186780 -5.241876 13.333513 -0.766788 -6.830656 -14.895767 11.197671 -22.173769 2.996300 3.368632 13.325167 3.795149 8.159122
4.794903 -24.289415 8.033043 -14.553011 8.225528 -9.671399 15.717123 1.547122 6.974096 -14.923291 -13.647247 4.845056 -38.224472 -6.025193 6.352927 4.432498 4.708873 9.145530 -4.997290 13.316599 -0.867201 -6.591690 -14.767086 11.303029 -22.232664 2.875932 3.488784 13.360121 3.619568 8.421213
5.050820 -23.876032 7.395799 -16.465532 7.928270 -9.867938 15.700411 1.381689 7.077478 -15.227773 -13.847208 4.938465 -38.364815 -5.787392 6.567257 4.555766 5.029188 9.099789 -4.663758 13.395003 -0.958653 -6.416260 -14.646663 11.513165 -22.232534 2.736100 3.556967 13.347475 3.385330 8.548265
5.521877 -23.364000 7.500541 -18.698996 7.404598 -8.997057 15.163506 0.658508 7.685680 -15.869474 -14.155130 5.121941 -38.336334 -5.491448 6.779229 4.878673 5.135336 8.906029 -4.328680 13.361479 -0.997649 -6.346899 -14.561247 11.593795 -22.122314 2.642436 3.476123 13.298474 3.190958 8.730936
5.502169 -22.853001 7.663902 -20.615911 6.929157 -7.953528 14.452682 -0.024667 8.083898 -16.624834 -14.421307 5.250003 -38.315170 -5.259672 7.028600 5.265818 5.304636 8.688069 -3.973557 13.329792 -1.156180 -6.364555 -14.549719 11.497217 -21.974829 2.429508 3.339102 13.411463 2.987394 8.866681
4.891259 -22.286898 7.781015 -21.455885 7.184542 -5.998858 13.282510 -0.147017 8.017147 -17.351734 -14.432150 5.318808 -38.074028 -5.261570 7.656897 5.348340 5.735068 8.349471 -3.785808 13.486287 -1.189315 -6.401419 -14.354072 11.191504 -21.799185 2.190076 3.051793 13.659784 2.827722 9.134523
3.276884 -22.086702 8.098418 -22.178951 7.676008 -4.087398 12.543749 -0.847939 8.192575 -17.495150 -14.595859 5.336717 -37.595417 -5.034167 8.173872 5.545945 6.135368 7.959439 -3.742271 13.672747 -1.237387 -6.523839 -14.136967 10.820292 -21.658155 1.982411 2.740800 13.988935 2.706677 9.366827
2.581135 -21.671885 8.696609 -22.580637 8.201335 -3.446085 12.118581 -1.447427 8.579568 -17.252150 -14.588936 5.019445 -36.969769 -5.087710 8.627049 5.636113 6.296366 7.971463 -3.782673 13.829268 -1.277813 -6.665126 -13.848359 10.603725 -21.559006 1.952038 2.498331 14.191223 2.657658 9.610514
2.069969 -21.460501 8.984129 -22.723131 8.517202 -3.079551 11.869377 -1.776737 8.668744 -17.209545 -14.845827 5.056703 -36.594101 -4.831616 8.964647 5.868788 6.364841 7.844920 -3.686081 13.949894 -1.389012 -6.573440 -13.798580 10.478958 -21.590019 1.889201 2.451495 14.242115 2.569601 9.654612
1.965111 -21.289572 9.044524 -22.732111 8.639308 -3.083247 11.815796 -1.828486 8.648609 -17.153149 -14.901592 5.052083 -36.468990 -4.818344 9.068910 5.920110 6.385657 7.790261 -3.662040 13.981509 -1.388195 -6.509543 -13.724758 10.442018 -21.591703 1.862081 2.400591 14.262760 2.533149 9.681534
1.546374 -20.929840 9.021515 -22.577501 9.257088 -2.912173 11.519424 -2.543720 8.402091 -16.725977 -15.301146 5.055079 -35.689583 -4.507342 9.847458 5.955448 7.004116 7.308547 -3.607771 14.190799 -1.297014 -6.188472 -13.199218 10.117522 -21.651777 1.718758 2.174872 14.461679 2.394043 10.035308
0.712194 -20.745901 8.631761 -22.148851 10.629859 -2.349914 10.660329 -3.825210 8.149043 -15.983734 -15.897596 5.224796 -34.308155 -3.913430 11.169332 5.948123 8.205666 6.199320 -3.695491 14.604107 -1.115280 -5.684531 -12.507397 9.540856 -21.892811 1.456416 1.914260 14.639848 2.227581 10.624959
-0.158135 -20.703680 7.510262 -21.575930 12.354121 -1.553836 9.638384 -6.044324 7.595569 -15.649968 -16.682598 5.584934 -32.542423 -3.253751 12.211609 6.189571 9.074938 5.124365 -4.119002 15.317463 -0.916595 -5.077994 -11.716545 8.547273 -22.029078 0.871045 1.348189 15.094193 1.889126 11.114735
-0.707208 -21.129843 5.746085 -19.811674 14.613708 -0.712518 8.100060 -8.168320 6.613256 -14.939842 -17.284229 5.739813 -30.001572 -2.824591 13.586225 6.148873 10.420650 3.046934 -5.175320 15.498040 -0.461129 -4.063849 -10.320060 7.416367 -22.575571 0.070632 0.746075 15.524234 1.445020 11.645502
-0.315705 -22.359980 3.879077 -16.590755 16.356464 0.327863 7.256460 -9.650726 4.695482 -14.861702 -18.502565 6.323817 -27.878326 -2.290397 14.402112 6.293931 11.113116 0.961500 -6.060645 15.541683 -0.041945 -2.753412 -8.640524 6.145149 -23.249819 -0.506398 0.239241 15.761757 1.011643 12.501247
0.264534 -23.414619 1.060250 -13.693087 17.315992 0.531406 7.847551 -10.637373 2.201290 -14.628470 -19.691875 6.988761 -26.297791 -2.586913 14.849318 5.653701 11.501128 -0.539988 -6.725814 15.961069 0.174302 -1.877064 -7.607753 4.940065 -23.819542 -0.882538 -0.363391 15.737909 0.637241 12.988463
1.943313 -4.491237 -5.193854 -22.362143 10.648717 -7.838915 18.282623 -11.691079 -12.895322 -19.472355 -15.820084 6.352974 -20.968899 4.991742 15.344088 7.833930 10.621566 -6.429026 -17.084572 13.644305 -1.215987 4.059227 -2.709578 5.020292 -24.342224 6.146615 4.193244 16.399899 4.189551 7.252988
2.286062 -3.465633 -6.203214 -20.934631 11.776530 -8.101402 19.735323 -12.716657 -14.555789 -16.858932 -16.399794 5.704020 -17.924507 3.781440 15.141051 8.260801 9.569733 -7.757281 -18.226051 12.425436 0.154163 4.850467 -1.131226 4.217859 -23.811842 6.239106 2.903765 16.367746 3.925715 6.611687
3.380897 -1.875358 -5.759051 -18.551149 12.594338 -8.042955 20.677385 -12.119837 -16.477600 -15.559362 -16.576139 4.613022 -14.701725 1.972790 15.272628 8.322947 8.040282 -8.319268 -19.645231 11.481010 1.394502 5.393750 0.856498 3.861390 -22.959213 6.625061 0.989357 16.371698 3.686004 5.527058
2.099807 -5.604588 -2.204631 -11.245612 17.782681 -5.205203 17.942896 -7.039501 -12.978188 -11.770422 -16.049593 -3.192169 -10.992286 0.423302 12.888036 11.989338 11.040328 -5.446708 -18.868587 9.784890 3.644895 2.132365 3.593340 4.067746 -23.559690 3.370394 -3.768796 16.633934 1.815185 4.394149
5.659885 -5.039408 -0.628265 -8.661715 18.431347 -2.974497 18.452013 -5.335774 -13.131945 -10.778169 -12.981266 -5.500480 -9.334555 -2.493624 13.712438 12.548828 9.376508 -5.661299 -20.458654 10.281427 4.589851 1.652908 4.589921 4.600290 -22.687746 4.011292 -5.335709 16.623528 1.839842 2.538599
8.511394 -4.686928 2.630147 -8.574757 17.246218 -4.371109 19.897804 -4.355629 -10.787967 -11.046448 -11.274665 -7.243093 -9.069226 -4.917944 13.329606 11.835875 6.917179 -4.471231 -21.666977 9.634420 4.842711 0.506675 4.734584 5.298593 -21.317144 4.817251 -6.672128 16.764282 2.003180 0.133208
11.232227 -4.234528 5.019901 -8.509632 16.195517 -5.275685 20.735291 -3.064410 -8.865460 -10.957367 -9.588589 -7.928996 -10.042218 -6.531037 12.689243 11.999146 3.363971 -2.447942 -21.936132 10.383611 5.037645 -0.704294 4.617025 6.308998 -20.049940 5.439054 -7.499641 16.953754 2.176176 -1.723848
13.301020 -4.033336 6.161064 -8.199452 15.251275 -5.302577 21.266565 -1.110181 -8.362893 -11.055043 -8.499843 -8.366447 -11.259673 -8.108383 11.603029 12.429996 -0.245400 0.867364 -21.683683 12.127367 5.236899 -1.733202 4.305176 7.162633 -18.933380 5.944733 -8.039651 17.062243 2.431646 -3.021392
13.834305 -4.158693 7.193489 -7.296039 14.472605 -5.119690 21.865744 0.750259 -8.507943 -11.232876 -7.703010 -8.641829 -12.868262 -8.615260 11.214494 11.767670 -0.632924 2.322390 -21.512102 11.943298 5.334968 -2.607960 3.703833 7.931774 -18.238277 6.271009 -8.114743 17.192455 2.798687 -3.628814
13.069994 -4.670782 7.984995 -6.442442 13.384922 -5.045047 22.776768 2.231551 -8.944704 -11.726927 -7.197572 -8.845195 -14.135131 -8.716037 11.311748 10.560946 -0.325862 2.882835 -21.631678 10.449548 5.253127 -3.544158 2.967247 8.366931 -17.876068 6.448493 -8.091324 17.374683 3.197093 -3.625772
12.113022 -4.984783 7.996483 -6.257198 12.777472 -5.609044 23.214655 3.528552 -9.178785 -12.045478 -6.820883 -9.058786 -14.888748 -9.146267 11.433126 9.608538 -0.770006 3.568109 -21.879482 9.538504 5.179293 -4.121480 2.446866 8.680463 -17.696915 6.482017 -7.890641 17.514023 3.482885 -3.511274
11.411540 -5.260910 7.724143 -6.369549 12.463073 -6.024766 23.301586 4.296619 -9.288407 -12.385956 -6.598922 -9.071684 -15.552921 -9.394477 11.300423 9.147372 -1.073151 4.014266 -21.911219 9.025761 5.112937 -4.474023 2.072221 8.889786 -17.588621 6.509077 -7.643659 17.597504 3.692059 -3.332856
11.243168 -5.479361 7.614118 -6.521039 12.257695 -6.194779 23.349857 4.566851 -9.196764 -12.611340 -6.632165 -9.053268 -15.879642 -9.436589 11.137996 8.911579 -1.067865 4.209491 -21.898066 8.685692 5.068985 -4.645848 1.924503 8.950609 -17.601982 6.525276 -7.544016 17.605221 3.790019 -3.148174
