-0.576484 -7.594754 2.840783 -6.473960 12.357546 -6.566549 19.453888 6.883559 -13.662328 -17.650618 -12.918066 -0.211902 -14.892108 -7.920061 4.807590 6.915390 8.410012 3.983246 -21.560112 -11.534548 10.460467 -6.104831 -5.396313 7.834205 -11.755755 -2.867672 -17.354446 13.835230 -3.965626 3.648432
-0.680825 -7.642819 2.811564 -6.429901 12.382358 -6.564972 19.466202 6.898290 -13.722571 -17.670691 -12.940588 -0.209507 -14.790080 -7.901402 4.868161 6.935098 8.497806 3.897470 -21.594446 -11.501442 10.502645 -6.111853 -5.359719 7.774483 -11.734311 -2.827967 -17.416042 13.835905 -3.945318 3.674950
-0.889848 -7.726070 2.745675 -6.392725 12.438658 -6.570227 19.517145 6.868115 -13.837707 -17.695330 -12.885623 -0.236849 -14.672992 -7.918980 4.929227 7.048108 8.603553 3.741857 -21.665651 -11.479950 10.588151 -6.125300 -5.276925 7.643817 -11.692668 -2.749886 -17.553217 13.835754 -3.912457 3.726628
-1.116667 -7.789390 2.599510 -6.355655 12.530866 -6.592509 19.559555 6.808682 -13.998982 -17.694126 -12.857862 -0.256942 -14.459023 -7.933938 5.026320 7.176573 8.756706 3.511867 -21.746681 -11.413040 10.619915 -6.114350 -5.227459 7.622134 -11.675368 -2.700931 -17.566900 13.836929 -3.891717 3.822354
-1.406831 -7.878409 2.406240 -6.229975 12.594588 -6.594931 19.578476 6.855371 -14.208535 -17.744936 -12.644071 -0.304461 -14.204450 -8.012345 5.120749 7.448206 8.867703 3.061318 -21.916435 -11.470613 10.749466 -6.142474 -5.094208 7.462343 -11.597569 -2.537617 -17.763111 13.837323 -3.827336 3.924667
-1.953336 -8.031628 2.241827 -6.002191 12.612373 -6.514730 19.706125 6.967000 -14.565769 -17.875494 -12.199285 -0.404411 -13.982672 -8.185962 5.068011 8.045980 8.799093 2.453192 -22.025019 -11.574429 10.945240 -6.246945 -5.045759 7.388794 -11.387344 -2.288466 -17.942440 13.863058 -3.697257 3.884387
-2.680038 -8.300955 2.270348 -5.664431 12.398308 -6.291418 19.907967 7.269839 -14.960196 -18.200474 -11.496200 -0.479443 -14.347407 -8.432126 4.756859 8.908793 8.345367 2.109200 -21.849047 -11.716072 11.245638 -6.411461 -5.054735 7.387304 -11.061048 -1.883219 -18.111908 13.879753 -3.462832 3.740782
-3.438769 -8.572026 2.224025 -5.254465 12.273854 -6.052845 20.101791 7.590053 -15.427459 -18.492401 -10.996055 -0.502604 -14.371720 -8.629003 4.612190 9.629316 8.232134 1.566993 -21.763067 -11.712486 11.538115 -6.673569 -5.062327 7.384668 -10.653110 -1.393447 -18.231709 13.955211 -3.138623 3.637665
-4.201993 -8.997026 2.172534 -4.935670 12.074345 -5.747767 20.314800 7.808974 -15.832707 -18.794321 -10.299891 -0.559553 -14.603385 -8.936805 4.342154 10.455925 7.844085 1.141110 -21.696569 -11.810550 11.873936 -6.909182 -5.046531 7.276735 -10.335830 -0.981449 -18.401995 14.011705 -2.814315 3.591618
-4.848693 -9.322483 1.930148 -4.755966 11.998791 -5.461367 20.481236 7.885807 -16.205526 -18.994425 -9.946364 -0.543382 -15.008924 -9.125372 4.106513 10.728388 7.638084 0.980394 -21.557623 -12.030408 12.185261 -7.118860 -5.071418 7.227391 -10.103022 -0.723759 -18.571920 14.045566 -2.578025 3.451385
-5.224007 -9.440689 1.592234 -4.599015 11.975600 -5.192326 20.418062 8.108456 -16.473892 -19.123552 -9.617996 -0.596931 -14.701090 -9.455366 4.097505 10.863866 7.653594 0.271623 -21.888559 -12.422650 12.407026 -7.259409 -5.115290 7.150910 -10.055855 -0.631110 -18.736376 14.001663 -2.441309 3.280749
-5.407560 -9.281217 1.207069 -4.577016 12.171391 -5.154192 20.266308 8.424219 -16.730827 -19.173941 -9.407100 -0.581503 -14.538188 -9.726872 3.980422 10.925788 7.571263 -0.271915 -22.162668 -12.760779 12.521882 -7.457234 -5.322595 7.215779 -9.997990 -0.577469 -18.838177 13.899909 -2.330133 2.944478
-5.313646 -8.898732 0.725460 -4.614974 12.435513 -5.077298 19.941917 8.896973 -16.938084 -19.155769 -9.202783 -0.562619 -14.738950 -9.945811 3.625526 10.970572 7.136757 -0.508966 -22.181971 -13.269861 12.561266 -7.518937 -5.400463 7.189111 -10.020164 -0.643645 -19.029676 13.747770 -2.391146 2.779878
-4.951591 -8.391684 0.269431 -4.750682 12.773382 -5.047161 19.478443 9.425199 -17.024548 -19.097082 -9.026311 -0.599715 -14.788097 -10.165801 3.313084 11.040919 6.725325 -0.783669 -22.350330 -13.823866 12.620600 -7.633471 -5.520396 7.182840 -10.056812 -0.665059 -19.193935 13.596673 -2.352956 2.512336
-4.653514 -8.034960 -0.005567 -4.802130 13.004563 -5.090823 19.152929 9.817442 -17.078323 -19.053715 -8.871307 -0.690387 -14.687649 -10.340857 3.218423 11.032863 6.650631 -1.137791 -22.562700 -14.292656 12.679373 -7.685256 -5.631659 7.225307 -10.094262 -0.792183 -19.286438 13.505732 -2.388269 2.334940
-4.463771 -7.700603 -0.148217 -4.846957 13.233870 -5.143920 18.836975 10.298689 -17.158501 -19.135813 -8.774460 -0.733152 -14.717904 -10.489976 3.069137 10.925936 6.444155 -1.335589 -22.711649 -14.743125 12.767494 -7.848676 -5.843925 7.310590 -10.072168 -0.777455 -19.335630 13.404333 -2.288253 2.082047
-4.154564 -7.305703 -0.335519 -4.849463 13.559195 -5.244727 18.509083 10.709212 -17.232727 -19.086800 -8.765352 -0.761448 -14.699501 -10.538460 2.986264 10.870480 6.347847 -1.452496 -22.797304 -14.985074 12.723162 -7.909772 -5.969700 7.328546 -10.149446 -0.847242 -19.331587 13.329062 -2.299703 2.074909
-3.956804 -7.082059 -0.437128 -4.848752 13.787198 -5.335536 18.288542 10.966589 -17.267263 -19.046215 -8.768189 -0.800354 -14.571071 -10.544673 3.007584 10.890737 6.394244 -1.621443 -22.903425 -15.086996 12.752443 -7.879841 -5.928850 7.241665 -10.235116 -0.911327 -19.377356 13.331482 -2.303792 2.121711
-3.762736 -6.850391 -0.476392 -4.828369 13.960835 -5.390160 18.111973 11.163271 -17.286076 -19.005655 -8.776376 -0.856858 -14.407876 -10.539924 3.106702 10.881155 6.501714 -1.735042 -22.974237 -15.118727 12.738953 -7.840368 -5.911768 7.192575 -10.303270 -0.993847 -19.441471 13.287614 -2.376576 2.129440
-3.658867 -6.808232 -0.422110 -4.838621 13.948371 -5.400383 18.064018 11.257275 -17.244568 -19.030069 -8.769588 -0.884461 -14.372928 -10.532179 3.134641 10.876179 6.531809 -1.769689 -23.001646 -15.160074 12.722624 -7.843255 -5.934184 7.189298 -10.332164 -1.015313 -19.435890 13.270201 -2.386886 2.131408
-3.568921 -6.782916 -0.163995 -4.823831 13.829002 -5.446470 18.035461 11.394073 -17.122780 -19.125486 -8.648375 -0.923100 -14.623904 -10.580293 3.017856 10.932484 6.291529 -1.570726 -22.959082 -15.271808 12.736036 -7.868855 -5.976030 7.225302 -10.308722 -1.047877 -19.438879 13.294270 -2.370445 1.978822
-3.102457 -6.789572 0.658231 -4.832895 13.302991 -5.702496 17.958714 11.828032 -16.607418 -19.433569 -8.275831 -1.027861 -15.351235 -10.774442 2.638918 11.018507 5.584314 -1.046193 -22.895332 -15.669085 12.668243 -8.130111 -6.419681 7.676438 -10.082284 -1.052975 -19.263998 13.344175 -2.236525 1.151394
-2.145802 -6.454207 2.140621 -4.575038 12.652625 -6.238560 17.857632 12.810658 -15.948867 -19.866245 -7.743855 -1.252192 -16.695780 -10.997316 2.022566 10.904186 4.388507 0.114639 -22.589605 -16.443024 12.488224 -8.575648 -7.185041 8.392373 -9.779235 -1.105259 -18.870157 13.521534 -1.996819 -0.099510
-0.977282 -5.677227 3.957430 -4.306812 12.081955 -7.016947 17.934019 13.956203 -15.356053 -20.406271 -7.072345 -1.550903 -17.975256 -11.368778 1.499359 10.515774 3.112401 1.306430 -22.363913 -17.259502 12.165708 -9.140206 -8.168180 9.212397 -9.451956 -1.039258 -18.390177 13.695908 -1.733895 -1.493048
0.595408 -4.994014 6.133148 -4.607112 11.654401 -7.649765 17.549105 15.141416 -13.791802 -20.604906 -6.166374 -1.819435 -19.338993 -12.029998 1.196539 9.760831 2.015270 2.495988 -22.225658 -18.002081 11.657365 -10.020864 -9.468657 10.002152 -9.118770 -0.664398 -17.513327 13.918450 -1.095796 -2.778778
2.031317 -4.495883 8.333588 -5.042585 11.745863 -6.621911 16.896935 16.139631 -12.191003 -20.314810 -5.100678 -1.622359 -21.549744 -13.283242 0.457637 8.856747 0.775879 3.854204 -22.452806 -18.350700 10.594809 -11.318805 -11.165213 10.744344 -9.209657 0.414798 -16.450581 13.515041 -0.204952 -3.421885
2.617800 -6.631614 10.870065 -4.983940 11.802835 -3.284112 15.980856 17.486675 -9.953072 -20.125315 -3.988542 -1.469095 -24.467979 -13.972365 -0.366901 8.603569 -0.184711 5.349679 -21.512541 -18.880301 8.525303 -12.408019 -12.861404 12.547734 -9.748240 2.011585 -15.546130 11.787594 -0.180382 -3.528934
3.780831 -11.473276 11.867922 -4.726812 11.312730 3.226838 13.938735 18.454762 -7.648068 -20.978485 -1.743372 -0.848120 -30.190332 -14.802418 0.266381 6.043896 2.857180 7.363832 -18.511339 -17.832432 4.265084 -13.443377 -15.507329 14.789741 -11.407828 4.252680 -14.507224 7.830646 -1.655886 -1.655510
3.537476 -14.313733 14.196147 -5.037545 9.785104 5.250636 12.759110 17.849169 -4.984489 -21.635256 -1.502350 0.649847 -34.046555 -15.753696 1.779829 3.497311 6.238476 8.490191 -15.509633 -15.997369 2.221229 -13.530609 -17.364614 16.885256 -13.405641 5.115054 -12.492353 5.766853 -2.166939 -1.618014
3.104103 -16.788025 15.183325 -7.701159 8.230212 6.179262 11.783138 16.836563 -1.962734 -22.345289 -2.497765 2.768727 -36.483646 -16.336182 1.314554 2.067329 6.760358 9.637011 -13.417062 -13.752069 0.571671 -12.070167 -18.039148 19.467123 -14.573817 5.342998 -10.409591 4.756453 -3.199790 -3.486423
4.169563 -17.922230 18.561186 -9.617229 9.417710 6.574085 9.553769 15.638613 2.858204 -21.087858 -4.108304 5.576171 -39.316563 -17.416119 0.093586 0.374546 4.910898 12.758752 -11.521110 -10.152162 -0.823655 -11.051928 -17.878201 21.222166 -15.086180 6.472804 -7.121552 5.072725 -2.835010 -3.253009
5.048550 -20.155046 19.308945 -11.544480 9.816881 4.751701 9.112331 12.734045 7.273392 -18.761992 -5.940322 8.170872 -39.780518 -17.776428 -0.228404 -0.044193 3.305627 14.882361 -10.267625 -5.696837 1.143205 -10.046021 -15.286369 20.813860 -15.645665 7.724636 -3.598882 7.534061 0.526398 -2.013267
7.579297 -21.985350 18.057581 -12.400143 10.284831 1.128169 9.102844 9.958761 9.623893 -17.104177 -8.338100 9.828507 -38.308430 -16.969307 -0.633281 0.579276 2.490174 15.867423 -9.928152 -1.338659 3.661621 -9.272984 -12.815258 19.136496 -16.558048 8.228729 -1.134509 9.513164 3.722112 1.014475
9.077643 -24.333956 15.568309 -12.875855 9.995753 -2.242719 10.461908 7.306542 10.421132 -16.019215 -10.537386 10.700346 -37.263351 -15.892235 -0.411054 1.072794 2.623483 16.309694 -9.093118 0.640890 4.845287 -8.576906 -11.577406 17.813211 -17.551472 8.060102 0.640236 10.964859 5.704863 3.438590
9.107993 -25.862597 13.309474 -11.827380 9.249513 -5.188333 12.431358 5.540394 9.508310 -15.624033 -12.609049 11.569306 -36.309513 -14.483384 0.223715 1.312918 3.487731 16.248436 -8.076591 1.923897 4.983340 -7.654615 -10.716076 16.674242 -18.940231 7.165287 1.783822 11.794264 6.504606 5.070884
7.802155 -26.205669 11.668431 -11.087108 8.430420 -6.503577 14.336899 3.950310 8.042287 -15.272919 -14.356020 12.194599 -35.795055 -12.567061 1.033726 1.380616 5.305630 15.632206 -7.220337 2.336981 4.476200 -6.388836 -9.806398 15.506061 -20.260803 5.834448 2.416650 12.763901 6.187498 6.750287
6.382185 -25.844984 10.176708 -11.442736 8.497261 -8.047932 15.424501 2.870476 7.519877 -14.694323 -15.584474 12.446902 -35.460171 -11.021629 1.868551 1.632950 6.820855 15.010909 -6.351123 2.425091 4.135298 -5.701209 -9.508547 14.965596 -21.338562 5.312673 2.375055 12.534700 5.873237 7.414372
5.140844 -25.225452 9.708097 -11.752542 8.474909 -8.861629 15.782302 2.335478 7.070094 -14.526024 -16.289948 12.410815 -35.193047 -9.863881 2.398346 2.241134 7.841484 14.680199 -5.601948 2.479270 4.031704 -5.455984 -9.460089 14.540181 -21.902531 5.117357 2.269614 12.240621 5.786014 8.036572
4.477585 -24.808475 9.297385 -12.111649 8.387493 -9.157190 15.963129 1.939836 6.819390 -14.522881 -16.836266 12.540880 -34.828873 -9.314881 2.754248 2.623523 8.300895 14.201487 -5.139099 2.615974 3.818386 -5.324577 -9.466410 14.060264 -22.148018 4.802013 2.037004 12.259443 5.522757 8.388778
4.148468 -24.713469 9.103347 -12.306987 8.343610 -9.301649 16.071398 1.882213 6.748142 -14.440580 -16.980495 12.594319 -34.775482 -9.123543 2.919023 2.690705 8.554482 14.083097 -4.966694 2.690468 3.761468 -5.247081 -9.587481 13.798030 -22.219816 4.765034 1.958348 12.237627 5.480469 8.567101
4.161734 -24.679234 9.074363 -12.411514 8.367643 -9.297254 16.012033 1.869517 6.756078 -14.481315 -17.000145 12.572958 -34.771420 -9.101843 2.935832 2.702689 8.571973 14.101705 -4.946906 2.669548 3.725384 -5.244764 -9.589449 13.876594 -22.197136 4.744462 2.002076 12.247141 5.456126 8.543306
4.185842 -24.603838 8.853778 -12.707464 8.387072 -9.273434 15.968830 1.795652 6.691293 -14.528049 -17.066227 12.620433 -34.814613 -9.039336 2.970525 2.716378 8.642393 14.105092 -4.889296 2.693567 3.696717 -5.162621 -9.622923 13.900429 -22.167175 4.654521 2.117009 12.340123 5.411942 8.533379
4.292280 -24.527891 8.560837 -13.118340 8.399085 -9.429992 15.945274 1.769067 6.694369 -14.547559 -17.068539 12.624986 -34.947525 -8.983173 2.973228 2.775671 8.605235 14.203474 -4.788046 2.655531 3.693341 -5.124013 -9.664274 13.983122 -22.159674 4.655901 2.256018 12.333200 5.430296 8.584053
4.540787 -24.523582 8.334701 -13.629198 8.350802 -9.570629 15.851290 1.670350 6.844387 -14.676760 -17.076225 12.669145 -35.023712 -8.928491 3.002267 2.848798 8.608423 14.215119 -4.716277 2.643026 3.669912 -5.000973 -9.685135 14.013958 -22.103064 4.554129 2.442597 12.453155 5.383307 8.681781
4.794903 -24.289415 8.033043 -14.553011 8.225528 -9.671399 15.717123 1.547122 6.974096 -14.923291 -17.165131 12.747638 -35.051102 -8.811866 3.129798 2.975724 8.672888 14.151546 -4.555141 2.608431 3.336999 -5.033808 -10.082424 13.976176 -22.147882 4.390520 2.650092 12.560432 5.207786 8.724868
4.691425 -23.902512 7.619847 -15.602052 8.123862 -9.777298 15.638474 1.514600 6.918346 -15.070265 -17.281527 12.856746 -35.057907 -8.708394 3.293966 3.023203 8.850507 14.043191 -4.406494 2.631897 2.956739 -4.973526 -10.385103 14.316658 -22.193314 4.223467 2.849244 12.437473 4.854614 8.585773
5.050820 -23.876032 7.395799 -16.465532 7.928270 -9.867938 15.700411 1.381689 7.077478 -15.227773 -17.348425 12.849270 -35.112915 -8.563745 3.469450 3.034644 9.080848 14.062428 -4.268306 2.607851 2.591571 -4.964916 -10.525251 14.863866 -22.161484 4.049502 3.166988 12.346212 4.485013 8.466953
5.325711 -23.632998 7.328686 -17.518705 7.685284 -9.508432 15.602249 1.135059 7.201342 -15.492514 -17.566414 12.934495 -35.040382 -8.398190 3.569621 3.199426 9.181693 13.919161 -4.109896 2.589167 2.127244 -4.921448 -11.257042 15.262568 -22.228840 4.083523 3.521755 11.803764 4.018815 8.170006
5.521877 -23.364000 7.500541 -18.698996 7.404598 -8.997057 15.163506 0.658508 7.685680 -15.869474 -17.673292 12.991080 -35.068916 -8.255823 3.641977 3.362931 9.199517 13.826041 -3.941529 2.529527 1.574197 -4.952736 -11.504782 15.626216 -22.267641 3.971644 3.713927 11.532096 3.467200 8.014124
5.607235 -23.257650 7.636302 -19.751665 7.006160 -8.514237 14.909217 0.227968 8.013314 -16.228886 -17.844444 13.067372 -35.001770 -8.140845 3.796389 3.512940 9.362286 13.677369 -3.785106 2.536356 1.003658 -4.877628 -11.963111 16.084272 -22.342714 3.992123 3.935277 10.951231 2.913220 7.992004
5.502169 -22.853001 7.663902 -20.615911 6.929157 -7.953528 14.452682 -0.024667 8.083898 -16.624834 -17.971893 13.085923 -35.029133 -8.017406 3.849031 3.754049 9.348826 13.619067 -3.594325 2.502277 0.400246 -4.804179 -12.053252 16.376291 -22.384792 3.863327 3.991285 10.684801 2.332741 7.925968
5.446896 -22.674143 7.639603 -21.083420 6.881515 -6.995780 13.939975 -0.106181 8.027596 -17.039637 -18.060219 13.205581 -34.891743 -7.970072 4.157939 3.809092 9.613375 13.398606 -3.477644 2.646920 -0.166066 -4.699626 -12.318602 16.711262 -22.406067 3.932942 3.837685 10.086807 1.733300 7.890409
4.891259 -22.286898 7.781015 -21.455885 7.184542 -5.998858 13.282510 -0.147017 8.017147 -17.351734 -18.020107 13.144691 -34.771496 -8.059972 4.412664 3.836722 9.744066 13.358127 -3.384068 2.715544 -0.680675 -4.386855 -12.150276 16.909201 -22.519360 3.731246 3.847579 10.048159 1.241556 7.715324
4.200951 -22.340927 7.971677 -21.787674 7.353394 -4.740609 12.906000 -0.600205 8.078146 -17.517210 -18.094166 13.185784 -34.500328 -8.078164 4.673466 3.859802 9.931870 13.190691 -3.388534 2.862991 -1.026623 -3.912691 -12.247952 17.324265 -22.635265 3.770001 3.843670 9.505726 0.700089 7.575070
3.276884 -22.086702 8.098418 -22.178951 7.676008 -4.087398 12.543749 -0.847939 8.192575 -17.495150 -18.225998 13.162627 -34.268124 -7.876171 4.900641 4.013357 10.152742 13.061889 -3.308573 2.921466 -1.472139 -3.394224 -12.282015 17.512882 -22.848307 3.786550 3.709067 9.022411 0.103230 7.328604
2.842769 -21.846399 8.446964 -22.446608 7.957313 -3.672308 12.404662 -1.252380 8.397510 -17.208961 -18.229212 13.003090 -33.862701 -7.965597 5.202703 4.013176 10.230615 13.067709 -3.361870 3.074653 -1.559627 -2.983211 -12.268449 17.510187 -22.957304 3.820675 3.603317 8.697969 -0.212718 7.316315
2.581135 -21.671885 8.696609 -22.580637 8.201335 -3.446085 12.118581 -1.447427 8.579568 -17.252150 -18.218102 12.847188 -33.638573 -7.932985 5.383374 4.090512 10.338214 13.102859 -3.335276 3.098214 -1.535191 -2.722772 -12.239393 17.560350 -22.909698 3.830052 3.474763 8.462517 -0.448215 7.300137
2.191054 -21.567385 8.862720 -22.714933 8.375502 -3.145616 12.003915 -1.663708 8.647820 -17.167688 -18.341478 12.828667 -33.415077 -7.835173 5.560348 4.218493 10.377549 13.048663 -3.286854 3.182508 -1.523813 -2.546186 -12.044592 17.637926 -22.945869 3.785037 3.416660 8.354122 -0.627647 7.262940
2.069969 -21.460501 8.984129 -22.723131 8.517202 -3.079551 11.869377 -1.776737 8.668744 -17.209545 -18.469345 12.866215 -33.272469 -7.708900 5.685872 4.319406 10.382353 13.008307 -3.238713 3.250597 -1.474143 -2.474108 -11.990576 17.644827 -22.899673 3.796689 3.288796 8.230297 -0.741953 7.256372
2.047620 -21.363447 9.033416 -22.743887 8.568772 -3.122842 11.842096 -1.785369 8.670465 -17.211538 -18.488892 12.851848 -33.230785 -7.707102 5.695407 4.354393 10.341988 13.034984 -3.222829 3.269173 -1.495167 -2.431440 -12.023781 17.640816 -22.877453 3.799206 3.265267 8.191401 -0.787029 7.245465
1.965111 -21.289572 9.044524 -22.732111 8.639308 -3.083247 11.815796 -1.828486 8.648609 -17.153149 -18.532307 12.861768 -33.141624 -7.700243 5.781174 4.368463 10.409726 12.954314 -3.217503 3.280332 -1.514848 -2.304879 -11.928682 17.588005 -22.904123 3.740384 3.267956 8.224421 -0.854587 7.261164
1.782018 -21.151962 9.029494 -22.690739 8.870822 -3.003666 11.724771 -2.161031 8.539442 -16.963652 -18.714977 12.864491 -32.793987 -7.567377 6.119151 4.392392 10.696974 12.735110 -3.193374 3.368657 -1.573972 -2.121927 -11.820873 17.498079 -22.962326 3.691712 3.142945 8.110953 -1.079002 7.345231
1.546374 -20.929840 9.021515 -22.577501 9.257088 -2.912173 11.519424 -2.543720 8.402091 -16.725977 -18.911442 12.856702 -32.361881 -7.426003 6.537834 4.414831 11.068146 12.439719 -3.177104 3.468542 -1.602474 -1.749552 -11.562740 17.185326 -23.001774 3.634739 2.943395 8.016605 -1.368227 7.564040
1.153933 -20.800074 8.881326 -22.326746 9.836580 -2.531379 11.133024 -3.001293 8.198254 -16.395739 -19.138882 12.871234 -31.737053 -7.195947 7.083744 4.481983 11.574661 11.989045 -3.228163 3.665381 -1.622455 -1.510166 -11.364303 16.907106 -23.043156 3.616111 2.732258 7.906303 -1.571587 7.829138
0.712194 -20.745901 8.631761 -22.148851 10.629859 -2.349914 10.660329 -3.825210 8.149043 -15.983734 -19.487831 12.994872 -30.953583 -6.914898 7.792449 4.443426 12.269425 11.312693 -3.290176 3.897794 -1.581344 -1.423064 -11.035123 16.481493 -23.088737 3.651480 2.261312 7.804460 -1.717162 8.099005
0.344663 -20.684004 8.146995 -21.852415 11.501813 -1.947262 10.098712 -4.895665 7.920503 -15.799171 -19.879084 13.090240 -30.141897 -6.698888 8.146769 4.607038 12.618560 10.918614 -3.444875 4.210918 -1.720292 -1.343243 -10.641764 16.097193 -23.152552 3.501194 1.885590 7.974421 -1.922597 8.122352
-0.158135 -20.703680 7.510262 -21.575930 12.354121 -1.553836 9.638384 -6.044324 7.595569 -15.649968 -20.298500 13.301326 -29.194386 -6.385150 8.563843 4.821841 13.063439 10.316110 -3.679376 4.671243 -1.714416 -0.962178 -10.184332 15.436707 -23.274994 3.311205 1.396358 7.999780 -2.258583 8.401281
-0.585123 -20.907223 6.654200 -20.949286 13.455500 -1.198512 8.959974 -7.232327 7.188578 -15.225920 -20.648075 13.432706 -27.966225 -6.123482 9.190866 4.971407 13.755574 9.377931 -4.066076 4.973072 -1.552829 -0.590757 -9.739595 15.032799 -23.545708 3.197922 1.025703 7.867950 -2.437290 8.729647
-0.707208 -21.129843 5.746085 -19.811674 14.613708 -0.712518 8.100060 -8.168320 6.613256 -14.939842 -20.956350 13.441857 -26.674267 -6.041598 9.720147 4.801555 14.587083 8.202229 -4.733931 4.809307 -1.443330 -0.025774 -9.296936 14.377016 -23.783115 2.967388 0.643171 7.783817 -2.830635 9.136612
-0.464119 -21.573038 4.795280 -18.340906 15.643861 -0.283298 7.447095 -8.867897 5.819312 -14.708861 -21.432011 13.564578 -25.403208 -5.716230 10.236411 4.859863 15.267423 7.046665 -5.343680 4.696349 -1.037486 0.683910 -8.470018 13.771136 -23.826847 2.771194 0.189682 7.902521 -3.093213 9.645056
-0.315705 -22.359980 3.879077 -16.590755 16.356464 0.327863 7.256460 -9.650726 4.695482 -14.861702 -22.173645 13.988278 -24.516214 -5.493096 10.555547 4.897304 15.608490 5.996850 -5.691246 4.668091 -0.639867 1.271440 -7.787564 13.199964 -23.983038 2.810893 -0.079432 7.854243 -3.141155 10.251762
0.191214 -23.087481 2.426802 -14.873820 17.034819 0.706539 7.185071 -10.135298 3.458660 -14.874354 -22.857651 14.418592 -23.711065 -5.572265 10.745583 4.736297 15.899984 5.104271 -6.005183 4.838670 -0.190419 1.814737 -7.017214 12.821712 -23.993679 2.815704 -0.675929 7.708157 -3.374184 10.616238
0.264534 -23.414619 1.060250 -13.693087 17.315992 0.531406 7.847551 -10.637373 2.201290 -14.628470 -23.409149 14.628175 -22.826443 -5.996126 10.884250 4.258159 16.093203 4.560697 -6.397560 5.006517 0.298420 2.398988 -6.282021 12.621914 -24.055275 2.788661 -1.345070 7.325053 -3.715974 10.767914
0.369781 -23.621073 0.369414 -12.587002 17.309799 0.137493 8.664810 -11.268284 1.186244 -14.057392 -23.659143 14.564209 -21.844723 -6.471059 11.100524 4.035545 16.193108 3.859574 -6.785783 5.145041 0.877885 2.990192 -5.522385 12.789748 -23.931904 2.820236 -1.948277 6.873338 -4.081998 10.882694
1.943313 -4.491237 -5.193854 -22.362143 10.648717 -7.838915 18.282623 -11.691079 -12.895322 -19.472355 -20.265795 8.066971 -17.723143 -2.896958 2.939269 6.496449 20.280334 1.370368 -15.858680 4.440794 2.774536 5.813182 -8.286218 9.335127 -18.721657 -2.208837 -3.562551 11.427340 -6.317760 13.304188
2.047243 -4.044391 -5.916198 -21.644596 11.285389 -7.921254 19.084286 -12.544622 -13.809257 -18.153473 -20.268993 7.700909 -16.427216 -3.291039 3.117899 6.679990 19.891790 0.258564 -16.417231 3.708107 3.363213 6.402955 -7.380898 9.018188 -18.479122 -2.330281 -4.253599 11.423729 -6.655644 13.022824
2.286062 -3.465633 -6.203214 -20.934631 11.776530 -8.101402 19.735323 -12.716657 -14.555789 -16.858932 -20.267729 7.239014 -15.008724 -3.667972 3.528180 6.903011 19.617168 -0.849557 -17.088068 2.926308 3.958233 6.931786 -6.465544 8.769938 -18.160118 -2.342166 -5.078077 11.303902 -7.017138 12.607523
2.768967 -2.739224 -6.218329 -19.849447 12.311824 -8.295388 20.271996 -12.664360 -15.426650 -15.993084 -20.241478 6.566561 -13.412271 -4.357463 3.835424 6.941413 19.141636 -1.594908 -17.847422 2.363947 4.570482 7.259067 -5.611574 8.682609 -17.610443 -2.204144 -6.061103 11.153382 -7.283191 11.951115
3.380897 -1.875358 -5.759051 -18.551149 12.594338 -8.042955 20.677385 -12.119837 -16.477600 -15.559362 -19.896715 5.942872 -11.935140 -5.437221 4.191607 6.831910 18.198296 -1.830705 -18.552267 2.125155 5.084992 7.303797 -4.885532 8.562392 -16.801704 -2.082494 -7.229365 11.189010 -7.564684 11.250546
1.574530 -5.074568 -3.036223 -13.550413 16.627934 -5.996363 18.450111 -8.931559 -13.227504 -13.058392 -20.383522 5.031887 -9.092275 -1.803495 8.362026 9.627468 16.248850 -0.813184 -18.115522 -1.216433 7.517969 3.762474 -2.577750 8.963984 -17.921593 -5.691380 -9.273305 12.375646 -7.890400 11.354424
2.099807 -5.604588 -2.204631 -11.245612 17.782681 -5.205203 17.942896 -7.039501 -12.978188 -11.770422 -19.501152 3.730368 -7.387327 -2.580651 9.627318 10.100567 15.522246 -0.516421 -18.584669 -0.953309 8.616444 3.900071 -1.856411 9.041230 -17.108692 -6.169659 -10.127088 12.571746 -7.914294 10.652259
3.772238 -5.290463 -1.703007 -9.923428 18.529043 -3.615704 17.889973 -5.908320 -13.161404 -11.105961 -18.150812 2.906100 -6.302785 -4.293474 10.065558 10.195803 14.588664 -0.413425 -19.440863 -0.974366 8.918176 3.920104 -1.364454 9.491829 -16.641075 -6.297298 -10.972054 12.524696 -8.479634 10.098547
5.659885 -5.039408 -0.628265 -8.661715 18.431347 -2.974497 18.452013 -5.335774 -13.131945 -10.778169 -16.800987 1.962622 -5.468086 -5.842269 10.262328 10.334044 13.875445 -0.254905 -20.217196 -1.035516 9.119044 3.706668 -1.075888 9.707581 -15.927786 -6.140529 -11.739520 12.728981 -8.644033 9.039543
7.246206 -4.890978 1.020084 -8.291649 17.770573 -3.345464 19.284386 -4.876728 -12.234206 -10.944140 -15.822926 1.137772 -5.310278 -7.187045 10.209628 9.696070 13.180150 0.375210 -20.849129 -1.454253 9.259174 3.115676 -1.040136 9.920453 -15.203042 -5.887714 -12.455968 12.929421 -8.601401 7.946182
8.511394 -4.686928 2.630147 -8.574757 17.246218 -4.371109 19.897804 -4.355629 -10.787967 -11.046448 -15.043439 0.492149 -5.169109 -8.412093 9.970344 9.257897 11.583146 1.318428 -21.482309 -1.896145 9.362103 2.481680 -1.166058 10.348413 -14.604625 -5.571765 -12.875432 13.010719 -8.425771 6.793005
9.682606 -4.435322 3.874055 -8.572517 16.779036 -4.946239 20.261723 -3.718295 -9.803052 -11.034494 -14.305798 0.110087 -5.590929 -9.113895 9.673509 9.021172 10.162416 2.327884 -21.767159 -2.079608 9.488807 1.783074 -1.190267 10.770076 -13.927108 -5.279299 -13.308366 13.198536 -8.287580 5.871278
11.232227 -4.234528 5.019901 -8.509632 16.195517 -5.275685 20.735291 -3.064410 -8.865460 -10.957367 -13.842857 -0.048918 -5.915141 -10.002067 9.144571 9.188678 8.035816 4.052464 -21.721853 -1.333395 9.653053 1.231398 -1.236217 11.267073 -13.368964 -5.002001 -13.663682 13.306805 -8.137887 4.985864
12.509271 -4.053872 5.663225 -8.352850 15.795182 -5.279110 21.031134 -2.105370 -8.595731 -10.943941 -13.507575 -0.252147 -6.186975 -10.850972 8.561040 9.441499 6.011778 6.049136 -21.558924 -0.172120 9.810463 0.701699 -1.262830 11.674727 -12.794239 -4.736384 -13.992183 13.454983 -7.961297 4.252605
13.301020 -4.033336 6.161064 -8.199452 15.251275 -5.302577 21.266565 -1.110181 -8.362893 -11.055043 -13.305559 -0.445675 -6.754356 -11.340316 8.038278 9.437744 4.934821 7.602285 -21.339804 0.475601 9.935177 0.272408 -1.381092 12.094422 -12.309465 -4.529583 -14.153828 13.566476 -7.783134 3.594335
13.580629 -4.050556 6.562062 -7.910445 14.866704 -5.318282 21.498386 -0.077917 -8.401092 -11.110216 -13.006559 -0.626393 -7.463989 -11.600134 7.869985 9.141232 4.678725 8.655437 -21.202749 0.658052 10.023672 -0.135961 -1.606021 12.465716 -12.004395 -4.309150 -14.125816 13.661472 -7.510057 3.196878
13.834305 -4.158693 7.193489 -7.296039 14.472605 -5.119690 21.865744 0.750259 -8.507943 -11.232876 -12.654934 -0.692075 -8.272077 -11.576190 7.804816 8.761971 4.797897 9.062984 -21.081427 0.375419 10.071665 -0.594953 -1.849441 12.767900 -11.752715 -4.106998 -14.096072 13.795583 -7.221808 2.991763
13.569916 -4.443901 7.645456 -6.756156 13.898231 -4.967570 22.334410 1.525066 -8.796566 -11.456077 -12.268548 -0.906810 -9.039685 -11.594089 7.883417 8.133180 5.250625 9.254691 -21.096992 -0.324024 10.035908 -1.137892 -2.156724 12.956471 -11.619523 -3.929878 -14.029902 13.980197 -6.887499 2.971332
13.069994 -4.670782 7.984995 -6.442442 13.384922 -5.045047 22.776768 2.231551 -8.944704 -11.726927 -12.003311 -1.061097 -9.668948 -11.639399 7.886712 7.640998 5.349007 9.513713 -21.145304 -0.922526 9.976768 -1.543481 -2.473011 13.099219 -11.564477 -3.801510 -13.898116 14.077358 -6.596870 2.845927
12.541974 -4.897362 8.077347 -6.252981 12.956454 -5.283542 23.134987 2.970726 -9.123218 -11.889051 -11.804646 -1.245230 -10.074571 -11.773963 7.943961 7.170532 5.367790 9.736928 -21.249033 -1.415902 9.935667 -1.911959 -2.747759 13.261539 -11.487870 -3.688210 -13.752889 14.182684 -6.341619 2.788845
12.113022 -4.984783 7.996483 -6.257198 12.777472 -5.609044 23.214655 3.528552 -9.178785 -12.045478 -11.573536 -1.405797 -10.463738 -11.963914 7.989023 6.707286 5.331330 9.990512 -21.347679 -1.797401 9.875010 -2.189496 -2.965902 13.333474 -11.522941 -3.608057 -13.549085 14.257883 -6.108136 2.837242
11.693308 -5.115294 7.864470 -6.274630 12.612437 -5.857714 23.273771 4.000478 -9.274913 -12.220398 -11.453715 -1.436907 -10.816660 -12.074631 7.915739 6.495102 5.189944 10.212639 -21.367979 -2.047968 9.820150 -2.410542 -3.144489 13.398715 -11.525190 -3.534472 -13.364793 14.338080 -5.916449 2.908182
11.411540 -5.260910 7.724143 -6.369549 12.463073 -6.024766 23.301586 4.296619 -9.288407 -12.385956 -11.430992 -1.416209 -11.184020 -12.087207 7.785137 6.324312 5.141707 10.319820 -21.353619 -2.352343 9.787933 -2.568618 -3.294012 13.483613 -11.522254 -3.468992 -13.194641 14.375302 -5.758798 2.926093
11.302024 -5.396273 7.647720 -6.448609 12.334861 -6.143501 23.334785 4.466359 -9.243852 -12.523135 -11.437187 -1.394195 -11.430079 -12.070222 7.698301 6.204588 5.161906 10.371923 -21.336100 -2.562303 9.757448 -2.684984 -3.371090 13.500594 -11.546690 -3.422770 -13.109023 14.399141 -5.658707 3.031323
11.243168 -5.479361 7.614118 -6.521039 12.257695 -6.194779 23.349857 4.566851 -9.196764 -12.611340 -11.459326 -1.383880 -11.591880 -12.050344 7.623688 6.141372 5.165342 10.416333 -21.320011 -2.683007 9.736420 -2.750316 -3.423090 13.514752 -11.583029 -3.406597 -13.045316 14.399397 -5.599412 3.076082
11.255632 -5.493742 7.610493 -6.530090 12.249946 -6.211730 23.367680 4.589067 -9.182040 -12.617959 -11.460040 -1.386338 -11.605577 -12.057549 7.618021 6.138067 5.159500 10.435376 -21.315191 -2.679555 9.741952 -2.756685 -3.433435 13.539824 -11.586267 -3.402989 -13.018972 14.387007 -5.584204 3.053629
