-8.864429 -14.541250 -6.381250 -0.876244 28.689901 -5.083700 4.200149 21.543819 -14.064599 2.764691 -10.202704 -6.909149 -10.404963 -18.517845 17.361858 10.257501 5.316577 -16.984039 -15.580715 -4.770190 12.617292 -7.326017 -4.575161 2.975553 -13.452989 -1.379107 -22.179607 11.765793 -2.806285 5.294785
-8.614088 -14.388271 -6.497125 -0.603077 28.653488 -5.038982 4.037714 22.183422 -14.248248 2.592118 -10.043867 -7.115254 -10.077968 -18.586172 17.407192 10.342758 5.323220 -17.185335 -15.807502 -4.991742 12.700037 -7.489523 -4.642879 2.740256 -13.537844 -1.148519 -22.211002 11.775034 -2.534013 5.225156
-7.900314 -14.566552 -6.655128 -0.147145 28.334719 -4.895455 3.859865 23.176991 -14.344522 2.225332 -9.515184 -7.263555 -10.012105 -18.901333 17.093584 10.976778 4.823035 -17.451805 -15.744849 -5.101277 12.888393 -7.385236 -4.416852 2.635929 -13.317276 -1.052820 -22.381336 11.893576 -2.548711 5.033880
-7.357783 -14.846907 -6.450473 0.563311 27.757648 -4.453106 3.880989 24.794350 -14.567048 1.665577 -8.329493 -7.685054 -10.181270 -19.699957 16.256920 11.753548 3.480965 -17.884005 -16.216314 -6.004100 13.395033 -7.413245 -4.136831 2.607949 -12.855879 -0.903532 -22.799067 11.974895 -2.418809 4.469242
-7.599488 -15.068676 -6.015868 1.001120 27.375370 -4.367922 4.037994 25.902264 -14.552072 1.552275 -7.600482 -8.038602 -10.047215 -19.941492 15.542631 12.213254 2.775471 -18.314798 -16.773218 -6.460714 13.598097 -7.699626 -4.073048 2.866265 -12.336560 -0.497572 -22.874184 12.163889 -2.094977 3.803270
-7.907740 -15.331195 -5.461503 1.112503 27.078751 -4.471972 4.230064 26.222130 -14.226986 1.670038 -6.965468 -8.401525 -9.568884 -20.329773 15.346676 12.738848 2.430279 -19.047720 -17.384491 -7.057618 13.966305 -7.816862 -3.752073 3.117722 -11.639691 -0.252389 -23.273190 12.401896 -2.017845 3.142587
-8.872797 -15.385427 -4.451168 1.157617 26.626942 -4.569074 4.513456 26.882124 -14.140248 1.259169 -6.379159 -8.520993 -9.421020 -20.776762 15.016677 12.954935 1.945445 -19.416229 -18.057795 -7.490130 14.183516 -8.076417 -3.906741 3.428447 -10.937375 -0.154085 -23.512474 12.597864 -2.000731 2.363666
-9.684952 -15.382511 -3.779929 1.122619 26.118286 -4.659418 4.759132 27.381023 -14.143028 0.842852 -5.971636 -8.445256 -9.711192 -21.071154 14.670545 12.495468 1.551862 -19.423641 -18.856018 -8.006266 14.443064 -8.055061 -4.023379 3.629643 -10.440943 -0.421791 -23.583302 12.834358 -2.083985 1.811486
-9.882736 -15.302971 -3.634959 0.972186 26.086018 -4.524287 4.663836 27.831491 -14.196681 0.637800 -5.692034 -8.411321 -10.156796 -21.057678 14.313569 12.343923 1.223226 -19.331825 -18.979601 -8.405634 14.687179 -8.257729 -4.212332 3.611750 -10.365066 -0.388934 -23.622881 12.855402 -1.789504 1.201276
-9.963593 -15.168601 -3.683131 0.962997 26.148422 -4.555435 4.642008 27.951427 -14.403474 0.519471 -5.449221 -8.349358 -10.307431 -21.110653 14.099963 12.190326 1.156047 -19.542774 -19.236622 -8.696184 14.788651 -8.416051 -4.363431 3.613138 -10.350556 -0.329549 -23.561905 12.856161 -1.573456 0.928123
-10.048471 -15.199638 -3.441688 0.930264 26.031199 -4.560460 4.680974 28.107426 -14.248820 0.451308 -5.475402 -8.346129 -10.482863 -21.163740 14.020719 12.214334 0.948109 -19.424652 -19.144815 -8.869016 14.698360 -8.547641 -4.522241 3.814153 -10.230566 -0.208660 -23.493900 12.828102 -1.548481 0.741210
-10.356218 -15.551579 -1.489051 1.126757 25.026138 -4.580126 5.027604 28.757729 -13.372820 -0.110087 -5.368022 -8.580039 -12.313571 -21.368771 13.290935 12.508688 -0.416103 -18.221840 -18.343580 -10.270726 13.780536 -8.973168 -5.718035 5.096503 -9.538135 -0.110668 -22.755707 12.843730 -1.919592 0.105368
-9.407398 -16.601419 2.546133 0.611009 22.105129 -5.124220 6.031043 27.933451 -10.810366 -1.776321 -5.642050 -7.238265 -18.198734 -19.942369 10.579565 14.745364 -4.422824 -14.614487 -14.300907 -10.516058 11.681638 -10.357907 -8.058411 7.064716 -9.105074 0.464407 -20.979719 12.830037 -1.626318 -1.388619
-6.489446 -18.366945 7.454064 -1.365123 18.117870 -6.541525 7.259552 27.096298 -6.588069 -3.653204 -5.158195 -5.084383 -24.542139 -19.366093 8.281113 15.188774 -7.941606 -9.821815 -11.732341 -8.569185 9.564157 -11.915788 -11.016103 9.597481 -9.067214 1.238518 -17.582859 13.147977 -0.580090 -3.079615
-3.697801 -18.140135 10.814768 -4.994506 14.416944 -8.369639 8.739701 25.187782 -4.252636 -6.131447 -5.584931 -4.719839 -28.527187 -15.715314 5.884867 15.224383 -9.861091 -5.026870 -12.025298 -8.951441 6.455348 -12.694176 -13.742134 13.594832 -10.207736 3.245118 -15.288066 10.081402 -1.078180 -2.220778
2.441731 -18.166595 10.580722 -9.275419 13.111919 -8.869684 7.877227 23.644367 -1.107450 -6.604474 -6.628660 -1.514574 -34.036041 -12.103301 2.120114 17.908337 -11.300872 -2.761966 -8.382091 -6.613652 2.485214 -13.764637 -16.983166 16.077948 -10.785726 4.948974 -10.201338 9.758520 -0.672138 0.699064
6.439811 -18.812929 11.540247 -11.609985 11.777980 -9.110886 8.426284 20.473083 0.890449 -6.445345 -10.367710 0.248105 -33.513153 -8.795360 3.181009 18.492542 -8.842082 -1.229220 -5.502122 -1.561800 -0.136723 -13.802670 -19.237680 16.018332 -11.441471 4.235150 -7.041210 10.283243 -1.504436 5.528959
5.773000 -18.920710 12.447864 -11.461689 12.789147 -10.694966 9.194045 16.583942 1.845179 -4.516491 -13.807416 -0.732213 -30.280581 -5.524258 5.719511 18.820938 -6.184642 0.142643 -4.355081 0.271696 -0.501420 -10.852938 -16.288677 15.149602 -13.296309 2.970838 -7.879832 9.627995 -3.747918 7.423961
5.311824 -18.853342 10.229756 -12.216671 14.273915 -11.600952 9.109656 13.242477 1.631311 -3.111670 -15.264152 -1.435344 -28.460302 -4.184180 7.361828 18.515951 -4.513496 1.157144 -4.131474 1.542612 -1.019282 -9.207735 -14.802687 15.496291 -13.720775 2.235008 -7.451062 9.952450 -4.977862 8.086043
5.289079 -18.912687 8.510924 -12.636750 14.974147 -12.020622 8.853171 11.667665 1.290399 -2.658844 -15.679154 -1.471110 -27.820173 -3.638312 8.101412 18.610516 -3.522131 1.116705 -3.843552 2.182858 -1.129637 -8.622087 -14.168913 15.316634 -13.466664 2.024315 -7.358396 10.390270 -5.417508 8.953537
5.217083 -18.937269 8.292319 -12.605186 15.076962 -12.031932 8.828385 11.529215 1.202874 -2.603052 -15.685770 -1.439891 -27.777315 -3.611289 8.136924 18.663036 -3.480524 1.054324 -3.816191 2.225533 -1.170052 -8.591026 -14.190416 15.316916 -13.429149 2.021585 -7.313760 10.420158 -5.447949 9.040203
5.178852 -18.945574 7.994798 -12.564247 15.246850 -12.114476 8.791972 11.445518 1.102682 -2.519600 -15.803785 -1.450600 -27.571997 -3.489946 8.239571 18.757019 -3.370853 0.871702 -3.813811 2.197663 -1.158423 -8.536284 -14.083752 15.219268 -13.314655 1.998609 -7.422580 10.501188 -5.530417 9.146215
4.845052 -18.881027 7.657976 -12.539611 15.584435 -12.373337 8.642613 11.318721 1.009344 -2.450249 -15.851874 -1.400701 -27.315269 -3.445136 8.394370 18.894724 -3.231826 0.621599 -3.800277 2.339331 -1.099724 -8.441730 -13.852160 14.838490 -13.179089 1.967850 -7.595558 10.700138 -5.581493 9.577837
4.352886 -18.733793 7.322629 -12.266544 15.857708 -12.847121 8.764958 11.213616 0.685839 -2.329183 -15.970185 -1.248274 -26.797939 -3.591327 8.601098 19.120943 -3.148355 0.287838 -3.885309 2.983841 -1.039544 -8.337481 -13.555225 14.430817 -12.978349 1.997535 -7.850652 10.910924 -5.684665 10.143739
3.798455 -18.613199 7.047062 -11.921694 16.035656 -13.272221 9.062141 10.991060 0.280003 -2.089822 -16.035217 -1.051915 -26.190329 -3.822330 8.810577 19.507275 -3.053702 -0.210359 -3.917425 3.701289 -0.958094 -8.116505 -13.069044 13.841959 -12.851911 2.005263 -8.192372 11.168695 -5.861854 10.971809
3.353164 -18.538034 6.604711 -11.685968 16.246655 -13.538054 9.306772 10.535059 -0.199870 -1.882876 -15.869162 -0.979812 -25.364302 -4.095975 9.217710 19.813179 -2.492585 -1.100804 -4.172758 4.301932 -0.852278 -7.702481 -12.309296 13.424897 -12.945176 1.929210 -8.690532 11.234503 -6.192314 11.543726
3.222602 -18.359783 5.863737 -11.391500 16.558559 -13.597109 9.202247 10.029344 -0.749545 -1.674766 -15.708479 -1.099465 -24.443275 -4.302157 9.635102 19.905293 -1.790118 -1.986316 -4.488461 4.539761 -0.758234 -7.324638 -11.650967 13.206518 -13.121903 1.842786 -9.147634 11.142544 -6.516284 11.915104
3.093555 -18.303438 5.117230 -10.881001 16.740833 -13.397266 9.223352 9.745171 -1.469027 -1.569920 -15.649065 -1.286916 -23.662010 -4.346082 10.026345 19.952770 -1.067438 -2.847488 -4.687930 4.399589 -0.511082 -6.912104 -10.971394 13.024146 -13.323665 1.685694 -9.712615 10.947030 -6.881348 12.175491
2.880952 -18.244047 4.479322 -10.331643 17.029289 -13.103960 9.190398 9.726983 -2.159739 -1.449920 -15.606729 -1.485852 -23.142967 -4.465840 10.178929 19.991400 -0.771280 -3.414286 -4.870100 4.062479 -0.149424 -6.498078 -10.256965 12.846278 -13.557266 1.506274 -10.395528 10.668640 -7.253432 12.300101
2.630088 -18.216841 4.196544 -10.010941 17.182634 -12.966210 9.217764 9.738020 -2.527229 -1.354387 -15.614648 -1.632170 -22.854034 -4.561443 10.232888 19.959202 -0.726374 -3.647237 -4.999040 3.771039 -0.018331 -6.459010 -10.131392 12.817745 -13.595637 1.461952 -10.657923 10.549634 -7.333059 12.153966
2.626822 -18.208572 4.184732 -9.991079 17.195545 -12.954773 9.210667 9.757132 -2.551198 -1.354660 -15.610332 -1.648567 -22.833490 -4.574962 10.236600 19.957291 -0.728366 -3.664556 -5.009263 3.738152 -0.009841 -6.455138 -10.120360 12.815296 -13.595914 1.460245 -10.670777 10.545033 -7.336535 12.148669
2.800879 -18.122810 4.338908 -10.086601 17.175554 -13.012878 9.113274 9.877805 -2.411972 -1.418858 -15.598812 -1.613137 -22.950884 -4.599249 10.160278 19.970980 -0.874155 -3.548620 -4.974446 3.760293 -0.026764 -6.510645 -10.177616 12.830363 -13.565686 1.489665 -10.643606 10.566495 -7.298563 12.112255
3.119478 -17.993004 4.681308 -10.337692 17.040859 -13.102020 8.963017 10.139858 -2.108763 -1.599141 -15.584671 -1.547725 -23.288704 -4.605504 10.010050 19.968861 -1.148986 -3.244274 -4.872669 3.735717 -0.170454 -6.759526 -10.543416 12.942117 -13.415313 1.572638 -10.425717 10.658970 -7.135246 11.882292
3.452181 -17.855484 4.991372 -10.579054 16.993034 -13.162645 8.752384 10.622560 -1.804433 -1.779122 -15.570341 -1.495590 -23.767092 -4.625074 9.765973 19.965168 -1.595878 -2.792412 -4.763365 3.593377 -0.303869 -7.027070 -10.957381 13.144751 -13.235208 1.646032 -10.229088 10.706110 -6.993073 11.535622
3.784683 -17.705664 5.265595 -10.595505 16.781063 -13.019502 8.681680 11.408943 -1.800937 -2.120248 -15.581817 -1.521382 -24.216148 -4.634712 9.531764 19.833992 -2.064173 -2.335929 -4.701569 3.263640 -0.339092 -7.359557 -11.413730 13.319333 -13.074170 1.718129 -10.071453 10.741372 -6.774958 11.097216
3.977367 -17.777254 5.670262 -10.623943 16.335699 -12.820450 8.754896 12.184027 -1.693480 -2.604656 -15.625314 -1.576410 -24.870693 -4.636012 9.114523 19.542988 -2.767267 -1.803634 -4.721707 2.504441 -0.353868 -7.877491 -12.142626 13.684087 -12.842226 1.785949 -9.933535 10.668984 -6.474220 10.145672
4.297305 -18.136564 6.450427 -10.410535 15.697688 -12.333941 9.019907 13.307304 -1.421886 -3.033245 -15.448187 -1.851864 -25.383873 -4.623133 8.745524 19.575359 -3.340606 -1.561459 -4.761859 1.554610 -0.368679 -8.361629 -12.828575 14.182633 -12.649671 1.795527 -9.991303 10.426987 -6.297969 8.708958
-2.222145 -20.786097 8.562325 -12.828320 21.462692 -1.764452 7.001012 18.415173 4.972237 4.232458 -12.885381 -1.064654 -25.482262 -12.167119 16.854816 13.750546 -8.057358 0.155813 -3.097695 2.644928 4.229840 -3.649189 -12.095684 13.218152 -9.937091 2.310404 -7.347487 14.059546 -1.826117 2.704803
-2.601385 -21.260607 9.079532 -12.489151 20.459854 -0.573975 7.254768 19.901455 4.537944 3.216627 -11.826729 -1.560891 -26.120300 -12.541693 16.069704 14.485534 -9.015973 -0.461819 -3.490076 0.948002 4.829648 -4.115859 -12.209334 13.387206 -9.469843 2.727250 -8.191987 13.696310 -1.619397 1.786869
-2.886399 -21.813292 9.136995 -11.638522 19.651619 1.006878 7.418940 21.504190 3.628578 2.309948 -10.350142 -1.908636 -26.509165 -13.181788 15.276895 15.516828 -10.013602 -1.430184 -4.050927 -0.194196 5.772580 -4.929182 -12.359473 13.315303 -8.738320 3.434204 -9.415689 13.330700 -1.089914 0.765250
0.499995 -20.639744 8.999914 -7.975870 17.899857 -3.895794 6.477729 21.457211 -0.090418 -0.879626 -8.825399 -1.350945 -28.450790 -19.480316 8.651676 10.827479 -7.583335 -1.451775 -7.507160 0.668373 7.969553 -9.862804 -11.822791 13.233296 -10.131161 -0.059617 -11.219028 14.284744 -0.501119 0.241440
1.882311 -19.752611 7.888252 -6.566653 18.223270 -4.301836 6.545138 22.814030 -1.683008 -1.120407 -7.516140 -1.874036 -27.385120 -20.311337 8.811885 11.514900 -7.691351 -3.267170 -8.220191 -0.196578 8.781818 -10.099246 -11.167982 12.853948 -9.760893 -0.163125 -13.069778 13.959623 -1.002365 -0.089457
1.608761 -18.591516 7.264199 -5.959779 19.439056 -4.654263 6.301108 23.222816 -2.876075 -0.808309 -7.432047 -2.509801 -26.014902 -20.649746 9.464157 11.042503 -7.144641 -4.280067 -8.969564 -1.171519 9.570536 -9.581716 -10.049607 11.998783 -9.641044 -0.544692 -14.854686 13.769199 -1.629685 -0.545908
-0.042409 -18.060278 6.271332 -5.096122 20.399233 -5.228115 6.400694 22.894199 -3.849010 -0.089567 -8.442081 -3.110635 -24.285255 -20.306767 10.549563 9.400911 -5.897179 -4.640763 -10.411920 -2.059930 10.043734 -8.674199 -8.867091 11.124146 -9.965459 -1.171486 -15.820230 13.890049 -2.284422 -0.564543
-1.864598 -18.056791 5.545752 -4.501045 21.130558 -5.568979 6.466105 22.082680 -4.283504 0.754053 -9.614537 -3.229516 -22.860867 -19.827763 11.470261 8.369710 -4.726785 -4.970617 -11.142249 -2.007159 10.233482 -7.703691 -7.827821 10.319610 -10.368444 -2.011469 -16.401430 13.970117 -3.090167 -0.019080
-3.833040 -18.894556 5.224504 -3.868884 21.578964 -6.143291 7.076022 20.483004 -4.741910 1.228998 -10.817007 -3.228836 -21.491352 -19.376625 12.266072 7.778270 -3.488904 -5.392152 -11.387107 -1.612643 10.354586 -7.024637 -7.075376 9.663434 -10.729840 -2.595048 -16.793640 13.971368 -3.621839 0.550750
-5.581102 -19.845259 5.279291 -3.331904 21.468548 -6.641286 7.862623 18.859079 -5.078699 1.333310 -11.846069 -3.003190 -20.083378 -18.917805 12.906827 7.991903 -2.354035 -6.179871 -11.402180 -0.720785 10.359573 -6.582487 -6.487986 9.045027 -11.081907 -2.830400 -17.038443 13.919144 -3.908967 1.435656
-6.933488 -20.484056 5.264797 -2.860830 21.286686 -6.941799 8.562641 17.609825 -5.476649 1.349386 -12.657180 -2.731875 -19.131891 -18.427586 13.492984 8.107694 -1.532825 -6.581354 -11.170312 0.221287 10.329607 -6.370805 -6.138725 8.651084 -11.360850 -2.882901 -17.106501 13.864616 -3.988398 2.235994
-7.735987 -20.625017 4.954302 -2.617420 21.300413 -7.028709 8.803969 16.910595 -5.816822 1.474269 -13.102811 -2.574333 -18.592598 -18.187401 13.834332 8.140615 -1.003908 -6.746991 -11.002149 0.843540 10.374426 -6.224617 -5.757931 8.202632 -11.592568 -2.898892 -17.210609 13.851406 -3.986926 3.030764
-8.190561 -20.665051 4.664738 -2.466527 21.321255 -7.079695 8.914145 16.482750 -6.039415 1.594290 -13.333551 -2.478940 -18.219265 -18.084663 13.983232 8.237073 -0.709177 -6.930285 -10.947391 1.192962 10.448985 -6.134534 -5.456485 7.870712 -11.725860 -2.870509 -17.350159 13.837636 -3.967189 3.545899
