11.782761 4.615517 -6.973335 -8.176992 29.083658 -10.662670 5.641411 -7.616836 -14.030335 -10.477100 -35.371960 4.412809 1.124654 -16.443687 11.283488 1.260851 13.524713 3.714494 -10.753044 13.761690 5.766048 14.272211 -4.638881 0.638927 -23.905754 3.537941 -4.794915 7.643831 -0.388348 -9.862888
11.578653 4.626897 -7.026666 -8.373333 29.113308 -10.706345 5.397352 -7.528149 -13.944032 -10.712883 -35.473461 4.492026 0.820671 -16.411188 10.944419 1.110468 14.106194 3.694278 -10.603049 13.653961 5.839721 14.133010 -4.854613 0.348662 -23.726650 3.628327 -4.777151 7.767255 -0.257680 -9.648132
11.239667 4.655501 -7.133386 -8.585238 29.140131 -10.790590 5.003901 -7.353627 -13.917081 -11.045848 -35.701183 4.534019 0.432997 -16.494825 10.410466 0.791793 14.608737 4.047531 -10.409830 13.396100 5.944255 13.974374 -5.113962 0.030538 -23.523045 3.651460 -4.748590 7.918079 -0.117543 -9.455185
10.789808 4.678205 -7.275558 -8.847475 29.161514 -10.961296 4.488774 -7.074945 -13.901833 -11.545953 -35.615643 4.567714 -0.574848 -16.484133 9.820232 0.319000 15.423465 4.248450 -10.063712 13.139911 6.031497 13.755223 -5.557336 -0.289200 -23.229673 3.711810 -4.526136 8.100897 0.028145 -9.308475
10.267370 4.908017 -7.185449 -9.379719 29.185614 -11.018272 3.906823 -6.558939 -13.711431 -12.129674 -35.718704 4.517117 -1.904430 -16.501282 8.862606 -0.111297 16.113068 4.924859 -9.550585 12.890158 6.189013 13.429923 -6.214566 -0.897677 -22.792412 3.892623 -4.410042 8.352918 0.379205 -8.968306
9.795159 5.103299 -6.922410 -9.899340 29.212330 -10.788567 3.421796 -5.869707 -13.416507 -12.913082 -35.897167 4.562711 -3.501176 -16.286295 8.017678 -0.619788 16.754541 5.808707 -8.948601 12.507321 6.618705 12.902055 -6.801794 -1.537961 -22.413315 4.170063 -4.499915 8.606883 0.833277 -8.508309
9.478966 5.412323 -6.642357 -10.192841 29.284369 -10.721019 2.788245 -5.140985 -13.204284 -13.723248 -36.117062 4.774881 -4.932000 -16.386055 6.897371 -1.079403 17.129461 6.932899 -8.325636 12.037775 6.935851 12.478493 -7.256509 -1.901190 -22.072329 4.472631 -4.488317 8.768942 1.232582 -7.902034
9.025816 5.445362 -6.377846 -10.407782 29.137772 -10.712480 2.263479 -4.341545 -13.017121 -14.552244 -36.373585 4.998828 -6.011738 -16.430267 6.114903 -1.617718 17.045547 8.146968 -7.848778 11.559145 7.216041 11.929694 -7.955307 -2.263017 -21.371773 4.908514 -4.415545 9.195386 1.846341 -7.233716
8.606513 5.607448 -6.079564 -10.576719 29.087158 -10.870495 1.535829 -3.557703 -12.806598 -15.361314 -36.481297 5.451229 -6.962431 -16.363222 5.901814 -2.080520 16.295271 9.532868 -7.529373 11.035126 7.311839 11.404996 -8.759453 -2.757927 -20.985651 5.200727 -4.495665 9.560789 2.292183 -6.783518
8.170076 5.657169 -5.744566 -10.934484 28.932583 -10.842785 0.836929 -2.832345 -12.531976 -16.165682 -36.411556 5.819539 -7.909849 -16.651165 5.345792 -2.268747 15.658072 10.690011 -7.121910 10.676530 7.239403 10.735991 -9.521189 -3.047033 -20.614544 5.290423 -4.603834 9.879442 2.655246 -6.475194
8.030960 5.638841 -5.458519 -11.238151 28.854034 -10.762101 0.212570 -2.196399 -12.164816 -16.848951 -36.027431 6.226947 -8.814981 -16.916838 5.410742 -2.486564 14.704744 11.889724 -6.707911 10.685832 7.070159 10.174920 -9.966326 -3.338074 -20.421162 5.250612 -4.770911 10.169953 2.892034 -6.236949
8.061889 5.554094 -5.120451 -11.389997 28.674046 -10.666386 -0.390815 -1.522419 -11.810025 -17.571352 -35.726883 6.544557 -9.670840 -17.141949 5.152628 -2.571777 13.748025 12.982772 -6.424038 10.466123 6.658023 9.410215 -10.749449 -3.768238 -20.054369 5.326467 -5.012774 10.552483 3.155649 -6.168149
8.094988 5.373692 -4.704611 -11.394442 28.382219 -10.535008 -0.964443 -0.690108 -11.591046 -18.235563 -35.447964 6.771838 -10.646543 -17.190678 4.971354 -2.592005 12.733810 14.007007 -6.082064 10.360428 6.520981 8.888581 -11.227898 -4.117877 -20.040575 5.272088 -5.303263 10.658154 3.309143 -6.109521
8.088728 5.060928 -4.358598 -11.439453 27.991278 -10.428223 -1.358634 -0.013966 -11.342607 -18.882561 -35.029160 7.187791 -11.495858 -17.187634 5.059193 -2.454039 11.521395 14.542798 -5.921403 10.313416 6.363173 8.082960 -11.761856 -4.447776 -20.225494 5.247676 -5.644264 10.573090 3.469561 -6.043462
8.063656 4.677174 -4.056592 -11.544439 27.575951 -10.314791 -1.693208 0.498841 -11.015855 -19.470568 -34.520672 7.128258 -12.211431 -17.420956 4.895214 -2.292026 10.679690 15.019829 -5.742150 10.357676 6.161787 7.594167 -11.974284 -4.753119 -20.323208 5.074890 -5.784373 10.782459 3.536040 -5.755377
8.135972 4.404234 -3.845441 -11.600705 27.233076 -10.224390 -1.931036 0.911064 -10.774629 -19.861998 -34.116768 7.262971 -12.779466 -17.587069 4.752123 -2.069712 9.842593 15.248016 -5.589075 10.486114 6.012791 7.018531 -12.279280 -4.881730 -20.278526 5.065033 -5.958742 10.866190 3.672326 -5.699222
8.181154 4.127730 -3.678697 -11.648340 26.926844 -10.117371 -2.119437 1.240644 -10.595941 -20.206350 -33.689396 7.234822 -13.190434 -17.852612 4.534071 -1.886523 9.262075 15.443103 -5.492607 10.557591 5.881279 6.507812 -12.452479 -5.028837 -20.326887 5.086459 -6.208325 10.865175 3.785487 -5.567590
8.208372 3.893568 -3.561637 -11.689144 26.719477 -10.036103 -2.281572 1.387999 -10.469968 -20.411806 -33.443363 7.244352 -13.413632 -17.966555 4.435361 -1.805062 8.914123 15.517213 -5.440341 10.613527 5.814057 6.428113 -12.478920 -5.105150 -20.311337 5.098519 -6.209100 10.907485 3.820901 -5.414726
8.240089 3.757958 -3.467942 -11.732952 26.560982 -9.997736 -2.350724 1.517849 -10.362357 -20.574591 -33.300999 7.282281 -13.592214 -18.056599 4.340722 -1.794763 8.792787 15.578220 -5.411254 10.563593 5.697290 6.291553 -12.533913 -5.171782 -20.365761 5.105935 -6.230814 10.901605 3.835637 -5.261051
8.249002 3.679995 -3.437632 -11.737738 26.472321 -9.967649 -2.367315 1.581819 -10.320816 -20.663860 -33.232616 7.290282 -13.666619 -18.120359 4.286537 -1.808162 8.756425 15.630549 -5.401365 10.533251 5.664744 6.242718 -12.535120 -5.154811 -20.322790 5.134836 -6.225413 10.934292 3.860032 -5.210225
8.228352 3.825094 -3.557797 -11.765700 26.635883 -10.041517 -2.237789 1.416046 -10.408679 -20.410402 -33.387005 7.331002 -13.478229 -18.009830 4.400868 -1.805383 8.954377 15.511216 -5.453477 10.442169 5.691589 6.256073 -12.435980 -5.031189 -20.368748 4.994151 -6.132118 11.045506 3.763229 -5.369370
8.180416 4.270659 -3.819061 -11.850327 26.997898 -10.264885 -1.827325 1.089564 -10.555118 -19.866293 -33.955448 7.476969 -12.956384 -17.604082 4.766090 -2.009965 9.743844 15.197763 -5.605850 10.146972 5.784739 6.533020 -12.305563 -4.645760 -20.313700 4.921710 -5.837613 11.130667 3.589694 -5.668331
8.178166 4.907965 -4.118508 -11.968046 27.548143 -10.548043 -1.115059 0.542772 -10.825465 -18.867128 -34.639870 7.422358 -12.126124 -17.410721 4.708060 -2.276174 11.214334 14.723178 -5.759149 9.645668 5.833999 7.281797 -11.720644 -4.249751 -20.446079 4.792461 -5.423188 11.117245 3.319623 -5.687861
8.094138 5.686165 -4.391015 -12.037170 28.140228 -10.903023 0.205394 -0.406447 -11.103226 -17.409437 -35.281433 7.672618 -10.567716 -17.309002 5.071723 -2.335983 13.117322 13.024730 -6.215092 9.164421 5.972344 8.227128 -10.795024 -3.364365 -20.229521 4.919366 -4.707976 11.176849 3.056287 -5.873805
8.076677 6.367592 -4.477745 -12.104065 28.420538 -11.289772 1.791812 -1.490394 -11.255820 -15.747948 -35.384056 7.362665 -9.177691 -17.016346 5.719908 -2.131393 14.768884 10.787465 -6.744701 9.376507 6.095240 9.372813 -9.437933 -2.458926 -20.307955 5.023068 -4.175607 11.034493 2.650819 -5.967522
7.922197 6.413170 -4.281868 -12.025020 28.111012 -11.336946 3.339478 -2.320171 -11.592240 -14.069363 -34.732510 6.739616 -7.692774 -16.492298 7.080852 -1.667407 15.961864 7.708032 -7.506678 10.017327 5.901599 10.552041 -8.233368 -1.816503 -20.798403 4.886495 -3.988181 10.576557 2.062972 -6.166639
7.757563 6.178226 -4.842378 -12.063011 27.871096 -11.399900 5.588947 -3.757277 -12.084329 -11.846614 -33.117889 6.530432 -6.409479 -16.630707 8.858221 -0.281057 14.929103 4.983626 -8.473189 10.914722 5.138082 11.123322 -6.730354 -0.905209 -21.819330 4.230305 -4.111478 10.204574 1.245401 -6.380488
7.463259 5.557549 -6.337589 -11.916866 27.255962 -11.852777 8.315572 -4.476408 -13.243617 -9.136574 -31.398174 5.897113 -5.143417 -17.323895 9.672280 1.712577 13.808536 2.683010 -9.263154 12.474956 4.248084 12.655316 -4.643367 0.963272 -22.513950 3.749786 -3.462162 10.185507 0.128032 -6.333737
6.917095 4.954987 -7.855342 -11.710528 26.641691 -11.614811 10.585052 -4.911705 -14.517741 -6.550774 -28.164423 4.748852 -4.556784 -17.428110 12.656487 3.977349 10.796185 1.667229 -9.702405 14.478336 3.225286 13.362447 -2.070280 3.176777 -22.685963 3.659602 -3.013481 10.853867 -0.340407 -5.329512
7.019212 3.406919 -8.839919 -10.673672 25.727095 -11.711442 13.258221 -5.650068 -16.249222 -4.132408 -25.278076 4.456945 -4.660020 -17.339838 15.177861 5.274816 9.825384 0.311501 -9.593633 15.594024 2.689847 14.217704 0.559455 4.660636 -22.052013 3.864042 -2.717154 12.027624 -0.327409 -3.776835
7.204808 1.601309 -9.365148 -9.516453 24.449070 -11.585603 16.650181 -6.362109 -17.570196 -2.078747 -23.680103 4.081481 -4.444536 -17.155460 16.436169 6.364065 9.066722 -1.265975 -9.921540 14.796984 2.751899 15.296133 1.956348 5.310433 -20.889221 4.137764 -2.848569 13.165361 0.026842 -3.179164
7.484141 -0.251043 -8.321625 -8.093964 22.599918 -11.281210 20.536453 -7.303990 -17.882118 -0.623154 -23.088650 3.540175 -3.132473 -17.459240 17.025845 7.750741 7.232918 -2.478843 -10.681043 12.480291 3.186905 15.433141 2.272539 5.396379 -19.960482 4.344425 -3.395950 13.767229 0.408508 -3.634336
7.837902 -2.038726 -7.155210 -6.972207 21.058960 -10.392411 23.901796 -7.628240 -17.942364 0.318832 -21.992414 2.793641 -2.441509 -18.084742 17.604593 7.828840 7.150311 -3.332237 -11.139576 10.312503 3.398344 14.787245 2.460272 5.599423 -19.610844 4.367444 -4.045747 13.786749 0.482284 -4.240326
8.635055 -3.174216 -5.911243 -6.534995 19.683138 -9.436305 25.813353 -7.349181 -17.596684 0.675938 -20.519257 1.674749 -2.620291 -19.329521 17.449154 7.946285 7.285378 -3.723627 -11.438193 9.212654 3.388329 13.716109 2.575790 6.086589 -18.814171 4.475916 -4.290012 14.419308 0.630228 -4.652575
9.610062 -4.284926 -4.492133 -6.209193 18.422319 -8.691368 26.724058 -7.176605 -17.158117 0.384952 -19.352428 0.514452 -2.792984 -20.798035 16.708992 8.022144 7.282714 -3.784827 -11.671900 8.596720 3.163282 13.467077 2.636208 6.850185 -17.733225 4.425229 -3.774241 15.477425 0.512621 -5.317471
10.281447 -4.845849 -3.000663 -6.132960 17.364784 -8.357828 27.127380 -6.579733 -16.610764 -0.128558 -18.174088 -0.918200 -3.572724 -22.385204 15.228343 8.313492 7.066981 -3.378456 -11.678803 8.864360 2.869739 13.505029 2.924242 7.439241 -16.891502 4.435196 -3.375741 16.303797 0.506691 -5.756816
10.636543 -5.262063 -1.443911 -5.940320 16.330509 -8.757725 27.887753 -5.969001 -16.057411 -0.396560 -17.650265 -1.219403 -4.382740 -23.099903 14.299987 8.578446 6.093372 -3.213435 -11.736815 8.474473 2.807687 13.544156 3.157853 7.794131 -16.078472 4.444166 -3.173158 17.106123 0.541752 -6.313924
10.709141 -5.535324 -0.188479 -5.963077 15.561207 -9.119976 28.368752 -5.530130 -15.444812 -0.732159 -17.287048 -1.506388 -4.904505 -23.633186 13.833263 8.707442 5.572834 -2.915508 -11.842530 8.444482 2.762026 13.589911 3.297615 8.099100 -15.626932 4.514366 -3.005012 17.485592 0.603372 -6.617144
10.660865 -5.643812 0.643326 -5.995395 15.053136 -9.344965 28.613264 -5.161845 -15.070951 -0.957396 -17.057411 -1.572867 -5.440167 -23.889427 13.386926 8.871836 5.209017 -2.739127 -11.790504 8.492545 2.652016 13.289896 3.423994 8.182506 -15.400383 4.647963 -3.204833 17.700495 0.760721 -6.622352
10.636432 -5.671353 0.977691 -5.998199 14.880566 -9.415683 28.666611 -4.976658 -14.925538 -1.071463 -17.056305 -1.537176 -5.633336 -23.930738 13.269604 8.877295 4.986759 -2.611430 -11.781447 8.428419 2.626272 13.202587 3.464915 8.206137 -15.266959 4.706575 -3.301900 17.796154 0.819676 -6.688748
10.645573 -5.652987 1.036075 -5.993607 14.861638 -9.448314 28.665230 -4.912660 -14.898293 -1.089859 -17.059273 -1.540623 -5.645478 -23.945328 13.234342 8.880508 4.932047 -2.578018 -11.783019 8.432022 2.616717 13.169312 3.457365 8.194033 -15.224669 4.719952 -3.320249 17.824917 0.827927 -6.697373
10.661308 -5.647416 1.225521 -5.995553 14.781459 -9.538273 28.697010 -4.718392 -14.813705 -1.158965 -17.040752 -1.576294 -5.750177 -24.080826 13.114182 8.835651 4.757494 -2.379490 -11.791772 8.451015 2.610489 13.066270 3.472780 8.161299 -15.077096 4.769404 -3.374057 17.960747 0.882729 -6.686988
10.666698 -5.662646 1.467050 -6.039146 14.637389 -9.660484 28.752697 -4.447246 -14.694571 -1.269997 -16.982700 -1.658977 -5.882374 -24.261229 12.951150 8.814043 4.523939 -2.146968 -11.810241 8.488829 2.642037 12.927409 3.472421 8.203891 -14.982159 4.813379 -3.452362 17.967392 0.923005 -6.811369
10.699452 -5.679027 1.778957 -6.053098 14.478464 -9.860530 28.872883 -4.072790 -14.550309 -1.388201 -16.805573 -1.726734 -6.187199 -24.527950 12.723242 8.824203 4.157893 -1.825825 -11.796033 8.516356 2.641450 12.756675 3.496480 8.294885 -14.759311 4.877808 -3.497189 18.164543 1.006789 -6.924352
10.884068 -5.620631 2.197426 -5.990155 14.332532 -10.076122 29.034008 -3.619856 -14.430732 -1.446516 -16.555799 -1.694863 -6.600673 -24.809866 12.476572 8.916072 3.420336 -1.369205 -11.759898 8.618434 2.637011 12.515656 3.553879 8.439610 -14.450963 5.032448 -3.644026 18.420986 1.143535 -6.966411
11.147209 -5.613315 2.729713 -5.953438 14.097674 -10.202948 29.299332 -3.205335 -14.192451 -1.436651 -16.380102 -1.602694 -7.085266 -24.897732 12.055732 9.053761 2.455951 -0.709008 -11.515174 8.731351 2.669193 12.120591 3.618587 8.598685 -14.254746 5.257057 -3.849470 18.496534 1.306038 -6.851481
11.606034 -5.606723 3.107342 -5.960240 13.922624 -10.361438 29.560013 -2.736136 -13.983708 -1.335913 -16.091688 -1.689078 -7.370208 -25.210487 11.687475 9.177853 1.647754 -0.005813 -11.339100 9.108257 2.678916 11.685796 3.629137 8.812716 -13.908050 5.445915 -3.940593 18.710262 1.479947 -6.895074
12.067032 -5.636619 3.351865 -5.998044 13.720908 -10.439364 29.749098 -2.237503 -13.826389 -1.235246 -15.845150 -1.578162 -7.765049 -25.514824 11.132935 9.507158 0.639748 0.807340 -11.009322 9.767581 2.626408 11.118110 3.545548 8.967645 -13.502315 5.667727 -4.089388 18.949486 1.694656 -6.828685
12.412315 -5.663823 3.485013 -6.210221 13.537642 -10.519447 29.772470 -1.682587 -13.637538 -1.222546 -15.655498 -1.543042 -8.063420 -25.872066 10.946795 9.629299 -0.345164 1.680183 -10.849072 10.353172 2.710077 10.709934 3.360762 9.296237 -13.166711 5.908260 -4.194805 19.002384 1.899823 -7.197563
12.703212 -5.667990 3.532998 -6.349525 13.366874 -10.676048 29.753834 -1.174018 -13.462365 -1.308710 -15.303047 -1.328817 -8.804385 -26.197983 10.635135 9.927145 -0.997521 2.513834 -10.558284 10.973192 2.775112 10.206017 3.094365 9.639594 -12.796819 6.151230 -4.261547 19.056362 2.123701 -7.460100
12.828483 -5.715238 3.696110 -6.503850 13.111813 -10.797552 29.814568 -0.618026 -13.273678 -1.570430 -15.007866 -1.144123 -9.634372 -26.386314 10.160872 10.210196 -1.426458 2.951995 -10.316439 11.148375 2.761419 9.806046 2.921833 9.943178 -12.388381 6.280928 -4.314882 19.264374 2.318468 -7.618920
12.924068 -5.785761 4.146994 -6.484228 12.742894 -10.774317 29.952343 0.107030 -13.157175 -1.901655 -14.691342 -1.160447 -10.487250 -26.493729 10.015235 10.015068 -1.286461 3.166357 -10.165469 10.696747 2.647556 9.477118 2.411153 10.034715 -12.107450 6.267819 -4.293379 19.451479 2.457188 -7.912552
12.966311 -6.089935 4.569431 -6.337553 12.227744 -10.637176 30.335880 0.773878 -13.125590 -2.164607 -14.466968 -1.080756 -11.430091 -26.270166 9.852506 9.804772 -0.938615 3.026826 -9.961823 9.821733 2.555490 9.161399 2.014587 10.237404 -11.831958 6.289182 -4.257491 19.624889 2.622437 -8.079017
12.854887 -6.341222 4.712811 -6.296503 11.779465 -10.692475 30.569578 1.349221 -13.101900 -2.345805 -14.168499 -1.148161 -12.243015 -26.141470 9.760404 9.438163 -0.566705 2.897727 -9.862938 8.998014 2.420031 8.887943 1.660270 10.344443 -11.589667 6.293159 -4.212053 19.884369 2.782066 -8.068645
12.534424 -6.524748 4.596352 -6.320535 11.530858 -10.735313 30.648211 1.777724 -13.160514 -2.469367 -14.004992 -1.211634 -13.024349 -26.123596 9.625485 9.066250 -0.503689 2.998720 -9.814688 8.220612 2.252580 8.644506 1.324163 10.414592 -11.449309 6.244135 -4.023576 20.114426 2.919286 -7.944571
12.249056 -6.730935 4.277566 -6.570914 11.301898 -10.818757 30.724474 1.997237 -13.150748 -2.539057 -13.917381 -1.175297 -13.644906 -25.961023 9.459858 8.919213 -0.524552 3.000527 -9.696359 7.730757 2.109726 8.358586 0.991778 10.492930 -11.367930 6.225286 -3.827373 20.315365 3.052655 -7.811250
12.023079 -6.889200 3.950242 -6.916548 11.157543 -10.901525 30.641388 2.113865 -13.063952 -2.679152 -13.776842 -1.179091 -14.206130 -26.022179 9.283661 8.726683 -0.634466 3.213739 -9.617470 7.383287 1.958123 8.121573 0.664243 10.506419 -11.378152 6.192657 -3.611747 20.413872 3.145258 -7.637581
11.927708 -7.015422 3.717626 -7.140563 11.058755 -10.987063 30.579720 2.131102 -13.002305 -2.766657 -13.740850 -1.129980 -14.584010 -26.002983 9.180369 8.612047 -0.628369 3.300250 -9.547059 7.055733 1.860224 7.917649 0.473886 10.544123 -11.383331 6.205287 -3.457273 20.475853 3.232219 -7.460711
11.831206 -7.116229 3.545400 -7.337810 10.964341 -11.062646 30.529024 2.161651 -12.946685 -2.838150 -13.738844 -1.076106 -14.862198 -25.939781 9.138051 8.517658 -0.573012 3.315498 -9.488788 6.760870 1.788435 7.813254 0.339299 10.545094 -11.407697 6.197409 -3.358105 20.514763 3.268603 -7.388443
11.808307 -7.136766 3.493781 -7.400098 10.946911 -11.092949 30.507694 2.160227 -12.924319 -2.853641 -13.737575 -1.061589 -14.888673 -25.913559 9.140964 8.517983 -0.554420 3.301048 -9.472420 6.741722 1.764738 7.807436 0.287083 10.524072 -11.432707 6.181988 -3.336308 20.508114 3.271999 -7.365271
11.799090 -7.133984 3.508010 -7.385910 10.947838 -11.078956 30.510923 2.159358 -12.931058 -2.857113 -13.725700 -1.076683 -14.882249 -25.920536 9.146773 8.504154 -0.525743 3.296417 -9.475878 6.745095 1.761773 7.802762 0.290403 10.515454 -11.432145 6.180235 -3.343494 20.510841 3.266066 -7.376294
11.797449 -7.104811 3.547145 -7.329728 10.976260 -11.060270 30.513042 2.128106 -12.954495 -2.841390 -13.746765 -1.067994 -14.830312 -25.897135 9.159323 8.534064 -0.501727 3.257147 -9.483203 6.773287 1.787668 7.806178 0.332154 10.528804 -11.419876 6.199734 -3.370559 20.498684 3.261298 -7.394069
11.850466 -7.032461 3.620836 -7.218587 11.048201 -11.029783 30.522030 2.096232 -12.988340 -2.798067 -13.761230 -1.077236 -14.684197 -25.894899 9.193957 8.592142 -0.525219 3.227105 -9.506368 6.907849 1.812509 7.874587 0.391084 10.509000 -11.407615 6.195206 -3.422977 20.495581 3.230462 -7.456947
11.841741 -6.976388 3.712918 -7.129456 11.094888 -10.974823 30.514259 2.051121 -13.016833 -2.776666 -13.792324 -1.071505 -14.502259 -25.864656 9.217243 8.687811 -0.491936 3.127804 -9.524224 7.068616 1.858509 7.971675 0.464795 10.489450 -11.404851 6.191730 -3.499217 20.451658 3.188907 -7.554493
11.881071 -6.868026 3.808312 -7.010702 11.202582 -10.936756 30.509161 1.988489 -13.055188 -2.722150 -13.817446 -1.093761 -14.270541 -25.872688 9.271605 8.783323 -0.515756 3.079544 -9.564782 7.292678 1.886143 8.113246 0.594359 10.411693 -11.433053 6.187981 -3.596135 20.416042 3.124044 -7.592269
11.908588 -6.806331 3.959881 -6.897568 11.254841 -10.873076 30.536802 1.911885 -13.092026 -2.661825 -13.883272 -1.088556 -13.970407 -25.810518 9.341008 8.946840 -0.507491 2.950728 -9.595487 7.557014 1.928143 8.252284 0.711562 10.338044 -11.454820 6.185652 -3.701032 20.369503 3.056597 -7.692060
12.012787 -6.736170 4.131013 -6.728513 11.358672 -10.815066 30.572762 1.757593 -13.130852 -2.577984 -13.990677 -1.091584 -13.615079 -25.726608 9.461456 9.067488 -0.412757 2.776422 -9.650376 7.745092 1.990604 8.420852 0.889949 10.254665 -11.489866 6.194137 -3.834378 20.300526 2.977892 -7.778080
12.123114 -6.670603 4.259607 -6.594763 11.476560 -10.738111 30.544701 1.524339 -13.176848 -2.516674 -14.125334 -1.034963 -13.322052 -25.582302 9.555444 9.197156 -0.204345 2.557781 -9.665956 7.887409 2.068225 8.622453 1.081487 10.184371 -11.524478 6.206303 -3.965601 20.196491 2.890245 -7.882111
12.308025 -6.646780 4.388837 -6.578581 11.567980 -10.646440 30.521572 1.216866 -13.115592 -2.480275 -14.284449 -0.992181 -12.904506 -25.528748 9.648513 9.424389 -0.091789 2.420404 -9.709953 8.237312 2.131421 8.785823 1.295610 10.106121 -11.583722 6.224555 -4.076406 20.098656 2.815533 -7.887545
12.442575 -6.567033 4.401240 -6.641654 11.755324 -10.555639 30.391428 0.809450 -13.037786 -2.434716 -14.409480 -0.949143 -12.548957 -25.521896 9.723497 9.624297 -0.063529 2.369484 -9.734051 8.644218 2.156371 8.978356 1.435508 9.946621 -11.719502 6.217095 -4.141224 20.005795 2.709306 -7.889500
12.674295 -6.480411 4.225152 -6.752539 12.063041 -10.488558 30.227310 0.387915 -12.969571 -2.301534 -14.532171 -0.911466 -12.074881 -25.490587 9.844577 9.817653 -0.101039 2.297815 -9.775924 9.090200 2.195023 9.236865 1.628613 9.754168 -11.887605 6.174890 -4.190493 19.882965 2.576745 -7.884058
12.967754 -6.520815 4.017301 -6.982948 12.303923 -10.433498 30.126404 -0.094851 -12.811399 -2.132600 -14.768010 -0.823275 -11.542573 -25.431856 9.953774 10.062801 -0.216620 2.233235 -9.821157 9.543475 2.258734 9.467610 1.860009 9.626939 -12.068550 6.161975 -4.222527 19.735725 2.459477 -7.863297
13.144805 -6.609768 3.772197 -7.260996 12.480763 -10.419026 30.065357 -0.557123 -12.684813 -1.941984 -15.014542 -0.694360 -11.065640 -25.357035 9.939834 10.449902 -0.520783 2.219106 -9.816252 10.045951 2.300770 9.675907 2.115734 9.504166 -12.230248 6.145679 -4.229362 19.671663 2.346231 -7.766650
13.133994 -6.587160 3.522941 -7.472410 12.687434 -10.504895 30.000671 -1.033860 -12.642251 -1.745678 -15.179332 -0.649060 -10.480150 -25.371716 10.051304 10.737072 -0.623953 2.095547 -9.882243 10.515523 2.281892 9.973617 2.296537 9.321556 -12.440335 6.062797 -4.167837 19.642590 2.193127 -7.689462
18.160107 1.447998 4.275821 -12.576735 10.399278 -7.026416 24.718742 -3.044968 -13.280148 -14.291716 -17.826590 -1.114685 -6.783988 -23.312641 10.938086 13.671562 3.883463 4.788754 -5.791181 4.539912 4.057670 1.126788 3.380987 7.529184 -16.750456 10.165392 -6.007714 16.840902 4.227538 -4.379607
17.976433 1.475054 4.011648 -12.747208 10.609804 -7.005214 24.605249 -3.721527 -13.259440 -14.178934 -17.962181 -1.011224 -6.426031 -23.107941 10.981244 13.856321 3.969979 4.213456 -5.874502 4.472357 4.099620 1.502843 3.596187 7.330749 -16.918348 10.061166 -5.956432 16.773209 4.111484 -4.281606
17.655409 1.417868 3.694151 -12.910088 10.800717 -6.993262 24.474792 -4.327129 -13.322559 -14.127904 -18.141743 -0.952358 -6.042939 -22.905844 11.094672 13.948795 4.318179 3.515854 -6.029407 4.220991 4.046840 1.910967 3.722951 7.022849 -17.118176 9.896520 -5.826435 16.786367 3.985750 -4.069294
17.126791 1.400457 3.406384 -13.077493 11.016587 -6.974257 24.312759 -4.819347 -13.460102 -14.112155 -18.310429 -0.929582 -5.690977 -22.583055 11.344874 13.887352 5.092660 2.553481 -6.226649 3.708286 4.006629 2.309949 3.826168 6.743640 -17.343061 9.752679 -5.652721 16.794188 3.891677 -3.810020
16.423109 1.438922 3.067991 -13.244715 11.387518 -7.009884 24.012707 -5.409659 -13.529882 -14.132384 -18.504227 -1.045030 -5.372896 -22.219866 11.607686 13.684134 6.284700 1.510783 -6.450747 3.046953 3.976873 2.716479 3.915829 6.482776 -17.618183 9.617497 -5.451046 16.768429 3.798358 -3.485016
12.679910 -2.659527 4.845332 -9.426670 15.117698 -5.700599 21.837639 -4.013422 -9.797798 -11.515943 -18.598860 4.063174 -5.769425 -22.068836 13.956073 9.712402 4.771340 -0.327106 -9.850987 2.158788 4.531520 -0.391255 4.790044 6.425967 -20.057659 6.365088 -7.034020 16.868902 2.375632 -2.547178
11.112366 -4.061665 4.711591 -8.496020 16.124950 -5.404274 20.833313 -3.814440 -9.203112 -10.799506 -18.457935 5.160282 -5.946833 -22.168312 14.525615 8.037162 5.847800 -1.636564 -10.956655 2.228249 4.953182 0.149187 4.591222 6.242610 -20.144819 5.291158 -7.176590 16.678045 1.900864 -1.819853
10.688225 -4.524858 3.721723 -8.439189 16.879053 -4.299821 20.399818 -4.310999 -9.658245 -10.692188 -18.910721 5.556069 -5.839862 -21.672068 14.452911 8.061395 6.748323 -2.279765 -10.936637 1.938016 5.152367 0.399139 4.858759 5.939188 -20.704134 4.954731 -7.050351 16.666225 1.854151 -1.227125
10.270115 -4.588378 2.855014 -8.416261 17.267326 -4.018143 20.114231 -4.803428 -10.214049 -10.793717 -19.332973 5.701861 -5.640250 -21.322731 14.450809 8.087654 7.717254 -2.735846 -10.751781 2.004617 5.137684 0.705794 4.889358 5.716586 -21.080494 4.856619 -6.805917 16.585001 1.843061 -0.751260
9.805148 -4.769362 2.066770 -8.361790 17.569679 -3.650864 19.776672 -5.117206 -10.801778 -10.819703 -19.793472 5.847041 -5.259151 -20.895290 14.617399 8.136305 8.574278 -3.193637 -10.656258 2.215428 5.166024 1.120439 4.939051 5.462675 -21.533934 4.688992 -6.565505 16.421280 1.769874 -0.248657
9.349150 -4.935327 1.419466 -8.280636 17.826847 -3.223905 19.464170 -5.541937 -11.264256 -10.950445 -20.311064 6.145455 -5.223707 -20.210016 14.754269 8.196751 9.500478 -3.610487 -10.439752 2.410762 5.094772 1.360035 4.938673 5.202958 -21.846645 4.536693 -6.305233 16.420256 1.752624 0.397801
8.551037 -4.922774 0.605860 -8.305983 18.178476 -2.920810 18.969463 -5.640509 -11.908418 -11.014086 -20.601498 6.519073 -5.406098 -19.483774 15.020001 8.352816 10.275374 -4.002383 -10.140283 2.687948 5.009499 1.712489 4.969055 4.968783 -22.234325 4.345892 -6.027128 16.374945 1.680819 0.991216
7.799474 -4.793030 -0.181346 -8.210491 18.620876 -2.791296 18.482210 -5.695444 -12.533086 -11.001442 -20.935390 6.905923 -5.479500 -18.821415 15.265834 8.532359 10.639800 -4.252755 -9.897992 2.943393 5.008701 2.026372 4.904583 4.882757 -22.522104 4.197404 -5.781999 16.243193 1.630854 1.338592
6.980851 -4.687929 -0.874640 -8.524734 19.019794 -3.146057 18.213284 -6.086730 -12.736491 -11.014516 -21.389231 7.325843 -5.678308 -18.169657 15.287319 8.681248 10.926965 -4.384232 -9.626259 3.084814 4.912278 2.269755 4.813814 4.727532 -22.876335 3.990941 -5.412483 16.219139 1.603441 1.962690
6.258584 -4.595810 -1.435318 -8.949665 19.318111 -3.442277 17.972031 -6.460967 -12.818053 -11.003770 -21.870075 7.628111 -5.703846 -17.645256 15.181468 8.859042 11.159934 -4.497762 -9.416290 3.265139 4.814856 2.424006 4.673667 4.622713 -23.125401 3.856650 -5.144338 16.185043 1.582781 2.294720
5.557802 -4.425960 -1.728432 -9.261772 19.542156 -3.852023 17.748970 -6.662071 -12.874503 -10.942381 -22.410404 8.016232 -5.833669 -17.090633 15.043349 8.981976 11.299390 -4.696111 -9.200110 3.340831 4.664169 2.600803 4.482172 4.537105 -23.421974 3.659585 -4.790723 16.157364 1.568048 2.745319
4.901639 -4.316009 -2.017919 -9.662048 19.703732 -4.246428 17.522932 -6.937826 -12.867107 -10.967564 -22.890785 8.433484 -6.269040 -16.437710 14.922940 8.973653 11.443851 -4.793046 -8.931643 3.303669 4.517397 2.706568 4.272052 4.394303 -23.639431 3.527891 -4.474482 16.156696 1.585859 3.100218
4.202661 -4.440769 -2.158883 -9.916776 19.696600 -4.591160 17.383240 -7.299526 -12.822275 -11.094347 -23.409691 8.770877 -6.533718 -15.960395 14.668724 8.998987 11.616364 -4.763146 -8.697629 3.254769 4.409230 2.781490 4.117554 4.210008 -23.734615 3.445249 -4.326635 16.178665 1.580580 3.199841
3.585636 -4.631508 -2.275323 -10.235740 19.611063 -4.875991 17.274273 -7.627418 -12.737744 -11.226907 -23.839016 9.171490 -6.885479 -15.458413 14.496621 9.058382 11.793125 -4.852009 -8.433906 3.198954 4.268489 2.915253 3.974014 4.130033 -23.905205 3.313042 -4.078057 16.152374 1.544472 3.307069
3.022185 -4.821865 -2.323455 -10.468548 19.512463 -5.138510 17.256966 -7.990651 -12.666343 -11.368834 -24.226917 9.502671 -7.188570 -15.003161 14.369390 9.073732 11.891792 -4.909698 -8.217525 3.103386 4.136238 2.957421 3.775012 4.002470 -24.070465 3.202551 -3.867076 16.110558 1.553825 3.511285
2.508404 -4.987117 -2.345698 -10.752179 19.370193 -5.391405 17.287247 -8.366455 -12.510670 -11.520996 -24.507713 9.763669 -7.513960 -14.614692 14.305347 9.037445 12.093620 -5.000854 -8.019943 3.013485 4.033434 2.989015 3.662188 3.881253 -24.205353 3.153476 -3.734598 16.085711 1.579246 3.705103
2.155518 -5.087283 -2.364703 -10.987255 19.303196 -5.589572 17.255821 -8.614745 -12.372475 -11.668487 -24.693752 9.951451 -7.774544 -14.372242 14.223273 8.992361 12.279459 -5.068341 -7.871523 2.932349 3.949738 3.008791 3.531068 3.804139 -24.280609 3.110416 -3.670735 16.042030 1.583445 3.727425
1.895739 -5.195310 -2.360915 -11.202347 19.220396 -5.710398 17.221346 -8.830254 -12.244916 -11.786302 -24.882687 10.112989 -7.998531 -14.123704 14.165395 8.949764 12.459479 -5.131141 -7.743598 2.847919 3.830701 2.995232 3.398629 3.771545 -24.377182 3.091570 -3.535502 16.037672 1.607887 3.864575
1.717664 -5.253712 -2.401156 -11.358530 19.188133 -5.795008 17.165394 -8.928439 -12.171756 -11.856195 -24.973183 10.197877 -8.117435 -14.025624 14.107096 8.923471 12.526515 -5.155295 -7.684609 2.783637 3.766608 2.946480 3.291044 3.726530 -24.404461 3.071545 -3.465738 16.052219 1.632695 3.952034
1.557589 -5.346153 -2.448040 -11.470354 19.148403 -5.872309 17.142269 -9.065281 -12.097333 -11.898272 -25.064560 10.267748 -8.156599 -13.951587 14.095688 8.899424 12.597929 -5.146245 -7.636825 2.800198 3.673295 2.973218 3.173927 3.724524 -24.515488 3.036263 -3.340370 16.004015 1.625777 3.999027
1.526392 -5.352758 -2.471896 -11.508572 19.143099 -5.891617 17.114012 -9.066601 -12.086713 -11.921936 -25.097206 10.283416 -8.163982 -13.930589 14.087869 8.884129 12.618100 -5.146468 -7.628780 2.800565 3.658141 2.967328 3.156399 3.717794 -24.531178 3.034175 -3.318293 16.006660 1.630910 4.032218
