1.499545 -5.332123 -2.490750 -11.561661 19.176079 -5.904947 17.078150 -9.090111 -12.054926 -11.918177 -17.899080 -2.710360 -10.616797 1.486875 12.649179 11.623558 12.110353 -5.275973 -18.456476 10.092821 3.656612 2.987757 3.118726 3.698853 -24.553810 3.024697 -3.291428 15.987961 1.633315 4.027681
1.137988 -5.467193 -2.804923 -11.912420 19.365625 -6.166841 16.798729 -9.613598 -11.786912 -12.070096 -18.255955 -2.409867 -10.883178 1.938418 12.603558 11.541780 12.620997 -5.268028 -18.179222 10.239540 3.530209 3.075126 2.924567 3.685014 -24.779301 2.986448 -3.031719 15.917731 1.660114 4.209116
0.341340 -5.856820 -3.649026 -12.553268 19.514687 -6.635795 16.378445 -10.168709 -11.482640 -12.436195 -18.717560 -1.772556 -11.604002 2.808213 12.654634 11.479811 13.549932 -5.362679 -17.645107 10.707335 3.266035 3.310041 2.522340 3.449182 -25.187801 2.831745 -2.697121 15.808466 1.593564 4.404416
-0.702249 -6.059581 -4.243283 -13.483490 19.178013 -7.555973 15.730152 -10.373411 -11.015750 -13.230925 -19.465946 -1.058392 -12.096591 3.935616 12.900947 11.405861 14.962005 -5.550406 -16.929148 11.650837 2.893980 3.378427 1.667891 3.222545 -25.704220 2.621156 -2.168578 15.598132 1.593751 4.757642
-1.816671 -5.801201 -3.782943 -13.962755 18.726088 -8.232110 14.878980 -9.910230 -10.799484 -14.335127 -19.996670 -0.290732 -13.163058 4.840809 13.051217 10.919899 15.889506 -5.239150 -16.267826 12.416235 2.498940 3.072228 0.503270 2.938375 -26.027447 2.454813 -1.717886 15.422615 1.747510 5.238502
-2.664700 -5.606225 -3.156575 -14.877541 18.383440 -8.424015 13.833079 -9.424593 -10.238004 -15.396212 -20.718224 0.412770 -14.315787 5.751847 12.732897 10.400297 16.082232 -4.450716 -15.706376 12.875444 2.128989 2.614359 -0.844208 2.496311 -26.495295 2.252876 -1.167009 15.176397 2.063108 5.937102
-2.477210 -5.355849 -3.277934 -15.916742 18.571117 -8.469091 12.176781 -8.532133 -9.726628 -16.033379 -21.411682 0.864738 -15.365660 6.146426 12.141154 9.766949 15.798696 -3.090556 -15.265934 13.459685 1.815418 1.888168 -2.001761 1.797781 -26.699419 2.247889 -0.961259 15.053413 2.371922 6.328603
-2.161788 -5.250889 -3.517699 -16.972092 18.505096 -8.288727 10.947485 -7.390212 -9.374085 -16.585569 -22.106274 1.042653 -16.183336 6.229369 11.206047 9.061369 15.319533 -2.013783 -15.136201 13.499924 1.639153 1.271966 -2.925724 1.242161 -26.740185 2.338355 -0.716094 15.043259 2.684289 7.053606
-1.957581 -5.177154 -3.724977 -17.380053 18.599926 -8.150511 10.277248 -6.715683 -9.319671 -16.909513 -22.314144 1.106268 -16.787731 6.166508 10.759197 8.706750 14.653256 -1.048750 -15.003608 13.496758 1.558223 0.990131 -3.406724 0.989971 -26.752632 2.404115 -0.639026 14.940392 2.720294 7.373974
-1.934531 -5.143155 -3.753862 -17.576519 18.574480 -8.081785 9.942775 -6.382388 -9.291791 -17.164972 -22.356327 1.061969 -17.209553 6.104790 10.434810 8.532001 14.349719 -0.601918 -14.931585 13.383588 1.498088 0.760430 -3.726830 0.855494 -26.725187 2.444041 -0.621672 14.902672 2.744726 7.535137
-1.792697 -5.074050 -3.927450 -17.511122 18.759949 -8.131873 9.893917 -6.500944 -9.344944 -17.024158 -22.487644 1.069354 -16.922398 6.115834 10.462264 8.596506 14.368458 -0.718611 -14.989085 13.455115 1.583515 0.904347 -3.594396 0.807127 -26.768585 2.437880 -0.674636 14.856785 2.729149 7.419557
-0.750975 -4.329398 -4.785833 -16.221693 20.169727 -8.607204 10.540657 -7.745863 -10.039021 -15.598253 -22.991638 0.821489 -14.133060 5.377792 10.962197 8.910671 14.585574 -2.048329 -15.961537 13.950233 2.599170 2.429061 -2.020631 0.632715 -26.872515 2.429720 -1.618017 14.397306 2.395073 5.881413
0.563383 -2.756044 -5.516027 -12.631369 22.179813 -9.174778 12.389979 -8.710604 -12.694397 -12.590778 -21.890926 -0.270253 -9.392198 3.525692 13.348807 9.742234 14.223315 -3.049733 -17.471861 14.774532 4.400826 5.887777 1.237766 1.338693 -26.442631 3.293214 -3.425168 12.800515 1.491120 3.364339
6.039032 -3.297472 -5.390927 -5.842296 21.803104 -11.733521 14.230928 -6.761621 -16.401318 -10.203321 -21.829903 -1.641703 -3.004782 0.569333 15.378114 10.364247 6.544853 -1.787883 -20.855186 12.547801 8.173583 9.734841 2.529479 2.936239 -24.167521 7.848803 -6.783944 9.053293 3.427580 2.711518
15.332064 -2.929420 -3.170478 -1.231465 20.280128 -14.313911 15.698594 -5.055844 -16.050657 -9.302173 -21.521833 -4.074789 2.287467 -2.632859 17.879219 8.820320 -1.039626 2.409920 -24.217482 7.515575 9.901590 13.417927 2.959578 7.453070 -21.024496 10.730064 -7.097461 5.481661 3.732923 -1.358914
19.839640 -3.100551 -1.562748 -1.571126 18.240231 -16.668365 20.326553 -2.546713 -15.714842 -5.384970 -16.029011 -4.509831 0.636742 -4.614419 23.421349 5.081429 -2.071961 4.959497 -25.752127 5.743642 10.107744 13.540973 5.398121 11.969794 -19.239103 11.973756 -7.501448 4.932868 3.575572 -3.497210
23.189863 -4.761691 0.014785 -2.581702 14.864776 -18.462463 25.210720 -0.405600 -14.602728 -1.938737 -12.049610 -4.381291 -2.405164 -6.518416 27.329350 2.061896 -4.340530 8.298181 -26.461910 4.394659 9.531254 12.137813 6.548576 14.480947 -16.860296 12.536185 -7.874349 7.249710 4.740455 -3.204743
22.232924 -8.099957 0.330329 -2.532116 10.986107 -19.207550 29.402630 1.134092 -14.043742 -1.586947 -9.701806 -3.989203 -5.650798 -7.393203 27.500811 0.750891 -5.493334 9.782739 -26.449310 1.722075 8.991589 9.993690 6.017149 16.000984 -15.359416 13.321095 -7.731887 9.284061 6.375952 -2.160601
21.797178 -11.604935 0.176544 -3.450598 8.265522 -19.266756 31.819834 0.806839 -13.279054 -1.688645 -8.828987 -4.221401 -8.137712 -7.120837 27.260677 0.107929 -6.253612 11.784692 -25.919546 1.050604 8.832283 8.536147 5.720117 16.468592 -14.154704 13.787697 -7.638149 10.640032 7.468218 -1.333863
21.414347 -13.096605 0.260666 -3.549951 6.876410 -19.396276 33.189461 0.873767 -13.077099 -1.552641 -8.180085 -4.272857 -10.055316 -6.319223 27.324478 -0.252422 -6.299974 13.170903 -25.118809 0.745737 8.607454 7.389354 5.415390 16.754921 -13.299798 14.315537 -7.716119 11.493504 8.317084 -0.725998
21.312666 -13.357475 0.312529 -3.544643 6.614303 -19.393940 33.457199 0.920898 -13.063773 -1.551552 -8.015779 -4.237726 -10.394605 -6.181317 27.378189 -0.293052 -6.304196 13.384273 -24.963547 0.696528 8.554450 7.161337 5.354407 16.738287 -13.136888 14.417991 -7.723493 11.656261 8.480027 -0.550730
21.299833 -13.690598 0.618442 -3.370970 6.195756 -19.304527 33.975388 1.101893 -13.082469 -1.519062 -7.824953 -4.276487 -10.709653 -6.229309 27.261513 -0.278619 -6.614838 14.022193 -24.726461 0.920436 8.616973 7.013919 5.267048 16.738279 -12.750193 14.567145 -7.675622 11.911842 8.659886 -0.469872
21.232676 -14.174768 1.190327 -3.183080 5.533960 -19.039068 34.603050 1.459149 -13.038377 -1.597835 -7.302137 -4.296049 -11.333646 -6.263315 27.262943 -0.264331 -7.216558 14.996952 -24.295712 1.312293 8.660694 6.632498 5.023038 16.765888 -12.222548 14.804738 -7.549136 12.347334 8.941707 -0.263069
20.956648 -14.753522 1.832134 -3.050391 4.691919 -18.544088 34.969864 2.149234 -13.082006 -1.974854 -6.628899 -4.089611 -12.419748 -6.451391 27.041782 0.104638 -8.390992 16.258461 -23.671211 1.855876 8.527417 5.793456 4.656327 16.839367 -11.571211 15.108788 -7.390917 13.113686 9.342013 0.238433
20.772341 -15.630269 2.563224 -3.204115 3.835006 -17.646643 35.411911 3.443993 -13.274165 -2.535859 -6.245273 -4.364457 -13.750644 -6.888673 25.859165 0.584457 -9.397749 18.046511 -22.948347 2.240155 8.238728 4.950906 3.901691 16.890297 -10.764106 15.411290 -7.037433 14.082422 9.771531 0.734425
20.512335 -16.353260 3.047112 -4.019632 2.751627 -17.394028 35.133751 5.137165 -12.915975 -3.661786 -6.188479 -4.312370 -15.176609 -7.365179 23.821394 1.278690 -10.082053 19.269871 -22.335001 2.798717 7.580340 4.199862 3.139259 17.131361 -10.056979 15.520214 -6.393600 15.069048 9.950131 0.971297
20.180176 -16.706289 3.375778 -4.962281 1.924300 -17.012245 34.291046 6.595503 -12.443818 -4.979778 -5.855670 -3.741687 -16.826235 -7.275558 21.989815 2.237489 -11.031095 19.798546 -21.577208 3.368965 6.687565 3.692325 2.286068 17.192225 -9.452244 15.235885 -5.658067 15.856631 9.906102 0.902560
19.601774 -16.383989 3.862997 -5.682167 1.028610 -17.096621 33.101597 8.124279 -11.666906 -6.381151 -5.660215 -3.114678 -18.307381 -7.083764 20.392979 3.187401 -12.233433 20.178303 -20.898958 3.910383 5.792526 3.318406 1.464781 17.256052 -8.895683 15.133126 -4.998010 16.517073 9.837501 1.202878
19.109201 -16.075750 3.965954 -6.187078 0.784166 -17.362482 32.190006 9.236626 -11.326092 -7.287834 -5.641757 -2.670314 -19.205326 -6.619600 19.498404 3.671515 -12.807862 20.359688 -20.417040 4.089270 5.201829 3.118650 0.960751 17.444445 -8.613739 15.173316 -4.608819 16.927013 9.805878 1.466805
18.935518 -15.872971 4.053941 -6.553067 0.786446 -17.554728 31.631329 9.782293 -11.037011 -7.775569 -5.844594 -2.387058 -19.705460 -6.327528 19.054775 3.945176 -13.072333 20.511887 -20.212915 4.131705 5.002851 3.051672 0.751031 17.312263 -8.624323 15.112842 -4.524778 16.960533 9.756438 1.563382
18.913414 -15.845522 4.064488 -6.602345 0.801482 -17.570835 31.554886 9.837420 -11.005877 -7.834959 -5.854647 -2.356409 -19.758871 -6.292506 19.041328 3.964402 -13.105321 20.552956 -20.188871 4.138223 4.987536 3.039067 0.734442 17.296078 -8.622613 15.109868 -4.520411 16.967896 9.758985 1.579335
18.913132 -15.846041 4.063823 -6.603502 0.801649 -17.568762 31.554928 9.837159 -11.006063 -7.834809 -5.854650 -2.356359 -19.758842 -6.292593 19.041462 3.964503 -13.105304 20.553333 -20.188778 4.138075 4.987537 3.040767 0.741310 17.295126 -8.622254 15.110368 -4.525705 16.967710 9.758751 1.578852
18.917358 -15.848734 4.060673 -6.601598 0.801637 -17.569906 31.556213 9.838905 -11.007157 -7.833533 -5.855175 -2.355236 -19.759130 -6.291180 19.042862 3.964571 -13.107521 20.553879 -20.188751 4.138227 4.985116 3.041649 0.740815 17.298655 -8.620078 15.111178 -4.523821 16.972107 9.759511 1.577254
18.920059 -15.848280 4.060739 -6.602880 0.802695 -17.568386 31.557007 9.839148 -11.006228 -7.831854 -5.856861 -2.356380 -19.758162 -6.292881 19.043188 3.961493 -13.102074 20.558117 -20.189833 4.137533 4.984737 3.041038 0.741994 17.299911 -8.621175 15.110088 -4.523176 16.971891 9.758309 1.576603
18.925014 -15.851020 4.060649 -6.602723 0.803882 -17.569132 31.558735 9.839813 -11.003596 -7.833359 -5.857266 -2.351700 -19.758619 -6.290790 19.044285 3.961201 -13.105404 20.555622 -20.188608 4.134101 4.983090 3.045071 0.742928 17.301533 -8.619932 15.111165 -4.523020 16.974409 9.758123 1.576425
18.922771 -15.848443 4.065565 -6.602945 0.804026 -17.566778 31.559664 9.838562 -11.003154 -7.831675 -5.858311 -2.349675 -19.754799 -6.295867 19.041521 3.961486 -13.100393 20.557255 -20.188734 4.133449 4.969667 3.042737 0.748448 17.308632 -8.620329 15.106508 -4.521935 16.985296 9.753678 1.573035
18.923929 -15.855261 4.057439 -6.602519 0.801128 -17.568476 31.558804 9.840706 -11.008130 -7.830880 -5.858034 -2.344076 -19.754700 -6.293258 19.044588 3.960857 -13.102181 20.555141 -20.187859 4.131506 4.968208 3.040999 0.749282 17.313339 -8.620918 15.106106 -4.519455 16.986107 9.753067 1.572150
16.171513 -8.285486 4.124562 -11.198421 0.851046 -5.786052 35.440163 4.445459 -12.772561 -16.396893 2.131701 -4.748952 -26.555878 -13.541709 14.641150 2.943475 -9.621890 10.039514 -22.258244 13.156260 3.449832 -10.101981 0.962171 12.321868 -14.439548 13.409717 -5.824952 19.979862 9.185649 0.961215
16.171513 -8.285486 4.124562 -11.198421 0.851046 -5.786052 35.440163 4.445459 -12.772561 -16.396893 2.131701 -4.748952 -26.555878 -13.541709 14.641150 2.943475 -9.621890 10.039514 -22.258244 13.156260 3.449832 -10.101981 0.962171 12.321868 -14.439548 13.409717 -5.824952 19.979862 9.185649 0.961215
16.171513 -8.285486 4.124562 -11.198421 0.851046 -5.786052 35.440163 4.445459 -12.772561 -16.396893 2.131701 -4.748952 -26.555878 -13.541709 14.641150 2.943475 -9.621890 10.039514 -22.258244 13.156260 3.449832 -10.101981 0.962171 12.321868 -14.439548 13.409717 -5.824952 19.979862 9.185649 0.961215
11.936201 -14.315475 6.186952 -6.910231 3.976003 -5.224769 33.414913 7.692387 -7.958301 -13.632347 0.953985 -10.685410 -25.174164 -12.452015 12.115970 5.269869 -4.940857 13.434129 -20.276115 11.005236 4.962547 -12.804398 1.473464 12.112953 -15.597167 9.689484 -7.993143 20.348814 7.706398 1.874458
12.111628 -14.516006 6.037625 -6.774452 4.405470 -4.491130 33.208527 7.618954 -7.909156 -13.544692 0.954287 -10.718547 -25.164537 -12.471570 12.155078 5.215497 -4.881129 13.408967 -20.334024 11.093672 5.221344 -13.055615 1.564900 12.156695 -15.851401 9.620334 -8.045098 20.273327 7.777572 1.933407
12.139816 -14.513866 6.027250 -6.774472 4.397064 -4.499926 33.192844 7.611447 -7.922378 -13.560072 0.937114 -10.708026 -25.165985 -12.458770 12.139855 5.218899 -4.911089 13.430295 -20.339674 11.075285 5.254811 -13.062219 1.565003 12.163404 -15.853009 9.649888 -8.061186 20.248674 7.797706 1.944475
12.145403 -14.511890 6.018441 -6.777878 4.398208 -4.492580 33.192970 7.610703 -7.928563 -13.560514 0.937044 -10.708300 -25.165756 -12.459484 12.140060 5.219829 -4.911689 13.429958 -20.338709 11.074739 5.257749 -13.061323 1.564780 12.165510 -15.851571 9.648823 -8.060947 20.248140 7.797441 1.944993
12.152142 -14.500882 5.992476 -6.792754 4.406911 -4.494355 33.205158 7.612774 -7.933935 -13.531126 0.944244 -10.691857 -25.167431 -12.428184 12.190681 5.225221 -4.951057 13.416781 -20.341644 11.084837 5.249432 -13.056856 1.566594 12.168065 -15.852204 9.639030 -8.052145 20.259052 7.792550 1.939959
12.128742 -14.496092 6.000138 -6.798491 4.408552 -4.483973 33.218430 7.614203 -7.933330 -13.526173 0.960568 -10.703262 -25.161507 -12.452436 12.178551 5.211089 -4.896626 13.408139 -20.342348 11.091618 5.238999 -13.059208 1.566145 12.164183 -15.852997 9.629057 -8.048213 20.269737 7.789440 1.938567
12.128742 -14.496092 6.000138 -6.798491 4.408552 -4.483973 33.218430 7.614203 -7.933330 -13.526173 0.960568 -10.703262 -25.161507 -12.452436 12.178551 5.211089 -4.896626 13.408139 -20.342348 11.091618 5.238713 -13.059743 1.566239 12.163817 -15.853267 9.628739 -8.048314 20.270098 7.789457 1.938947
12.138358 -14.493119 5.990404 -6.805190 4.411218 -4.485737 33.215393 7.615897 -7.931745 -13.522001 0.969720 -10.685306 -25.177155 -12.423597 12.221574 5.222400 -4.940984 13.389401 -20.342651 11.094315 5.253126 -13.054151 1.565891 12.168717 -15.850959 9.642212 -8.052225 20.255562 7.793497 1.939615
12.138358 -14.493119 5.990404 -6.805190 4.411218 -4.485737 33.215393 7.615897 -7.931745 -13.522001 0.970131 -10.685241 -25.177437 -12.423278 12.222512 5.222445 -4.941004 13.389071 -20.342672 11.095081 5.253264 -13.055975 1.565842 12.168621 -15.851723 9.642120 -8.052704 20.255703 7.793620 1.940083
12.152542 -14.498558 5.994097 -6.793532 4.409255 -4.496511 33.203571 7.612170 -7.930264 -13.533420 0.944892 -10.689130 -25.165659 -12.427362 12.191326 5.223673 -4.952425 13.416446 -20.342140 11.077396 5.250679 -13.058135 1.565230 12.166342 -15.851623 9.639306 -8.053742 20.258024 7.793732 1.939609
