-7.270498 -15.825530 -7.670127 2.697517 30.761253 -1.754453 6.356688 19.120525 -9.901702 -4.235128 -11.060316 -2.921590 -7.191089 -9.470246 7.985722 7.613550 13.074090 -6.282962 -26.236837 -16.847900 11.094748 7.976821 -8.442459 2.169916 -9.164941 2.144955 -22.872114 7.855083 -0.279826 2.889463
-7.256328 -15.752203 -7.768269 2.870087 30.834002 -1.745959 6.294736 19.369740 -10.043104 -4.271216 -11.027558 -2.949483 -7.124555 -9.496903 7.998575 7.625522 13.025702 -6.353615 -26.248663 -16.925770 11.144575 7.962871 -8.362700 1.957703 -9.243207 2.231339 -22.979471 7.869966 -0.201924 2.927375
-7.020936 -15.673347 -7.783725 2.977135 30.725815 -1.704973 6.185153 19.759556 -10.086572 -4.417148 -10.917107 -3.080880 -6.926074 -9.541698 8.088320 7.673830 13.035894 -6.469400 -26.347321 -17.046288 11.179192 7.810070 -8.509270 1.937035 -9.252090 2.375765 -22.904724 7.861533 -0.009140 2.821536
-6.794815 -15.746489 -7.855661 3.218816 30.618025 -1.652823 6.143657 20.133820 -10.178983 -4.539457 -10.746038 -3.126476 -6.866386 -9.645614 8.022451 7.856644 12.876658 -6.538988 -26.364408 -17.039360 11.214027 7.861271 -8.473068 1.904043 -9.219827 2.383264 -22.928577 7.871573 -0.044574 2.805974
-6.295805 -15.861933 -7.941475 3.452629 30.404390 -1.542095 5.990866 20.752150 -10.191435 -4.799508 -10.273897 -3.237526 -7.076583 -9.870524 7.862493 8.161594 12.508952 -6.574599 -26.294790 -17.229103 11.367395 7.922076 -8.285446 1.827251 -9.029706 2.475085 -23.072598 7.973989 -0.023741 2.635702
-5.925876 -16.035742 -7.854049 3.820957 30.053003 -1.374207 5.996071 21.561787 -10.304425 -5.166723 -9.807648 -3.401206 -6.912797 -10.239191 7.637626 8.598795 12.083101 -6.955303 -26.521269 -17.496235 11.606985 7.826800 -8.234198 1.786735 -8.804563 2.611603 -23.304785 8.006950 0.088825 2.266818
-5.742718 -16.150612 -7.737977 4.160957 29.815243 -1.126098 6.010836 22.373964 -10.411616 -5.358916 -9.188132 -3.585529 -7.216111 -10.657405 7.124575 9.057627 11.284642 -7.069010 -26.613235 -18.019276 11.875847 7.885633 -7.998344 1.803929 -8.571398 2.618818 -23.487995 8.058025 0.101414 2.065035
-5.834635 -16.242849 -7.592724 4.399022 29.660830 -1.062514 6.132306 22.918175 -10.481689 -5.413998 -8.844644 -3.592571 -7.168078 -10.937212 6.750401 9.448662 10.894482 -7.412519 -26.716890 -18.069822 11.914391 7.634864 -8.232798 2.083696 -8.330237 2.795383 -23.391212 8.093193 0.299748 1.553964
-6.009870 -16.342770 -7.292216 4.580153 29.450760 -1.022455 6.185999 23.475458 -10.386178 -5.455491 -8.647062 -3.760050 -6.852032 -11.119262 6.499497 9.637671 10.532993 -7.724932 -27.044966 -18.343212 12.094028 7.584235 -7.938793 2.068697 -8.055969 3.048734 -23.590010 8.225275 0.442906 1.406582
-6.104251 -16.514194 -6.934536 4.709954 29.238140 -1.076990 6.276927 23.706150 -10.124488 -5.364321 -8.412072 -3.878038 -6.572567 -11.314431 6.193254 10.063822 10.174783 -8.053196 -27.352552 -18.367405 12.301710 7.561031 -7.718461 2.136469 -7.780950 3.158718 -23.820637 8.315376 0.484593 1.164852
-6.324548 -16.601583 -6.746979 4.685252 29.152630 -1.132198 6.388636 23.789146 -10.070304 -5.330584 -8.068518 -3.973649 -6.497076 -11.677069 6.025374 10.292280 9.944869 -8.391500 -27.634260 -18.583895 12.448671 7.480422 -7.619042 2.322046 -7.357968 3.286433 -23.979511 8.471440 0.508305 0.732881
-6.710205 -16.596485 -6.248935 4.667833 28.971571 -1.162747 6.507737 24.076706 -9.992339 -5.476609 -7.660499 -4.023405 -6.556168 -12.096852 5.792684 10.460802 9.625082 -8.676449 -28.021692 -18.860844 12.511476 7.322516 -7.744711 2.641547 -7.032516 3.417727 -24.018478 8.527782 0.541665 0.213804
-7.289770 -16.655840 -5.736634 4.730310 28.700821 -1.229305 6.672177 24.449120 -9.983497 -5.741437 -7.325707 -4.001769 -6.632511 -12.375617 5.528400 10.663675 9.141753 -8.860017 -28.196201 -19.077633 12.668495 7.220102 -7.771779 2.632031 -6.652247 3.383964 -24.217760 8.674536 0.531000 -0.048923
-7.723782 -16.611025 -5.192304 4.719446 28.327034 -1.319434 6.807622 24.763914 -9.908145 -6.018318 -7.078252 -3.993709 -6.806183 -12.661754 5.470435 10.367626 9.005621 -8.917244 -28.523678 -19.403622 12.781017 7.259215 -7.850339 2.815283 -6.316004 3.188811 -24.271843 8.818148 0.393976 -0.353157
-8.101367 -16.651510 -5.062524 4.694460 28.191269 -1.322182 6.918243 24.948938 -9.983100 -6.157053 -6.783350 -3.926782 -7.146295 -12.938538 5.312881 10.135530 8.748633 -8.812336 -28.673502 -19.571915 12.933691 7.245073 -7.885499 2.839205 -6.154096 3.110351 -24.281826 8.920563 0.453003 -0.597708
-8.329705 -16.685947 -4.993526 4.641642 28.159220 -1.230168 6.900533 25.220959 -10.050324 -6.306410 -6.571458 -3.925398 -7.315994 -13.090257 5.268274 9.942254 8.625667 -8.778672 -28.847677 -19.794376 13.095787 7.258297 -7.916444 2.862268 -6.100499 3.038400 -24.285980 8.953175 0.506763 -0.836651
-8.292694 -16.560396 -4.906366 4.552995 28.166494 -1.180278 6.807029 25.396135 -10.035502 -6.369402 -6.540511 -3.911712 -7.452290 -13.172704 5.317546 9.683439 8.649481 -8.680449 -28.932051 -19.926746 13.175785 7.041316 -8.073059 2.824080 -6.079153 3.140371 -24.323000 8.939920 0.740650 -1.205705
-8.330944 -16.470158 -4.941408 4.520528 28.235748 -1.174171 6.758160 25.467567 -10.123977 -6.412447 -6.509165 -3.957324 -7.451289 -13.254086 5.437294 9.480915 8.785436 -8.717471 -29.038469 -20.088371 13.241311 6.887919 -8.185141 2.816826 -6.030582 3.253726 -24.314215 8.937914 0.926414 -1.438262
-8.373394 -16.426842 -4.955626 4.544356 28.228336 -1.211261 6.786935 25.516411 -10.242458 -6.486827 -6.449311 -3.985286 -7.504664 -13.297117 5.459489 9.370205 8.818030 -8.716619 -29.105276 -20.228231 13.275614 6.887318 -8.223081 2.826840 -6.063115 3.197925 -24.259930 8.942188 0.954878 -1.482620
-8.359077 -16.428638 -4.972839 4.550912 28.243523 -1.215770 6.788346 25.531818 -10.265547 -6.493042 -6.444244 -3.986060 -7.502301 -13.315491 5.474773 9.363537 8.837174 -8.753936 -29.111673 -20.267757 13.265419 6.877141 -8.244357 2.852045 -6.065543 3.204038 -24.253868 8.925689 0.954454 -1.506955
-8.458673 -16.458202 -4.714369 4.511434 28.110935 -1.216228 6.826096 25.672493 -10.087806 -6.555094 -6.412345 -4.008784 -7.715335 -13.332030 5.335266 9.401220 8.633164 -8.619314 -29.038355 -20.408249 13.185013 6.755222 -8.381864 3.027508 -5.943464 3.318488 -24.192011 8.914403 0.979825 -1.669187
-8.575980 -16.593063 -4.097827 4.578773 27.749475 -1.172540 6.906590 25.965961 -9.700860 -6.693369 -6.124426 -4.001760 -8.585700 -13.472017 4.672475 9.677221 7.749016 -8.316053 -28.777842 -21.005289 12.956539 6.680243 -8.790668 3.561861 -5.657609 3.234903 -23.896919 8.929666 0.769068 -1.896467
-8.787168 -16.831247 -2.780923 4.691172 27.097914 -1.250581 7.176472 26.314346 -9.207962 -7.127995 -5.951961 -4.161206 -10.021855 -13.162320 3.930182 10.045061 6.878137 -7.581064 -28.091791 -22.122593 12.269367 6.325448 -9.582868 4.307775 -5.251311 3.420269 -23.452032 8.927954 0.614939 -2.304385
-8.559858 -17.508465 -1.094874 4.613602 25.753187 -1.685924 7.785195 25.706104 -8.231292 -7.908981 -6.058403 -4.177622 -12.098136 -12.086864 2.884284 11.122549 5.662404 -5.954944 -26.314173 -22.591019 11.134933 5.586811 -10.761295 5.245194 -4.954225 3.789012 -22.757145 8.829318 0.671948 -2.945946
-7.846175 -17.879175 1.254615 4.168711 24.178759 -1.783167 8.187831 25.490181 -6.645585 -8.786543 -5.637525 -3.775386 -15.406461 -11.279747 1.463598 11.898711 4.119112 -3.390075 -24.591455 -22.606880 10.165539 4.944613 -11.932077 6.289263 -4.823589 4.017543 -21.664497 8.895113 0.911763 -3.807930
-6.549162 -18.650183 3.989875 3.565570 22.409897 -2.582581 8.727909 25.275890 -4.392092 -9.563332 -5.217524 -2.774634 -18.376854 -11.526002 0.368275 12.080488 2.254319 -0.873063 -22.988796 -21.450686 9.050589 4.357190 -13.423450 7.606887 -4.932765 4.082568 -19.769588 9.160892 1.319315 -4.844226
-4.904604 -19.640337 6.165603 2.205783 20.191711 -3.202055 9.416368 24.662395 -2.428835 -10.654139 -4.411317 -1.929965 -21.118460 -12.585111 -0.152497 11.061913 0.817771 1.836013 -22.254999 -20.073238 8.008749 3.388547 -14.897834 8.813155 -4.802562 4.793858 -18.268799 9.196976 1.939060 -5.499966
-3.657549 -19.685053 8.195003 0.004884 18.594988 -3.714134 9.736313 23.875038 -0.721032 -11.505928 -4.129468 -1.527761 -23.431314 -13.706654 -0.181350 9.273536 0.070223 4.385053 -21.792912 -19.042791 7.091433 2.880934 -16.222246 10.626307 -5.040630 5.445469 -17.169300 8.322786 2.085758 -5.803662
-2.118613 -19.418230 9.529053 -1.421240 16.484030 -5.028205 10.905059 22.762280 -0.095431 -13.131735 -3.480639 -1.098060 -26.389143 -14.248244 -0.478568 7.889235 0.340185 6.076795 -20.541140 -18.361078 4.877916 2.627531 -17.623814 12.844854 -5.940978 6.792842 -15.958543 6.129502 1.425095 -4.674496
0.475904 -19.080538 9.838091 -3.557531 15.546646 -6.161664 10.788915 21.472137 1.296267 -13.709036 -3.291259 0.638888 -29.954445 -15.217854 -0.723471 6.479414 1.268344 7.679407 -18.634253 -15.875766 2.860992 2.160151 -19.089720 14.243006 -6.218275 7.787328 -14.115575 5.375086 1.228903 -3.547228
4.041000 -19.441832 9.289842 -5.706888 15.194236 -5.511305 10.040640 21.205975 3.053762 -13.591860 -4.263700 2.513892 -32.297752 -16.184158 -1.166474 5.695665 0.591359 9.641756 -16.361244 -13.302312 0.956630 1.557605 -20.857416 15.323559 -6.496090 8.500066 -10.887954 5.814325 1.850749 -1.715124
6.585175 -19.949095 9.439782 -7.286731 14.354995 -4.901480 10.128480 19.985001 4.071021 -13.763562 -5.715921 4.536357 -33.952415 -16.312298 -1.333378 4.300321 0.524525 11.305268 -14.793330 -10.924417 -0.596343 1.169956 -22.548494 15.460576 -6.528832 8.268890 -8.773994 6.374485 1.671511 1.062339
8.027763 -20.090281 10.260633 -8.031867 13.861867 -5.742733 10.578485 18.038193 5.055732 -13.443848 -7.391147 5.540886 -33.416203 -15.529634 -0.266977 3.070364 2.421240 11.678699 -14.216474 -9.096851 -1.681176 1.501106 -23.120340 15.273235 -7.150907 7.769941 -7.720611 6.349731 1.015282 3.086534
8.191541 -20.070213 11.166041 -8.071610 14.296136 -6.631650 10.941546 16.201229 5.729564 -12.534906 -8.964537 5.970594 -32.515083 -14.277417 0.588167 2.683959 3.706028 12.149332 -13.763335 -7.568369 -1.851360 2.992942 -21.567518 14.398647 -8.135074 7.010606 -8.489867 5.926305 -0.263745 4.555946
7.352662 -20.203531 11.167899 -7.886470 14.866737 -7.323984 11.355013 14.155279 6.011465 -11.520734 -9.933878 6.074036 -31.866859 -13.455379 1.142439 2.117842 4.757121 12.533797 -13.630550 -6.696802 -2.052839 4.451586 -20.167046 14.398976 -9.011312 6.502016 -8.557377 5.697521 -1.232113 4.996529
7.060730 -20.158922 10.276532 -8.158402 15.627610 -7.773212 11.412817 12.477264 5.975106 -10.680643 -10.876293 5.921813 -30.973938 -12.814305 1.917640 1.431515 5.795063 13.229867 -13.658708 -5.785856 -2.359916 5.385235 -19.305702 14.555633 -9.399476 6.077836 -8.428252 5.768867 -1.950073 5.205326
6.860182 -20.128839 8.976899 -8.634637 16.335100 -8.246083 11.297102 10.797682 5.794270 -10.116170 -11.504539 5.852539 -30.334692 -12.435714 2.744359 0.807300 6.897768 13.745992 -13.559230 -4.848484 -2.575874 6.097767 -18.685308 14.746535 -9.431300 5.769467 -8.129683 6.023300 -2.462294 5.646420
6.901257 -20.148207 7.925023 -9.072086 16.771236 -8.575985 11.122558 9.695514 5.703421 -9.830631 -11.940485 5.795451 -29.573841 -12.225028 3.367017 0.469823 7.680811 13.927959 -13.592880 -4.079457 -2.659260 6.498409 -18.285101 14.729060 -9.300619 5.644612 -8.017054 6.265530 -2.749783 6.154600
6.831200 -20.181702 7.260936 -9.058537 17.039991 -8.659578 11.044931 9.220911 5.454877 -9.656117 -12.001369 5.869380 -29.400936 -12.109060 3.546125 0.426904 8.007277 13.922260 -13.567282 -3.716111 -2.669274 6.691036 -18.049883 14.570385 -9.171235 5.577063 -8.043827 6.446769 -2.893761 6.517780
6.773400 -20.219017 7.105466 -9.048043 17.108574 -8.675005 11.027762 9.105303 5.402579 -9.622633 -12.012814 5.896455 -29.357128 -12.087798 3.591932 0.439054 8.078587 13.915181 -13.554393 -3.592268 -2.733305 6.707038 -18.093355 14.576095 -9.162162 5.559113 -7.956017 6.486588 -2.915876 6.594003
6.763418 -20.211929 7.040309 -9.022219 17.139374 -8.676513 11.017523 9.083170 5.365393 -9.605576 -12.031751 5.895700 -29.312414 -12.081773 3.619403 0.433056 8.104508 13.887447 -13.567539 -3.584128 -2.727340 6.717880 -18.072187 14.567504 -9.138715 5.554865 -7.991072 6.491156 -2.933954 6.599141
6.706390 -20.224150 6.898557 -8.983878 17.202522 -8.683539 11.013077 9.052473 5.275823 -9.589763 -12.060672 5.901298 -29.235292 -12.069709 3.667314 0.420487 8.175162 13.831289 -13.584447 -3.547117 -2.710181 6.749787 -18.013851 14.535724 -9.088610 5.534785 -8.081429 6.500559 -2.994643 6.616210
6.719025 -20.221088 6.742479 -8.983702 17.309464 -8.755398 10.983767 8.998298 5.264471 -9.522661 -12.154682 5.875383 -29.042797 -12.055614 3.796409 0.330638 8.298395 13.780562 -13.650850 -3.512135 -2.715711 6.772622 -17.965521 14.469859 -9.024223 5.531888 -8.099892 6.572185 -3.016421 6.705153
6.572868 -20.201200 6.573401 -8.975698 17.474604 -8.875856 10.909245 8.932767 5.231094 -9.481234 -12.247021 5.865874 -28.815140 -12.019075 3.948599 0.302772 8.461121 13.699549 -13.685253 -3.373653 -2.658817 6.830780 -17.821363 14.298303 -8.947343 5.499515 -8.224406 6.658137 -3.054043 6.847094
6.370774 -20.150158 6.406448 -8.965030 17.653198 -9.019835 10.823202 8.876202 5.172098 -9.462494 -12.315327 5.873227 -28.561169 -12.000453 4.094113 0.335592 8.624588 13.563960 -13.705146 -3.181224 -2.657013 6.867175 -17.733932 14.089080 -8.888657 5.501128 -8.272870 6.771136 -3.067497 7.136775
6.142684 -20.093271 6.243650 -8.882360 17.797155 -9.214952 10.830807 8.839132 5.065662 -9.409835 -12.440334 5.878693 -28.255571 -11.964111 4.312624 0.343677 8.894096 13.379302 -13.695009 -2.944871 -2.626591 6.921609 -17.604288 13.939059 -8.804223 5.508746 -8.386536 6.848654 -3.122552 7.332223
5.877186 -19.999319 6.076114 -8.693966 17.924910 -9.500404 10.945436 8.775620 4.853608 -9.337956 -12.575306 5.951020 -27.876204 -11.911769 4.466636 0.395499 9.165211 13.145304 -13.761664 -2.529278 -2.596512 6.971970 -17.437029 13.681752 -8.687563 5.531150 -8.527874 6.981637 -3.170632 7.702323
5.595262 -19.996859 5.925209 -8.510965 18.010403 -9.684220 11.121323 8.670311 4.652600 -9.198261 -12.621507 6.001391 -27.524162 -11.887618 4.574584 0.500800 9.393554 12.905549 -13.842637 -2.177810 -2.564563 7.063031 -17.214109 13.330386 -8.583151 5.544797 -8.698133 7.151886 -3.253159 8.206163
5.318360 -19.874166 5.809853 -8.347607 18.110434 -9.921679 11.236979 8.547622 4.452951 -9.093005 -12.679976 6.029954 -26.970062 -11.825498 4.821491 0.685854 9.840661 12.351325 -13.922111 -1.862050 -2.515064 7.192946 -16.950842 13.092892 -8.561126 5.538877 -8.869596 7.239410 -3.347821 8.530396
5.039817 -19.836861 5.606780 -8.223921 18.209089 -10.054340 11.369007 8.333697 4.214489 -8.986774 -12.694851 6.119620 -26.459438 -11.763999 4.959476 0.958697 10.163797 11.868437 -14.065459 -1.402615 -2.459255 7.412240 -16.572353 12.872793 -8.594627 5.490546 -9.112440 7.282394 -3.523389 8.846916
4.872660 -19.799215 5.370068 -8.111431 18.320475 -10.188161 11.481312 8.092853 3.974650 -8.887022 -12.620972 6.141563 -25.917337 -11.755171 5.238688 1.236796 10.717752 11.165387 -14.178036 -1.169680 -2.408739 7.603765 -16.191328 12.675231 -8.655740 5.463399 -9.369187 7.305572 -3.677278 9.104284
4.789913 -19.660309 5.002840 -7.983994 18.546375 -10.302788 11.398732 7.822505 3.703320 -8.776854 -12.599833 6.138190 -25.251001 -11.757968 5.470895 1.485120 11.134770 10.507947 -14.345604 -0.945194 -2.379099 7.738570 -15.940839 12.573674 -8.736025 5.459442 -9.518558 7.281895 -3.772762 9.296808
4.776155 -19.630316 4.596933 -7.824948 18.645966 -10.235390 11.350474 7.599130 3.426435 -8.678006 -12.568985 6.095907 -24.959862 -11.789851 5.653624 1.526473 11.473626 10.068639 -14.412086 -1.021561 -2.314696 7.981606 -15.532999 12.456853 -8.832468 5.376976 -9.826289 7.213612 -4.001248 9.475660
4.675268 -19.606585 4.208376 -7.594948 18.743223 -10.186283 11.360383 7.407286 3.078427 -8.625099 -12.597696 6.044697 -24.377098 -11.773944 5.916419 1.656318 11.910828 9.404107 -14.549348 -1.027750 -2.228808 8.187517 -15.215153 12.371763 -8.924545 5.307532 -10.065221 7.129026 -4.180314 9.628620
4.647149 -19.574003 3.850323 -7.314392 18.828285 -10.035545 11.371563 7.314939 2.706836 -8.573166 -12.610426 5.942135 -23.997274 -11.796437 6.207589 1.595611 12.338640 8.922591 -14.654900 -1.232460 -2.081327 8.395769 -14.854606 12.279811 -9.034831 5.228845 -10.389968 7.013454 -4.369874 9.720356
4.570489 -19.558554 3.526352 -7.078803 18.959938 -9.921539 11.353992 7.247141 2.395213 -8.513767 -12.656261 5.825872 -23.696331 -11.848664 6.410161 1.517710 12.614738 8.540878 -14.781928 -1.533460 -1.887627 8.648788 -14.436605 12.164653 -9.180591 5.119996 -10.748842 6.878616 -4.581471 9.842670
4.440841 -19.522390 3.201792 -6.768096 19.106773 -9.739726 11.346103 7.295649 2.007981 -8.462863 -12.741667 5.681791 -23.235821 -11.945984 6.618974 1.419564 12.910456 8.052230 -15.010556 -1.846566 -1.716768 8.810246 -14.140449 12.102768 -9.266477 5.049329 -11.071656 6.735316 -4.740321 9.843645
4.287379 -19.507418 3.011452 -6.579723 19.224913 -9.665264 11.343315 7.287523 1.790540 -8.391599 -12.766848 5.573142 -22.945671 -12.056840 6.713182 1.329802 13.015494 7.745733 -15.216569 -2.116470 -1.654141 8.807064 -14.101221 12.094890 -9.271902 5.032836 -11.205518 6.675376 -4.770446 9.740063
4.189917 -19.495226 2.918812 -6.447245 19.260056 -9.602015 11.373358 7.306898 1.640486 -8.367312 -12.778522 5.506123 -22.815754 -12.125134 6.747342 1.266031 13.040810 7.593252 -15.323573 -2.315943 -1.583552 8.847571 -14.015530 12.074000 -9.302729 5.005867 -11.333175 6.616260 -4.817287 9.697868
4.157625 -19.501631 2.879220 -6.411166 19.279806 -9.584976 11.382368 7.295592 1.593937 -8.352669 -12.781399 5.480888 -22.747757 -12.155051 6.775299 1.241388 13.079172 7.509200 -15.372430 -2.386244 -1.579156 8.860781 -14.000034 12.065992 -9.307475 4.998159 -11.338239 6.614342 -4.824679 9.709367
4.186650 -19.486956 2.907000 -6.427382 19.272968 -9.590576 11.366262 7.326009 1.616516 -8.367584 -12.779851 5.491570 -22.792744 -12.142099 6.752686 1.249247 13.042529 7.563952 -15.346635 -2.364272 -1.575063 8.851443 -14.004496 12.071550 -9.303005 5.004160 -11.346029 6.611658 -4.820763 9.692572
4.249611 -19.447674 2.966550 -6.461702 19.270969 -9.615738 11.323823 7.375452 1.666512 -8.393565 -12.773447 5.502408 -22.849564 -12.140232 6.714974 1.250366 12.975368 7.636787 -15.326156 -2.350557 -1.582002 8.813779 -14.047785 12.087338 -9.280731 5.013726 -11.342932 6.615758 -4.803201 9.640677
4.360706 -19.401196 3.061176 -6.522905 19.252975 -9.648683 11.268868 7.446683 1.755743 -8.431784 -12.760058 5.529539 -22.959257 -12.132745 6.656403 1.257093 12.883063 7.744918 -15.278434 -2.331038 -1.591985 8.795937 -14.061753 12.086618 -9.272779 5.033581 -11.318859 6.633121 -4.782791 9.656157
4.509861 -19.336828 3.205920 -6.614250 19.196400 -9.690938 11.207994 7.579060 1.869552 -8.515503 -12.724380 5.561566 -23.186256 -12.133058 6.563159 1.214865 12.736788 7.945357 -15.214664 -2.354161 -1.616170 8.714622 -14.163683 12.117551 -9.219578 5.056840 -11.292619 6.647579 -4.739886 9.558927
4.674314 -19.264700 3.415745 -6.772558 19.126522 -9.740389 11.111853 7.708367 2.068648 -8.602487 -12.690180 5.597147 -23.460474 -12.118716 6.443248 1.166624 12.536001 8.224547 -15.131841 -2.365947 -1.735994 8.546523 -14.427526 12.198024 -9.122753 5.116220 -11.101058 6.725877 -4.619508 9.426544
4.832959 -19.203226 3.604397 -6.912149 19.084856 -9.773138 11.014194 7.948277 2.241126 -8.706174 -12.648266 5.610615 -23.741016 -12.148574 6.309763 1.066656 12.302035 8.482782 -15.101167 -2.488311 -1.817994 8.428814 -14.627359 12.298036 -9.044833 5.150081 -10.966291 6.767529 -4.548075 9.291428
5.005715 -19.126091 3.724263 -7.012295 19.080423 -9.800963 10.900484 8.192540 2.371424 -8.782349 -12.549446 5.635352 -24.235474 -12.221559 6.087992 0.933100 11.927119 8.893056 -15.015201 -2.687742 -1.855087 8.279010 -14.839909 12.396058 -8.942508 5.179352 -10.905437 6.778253 -4.474779 9.094210
5.148697 -19.023561 3.874154 -7.026000 18.997568 -9.764905 10.848629 8.569129 2.380534 -8.952511 -12.464544 5.621280 -24.607996 -12.302779 5.869324 0.815284 11.527047 9.270751 -14.988982 -2.884705 -1.895098 8.097610 -15.093678 12.486323 -8.859403 5.229754 -10.779757 6.817825 -4.343513 8.889759
5.338216 -18.976271 3.998487 -7.028744 18.868450 -9.657818 10.829779 8.978924 2.374921 -9.123474 -12.400918 5.623535 -24.984039 -12.346863 5.699843 0.703610 11.259217 9.554652 -14.917451 -3.122490 -1.890311 7.946521 -15.296259 12.570642 -8.781471 5.251450 -10.747802 6.813514 -4.256664 8.655804
5.452170 -19.011311 4.068326 -7.048054 18.694321 -9.505099 10.816601 9.381279 2.369779 -9.342615 -12.332899 5.599489 -25.435526 -12.451575 5.411193 0.506607 10.734971 9.901479 -14.930673 -3.607882 -1.900719 7.640261 -15.706135 12.739797 -8.639396 5.327867 -10.659913 6.783670 -4.070666 8.211923
5.534659 -19.049433 4.399746 -7.060143 18.416225 -9.457661 10.909483 9.761528 2.480206 -9.614706 -12.265104 5.558640 -25.892727 -12.515888 5.131234 0.334127 10.278023 10.243340 -14.947682 -4.057889 -1.910951 7.425102 -16.024221 12.936903 -8.554797 5.318685 -10.612105 6.738686 -3.960123 7.703759
5.622023 -19.156290 4.720417 -6.852624 18.099823 -9.224932 11.067319 10.310732 2.492243 -9.839172 -12.072315 5.465244 -26.291227 -12.646858 4.899209 0.312120 9.865953 10.430610 -14.930076 -4.533682 -1.930523 7.190796 -16.374596 13.190257 -8.484052 5.305865 -10.598561 6.638552 -3.860083 7.007786
5.849660 -19.404747 5.179957 -6.845431 17.784378 -8.937069 11.173364 10.876696 2.744486 -10.051016 -11.902551 5.366085 -26.840179 -12.815673 4.624867 0.188925 9.325009 10.695514 -14.899232 -5.210065 -1.928818 6.934200 -16.709463 13.430303 -8.362660 5.331559 -10.677121 6.496805 -3.783090 6.264771
5.973522 -19.760744 5.506776 -6.706985 17.399458 -8.559231 11.404177 11.325744 2.850872 -10.210217 -11.614155 5.188774 -27.350677 -13.091725 4.336799 0.245998 8.808664 10.825577 -14.956281 -5.870437 -1.883883 6.695566 -16.979656 13.627961 -8.239123 5.397980 -10.769144 6.347367 -3.696506 5.707878
1.454186 -24.648321 5.737765 -7.827059 21.347492 -2.321207 7.820149 16.144213 7.384531 -3.406808 -11.944754 2.310091 -25.011652 -13.547506 -3.948066 2.951804 3.358651 11.734775 -19.276535 -4.933263 2.117651 5.490696 -13.654902 14.005579 -9.077399 4.220210 -9.316581 10.415570 0.010937 0.715617
1.262872 -24.894781 6.031560 -7.672893 20.850454 -1.751281 7.955716 16.820000 7.166524 -3.946455 -11.659579 2.226077 -25.520046 -13.904558 -4.362691 3.128418 2.717724 11.571129 -19.312847 -5.720588 2.394831 5.251535 -13.752883 14.128026 -8.852723 4.417831 -9.699525 10.217384 0.116409 0.216110
1.075505 -25.122702 6.254562 -7.487940 20.344688 -1.130548 8.073673 17.630690 6.949897 -4.422716 -11.230632 2.186892 -25.964672 -14.338744 -4.769576 3.519315 2.206030 11.012349 -19.423363 -6.546230 2.711331 5.024333 -13.768984 14.176656 -8.610226 4.641372 -10.160661 10.050169 0.216324 -0.208429
1.054456 -25.347794 6.517120 -7.152248 19.877457 -0.354403 8.113214 18.482414 6.647409 -4.922316 -10.626421 2.116836 -26.237099 -14.826745 -5.155173 4.209946 1.586505 10.418532 -19.528046 -7.112130 3.130581 4.646367 -13.907537 14.192237 -8.287717 4.953023 -10.629052 9.883038 0.466863 -0.632981
0.790619 -25.675318 6.311986 -6.637578 19.536448 0.450381 8.237686 19.233282 6.040787 -5.329294 -9.950580 1.988740 -26.295675 -15.353706 -5.371012 4.764143 1.275998 9.584409 -19.742949 -7.700130 3.654579 4.210945 -13.918890 14.104846 -7.878638 5.348572 -11.384463 9.684405 0.745997 -1.230037
1.256244 -22.965143 7.678498 -5.361184 20.055239 0.068264 8.454019 18.848846 5.115311 -7.172432 -9.798658 2.007179 -25.428656 -10.344956 -1.216741 8.020519 0.994350 9.484656 -18.462097 -11.643553 5.593215 5.360518 -15.487349 12.892506 -6.407892 3.803473 -11.521048 10.283493 1.618202 -1.809632
1.881160 -21.851015 7.897213 -4.601309 19.940166 -0.451622 8.561808 19.076593 4.118784 -7.825342 -8.928244 1.278728 -25.306873 -9.978232 -0.487961 8.869850 1.075799 9.245870 -18.106203 -12.232762 6.405906 5.020644 -15.636384 12.420696 -5.894296 3.427736 -11.981086 10.561596 2.031960 -2.009078
2.739457 -21.422293 7.282312 -3.577954 19.966125 -0.779164 8.842653 19.627125 3.164631 -8.114108 -8.342604 1.013502 -24.808214 -10.237452 -0.402916 9.385452 1.229878 8.482011 -18.111483 -12.764791 6.862145 5.245236 -15.413774 12.250100 -5.665692 3.394835 -12.901416 10.145453 1.695646 -2.081956
3.459390 -21.000076 6.653988 -2.992157 20.331287 -0.877836 8.667242 20.382057 2.499292 -8.129156 -7.689951 0.508525 -24.068436 -10.613318 -0.109244 9.714819 1.481329 7.659137 -18.412317 -13.193314 7.286802 5.203063 -15.049806 12.052079 -5.468191 3.385749 -13.777480 10.033632 1.544370 -2.501982
3.638064 -20.373055 6.417678 -2.790241 20.891228 -1.019378 8.487814 20.719851 1.936375 -8.098556 -7.537878 0.241094 -23.500063 -10.737582 0.233479 9.615150 1.676915 7.276765 -18.611267 -13.524936 7.713571 5.436330 -14.446125 11.613850 -5.369327 3.202414 -14.767962 9.932998 1.226927 -2.766501
3.210393 -19.859467 6.012835 -2.364995 21.540434 -1.245039 8.394005 20.794258 1.286569 -7.837194 -7.561993 -0.203114 -22.620564 -10.851705 0.680467 9.301921 2.025994 6.851092 -19.219610 -14.086903 8.041315 5.722865 -13.929031 11.194481 -5.346835 2.967783 -15.539129 9.873033 0.895578 -2.972568
2.484210 -19.492544 5.470043 -1.899245 22.043280 -1.534090 8.433072 20.754513 0.656354 -7.543307 -7.938681 -0.581507 -21.701555 -10.699504 1.262815 8.589746 2.621213 6.604939 -19.912523 -14.589233 8.277082 6.151320 -13.378667 10.776595 -5.482141 2.679914 -16.013880 9.930766 0.586469 -3.003812
1.547443 -19.333944 5.016399 -1.507613 22.493681 -1.815446 8.501901 20.462677 0.310288 -7.124560 -8.495984 -0.770081 -20.926952 -10.413119 1.816747 7.817597 3.336768 6.578840 -20.545183 -14.679773 8.513067 6.629941 -12.747158 10.319642 -5.672214 2.340899 -16.504787 9.992928 0.239765 -2.990775
0.666801 -19.313873 4.631721 -1.174867 22.855919 -2.022045 8.513588 20.213840 0.067733 -6.732934 -9.016685 -0.881932 -20.021763 -10.216733 2.285307 7.269577 4.001673 6.233922 -21.125856 -14.723627 8.664433 7.111982 -12.194754 9.900364 -5.863245 1.950908 -16.863640 10.031804 -0.144121 -2.803269
-0.254093 -19.355295 4.247051 -0.916248 23.199989 -2.237698 8.608576 19.652283 -0.127890 -6.254071 -9.573787 -0.840070 -19.567753 -10.011175 2.472156 6.875466 4.526235 6.194866 -21.374392 -14.518198 8.719151 7.595688 -11.693841 9.509526 -6.085055 1.527851 -17.102945 10.050114 -0.550094 -2.415475
-1.232429 -19.710178 4.049602 -0.656908 23.511799 -2.534885 8.886671 18.781345 -0.287780 -5.886936 -10.214331 -0.801333 -18.835556 -9.666582 2.882574 6.544851 5.224415 5.961177 -21.586710 -14.255647 8.813290 8.005401 -11.209770 9.078875 -6.275221 1.167379 -17.357933 10.087763 -0.867049 -2.061101
-2.249794 -20.171829 3.938155 -0.304222 23.660076 -2.791481 9.235357 18.050884 -0.576109 -5.760723 -10.689363 -0.773008 -18.168600 -9.341601 3.216208 6.488761 5.762515 5.660151 -21.667627 -13.965738 8.837752 8.271604 -10.944238 8.860440 -6.445534 0.941891 -17.499966 10.053276 -1.087598 -1.862442
-3.068244 -20.648909 3.933912 -0.105456 23.669033 -3.041327 9.592271 17.150665 -0.698309 -5.642811 -11.207459 -0.674358 -17.498093 -9.007668 3.506244 6.619059 6.300783 5.326571 -21.683186 -13.519024 8.776611 8.524831 -10.682031 8.605569 -6.642626 0.739066 -17.555790 10.032685 -1.284369 -1.446119
-3.997822 -21.122534 3.992937 0.232795 23.549652 -3.289485 10.021982 16.426962 -0.912904 -5.656389 -11.622360 -0.617047 -16.844906 -8.704827 3.831189 6.765241 6.830578 5.004169 -21.691154 -13.075504 8.843008 8.714193 -10.356903 8.242306 -6.797421 0.706973 -17.744720 10.000480 -1.374798 -0.977660
-4.807592 -21.513048 4.039309 0.568853 23.416819 -3.491599 10.439469 15.817741 -1.165689 -5.702362 -11.994816 -0.510142 -16.390791 -8.477857 4.036412 6.824557 7.176131 4.794720 -21.618128 -12.696685 8.826817 8.833309 -10.168496 8.029313 -6.937396 0.679279 -17.790314 9.983367 -1.423430 -0.594099
-5.333025 -21.774969 3.965378 0.704574 23.357769 -3.611385 10.722038 15.182346 -1.315611 -5.639213 -12.339778 -0.432635 -15.898174 -8.232594 4.327538 6.840865 7.623229 4.563889 -21.586136 -12.300800 8.806358 8.922913 -10.004486 7.844966 -7.080237 0.648636 -17.805134 9.951166 -1.453673 -0.168351
-5.733578 -21.894363 3.829227 0.793513 23.341072 -3.673027 10.877195 14.719517 -1.446156 -5.562225 -12.572443 -0.380467 -15.552733 -8.084257 4.530627 6.832710 7.923475 4.419951 -21.585518 -12.051456 8.752464 9.027624 -9.830210 7.651124 -7.235742 0.600780 -17.762234 9.942057 -1.490885 0.344307
-6.135747 -21.915949 3.654901 0.947866 23.371513 -3.698286 10.963477 14.483088 -1.655705 -5.514351 -12.750749 -0.303025 -15.335755 -7.989652 4.636178 6.833772 8.110178 4.327174 -21.521133 -11.824577 8.850866 9.070542 -9.623601 7.396752 -7.311045 0.632564 -17.908962 9.937877 -1.452346 0.625641
-6.392178 -21.962099 3.524377 1.056678 23.369843 -3.729379 11.031343 14.244738 -1.777006 -5.470397 -12.869569 -0.235985 -15.151302 -7.932406 4.720000 6.838705 8.256675 4.218578 -21.506231 -11.648521 8.920313 9.124350 -9.440599 7.163948 -7.382925 0.664104 -18.027103 9.925650 -1.431084 0.922593
-6.580538 -21.959538 3.369324 1.109029 23.394867 -3.746392 11.062506 14.053497 -1.875062 -5.407850 -12.905941 -0.216934 -14.980458 -7.919625 4.781999 6.885070 8.362308 4.070833 -21.548046 -11.565111 8.931759 9.170680 -9.324287 7.057098 -7.441685 0.665510 -18.047897 9.919743 -1.431445 1.148304
-6.638525 -21.963266 3.340371 1.129480 23.383530 -3.745630 11.073082 14.010353 -1.897104 -5.402070 -12.919708 -0.212070 -14.919711 -7.910178 4.808928 6.900239 8.405497 4.022307 -21.554579 -11.530695 8.947378 9.188327 -9.272017 7.008529 -7.462301 0.672714 -18.070421 9.918321 -1.427786 1.227001
