-1.546854 -1.188392 -7.900512 -4.913992 20.729050 -5.012197 14.446529 12.254017 -21.275888 -15.719262 -11.064688 -2.918026 -7.189798 -9.474771 7.987210 7.613421 13.073942 -6.288776 -26.232199 -16.848576 12.617292 -7.326017 -4.575161 2.975553 -13.452989 -1.379107 -22.179607 11.765793 -2.806285 5.294785
-1.313977 -0.950757 -7.931227 -4.648752 20.714186 -5.011163 14.230288 12.894358 -21.412785 -15.888042 -10.921604 -3.077664 -6.924641 -9.545405 8.089503 7.674167 13.035524 -6.474140 -26.342989 -17.046545 12.700037 -7.489523 -4.642879 2.740256 -13.537844 -1.148519 -22.211002 11.775034 -2.534013 5.225156
-0.745584 -0.892403 -8.092483 -4.232450 20.494255 -4.963196 13.935199 13.862263 -21.567011 -16.222706 -10.278548 -3.234388 -7.074543 -9.874102 7.863766 8.161282 12.508948 -6.579131 -26.291475 -17.228931 12.888393 -7.385236 -4.416852 2.635929 -13.317276 -1.052820 -22.381336 11.893576 -2.548711 5.033880
-0.293509 -0.930911 -7.657434 -3.488215 19.871147 -4.534030 14.013517 15.370835 -21.887711 -16.819822 -9.192591 -3.582525 -7.213993 -10.661326 7.125937 9.056592 11.284631 -7.072831 -26.610220 -18.018362 13.395033 -7.413245 -4.136831 2.607949 -12.855879 -0.903532 -22.799067 11.974895 -2.418809 4.469242
-0.398501 -0.849556 -7.031449 -3.084919 18.995712 -4.658684 14.720472 16.270489 -22.316477 -17.412260 -8.651030 -3.757268 -6.850076 -11.123340 6.500520 9.636697 10.532823 -7.728482 -27.042524 -18.342882 13.598097 -7.699626 -4.073048 2.866265 -12.336560 -0.497572 -22.874184 12.163889 -2.094977 3.803270
-0.565288 -1.032664 -6.454693 -2.895342 18.452869 -5.017584 15.328623 16.821072 -22.438488 -17.553196 -8.072898 -3.971017 -6.495315 -11.680491 6.026480 10.292053 9.944980 -8.394677 -27.631102 -18.583208 13.966305 -7.816862 -3.752073 3.117722 -11.639691 -0.252389 -23.273190 12.401896 -2.017845 3.142587
-1.389439 -1.437066 -5.728033 -2.640238 18.365906 -4.988677 15.522451 17.570286 -22.283369 -17.646795 -7.330201 -3.999236 -6.629937 -12.379209 5.529630 10.662544 9.141971 -8.863771 -28.194414 -19.077600 14.183516 -8.076417 -3.906741 3.428447 -10.937375 -0.154085 -23.512474 12.597864 -2.000731 2.363666
-2.132121 -2.124686 -5.338942 -2.339155 18.254818 -4.695296 15.453176 18.120260 -22.030060 -17.781122 -6.786843 -3.923635 -7.144430 -12.942589 5.314002 10.134499 8.748852 -8.816888 -28.671898 -19.572197 14.443064 -8.055061 -4.023379 3.629643 -10.440943 -0.421791 -23.583302 12.834358 -2.083985 1.811486
-2.529943 -2.341681 -5.031579 -2.344460 18.343704 -4.377482 15.070868 18.578213 -21.711117 -17.846725 -6.544087 -3.908455 -7.450738 -13.177200 5.317992 9.681624 8.649158 -8.684855 -28.930986 -19.927164 14.687179 -8.257729 -4.212332 3.611750 -10.365066 -0.388934 -23.622881 12.855402 -1.789504 1.201276
-2.789011 -2.598747 -4.925360 -2.159208 18.276579 -4.357967 15.019011 18.735865 -21.643045 -17.929583 -6.453137 -3.982521 -7.502923 -13.301440 5.460066 9.369349 8.817838 -8.721061 -29.103369 -20.228893 14.788651 -8.416051 -4.363431 3.613138 -10.350556 -0.329549 -23.561905 12.856161 -1.573456 0.928123
-2.820786 -2.563937 -4.695841 -2.188675 18.164028 -4.367352 15.023306 19.014416 -21.560541 -17.999746 -6.416117 -4.005763 -7.713768 -13.336474 5.335591 9.400287 8.632593 -8.623807 -29.036575 -20.408972 14.698360 -8.547641 -4.522241 3.814153 -10.230566 -0.208660 -23.493900 12.828102 -1.548481 0.741210
-2.524633 -2.140621 -3.070276 -2.279375 16.832577 -4.498621 15.762486 19.229454 -21.313797 -18.820446 -5.955174 -4.158140 -10.020234 -13.166454 3.930961 10.044006 6.878066 -7.585592 -28.090231 -22.123096 13.780536 -8.973168 -5.718035 5.096503 -9.538135 -0.110668 -22.755707 12.843730 -1.919592 0.105368
-1.244547 -1.216113 1.996046 -2.746190 14.137923 -5.177776 16.785164 18.057386 -18.971235 -20.247065 -5.642215 -3.772075 -15.404827 -11.283153 1.464005 11.898977 4.118474 -3.395167 -24.588127 -22.607868 11.681638 -10.357907 -8.058411 7.064716 -9.105074 0.464407 -20.979719 12.830037 -1.626318 -1.388619
0.713652 -3.828708 8.300007 -2.251911 12.558414 -5.395660 16.972290 17.758102 -14.104186 -20.057024 -4.415370 -1.926921 -21.116798 -12.588410 -0.151917 11.061462 0.816917 1.832609 -22.252695 -20.073275 9.564157 -11.915788 -11.016103 9.597481 -9.067214 1.238518 -17.582859 13.147977 -0.580090 -3.079615
3.246985 -8.328506 11.298644 -4.826375 11.902795 -0.569194 15.103171 17.978182 -9.090067 -20.252737 -3.479975 -1.096041 -26.391079 -14.252122 -0.477045 7.885052 0.342998 6.074265 -20.539698 -18.360916 6.455348 -12.694176 -13.742134 13.594832 -10.207736 3.245118 -15.288066 10.081402 -1.078180 -2.220778
7.045490 -12.860799 9.838243 -10.798059 9.539121 5.149881 13.296227 16.432394 -5.016315 -21.849909 -4.269374 2.515190 -32.296547 -16.179819 -1.168187 5.700546 0.587882 9.639313 -16.357584 -13.308471 2.485214 -13.764637 -16.983166 16.077948 -10.785726 4.948974 -10.201338 9.758520 -0.672138 0.699064
9.612305 -11.730181 12.484595 -14.089279 9.171481 9.184813 12.756023 12.998770 -3.296274 -21.344589 -7.396022 5.542449 -33.412727 -15.526643 -0.270890 3.078219 2.412955 11.675852 -14.214973 -9.098938 -0.136723 -13.802670 -19.237680 16.018332 -11.441471 4.235150 -7.041210 10.283243 -1.504436 5.528959
8.287114 -9.130027 14.112807 -14.915743 11.392444 7.810253 13.031605 8.186613 -2.151181 -18.545015 -9.937085 6.075580 -31.865902 -13.453692 1.141538 2.122122 4.754203 12.531764 -13.626483 -6.698380 -0.501420 -10.852938 -16.288677 15.149602 -13.296309 2.970838 -7.879832 9.627995 -3.747918 7.423961
8.890567 -9.706632 11.524220 -15.657104 12.797861 7.430431 12.322893 5.424634 -1.952305 -17.241587 -11.505972 5.855211 -30.335735 -12.436482 2.743410 0.809272 6.895995 13.743555 -13.556064 -4.848952 -1.019282 -9.207735 -14.802687 15.496291 -13.720775 2.235008 -7.451062 9.952450 -4.977862 8.086043
8.911961 -10.439730 10.205843 -15.749122 13.071967 6.874119 12.303701 3.929135 -1.993639 -17.067566 -12.002684 5.872729 -29.402468 -12.110248 3.545132 0.428391 8.005721 13.919292 -13.564497 -3.716704 -1.129637 -8.622087 -14.168913 15.316634 -13.466664 2.024315 -7.358396 10.390270 -5.417508 8.953537
8.876088 -10.465172 10.060588 -15.753849 13.129375 6.848919 12.318836 3.773702 -2.074055 -17.052851 -12.033068 5.899049 -29.313942 -12.082958 3.618408 0.434546 8.102949 13.884480 -13.564754 -3.584724 -1.170052 -8.591026 -14.190416 15.316916 -13.429149 2.021585 -7.313760 10.420158 -5.447949 9.040203
8.949520 -10.514002 9.911998 -15.760095 13.202968 6.815709 12.315929 3.653017 -2.102624 -16.998966 -12.157322 5.878958 -29.043436 -12.055388 3.794566 0.334610 8.294971 13.776811 -13.647480 -3.513784 -1.158423 -8.536284 -14.083752 15.219268 -13.314655 1.998609 -7.422580 10.501188 -5.530417 9.146215
8.903596 -10.539690 9.831541 -15.649220 13.395713 6.695776 12.380920 3.403721 -2.057012 -16.730211 -12.317019 5.876585 -28.562439 -12.001046 4.092855 0.337876 8.622434 13.560817 -13.702220 -3.182417 -1.099724 -8.441730 -13.852160 14.838490 -13.179089 1.967850 -7.595558 10.700138 -5.581493 9.577837
8.724277 -10.501114 9.629448 -15.336779 13.500763 6.589246 12.730478 2.901251 -2.367563 -16.557917 -12.577026 5.954379 -27.877560 -11.912415 4.465397 0.397764 9.162991 13.142274 -13.758633 -2.530456 -1.039544 -8.337481 -13.555225 14.430817 -12.978349 1.997535 -7.850652 10.910924 -5.684665 10.143739
8.273996 -10.614305 9.485968 -14.788371 13.671450 6.571846 13.028582 2.274511 -2.698995 -16.274778 -12.681818 6.033360 -26.971596 -11.826110 4.820190 0.688174 9.838231 12.348462 -13.918840 -1.863255 -0.958094 -8.116505 -13.069044 13.841959 -12.851911 2.005263 -8.192372 11.168695 -5.861854 10.971809
7.852194 -10.637565 9.174469 -14.624326 14.015026 6.635821 13.141975 1.708380 -3.017471 -15.989689 -12.622705 6.144898 -25.918732 -11.755883 5.237362 1.239121 10.715339 11.162420 -14.174987 -1.170874 -0.852278 -7.702481 -12.309296 13.424897 -12.945176 1.929210 -8.690532 11.234503 -6.192314 11.543726
7.602572 -10.734885 8.562125 -14.211476 14.346744 6.524107 13.161466 1.164986 -3.386035 -15.524679 -12.570840 6.099310 -24.961403 -11.790441 5.652313 1.528808 11.471152 10.065810 -14.408834 -1.022831 -0.758234 -7.324638 -11.650967 13.206518 -13.121903 1.842786 -9.147634 11.142544 -6.516284 11.915104
7.276594 -10.864920 7.917888 -13.487209 14.604084 6.543033 13.291113 0.891062 -4.060592 -15.213721 -12.612301 5.945500 -23.998709 -11.797064 6.206325 1.597940 12.336238 8.919665 -14.651705 -1.233750 -0.511082 -6.912104 -10.971394 13.024146 -13.323665 1.685694 -9.712615 10.947030 -6.881348 12.175491
6.984522 -10.866602 7.345563 -12.822963 14.860378 6.630268 13.409594 0.906246 -4.773048 -14.990503 -12.743619 5.685293 -23.237381 -11.946504 6.617748 1.421748 12.908264 8.049159 -15.007472 -1.848161 -0.149424 -6.498078 -10.256965 12.846278 -13.557266 1.506274 -10.395528 10.668640 -7.253432 12.300101
6.744998 -10.908124 7.039211 -12.474976 14.982075 6.704530 13.480479 0.918878 -5.163330 -14.899402 -12.781266 5.509543 -22.816479 -12.125153 6.745591 1.269761 13.037123 7.589899 -15.320139 -2.317763 -0.018331 -6.459010 -10.131392 12.817745 -13.595637 1.461952 -10.657923 10.549634 -7.333059 12.153966
6.737617 -10.898296 7.030984 -12.455105 14.995056 6.715746 13.479413 0.937240 -5.189600 -14.895250 -12.782597 5.494991 -22.793465 -12.142119 6.750936 1.252977 13.038844 7.560597 -15.343201 -2.366092 -0.009841 -6.455138 -10.120360 12.815296 -13.595914 1.460245 -10.670777 10.545033 -7.336535 12.148669
6.904265 -10.779712 7.235038 -12.561101 14.992973 6.736553 13.389719 1.037889 -5.027474 -14.905001 -12.762804 5.532960 -22.959984 -12.132764 6.654649 1.260824 12.879375 7.741564 -15.275001 -2.332858 -0.026764 -6.510645 -10.177616 12.830363 -13.565686 1.489665 -10.643606 10.566495 -7.298563 12.112255
7.161110 -10.546445 7.626791 -12.909300 14.904973 6.835018 13.200514 1.285178 -4.701044 -15.050821 -12.694218 5.600521 -23.459835 -12.118174 6.441167 1.171954 12.530773 8.220718 -15.128243 -2.368104 -0.170454 -6.759526 -10.543416 12.942117 -13.415313 1.572638 -10.425717 10.658970 -7.135246 11.882292
7.499951 -10.301563 7.912759 -13.293724 14.862296 6.954689 12.989170 1.714946 -4.441464 -15.241183 -12.553493 5.638744 -24.234827 -12.221012 6.085909 0.938410 11.921870 8.889230 -15.011597 -2.689861 -0.303869 -7.027070 -10.957381 13.144751 -13.235208 1.646032 -10.229088 10.706110 -6.993073 11.535622
7.701220 -10.132114 8.205474 -13.402575 14.712503 7.249518 12.807804 2.576162 -4.385761 -15.572292 -12.405113 5.626582 -24.983347 -12.345983 5.697656 0.709256 11.253545 9.551482 -14.913186 -3.124332 -0.339092 -7.359557 -11.413730 13.319333 -13.074170 1.718129 -10.071453 10.741372 -6.774958 11.097216
7.660933 -10.097857 8.515273 -13.696754 14.375829 7.656524 12.631502 3.511863 -4.257978 -16.140827 -12.269217 5.562261 -25.892380 -12.515193 5.129146 0.339337 10.272897 10.239522 -14.943947 -4.060072 -0.353868 -7.877491 -12.142626 13.684087 -12.842226 1.785949 -9.933535 10.668984 -6.474220 10.145672
7.488332 -9.868326 8.956996 -14.069872 13.922719 8.359485 12.578698 4.696456 -4.377567 -16.969831 -11.905731 5.369519 -26.840412 -12.815724 4.623220 0.192817 9.321003 10.692209 -14.895715 -5.211540 -0.368679 -8.361629 -12.828575 14.182633 -12.649671 1.795527 -9.991303 10.426987 -6.297969 8.708958
10.784788 -0.968708 5.995590 -18.504545 6.190837 -6.954279 19.900475 5.245817 -10.797664 -21.093336 -11.948811 2.312257 -25.011623 -13.547853 -3.947745 2.959205 3.353974 11.731056 -19.266340 -4.933975 4.229840 -3.649189 -12.095684 13.218152 -9.937091 2.310404 -7.347487 14.059546 -1.826117 2.704803
10.282894 -1.235556 6.792097 -17.901003 5.732007 -5.729367 19.857927 7.027027 -10.987076 -21.538893 -11.235386 2.189108 -25.964542 -14.339481 -4.770004 3.526197 2.200572 11.008835 -19.413626 -6.547008 4.829648 -4.115859 -12.209334 13.387206 -9.469843 2.727250 -8.191987 13.696310 -1.619397 1.786869
9.983789 -1.723294 7.334429 -16.689285 5.391989 -4.521159 19.682884 9.061477 -11.378707 -21.919846 -9.955009 1.991354 -26.297312 -15.353883 -5.372358 4.770861 1.269973 9.582755 -19.732149 -7.699737 5.772580 -4.929182 -12.359473 13.315303 -8.738320 3.434204 -9.415689 13.330700 -1.089914 0.765250
7.810614 -6.665494 8.052095 -11.490976 9.686688 -4.748110 16.826803 12.465086 -7.592503 -19.206373 -8.931419 1.285432 -25.307062 -9.989538 -0.486922 8.863786 1.075821 9.240165 -18.103359 -12.226110 7.969553 -9.862804 -11.822791 13.233296 -10.131161 -0.059617 -11.219028 14.284744 -0.501119 0.241440
9.374221 -6.219800 7.078591 -9.975145 10.561927 -4.566638 16.545343 13.579272 -8.622566 -19.049582 -7.694439 0.512449 -24.066917 -10.616984 -0.108527 9.714561 1.480374 7.656034 -18.408930 -13.191042 8.781818 -10.099246 -11.167982 12.853948 -9.760893 -0.163125 -13.069778 13.959623 -1.002365 -0.089457
9.168565 -5.158332 6.340063 -8.971959 11.655342 -5.236550 16.462280 13.958875 -9.932001 -18.869791 -7.566461 -0.199840 -22.618259 -10.856111 0.681669 9.301137 2.025060 6.847900 -19.216757 -14.084944 9.570536 -9.581716 -10.049607 11.998783 -9.641044 -0.544692 -14.854686 13.769199 -1.629685 -0.545908
7.736388 -4.493610 5.272675 -7.885882 12.646007 -5.806397 16.570885 13.578701 -11.092547 -18.268686 -8.499662 -0.766315 -20.925262 -10.418171 1.817905 7.815461 3.336646 6.575018 -20.543116 -14.677965 10.043734 -8.674199 -8.867091 11.124146 -9.965459 -1.171486 -15.820230 13.890049 -2.284422 -0.564543
6.028389 -4.678883 4.289906 -7.415924 13.089223 -6.102185 16.859072 12.651348 -11.723954 -17.716543 -9.577560 -0.836407 -19.565750 -10.016190 2.473421 6.873425 4.526328 6.190755 -21.372559 -14.516582 10.233482 -7.703691 -7.827821 10.319610 -10.368444 -2.011469 -16.401430 13.970117 -3.090167 -0.019080
4.162319 -5.476100 3.696933 -7.197500 13.202503 -6.333920 17.543531 10.991850 -12.321218 -17.518444 -10.693190 -0.769365 -18.166540 -9.346565 3.217524 6.486701 5.762764 5.656056 -21.665861 -13.964211 10.354586 -7.024637 -7.075376 9.663434 -10.729840 -2.595048 -16.793640 13.971368 -3.621839 0.550750
2.329360 -6.579578 3.518392 -7.093740 12.661090 -6.463099 18.405355 9.294186 -12.727796 -17.748186 -11.626431 -0.613241 -16.843184 -8.709510 3.832540 6.763180 6.830739 5.000343 -21.688959 -13.074137 10.359573 -6.582487 -6.487986 9.045027 -11.081907 -2.830400 -17.038443 13.919144 -3.908967 1.435656
0.872047 -7.407827 3.476892 -6.862070 12.275497 -6.562599 19.097683 8.050519 -13.022675 -17.825876 -12.343601 -0.428972 -15.896510 -8.236954 4.328537 6.838964 7.623242 4.560119 -21.584085 -12.299393 10.329607 -6.370805 -6.138725 8.651084 -11.360850 -2.882901 -17.106501 13.864616 -3.988398 2.235994
-0.005437 -7.544089 3.145238 -6.647903 12.305628 -6.583527 19.353168 7.353123 -13.415488 -17.755831 -12.754732 -0.299821 -15.333939 -7.993138 4.638010 6.832543 8.110582 4.324176 -21.518166 -11.822724 10.374426 -6.224617 -5.757931 8.202632 -11.592568 -2.898892 -17.210609 13.851406 -3.986926 3.030764
-0.505475 -7.591731 2.869530 -6.489311 12.358684 -6.572635 19.444500 6.915006 -13.645871 -17.664865 -12.909924 -0.213717 -14.978660 -7.923126 4.783836 6.883835 8.362720 4.067832 -21.545067 -11.563259 10.448985 -6.134534 -5.456485 7.870712 -11.725860 -2.870509 -17.350159 13.837636 -3.967189 3.545899
