-1.546854 -1.188392 -7.900512 -4.913992 20.729050 -5.012197 14.446529 12.254017 -21.275888 -15.719262 -11.064688 -2.918026 -7.189798 -9.474771 7.987210 7.613421 13.073942 -6.288776 -26.232199 -16.848576 12.617292 -7.326017 -4.575161 2.975553 -13.452989 -1.379107 -22.179607 11.765793 -2.806285 5.294785
-1.514561 -1.045248 -8.017608 -4.763768 20.817894 -5.039985 14.381064 12.477166 -21.457840 -15.770357 -11.031903 -2.945912 -7.123261 -9.501487 8.000054 7.625426 13.025521 -6.359419 -26.243999 -16.926403 12.664270 -7.336644 -4.495584 2.762826 -13.529905 -1.294142 -22.284992 11.781977 -2.729124 5.331488
-1.313977 -0.950757 -7.931227 -4.648752 20.714186 -5.011163 14.230288 12.894358 -21.412785 -15.888042 -10.921604 -3.077664 -6.924641 -9.545405 8.089503 7.674167 13.035524 -6.474140 -26.342989 -17.046545 12.700037 -7.489523 -4.642879 2.740256 -13.537844 -1.148519 -22.211002 11.775034 -2.534013 5.225156
-1.134155 -0.925642 -7.971973 -4.434687 20.627934 -4.969882 14.137554 13.269514 -21.501976 -16.009947 -10.750669 -3.123330 -6.864361 -9.649221 8.023708 7.856297 12.876635 -6.543519 -26.361111 -17.039192 12.737806 -7.438218 -4.607384 2.706691 -13.503967 -1.138513 -22.238152 11.784866 -2.565844 5.208959
-0.745584 -0.892403 -8.092483 -4.232450 20.494255 -4.963196 13.935199 13.862263 -21.567011 -16.222706 -10.278548 -3.234388 -7.074543 -9.874102 7.863766 8.161282 12.508948 -6.579131 -26.291475 -17.228931 12.888393 -7.385236 -4.416852 2.635929 -13.317276 -1.052820 -22.381336 11.893576 -2.548711 5.033880
-0.432811 -0.915363 -7.942113 -3.874218 20.172422 -4.768813 13.935599 14.670739 -21.737585 -16.559046 -9.812170 -3.398172 -6.910857 -10.242385 7.638893 8.598408 12.083385 -6.959529 -26.518085 -17.496147 13.126837 -7.487833 -4.365772 2.594163 -13.091869 -0.915781 -22.618662 11.930347 -2.430851 4.668639
-0.293509 -0.930911 -7.657434 -3.488215 19.871147 -4.534030 14.013517 15.370835 -21.887711 -16.819822 -9.192591 -3.582525 -7.213993 -10.661326 7.125937 9.056592 11.284631 -7.072831 -26.610220 -18.018362 13.395033 -7.413245 -4.136831 2.607949 -12.855879 -0.903532 -22.799067 11.974895 -2.418809 4.469242
-0.324623 -0.950112 -7.377339 -3.232837 19.493877 -4.574604 14.331462 15.910212 -22.085632 -17.099764 -8.848787 -3.589681 -7.165577 -10.941039 6.751671 9.446900 10.894566 -7.416268 -26.714939 -18.069201 13.426981 -7.668805 -4.367582 2.888699 -12.614657 -0.738974 -22.693558 12.022118 -2.227831 3.951611
-0.398501 -0.849556 -7.031449 -3.084919 18.995712 -4.658684 14.720472 16.270489 -22.316477 -17.412260 -8.651030 -3.757268 -6.850076 -11.123340 6.500520 9.636697 10.532823 -7.728482 -27.042524 -18.342882 13.598097 -7.699626 -4.073048 2.866265 -12.336560 -0.497572 -22.874184 12.163889 -2.094977 3.803270
-0.505939 -0.907006 -6.539451 -2.957543 18.636683 -4.760945 15.006010 16.693544 -22.273453 -17.507128 -8.416217 -3.875217 -6.570776 -11.318110 6.194269 10.063081 10.174903 -8.056825 -27.349829 -18.367033 13.819121 -7.733075 -3.849941 2.932062 -12.062788 -0.379193 -23.116123 12.243217 -2.041571 3.572003
-0.565288 -1.032664 -6.454693 -2.895342 18.452869 -5.017584 15.328623 16.821072 -22.438488 -17.553196 -8.072898 -3.971017 -6.495315 -11.680491 6.026480 10.292053 9.944980 -8.394677 -27.631102 -18.583208 13.966305 -7.816862 -3.752073 3.117722 -11.639691 -0.252389 -23.273190 12.401896 -2.017845 3.142587
-0.930653 -1.344767 -6.159999 -2.729434 18.425228 -5.059242 15.468660 17.157814 -22.360260 -17.532326 -7.664628 -4.020730 -6.554011 -12.100778 5.793553 10.459806 9.624911 -8.680380 -28.019823 -18.861130 14.027389 -7.975105 -3.877781 3.437001 -11.316854 -0.119488 -23.311039 12.457092 -1.984486 2.623866
-1.389439 -1.437066 -5.728033 -2.640238 18.365906 -4.988677 15.522451 17.570286 -22.283369 -17.646795 -7.330201 -3.999236 -6.629937 -12.379209 5.529630 10.662544 9.141971 -8.863771 -28.194414 -19.077600 14.183516 -8.076417 -3.906741 3.428447 -10.937375 -0.154085 -23.512474 12.597864 -2.000731 2.363666
-1.827965 -1.770274 -5.331902 -2.454345 18.215420 -4.824662 15.533704 17.903393 -22.112507 -17.763321 -7.082217 -3.990969 -6.803947 -12.665242 5.471879 10.367245 9.005945 -8.921572 -28.521524 -19.403902 14.294270 -8.032531 -3.984598 3.607330 -10.593797 -0.342463 -23.573135 12.738729 -2.137578 2.052089
-2.132121 -2.124686 -5.338942 -2.339155 18.254818 -4.695296 15.453176 18.120260 -22.030060 -17.781122 -6.786843 -3.923635 -7.144430 -12.942589 5.314002 10.134499 8.748852 -8.816888 -28.671898 -19.572197 14.443064 -8.055061 -4.023379 3.629643 -10.440943 -0.421791 -23.583302 12.834358 -2.083985 1.811486
-2.341714 -2.200144 -5.341750 -2.379708 18.332054 -4.615389 15.326695 18.327782 -22.011703 -17.846960 -6.575211 -3.922212 -7.314362 -13.094665 5.268763 9.940866 8.625274 -8.783153 -28.846178 -19.794838 14.605293 -8.032645 -4.054206 3.653765 -10.385100 -0.493047 -23.583668 12.864332 -2.033132 1.568182
-2.529943 -2.341681 -5.031579 -2.344460 18.343704 -4.377482 15.070868 18.578213 -21.711117 -17.846725 -6.544087 -3.908455 -7.450738 -13.177200 5.317992 9.681624 8.649158 -8.684855 -28.930986 -19.927164 14.687179 -8.257729 -4.212332 3.611750 -10.365066 -0.388934 -23.622881 12.855402 -1.789504 1.201276
-2.749696 -2.479253 -4.916262 -2.232398 18.372473 -4.294632 14.973356 18.669388 -21.606380 -17.832794 -6.512917 -3.954412 -7.449607 -13.258463 5.437757 9.479914 8.785172 -8.721919 -29.036734 -20.089008 14.753521 -8.412774 -4.325229 3.603377 -10.317025 -0.274655 -23.614847 12.851810 -1.602957 0.970860
-2.789011 -2.598747 -4.925360 -2.159208 18.276579 -4.357967 15.019011 18.735865 -21.643045 -17.929583 -6.453137 -3.982521 -7.502923 -13.301440 5.460066 9.369349 8.817838 -8.721061 -29.103369 -20.228893 14.788651 -8.416051 -4.363431 3.613138 -10.350556 -0.329549 -23.561905 12.856161 -1.573456 0.928123
-2.843192 -2.677786 -4.908864 -2.120182 18.287430 -4.364216 14.993654 18.764387 -21.592880 -17.906124 -6.448705 -3.983815 -7.499853 -13.319129 5.476728 9.362087 8.838595 -8.757602 -29.109406 -20.267765 14.778455 -8.426229 -4.384708 3.638343 -10.352985 -0.323437 -23.555843 12.839661 -1.573881 0.903788
-2.820786 -2.563937 -4.695841 -2.188675 18.164028 -4.367352 15.023306 19.014416 -21.560541 -17.999746 -6.416117 -4.005763 -7.713768 -13.336474 5.335591 9.400287 8.632593 -8.623807 -29.036575 -20.408972 14.698360 -8.547641 -4.522241 3.814153 -10.230566 -0.208660 -23.493900 12.828102 -1.548481 0.741210
-2.478434 -2.154201 -4.324655 -2.308516 17.855701 -4.526229 15.174007 19.227089 -21.545380 -18.187181 -6.128450 -3.998528 -8.582800 -13.476628 4.672821 9.677782 7.747494 -8.321623 -28.774988 -21.005159 14.464195 -8.615666 -4.928699 4.352526 -9.943499 -0.291176 -23.199074 12.838837 -1.766788 0.514796
-2.524633 -2.140621 -3.070276 -2.279375 16.832577 -4.498621 15.762486 19.229454 -21.313797 -18.820446 -5.955174 -4.158140 -10.020234 -13.166454 3.930961 10.044006 6.878066 -7.585592 -28.090231 -22.123096 13.780536 -8.973168 -5.718035 5.096503 -9.538135 -0.110668 -22.755707 12.843730 -1.919592 0.105368
-1.892689 -2.023021 -1.259826 -2.386176 15.477589 -4.791486 16.431303 18.299952 -20.397379 -19.507441 -6.063106 -4.174406 -12.096573 -12.090364 2.885199 11.122732 5.662774 -5.960162 -26.310823 -22.591475 12.655638 -9.710338 -6.889467 6.025415 -9.239378 0.253695 -22.066460 12.754042 -1.858312 -0.533929
-1.244547 -1.216113 1.996046 -2.746190 14.137923 -5.177776 16.785164 18.057386 -18.971235 -20.247065 -5.642215 -3.772075 -15.404827 -11.283153 1.464005 11.898977 4.118474 -3.395167 -24.588127 -22.607868 11.681638 -10.357907 -8.058411 7.064716 -9.105074 0.464407 -20.979719 12.830037 -1.626318 -1.388619
-0.009637 -1.641400 5.568013 -2.311957 13.002180 -6.106872 17.071598 17.903158 -16.662376 -20.418697 -5.221727 -2.770778 -18.374756 -11.529807 0.369537 12.079783 2.254505 -0.878458 -22.985735 -21.449839 10.601727 -10.948091 -9.543225 8.388201 -9.195539 0.537370 -19.092955 13.102734 -1.203913 -2.429840
0.713652 -3.828708 8.300007 -2.251911 12.558414 -5.395660 16.972290 17.758102 -14.104186 -20.057024 -4.415370 -1.926921 -21.116798 -12.588410 -0.151917 11.061462 0.816917 1.832609 -22.252695 -20.073275 9.564157 -11.915788 -11.016103 9.597481 -9.067214 1.238518 -17.582859 13.147977 -0.580090 -3.079615
2.264678 -5.252212 10.134128 -4.674665 11.972676 -3.266507 16.088102 17.589939 -11.591939 -20.381077 -4.133984 -1.523734 -23.429142 -13.712077 -0.180521 9.271910 0.068694 4.380234 -21.790867 -19.042606 8.646877 -12.428540 -12.343637 11.408649 -9.304529 1.891936 -16.481596 12.272488 -0.430950 -3.379057
3.246985 -8.328506 11.298644 -4.826375 11.902795 -0.569194 15.103171 17.978182 -9.090067 -20.252737 -3.479975 -1.096041 -26.391079 -14.252122 -0.477045 7.885052 0.342998 6.074265 -20.539698 -18.360916 6.455348 -12.694176 -13.742134 13.594832 -10.207736 3.245118 -15.288066 10.081402 -1.078180 -2.220778
5.154452 -11.238697 10.625697 -7.344751 10.934077 3.223712 13.468254 17.472755 -6.960087 -21.494577 -3.291760 0.639253 -29.955593 -15.216257 -0.723594 6.481985 1.268515 7.677408 -18.630863 -15.877222 4.421013 -13.151471 -15.202974 14.983701 -10.506568 4.235408 -13.439446 9.328770 -1.279913 -1.110612
7.045490 -12.860799 9.838243 -10.798059 9.539121 5.149881 13.296227 16.432394 -5.016315 -21.849909 -4.269374 2.515190 -32.296547 -16.179819 -1.168187 5.700546 0.587882 9.639313 -16.357584 -13.308471 2.485214 -13.764637 -16.983166 16.077948 -10.785726 4.948974 -10.201338 9.758520 -0.672138 0.699064
9.112788 -13.292328 10.235759 -13.203929 8.785768 8.095186 12.518661 15.198627 -3.527439 -21.824228 -5.722598 4.540784 -33.949062 -16.313152 -1.336514 4.303866 0.516518 11.301379 -14.792525 -10.925669 0.952171 -14.131891 -18.663275 16.210882 -10.823623 4.736905 -8.096637 10.299343 -0.850760 3.501687
9.612305 -11.730181 12.484595 -14.089279 9.171481 9.184813 12.756023 12.998770 -3.296274 -21.344589 -7.396022 5.542449 -33.412727 -15.526643 -0.270890 3.078219 2.412955 11.675852 -14.214973 -9.098938 -0.136723 -13.802670 -19.237680 16.018332 -11.441471 4.235150 -7.041210 10.283243 -1.504436 5.528959
9.166405 -10.451960 13.795631 -14.655223 10.192179 8.320403 12.825352 10.646466 -2.295151 -19.984264 -8.967227 5.973870 -32.514931 -14.277448 0.586228 2.687314 3.702047 12.146266 -13.760592 -7.569423 -0.299779 -12.320076 -17.681179 15.148443 -12.428756 3.480231 -7.819590 9.854024 -2.778428 7.002383
8.287114 -9.130027 14.112807 -14.915743 11.392444 7.810253 13.031605 8.186613 -2.151181 -18.545015 -9.937085 6.075580 -31.865902 -13.453692 1.141538 2.122122 4.754203 12.531764 -13.626483 -6.698380 -0.501420 -10.852938 -16.288677 15.149602 -13.296309 2.970838 -7.879832 9.627995 -3.747918 7.423961
8.804008 -8.958396 12.877748 -15.474796 12.490542 7.995635 12.345878 6.859974 -2.000143 -17.593245 -10.878704 5.925125 -30.974228 -12.814094 1.915649 1.435373 5.791404 13.226415 -13.655639 -5.787198 -0.803906 -9.924726 -15.427278 15.309655 -13.684218 2.544233 -7.748763 9.699476 -4.463517 7.629044
8.890567 -9.706632 11.524220 -15.657104 12.797861 7.430431 12.322893 5.424634 -1.952305 -17.241587 -11.505972 5.855211 -30.335735 -12.436482 2.743410 0.809272 6.895995 13.743555 -13.556064 -4.848952 -1.019282 -9.207735 -14.802687 15.496291 -13.720775 2.235008 -7.451062 9.952450 -4.977862 8.086043
8.987715 -10.199583 10.775643 -15.845705 12.914201 7.036252 12.301650 4.452434 -1.832290 -17.172586 -11.941786 5.798799 -29.575390 -12.226209 3.366026 0.471303 7.679271 13.924996 -13.590086 -4.080054 -1.119493 -8.813973 -14.403541 15.475400 -13.596086 2.091593 -7.331655 10.209249 -5.274061 8.590538
8.911961 -10.439730 10.205843 -15.749122 13.071967 6.874119 12.303701 3.929135 -1.993639 -17.067566 -12.002684 5.872729 -29.402468 -12.110248 3.545132 0.428391 8.005721 13.919292 -13.564497 -3.716704 -1.129637 -8.622087 -14.168913 15.316634 -13.466664 2.024315 -7.358396 10.390270 -5.417508 8.953537
8.874842 -10.463969 10.103341 -15.770418 13.115870 6.854373 12.312996 3.804383 -2.044277 -17.063704 -12.014128 5.899803 -29.358658 -12.088984 3.590938 0.440542 8.077029 13.912214 -13.551607 -3.592864 -1.177094 -8.603422 -14.211790 15.324794 -13.450299 2.028156 -7.282161 10.416362 -5.425891 9.037783
8.876088 -10.465172 10.060588 -15.753849 13.129375 6.848919 12.318836 3.773702 -2.074055 -17.052851 -12.033068 5.899049 -29.313942 -12.082958 3.618408 0.434546 8.102949 13.884480 -13.564754 -3.584724 -1.170052 -8.591026 -14.190416 15.316916 -13.429149 2.021585 -7.313760 10.420158 -5.447949 9.040203
8.855910 -10.514357 9.952539 -15.720827 13.156896 6.869379 12.325685 3.730425 -2.147491 -17.052217 -12.062430 5.904778 -29.236715 -12.070185 3.665957 0.422944 8.172956 13.828082 -13.581357 -3.548361 -1.153213 -8.559665 -14.132051 15.284790 -13.379395 2.001170 -7.404206 10.429846 -5.508676 9.057625
8.949520 -10.514002 9.911998 -15.760095 13.202968 6.815709 12.315929 3.653017 -2.102624 -16.998966 -12.157322 5.878958 -29.043436 -12.055388 3.794566 0.334610 8.294971 13.776811 -13.647480 -3.513784 -1.158423 -8.536284 -14.083752 15.219268 -13.314655 1.998609 -7.422580 10.501188 -5.530417 9.146215
8.936773 -10.530535 9.851434 -15.715166 13.311198 6.739501 12.326530 3.551883 -2.068120 -16.861715 -12.248770 5.869265 -28.816471 -12.019548 3.947326 0.305088 8.459034 13.696397 -13.682272 -3.374850 -1.102133 -8.478604 -13.938883 15.047051 -13.238927 1.966494 -7.546753 10.587181 -5.567835 9.290083
8.903596 -10.539690 9.831541 -15.649220 13.395713 6.695776 12.380920 3.403721 -2.057012 -16.730211 -12.317019 5.876585 -28.562439 -12.001046 4.092855 0.337876 8.622434 13.560817 -13.702220 -3.182417 -1.099724 -8.441730 -13.852160 14.838490 -13.179089 1.967850 -7.595558 10.700138 -5.581493 9.577837
8.848999 -10.527559 9.769822 -15.539846 13.436305 6.657411 12.519430 3.223891 -2.154119 -16.653221 -12.442025 5.882052 -28.256840 -11.964707 4.311366 0.345961 8.891940 13.376156 -13.692082 -2.946062 -1.069858 -8.388028 -13.722215 14.687867 -13.095457 1.975231 -7.709179 10.777956 -5.636506 9.774390
8.724277 -10.501114 9.629448 -15.336779 13.500763 6.589246 12.730478 2.901251 -2.367563 -16.557917 -12.577026 5.954379 -27.877560 -11.912415 4.465397 0.397764 9.162991 13.142274 -13.758633 -2.530456 -1.039544 -8.337481 -13.555225 14.430817 -12.978349 1.997535 -7.850652 10.910924 -5.684665 10.143739
8.489621 -10.594507 9.509798 -15.095567 13.585813 6.574214 12.889935 2.595967 -2.535716 -16.425718 -12.623278 6.004788 -27.525473 -11.888220 4.573325 0.503113 9.391339 12.902461 -13.839606 -2.178941 -1.007594 -8.246420 -13.332313 14.079452 -12.873938 2.011181 -8.020909 11.081172 -5.767193 10.647579
8.273996 -10.614305 9.485968 -14.788371 13.671450 6.571846 13.028582 2.274511 -2.698995 -16.274778 -12.681818 6.033360 -26.971596 -11.826110 4.820190 0.688174 9.838231 12.348462 -13.918840 -1.863255 -0.958094 -8.116505 -13.069044 13.841959 -12.851911 2.005263 -8.192372 11.168695 -5.861854 10.971809
8.017295 -10.560022 9.441557 -14.675213 13.813352 6.657131 13.096354 1.990927 -2.865206 -16.172752 -12.696588 6.122955 -26.460825 -11.764715 4.958160 0.961017 10.161389 11.865468 -14.062407 -1.403787 -0.903111 -7.894536 -12.690291 13.622114 -12.884416 1.956023 -8.433872 11.211606 -6.038460 11.286709
7.852194 -10.637565 9.174469 -14.624326 14.015026 6.635821 13.141975 1.708380 -3.017471 -15.989689 -12.622705 6.144898 -25.918732 -11.755883 5.237362 1.239121 10.715339 11.162420 -14.174987 -1.170874 -0.852278 -7.702481 -12.309296 13.424897 -12.945176 1.929210 -8.690532 11.234503 -6.192314 11.543726
7.733254 -10.649652 8.842021 -14.485372 14.252957 6.560714 13.126600 1.402815 -3.184243 -15.731965 -12.601574 6.141516 -25.252392 -11.758691 5.469573 1.487451 11.132344 10.504987 -14.342551 -0.946406 -0.822637 -7.567675 -12.058805 13.323342 -13.025460 1.925253 -8.839902 11.210827 -6.287798 11.736252
7.602572 -10.734885 8.562125 -14.211476 14.346744 6.524107 13.161466 1.164986 -3.386035 -15.524679 -12.570840 6.099310 -24.961403 -11.790441 5.652313 1.528808 11.471152 10.065810 -14.408834 -1.022831 -0.758234 -7.324638 -11.650967 13.206518 -13.121903 1.842786 -9.147634 11.142544 -6.516284 11.915104
7.429833 -10.847481 8.233893 -13.846753 14.468891 6.484550 13.250791 0.935103 -3.697520 -15.347719 -12.599553 6.048100 -24.378643 -11.774531 5.915108 1.658653 11.908355 9.401276 -14.546096 -1.029021 -0.664673 -7.119112 -11.332582 13.118894 -13.213887 1.767940 -9.387094 11.060673 -6.693680 12.075718
7.276594 -10.864920 7.917888 -13.487209 14.604084 6.543033 13.291113 0.891062 -4.060592 -15.213721 -12.612301 5.945500 -23.998709 -11.797064 6.206325 1.597940 12.336238 8.919665 -14.651705 -1.233750 -0.511082 -6.912104 -10.971394 13.024146 -13.323665 1.685694 -9.712615 10.947030 -6.881348 12.175491
7.146529 -10.882352 7.647858 -13.165088 14.734664 6.549366 13.350340 0.836115 -4.368494 -15.074341 -12.658086 5.829212 -23.697796 -11.849268 6.408902 1.520018 12.612376 8.537983 -14.778758 -1.534783 -0.317381 -6.659083 -10.553392 12.908988 -13.469425 1.576846 -10.071490 10.812191 -7.092944 12.297804
6.984522 -10.866602 7.345563 -12.822963 14.860378 6.630268 13.409594 0.906246 -4.773048 -14.990503 -12.743619 5.685293 -23.237381 -11.946504 6.617748 1.421748 12.908264 8.049159 -15.007472 -1.848161 -0.149424 -6.498078 -10.256965 12.846278 -13.557266 1.506274 -10.395528 10.668640 -7.253432 12.300101
6.846239 -10.899472 7.154635 -12.604434 14.954217 6.666711 13.445690 0.889372 -5.000189 -14.912588 -12.769593 5.576561 -22.946394 -12.056857 6.711430 1.333535 13.011807 7.742377 -15.213140 -2.118289 -0.088919 -6.499517 -10.217086 12.838635 -13.564811 1.488920 -10.530265 10.608749 -7.286219 12.196161
6.744998 -10.908124 7.039211 -12.474976 14.982075 6.704530 13.480479 0.918878 -5.163330 -14.899402 -12.781266 5.509543 -22.816479 -12.125153 6.745591 1.269761 13.037123 7.589899 -15.320139 -2.317763 -0.018331 -6.459010 -10.131392 12.817745 -13.595637 1.461952 -10.657923 10.549634 -7.333059 12.153966
6.709496 -10.919262 6.997292 -12.435920 14.997966 6.705690 13.495293 0.907468 -5.214287 -14.889334 -12.784145 5.484310 -22.748480 -12.155068 6.773548 1.245118 13.075485 7.505846 -15.368998 -2.388064 -0.013934 -6.445800 -10.115898 12.809739 -13.600384 1.454243 -10.662986 10.547715 -7.340451 12.165464
6.737617 -10.898296 7.030984 -12.455105 14.995056 6.715746 13.479413 0.937240 -5.189600 -14.895250 -12.782597 5.494991 -22.793465 -12.142119 6.750936 1.252977 13.038844 7.560597 -15.343201 -2.366092 -0.009841 -6.455138 -10.120360 12.815296 -13.595914 1.460245 -10.670777 10.545033 -7.336535 12.148669
6.801935 -10.849424 7.114720 -12.489113 14.999002 6.724879 13.444479 0.972859 -5.128603 -14.893916 -12.776193 5.505829 -22.850288 -12.140249 6.713222 1.254096 12.971679 7.633433 -15.322723 -2.352377 -0.016781 -6.492801 -10.163649 12.831084 -13.573640 1.469810 -10.667680 10.549131 -7.318974 12.096777
6.904265 -10.779712 7.235038 -12.561101 14.992973 6.736553 13.389719 1.037889 -5.027474 -14.905001 -12.762804 5.532960 -22.959984 -12.132764 6.654649 1.260824 12.879375 7.741564 -15.275001 -2.332858 -0.026764 -6.510645 -10.177616 12.830363 -13.565686 1.489665 -10.643606 10.566495 -7.298563 12.112255
7.023513 -10.663843 7.406429 -12.697703 14.963508 6.777040 13.311473 1.158829 -4.900990 -14.962823 -12.727125 5.564988 -23.186977 -12.133075 6.561408 1.218595 12.733102 7.942002 -15.211228 -2.355981 -0.050948 -6.591959 -10.279547 12.861296 -13.512486 1.512924 -10.617368 10.580952 -7.255659 12.015026
7.161110 -10.546445 7.626791 -12.909300 14.904973 6.835018 13.200514 1.285178 -4.701044 -15.050821 -12.694218 5.600521 -23.459835 -12.118174 6.441167 1.171954 12.530773 8.220718 -15.128243 -2.368104 -0.170454 -6.759526 -10.543416 12.942117 -13.415313 1.572638 -10.425717 10.658970 -7.135246 11.882292
7.297746 -10.422858 7.817443 -13.129919 14.861285 6.908304 13.104574 1.491713 -4.553815 -15.171358 -12.652306 5.613987 -23.740364 -12.148036 6.307695 1.071980 12.296811 8.478948 -15.097563 -2.490438 -0.252586 -6.877977 -10.743838 13.042037 -13.337355 1.606769 -10.290917 10.700405 -7.063281 11.746995
7.499951 -10.301563 7.912759 -13.293724 14.862296 6.954689 12.989170 1.714946 -4.441464 -15.241183 -12.553493 5.638744 -24.234827 -12.221012 6.085909 0.938410 11.921870 8.889230 -15.011597 -2.689861 -0.303869 -7.027070 -10.957381 13.144751 -13.235208 1.646032 -10.229088 10.706110 -6.993073 11.535622
7.647518 -10.184067 8.055954 -13.344151 14.789650 7.068583 12.920763 2.111270 -4.433269 -15.391104 -12.468521 5.624752 -24.607603 -12.302207 5.867138 0.820602 11.521686 9.267104 -14.985192 -2.886711 -0.343880 -7.208469 -11.211151 13.235015 -13.152101 1.696436 -10.103408 10.745682 -6.861805 11.331172
7.701220 -10.132114 8.205474 -13.402575 14.712503 7.249518 12.807804 2.576162 -4.385761 -15.572292 -12.405113 5.626582 -24.983347 -12.345983 5.697656 0.709256 11.253545 9.551482 -14.913186 -3.124332 -0.339092 -7.359557 -11.413730 13.319333 -13.074170 1.718129 -10.071453 10.741372 -6.774958 11.097216
7.684599 -10.145878 8.247942 -13.529678 14.611070 7.527992 12.658929 3.061807 -4.371336 -15.830008 -12.337012 5.603110 -25.435173 -12.450880 5.409106 0.511816 10.729843 9.897660 -14.926936 -3.610066 -0.346447 -7.662243 -11.824274 13.486461 -12.928573 1.795598 -9.982578 10.713392 -6.586511 10.654892
7.660933 -10.097857 8.515273 -13.696754 14.375829 7.656524 12.631502 3.511863 -4.257978 -16.140827 -12.269217 5.562261 -25.892380 -12.515193 5.129146 0.339337 10.272897 10.239522 -14.943947 -4.060072 -0.353868 -7.877491 -12.142626 13.684087 -12.842226 1.785949 -9.933535 10.668984 -6.474220 10.145672
7.546542 -9.952175 8.633527 -13.796645 14.133256 7.942759 12.649094 4.081579 -4.402622 -16.531130 -12.076427 5.468866 -26.290878 -12.646161 4.897119 0.317330 9.860824 10.426791 -14.926340 -4.535867 -0.373016 -8.109315 -12.493172 13.942988 -12.774582 1.769441 -9.913863 10.569555 -6.374352 9.456447
7.488332 -9.868326 8.956996 -14.069872 13.922719 8.359485 12.578698 4.696456 -4.377567 -16.969831 -11.905731 5.369519 -26.840412 -12.815724 4.623220 0.192817 9.321003 10.692209 -14.895715 -5.211540 -0.368679 -8.361629 -12.828575 14.182633 -12.649671 1.795527 -9.991303 10.426987 -6.297969 8.708958
7.371564 -9.951296 9.211770 -14.133209 13.564900 8.744267 12.653608 5.296651 -4.448111 -17.390619 -11.619141 5.192363 -27.349077 -13.090940 4.333911 0.252430 8.801488 10.822188 -14.953046 -5.871982 -0.323615 -8.599519 -13.098179 14.380382 -12.526172 1.861676 -10.083360 10.277769 -6.211918 8.152248
10.784788 -0.968708 5.995590 -18.504545 6.190837 -6.954279 19.900475 5.245817 -10.797664 -21.093336 -11.948811 2.312257 -25.011623 -13.547853 -3.947745 2.959205 3.353974 11.731056 -19.266340 -4.933975 4.229840 -3.649189 -12.095684 13.218152 -9.937091 2.310404 -7.347487 14.059546 -1.826117 2.704803
10.545227 -1.082660 6.331657 -18.277822 6.020366 -6.366974 19.870274 6.046376 -10.914631 -21.302206 -11.664280 2.228295 -25.519951 -13.905345 -4.363167 3.135324 2.712135 11.567652 -19.303091 -5.721385 4.507020 -3.888349 -12.193664 13.340599 -9.712416 2.508025 -7.730431 13.861359 -1.720646 2.205295
10.282894 -1.235556 6.792097 -17.901003 5.732007 -5.729367 19.857927 7.027027 -10.987076 -21.538893 -11.235386 2.189108 -25.964542 -14.339481 -4.770004 3.526197 2.200572 11.008835 -19.413626 -6.547008 4.829648 -4.115859 -12.209334 13.387206 -9.469843 2.727250 -8.191987 13.696310 -1.619397 1.786869
10.134635 -1.448553 7.252499 -17.471819 5.422716 -5.012739 19.811977 8.061205 -11.110639 -21.852108 -10.631549 2.119310 -26.237377 -14.827274 -5.155794 4.216617 1.580871 10.415508 -19.517973 -7.112742 5.248532 -4.494038 -12.348341 13.402658 -9.147385 3.038757 -8.660264 13.529249 -1.368848 1.362239
9.983789 -1.723294 7.334429 -16.689285 5.391989 -4.521159 19.682884 9.061477 -11.378707 -21.919846 -9.955009 1.991354 -26.297312 -15.353883 -5.372358 4.770861 1.269973 9.582755 -19.732149 -7.699737 5.772580 -4.929182 -12.359473 13.315303 -8.738320 3.434204 -9.415689 13.330700 -1.089914 0.765250
7.870701 -5.372116 8.377594 -12.703098 9.100323 -4.437252 17.361456 11.692512 -8.019826 -19.624968 -9.800116 2.008656 -25.430138 -10.344630 -1.217639 8.023763 0.992359 9.482226 -18.457396 -11.644336 7.159322 -9.611391 -11.707307 13.616015 -10.494983 0.367627 -10.711976 14.197866 -0.890927 0.619075
7.810614 -6.665494 8.052095 -11.490976 9.686688 -4.748110 16.826803 12.465086 -7.592503 -19.206373 -8.931419 1.285432 -25.307062 -9.989538 -0.486922 8.863786 1.075821 9.240165 -18.103359 -12.226110 7.969553 -9.862804 -11.822791 13.233296 -10.131161 -0.059617 -11.219028 14.284744 -0.501119 0.241440
8.618857 -6.484667 7.596636 -10.711766 10.302087 -4.153529 16.583805 13.010519 -8.063764 -19.031073 -8.345568 1.017638 -24.807684 -10.241130 -0.402589 9.383696 1.229955 8.477756 -18.109329 -12.763510 8.309345 -10.061445 -11.525192 13.097259 -9.991918 -0.219030 -12.188398 14.082449 -0.896492 0.235962
9.374221 -6.219800 7.078591 -9.975145 10.561927 -4.566638 16.545343 13.579272 -8.622566 -19.049582 -7.694439 0.512449 -24.066917 -10.616984 -0.108527 9.714561 1.480374 7.656034 -18.408930 -13.191042 8.781818 -10.099246 -11.167982 12.853948 -9.760893 -0.163125 -13.069778 13.959623 -1.002365 -0.089457
9.614614 -5.779137 6.739215 -9.565296 11.070111 -4.907330 16.438568 13.898441 -9.155576 -19.014956 -7.542489 0.244345 -23.497654 -10.741839 0.234769 9.614441 1.676147 7.273475 -18.608335 -13.522902 9.243020 -9.866237 -10.566548 12.418610 -9.662364 -0.310055 -14.082815 13.829247 -1.298368 -0.340931
9.168565 -5.158332 6.340063 -8.971959 11.655342 -5.236550 16.462280 13.958875 -9.932001 -18.869791 -7.566461 -0.199840 -22.618259 -10.856111 0.681669 9.301137 2.025060 6.847900 -19.216757 -14.084944 9.570536 -9.581716 -10.049607 11.998783 -9.641044 -0.544692 -14.854686 13.769199 -1.629685 -0.545908
8.510444 -4.699056 5.831142 -8.363447 12.122221 -5.571963 16.536472 13.859065 -10.619413 -18.649679 -7.942366 -0.577738 -21.699936 -10.704588 1.263945 8.587585 2.621021 6.601184 -19.910425 -14.587463 9.797279 -9.165410 -9.500093 11.586381 -9.781725 -0.842333 -15.332152 13.834057 -1.944170 -0.587318
7.736388 -4.493610 5.272675 -7.885882 12.646007 -5.806397 16.570885 13.578701 -11.092547 -18.268686 -8.499662 -0.766315 -20.925262 -10.418171 1.817905 7.815461 3.336646 6.575018 -20.543116 -14.677965 10.043734 -8.674199 -8.867091 11.124146 -9.965459 -1.171486 -15.820230 13.890049 -2.284422 -0.564543
6.949327 -4.522010 4.814135 -7.527660 12.972626 -5.980861 16.617430 13.322675 -11.400390 -17.963320 -9.020483 -0.878266 -20.019741 -10.221734 2.286591 7.267524 4.001792 6.229800 -21.124025 -14.722006 10.196162 -8.193671 -8.316431 10.705136 -10.153840 -1.563832 -16.177931 13.931440 -2.669205 -0.374916
6.028389 -4.678883 4.289906 -7.415924 13.089223 -6.102185 16.859072 12.651348 -11.723954 -17.716543 -9.577560 -0.836407 -19.565750 -10.016190 2.473421 6.873425 4.526328 6.190755 -21.372559 -14.516582 10.233482 -7.703691 -7.827821 10.319610 -10.368444 -2.011469 -16.401430 13.970117 -3.090167 -0.019080
5.170261 -5.016091 3.922376 -7.366333 13.236400 -6.234255 17.157362 11.751731 -11.960132 -17.498171 -10.218095 -0.797668 -18.833561 -9.671605 2.883828 6.542800 5.224498 5.957062 -21.584890 -14.254043 10.331373 -7.287481 -7.341695 9.878280 -10.559302 -2.368741 -16.651432 14.003592 -3.400401 0.354436
4.162319 -5.476100 3.696933 -7.197500 13.202503 -6.333920 17.543531 10.991850 -12.321218 -17.518444 -10.693190 -0.769365 -18.166540 -9.346565 3.217524 6.486701 5.762764 5.656056 -21.665861 -13.964211 10.354586 -7.024637 -7.075376 9.663434 -10.729840 -2.595048 -16.793640 13.971368 -3.621839 0.550750
3.319691 -5.981606 3.545190 -7.222612 12.950689 -6.381234 17.951799 10.096674 -12.538578 -17.626657 -11.211538 -0.670540 -17.496372 -9.012357 3.507594 6.616997 6.300938 5.322754 -21.680983 -13.517635 10.293459 -6.771363 -6.813159 9.408620 -10.926827 -2.797946 -16.849436 13.950970 -3.818557 0.966918
2.329360 -6.579578 3.518392 -7.093740 12.661090 -6.463099 18.405355 9.294186 -12.727796 -17.748186 -11.626431 -0.613241 -16.843184 -8.709510 3.832540 6.763180 6.830739 5.000343 -21.688959 -13.074137 10.359573 -6.582487 -6.487986 9.045027 -11.081907 -2.830400 -17.038443 13.919144 -3.908967 1.435656
1.434809 -7.098420 3.528683 -6.893456 12.431079 -6.540768 18.815535 8.646537 -12.913214 -17.831419 -11.998882 -0.506336 -16.389074 -8.482529 4.037763 6.822513 7.176291 4.790905 -21.615925 -12.695311 10.343801 -6.462930 -6.299543 8.832309 -11.221587 -2.857716 -17.083975 13.901682 -3.957518 1.819034
0.872047 -7.407827 3.476892 -6.862070 12.275497 -6.562599 19.097683 8.050519 -13.022675 -17.825876 -12.343601 -0.428972 -15.896510 -8.236954 4.328537 6.838964 7.623242 4.560119 -21.584085 -12.299393 10.329607 -6.370805 -6.138725 8.651084 -11.360850 -2.882901 -17.106501 13.864616 -3.988398 2.235994
0.424950 -7.516229 3.332009 -6.796206 12.272935 -6.587370 19.263746 7.572644 -13.181138 -17.776190 -12.576426 -0.377265 -15.550918 -8.087745 4.532459 6.831483 7.923877 4.416954 -21.582548 -12.049604 10.275717 -6.268077 -5.964506 8.456662 -11.517606 -2.931017 -17.063965 13.855886 -4.025490 2.749776
-0.005437 -7.544089 3.145238 -6.647903 12.305628 -6.583527 19.353168 7.353123 -13.415488 -17.755831 -12.754732 -0.299821 -15.333939 -7.993138 4.638010 6.832543 8.110582 4.324176 -21.518166 -11.822724 10.374426 -6.224617 -5.757931 8.202632 -11.592568 -2.898892 -17.210609 13.851406 -3.986926 3.030764
-0.294782 -7.596260 3.020241 -6.537375 12.320746 -6.577838 19.416058 7.114110 -13.544307 -17.721323 -12.873557 -0.232780 -15.149487 -7.935895 4.721831 6.837477 8.257077 4.215581 -21.503263 -11.646667 10.437544 -6.180867 -5.572793 7.977561 -11.667100 -2.871914 -17.329365 13.843544 -3.966826 3.320190
-0.505475 -7.591731 2.869530 -6.489311 12.358684 -6.572635 19.444500 6.915006 -13.645871 -17.664865 -12.909924 -0.213717 -14.978660 -7.923126 4.783836 6.883835 8.362720 4.067832 -21.545067 -11.563259 10.448985 -6.134534 -5.456485 7.870712 -11.725860 -2.870509 -17.350159 13.837636 -3.967189 3.545899
-0.562113 -7.595893 2.839474 -6.468311 12.350959 -6.570058 19.452496 6.873125 -13.667751 -17.658043 -12.923689 -0.208853 -14.917912 -7.913677 4.810766 6.899004 8.405908 4.019305 -21.551605 -11.528844 10.464286 -6.117432 -5.404186 7.821799 -11.746828 -2.863642 -17.372770 13.836495 -3.963568 3.624947
