11.782761 4.615517 -6.973335 -8.176992 29.083658 -10.662670 5.641411 -7.616836 -14.030335 -10.477100 -31.264215 -1.761842 2.227450 -4.080710 6.815158 2.655113 17.268667 7.945832 -21.146618 9.242540 10.468254 16.285690 -11.016628 6.203340 -16.977293 -7.094552 -11.665961 3.091278 -11.641338 -2.872564
11.239667 4.655501 -7.133386 -8.585238 29.140131 -10.790590 5.003901 -7.353627 -13.917081 -11.045848 -31.593773 -1.642003 1.505377 -4.156546 5.922966 2.138966 18.336674 8.281873 -20.833960 8.834604 10.654983 15.994992 -11.452639 5.614387 -16.614174 -6.960590 -11.618933 3.338505 -11.356318 -2.430068
10.267370 4.908017 -7.185449 -9.379719 29.185614 -11.018272 3.906823 -6.558939 -13.711431 -12.129674 -31.635212 -1.644520 -0.943633 -4.136199 4.257253 1.194977 19.746128 9.225287 -20.025391 8.215154 10.949953 15.532558 -12.464340 4.702012 -15.953277 -6.734026 -11.259635 3.765019 -10.834253 -1.989223
9.478966 5.412323 -6.642357 -10.192841 29.284369 -10.721019 2.788245 -5.140985 -13.204284 -13.723248 -31.951244 -1.363796 -4.166693 -4.029171 2.204261 0.150060 20.777641 11.325551 -18.817375 7.353804 11.714688 14.649236 -13.368164 3.676618 -15.347375 -6.143106 -11.257953 4.233448 -9.893489 -0.984600
8.606513 5.607448 -6.079564 -10.576719 29.087158 -10.870495 1.535829 -3.557703 -12.806598 -15.361314 -32.199104 -0.688959 -6.332220 -4.063728 1.135295 -0.900138 19.877575 14.107043 -18.031115 6.411446 12.139351 13.693602 -14.634205 2.767638 -14.427564 -5.396495 -11.181901 5.105834 -8.713876 0.046058
8.030960 5.638841 -5.458519 -11.238151 28.854034 -10.762101 0.212570 -2.196399 -12.164816 -16.848951 -31.607872 0.088849 -8.228441 -4.761485 0.582324 -1.341440 18.256468 16.486446 -17.232092 6.140324 11.838058 12.468259 -15.677873 2.099970 -14.099329 -5.157557 -11.249740 5.749047 -7.881649 0.508646
8.094988 5.373692 -4.704611 -11.394442 28.382219 -10.535008 -0.964443 -0.690108 -11.591046 -18.235563 -30.922371 0.595357 -9.973090 -5.111540 0.054280 -1.444848 16.209105 18.648899 -16.712271 5.928323 11.190405 11.199144 -16.827477 1.285501 -13.939051 -5.022368 -11.537663 6.315631 -7.299841 0.453436
8.063656 4.677174 -4.056592 -11.544439 27.575951 -10.314791 -1.693208 0.498841 -11.015855 -19.470568 -29.994463 0.918940 -11.433383 -5.375359 -0.081582 -1.066607 14.106511 19.704739 -16.421629 5.996790 10.729820 9.905580 -17.480602 0.599198 -14.383000 -5.089419 -11.869781 6.483182 -6.931412 0.620405
8.181154 4.127730 -3.678697 -11.648340 26.926844 -10.117371 -2.119437 1.240644 -10.595941 -20.206350 -29.268148 0.995670 -12.272922 -5.665974 -0.443658 -0.567017 12.643979 20.165684 -16.249241 6.208254 10.392517 8.839505 -17.864365 0.296669 -14.513957 -5.008647 -12.149598 6.646894 -6.563861 0.642302
8.240089 3.757958 -3.467942 -11.732952 26.560982 -9.997736 -2.350724 1.517849 -10.362357 -20.574591 -28.906965 1.035933 -12.592750 -5.835794 -0.629869 -0.443679 12.148513 20.260326 -16.235727 6.197563 10.187889 8.611384 -17.933535 0.153500 -14.596231 -4.932707 -12.097091 6.702159 -6.462472 0.873207
8.228352 3.825094 -3.557797 -11.765700 26.635883 -10.041517 -2.237789 1.416046 -10.408679 -20.410402 -28.987032 1.086092 -12.502479 -5.792362 -0.573920 -0.461769 12.314963 20.209036 -16.260164 6.079110 10.184579 8.572665 -17.841745 0.281888 -14.593192 -5.057009 -12.020478 6.841389 -6.544820 0.800672
8.178166 4.907965 -4.118508 -11.968046 27.548143 -10.548043 -1.115059 0.542772 -10.825465 -18.867128 -30.094759 1.224682 -11.349076 -5.376988 -0.221017 -1.098441 14.700622 19.380199 -16.447803 5.304608 10.427624 9.560653 -17.269527 1.067654 -14.470551 -5.409729 -11.497849 6.881190 -7.119896 0.763284
8.076677 6.367592 -4.477745 -12.104065 28.420538 -11.289772 1.791812 -1.490394 -11.255820 -15.747948 -30.890945 1.187212 -8.682784 -4.748365 0.915996 -1.134601 18.439108 15.560336 -17.342150 4.913035 10.836389 11.667938 -15.077063 2.913641 -14.025768 -5.426351 -10.537837 6.802587 -8.040093 0.844261
7.757563 6.178226 -4.842378 -12.063011 27.871096 -11.399900 5.588947 -3.757277 -12.084329 -11.846614 -28.860748 0.423035 -5.813820 -4.294052 4.134711 0.823055 18.704865 9.422082 -18.927837 6.390766 9.951407 13.441556 -12.501234 4.483892 -15.277047 -6.407050 -10.642329 6.012171 -9.628842 0.551793
6.917095 4.954987 -7.855342 -11.710528 26.641691 -11.614811 10.585052 -4.911705 -14.517741 -6.550774 -23.949154 -1.287277 -3.802495 -5.292030 8.067382 5.013481 14.485074 6.148039 -20.033630 10.239717 7.948712 15.552594 -8.033423 8.621252 -15.952973 -6.957149 -9.517239 6.660246 -11.322783 1.632368
7.204808 1.601309 -9.365148 -9.516453 24.449070 -11.585603 16.650181 -6.362109 -17.570196 -2.078747 -19.559526 -1.880752 -3.326966 -5.399864 12.158878 7.214446 12.723370 3.293686 -20.262964 11.058166 7.421197 17.530991 -4.094605 10.856359 -14.084755 -6.466136 -9.350368 8.936039 -11.041417 3.600533
7.837902 -2.038726 -7.155210 -6.972207 21.058960 -10.392411 23.901796 -7.628240 -17.942364 0.318832 -17.818033 -3.229576 -1.380339 -6.150713 13.252293 8.616080 10.825343 1.344251 -21.785826 6.360514 7.982309 16.976717 -3.568944 11.089652 -12.841858 -6.186774 -10.490713 9.667609 -10.452086 2.339453
9.610062 -4.284926 -4.492133 -6.209193 18.422319 -8.691368 26.724058 -7.176605 -17.158117 0.384952 -14.986308 -5.502625 -1.910366 -8.567430 12.283046 8.731932 11.083533 0.958127 -22.545940 4.536620 7.708458 15.572675 -3.305246 12.132844 -11.093031 -6.048478 -10.058046 11.540451 -10.139861 1.220821
10.636543 -5.262063 -1.443911 -5.940320 16.330509 -8.757725 27.887753 -5.969001 -16.057411 -0.396560 -13.161613 -7.243268 -3.558478 -10.757884 9.763754 9.139250 9.900821 1.706609 -22.821795 4.498196 7.419937 15.524762 -2.773716 12.907868 -9.413318 -6.008700 -9.449442 13.279564 -9.929233 0.283128
10.660865 -5.643812 0.643326 -5.995395 15.053136 -9.344965 28.613264 -5.161845 -15.070951 -0.957396 -12.613741 -7.566329 -4.551565 -11.524179 8.838469 9.324217 8.999134 2.251019 -22.980453 4.638454 7.323702 15.240219 -2.460559 13.252421 -8.716222 -5.793154 -9.490570 13.911947 -9.643613 0.023323
10.645573 -5.652987 1.036075 -5.993607 14.861638 -9.448314 28.665230 -4.912660 -14.898293 -1.089859 -12.617211 -7.533085 -4.745312 -11.571994 8.685920 9.318565 8.724707 2.418244 -22.990332 4.593132 7.306309 15.113597 -2.428110 13.265176 -8.528440 -5.730119 -9.611718 14.037489 -9.575135 -0.034843
10.666698 -5.662646 1.467050 -6.039146 14.637389 -9.660484 28.752697 -4.447246 -14.694571 -1.269997 -12.519826 -7.636846 -4.984601 -11.880925 8.397271 9.246422 8.326743 2.829764 -23.036278 4.674260 7.341858 14.875019 -2.393754 13.273015 -8.284410 -5.639024 -9.745570 14.188489 -9.473323 -0.138616
10.884068 -5.620631 2.197426 -5.990155 14.332532 -10.076122 29.034008 -3.619856 -14.430732 -1.446516 -12.093459 -7.627250 -5.697533 -12.414342 7.911419 9.359360 7.213045 3.564854 -23.008314 4.844358 7.361977 14.479379 -2.240931 13.475052 -7.758642 -5.433061 -9.926847 14.698197 -9.221059 -0.284693
11.606034 -5.606723 3.107342 -5.960240 13.922624 -10.361438 29.560013 -2.736136 -13.983708 -1.335913 -11.552507 -7.571669 -6.529165 -12.729535 7.097244 9.645214 5.477476 4.934428 -22.607821 5.416250 7.434164 13.655448 -2.109170 13.807423 -7.239533 -5.015833 -10.168972 15.066452 -8.803224 -0.220859
12.412315 -5.663823 3.485013 -6.210221 13.537642 -10.519447 29.772470 -1.682587 -13.637538 -1.222546 -11.032133 -7.360957 -7.321404 -13.278766 6.326627 10.158794 3.515784 6.642947 -22.101324 6.776469 7.478540 12.652406 -2.325643 14.241429 -6.534672 -4.493725 -10.338012 15.442365 -8.250472 -0.530542
12.828483 -5.715238 3.696110 -6.503850 13.111813 -10.797552 29.814568 -0.618026 -13.273678 -1.570430 -10.400428 -6.874766 -8.993318 -13.692704 5.497404 10.762262 2.415237 7.974760 -21.563528 7.633144 7.521928 11.780244 -2.637684 14.781804 -5.874596 -4.063911 -10.345777 15.823549 -7.692218 -0.974892
12.966311 -6.089935 4.569431 -6.337553 12.227744 -10.637176 30.335880 0.773878 -13.125590 -2.164607 -9.833479 -6.812281 -10.814685 -13.544379 5.207618 10.232157 2.952628 8.161102 -21.332952 6.402989 7.305543 11.157556 -3.425861 14.989938 -5.474496 -3.967039 -10.143238 16.281204 -7.221840 -1.560089
12.534424 -6.524748 4.596352 -6.320535 11.530858 -10.735313 30.648211 1.777724 -13.160514 -2.469367 -9.364446 -6.955385 -12.414032 -13.417656 4.988413 9.332537 3.453369 8.233812 -21.302267 4.906131 6.970110 10.571912 -4.091969 15.077817 -5.234126 -3.868680 -9.744227 16.833921 -6.714120 -1.554336
12.023079 -6.889200 3.950242 -6.916548 11.157543 -10.901525 30.641388 2.113865 -13.063952 -2.679152 -9.083916 -6.971034 -13.571969 -13.425475 4.670235 8.847569 3.360028 8.538413 -21.203722 4.127388 6.647723 10.018697 -4.698453 15.094172 -5.293451 -3.793339 -9.193754 17.186794 -6.317027 -1.357782
11.831206 -7.116229 3.545400 -7.337810 10.964341 -11.062646 30.529024 2.161651 -12.946685 -2.838150 -9.027164 -6.869760 -14.258245 -13.360671 4.516621 8.552797 3.475223 8.697530 -21.103592 3.538210 6.468000 9.699948 -4.996769 15.095777 -5.383049 -3.731669 -8.876253 17.311409 -6.115641 -1.154010
11.799090 -7.133984 3.508010 -7.385910 10.947838 -11.078956 30.510923 2.159358 -12.931058 -2.857113 -9.014466 -6.870487 -14.277769 -13.342648 4.526156 8.536247 3.523880 8.679355 -21.091045 3.523620 6.440662 9.688049 -5.044228 15.063836 -5.411439 -3.743718 -8.857510 17.308327 -6.112470 -1.145305
11.850466 -7.032461 3.620836 -7.218587 11.048201 -11.029783 30.522030 2.096232 -12.988340 -2.798067 -9.054113 -6.875091 -14.060973 -13.318389 4.577507 8.662342 3.494930 8.587670 -21.112673 3.670777 6.495559 9.767359 -4.951249 15.072337 -5.362161 -3.755886 -8.962573 17.287247 -6.180953 -1.207725
11.881071 -6.868026 3.808312 -7.010702 11.202582 -10.936756 30.509161 1.988489 -13.055188 -2.722150 -9.132877 -6.879560 -13.632775 -13.263227 4.657642 8.921188 3.465822 8.392557 -21.142765 4.028206 6.578746 10.015964 -4.771981 15.006175 -5.336033 -3.814053 -9.188802 17.188358 -6.354256 -1.302003
12.012787 -6.736170 4.131013 -6.728513 11.358672 -10.815066 30.572762 1.757593 -13.130852 -2.577984 -9.361210 -6.830284 -12.984879 -13.030828 4.834126 9.317949 3.534654 8.015775 -21.153841 4.441195 6.699782 10.341529 -4.510185 14.894689 -5.311513 -3.887482 -9.508145 17.045460 -6.603707 -1.423430
12.308025 -6.646780 4.388837 -6.578581 11.567980 -10.646440 30.521572 1.216866 -13.115592 -2.480275 -9.660755 -6.732698 -12.263638 -12.809360 5.012433 9.787590 3.803995 7.603898 -21.148506 4.868680 6.862303 10.746503 -4.126291 14.800015 -5.312625 -3.963783 -9.851474 16.814640 -6.897824 -1.455093
12.674295 -6.480411 4.225152 -6.752539 12.063041 -10.488558 30.227310 0.387915 -12.969571 -2.301534 -9.915255 -6.637528 -11.421911 -12.763678 5.202601 10.300046 3.722916 7.402637 -21.138071 5.623805 6.945813 11.248483 -3.814242 14.506701 -5.517118 -4.117400 -10.072444 16.560671 -7.291843 -1.341219
13.144805 -6.609768 3.772197 -7.260996 12.480763 -10.419026 30.065357 -0.557123 -12.684813 -1.941984 -10.430699 -6.405076 -10.379920 -12.637689 5.291510 11.049478 3.244338 7.226933 -21.088953 6.498404 7.053740 11.679085 -3.413436 14.326745 -5.742453 -4.217791 -10.226321 16.278008 -7.657276 -1.141419
18.160107 1.447998 4.275821 -12.576735 10.399278 -7.026416 24.718742 -3.044968 -13.280148 -14.291716 -11.663592 -0.259984 -8.461310 -17.830612 3.374477 5.725200 5.136846 7.953903 -22.810202 4.758428 7.893047 3.399329 -2.327388 12.571013 -10.114625 0.463598 -13.562343 12.194988 -7.346569 2.176265
17.655409 1.417868 3.694151 -12.910088 10.800717 -6.993262 24.474792 -4.327129 -13.322559 -14.127904 -11.931551 -0.211938 -7.658438 -17.540031 3.622009 5.935626 5.571295 6.717113 -23.072241 4.383014 7.834703 4.200168 -2.099929 12.151841 -10.449742 0.125982 -13.462964 11.996322 -7.721649 2.481659
16.423109 1.438922 3.067991 -13.244715 11.387518 -7.009884 24.012707 -5.409659 -13.529882 -14.132384 -12.350997 -0.390344 -6.849583 -17.006098 4.219345 5.643671 7.575289 4.576822 -23.502363 3.126178 7.704715 4.965217 -2.042416 11.667048 -10.895211 -0.156058 -13.134858 11.844234 -7.985548 3.114937
11.112366 -4.061665 4.711591 -8.496020 16.124950 -5.404274 20.833313 -3.814440 -9.203112 -10.799506 -14.163287 -0.646744 -4.957311 -9.781049 9.994821 8.630117 9.432698 3.221192 -22.182325 -1.643954 9.814884 2.009401 -1.152364 10.991122 -13.538739 -5.050865 -13.284196 13.110786 -8.051697 4.781822
10.270115 -4.588378 2.855014 -8.416261 17.267326 -4.018143 20.114231 -4.803428 -10.214049 -10.793717 -14.945526 -0.205302 -4.687032 -9.047784 9.971819 8.732306 11.428363 2.016686 -21.864882 -1.932376 9.679449 2.703588 -1.031396 10.758264 -14.387824 -5.612646 -13.031722 12.820659 -8.632586 5.944294
9.349150 -4.935327 1.419466 -8.280636 17.826847 -3.223905 19.464170 -5.541937 -11.264256 -10.950445 -15.857279 0.233815 -4.321383 -8.088181 10.315006 8.941665 13.233850 1.020429 -21.453712 -1.611512 9.585384 3.438534 -0.936543 10.315413 -15.097896 -5.947493 -12.587010 12.650263 -8.831283 7.021144
7.799474 -4.793030 -0.181346 -8.210491 18.620876 -2.791296 18.482210 -5.695444 -12.533086 -11.001442 -16.587006 1.011678 -4.495290 -6.641719 10.848359 9.363008 14.406253 0.328584 -20.824713 -1.036754 9.508198 4.173702 -0.857813 10.057199 -15.727094 -6.223070 -12.167465 12.422602 -9.020062 7.873309
6.258584 -4.595810 -1.435318 -8.949665 19.318111 -3.442277 17.972031 -6.460967 -12.818053 -11.003770 -17.574104 1.672451 -4.632010 -5.482789 10.780457 9.713137 14.944444 0.074554 -20.268255 -0.697253 9.373260 4.604277 -0.970328 9.844056 -16.336636 -6.429452 -11.630256 12.252100 -9.073083 8.765055
4.901639 -4.316009 -2.017919 -9.662048 19.703732 -4.246428 17.522932 -6.937826 -12.867107 -10.967564 -18.692087 2.495467 -5.337298 -4.139807 10.521930 9.779924 15.445937 -0.153990 -19.595028 -0.570427 9.173327 4.821981 -1.279532 9.639456 -16.926357 -6.532427 -10.999592 12.073210 -8.951512 9.634280
3.585636 -4.631508 -2.275323 -10.235740 19.611063 -4.875991 17.274273 -7.627418 -12.737744 -11.226907 -19.632681 3.174371 -5.904456 -3.256798 10.096302 9.851036 15.790307 -0.155750 -19.046053 -0.575017 8.989004 4.954391 -1.588755 9.398225 -17.286840 -6.586101 -10.611608 11.918796 -8.892460 9.926605
2.508404 -4.987117 -2.345698 -10.752179 19.370193 -5.391405 17.287247 -8.366455 -12.510670 -11.520996 -20.249657 3.698091 -6.526968 -2.480944 9.892241 9.798883 16.095030 -0.213015 -18.607899 -0.635817 8.793739 4.986884 -1.891607 9.139524 -17.639978 -6.631041 -10.338867 11.771012 -8.801753 10.240801
1.895739 -5.195310 -2.360915 -11.202347 19.220396 -5.710398 17.221346 -8.830254 -12.244916 -11.786302 -20.612873 4.019572 -7.005315 -1.958023 9.697131 9.820662 16.393881 -0.299887 -18.301748 -0.741755 8.607653 4.974440 -2.173535 8.970695 -17.837164 -6.711437 -10.149390 11.737664 -8.763227 10.422414
1.557589 -5.346153 -2.448040 -11.470354 19.148403 -5.872309 17.142269 -9.065281 -12.097333 -11.898272 -20.786903 4.172229 -7.186913 -1.772692 9.593823 9.817493 16.500591 -0.273241 -18.172480 -0.745247 8.462971 4.972356 -2.367461 8.887761 -18.012573 -6.781885 -9.970111 11.716377 -8.746892 10.553593
