12.295797 7.957261 -0.976792 -7.042253 29.126646 -8.344223 0.878165 -5.616962 -16.870850 -9.300611 -33.322403 1.670617 -1.569237 -14.497075 13.441619 2.391896 9.241084 1.408535 -10.539850 19.114674 5.766048 14.272211 -4.638881 0.638927 -23.905754 3.537941 -4.794915 7.643831 -0.388348 -9.862888
11.339956 7.700128 -1.143690 -7.635040 28.942760 -7.344054 -0.219274 -4.787588 -17.207993 -10.178772 -33.649452 1.616337 -2.214024 -14.416066 12.762267 2.208067 9.485435 1.861045 -10.229417 19.219950 5.944255 13.974374 -5.113962 0.030538 -23.523045 3.651460 -4.748590 7.918079 -0.117543 -9.455185
9.798796 7.996488 -1.497111 -8.544922 29.037083 -6.536223 -2.418869 -3.347768 -17.867950 -11.496515 -33.860470 1.754425 -3.933413 -14.058466 12.063523 1.773730 9.609403 2.852033 -9.511005 19.424829 6.189013 13.429923 -6.214566 -0.897677 -22.792412 3.892623 -4.410042 8.352918 0.379205 -8.968306
7.600426 8.999675 -1.313563 -8.882433 29.201857 -6.552650 -4.357586 -1.732794 -18.257153 -13.130466 -34.158539 1.814252 -6.391344 -13.725529 10.589516 1.109404 9.860819 4.426041 -8.521565 19.556313 6.935851 12.478493 -7.256509 -1.901190 -22.072329 4.472631 -4.488317 8.768942 1.232582 -7.902034
6.668461 9.528357 -1.701800 -9.053814 29.595814 -7.806384 -6.311661 -0.058994 -18.652023 -14.509950 -33.978256 1.780314 -8.761854 -13.719104 9.335132 0.291076 10.044052 6.184611 -7.707327 19.578405 7.311839 11.404996 -8.759453 -2.757927 -20.985651 5.200727 -4.495665 9.560789 2.292183 -6.783518
6.241830 9.266728 -2.441991 -9.711628 29.216658 -9.732793 -7.374050 1.138655 -18.364933 -15.334866 -33.197838 1.368562 -10.969831 -14.248418 8.224010 -0.153820 9.655526 7.803607 -7.082238 19.656929 7.070159 10.174920 -9.966326 -3.338074 -20.421162 5.250612 -4.770911 10.169953 2.892034 -6.236949
6.922891 8.671043 -2.657656 -10.002775 28.540922 -10.992161 -8.594149 2.563487 -17.789543 -16.176521 -32.812931 0.675751 -12.773883 -15.007768 6.606000 -0.367537 8.678300 9.576310 -6.602233 19.532764 6.520981 8.888581 -11.227898 -4.117877 -20.040575 5.272088 -5.303263 10.658154 3.309143 -6.109521
7.907138 8.159784 -2.778041 -11.071375 27.996933 -11.906362 -9.399908 3.549166 -16.708961 -16.668907 -32.485954 0.357737 -14.106215 -15.631457 5.078815 -0.303863 7.615183 10.558370 -6.292564 19.284771 6.161787 7.594167 -11.974284 -4.753119 -20.323208 5.074890 -5.784373 10.782459 3.536040 -5.755377
8.384878 7.538678 -2.752344 -11.816339 27.477009 -12.017797 -9.682848 4.078857 -15.977180 -17.016012 -32.196415 0.187766 -14.916575 -16.237082 3.890733 -0.043196 6.979478 10.872220 -6.071413 19.097807 5.881279 6.507812 -12.452479 -5.028837 -20.326887 5.086459 -6.208325 10.865175 3.785487 -5.567590
8.765959 7.046453 -2.641475 -12.327763 27.152374 -11.909443 -9.871895 4.383908 -15.493219 -17.322981 -32.032124 0.114524 -15.387127 -16.479923 3.362077 0.045066 6.654744 11.130437 -5.920335 18.975666 5.697290 6.291553 -12.533913 -5.171782 -20.365761 5.105935 -6.230814 10.901605 3.835637 -5.261051
8.631784 7.219920 -2.616880 -12.245750 27.256510 -11.836408 -9.811893 4.243785 -15.613297 -17.162491 -32.037445 0.152096 -15.255614 -16.418278 3.552907 0.045149 6.708157 11.034840 -5.978101 19.013597 5.691589 6.256073 -12.435980 -5.031189 -20.368748 4.994151 -6.132118 11.045506 3.763229 -5.369370
7.653835 8.391357 -2.250887 -11.920534 27.724644 -11.411453 -8.463262 3.593114 -16.540054 -15.841179 -32.303696 0.782474 -14.083941 -15.189682 5.964376 -0.264853 7.391009 10.163762 -6.423343 19.159647 5.833999 7.281797 -11.720644 -4.249751 -20.446079 4.792461 -5.423188 11.117245 3.319623 -5.687861
6.219074 9.370928 -0.677090 -11.639997 28.097691 -9.525286 -5.063395 1.308842 -17.083147 -13.716240 -33.338551 2.721844 -10.874003 -13.384472 9.752416 -0.391734 9.353246 6.583853 -7.518251 18.744263 6.095240 9.372813 -9.437933 -2.458926 -20.307955 5.023068 -4.175607 11.034493 2.650819 -5.967522
5.140550 9.013311 1.508351 -11.327164 27.131935 -7.723694 0.218079 -1.509941 -16.204933 -10.928954 -31.027855 3.691796 -8.386326 -12.722549 14.747029 0.826769 8.930690 1.897844 -9.075076 18.312977 5.138082 11.123322 -6.730354 -0.905209 -21.819330 4.230305 -4.111478 10.204574 1.245401 -6.380488
5.149063 8.543106 2.816448 -9.244501 26.754564 -8.692158 7.355022 -4.172760 -15.376292 -6.980966 -26.899632 6.546442 -5.850665 -11.603657 22.129520 2.122185 7.835080 -2.816030 -10.224240 17.355255 3.225286 13.362447 -2.070280 3.176777 -22.685963 3.659602 -3.013481 10.853867 -0.340407 -5.329512
1.819314 6.348272 1.631027 -9.589931 25.070967 -11.184885 15.797935 -4.998879 -15.280448 -3.222668 -22.767891 5.473345 -1.927735 -14.464739 25.684679 3.553823 6.983537 -4.349510 -11.546983 15.637630 2.751899 15.296133 1.956348 5.310433 -20.889221 4.137764 -2.848569 13.165361 0.026842 -3.179164
4.415148 2.457515 2.814217 -7.976859 21.512836 -11.419036 19.399673 -5.109685 -15.077188 -2.996454 -19.437807 1.977188 0.636089 -17.977884 26.398792 4.362796 6.948414 -5.004735 -13.786263 12.769104 3.398344 14.787245 2.460272 5.599423 -19.610844 4.367444 -4.045747 13.786749 0.482284 -4.240326
6.482019 1.140380 6.312058 -7.217398 19.297117 -7.063023 19.446098 -4.248121 -14.612291 -3.826817 -17.060833 -0.138228 0.382716 -20.876064 25.145618 4.982098 5.279616 -4.139699 -14.656366 10.760038 3.163282 13.467077 2.636208 6.850185 -17.733225 4.425229 -3.774241 15.477425 0.512621 -5.317471
7.409834 1.243483 9.781867 -7.230220 17.739193 -4.789166 20.609501 -3.954161 -12.957549 -4.152822 -15.141737 -0.159259 -1.368904 -22.111992 24.206070 5.531777 2.526988 -3.535203 -14.697140 9.298588 2.807687 13.544156 3.157853 7.794131 -16.078472 4.444166 -3.173158 17.106123 0.541752 -6.313924
7.823680 1.336596 12.090153 -7.496185 16.694981 -4.411053 21.688416 -3.586726 -11.533114 -4.333211 -14.347834 -0.133107 -2.585943 -22.593607 23.535561 5.857939 1.173181 -3.148723 -14.599078 8.421961 2.652016 13.289896 3.423994 8.182506 -15.400383 4.647963 -3.204833 17.700495 0.760721 -6.622352
8.013485 1.403548 12.488371 -7.529850 16.654436 -4.500183 21.680197 -3.373469 -11.342860 -4.396394 -14.212854 -0.152621 -2.832223 -22.702190 23.363228 5.874373 0.973341 -3.049256 -14.576644 8.282804 2.616717 13.169312 3.457365 8.194033 -15.224669 4.719952 -3.320249 17.824917 0.827927 -6.697373
8.502350 1.432474 13.188062 -7.335224 16.411114 -4.477254 21.934183 -2.987366 -11.128310 -4.327974 -13.926943 -0.125307 -3.289093 -22.767933 23.310530 5.896604 0.585709 -3.002596 -14.526668 8.135147 2.642037 12.927409 3.472421 8.203891 -14.982159 4.813379 -3.452362 17.967392 0.923005 -6.811369
9.247532 1.510472 14.040183 -6.899559 15.975381 -5.227037 22.473528 -2.165881 -10.703055 -4.180778 -13.402460 -0.027123 -4.080450 -22.851658 23.272968 6.036516 -0.120004 -2.960237 -14.393804 7.932430 2.637011 12.515656 3.553879 8.439610 -14.450963 5.032448 -3.644026 18.420986 1.143535 -6.966411
10.056785 1.689077 14.702005 -7.549928 15.372160 -6.019942 22.676903 -0.692509 -9.714541 -4.320592 -12.853982 -0.102677 -4.859445 -23.254333 23.109535 6.066198 -1.190517 -2.371382 -14.304977 7.943484 2.678916 11.685796 3.629137 8.812716 -13.908050 5.445915 -3.940593 18.710262 1.479947 -6.895074
11.920065 1.152512 14.837507 -8.071774 14.397942 -5.512725 23.005375 0.652322 -9.047104 -4.505486 -12.089117 -0.133368 -5.801053 -23.896280 22.779583 6.333339 -3.203147 -0.967481 -13.966703 8.892675 2.710077 10.709934 3.360762 9.296237 -13.166711 5.908260 -4.194805 19.002384 1.899823 -7.197563
13.152048 1.352379 15.972459 -7.735558 14.034639 -4.342540 22.605242 1.910523 -8.957665 -5.190508 -11.335707 -0.382315 -6.989687 -24.253990 22.542698 6.195633 -4.258677 0.243026 -13.737706 9.096965 2.761419 9.806046 2.921833 9.943178 -12.388381 6.280928 -4.314882 19.264374 2.318468 -7.618920
13.435506 1.424218 17.061172 -7.307652 13.339326 -4.751394 22.671303 4.031822 -9.002237 -5.797410 -10.871443 -0.490327 -8.145467 -24.314003 22.373940 5.769448 -3.977501 0.674847 -13.441461 8.323559 2.555490 9.161399 2.014587 10.237404 -11.831958 6.289182 -4.257491 19.624889 2.622437 -8.079017
11.782098 1.150818 16.818830 -8.234583 12.840508 -5.649363 22.084618 6.262661 -9.030534 -6.835293 -10.927253 -0.591185 -8.806437 -24.285069 22.380890 5.075062 -3.190548 0.562520 -13.454736 7.046513 2.252580 8.644506 1.324163 10.414592 -11.449309 6.244135 -4.023576 20.114426 2.919286 -7.944571
10.450686 0.685822 15.732390 -9.163538 12.690431 -6.079243 21.736969 7.134468 -9.221113 -7.383465 -10.964457 -0.585471 -9.370241 -24.195469 22.333420 4.621118 -2.953694 0.423887 -13.475887 6.209704 1.958123 8.121573 0.664243 10.506419 -11.378152 6.192657 -3.611747 20.413872 3.145258 -7.637581
10.011923 0.484263 15.387497 -9.580832 12.501854 -6.318596 21.659698 7.720166 -9.188079 -7.668086 -11.091101 -0.602474 -9.576856 -24.138834 22.255043 4.356757 -2.840642 0.413058 -13.500436 5.718319 1.788435 7.813254 0.339299 10.545094 -11.407697 6.197409 -3.358105 20.514763 3.268603 -7.388443
9.951639 0.495001 15.367129 -9.608618 12.510379 -6.346045 21.610941 7.859172 -9.207346 -7.725556 -11.095170 -0.596398 -9.581738 -24.116873 22.262207 4.345573 -2.823975 0.383822 -13.504531 5.685313 1.761773 7.802762 0.290403 10.515454 -11.432145 6.180235 -3.343494 20.510841 3.266066 -7.376294
10.128069 0.526832 15.408209 -9.490883 12.577197 -6.283320 21.650284 7.388217 -9.178047 -7.566319 -11.057460 -0.582794 -9.493619 -24.122206 22.306646 4.434639 -2.842365 0.365973 -13.505796 5.851311 1.812509 7.874587 0.391084 10.509000 -11.407615 6.195206 -3.422977 20.495581 3.230462 -7.456947
10.383361 0.727777 15.611279 -9.312972 12.754897 -6.112990 21.549767 6.992094 -9.168323 -7.435303 -10.988234 -0.544909 -9.368356 -24.098976 22.348505 4.636733 -2.891148 0.312103 -13.482866 6.146229 1.886143 8.113246 0.594359 10.411693 -11.433053 6.187981 -3.596135 20.416042 3.124044 -7.592269
10.960460 1.008657 16.111225 -9.029858 12.991351 -5.817319 21.472916 6.425344 -9.026417 -7.273355 -10.967078 -0.476118 -9.098921 -23.999096 22.375000 4.927194 -2.959132 0.209902 -13.462342 6.517478 1.990604 8.420852 0.889949 10.254665 -11.489866 6.194137 -3.834378 20.300526 2.977892 -7.778080
11.797230 1.050227 16.471569 -8.599045 13.086490 -5.681962 21.700508 5.267287 -8.855510 -6.857359 -10.967762 -0.445731 -8.815527 -23.919140 22.373953 5.260770 -2.961086 0.170547 -13.433932 7.013301 2.131421 8.785823 1.295610 10.106121 -11.583722 6.224555 -4.076406 20.098656 2.815533 -7.887545
12.100804 1.344600 16.446243 -8.750818 13.569262 -4.949271 21.333149 4.356136 -8.859970 -6.601218 -10.966733 -0.399958 -8.466480 -23.906628 22.322208 5.717080 -3.337407 0.270550 -13.390576 7.805203 2.195023 9.236865 1.628613 9.754168 -11.887605 6.174890 -4.190493 19.882965 2.576745 -7.884058
12.610348 1.268171 16.040489 -9.226938 14.003349 -4.681082 21.184885 3.109752 -8.524907 -6.220206 -11.003038 -0.356230 -7.867150 -23.952391 22.429178 6.182576 -3.815112 0.245214 -13.468568 8.635702 2.300770 9.675907 2.115734 9.504166 -12.230248 6.145679 -4.229362 19.671663 2.346231 -7.766650
12.992794 5.421610 8.565547 -16.349943 9.064977 -7.641738 24.007095 0.260700 -17.808041 -5.997287 -12.479652 -3.684944 -11.340368 -15.753687 22.030834 17.076023 -7.254883 -3.928325 -6.910841 13.886338 4.057670 1.126788 3.380987 7.529184 -16.750456 10.165392 -6.007714 16.840902 4.227538 -4.379607
12.120537 5.492350 8.083838 -16.580965 9.420283 -7.594455 23.711845 -0.694815 -17.926140 -6.013743 -12.961010 -3.482346 -10.508874 -15.184600 22.323347 17.280642 -6.554801 -5.208174 -7.064603 13.706724 4.046840 1.910967 3.722951 7.022849 -17.118176 9.896520 -5.826435 16.786367 3.985750 -4.069294
10.839568 5.695113 7.391206 -16.896593 10.115588 -7.471189 23.097589 -1.580063 -18.188326 -6.076302 -13.708745 -3.298270 -9.538671 -14.182945 23.059719 16.781593 -4.092924 -7.126967 -7.366667 12.527722 3.976873 2.716479 3.915829 6.482776 -17.618183 9.617497 -5.451046 16.768429 3.798358 -3.485016
7.610065 -1.959929 6.876126 -10.643709 13.643368 -10.051596 18.481844 0.257846 -15.401528 -3.519488 -14.435623 -2.410539 -10.122327 -18.798586 17.691977 10.799997 1.304842 -7.840237 -11.073688 13.601923 4.953182 0.149187 4.591222 6.242610 -20.144819 5.291158 -7.176590 16.678045 1.900864 -1.819853
6.536986 -2.294032 5.329446 -10.823519 14.759807 -8.678905 17.742870 -0.674165 -16.222088 -3.334251 -15.545183 -1.929813 -9.521598 -17.831120 17.853680 10.645147 3.142191 -8.485538 -10.946433 13.525170 5.137684 0.705794 4.889358 5.716586 -21.080494 4.856619 -6.805917 16.585001 1.843061 -0.751260
5.604144 -2.842524 3.823963 -11.249746 15.274503 -8.164707 17.384388 -1.740620 -16.732708 -3.442527 -16.678553 -1.378649 -9.033153 -16.633364 18.117384 10.629786 5.063962 -9.048169 -10.593879 13.794563 5.094772 1.360035 4.938673 5.202958 -21.846645 4.536693 -6.305233 16.420256 1.752624 0.397801
4.135882 -2.896806 2.260589 -11.466070 16.080584 -8.184051 16.703348 -2.350696 -17.394892 -3.606158 -17.387962 -0.546219 -9.343743 -15.391932 18.267132 10.902645 6.296330 -9.620858 -10.048192 14.123908 5.008701 2.026372 4.904583 4.882757 -22.522104 4.197404 -5.781999 16.243193 1.630854 1.338592
2.446569 -2.806760 1.393618 -11.948605 16.546341 -8.918643 16.139236 -3.108564 -17.535336 -3.885166 -18.330956 0.388547 -9.511872 -14.238106 18.305969 11.141183 6.738188 -9.797419 -9.628810 14.374113 4.814856 2.424006 4.673667 4.622713 -23.125401 3.856650 -5.144338 16.185043 1.582781 2.294720
1.357105 -2.473796 0.976457 -12.456726 16.973505 -9.703523 15.474963 -3.626625 -17.387239 -4.101751 -19.394604 1.250021 -9.993368 -13.244728 17.975262 11.068366 7.052595 -9.935658 -9.226041 14.367708 4.517397 2.706568 4.272052 4.394303 -23.639431 3.527891 -4.474482 16.156696 1.585859 3.100218
0.332702 -2.503042 0.896072 -13.011558 17.117546 -10.074785 14.951099 -4.392963 -16.920761 -4.508750 -20.496635 2.110391 -10.531276 -12.276911 17.567394 11.077326 7.365552 -9.963880 -8.733930 14.184046 4.268489 2.915253 3.974014 4.130033 -23.905205 3.313042 -4.078057 16.152374 1.544472 3.307069
-0.546982 -2.617802 0.915991 -13.596622 17.085533 -10.308817 14.793573 -5.277463 -16.469603 -4.819527 -21.360853 2.768147 -11.039079 -11.443519 17.320234 10.971004 7.636289 -10.036412 -8.349479 13.862087 4.033434 2.989015 3.662188 3.881253 -24.205353 3.153476 -3.734598 16.085711 1.579246 3.705103
-1.027755 -2.706688 0.880108 -14.046925 17.074511 -10.426155 14.628938 -5.815591 -16.195431 -5.039194 -21.808613 3.157040 -11.448249 -10.926915 17.245743 10.810673 8.029757 -10.141395 -8.084125 13.649315 3.830701 2.995232 3.398629 3.771545 -24.377182 3.091570 -3.535502 16.037672 1.607887 3.864575
-1.349539 -2.801586 0.789289 -14.329387 17.079762 -10.527470 14.493687 -6.094519 -16.051498 -5.147443 -22.068130 3.316128 -11.565353 -10.734263 17.161386 10.730112 8.166139 -10.125995 -7.981406 13.577993 3.673295 2.973218 3.173927 3.724524 -24.515488 3.036263 -3.340370 16.004015 1.625777 3.999027
