1.499545 -5.332123 -2.490750 -11.561661 19.176079 -5.904947 17.078150 -9.090111 -12.054926 -11.918177 -20.868698 4.237782 -7.240679 -1.697352 9.548199 9.818743 16.534491 -0.265679 -18.130030 -0.736077 1.991166 16.539705 0.809116 3.518484 -20.800800 6.528106 -4.961061 12.431998 4.078648 2.608704
1.137988 -5.467193 -2.804923 -11.912420 19.365625 -6.166841 16.798729 -9.613598 -11.786912 -12.070096 -21.090311 4.607193 -7.617700 -1.250462 9.606639 9.761688 17.075644 -0.278991 -17.817812 -0.530933 1.903740 16.499578 0.601349 3.511613 -21.047462 6.529076 -4.661030 12.343555 4.133082 2.827477
0.341340 -5.856820 -3.649026 -12.553268 19.514687 -6.635795 16.378445 -10.168709 -11.482640 -12.436195 -21.532591 5.340570 -8.413047 -0.459772 9.483075 9.800956 18.047352 -0.287796 -17.221048 -0.166332 1.668906 16.348310 0.162647 3.296587 -21.579681 6.371874 -4.257365 12.118799 4.038884 3.026374
-0.702249 -6.059581 -4.243283 -13.483490 19.178013 -7.555973 15.730152 -10.373411 -11.015750 -13.230925 -22.175564 6.224077 -8.871162 0.641691 9.977558 9.672697 19.558807 -0.265013 -16.540609 0.643997 1.316497 15.913337 -0.889158 2.999688 -22.232887 6.104803 -3.627666 11.681769 3.972652 3.330842
-1.816671 -5.801201 -3.782943 -13.962755 18.726088 -8.232110 14.878980 -9.910230 -10.799484 -14.335127 -22.616928 7.229435 -9.896588 1.444555 10.222618 9.336403 20.241413 0.243949 -15.847150 1.466328 0.952636 15.424794 -2.027058 2.821166 -22.509880 5.938200 -3.097531 11.625151 4.131977 3.869529
-2.664700 -5.606225 -3.156575 -14.877541 18.383440 -8.424015 13.833079 -9.424593 -10.238004 -15.396212 -23.199718 7.997087 -10.941109 2.124916 9.866277 8.920486 20.247320 1.298702 -15.302265 2.021502 0.570311 14.977357 -3.503897 2.297994 -23.041813 5.624341 -2.598635 11.525715 4.386703 4.481003
-2.477210 -5.355849 -3.277934 -15.916742 18.571117 -8.469091 12.176781 -8.532133 -9.726628 -16.033379 -23.897219 8.567866 -11.997767 2.274564 8.921775 8.454597 19.894964 2.701782 -14.839103 2.697891 0.190436 14.330930 -4.763074 1.537734 -23.280260 5.563506 -2.417588 11.470694 4.683477 4.880425
-2.161788 -5.250889 -3.517699 -16.972092 18.505096 -8.288727 10.947485 -7.390212 -9.374085 -16.585569 -24.453163 8.729129 -12.972739 2.329726 7.925883 7.929619 19.404039 3.741375 -14.622657 2.948634 -0.139716 13.762735 -5.705669 0.939645 -23.354040 5.561495 -2.192508 11.555183 5.009901 5.637493
-1.957581 -5.177154 -3.724977 -17.380053 18.599926 -8.150511 10.277248 -6.715683 -9.319671 -16.909513 -24.854883 8.872375 -13.571187 2.241515 7.246964 7.598397 18.843214 4.620184 -14.518106 2.852017 -0.311891 13.534621 -6.222520 0.616035 -23.413048 5.521079 -2.126161 11.488491 5.041220 5.959004
-1.934531 -5.143155 -3.753862 -17.576519 18.574480 -8.081785 9.942775 -6.382388 -9.291791 -17.164972 -25.043869 8.893485 -13.996192 2.231060 6.859343 7.429346 18.547823 5.034969 -14.451798 2.716837 -0.403665 13.372241 -6.536916 0.457730 -23.358047 5.515189 -2.134633 11.488375 5.069322 6.100956
-1.792697 -5.074050 -3.927450 -17.511122 18.759949 -8.131873 9.893917 -6.500944 -9.344944 -17.024158 -25.084314 8.909981 -13.731683 2.239738 6.973946 7.504844 18.545237 4.912497 -14.507377 2.806101 -0.282920 13.478398 -6.385159 0.402787 -23.424704 5.514977 -2.195343 11.416176 5.049791 5.983068
-0.750975 -4.329398 -4.785833 -16.221693 20.169727 -8.607204 10.540657 -7.745863 -10.039021 -15.598253 -24.848030 8.546884 -11.212159 1.648862 8.399570 7.882521 18.373312 3.850701 -15.375836 3.573872 0.959827 14.397017 -4.834023 0.160023 -23.726570 5.515026 -3.179200 10.854366 4.691479 4.418454
0.563383 -2.756044 -5.516027 -12.631369 22.179813 -9.174778 12.389979 -8.710604 -12.694397 -12.590778 -23.424271 6.694852 -5.995646 0.760147 12.387712 8.050917 18.122149 1.562453 -17.494129 5.666502 2.684615 16.380663 -1.271207 0.856154 -23.493481 5.772500 -4.791068 10.106133 3.565487 1.948464
6.039032 -3.297472 -5.390927 -5.842296 21.803104 -11.733521 14.230928 -6.761621 -16.401318 -10.203321 -19.157703 1.822188 -2.950442 -2.470500 17.411972 5.461123 17.899237 0.121313 -20.361940 8.711802 1.753050 15.123692 2.097144 4.991416 -23.554466 4.559388 -6.524617 10.121979 1.212385 -3.565357
15.332064 -2.929420 -3.170478 -1.231465 20.280128 -14.313911 15.698594 -5.055844 -16.050657 -9.302173 -12.571407 -1.905736 -3.034782 -4.611316 24.881367 1.859192 18.925806 -0.644215 -22.844011 7.806980 0.759285 12.110785 3.587270 10.715974 -22.787518 3.190723 -6.683688 10.571610 -0.968878 -9.886273
19.839640 -3.100551 -1.562748 -1.571126 18.240231 -16.668365 20.326553 -2.546713 -15.714842 -5.384970 -5.924741 -4.472274 -5.189819 -7.242492 28.807812 -0.152806 16.704292 0.038031 -24.703318 7.766521 1.685003 9.414477 4.871356 14.123893 -21.502663 4.814094 -7.488427 10.547171 -0.433086 -10.525705
23.189863 -4.761691 0.014785 -2.581702 14.864776 -18.462463 25.210720 -0.405600 -14.602728 -1.938737 -1.441404 -6.655819 -7.346539 -10.065196 31.108150 -1.375836 13.354916 1.536396 -26.355902 7.898444 2.153277 5.476537 7.159967 17.548235 -20.631260 5.571931 -8.458891 11.633339 0.744164 -9.585371
22.232924 -8.099957 0.330329 -2.532116 10.986107 -19.207550 29.402630 1.134092 -14.043742 -1.586947 0.918807 -7.779467 -10.253213 -11.478670 30.297419 -1.515207 11.019366 3.124944 -26.701319 6.732302 2.076998 1.984392 8.109742 18.660828 -20.099680 6.370239 -9.292046 12.804767 2.243210 -6.793415
21.797178 -11.604935 0.176544 -3.450598 8.265522 -19.266756 31.819834 0.806839 -13.279054 -1.688645 1.593793 -7.964126 -12.787269 -10.907130 30.382013 -2.131708 10.417685 5.095397 -25.970987 6.163440 1.785038 -0.622615 7.547722 19.653696 -19.550529 7.094985 -9.053985 13.751616 3.481750 -5.654077
21.414347 -13.096605 0.260666 -3.549951 6.876410 -19.396276 33.189461 0.873767 -13.077099 -1.552641 2.424171 -7.675756 -15.108510 -10.123836 30.192276 -2.559425 10.455529 6.101127 -24.892330 5.920524 1.377766 -2.499345 7.264861 20.222281 -19.124083 7.647017 -9.004164 14.460125 4.380237 -4.954426
21.312666 -13.357475 0.312529 -3.544643 6.614303 -19.393940 33.457199 0.920898 -13.063773 -1.551552 2.605243 -7.566619 -15.508120 -9.994331 30.200817 -2.612421 10.471151 6.226869 -24.683252 5.863035 1.291312 -2.826586 7.201897 20.220156 -19.018185 7.743963 -8.988113 14.641253 4.548067 -4.731326
21.299833 -13.690598 0.618442 -3.370970 6.195756 -19.304527 33.975388 1.101893 -13.082469 -1.519062 2.877766 -7.582261 -15.898976 -10.143964 30.046406 -2.630532 10.147265 6.762685 -24.427223 6.118003 1.309019 -3.158753 7.249747 20.316334 -18.779037 7.854803 -9.006877 14.891475 4.671717 -4.580481
21.232676 -14.174768 1.190327 -3.183080 5.533960 -19.039068 34.603050 1.459149 -13.038377 -1.597835 3.449785 -7.602590 -16.606609 -10.527908 29.838129 -2.591270 9.573775 7.660083 -24.082773 6.564093 1.287662 -3.753870 7.391812 20.389282 -18.352362 8.020186 -9.043195 15.424047 4.920355 -4.125144
20.956648 -14.753522 1.832134 -3.050391 4.691919 -18.544088 34.969864 2.149234 -13.082006 -1.974854 4.176963 -7.281479 -17.896624 -11.055417 29.403761 -2.162371 8.654154 8.738523 -23.493755 7.246170 1.130462 -4.576818 7.333991 20.382338 -17.671783 8.248958 -8.876655 16.299740 5.238318 -3.439533
20.772341 -15.630269 2.563224 -3.204115 3.835006 -17.646643 35.411911 3.443993 -13.274165 -2.535859 4.594645 -7.397708 -19.114838 -11.669322 28.073690 -1.566701 7.967710 10.126909 -22.901392 7.798636 0.813356 -5.382226 6.753225 20.282621 -16.813326 8.337480 -8.521801 17.267746 5.576469 -3.242441
20.512335 -16.353260 3.047112 -4.019632 2.751627 -17.394028 35.133751 5.137165 -12.915975 -3.661786 4.600287 -7.314121 -20.403700 -12.050525 26.101509 -0.602350 7.238329 11.331368 -22.283976 8.321048 0.390664 -6.003476 5.719298 19.948774 -15.837113 8.376679 -7.914633 18.383074 5.924024 -3.146737
20.180176 -16.706289 3.375778 -4.962281 1.924300 -17.012245 34.291046 6.595503 -12.443818 -4.979778 4.699368 -7.031619 -21.815929 -12.000973 23.714249 0.578380 6.202621 11.962884 -21.479059 8.721060 -0.262214 -6.231747 4.341615 19.399021 -15.094886 8.133288 -7.151265 19.219240 6.154415 -3.310564
19.601774 -16.383989 3.862997 -5.682167 1.028610 -17.096621 33.101597 8.124279 -11.666906 -6.381151 4.733253 -6.683353 -23.197693 -12.016181 21.237282 1.911846 4.932496 12.277297 -20.715302 9.302191 -0.909974 -6.546343 3.273199 18.955965 -14.519973 8.065190 -6.623511 19.833540 6.384419 -3.010711
19.109201 -16.075750 3.965954 -6.187078 0.784166 -17.362482 32.190006 9.236626 -11.326092 -7.287834 4.787211 -6.441346 -24.100496 -11.704143 19.883801 2.554644 4.400122 12.453261 -20.142385 9.549979 -1.209143 -6.605595 2.647076 18.670065 -14.252334 8.101880 -6.259523 20.087093 6.483744 -2.798386
18.935518 -15.872971 4.053941 -6.553067 0.786446 -17.554728 31.631329 9.782293 -11.037011 -7.775569 4.557690 -6.329893 -24.598923 -11.496670 19.003990 3.041148 3.987751 12.570392 -19.869776 9.613381 -1.333570 -6.544939 2.286867 18.496437 -14.194761 8.085728 -6.101452 20.180391 6.505763 -2.845010
18.913414 -15.845522 4.064488 -6.602345 0.801482 -17.570835 31.554886 9.837420 -11.005877 -7.834959 4.547673 -6.327259 -24.653595 -11.463487 18.960449 3.069304 3.949353 12.607537 -19.841166 9.621911 -1.345590 -6.546167 2.252859 18.479233 -14.189773 8.081614 -6.083508 20.190592 6.509101 -2.848256
18.913132 -15.846041 4.063823 -6.603502 0.801649 -17.568762 31.554928 9.837159 -11.006063 -7.834809 4.546106 -6.327119 -24.651722 -11.462682 18.960197 3.069099 3.949314 12.606198 -19.841982 9.619523 -1.345442 -6.546592 2.253604 18.477804 -14.189007 8.081889 -6.083797 20.192202 6.509507 -2.846320
18.917358 -15.848734 4.060673 -6.601598 0.801637 -17.569906 31.556213 9.838905 -11.007157 -7.833533 4.548585 -6.325953 -24.653597 -11.460485 18.959839 3.072846 3.943290 12.600730 -19.842150 9.623038 -1.347982 -6.549487 2.256839 18.478683 -14.191567 8.078956 -6.084652 20.194420 6.508145 -2.845193
18.920059 -15.848280 4.060739 -6.602880 0.802695 -17.568386 31.557007 9.839148 -11.006228 -7.831854 4.552392 -6.326023 -24.656111 -11.456304 18.960266 3.075760 3.942296 12.593089 -19.841307 9.627506 -1.347902 -6.548369 2.254532 18.480133 -14.191208 8.079448 -6.082013 20.193012 6.507298 -2.846682
18.925014 -15.851020 4.060649 -6.602723 0.803882 -17.569132 31.558735 9.839813 -11.003596 -7.833359 4.553551 -6.325746 -24.658207 -11.456191 18.955790 3.082410 3.930812 12.591765 -19.839275 9.632200 -1.348309 -6.548133 2.252095 18.482468 -14.191045 8.079523 -6.078719 20.190582 6.506044 -2.849113
18.922771 -15.848443 4.065565 -6.602945 0.804026 -17.566778 31.559664 9.838562 -11.003154 -7.831675 4.553091 -6.334007 -24.655172 -11.464300 18.944237 3.086319 3.925473 12.593921 -19.838459 9.634098 -1.348462 -6.547007 2.251780 18.482271 -14.190326 8.080406 -6.079138 20.190529 6.507082 -2.848800
18.923929 -15.855261 4.057439 -6.602519 0.801128 -17.568476 31.558804 9.840706 -11.008130 -7.830880 4.552579 -6.336618 -24.654701 -11.464871 18.941692 3.090018 3.918809 12.594127 -19.838217 9.637326 -1.349586 -6.547790 2.255230 18.480726 -14.191593 8.077273 -6.081025 20.193649 6.506041 -2.848196
16.171513 -8.285486 4.124562 -11.198421 0.851046 -5.786052 35.440163 4.445459 -12.772561 -16.396893 -4.551388 -2.502540 -21.996159 -20.092140 3.970566 -1.065917 1.515191 20.119576 -21.055412 1.775533 0.810663 0.038397 -1.251966 12.589915 -11.523035 16.117434 -7.565660 17.475834 12.651267 -0.518106
16.171513 -8.285486 4.124562 -11.198421 0.851046 -5.786052 35.440163 4.445459 -12.772561 -16.396893 -4.551388 -2.502540 -21.996159 -20.092140 3.970566 -1.065917 1.515191 20.119576 -21.055412 1.775533 0.810663 0.038397 -1.251966 12.589915 -11.523035 16.117434 -7.565660 17.475834 12.651267 -0.518106
16.171513 -8.285486 4.124562 -11.198421 0.851046 -5.786052 35.440163 4.445459 -12.772561 -16.396893 -4.551388 -2.502540 -21.996159 -20.092140 3.970566 -1.065917 1.515191 20.119576 -21.055412 1.775533 0.810663 0.038397 -1.251966 12.589915 -11.523035 16.117434 -7.565660 17.475834 12.651267 -0.518106
11.936201 -14.315475 6.186952 -6.910231 3.976003 -5.224769 33.414913 7.692387 -7.958301 -13.632347 -5.362956 -3.230655 -20.588428 -14.462147 8.648016 2.210843 1.486364 20.726887 -19.670252 -1.462944 2.760460 2.367008 -1.557424 11.791183 -10.065936 13.770846 -8.334966 18.001375 11.519210 0.671390
12.111628 -14.516006 6.037625 -6.774452 4.405470 -4.491130 33.208527 7.618954 -7.909156 -13.544692 -5.359648 -3.171929 -20.657701 -14.569278 8.488046 2.188432 1.715756 20.662239 -19.700750 -1.675228 3.063190 2.492083 -1.518413 11.849778 -10.219353 13.803735 -8.381375 17.814381 11.657813 0.624424
12.139816 -14.513866 6.027250 -6.774472 4.397064 -4.499926 33.192844 7.611447 -7.922378 -13.560072 -5.322324 -3.166356 -20.677029 -14.550492 8.543399 2.171548 1.742875 20.650867 -19.711596 -1.652919 3.064540 2.480426 -1.513944 11.856313 -10.223675 13.807470 -8.378758 17.815872 11.663910 0.627917
12.145403 -14.511890 6.018441 -6.777878 4.398208 -4.492580 33.192970 7.610703 -7.928563 -13.560514 -5.322394 -3.166631 -20.676800 -14.551207 8.543605 2.172478 1.742274 20.650530 -19.710630 -1.653466 3.067192 2.480760 -1.514075 11.858041 -10.222524 13.806074 -8.378652 17.815695 11.663669 0.628814
12.152142 -14.500882 5.992476 -6.792754 4.406911 -4.494355 33.205158 7.612774 -7.933935 -13.531126 -5.317327 -3.210781 -20.673542 -14.595031 8.473415 2.171612 1.776998 20.668358 -19.700926 -1.646935 3.079682 2.475598 -1.497130 11.860826 -10.227986 13.822287 -8.388616 17.804193 11.673568 0.653690
12.128742 -14.496092 6.000138 -6.798491 4.408552 -4.483973 33.218430 7.614203 -7.933330 -13.526173 -5.335732 -3.208344 -20.665030 -14.597693 8.447832 2.180356 1.751583 20.674852 -19.699827 -1.657326 3.064055 2.478148 -1.504191 11.858024 -10.227689 13.802501 -8.384020 17.819759 11.661128 0.633967
12.128742 -14.496092 6.000138 -6.798491 4.408552 -4.483973 33.218430 7.614203 -7.933330 -13.526173 -5.335732 -3.208344 -20.665030 -14.597693 8.447832 2.180356 1.751583 20.674852 -19.699827 -1.657326 3.064055 2.478148 -1.504191 11.858024 -10.227689 13.802501 -8.384020 17.819759 11.661128 0.633967
12.138358 -14.493119 5.990404 -6.805190 4.411218 -4.485737 33.215393 7.615897 -7.931745 -13.522001 -5.319625 -3.215209 -20.671764 -14.597528 8.464950 2.174664 1.772730 20.670753 -19.700048 -1.641825 3.074348 2.473963 -1.499935 11.863500 -10.229106 13.816846 -8.386319 17.806223 11.669205 0.643617
12.138358 -14.493119 5.990404 -6.805190 4.411218 -4.485737 33.215393 7.615897 -7.931745 -13.522001 -5.319401 -3.215294 -20.671818 -14.597488 8.465138 2.174428 1.773325 20.670609 -19.700083 -1.641828 3.074235 2.473728 -1.499810 11.863603 -10.229107 13.816825 -8.386471 17.806316 11.669271 0.643594
12.152542 -14.498558 5.994097 -6.793532 4.409255 -4.496511 33.203571 7.612170 -7.930264 -13.533420 -5.317844 -3.213447 -20.672720 -14.594968 8.470776 2.172131 1.778738 20.669035 -19.700117 -1.643237 3.077024 2.481476 -1.498738 11.856400 -10.224484 13.818032 -8.384767 17.810438 11.670478 0.653855
