-2.140284 -6.312557 4.089249 -10.052107 10.291640 -9.914895 17.274490 9.327787 -17.834785 -10.665106 -13.320567 -2.475533 -18.139286 -18.085369 14.031405 8.256007 -0.636741 -7.018343 -10.953034 1.251922 5.047349 -8.454478 -0.797901 3.319778 -17.466980 7.182747 -12.231511 16.904102 4.856388 -1.810794
-2.452958 -6.442997 3.991880 -9.977297 10.371785 -9.923412 17.346912 9.313055 -18.008966 -10.700377 -13.258692 -2.502323 -17.940819 -18.143543 14.106074 8.363377 -0.475138 -7.232606 -11.073251 1.344855 5.109792 -8.478435 -0.734484 3.150714 -17.419230 7.267176 -12.453027 16.878250 4.837374 -1.774416
-2.981298 -6.585028 3.652191 -9.834108 10.530372 -9.967468 17.424679 9.301284 -18.371201 -10.734411 -12.974272 -2.583884 -17.475636 -18.304630 14.190785 8.770881 -0.272023 -7.914747 -11.374638 1.423310 5.207528 -8.461741 -0.615318 3.016974 -17.348019 7.378121 -12.669832 16.859787 4.800504 -1.665439
-4.264784 -6.999172 3.517323 -9.266657 10.346197 -9.637772 17.755144 9.711217 -19.125172 -11.190365 -11.827410 -2.700023 -17.343126 -18.681099 13.883536 10.283479 -0.708808 -9.152526 -11.499396 1.381040 5.692234 -8.539081 -0.600023 3.233339 -16.699883 7.662644 -13.058247 16.815002 4.739722 -1.887662
-5.757281 -7.723344 3.403877 -8.518778 10.007117 -9.116708 18.138504 10.255229 -20.009647 -11.802689 -10.691723 -2.715520 -17.505547 -19.057730 13.448044 11.909088 -1.164897 -10.280338 -11.428257 1.386718 6.211762 -8.645787 -0.613903 3.551033 -15.990180 8.012310 -13.433169 16.709156 4.697695 -2.220456
-6.773497 -8.167266 2.834421 -8.176794 9.907954 -8.553710 18.234180 10.555367 -20.645023 -12.142409 -10.124015 -2.752381 -17.584511 -19.292347 13.139445 12.602067 -1.471187 -11.187278 -11.546804 0.595153 6.660759 -8.829421 -0.708906 3.621320 -15.656773 8.165940 -13.966088 16.499182 4.698551 -2.591089
-6.862968 -7.625289 1.967636 -8.192697 10.367868 -8.438679 17.757889 11.343908 -21.109283 -12.174643 -9.763054 -2.889364 -17.588285 -19.468975 12.781365 12.884840 -1.899196 -11.870608 -11.695529 -0.438928 6.696236 -9.069529 -1.071920 3.686113 -15.507882 8.203372 -14.325269 16.174438 4.583119 -2.864779
-6.241674 -6.746735 1.272196 -8.370505 10.925017 -8.463752 16.995499 12.254170 -21.251949 -12.070560 -9.434813 -3.090646 -17.515007 -19.661156 12.482791 12.928722 -2.257089 -12.556945 -12.041621 -1.584574 6.541256 -9.318940 -1.465610 3.731990 -15.501245 8.204625 -14.630862 15.837090 4.450559 -3.177937
-5.739965 -6.019878 0.936917 -8.422400 11.477492 -8.626221 16.361507 13.147428 -21.407322 -12.094101 -9.246071 -3.248563 -17.596598 -19.812733 12.196997 12.884527 -2.557567 -12.862882 -12.183705 -2.362488 6.357596 -9.564929 -1.924973 3.916182 -15.458934 8.211228 -14.760492 15.552560 4.344407 -3.378145
-5.348920 -5.565792 0.797644 -8.401336 11.878940 -8.771370 15.963111 13.601631 -21.459681 -12.013813 -9.207851 -3.356704 -17.315922 -19.836002 12.313410 12.900673 -2.382163 -13.203276 -12.379708 -2.557401 6.269372 -9.545069 -1.942639 3.790900 -15.606641 8.145452 -14.867158 15.468365 4.252418 -3.318685
-5.155104 -5.498316 1.110040 -8.396797 11.747108 -8.827682 15.886597 13.832434 -21.296391 -12.133644 -9.099827 -3.404917 -17.529140 -19.899601 12.201427 12.933378 -2.625500 -13.060163 -12.403756 -2.755810 6.219598 -9.574333 -2.021215 3.838854 -15.601886 8.149713 -14.875189 15.438382 4.229534 -3.438708
-3.732202 -5.166267 3.416455 -8.149427 10.572386 -9.615828 15.708479 15.247944 -20.121017 -12.873270 -8.195517 -3.594343 -19.717113 -20.185469 11.012243 13.039042 -4.661967 -11.494895 -12.251882 -3.927202 6.133529 -10.098379 -3.089116 5.155254 -14.972875 8.325233 -14.353339 15.383179 4.438866 -5.066212
-0.987298 -3.711949 7.407425 -8.176519 9.570125 -11.033361 15.396469 17.580082 -17.965443 -13.618187 -6.627104 -4.293006 -22.500923 -20.345917 9.847802 12.576973 -7.194492 -9.085710 -12.135674 -5.892907 6.217327 -11.137498 -4.746912 7.266502 -13.874617 8.601099 -13.383010 15.415575 5.167647 -7.746681
1.058950 -5.352642 12.125923 -8.560022 9.741717 -6.633174 13.795013 19.930882 -14.120177 -13.135199 -5.256017 -4.315108 -27.681086 -18.144966 6.727036 13.443316 -9.556720 -5.742581 -12.453971 -8.096906 6.210686 -12.921454 -8.156653 9.783162 -13.398389 8.930411 -11.928258 14.217455 5.810460 -8.473989
1.951489 -13.021777 15.506613 -8.580709 7.713571 1.925274 10.607956 20.302128 -9.161714 -14.623742 -4.589599 -3.319494 -35.024185 -10.710005 3.841601 18.294310 -7.011071 -4.079937 -9.007358 -9.177132 6.664873 -13.375594 -11.370597 10.548600 -18.141968 7.356100 -9.816024 10.794544 7.140833 -6.329373
2.600553 -16.666040 19.876320 -13.163889 7.351260 3.323399 7.336091 18.101984 -1.277722 -14.145538 -2.872438 -3.007277 -39.289394 -5.437806 4.032607 17.071833 -1.737362 -0.039430 -7.286775 -5.095865 3.317244 -14.373237 -16.175093 11.309006 -19.895775 6.348960 -6.461268 9.600396 6.552068 -2.591832
5.991278 -20.783121 19.618942 -15.370587 8.283614 -1.967968 6.566040 12.582795 5.342491 -10.707745 -3.284997 -0.251596 -39.733948 -6.819102 2.707066 10.943372 1.689395 4.145283 -9.963487 4.779029 2.057158 -13.010254 -16.512339 9.955834 -19.532936 5.985481 -1.884437 12.911972 7.074135 3.748489
7.558090 -24.535254 14.821137 -14.845773 7.364361 -8.258227 9.177964 8.210703 5.278512 -9.567209 -5.141796 1.040027 -39.096527 -9.465489 4.594727 7.287502 7.613621 3.621246 -8.374030 9.891615 0.792349 -10.669690 -16.110529 10.357202 -20.224392 5.004632 1.512374 13.958946 6.415031 6.784576
4.731892 -24.339373 11.859197 -14.654875 6.597742 -10.848343 11.761953 5.563534 3.238543 -8.560643 -7.172351 1.857181 -39.188652 -9.022477 6.689362 5.231327 11.107643 3.865491 -6.328451 11.384760 -0.165829 -7.991904 -15.418234 10.847866 -21.685585 3.569230 3.207802 13.723960 4.807703 8.222364
2.644048 -23.249170 11.095220 -15.103043 6.511496 -12.071085 12.202097 4.553009 2.553556 -8.610504 -8.282996 1.706573 -38.807899 -8.036346 7.611631 5.228036 11.884116 4.291112 -5.176483 11.660778 -0.554693 -7.107611 -14.934114 11.033914 -22.125565 3.070075 3.238305 13.390596 4.032200 8.186240
2.263355 -23.069546 10.909740 -15.361734 6.512219 -12.156046 12.257264 4.510670 2.479382 -8.594693 -8.448883 1.577489 -38.728092 -7.867206 7.723111 5.319827 12.047523 4.379085 -4.982608 11.689201 -0.668265 -6.986429 -14.907725 11.060937 -22.145710 3.006796 3.233982 13.337400 3.883910 8.200197
2.406204 -22.777262 10.550488 -16.089355 6.600684 -12.232666 12.138527 4.417607 2.492398 -8.668449 -8.646566 1.826289 -38.912445 -7.796109 7.721144 5.353157 11.596034 4.636169 -4.895845 11.783233 -0.766788 -6.830656 -14.895767 11.197671 -22.173769 2.996300 3.368632 13.325167 3.795149 8.159122
3.028360 -22.370340 10.200650 -17.565599 6.532970 -12.468569 11.775133 4.155668 2.870227 -9.032936 -9.242310 2.464532 -39.175247 -6.805560 7.691606 6.006804 10.624170 4.829823 -4.658666 11.617235 -0.867201 -6.591690 -14.767086 11.303029 -22.232664 2.875932 3.488784 13.360121 3.619568 8.421213
3.393075 -21.871668 9.619523 -19.516165 6.313095 -12.640662 11.859506 3.896029 3.089491 -9.295671 -10.425640 2.672276 -39.164932 -4.883900 7.533218 7.060308 9.822851 5.260723 -4.188158 10.996028 -0.958653 -6.416260 -14.646663 11.513165 -22.232534 2.736100 3.556967 13.347475 3.385330 8.548265
3.917204 -21.455896 9.514791 -21.822500 5.776300 -11.957264 11.765114 3.108084 3.770983 -9.795618 -11.816477 2.789092 -38.949650 -1.841462 6.976954 8.843261 9.088625 5.380224 -3.811947 9.523861 -0.997649 -6.346899 -14.561247 11.593795 -22.122314 2.642436 3.476123 13.298474 3.190958 8.730936
4.185871 -21.433325 9.165709 -23.634508 5.276747 -10.967106 11.295675 2.233080 4.194582 -10.765905 -13.048203 2.697755 -38.755154 0.384942 6.093519 10.832985 8.243420 5.660166 -3.182817 8.446308 -1.156180 -6.364555 -14.549719 11.497217 -21.974829 2.429508 3.339102 13.411463 2.987394 8.866681
3.601136 -21.200991 8.970011 -24.702366 5.424816 -9.152538 10.472258 2.068683 4.019021 -11.268464 -13.835060 2.909738 -38.231884 1.777859 6.086113 12.492682 7.671266 5.140497 -2.664355 8.065036 -1.189315 -6.401419 -14.354072 11.191504 -21.799185 2.190076 3.051793 13.659784 2.827722 9.134523
2.093910 -21.096178 9.219617 -25.638660 5.911066 -7.119596 9.569208 1.362535 4.370072 -11.594112 -14.680100 2.997237 -37.342766 3.748097 6.134212 14.757965 7.680916 4.029489 -2.016452 8.555807 -1.237387 -6.523839 -14.136967 10.820292 -21.658155 1.982411 2.740800 13.988935 2.706677 9.366827
1.354693 -20.660460 9.783005 -25.987383 6.612120 -6.212150 8.802528 0.807280 4.796225 -11.731623 -14.781104 2.932983 -36.493244 4.350261 6.619092 15.718351 7.638380 3.540604 -1.886497 8.934616 -1.277813 -6.665126 -13.848359 10.603725 -21.559006 1.952038 2.498331 14.191223 2.657658 9.610514
0.871320 -20.429401 10.056849 -26.168434 6.923581 -5.758268 8.425837 0.509050 4.926004 -11.761660 -14.672693 2.960259 -36.225288 4.793916 6.942985 16.276310 7.832011 3.268964 -1.774016 8.971987 -1.389012 -6.573440 -13.798580 10.478958 -21.590019 1.889201 2.451495 14.242115 2.569601 9.654612
0.793877 -20.273380 10.127877 -26.156858 7.044594 -5.775652 8.368179 0.450608 4.912645 -11.716967 -14.641764 2.942198 -36.133659 4.842225 7.011049 16.428139 7.798476 3.248224 -1.746252 9.039364 -1.388195 -6.509543 -13.724758 10.442018 -21.591703 1.862081 2.400591 14.262760 2.533149 9.681534
0.441892 -19.873844 10.089996 -25.928011 7.793988 -5.605692 7.965428 -0.294517 4.710198 -11.411360 -15.002958 2.869079 -35.318802 5.240288 7.684317 16.634274 8.348197 2.762448 -1.730303 9.186049 -1.297014 -6.188472 -13.199218 10.117522 -21.651777 1.718758 2.174872 14.461679 2.394043 10.035308
-0.325450 -19.628416 9.640236 -25.486597 9.303395 -5.086658 7.071191 -1.581481 4.502630 -10.717529 -15.500555 2.968280 -33.686981 5.846581 9.052118 17.132656 9.408052 1.392522 -1.740422 9.668776 -1.115280 -5.684531 -12.507397 9.540856 -21.892811 1.456416 1.914260 14.639848 2.227581 10.624959
-1.448292 -19.578442 8.549467 -24.752068 10.944512 -4.399827 6.146202 -3.393017 3.669630 -10.252525 -16.197086 3.055153 -31.411404 6.387792 9.962035 17.775305 9.871958 0.093383 -2.215490 10.474909 -0.916595 -5.077994 -11.716545 8.547273 -22.029078 0.871045 1.348189 15.094193 1.889126 11.114735
-2.061378 -19.751608 6.639233 -22.704966 13.527277 -3.434573 4.581062 -5.297213 2.371219 -9.332920 -16.892475 2.565784 -28.597464 6.832604 10.763066 18.453959 12.072750 -2.051147 -3.029875 11.818680 -0.461129 -4.063849 -10.320060 7.416367 -22.575571 0.070632 0.746075 15.524234 1.445020 11.645502
-1.700039 -20.765158 4.816897 -19.294373 15.253461 -2.330737 3.746776 -6.814656 0.329195 -9.063459 -17.347408 2.018827 -25.998220 6.424323 11.855941 18.699440 15.258597 -5.011745 -3.911807 12.665941 -0.041945 -2.753412 -8.640524 6.145149 -23.249819 -0.506398 0.239241 15.761757 1.011643 12.501247
-0.990986 -21.927195 2.640168 -16.543125 16.047325 -2.060080 4.023476 -8.247810 -2.003453 -8.871307 -17.726124 1.513064 -23.491968 4.973289 12.718986 18.018002 18.000549 -7.984088 -5.210886 12.763989 0.174302 -1.877064 -7.607753 4.940065 -23.819542 -0.882538 -0.363391 15.737909 0.637241 12.988463
-2.590705 -0.625616 -0.914160 -26.739622 10.765548 -6.750635 16.392326 -9.582157 -15.346714 -12.941872 -21.708641 6.510717 -19.477207 -0.813968 22.820011 16.058786 8.164697 -10.134809 -0.224291 13.729027 -1.215987 4.059227 -2.709578 5.020292 -24.342224 6.146615 4.193244 16.399899 4.189551 7.252988
-2.207566 1.173887 -1.122926 -25.230352 12.147575 -7.188174 17.408829 -10.594202 -16.516998 -10.611781 -22.412136 5.446611 -16.220692 -1.791008 23.031578 15.803595 7.891212 -11.162166 -1.677768 12.349573 0.154163 4.850467 -1.131226 4.217859 -23.811842 6.239106 2.903765 16.367746 3.925715 6.611687
-0.948630 3.093834 -0.123607 -22.767046 12.792998 -7.611538 18.640209 -9.710574 -18.133568 -9.161019 -22.511629 4.310263 -12.710414 -3.619912 23.002956 15.942961 6.217472 -11.974501 -3.492315 11.034266 1.394502 5.393750 0.856498 3.861390 -22.959213 6.625061 0.989357 16.371698 3.686004 5.527058
-0.442915 -3.383061 0.618997 -13.986416 15.880765 -10.391552 15.803514 -4.322536 -16.504055 -5.381021 -20.342474 2.800116 -11.789362 -11.834268 17.354124 11.289573 7.044380 -10.416341 -8.246364 13.338614 3.644895 2.132365 3.593340 4.067746 -23.559690 3.370394 -3.768796 16.633934 1.815185 4.394149
2.658724 -3.323019 1.865460 -11.891006 15.763602 -8.541603 16.599854 -2.178831 -17.309559 -3.878702 -17.287029 0.446804 -10.401949 -14.629088 18.113522 11.668337 5.617618 -10.218317 -9.568790 14.213573 4.589851 1.652908 4.589921 4.600290 -22.687746 4.011292 -5.335709 16.623528 1.839842 2.538599
5.200470 -2.618499 5.113888 -11.022714 14.520116 -9.222692 17.799862 -0.573276 -16.273796 -3.767331 -15.652542 -1.324911 -10.069232 -17.127979 17.767033 11.103746 3.162661 -9.042885 -10.582839 13.588109 4.842711 0.506675 4.734584 5.298593 -21.317144 4.817251 -6.672128 16.764282 2.003180 0.133208
7.879098 -2.136004 7.358363 -10.819273 13.445335 -9.961155 18.333538 1.032920 -14.914723 -3.637419 -13.974566 -1.959803 -11.082305 -18.847523 17.157543 11.425633 -0.353454 -7.250949 -10.730430 14.222803 5.037645 -0.704294 4.617025 6.308998 -20.049940 5.439054 -7.499641 16.953754 2.176176 -1.723848
10.042781 -2.119632 8.400893 -10.682117 12.459510 -10.074780 19.013790 2.791705 -14.443350 -3.508326 -13.025874 -2.506808 -12.104588 -20.662376 16.165289 11.782579 -3.934095 -4.077318 -10.459823 15.826783 5.236899 -1.733202 4.305176 7.162633 -18.933380 5.944733 -8.039651 17.062243 2.431646 -3.021392
11.088684 -2.327666 9.097954 -10.085442 11.891467 -10.017253 19.591427 4.226439 -14.429908 -3.434983 -12.241226 -2.900652 -13.643252 -21.322468 15.847193 11.097479 -4.371437 -2.605596 -10.251071 15.493781 5.334968 -2.607960 3.703833 7.931774 -18.238277 6.271009 -8.114743 17.192455 2.798687 -3.628814
10.563251 -2.861250 9.456472 -9.934978 11.013166 -10.156475 20.348093 5.617568 -14.520178 -3.828310 -11.795988 -3.082183 -14.840232 -21.432447 15.942871 10.078155 -4.166737 -2.197809 -10.240783 13.870080 5.253127 -3.544158 2.967247 8.366931 -17.876068 6.448493 -8.091324 17.374683 3.197093 -3.625772
9.824263 -3.159359 9.169582 -10.223619 10.528289 -10.652698 20.584169 6.895855 -14.483045 -4.158736 -11.427148 -3.282721 -15.577911 -21.832840 16.049433 9.304799 -4.712458 -1.609519 -10.387905 12.837339 5.179293 -4.121480 2.446866 8.680463 -17.696915 6.482017 -7.890641 17.514023 3.482885 -3.511274
9.287764 -3.437577 8.760836 -10.499908 10.229495 -10.954468 20.534645 7.654294 -14.490401 -4.534279 -11.277046 -3.241004 -16.244761 -21.971502 15.900799 9.002666 -5.066864 -1.265637 -10.319939 12.268991 5.112937 -4.474023 2.072221 8.889786 -17.588621 6.509077 -7.643659 17.597504 3.692059 -3.332856
9.036233 -3.678878 8.620255 -10.646009 9.985982 -11.087463 20.554132 8.013625 -14.463559 -4.752282 -11.327433 -3.221628 -16.542215 -21.996784 15.744233 8.846444 -5.110997 -1.122747 -10.282727 11.895706 5.068985 -4.645848 1.924503 8.950609 -17.601982 6.525276 -7.544016 17.605221 3.790019 -3.148174
