-3.152683 0.111877 -6.607573 -8.481674 18.658783 -8.367914 12.287251 14.682526 -25.445139 -8.726147 -10.202704 -6.909149 -10.404963 -18.517845 17.361858 10.257501 5.316577 -16.984039 -15.580715 -4.770190 6.970836 -9.305668 -0.085797 -1.146668 -18.301147 7.999474 -17.859406 14.497153 4.593668 1.023344
-2.919073 0.350480 -6.640391 -8.222893 18.643003 -8.371756 12.080175 15.323627 -25.580811 -8.885453 -10.043867 -7.115254 -10.077968 -18.586172 17.407192 10.342758 5.323220 -17.185335 -15.807502 -4.991742 7.234035 -9.464324 -0.187207 -1.331241 -18.262413 8.157111 -18.008680 14.457636 4.810566 1.064193
-2.364171 0.415012 -6.803374 -7.827642 18.427299 -8.340847 11.802229 16.290241 -25.724430 -9.202020 -9.515184 -7.263555 -10.012105 -18.901333 17.093584 10.976778 4.823035 -17.451805 -15.744849 -5.101277 7.557897 -9.454470 -0.028657 -1.462471 -18.017910 8.263339 -18.133129 14.622545 4.916747 0.988647
-1.922525 0.384943 -6.367139 -7.081461 17.816235 -7.885556 11.881632 17.794201 -26.047428 -9.799565 -8.329493 -7.685054 -10.181270 -19.699957 16.256920 11.753548 3.480965 -17.884005 -16.216314 -6.004100 8.021865 -9.574158 -0.012350 -1.497831 -17.628174 8.300611 -18.365368 14.692024 5.068561 0.396807
-1.998400 0.438409 -5.756208 -6.659023 16.925714 -8.032804 12.565207 18.698517 -26.488037 -10.410314 -7.600482 -8.038602 -10.047215 -19.941492 15.542631 12.213254 2.775471 -18.314798 -16.773218 -6.460714 8.124599 -9.868640 -0.325368 -1.051374 -17.130253 8.373359 -18.475235 14.564938 5.044787 -0.560337
-2.157494 0.258107 -5.158046 -6.455791 16.373573 -8.373276 13.172211 19.254583 -26.612410 -10.563601 -6.965468 -8.401525 -9.568884 -20.329773 15.346676 12.738848 2.430279 -19.047720 -17.384491 -7.057618 8.219543 -9.991684 -0.147308 -0.806638 -16.622877 8.696471 -19.046276 14.406199 4.902497 -1.622910
-2.985785 -0.148057 -4.427723 -6.201135 16.284204 -8.340319 13.370736 20.005907 -26.455936 -10.655508 -6.379159 -8.520993 -9.421020 -20.776762 15.016677 12.954935 1.945445 -19.416229 -18.057795 -7.490130 8.507519 -9.979159 0.045584 -0.306982 -16.107721 8.940566 -19.379906 14.355483 4.813588 -2.617738
-3.725244 -0.839551 -4.041429 -5.900357 16.171806 -8.046997 13.301095 20.554619 -26.202272 -10.793242 -5.971636 -8.445256 -9.711192 -21.071154 14.670545 12.495468 1.551862 -19.423641 -18.856018 -8.006266 8.477371 -9.857951 0.057117 0.208198 -15.794909 8.926093 -19.351383 14.493765 4.621932 -3.400466
-4.124016 -1.054882 -3.735987 -5.909246 16.260014 -7.737301 12.928394 21.015461 -25.884705 -10.846542 -5.692034 -8.411321 -10.156796 -21.057678 14.313569 12.343923 1.223226 -19.331825 -18.979601 -8.405634 8.427593 -9.860038 0.054765 0.300195 -15.699304 8.979049 -19.498480 14.519964 4.572600 -3.933385
-4.383605 -1.312023 -3.629377 -5.724468 16.192772 -7.718216 12.876396 21.173487 -25.816463 -10.929630 -5.449221 -8.349358 -10.307431 -21.110653 14.099963 12.190326 1.156047 -19.542774 -19.236622 -8.696184 8.402697 -9.816056 0.021663 0.365670 -15.717587 8.892739 -19.489088 14.526369 4.502503 -4.119870
-4.415380 -1.277213 -3.399859 -5.753936 16.080219 -7.727602 12.880692 21.452040 -25.733963 -10.999795 -5.475402 -8.346129 -10.482863 -21.163740 14.020719 12.214334 0.948109 -19.424652 -19.144815 -8.869016 8.317450 -9.961024 -0.168881 0.577870 -15.573416 9.039149 -19.447397 14.454407 4.538291 -4.328614
-4.119574 -0.851038 -1.772711 -5.845658 14.750083 -7.854699 13.619610 21.665802 -25.485977 -11.819696 -5.368022 -8.580039 -12.313571 -21.368771 13.290935 12.508688 -0.416103 -18.221840 -18.343580 -10.270726 7.653004 -10.867595 -1.916224 2.139423 -14.576894 9.332435 -18.810814 14.044188 4.429949 -5.096364
-2.803572 0.075919 3.286556 -6.297955 12.062545 -8.526772 14.622478 20.509815 -23.150673 -13.245618 -5.642050 -7.238265 -18.198734 -19.942369 10.579565 14.745364 -4.422824 -14.614487 -14.300907 -10.516058 5.856507 -12.417420 -4.986750 4.523421 -13.332525 9.644970 -17.014143 13.835901 4.426153 -5.812190
-0.880088 -2.534892 9.601576 -5.811584 10.478057 -8.746674 14.816662 20.192097 -18.279709 -13.069858 -5.158195 -5.084383 -24.542139 -19.366093 8.281113 15.188774 -7.941606 -9.821815 -11.732341 -8.569185 5.948983 -13.074096 -7.220641 7.594949 -12.874784 9.020724 -13.716500 14.738187 5.473040 -7.931856
1.687340 -7.053385 12.552674 -8.404991 9.846648 -3.914726 12.921236 20.419834 -13.254409 -13.253938 -5.584931 -4.719839 -28.527187 -15.715314 5.884867 15.224383 -9.861091 -5.026870 -12.025298 -8.951441 6.804692 -12.893418 -8.446934 10.347075 -14.104754 8.657443 -11.014256 13.866833 6.479527 -8.495007
5.456028 -11.585488 11.114532 -14.362447 7.461803 1.786607 11.140010 18.877136 -9.188785 -14.858591 -6.628660 -1.514574 -34.036041 -12.103301 2.120114 17.908337 -11.300872 -2.761966 -8.382091 -6.613652 6.021499 -13.000928 -10.153270 11.553580 -15.428874 7.915230 -6.942501 14.293550 7.761569 -5.929353
8.037101 -10.439080 13.782018 -17.636257 7.080301 5.837734 10.622240 15.457050 -7.486623 -14.341529 -10.367710 0.248105 -33.513153 -8.795360 3.181009 18.492542 -8.842082 -1.229220 -5.502122 -1.561800 5.648088 -12.618325 -10.608392 10.807981 -16.531418 6.770163 -4.186621 15.642208 8.636908 -2.676537
6.742466 -7.859487 15.387210 -18.462589 9.303386 4.466767 10.881748 10.641908 -6.340990 -11.542046 -13.807416 -0.732213 -30.280581 -5.524258 5.719511 18.820938 -6.184642 0.142643 -4.355081 0.271696 5.536630 -9.933693 -8.092215 10.533626 -19.201117 5.395726 -3.821753 15.087756 7.409581 -1.685046
7.342073 -8.446398 12.762880 -19.227091 10.724240 4.072778 10.152028 7.877996 -6.131155 -10.247389 -15.264152 -1.435344 -28.460302 -4.184180 7.361828 18.515951 -4.513496 1.157144 -4.131474 1.542612 5.877728 -7.969423 -5.671790 10.889588 -20.224789 5.067270 -2.874550 15.699523 7.049177 -0.771316
7.366070 -9.183840 11.448073 -19.312706 10.992078 3.504127 10.134317 6.385042 -6.173646 -10.078230 -15.679154 -1.471110 -27.820173 -3.638312 8.101412 18.610516 -3.522131 1.116705 -3.843552 2.182858 6.115780 -7.345391 -4.702649 10.360462 -20.287052 4.931514 -2.242721 16.643007 7.246516 0.315507
7.325146 -9.202974 11.306735 -19.321291 11.052211 3.482609 10.154253 6.229424 -6.252157 -10.057632 -15.685770 -1.439891 -27.777315 -3.611289 8.136924 18.663036 -3.480524 1.054324 -3.816191 2.225533 6.130924 -7.302350 -4.668210 10.320432 -20.294979 4.923834 -2.138827 16.727161 7.289767 0.417217
7.398788 -9.251814 11.158028 -19.327425 11.125854 3.449407 10.151177 6.108740 -6.280910 -10.003768 -15.803785 -1.450600 -27.571997 -3.489946 8.239571 18.757019 -3.370853 0.871702 -3.813811 2.197663 6.208713 -7.264889 -4.511950 10.140220 -20.274784 4.919123 -2.125849 16.894337 7.365577 0.573343
7.352865 -9.277504 11.077571 -19.216551 11.318598 3.329474 10.216169 5.859444 -6.235299 -9.735012 -15.851874 -1.400701 -27.315269 -3.445136 8.394370 18.894724 -3.231826 0.621599 -3.800277 2.339331 6.354353 -7.141330 -4.150975 9.609574 -20.296085 4.873318 -2.064697 17.273445 7.545018 1.092808
7.173546 -9.238926 10.875479 -18.904108 11.423649 3.222943 10.565728 5.356974 -6.545850 -9.562717 -15.970185 -1.248274 -26.797939 -3.591327 8.601098 19.120943 -3.148355 0.287838 -3.885309 2.983841 6.575058 -7.032471 -3.719771 8.955972 -20.252413 4.844396 -2.026695 17.752481 7.770228 1.784410
6.723266 -9.352117 10.731999 -18.355700 11.594335 3.205543 10.863830 4.730235 -6.877282 -9.279579 -16.035217 -1.051915 -26.190329 -3.822330 8.810577 19.507275 -3.053702 -0.210359 -3.917425 3.701289 6.869812 -6.855566 -3.105892 8.103753 -20.316948 4.828626 -2.041420 18.261572 8.024697 2.721549
6.299022 -9.372597 10.426546 -18.187502 11.936753 3.272767 10.979973 4.164455 -7.197930 -8.995811 -15.869162 -0.979812 -25.364302 -4.095975 9.217710 19.813179 -2.492585 -1.100804 -4.172758 4.301932 7.093892 -6.554802 -2.435303 7.434588 -20.591957 4.733772 -2.213364 18.480610 8.085649 3.386074
6.050868 -9.473001 9.807231 -17.777929 12.270822 3.169819 10.993419 3.618260 -7.566693 -8.532857 -15.708479 -1.099465 -24.443275 -4.302157 9.635102 19.905293 -1.790118 -1.986316 -4.488461 4.539761 7.239529 -6.244643 -1.877241 7.045829 -20.831331 4.613278 -2.474836 18.492422 8.005372 3.745266
5.723463 -9.600000 9.170054 -17.050467 12.525756 3.180052 11.129063 3.347027 -8.240914 -8.219830 -15.649065 -1.286916 -23.662010 -4.346082 10.026345 19.952770 -1.067438 -2.847488 -4.687930 4.399589 7.466531 -5.912082 -1.294115 6.814126 -21.041393 4.472547 -2.908848 18.351479 7.808903 3.867019
5.431390 -9.601685 8.597731 -16.386221 12.782047 3.267286 11.247545 3.362211 -8.953370 -7.996614 -15.606729 -1.485852 -23.142967 -4.465840 10.178929 19.991400 -0.771280 -3.414286 -4.870100 4.062479 7.744720 -5.639895 -0.688192 6.615899 -21.282036 4.382755 -3.540800 18.056273 7.586720 3.828738
5.186394 -9.633156 8.295394 -16.046293 12.902635 3.335900 11.321427 3.377363 -9.340193 -7.905235 -15.614648 -1.632170 -22.854034 -4.561443 10.232888 19.959202 -0.726374 -3.647237 -4.999040 3.771039 7.854117 -5.640023 -0.577146 6.593713 -21.294380 4.393012 -3.836885 17.906858 7.529040 3.623127
5.179015 -9.623329 8.287168 -16.026421 12.915615 3.347116 11.320360 3.395723 -9.366465 -7.901084 -15.610332 -1.648567 -22.833490 -4.574962 10.236600 19.957291 -0.728366 -3.664556 -5.009263 3.738152 7.859399 -5.637520 -0.568345 6.592628 -21.295691 4.392791 -3.850482 17.899370 7.525910 3.615005
5.347323 -9.507796 8.490001 -16.129971 12.913870 3.369640 11.229755 3.495607 -9.205390 -7.910917 -15.598812 -1.613137 -22.950884 -4.599249 10.160278 19.970980 -0.874155 -3.548620 -4.974446 3.760293 7.849679 -5.676357 -0.618178 6.614363 -21.266472 4.407376 -3.824486 17.919176 7.546297 3.589774
5.607978 -9.281528 8.878957 -16.472557 12.826643 3.472037 11.038464 3.741143 -8.881366 -8.056931 -15.584671 -1.547725 -23.288704 -4.605504 10.010050 19.968861 -1.148986 -3.244274 -4.872669 3.735717 7.715303 -5.835810 -0.966077 6.786792 -21.108120 4.414971 -3.609994 17.985249 7.599478 3.428735
5.914148 -9.030299 9.190128 -16.852249 12.772738 3.588569 10.847456 4.156246 -8.623464 -8.250263 -15.570341 -1.495590 -23.767092 -4.625074 9.765973 19.965168 -1.595878 -2.792412 -4.763365 3.593377 7.575477 -6.004360 -1.339898 7.061021 -20.919090 4.433722 -3.433206 17.988091 7.615783 3.176532
6.115417 -8.860850 9.482843 -16.961103 12.622949 3.883398 10.666087 5.017463 -8.567761 -8.581372 -15.581817 -1.521382 -24.216148 -4.634712 9.531764 19.833992 -2.064173 -2.335929 -4.701569 3.263640 7.479610 -6.215895 -1.690164 7.334974 -20.711922 4.480655 -3.407929 17.930826 7.610794 2.822184
6.070295 -8.819529 9.790763 -17.261892 12.284450 4.279829 10.491930 5.953607 -8.439528 -9.148397 -15.625314 -1.576410 -24.870693 -4.636012 9.114523 19.542988 -2.767267 -1.803634 -4.721707 2.504441 7.330799 -6.634583 -2.345330 7.867068 -20.373039 4.578693 -3.564949 17.659061 7.556296 1.902245
5.904730 -8.597201 10.226230 -17.637753 11.824155 4.956562 10.441278 7.140371 -8.557809 -9.974560 -15.448187 -1.851864 -25.383873 -4.623133 8.745524 19.575359 -3.340606 -1.561459 -4.761859 1.554610 7.112559 -7.155491 -3.143504 8.610851 -20.051218 4.683063 -3.972344 17.089371 7.374249 0.473750
7.099148 2.900788 8.823535 -23.501026 6.306324 -6.407328 19.081017 7.520549 -13.212790 -13.456684 -12.885381 -1.064654 -25.482262 -12.167119 16.854816 13.750546 -8.057358 0.155813 -3.097695 2.644928 0.769852 -5.354386 -8.340961 10.503660 -15.014018 9.327327 -0.811320 17.104826 6.835481 -3.899533
6.597255 2.633940 9.620042 -22.897482 5.847495 -5.182415 19.038467 9.301761 -13.402204 -13.902241 -11.826729 -1.560891 -26.120300 -12.541693 16.069704 14.485534 -9.015973 -0.461819 -3.490076 0.948002 0.991057 -6.040404 -8.887163 10.853267 -14.369514 9.696527 -1.796751 16.542488 6.797011 -5.027078
6.298863 2.145570 10.161397 -21.686087 5.507775 -3.974858 18.862885 11.336309 -13.793454 -14.282890 -10.350142 -1.908636 -26.509165 -13.181788 15.276895 15.516828 -10.013602 -1.430184 -4.050927 -0.194196 1.616678 -6.974419 -9.202835 10.902172 -13.396852 10.549735 -3.311547 15.987823 7.033436 -5.894409
6.422835 -5.430886 9.163939 -14.860595 7.649631 -8.213144 14.737713 14.843919 -11.809252 -12.267936 -8.825399 -1.350945 -28.450790 -19.480316 8.651676 10.827479 -7.583335 -1.451775 -7.507160 0.668373 3.414421 -11.052678 -7.488977 10.375390 -14.815825 7.893608 -7.489065 15.821030 5.574586 -4.773120
7.804241 -4.957294 8.310048 -13.547722 8.467897 -8.012076 14.412035 16.010736 -12.805330 -12.038198 -7.516140 -1.874036 -27.385120 -20.311337 8.811885 11.514900 -7.691351 -3.267170 -8.220191 -0.196578 4.429910 -11.567718 -6.821142 9.686143 -14.508498 8.296322 -9.231476 15.543325 5.661884 -5.161955
7.574455 -3.875695 7.590052 -12.564227 9.568069 -8.666322 14.357250 16.386869 -14.094846 -11.838694 -7.432047 -2.509801 -26.014902 -20.649746 9.464157 11.042503 -7.144641 -4.280067 -8.969564 -1.171519 4.915675 -11.313807 -5.844240 8.703590 -14.522355 8.400131 -10.370845 15.680887 5.566643 -5.462918
6.142277 -3.210972 6.522664 -11.478148 10.558734 -9.236170 14.465856 16.006695 -15.255393 -11.237587 -8.442081 -3.110635 -24.285255 -20.306767 10.549563 9.400911 -5.897179 -4.640763 -10.411920 -2.059930 5.335004 -10.703525 -4.560102 7.615099 -14.901067 8.257373 -11.176196 16.056370 5.452726 -5.623169
4.441531 -3.382496 5.551543 -11.011528 11.029034 -9.446363 14.700138 15.091991 -15.887298 -10.717159 -9.614537 -3.229516 -22.860867 -19.827763 11.470261 8.369710 -4.726785 -4.970617 -11.142249 -2.007159 5.470597 -9.927077 -3.234184 6.450753 -15.489624 7.937637 -11.626907 16.459583 5.235559 -5.061729
2.613014 -4.203109 4.939054 -10.774725 11.134437 -9.695444 15.359524 13.439022 -16.492830 -10.537343 -10.817007 -3.228836 -21.491352 -19.376625 12.266072 7.778270 -3.488904 -5.392152 -11.387107 -1.612643 5.339421 -9.421191 -2.366727 5.462096 -16.043736 7.710258 -11.929688 16.728142 5.063964 -4.475163
0.780340 -5.306899 4.760252 -10.671041 10.592910 -9.824656 16.221367 11.741251 -16.899376 -10.767298 -11.846069 -3.003190 -20.083378 -18.917805 12.906827 7.991903 -2.354035 -6.179871 -11.402180 -0.720785 5.187412 -9.061273 -1.845617 4.717386 -16.501116 7.432305 -12.043077 16.857765 4.930633 -3.722437
-0.693962 -6.121350 4.732514 -10.439381 10.216675 -9.902951 16.914694 10.492805 -17.189610 -10.845724 -12.657180 -2.731875 -19.131891 -18.427586 13.492984 8.107694 -1.532825 -6.581354 -11.170312 0.221287 5.055202 -8.822243 -1.533465 4.265882 -16.878223 7.253166 -12.024265 16.892044 4.866316 -3.109893
-1.571279 -6.257593 4.400849 -10.225159 10.246806 -9.923872 17.170031 9.795433 -17.582491 -10.775694 -13.102811 -2.574333 -18.592598 -18.187401 13.834332 8.140615 -1.003908 -6.746991 -11.002149 0.843540 5.005169 -8.634482 -1.146349 3.725709 -17.219753 7.218516 -12.131211 16.900846 4.858385 -2.367357
-2.081193 -6.301676 4.121165 -10.076940 10.297371 -9.915840 17.272442 9.359044 -17.816092 -10.671271 -13.333551 -2.478940 -18.219265 -18.084663 13.983232 8.237073 -0.709177 -6.930285 -10.947391 1.192962 5.042173 -8.492454 -0.852318 3.366127 -17.419258 7.188674 -12.234344 16.904068 4.856276 -1.898546
