-9.926991 -19.833710 0.284656 -1.885589 23.422010 -7.427594 8.908987 13.533695 -8.435946 3.501716 -18.356461 5.607282 -11.169906 -20.377649 11.473550 7.237491 7.653695 -4.920081 -10.600505 -6.574950 9.578949 10.097654 -7.244962 5.549198 -8.590495 0.798137 -18.485003 9.881883 -1.331259 4.585424
-10.038269 -19.825678 0.200000 -1.803329 23.485542 -7.417690 8.909122 13.545902 -8.532946 3.539799 -18.310812 5.572052 -11.022316 -20.390640 11.520123 7.280545 7.718208 -5.094140 -10.649779 -6.613640 9.599575 10.115668 -7.194494 5.507924 -8.610345 0.799395 -18.518946 9.872488 -1.336867 4.650633
-10.148880 -19.806387 0.099539 -1.694164 23.547533 -7.394751 8.886985 13.592842 -8.647721 3.576734 -18.234615 5.506920 -10.854163 -20.399136 11.542783 7.355745 7.746697 -5.295115 -10.662629 -6.682119 9.631811 10.144724 -7.121400 5.459129 -8.633172 0.811011 -18.560711 9.862249 -1.337181 4.735725
-10.234862 -19.773476 0.036746 -1.610383 23.569012 -7.355085 8.859449 13.692585 -8.760015 3.569769 -18.102682 5.417779 -10.646289 -20.446087 11.576314 7.498053 7.790584 -5.583389 -10.715621 -6.785616 9.689661 10.144082 -7.034318 5.385352 -8.628442 0.851984 -18.637516 9.849896 -1.311779 4.796873
-10.359379 -19.689577 -0.060612 -1.466334 23.579714 -7.315077 8.817209 13.852179 -8.938542 3.534206 -17.835464 5.333375 -10.436324 -20.515432 11.596503 7.737015 7.780945 -5.955788 -10.796679 -6.852319 9.766460 10.110916 -6.997892 5.331971 -8.564526 0.934031 -18.730804 9.831614 -1.266641 4.778851
-10.832584 -19.709547 -0.053413 -1.073603 23.431427 -7.042690 8.855454 14.327070 -9.336087 3.260712 -17.097651 5.107943 -10.511506 -20.789898 11.254565 8.472775 7.294987 -6.374449 -10.884374 -7.139362 9.853123 9.867689 -7.193904 5.354325 -8.292724 1.183337 -18.856638 9.834523 -1.110930 4.427617
-11.205324 -19.852024 -0.080941 -0.762474 23.291689 -6.795324 8.979014 14.637367 -9.736676 2.970835 -16.242279 4.877421 -10.955527 -21.134876 10.773629 9.277662 6.584389 -6.552668 -10.916405 -7.509296 10.051088 9.650489 -7.285114 5.248306 -8.007898 1.448039 -19.123001 9.827094 -0.957713 4.162090
-11.436888 -20.078402 -0.022859 -0.518048 23.088593 -6.476742 9.110598 15.013805 -10.030944 2.671981 -15.734040 4.706103 -11.009720 -21.310287 10.549736 9.794792 6.323071 -6.877677 -10.943533 -7.702932 10.128338 9.122779 -7.831867 5.398019 -7.443009 1.872723 -19.234779 9.848782 -0.673196 3.339262
-11.976752 -20.525543 -0.049234 -0.265887 22.845919 -6.192635 9.377893 15.262717 -10.427045 2.290715 -14.806427 4.496935 -11.523124 -21.710049 10.041005 10.631341 5.590763 -7.130471 -11.013434 -8.170471 10.288704 8.809205 -8.072849 5.393214 -7.115239 2.123846 -19.444984 9.825178 -0.509839 2.868247
-12.390581 -20.798239 -0.222000 -0.055081 22.802429 -5.954640 9.577532 15.445310 -10.835236 2.061869 -14.634309 4.406839 -11.403720 -21.765368 10.022490 10.867989 5.725338 -7.414551 -11.170462 -8.215795 10.515841 8.670005 -8.080027 5.387928 -6.943108 2.331655 -19.635235 9.834976 -0.383880 2.579245
-12.725695 -20.836302 -0.503940 0.111046 22.820498 -5.799662 9.632416 15.781464 -11.237687 1.866746 -14.588070 4.373561 -11.405478 -21.812239 10.071712 10.804117 5.949902 -7.625157 -11.385382 -8.441854 10.693002 8.525459 -8.156706 5.420774 -6.857838 2.485451 -19.792353 9.761433 -0.278637 2.294665
-12.768059 -20.637465 -0.951662 0.224656 23.064802 -5.730738 9.470032 16.264847 -11.583063 1.852275 -14.260271 4.222216 -11.516993 -21.985983 9.941899 10.947611 5.762562 -7.869160 -11.613336 -8.985573 10.805177 8.433969 -8.134277 5.222006 -6.874975 2.530483 -20.067625 9.674135 -0.223094 2.243215
-12.669384 -20.333052 -1.471543 0.126679 23.302414 -5.586832 9.186043 16.926849 -11.852387 1.781674 -14.198742 4.079065 -11.551814 -22.046621 9.881415 10.770099 5.742352 -8.104662 -11.797324 -9.696370 10.802197 8.268855 -8.292989 5.254750 -6.882880 2.578809 -20.182472 9.545561 -0.151565 2.025860
-12.331951 -19.907192 -1.940565 -0.013505 23.639366 -5.570006 8.850806 17.454861 -12.029122 1.817399 -14.222782 3.957433 -11.274777 -22.015236 9.980622 10.745676 5.979195 -8.607654 -11.982641 -10.194244 10.761323 8.129764 -8.494408 5.292383 -6.900638 2.534696 -20.251522 9.407988 -0.145260 1.908388
-12.061411 -19.531576 -2.051427 -0.098032 23.797421 -5.484459 8.550220 18.063072 -12.111421 1.690652 -14.158842 3.817767 -11.199346 -22.027550 9.974677 10.571195 6.078974 -8.926264 -12.157800 -10.767849 10.842915 8.023825 -8.576008 5.220176 -6.898094 2.552502 -20.496017 9.259906 -0.144131 1.810642
-11.936351 -19.231367 -2.168912 -0.134889 24.042374 -5.530905 8.305084 18.383049 -12.199796 1.667332 -14.186844 3.722597 -11.099778 -21.970867 10.038611 10.428720 6.175540 -9.173831 -12.241807 -11.226027 10.865294 7.969789 -8.648556 5.148063 -6.945428 2.500140 -20.673607 9.110518 -0.197812 1.840880
-11.850460 -18.971891 -2.171264 -0.213292 24.226768 -5.540085 8.093726 18.641619 -12.215476 1.623975 -14.273112 3.693809 -10.957294 -21.910213 10.092708 10.435236 6.325336 -9.397971 -12.305261 -11.385704 10.858061 8.038111 -8.613023 5.030490 -7.066737 2.364485 -20.774734 9.045299 -0.300936 1.954105
-11.672132 -18.651602 -2.277733 -0.288356 24.471310 -5.574400 7.857615 18.859165 -12.268209 1.651361 -14.273774 3.555721 -10.629252 -21.924547 10.272789 10.449401 6.597011 -9.748481 -12.512929 -11.611086 10.894855 8.056956 -8.554040 4.854039 -7.183784 2.344495 -20.939133 8.964087 -0.327789 2.070952
-11.432543 -18.462770 -2.237287 -0.375200 24.594328 -5.600351 7.701464 19.034960 -12.244248 1.619826 -14.197596 3.433478 -10.528272 -21.989689 10.324340 10.456638 6.648201 -9.890835 -12.661736 -11.846235 10.922786 8.008852 -8.593924 4.802076 -7.226764 2.376771 -21.000486 8.915793 -0.290973 2.058841
-11.372200 -18.408495 -2.240642 -0.385377 24.655830 -5.616948 7.663682 19.078903 -12.266698 1.616984 -14.179094 3.398069 -10.482200 -22.012186 10.347087 10.449730 6.662732 -9.925252 -12.702149 -11.904668 10.915486 8.002611 -8.602392 4.774633 -7.262100 2.377907 -21.006428 8.904940 -0.281178 2.076062
-11.457832 -18.463713 -2.135700 -0.396963 24.573156 -5.639004 7.692959 19.141647 -12.230327 1.511732 -14.099172 3.429422 -10.601310 -22.089184 10.207515 10.543178 6.447994 -9.993877 -12.704057 -12.074867 10.949382 7.931870 -8.710667 4.891087 -7.150723 2.435873 -20.980175 8.902746 -0.245860 1.920717
-11.656054 -18.581896 -1.650748 -0.595202 24.326498 -5.703659 7.737226 19.508884 -12.040708 1.085436 -13.895823 3.522969 -11.001481 -22.303806 9.786971 10.792191 5.803520 -10.074929 -12.677614 -12.503995 11.185053 7.840044 -8.717279 4.858523 -6.978653 2.595229 -21.119976 8.923617 -0.114866 1.723096
-11.617056 -18.688501 -0.939586 -0.889244 23.909281 -5.816165 7.714859 19.882488 -11.565183 0.605333 -13.807119 3.710084 -11.616058 -22.429386 9.249071 11.143297 4.943724 -10.054318 -12.448605 -12.983542 11.287853 7.656158 -9.071326 5.266679 -6.709378 2.631084 -20.914337 9.020265 0.027099 1.066626
-11.328602 -18.832964 0.181396 -1.194069 23.124300 -5.867405 7.564288 20.629185 -10.786374 -0.086681 -13.469630 3.833127 -13.064659 -22.555582 8.307149 11.411496 3.451525 -9.340697 -12.177777 -13.898758 11.319831 7.468407 -9.586530 5.804041 -6.460674 2.529549 -20.647400 9.092314 0.125923 0.086443
-10.726985 -18.895998 2.074308 -1.345780 21.918268 -6.076871 7.487186 21.421938 -9.580231 -0.824687 -12.821747 3.820711 -15.108909 -22.760208 7.198534 11.560207 1.443415 -7.774859 -11.808650 -14.710033 11.259680 7.032743 -10.308891 6.533779 -6.017731 2.499156 -20.291237 9.335688 0.429564 -1.417437
-9.675071 -18.991404 4.149806 -1.393082 20.478184 -6.355625 7.438309 22.706089 -8.269368 -1.664111 -12.083023 3.674340 -17.340450 -22.812098 6.145548 11.509140 -0.441924 -5.865005 -11.473914 -15.566897 10.862051 6.372197 -11.544224 7.743582 -5.469782 2.447934 -19.508121 9.670893 0.738585 -3.240230
-7.911506 -19.092764 6.283157 -2.078079 18.855722 -6.782936 7.397756 23.996822 -6.497185 -2.648328 -11.104241 3.280523 -18.900955 -22.950338 5.381671 11.445636 -2.098518 -4.531880 -11.481405 -16.641266 10.324859 5.507378 -12.901696 8.748700 -4.988727 2.792573 -18.625267 9.928577 1.289824 -4.833746
-6.291636 -18.866179 7.874517 -3.076932 18.133381 -7.059619 7.141613 25.006531 -5.053319 -3.079942 -10.445221 3.019029 -21.029049 -22.528851 4.456059 11.494330 -3.245233 -2.748812 -11.553697 -17.610538 9.458075 4.354232 -14.529411 9.694348 -4.888844 3.631901 -17.497763 9.768356 2.117279 -5.880208
-5.285296 -18.306713 9.838454 -4.288316 16.543312 -6.960934 7.537768 25.506132 -4.503826 -4.439990 -9.926701 3.170585 -23.791588 -21.196621 2.664766 11.829392 -4.402508 -1.004258 -11.689106 -18.709049 7.484923 3.149116 -16.281420 11.178437 -5.287481 5.190138 -16.513201 8.370728 2.342371 -5.867842
-2.675571 -17.414639 11.509812 -5.422793 13.124858 -10.311943 9.596500 24.720778 -4.354842 -7.312877 -9.982587 3.110777 -26.490320 -17.301651 0.592048 15.037081 -4.944092 -0.102321 -10.748483 -20.280560 3.765175 2.236078 -18.405771 13.333972 -6.280611 7.346686 -15.775256 5.152492 1.091005 -4.406365
-1.080039 -16.859468 12.705125 -6.726511 10.714099 -12.886566 11.196212 23.123940 -3.668342 -8.748082 -9.331781 3.782407 -30.309681 -14.591529 -0.562063 16.669750 -3.282206 0.615909 -9.041852 -20.285240 1.566481 1.805467 -20.301584 15.336114 -8.423906 8.491324 -14.017262 2.416819 0.618348 -3.793774
-1.051654 -16.897413 14.335389 -7.776098 8.960951 -14.131927 12.457776 22.154165 -2.542177 -9.362923 -8.965170 4.758649 -33.036530 -12.104838 -1.121478 16.814545 -1.509389 1.593104 -7.758694 -19.358217 -0.201459 2.172822 -21.888525 17.015841 -9.467517 8.431664 -12.360002 1.508156 -0.282159 -4.417352
-0.783484 -15.898393 16.199514 -9.756079 8.169787 -16.604830 13.137332 21.906342 -0.773306 -9.022411 -8.239834 4.694514 -34.685410 -9.983441 -0.547116 16.109035 1.131444 3.202863 -6.811309 -18.112610 -1.510293 3.265487 -22.345217 18.900946 -10.124846 8.888904 -10.309499 1.112539 -0.768650 -5.212201
-0.239996 -15.738073 17.349270 -12.749575 7.786756 -18.021669 12.237253 20.725342 2.067684 -9.043646 -8.419144 5.120008 -35.784657 -7.589208 -0.699986 16.110338 2.754912 4.801156 -6.061198 -15.790398 -2.104198 3.681081 -21.848604 19.987812 -10.446656 9.967818 -7.682103 1.962731 0.399589 -5.489904
0.759115 -16.656237 17.390835 -15.030169 7.328641 -17.577532 10.793480 19.115705 4.599640 -9.393769 -8.000786 6.090803 -36.578941 -6.996182 -1.283829 14.361031 4.247139 5.971247 -7.071908 -12.996485 -1.436205 4.376716 -20.468016 20.151112 -11.009645 10.807843 -5.163703 3.208443 2.138394 -4.523479
2.592949 -17.865610 16.480930 -17.325441 7.446681 -16.031435 9.123363 17.277138 6.254766 -9.764325 -7.775846 6.982109 -37.195972 -7.709875 -1.685301 11.707403 5.532407 7.792196 -8.014174 -9.987033 0.354462 5.290472 -18.346363 19.893423 -11.791330 11.534762 -3.293947 4.122729 3.962524 -2.975563
3.402639 -18.312738 15.766761 -18.886635 7.579067 -15.454817 8.339128 16.002819 7.044186 -9.930546 -8.225328 7.567200 -36.654606 -8.555573 -1.376415 9.986664 6.711575 8.490319 -8.559402 -7.694191 1.449521 5.508377 -17.207800 18.957956 -12.424314 11.860380 -1.980665 5.072318 5.537666 -1.318485
3.834563 -18.399361 14.733051 -19.880507 8.018731 -14.971584 7.707521 14.733368 7.198376 -9.937226 -8.462164 8.066085 -36.317261 -9.498747 -1.060495 8.944347 7.668518 8.576032 -8.879178 -6.070827 2.205258 5.515895 -16.522991 18.351641 -12.932563 11.891507 -1.214837 5.675393 6.622550 -0.150019
3.879728 -18.552645 14.128654 -20.464296 8.330248 -14.711733 7.290932 13.864630 7.327081 -9.861215 -9.002026 8.413825 -36.101555 -9.885257 -0.997579 8.298356 7.905696 8.951228 -8.857266 -5.242525 2.598496 5.489559 -16.074533 17.910015 -13.241998 11.832084 -0.813787 6.166608 7.262549 0.471018
3.856513 -18.633863 13.949761 -20.628038 8.373685 -14.666059 7.269129 13.568976 7.301103 -9.827345 -9.134068 8.498591 -36.089905 -9.971553 -0.892225 8.137519 8.137658 9.011906 -8.730727 -5.003227 2.624924 5.584911 -15.939693 17.895262 -13.300029 11.743602 -0.620482 6.330741 7.309457 0.653353
3.896814 -18.655210 13.926707 -20.673632 8.318432 -14.624126 7.272598 13.558832 7.297676 -9.868555 -9.180025 8.524203 -36.095261 -9.951028 -0.891447 8.160507 8.118126 9.001902 -8.691129 -5.004862 2.593442 5.585493 -15.954093 17.937729 -13.308317 11.739804 -0.597124 6.330743 7.290738 0.690997
3.908683 -18.703985 13.795964 -20.756456 8.259974 -14.501459 7.248284 13.538501 7.224333 -9.950195 -9.280613 8.588511 -36.174316 -9.979428 -0.952817 8.219601 8.026986 8.995995 -8.575431 -5.038706 2.563956 5.592728 -15.950084 18.000628 -13.333026 11.748096 -0.570659 6.316769 7.269522 0.723342
3.980275 -18.751337 13.650411 -20.914492 8.136847 -14.378397 7.219615 13.521482 7.191223 -10.091743 -9.428765 8.732543 -36.409279 -9.902132 -0.965601 8.255414 8.093359 8.908225 -8.340691 -5.146376 2.490492 5.529667 -15.989027 17.918663 -13.389989 11.692409 -0.467258 6.457043 7.349664 0.804001
4.122309 -18.813347 13.413738 -21.082323 8.066685 -14.153614 7.088938 13.536721 7.135001 -10.239594 -9.574880 8.847958 -36.765358 -9.817954 -0.954995 8.294375 8.223791 8.852610 -7.932102 -5.333524 2.489790 5.377503 -16.050953 17.665659 -13.797876 11.731509 -0.436571 6.338533 7.613441 0.994490
4.201574 -18.861994 13.121793 -21.312429 7.908791 -14.033925 7.068354 13.447323 7.031762 -10.450317 -9.855779 8.970615 -36.895615 -9.855793 -0.875517 8.334324 8.276382 8.803674 -7.525211 -5.408497 2.445497 5.251713 -16.188564 17.673321 -14.112494 11.916051 -0.466030 5.968596 7.683442 1.352326
4.392541 -18.860804 12.751558 -21.516733 7.846602 -13.875854 6.955067 13.343779 6.931113 -10.595102 -10.037943 9.077910 -37.062378 -9.920705 -0.739862 8.414585 8.560806 8.605716 -6.995055 -5.445512 2.280326 5.122773 -16.325567 17.663153 -14.104333 12.068295 -0.428797 5.892916 7.696405 1.583076
4.580360 -18.904177 12.139006 -21.899321 7.667550 -13.860886 6.889771 13.047636 6.824339 -10.761176 -9.995867 9.055791 -37.383751 -10.078776 -0.663968 8.556341 8.780927 8.525891 -6.499181 -5.583723 2.061168 4.853558 -16.634829 17.455961 -14.374162 12.190640 -0.477115 5.617523 7.770325 1.951422
5.000961 -18.860384 11.595020 -21.894896 7.600469 -13.897859 6.963702 12.951557 6.582883 -10.672945 -10.143984 9.114049 -37.446102 -10.048276 -0.589613 8.752719 8.803312 8.511371 -6.074681 -5.561991 1.571612 4.788933 -16.929213 17.517725 -14.445482 12.176572 -0.477702 5.388837 7.467379 2.420009
5.168331 -18.588377 11.157737 -21.863445 7.612333 -14.088211 7.083106 12.818065 6.335878 -10.494960 -10.281419 9.197618 -37.608727 -9.993280 -0.588936 9.024494 8.778601 8.604198 -5.466721 -5.325783 1.165388 4.687673 -17.212801 17.260902 -14.481612 12.053464 -0.570078 5.274447 7.181101 2.926348
5.134274 -18.241371 10.869035 -21.934015 7.548072 -14.354030 7.291273 12.610199 6.079014 -10.394473 -10.601130 9.266212 -37.413780 -9.707241 -0.586914 9.622574 8.679553 8.594773 -4.918144 -4.867763 0.714155 4.688074 -17.582457 17.448126 -14.523569 12.080078 -0.738943 4.667942 6.660707 3.393526
4.698203 -17.862827 10.987184 -22.070868 7.474315 -14.716099 7.600981 12.384420 5.888143 -10.378645 -10.780390 9.107934 -37.058697 -9.554873 -0.677491 10.193243 8.293153 8.842052 -4.680360 -4.550671 0.158120 4.711233 -17.893881 17.465446 -14.651656 12.001782 -0.862534 4.228972 6.119396 4.009919
4.065506 -17.293501 11.383208 -22.122356 7.364825 -15.137963 8.044380 12.149271 5.609262 -10.485622 -10.840545 8.861241 -36.977402 -9.272864 -0.439083 10.803041 8.485180 9.130778 -4.071330 -4.083167 -0.121965 4.856529 -17.964483 17.596693 -14.685623 11.905910 -1.005015 3.946056 5.690169 4.136418
3.376474 -16.633272 12.031318 -22.114637 7.294312 -15.641658 8.546047 11.992062 5.380214 -10.509533 -10.712708 8.590053 -36.705803 -9.201363 -0.544866 11.740623 8.021232 9.308465 -3.849843 -3.742301 -0.516077 5.081948 -17.977148 17.660643 -14.756467 11.715028 -1.156019 3.699639 5.142657 4.476487
2.702430 -16.123243 12.460424 -22.172369 7.412996 -16.185213 8.821729 11.851751 5.214337 -10.526054 -10.957545 8.531933 -36.443344 -8.808452 -0.483043 12.480894 7.982131 9.232480 -3.525105 -3.474547 -0.720347 5.327710 -17.875614 17.877096 -14.756570 11.677588 -1.326593 3.463810 4.719685 4.411263
1.953402 -15.782132 12.908246 -22.277292 7.430502 -16.524101 9.232823 11.547601 5.048492 -10.572227 -11.026198 8.274219 -36.088417 -8.681102 -0.393170 12.859292 7.885781 9.210328 -3.499275 -3.547733 -0.791632 5.572801 -17.697067 17.873253 -14.867440 11.533448 -1.368352 3.482166 4.508403 4.501879
1.172715 -15.310480 13.391726 -22.222500 7.451119 -16.883209 9.556341 11.392212 4.906237 -10.557492 -11.119585 8.058539 -35.846016 -8.303057 -0.132268 13.344630 8.293212 8.986361 -3.294680 -3.578340 -0.962461 5.674126 -17.576660 17.774855 -14.680968 11.494729 -1.418689 3.718949 4.332463 4.536649
0.682351 -14.951702 13.576453 -22.097551 7.660292 -17.071634 9.594903 11.368469 4.743694 -10.471664 -11.297520 7.832728 -35.549129 -8.138255 0.090150 13.541025 8.496445 8.905567 -3.259160 -3.642250 -1.104546 5.772757 -17.482523 17.709675 -14.617357 11.380910 -1.530911 3.794176 4.094863 4.615134
0.398793 -14.738105 13.581381 -21.987738 7.773881 -17.033663 9.619638 11.384948 4.525846 -10.425137 -11.480415 7.634616 -35.176640 -8.032683 0.308636 13.760160 8.614354 8.800544 -3.265958 -3.637673 -1.162114 5.923385 -17.373455 17.717365 -14.634387 11.234838 -1.587732 3.828223 3.901282 4.592741
0.258415 -14.686575 13.566940 -21.940607 7.870880 -16.960085 9.607180 11.383327 4.433767 -10.379694 -11.561996 7.592694 -35.022156 -7.970382 0.376700 13.823725 8.690266 8.696069 -3.278417 -3.651833 -1.138736 6.028048 -17.232605 17.751150 -14.582431 11.149872 -1.604303 3.929716 3.822332 4.552390
0.195716 -14.622723 13.571502 -21.920717 7.936803 -17.006199 9.595254 11.376427 4.396771 -10.357016 -11.589542 7.538275 -34.959797 -7.950249 0.427731 13.833274 8.733512 8.680662 -3.280164 -3.689013 -1.165106 6.098196 -17.159182 17.758963 -14.549152 11.105089 -1.572848 4.001193 3.768144 4.597731
0.131754 -14.635595 13.493266 -21.938932 7.982450 -16.986765 9.579292 11.276495 4.382131 -10.318076 -11.712976 7.540143 -34.874531 -7.842786 0.469113 13.899797 8.757165 8.692758 -3.249422 -3.639035 -1.173362 6.172380 -17.077497 17.689547 -14.596171 11.051860 -1.549999 4.052819 3.742270 4.664940
-0.031388 -14.585819 13.313639 -21.976627 8.152406 -16.936914 9.548122 11.015343 4.269756 -10.222475 -12.058319 7.457008 -34.426594 -7.558613 0.678000 14.030920 8.859570 8.735531 -3.223395 -3.487466 -1.236569 6.354930 -16.909948 17.591667 -14.640134 10.905131 -1.446601 4.212773 3.646801 4.855652
-0.367766 -14.476468 12.963584 -22.055174 8.550893 -16.981989 9.403831 10.557007 4.099212 -10.063608 -12.435922 7.377023 -33.880455 -7.164804 0.879186 14.265986 8.987761 8.734090 -3.206938 -3.264809 -1.289266 6.573563 -16.688034 17.307367 -14.794803 10.690098 -1.398083 4.384520 3.544227 5.184113
-0.675590 -14.407931 12.437306 -22.051958 9.023744 -16.848909 9.221630 10.043449 3.791637 -9.860806 -13.015361 7.312736 -33.233627 -6.415877 1.131086 14.702007 9.184930 8.636528 -3.087600 -3.132645 -1.411202 6.989118 -16.329687 16.904722 -14.962190 10.324715 -1.315857 4.692706 3.301831 5.577471
-1.070718 -14.454138 11.702662 -21.943419 9.579077 -16.645613 8.970626 9.519718 3.484741 -9.540266 -13.847103 7.277502 -32.340294 -5.486832 1.490062 15.134710 9.543718 8.400909 -3.034026 -3.088232 -1.510070 7.383406 -15.948267 16.564270 -15.025754 9.936085 -1.258481 5.100410 3.070646 5.803029
-1.506266 -14.594716 10.875941 -21.911297 10.064034 -16.380312 8.774067 8.849787 3.227471 -9.218207 -14.488573 7.327264 -31.445261 -4.448752 2.040488 15.726032 10.096153 7.989223 -3.048275 -2.894760 -1.770205 7.989773 -15.494959 16.478931 -15.169596 9.496014 -1.089415 5.386549 2.638105 5.935251
-2.137870 -14.656976 9.896977 -21.948954 10.615943 -16.140768 8.692760 8.194393 2.794455 -8.900267 -15.209581 7.356151 -30.290142 -3.590514 2.727622 16.242844 10.904073 7.125764 -3.070377 -2.866711 -2.034847 8.702685 -14.998453 16.439716 -15.382797 9.024048 -0.975320 5.524360 2.107126 6.024712
-2.856914 -14.717842 8.647746 -22.038099 11.479678 -15.944590 8.354515 7.881793 2.228969 -8.582064 -15.899003 7.592645 -29.532436 -2.369342 3.643824 16.389456 12.356235 6.126090 -2.985127 -2.730946 -2.282672 9.508891 -14.534112 16.330883 -15.545487 8.578533 -1.027372 5.507312 1.377679 6.188134
-3.275818 -14.939571 7.069990 -22.172161 12.291347 -15.753036 8.314165 7.253304 1.540959 -8.006780 -16.519651 7.826696 -28.940121 -0.949335 4.647728 16.739006 14.006276 4.925708 -2.727147 -2.819945 -2.477523 10.387947 -13.981522 16.387369 -15.794341 8.105639 -0.886258 5.500618 0.671152 6.327529
-3.860318 -15.475982 5.484140 -21.762671 12.917640 -15.610561 8.501129 6.256950 0.692426 -7.349757 -17.225571 8.045162 -27.882050 0.284595 5.813578 17.028988 15.513141 3.453840 -2.621759 -2.702524 -2.655943 11.276462 -13.476317 16.072123 -16.063951 7.565562 -0.879809 5.588645 -0.041546 6.599010
-4.305182 -15.870791 3.651947 -21.557268 13.314080 -15.769770 8.624421 5.018865 -0.194013 -7.028165 -17.784241 8.169776 -26.391071 0.962277 7.092797 17.056709 17.130507 1.662527 -2.804863 -2.480890 -2.753388 12.194921 -12.733443 15.545277 -16.485680 7.017965 -1.043960 5.716275 -0.666808 6.969304
-4.896393 -15.992914 2.034276 -21.604969 13.668780 -15.821775 8.604149 4.087422 -0.825477 -6.735321 -18.103970 8.173192 -25.016613 1.485484 7.973207 17.222015 18.730974 -0.006503 -3.104172 -2.337889 -2.634145 13.016676 -11.802320 15.108367 -16.882046 6.518842 -1.490798 5.586856 -1.419404 7.542887
-4.987270 -16.205538 0.027375 -21.644136 14.301684 -15.517570 8.275703 3.413215 -1.613337 -6.438146 -18.659363 8.241405 -23.470850 1.715730 8.388463 17.609528 19.592487 -1.507223 -3.727984 -2.069753 -2.382025 13.706151 -10.836983 14.857009 -17.096365 6.107662 -2.042548 5.361685 -2.181501 8.140131
-5.150538 -16.374582 -1.817671 -21.433764 14.820863 -15.315944 7.954292 3.026535 -2.500420 -6.430854 -19.060577 8.094553 -22.145414 1.435008 8.627193 17.780399 20.098780 -2.518936 -4.243918 -2.068143 -2.234089 14.179176 -9.823394 14.629634 -17.445210 5.921896 -2.699788 5.081791 -2.690386 8.654676
-9.983119 -24.368299 1.202604 -16.778851 24.204006 -1.187366 4.661810 4.778750 4.377286 4.608183 -24.769424 6.890692 -19.191010 -8.070916 9.368484 15.079484 16.971725 -1.023496 1.901186 1.894220 0.024351 11.777736 -10.360361 11.573241 -16.856224 0.377745 -5.305147 9.203736 -3.140139 11.531330
-9.790260 -24.270575 0.233931 -15.967644 25.105371 -0.709233 4.500405 4.119237 3.636463 5.140838 -24.971455 6.712517 -17.893185 -8.459114 9.678754 14.883194 17.354860 -1.917193 1.211089 2.043811 0.551454 12.074389 -9.664722 11.120227 -16.836199 0.202477 -6.176879 8.982006 -3.456678 11.627817
-10.233984 -24.203623 -0.220701 -14.752106 25.867737 -0.415947 4.884490 3.530508 2.767007 6.100173 -25.172478 6.386268 -16.435932 -9.091417 10.209174 14.322296 17.423855 -2.667598 0.390673 1.805562 0.963841 12.411321 -8.908685 10.606574 -16.821995 0.067025 -6.972682 8.895551 -3.790300 11.605338
-10.596006 -24.184942 -0.440003 -13.354334 26.478729 -0.400994 5.300748 3.250107 1.981233 7.019543 -25.223030 6.028268 -15.066003 -9.634237 10.727113 14.085018 17.469872 -3.573073 -0.303651 1.246000 1.581240 12.915553 -7.799553 10.047891 -16.770229 0.018701 -7.866475 8.844582 -4.126362 11.624174
-10.627341 -23.400940 -0.308026 -12.259529 27.126204 -0.793118 5.984116 2.933028 1.202793 8.107720 -25.027143 5.510284 -13.176881 -10.273717 11.069776 14.362549 16.859562 -4.698259 -1.321903 0.518622 2.158686 13.411233 -6.689087 9.534465 -16.395176 0.048312 -9.068666 8.797066 -4.518669 11.387636
-8.468956 -22.535084 -0.190654 -9.243673 25.772776 -5.541660 6.144122 2.784281 -1.766235 6.164904 -24.525351 10.037036 -12.043815 -11.674047 13.333577 10.624394 13.440425 -5.669423 -5.280544 -0.056091 5.288007 15.821115 -6.131874 8.024925 -14.294353 -2.049219 -9.892552 9.973234 -4.292459 11.640775
-7.024172 -20.992058 0.072321 -7.968205 25.705788 -6.417898 7.024914 3.070932 -3.424919 6.196501 -23.625523 10.382815 -10.577435 -13.693514 13.810297 9.515721 12.177358 -6.083377 -7.114418 0.820639 6.474842 16.282967 -5.170391 7.852193 -13.310311 -2.607859 -10.914223 10.338669 -4.457496 11.085440
-5.716088 -20.318916 0.456853 -6.482933 25.774006 -6.346063 7.771133 4.116442 -4.484169 6.754868 -22.638708 9.855316 -9.225029 -15.106209 13.900584 9.992785 11.000356 -5.917879 -7.909982 1.488300 6.985731 16.895678 -4.333932 8.124249 -12.410854 -2.517738 -12.341775 10.062967 -5.163095 10.179276
-4.205275 -19.630388 1.406983 -5.317822 25.900766 -6.092084 8.229488 5.212442 -4.778101 7.539465 -21.274124 8.755290 -7.740318 -17.008743 14.260949 10.163296 9.757078 -5.472747 -8.764488 2.304141 7.244007 17.059145 -3.872333 8.553102 -11.766139 -2.418798 -13.267795 9.939875 -5.526329 8.837175
-3.083099 -19.183317 3.228985 -4.199049 25.288368 -6.328631 8.975892 6.054528 -4.551326 7.834265 -20.257896 7.808243 -7.104853 -18.421062 14.548685 9.635368 9.145081 -4.809236 -9.416860 2.378980 7.442666 16.907030 -3.592656 8.817614 -10.917741 -2.207092 -14.190682 9.945196 -5.698189 7.504373
-1.842330 -18.343159 5.248568 -3.485875 24.874939 -6.986498 9.522639 6.767851 -3.975914 7.944541 -19.574627 6.941150 -6.668607 -20.016510 14.261991 9.074291 7.778047 -3.776496 -10.060560 1.998138 7.603766 16.486128 -3.621084 9.530469 -10.268998 -1.879388 -14.695687 9.901032 -5.618723 5.905101
-0.402960 -17.673893 6.798645 -3.334254 24.532404 -7.310199 9.508215 7.441404 -3.383021 8.080902 -18.662004 6.479116 -7.182384 -21.082760 13.862200 8.796949 6.187622 -2.715027 -10.363357 1.585867 7.795286 16.111677 -3.629025 10.144824 -9.576569 -1.564199 -15.127500 9.898207 -5.522888 4.596233
1.684165 -17.385790 7.834219 -3.629835 24.054678 -7.191895 9.643070 8.175186 -2.540745 8.380823 -18.231762 6.222291 -7.375672 -22.042925 13.324560 8.999318 3.994666 -0.880092 -10.274147 2.473358 7.984324 15.915851 -3.799857 10.617705 -8.936766 -1.295288 -15.304850 9.907749 -5.427582 3.418962
3.249919 -17.338930 8.457255 -3.539813 23.418148 -7.039546 10.128796 9.139466 -2.281804 8.488916 -18.009918 5.905643 -7.518803 -23.028236 12.840632 9.143355 2.172343 1.026997 -10.083782 3.585755 8.219157 15.535857 -3.980152 11.045618 -8.369699 -0.939609 -15.602530 9.781371 -5.250513 2.395393
4.119065 -17.374414 9.053638 -3.309946 22.958927 -7.143182 10.429840 10.066278 -2.079674 8.467188 -17.832600 5.462018 -7.909869 -23.829067 12.455527 8.875727 1.145345 2.776207 -9.938977 4.158888 8.501205 15.266538 -4.127132 11.540913 -7.915355 -0.596463 -15.834163 9.593782 -5.068369 1.547470
4.945048 -17.472681 9.421526 -2.928195 22.683121 -7.187629 10.823971 10.914927 -2.110248 8.606554 -17.422062 5.152343 -8.652423 -24.177773 12.422141 8.443482 1.019296 3.765572 -9.829942 4.128485 8.630270 14.884719 -4.301675 12.059976 -7.488050 -0.306870 -15.847512 9.693678 -4.760226 0.963811
5.371022 -17.744101 9.807338 -2.444860 22.283827 -7.019330 11.499496 11.636284 -2.270403 8.622484 -17.041990 4.855418 -9.414702 -24.335562 12.479766 7.774362 1.281117 4.174325 -9.782436 3.471587 8.676701 14.346976 -4.524669 12.401851 -7.144529 -0.098879 -15.871238 9.894924 -4.415062 0.660664
5.140781 -18.042641 10.046666 -2.278071 21.734226 -7.167691 12.094517 12.501787 -2.383282 8.416619 -16.662895 4.578398 -10.025451 -24.521912 12.605310 7.211138 1.401631 4.500816 -9.808669 2.762017 8.678589 13.921901 -4.866641 12.644666 -6.941224 0.046076 -15.763041 10.028288 -4.091217 0.304763
4.646801 -18.212408 10.135149 -2.293273 21.266211 -7.564308 12.563384 13.447771 -2.439863 8.261309 -16.364788 4.318125 -10.521464 -24.742184 12.705578 6.712574 1.308740 4.823274 -9.896649 2.095237 8.685379 13.472584 -5.167290 12.928611 -6.792469 0.182432 -15.637349 10.136458 -3.789345 -0.004559
4.103967 -18.408819 9.945431 -2.428530 20.939888 -7.908864 12.827566 14.211890 -2.516508 8.057755 -16.102489 4.107364 -10.983804 -24.980103 12.714804 6.290588 1.071842 5.191298 -9.932973 1.602880 8.623826 13.051382 -5.452700 13.116425 -6.780997 0.271544 -15.379622 10.262289 -3.490630 -0.051288
3.678699 -18.660868 9.712487 -2.644500 20.616009 -8.179490 13.015501 14.900678 -2.504537 7.788787 -15.882187 3.927665 -11.517999 -25.135418 12.669770 5.929510 0.926539 5.524303 -9.959414 1.151088 8.560322 12.755018 -5.778096 13.258854 -6.810799 0.382229 -15.051100 10.308788 -3.198160 -0.034352
3.358791 -18.867977 9.530693 -2.791382 20.403885 -8.348656 12.971640 15.397933 -2.537007 7.534493 -15.845448 3.952482 -11.994176 -25.132486 12.466649 5.829047 0.731508 5.708598 -9.872050 0.781012 8.519932 12.524501 -5.980676 13.380883 -6.827691 0.446724 -14.823901 10.363717 -2.999269 0.008459
3.178294 -19.123692 9.392149 -2.911470 20.193920 -8.448699 12.975997 15.640725 -2.526956 7.362066 -15.825842 3.917837 -12.315488 -25.184715 12.373841 5.683062 0.662015 5.878538 -9.842003 0.530288 8.480624 12.348473 -6.133905 13.462886 -6.853432 0.491290 -14.613877 10.419629 -2.837283 0.071559
3.033284 -19.336428 9.266164 -3.028089 20.023819 -8.509326 12.971433 15.845053 -2.539039 7.235210 -15.818353 3.931383 -12.538161 -25.175510 12.302072 5.594173 0.653419 5.940190 -9.794581 0.376496 8.441191 12.234000 -6.265235 13.495879 -6.896993 0.532720 -14.451879 10.440836 -2.713343 0.137569
2.983258 -19.434145 9.205359 -3.093420 19.950733 -8.509995 12.941868 15.945074 -2.540465 7.178639 -15.831137 3.933220 -12.672536 -25.172504 12.245394 5.511261 0.660928 5.986813 -9.764117 0.260258 8.430099 12.174363 -6.313325 13.524115 -6.893920 0.565437 -14.387158 10.453966 -2.654359 0.174098
2.945389 -19.466745 9.177435 -3.130841 19.925589 -8.508175 12.905183 15.990753 -2.542111 7.144768 -15.836866 3.938016 -12.728738 -25.169113 12.221713 5.483168 0.673425 5.994754 -9.752488 0.212561 8.415863 12.153192 -6.330096 13.518989 -6.903217 0.570841 -14.370181 10.458332 -2.639031 0.199762
