-2.427355 -13.246522 -3.245082 -7.172538 37.555492 -7.308488 -3.412359 -3.686596 2.725276 -1.458066 -32.311340 5.155248 -4.751861 0.852085 2.751677 7.944720 17.297773 4.640600 -17.051989 10.436041 7.698606 18.614094 -10.706871 3.377427 -19.116413 -5.702891 -12.486994 3.050019 -8.303464 5.627157
-2.417232 -13.282034 -3.162544 -7.312524 37.490410 -7.313631 -3.609951 -3.603920 2.874246 -1.674949 -32.526142 5.369166 -5.019966 0.902756 2.378093 7.720311 17.593760 4.842434 -16.919630 10.067902 7.613832 18.523518 -10.918180 3.170048 -19.118778 -5.719492 -12.476200 3.104673 -8.254455 5.699102
-2.385394 -13.230711 -3.106677 -7.454885 37.518272 -7.410061 -3.881949 -3.490256 3.088780 -1.966934 -32.642429 5.515926 -5.524496 1.014057 2.081989 7.527127 17.722080 5.238154 -16.682970 9.643206 7.563537 18.378859 -11.164795 2.984317 -19.156652 -5.718676 -12.480119 3.089452 -8.183673 5.741814
-2.341811 -13.138540 -3.012201 -7.715080 37.566360 -7.539396 -4.316055 -3.267541 3.386162 -2.353462 -32.750957 5.708915 -6.219614 0.855387 1.383908 7.270222 17.878162 5.906037 -16.351238 8.969706 7.445681 18.131838 -11.553995 2.597144 -19.003593 -5.753007 -12.511746 3.322016 -8.049385 5.846172
-2.311377 -13.048826 -3.062113 -7.959703 37.565376 -7.811915 -4.823144 -2.818363 3.606798 -2.793467 -32.761562 5.766452 -6.766623 1.026298 1.306085 6.771415 17.926662 6.430917 -16.112877 8.286854 7.323859 17.843208 -12.069921 2.205294 -18.810045 -5.773259 -12.429210 3.630037 -7.815315 5.977443
-2.352906 -12.958214 -3.031564 -8.217305 37.473091 -8.076644 -5.326583 -2.333377 3.868173 -3.367569 -33.037308 6.200775 -7.367354 0.911685 0.851748 6.175686 17.729288 7.289725 -15.856386 7.353526 7.273910 17.592131 -12.534598 1.868781 -18.603107 -5.730247 -12.389308 3.829952 -7.594576 6.021307
-2.397603 -12.900068 -3.084495 -8.406448 37.337711 -8.371250 -5.786125 -1.763934 4.051252 -3.914139 -33.261066 6.283580 -8.018168 0.860913 0.449528 5.663426 17.583363 8.277228 -15.581672 6.480025 6.972656 17.048943 -13.098722 1.566703 -18.333736 -5.568280 -12.277884 4.162887 -7.310105 6.252545
-2.533227 -12.920459 -3.122149 -8.647667 37.061661 -8.697433 -6.185290 -1.099572 4.178079 -4.353865 -33.540138 6.343314 -8.694333 0.454588 -0.403594 5.430306 17.409044 9.433148 -15.169331 5.617269 6.677503 16.527636 -13.651802 1.226529 -18.063419 -5.473848 -12.155093 4.541365 -7.021757 6.492867
-2.776922 -13.086587 -2.991040 -8.837957 36.682777 -8.803911 -6.611409 -0.485691 4.348696 -4.959352 -33.692509 6.700978 -9.482326 0.370632 -0.636310 5.088182 17.034248 10.320270 -14.868664 5.165365 6.446941 16.031443 -14.266606 0.889904 -17.702135 -5.383361 -12.045078 4.981118 -6.691415 6.619621
-2.974256 -13.210917 -2.708129 -8.881805 36.213146 -8.787586 -6.888675 0.335140 4.389119 -5.582196 -33.710537 7.117437 -10.295426 0.217949 -0.717481 4.606894 16.675104 11.237385 -14.716944 4.820894 6.173757 15.536126 -14.819372 0.680038 -17.355526 -5.306902 -11.804591 5.405620 -6.400915 6.804912
-3.248385 -13.562940 -2.398270 -8.830862 35.669353 -8.600464 -7.254677 1.119236 4.394931 -6.425123 -33.485653 7.265715 -11.170398 -0.093146 -0.859659 4.045284 16.116140 12.292817 -14.633956 4.349214 5.886147 15.025384 -15.390244 0.543422 -16.871143 -5.247506 -11.548485 6.007360 -6.057618 6.900880
-3.597075 -13.790947 -2.195709 -8.797928 35.305908 -8.274027 -7.664169 1.828703 4.355055 -7.241251 -32.995739 7.411410 -11.861455 -0.483771 -0.959627 3.628525 15.458942 13.078647 -14.671144 3.970079 5.664233 14.755488 -15.925500 0.452019 -16.390158 -5.188480 -11.295802 6.512164 -5.785282 6.876435
-3.787158 -14.085838 -2.152128 -8.768438 34.838066 -8.115387 -7.932122 2.553607 4.320714 -7.956551 -32.465752 7.431901 -12.668603 -0.949506 -1.260594 3.357097 14.946342 13.874221 -14.586155 3.861991 5.561601 14.465120 -16.398308 0.283981 -16.017769 -5.072524 -11.098525 6.829572 -5.527403 6.917489
-4.077960 -14.437607 -2.193892 -8.847279 34.339218 -7.985247 -8.125589 3.196580 4.296067 -8.599346 -31.907291 7.426550 -13.398703 -1.263523 -1.318244 3.152849 14.344258 14.516822 -14.529986 3.723770 5.345432 14.329077 -16.930328 0.095177 -15.632340 -4.975897 -10.936118 7.146235 -5.311605 6.937200
-4.409360 -14.721743 -2.238414 -8.974846 33.859524 -7.882213 -8.307492 3.875169 4.215677 -9.215678 -31.398624 7.410984 -14.028508 -1.577796 -1.419297 3.052877 13.665286 14.977274 -14.533541 3.488844 5.236783 14.002758 -17.296871 0.093063 -15.358990 -4.776036 -10.781123 7.392689 -5.031642 6.993053
-4.559770 -14.851655 -2.315599 -9.039291 33.602036 -7.796242 -8.500852 4.342447 4.119658 -9.644198 -30.975693 7.362198 -14.550132 -1.877441 -1.435206 2.925552 13.074435 15.334509 -14.560670 3.290388 5.205737 13.698329 -17.659842 0.156461 -15.108245 -4.558408 -10.755790 7.483138 -4.846723 6.810143
-4.512873 -15.011756 -2.372548 -9.001293 33.428829 -7.610103 -8.722784 4.712658 4.044394 -9.996859 -30.626217 7.224328 -15.008659 -2.340139 -1.697069 2.750776 12.529777 15.737109 -14.651351 3.031034 5.172091 13.504928 -17.882540 0.136916 -14.906466 -4.333790 -10.697101 7.562289 -4.661784 6.835347
-4.520516 -15.145532 -2.396104 -9.000319 33.240391 -7.472918 -8.797621 4.942024 3.962930 -10.230112 -30.311287 7.112995 -15.276934 -2.569538 -1.756812 2.717899 12.291757 15.877787 -14.674728 2.906250 5.151087 13.343982 -18.098305 0.169994 -14.751207 -4.157973 -10.588279 7.604654 -4.491125 6.892329
-4.587797 -15.279826 -2.400167 -9.035229 33.080215 -7.367576 -8.861250 5.080412 3.944568 -10.408413 -30.196152 7.072353 -15.420772 -2.693614 -1.859168 2.710564 12.154619 15.959737 -14.666893 2.804204 5.114347 13.189094 -18.239832 0.158993 -14.636240 -4.020887 -10.656846 7.594748 -4.409236 6.844733
-4.574419 -15.273477 -2.422481 -9.021860 33.062439 -7.360322 -8.897855 5.182862 3.921082 -10.449490 -30.113895 7.041409 -15.472607 -2.773041 -1.875548 2.687363 12.064743 16.004274 -14.693435 2.778464 5.102769 13.144811 -18.302513 0.153313 -14.603161 -3.992263 -10.661803 7.597247 -4.392172 6.814613
-4.469096 -15.136164 -2.390276 -8.980942 33.187702 -7.502912 -8.705845 5.019886 3.938243 -10.186144 -30.242970 7.082991 -15.301512 -2.626658 -1.732256 2.662512 12.210080 15.954021 -14.705918 2.870902 5.169167 13.246442 -18.133066 0.270775 -14.657758 -4.149750 -10.654275 7.637291 -4.487531 6.740460
-4.255374 -14.789408 -2.263532 -8.882137 33.474209 -7.784022 -8.239211 4.719387 3.987601 -9.503675 -30.623432 7.153387 -14.715415 -2.322652 -1.418255 2.590338 12.734170 15.700104 -14.780904 3.057495 5.280834 13.460372 -17.762167 0.347315 -14.828734 -4.519979 -10.745579 7.688140 -4.741946 6.627498
-3.757326 -14.109007 -2.115135 -8.682981 34.049217 -8.226794 -7.633889 4.324862 3.918617 -8.290188 -31.421703 7.168708 -13.702222 -1.871791 -1.246571 2.540404 13.846359 15.032598 -14.923356 3.289267 5.569823 13.740022 -17.075577 0.577898 -15.058330 -4.819954 -11.148670 7.445720 -5.107760 6.264273
-3.206956 -13.188650 -2.062594 -8.563631 34.887554 -8.775128 -6.917077 3.664711 3.771687 -6.732922 -32.356464 7.118460 -12.238708 -1.292737 -0.590275 2.600509 14.921281 13.890611 -15.248669 3.555965 5.910147 13.939549 -16.361864 1.026625 -15.630208 -5.085612 -11.643319 6.787749 -5.591524 5.793588
-2.601267 -12.611881 -2.362546 -8.624411 35.547630 -9.122793 -5.730192 2.673029 3.749971 -4.845694 -32.573368 6.623735 -10.592576 -1.017286 0.087489 2.949195 16.001587 12.009377 -15.863578 3.700734 6.466008 14.674875 -15.087671 1.520330 -16.578381 -5.196070 -12.212185 5.570522 -6.201884 5.570976
-1.690305 -12.481638 -2.730150 -8.027505 36.140381 -8.710547 -4.461093 1.499937 3.346628 -3.090894 -31.289618 6.286466 -9.036811 -0.625339 2.518822 3.624678 16.314627 9.674379 -16.620932 4.789354 7.072326 15.582444 -13.796986 2.477961 -17.118130 -5.242920 -12.623315 4.594383 -6.779617 4.898626
-1.120904 -12.998844 -3.752350 -6.948047 36.288887 -8.675983 -2.754800 0.640588 2.200698 -0.846465 -29.190823 4.533303 -7.545710 -1.837589 3.531169 4.344754 17.656900 7.471325 -17.434031 6.803775 7.555717 16.240540 -11.964394 4.039882 -18.195326 -5.240467 -13.102428 3.263612 -7.574866 4.344345
-0.841103 -13.644320 -5.516634 -5.722970 35.947624 -9.596188 -0.783472 0.670055 0.143792 1.766968 -25.843048 1.889708 -6.222390 -3.285170 5.910481 4.526599 19.443180 5.221282 -18.366095 9.994060 7.592982 15.475364 -9.340481 6.506231 -19.028057 -5.273236 -13.521464 2.732515 -8.292494 3.974218
-0.908650 -14.757057 -7.115537 -3.855207 35.458298 -10.443317 1.865315 0.547126 -1.868399 3.990059 -22.363455 0.208476 -5.213136 -3.971245 9.606738 5.196864 19.328098 3.780686 -18.989321 11.592937 7.194691 14.905381 -6.390264 8.658860 -19.351995 -5.562737 -13.834386 3.176190 -8.964352 4.134098
0.268808 -15.960402 -7.257079 -1.403367 34.641888 -10.219501 4.601395 0.821447 -3.385220 5.397732 -19.537313 -0.363357 -4.570480 -4.074373 13.802545 5.055652 19.061758 2.950840 -19.297041 12.592840 6.869401 14.909321 -4.115439 10.392868 -19.055025 -5.790174 -14.006251 3.796375 -9.527653 3.969582
0.744919 -17.436117 -6.792748 0.070762 33.546455 -10.336031 6.403326 0.686937 -4.126042 5.401949 -17.236225 -1.947385 -3.677868 -5.148478 15.452477 4.793011 19.798328 1.902356 -19.994967 11.519672 6.426169 14.820194 -2.542626 11.933428 -18.372885 -5.983396 -14.164559 4.617492 -9.930364 3.241200
2.256780 -18.219660 -5.728289 1.067430 32.612473 -10.691015 8.341992 -0.217399 -3.693076 5.595412 -15.421543 -3.969037 -2.555768 -6.474927 16.285862 4.745586 19.780296 1.431189 -20.804325 9.587476 6.024517 13.918611 -1.506720 12.868654 -17.625160 -6.199147 -14.641327 5.869646 -9.972638 2.698315
4.314013 -19.471878 -4.361404 1.528315 30.831293 -10.409084 9.781477 -0.219447 -2.759470 5.374605 -13.484927 -5.468365 -2.014902 -7.890730 16.850561 4.619458 19.826797 1.040453 -21.670889 7.932429 5.774681 12.936056 -0.856663 13.605620 -17.127666 -6.337848 -15.259254 6.724778 -9.898574 2.044546
5.919747 -20.279938 -2.760849 1.634561 29.331268 -10.175409 10.896034 0.176523 -1.825140 5.200927 -11.814192 -6.998038 -2.226502 -9.471868 16.267929 4.495035 20.183542 1.215987 -22.065613 7.118886 5.756296 12.188251 -0.362250 14.161998 -16.421083 -6.188225 -15.576009 7.544971 -9.656443 1.656846
7.651577 -20.687489 -0.941894 1.764063 28.171383 -9.760490 11.459392 0.675576 -0.890271 5.116368 -10.550455 -8.768220 -2.829034 -11.593791 14.252496 4.432269 19.784151 2.251164 -22.521738 6.542819 5.915482 11.632663 -0.214607 14.491603 -15.741764 -6.004872 -15.785095 8.175204 -9.485379 1.131597
8.676472 -21.062365 0.385617 1.771040 27.195271 -9.687288 12.344694 1.111652 -0.269059 5.113023 -9.364411 -9.667866 -3.704056 -12.691459 13.499679 4.513665 18.909760 3.237488 -22.646666 6.643861 5.959780 11.156330 -0.194739 14.523877 -15.110040 -5.796597 -16.164501 8.675220 -9.272326 0.661529
9.150824 -21.372686 1.710258 1.709410 26.382252 -9.545113 13.062118 1.649145 0.345349 4.919287 -8.638763 -9.806508 -4.500021 -13.262925 13.048212 4.612311 18.051054 3.796534 -22.692934 6.493917 6.085327 10.876505 -0.097098 14.536639 -14.528761 -5.510797 -16.597237 9.059402 -8.964632 0.465386
9.426330 -21.494812 2.847323 1.647853 25.747244 -9.546551 13.390559 2.247895 0.808925 4.680232 -8.164142 -9.850174 -5.233227 -13.738336 12.577838 4.660922 17.224073 4.393298 -22.688993 6.609532 6.087616 10.691107 -0.097012 14.677035 -13.960145 -5.328879 -16.848587 9.457449 -8.769576 0.142774
9.692541 -21.539326 3.407129 1.710580 25.435108 -9.555161 13.613729 2.660646 0.999354 4.559001 -7.900529 -9.887496 -5.663465 -13.969641 12.344044 4.617194 16.856588 4.719988 -22.688814 6.611510 6.061842 10.495659 -0.067943 14.758384 -13.675007 -5.216012 -16.950277 9.721395 -8.646371 0.031844
9.743179 -21.537992 3.581375 1.693764 25.342607 -9.608710 13.648998 2.819113 1.069451 4.501357 -7.801003 -9.855334 -5.843233 -13.987182 12.329641 4.596352 16.739634 4.810882 -22.669498 6.585457 6.019217 10.446628 -0.084721 14.758370 -13.579984 -5.214694 -16.941555 9.826691 -8.636613 -0.012210
9.797074 -21.550222 3.642435 1.706951 25.298414 -9.592781 13.713160 2.843652 1.093808 4.508189 -7.769490 -9.896169 -5.866048 -14.047927 12.303428 4.570297 16.712606 4.871522 -22.686350 6.577686 6.025074 10.430765 -0.057593 14.774425 -13.551259 -5.189937 -16.966089 9.844421 -8.622690 -0.012993
9.901627 -21.529018 3.785827 1.733339 25.234671 -9.608194 13.801918 3.000533 1.148726 4.499832 -7.714245 -9.912196 -5.998477 -14.148585 12.216737 4.550558 16.520864 5.061090 -22.667589 6.598526 5.992129 10.308579 -0.085529 14.764986 -13.468753 -5.145749 -17.006104 9.933249 -8.556174 -0.027873
10.106228 -21.530439 4.022998 1.751444 25.103130 -9.628962 13.915732 3.259057 1.255900 4.449172 -7.613536 -9.923760 -6.254328 -14.300682 12.047906 4.532339 16.257318 5.334407 -22.643911 6.597364 6.025427 10.239636 -0.096032 14.782941 -13.355376 -5.066854 -17.063364 9.975368 -8.484525 -0.091460
10.426439 -21.489218 4.249786 1.785464 24.966543 -9.653954 13.978691 3.604590 1.407026 4.414812 -7.375313 -9.860320 -6.713696 -14.476956 11.778085 4.615603 15.827885 5.645905 -22.556910 6.648160 6.033301 10.078234 -0.105050 14.828025 -13.146149 -4.969009 -17.123587 10.115065 -8.377209 -0.188706
10.733051 -21.409273 4.541746 1.900310 24.798162 -9.643836 14.093734 3.963738 1.554276 4.369793 -7.085951 -9.687902 -7.124133 -14.649009 11.546411 4.825764 15.219301 5.994586 -22.464277 6.861854 6.050617 9.927588 -0.056305 14.898030 -12.906895 -4.862131 -17.185373 10.281799 -8.266882 -0.245471
11.341232 -21.325754 4.837809 2.014812 24.627342 -9.642853 14.212748 4.416754 1.718244 4.391368 -6.699518 -9.594021 -7.567171 -14.985922 11.196749 4.974577 14.508407 6.524341 -22.368948 7.131418 6.006172 9.690364 -0.146677 14.932803 -12.573798 -4.769054 -17.192749 10.513860 -8.121123 -0.364305
11.873554 -21.299623 5.024062 1.986293 24.366083 -9.641903 14.231206 4.990427 1.918679 4.300545 -6.401965 -9.552002 -7.942826 -15.305330 10.813008 5.082292 13.853202 7.200045 -22.220537 7.536012 5.979313 9.407233 -0.230799 15.062386 -12.221580 -4.616386 -17.205608 10.725389 -7.929858 -0.484706
12.285709 -21.355227 5.234735 1.888798 24.058960 -9.671829 14.246986 5.605535 2.157005 4.160978 -5.975202 -9.435322 -8.418997 -15.693496 10.459422 5.223549 13.185302 7.978245 -22.029005 8.141978 5.874411 9.078286 -0.407581 15.192315 -11.872853 -4.523096 -17.120731 10.911958 -7.742351 -0.663984
12.589380 -21.497225 5.531151 1.823652 23.701277 -9.722261 14.319480 6.207963 2.360310 3.955575 -5.512978 -9.262774 -8.979327 -15.884697 10.295138 5.286059 12.588296 8.623109 -21.805426 8.498890 5.817864 8.861070 -0.498258 15.443444 -11.471495 -4.430189 -17.014679 11.177010 -7.547327 -0.893928
12.935837 -21.570616 5.877472 2.001811 23.356892 -9.756214 14.471658 6.853393 2.398828 3.778001 -5.182791 -9.066766 -9.684052 -15.927264 10.168251 5.192390 12.284254 9.229616 -21.567053 8.570778 5.758399 8.461061 -0.537964 15.645338 -11.104346 -4.280611 -16.996288 11.493340 -7.269093 -0.900092
12.978255 -21.677874 6.252963 2.128751 22.821203 -9.847054 14.659950 7.670065 2.353237 3.504876 -4.887345 -8.952901 -10.419269 -15.791535 10.114568 5.051353 12.181627 9.538424 -21.391829 8.332328 5.659139 8.029627 -0.698768 15.803094 -10.940433 -4.140215 -16.880508 11.732976 -6.980791 -0.868674
12.883726 -21.841457 6.764404 2.330281 22.207378 -9.943323 15.051345 8.622885 2.336797 3.233499 -4.595980 -8.835485 -11.310485 -15.545102 10.090594 4.849943 12.278693 9.594266 -21.262907 7.687554 5.500801 7.524693 -1.100181 16.020416 -10.849384 -3.977885 -16.651106 12.015570 -6.642082 -0.919794
12.425454 -22.045866 7.047224 2.312788 21.758682 -10.164829 15.433059 9.512859 2.294650 3.041332 -4.464921 -8.717744 -12.204450 -15.307898 9.963855 4.603981 12.227929 9.715411 -21.183668 6.913795 5.315285 7.024838 -1.468753 16.123629 -10.826287 -3.885185 -16.401722 12.320764 -6.329469 -0.850303
11.731600 -22.354702 6.930836 2.098694 21.378365 -10.398873 15.758994 10.269581 2.197958 2.832298 -4.405063 -8.681205 -12.876547 -15.131352 9.880621 4.316665 12.270329 9.762792 -21.153963 6.299051 5.133934 6.546442 -1.869594 16.193960 -10.832491 -3.801172 -16.084240 12.592113 -5.992532 -0.713428
10.854073 -22.762899 6.554284 1.757496 21.014463 -10.658400 15.877357 10.868963 2.022224 2.542090 -4.368277 -8.597697 -13.554658 -15.089689 9.633807 4.084531 12.146661 9.868671 -21.151848 5.648412 4.969121 6.102796 -2.274617 16.235085 -10.879818 -3.704130 -15.768497 12.726669 -5.651933 -0.572502
10.075708 -23.040705 6.099865 1.373621 20.804619 -10.862572 15.723106 11.261778 1.933444 2.240860 -4.388188 -8.503663 -14.106457 -14.967002 9.470708 3.797287 12.100636 9.975168 -21.117662 5.178413 4.829786 5.741947 -2.595124 16.314100 -10.948828 -3.609951 -15.494860 12.779114 -5.369947 -0.435446
9.558599 -23.336048 5.746343 1.046414 20.552441 -10.948277 15.644190 11.469790 1.908565 2.024284 -4.417412 -8.327163 -14.589196 -14.789395 9.345320 3.715460 11.945905 10.060867 -21.015837 4.872082 4.702361 5.491747 -2.850060 16.347176 -10.970775 -3.539637 -15.251243 12.835097 -5.144418 -0.314240
9.293453 -23.553419 5.475105 0.832707 20.365604 -10.977743 15.553992 11.568734 1.912669 1.859744 -4.500833 -8.164896 -14.913976 -14.607681 9.249227 3.678432 11.913501 10.065747 -20.914579 4.662864 4.626035 5.318874 -3.015411 16.373234 -11.020143 -3.492167 -15.088578 12.847095 -4.990853 -0.224095
9.152658 -23.658884 5.315723 0.686117 20.262089 -10.983699 15.418921 11.604421 1.934062 1.749853 -4.597927 -8.064558 -15.090013 -14.460037 9.183601 3.617021 11.935120 10.045890 -20.850409 4.513927 4.572571 5.221424 -3.104954 16.367876 -11.064672 -3.480050 -14.999242 12.853687 -4.919409 -0.154002
9.097435 -23.699713 5.251961 0.624713 20.217604 -10.984676 15.352692 11.621835 1.944414 1.702182 -4.623514 -8.031098 -15.160607 -14.411479 9.156725 3.586006 11.953466 10.025836 -20.833530 4.440933 4.553297 5.197449 -3.124187 16.362497 -11.076851 -3.469035 -14.974410 12.851672 -4.893389 -0.115274
9.135886 -23.670376 5.288564 0.656733 20.244411 -10.987146 15.376620 11.596952 1.950178 1.727259 -4.608332 -8.051257 -15.116586 -14.432508 9.177273 3.597474 11.942218 10.032681 -20.846062 4.477431 4.558866 5.216574 -3.117328 16.369823 -11.073366 -3.477593 -14.980876 12.846821 -4.910599 -0.141690
9.167632 -23.621840 5.319602 0.694887 20.296993 -10.994363 15.404863 11.563182 1.938331 1.762706 -4.580421 -8.071379 -15.063630 -14.464330 9.198786 3.637177 11.931121 10.024284 -20.856388 4.535913 4.570254 5.254080 -3.103658 16.357668 -11.075837 -3.494946 -14.997454 12.842968 -4.939888 -0.166486
9.225290 -23.516983 5.420785 0.769676 20.385323 -10.988814 15.452032 11.493067 1.932131 1.833005 -4.531806 -8.126340 -14.928664 -14.521115 9.247253 3.700223 11.940471 9.977345 -20.899464 4.626060 4.602102 5.340395 -3.024312 16.324007 -11.054822 -3.518225 -15.078040 12.837000 -5.012808 -0.194181
9.333105 -23.355700 5.546919 0.860956 20.520655 -10.989090 15.473514 11.382833 1.939548 1.932581 -4.498154 -8.199457 -14.758317 -14.584735 9.299745 3.750875 11.966321 9.940220 -20.950075 4.725354 4.653749 5.498241 -2.903252 16.281126 -11.012557 -3.561311 -15.198966 12.818880 -5.143162 -0.261037
9.475714 -23.156376 5.708097 0.988480 20.689034 -10.973527 15.469176 11.260393 1.927058 2.068208 -4.453273 -8.276814 -14.492703 -14.661151 9.363741 3.866023 12.020690 9.844886 -20.987093 4.927121 4.702035 5.633584 -2.795883 16.244501 -10.986268 -3.600610 -15.308972 12.802406 -5.258952 -0.327806
9.754621 -22.930267 5.894450 1.135951 20.906216 -10.922782 15.451430 11.036219 1.953700 2.210993 -4.428871 -8.345174 -14.140850 -14.706563 9.468891 3.993169 12.148771 9.661403 -21.027651 5.169261 4.749571 5.796904 -2.633207 16.175997 -10.935466 -3.649607 -15.489195 12.798997 -5.417959 -0.382354
10.141359 -22.778717 6.126032 1.316150 21.078182 -10.802011 15.499562 10.735378 1.994203 2.387071 -4.473786 -8.369891 -13.794380 -14.676946 9.553611 4.185878 12.260797 9.441619 -21.033842 5.414661 4.829514 6.052227 -2.381163 16.053425 -10.907060 -3.741828 -15.733418 12.769393 -5.649016 -0.421151
10.701849 -22.545969 6.385353 1.511479 21.308781 -10.590878 15.427529 10.262236 2.080705 2.618498 -4.582301 -8.351934 -13.493318 -14.612489 9.595543 4.427299 12.374155 9.282821 -20.997334 5.694118 4.894027 6.344050 -2.130220 15.928559 -10.884781 -3.852667 -15.950743 12.749441 -5.914735 -0.472414
11.253074 -22.306875 6.571397 1.640769 21.580837 -10.363590 15.253715 9.667444 2.235191 2.813455 -4.655649 -8.424863 -13.056667 -14.666574 9.702287 4.627840 12.482738 9.216959 -21.010431 6.086226 4.992997 6.584529 -1.851113 15.886875 -10.835105 -3.890630 -16.197771 12.674019 -6.124068 -0.505784
11.740848 -22.162069 6.696112 1.555641 21.862722 -10.152199 15.034194 9.100714 2.421741 2.952462 -4.718143 -8.429240 -12.601296 -14.642505 9.769307 4.964855 12.548662 9.091931 -20.951536 6.589070 5.080857 6.855908 -1.565847 15.821479 -10.780482 -3.958173 -16.466881 12.595155 -6.374722 -0.562067
12.353565 -22.015768 6.604051 1.370118 22.270060 -10.038631 14.750517 8.391279 2.634743 3.191967 -4.898411 -8.317642 -12.096035 -14.589938 9.835051 5.299276 12.623347 8.839961 -20.886507 7.082740 5.179812 7.217514 -1.278729 15.786674 -10.779853 -4.022779 -16.631516 12.454116 -6.618280 -0.598880
12.806332 -21.945576 6.415323 1.281103 22.648777 -9.975481 14.553370 7.709365 2.751648 3.458819 -4.985391 -8.282577 -11.540417 -14.714339 9.895181 5.623868 12.459583 8.759733 -20.885983 7.652560 5.259270 7.549220 -0.932172 15.699668 -10.775113 -4.102277 -16.848272 12.329256 -6.882432 -0.488467
12.917189 -21.963989 6.068293 0.932250 22.997496 -9.957150 14.330112 7.011988 2.961846 3.694538 -5.212611 -8.262102 -10.805643 -14.827559 9.994224 5.977695 12.231141 8.677548 -20.944658 8.300236 5.302692 7.889039 -0.674156 15.563299 -10.810159 -4.211328 -17.029585 12.176878 -7.160062 -0.456406
12.742885 -21.969139 5.680733 0.516103 23.284924 -10.004625 14.213095 6.209735 3.167841 3.941240 -5.536284 -8.209197 -10.072793 -14.811587 10.054337 6.336357 12.218813 8.288674 -20.982044 8.747643 5.360619 8.236150 -0.485085 15.406074 -10.973828 -4.341402 -17.111633 11.891691 -7.426872 -0.455863
9.810001 -21.986937 5.101818 -0.821811 26.897678 -1.173540 11.916348 7.018132 5.603302 5.049790 -11.493822 -0.684364 -7.842244 -18.359253 3.666989 5.373165 4.897428 8.413960 -23.146202 5.057986 6.128150 13.498758 -2.720606 13.457986 -8.983563 2.595763 -16.557613 7.882928 -5.611970 -0.271179
9.520544 -21.940512 4.489697 -1.163392 27.295912 -1.248100 11.660882 6.206274 5.591918 5.274194 -11.730142 -0.727043 -7.262026 -18.205448 4.028963 5.284636 5.503884 7.484450 -23.415117 4.611977 6.026436 13.890401 -2.616858 13.164723 -9.307233 2.352000 -16.464642 7.826770 -5.864927 0.073154
8.996723 -22.006052 3.924432 -1.499191 27.483738 -1.234009 11.430346 5.551382 5.427912 5.366588 -11.968070 -0.761056 -6.719698 -17.830433 4.346545 5.304881 6.502963 6.122095 -23.667084 3.967617 5.928550 14.293729 -2.555697 12.913239 -9.630466 2.141001 -16.307537 7.769500 -6.088052 0.392117
8.399511 -22.127546 3.338504 -1.732029 27.800240 -1.147755 11.101841 4.672914 5.289455 5.434072 -12.220381 -0.937097 -6.274254 -17.447502 4.772552 5.043377 7.930166 4.812767 -23.950964 3.144041 5.792534 14.636643 -2.557550 12.602590 -10.070096 1.874870 -16.085421 7.744499 -6.300457 0.913282
7.762728 -22.375967 2.715004 -1.806250 28.003151 -0.817626 10.862112 3.853461 4.970994 5.335053 -12.465054 -0.849648 -6.052567 -16.716457 5.180427 5.019987 9.387857 3.298764 -24.054884 2.298057 5.589406 14.974313 -2.435899 12.288822 -10.530896 1.567484 -15.782925 7.883663 -6.486821 1.648830
6.025209 -20.431629 3.860574 -0.852681 28.080683 -0.726547 11.381903 2.828067 3.542922 2.925555 -14.249281 -0.657687 -4.594644 -10.620772 9.594647 7.882290 9.996020 3.007361 -22.754839 -1.391536 7.861236 17.066219 -3.067189 10.978742 -9.656156 -0.850469 -15.219884 9.011179 -5.994902 2.597664
5.543119 -19.790606 3.428359 -0.782023 28.055498 -0.691538 11.399169 2.019490 2.342963 1.909450 -14.904837 -0.814693 -4.218834 -9.317490 10.396198 8.346940 11.303855 2.538269 -22.189917 -1.659985 8.338775 17.404789 -2.988381 10.589589 -9.965357 -1.838558 -14.651818 9.517429 -5.865236 3.555300
4.979867 -20.136127 2.220811 -0.482220 28.245926 -0.502453 11.331163 1.439215 1.472454 1.337213 -15.533207 -0.392026 -3.949698 -8.831421 10.372591 8.516713 12.499255 1.724546 -21.909536 -1.740106 8.343379 18.110464 -2.852356 10.536609 -10.523478 -2.257566 -14.493573 9.158859 -6.359632 4.356893
4.192093 -20.391846 1.234566 -0.609191 28.722994 -0.104341 10.683916 1.044074 0.967715 1.040522 -16.085077 -0.089754 -3.781887 -8.038516 10.722715 8.669975 13.797464 1.144081 -21.573507 -1.358883 8.181043 18.383337 -2.711360 10.338254 -11.032544 -2.522844 -14.220606 9.111180 -6.568422 5.110010
3.287476 -20.431000 0.355200 -0.553920 29.219830 0.149496 10.081470 0.883588 0.263710 0.950481 -16.578629 0.498060 -3.889936 -7.078251 11.069227 8.954401 14.520570 0.685290 -21.157003 -1.040920 8.121401 18.670160 -2.631572 10.168610 -11.505851 -2.710876 -13.903751 9.005754 -6.702655 5.905635
2.071707 -20.202555 -0.422812 -0.729299 29.722969 -0.407800 9.779140 0.718482 -0.229166 0.985758 -17.127052 1.036536 -4.097394 -6.125856 11.172105 9.205481 15.041657 0.357528 -20.741976 -0.815670 8.021254 18.869337 -2.864951 9.981665 -12.043316 -2.910612 -13.561091 8.767964 -6.800746 6.374709
0.997741 -19.891642 -1.112772 -1.263035 30.289766 -0.970246 9.339174 0.212359 -0.391055 0.991430 -17.735287 1.629351 -4.365495 -5.282693 11.135536 9.557008 15.165282 0.124624 -20.310488 -0.615893 7.855848 19.006838 -3.042828 9.843760 -12.549897 -3.045660 -13.237180 8.581725 -6.850773 6.906099
-0.177214 -19.695068 -1.658009 -1.929782 30.600452 -1.588876 8.928308 -0.260272 -0.370498 0.888741 -18.519075 2.242737 -4.819231 -4.321340 11.002910 9.631392 15.611364 -0.064172 -19.812735 -0.467863 7.640668 19.084824 -3.270267 9.690609 -13.093044 -3.178345 -12.783113 8.420683 -6.806196 7.609239
-1.365398 -19.770182 -1.790556 -2.374694 30.704008 -2.074305 8.646187 -0.660093 -0.297678 0.738997 -19.426012 2.778796 -5.321118 -3.452242 10.635748 9.599937 15.960628 -0.024541 -19.355833 -0.540798 7.427286 19.026102 -3.660233 9.429633 -13.415718 -3.245687 -12.452369 8.318229 -6.732776 8.070745
-2.532851 -20.024031 -1.872277 -2.752599 30.594761 -2.571780 8.565672 -1.078062 -0.174508 0.642497 -20.129841 3.335110 -5.985458 -2.774086 10.120394 9.662681 16.267967 -0.093985 -18.841059 -0.658256 7.210900 18.961168 -3.982402 9.188875 -13.823094 -3.243258 -12.155075 8.098110 -6.635789 8.423155
-3.681629 -20.275175 -1.936290 -3.237350 30.429554 -3.000060 8.578135 -1.545133 0.030841 0.495660 -20.629932 3.862705 -6.491242 -2.170238 9.923968 9.706098 16.432562 -0.165140 -18.437494 -0.574659 7.018267 18.790545 -4.329933 8.912288 -14.070421 -3.329127 -11.921077 8.117304 -6.540235 8.700668
-4.539473 -20.493574 -2.077930 -3.844393 30.360167 -3.329240 8.428865 -2.066893 0.360534 0.265019 -20.998913 4.317211 -7.012438 -1.547516 9.813156 9.752970 16.821590 -0.210213 -18.077221 -0.427502 6.776608 18.686253 -4.712348 8.702543 -14.472440 -3.395365 -11.532605 8.047581 -6.431174 9.098030
-5.167432 -20.863459 -2.402631 -4.363069 30.330191 -3.539792 8.250223 -2.626823 0.666634 0.095173 -21.230457 4.689552 -7.578287 -1.065747 9.717305 9.722968 17.331171 -0.181594 -17.741407 -0.327375 6.629223 18.574923 -5.030524 8.527598 -14.785563 -3.418726 -11.234824 7.973818 -6.304731 9.303350
-5.785460 -21.238880 -2.707355 -4.789348 30.260841 -3.682051 8.085662 -2.998212 0.888167 -0.054959 -21.517143 5.131945 -8.094117 -0.583912 9.655383 9.701896 17.815025 -0.140156 -17.371996 -0.145085 6.375730 18.456003 -5.423554 8.339449 -15.108690 -3.501743 -10.851525 7.967126 -6.240334 9.636190
-6.399035 -21.552732 -2.934448 -5.214627 30.101784 -3.893567 7.995868 -3.392084 1.141056 -0.217807 -21.730927 5.507327 -8.645361 -0.120081 9.508554 9.827383 18.298969 -0.157656 -17.002028 -0.009387 6.167778 18.364496 -5.743494 8.261279 -15.431803 -3.569948 -10.505585 7.863413 -6.209526 9.867783
-6.803271 -21.659924 -3.131862 -5.617307 30.009773 -4.111786 7.837708 -3.581960 1.318258 -0.359554 -21.860125 5.838552 -9.115495 0.279280 9.429391 9.957403 18.734200 -0.176758 -16.695787 0.190491 6.071154 18.231665 -6.058440 8.182775 -15.661852 -3.603621 -10.296397 7.691320 -6.180309 9.919678
-7.126245 -21.782259 -3.215714 -5.948752 29.879786 -4.246848 7.712898 -3.763320 1.526071 -0.556580 -21.946999 6.118880 -9.474839 0.611267 9.465157 10.042150 19.060953 -0.175393 -16.456301 0.358183 5.918652 18.098879 -6.376234 8.149157 -15.878005 -3.656985 -10.013751 7.600127 -6.151453 10.024945
-7.329051 -21.939192 -3.288452 -6.235266 29.775112 -4.309618 7.625390 -3.844038 1.717455 -0.701331 -21.990463 6.336193 -9.758440 0.822594 9.495297 10.049435 19.227999 -0.141229 -16.308020 0.438405 5.789869 18.044222 -6.583641 8.120661 -16.079306 -3.726896 -9.791053 7.540926 -6.156713 10.167768
-7.542775 -21.997519 -3.283635 -6.353742 29.711964 -4.409260 7.561611 -3.973156 1.811090 -0.793019 -22.064835 6.506661 -9.977015 1.017025 9.506682 10.040080 19.389471 -0.069976 -16.167860 0.583681 5.726800 17.973436 -6.736139 8.109338 -16.193499 -3.754289 -9.662921 7.498049 -6.131026 10.250791
-7.691600 -22.073610 -3.296404 -6.466192 29.657284 -4.438895 7.523140 -3.994759 1.890981 -0.849585 -22.070801 6.629908 -10.120173 1.106064 9.533032 10.025024 19.483042 -0.016774 -16.080187 0.702388 5.662418 17.956530 -6.823560 8.109909 -16.293930 -3.794292 -9.554902 7.466158 -6.145075 10.317754
-7.744051 -22.093081 -3.292556 -6.504338 29.638363 -4.459311 7.516798 -4.021369 1.919648 -0.874381 -22.065601 6.651691 -10.156878 1.136979 9.537262 10.029345 19.515820 -0.012011 -16.064299 0.719080 5.643928 17.931549 -6.866211 8.103950 -16.312857 -3.801825 -9.523079 7.460637 -6.141352 10.331506
