-8.743142 0.601863 4.188391 -4.235514 13.460471 -4.198047 14.350628 25.747478 -25.906513 -13.439770 -5.158978 -9.986029 -14.281416 -16.184998 10.543586 20.647129 -3.141403 -21.075558 -15.487721 -16.848537 5.942981 -13.227088 -5.925221 4.038779 -12.314074 10.366359 -20.133272 11.950310 3.152934 -5.707393
-8.319360 -0.244741 3.796956 -4.060646 13.218917 -4.478707 14.209287 26.349171 -25.673176 -13.596538 -4.934089 -9.815737 -14.207254 -16.629189 10.392767 20.068907 -3.250031 -21.433769 -16.081461 -17.176266 5.864142 -13.284471 -5.947925 4.304422 -12.321722 10.482810 -20.151014 11.845335 3.195882 -6.261917
-7.344773 -2.289442 3.090308 -3.734809 12.445252 -5.068895 14.144510 27.163200 -24.977551 -13.887856 -4.217047 -9.210611 -15.156121 -17.532856 9.743348 18.707844 -3.523636 -21.618513 -16.901543 -17.572369 5.887725 -13.206229 -6.028074 4.855485 -12.498535 10.302951 -20.053528 11.588667 3.100800 -7.163230
-6.341576 -6.169857 2.400947 -2.824731 10.513295 -6.165509 14.247892 28.249056 -23.644825 -14.787367 -2.764579 -8.420935 -16.990730 -18.916306 8.615270 16.502888 -3.888158 -20.984745 -18.026663 -17.608538 5.736527 -12.777463 -5.859291 5.151973 -13.257337 9.551023 -19.743141 11.562420 2.852443 -8.079401
-5.013350 -9.024518 1.729577 -2.546592 9.440980 -7.678073 13.321968 30.081100 -22.094170 -15.668875 -1.884076 -7.834248 -19.145563 -19.607565 7.287632 14.220661 -4.486802 -19.561962 -19.154728 -18.017540 5.615066 -12.352540 -6.105703 5.586986 -13.803796 7.900521 -19.421322 11.722701 2.088152 -9.012951
-2.694920 -8.774529 1.399671 -4.291387 10.423569 -8.225847 11.231514 31.328354 -20.242628 -15.696619 -2.368121 -8.029206 -20.400396 -19.346493 6.923574 12.628954 -5.159337 -17.232239 -19.831200 -18.523771 4.836882 -12.603473 -7.001168 6.095702 -13.722992 7.307275 -18.935579 11.910650 1.729423 -9.628342
-1.531048 -4.944780 1.484885 -7.398207 13.854200 -7.452725 7.939946 31.849133 -18.623627 -14.252472 -4.173996 -8.394118 -20.777569 -18.256653 7.673503 10.736034 -4.474136 -14.870524 -19.917845 -18.878071 4.095794 -12.544208 -7.409558 6.546311 -14.109213 6.647929 -18.331806 11.999945 1.501488 -10.612474
0.246427 -1.450433 2.498179 -8.432337 16.927422 -6.019888 5.751894 31.915882 -17.943933 -12.600397 -5.774367 -9.190263 -20.591871 -16.509125 8.496678 10.727003 -4.293200 -12.886933 -18.989365 -19.146694 3.051061 -12.601668 -8.156666 6.939536 -14.727261 6.045712 -17.609015 11.851271 1.194316 -11.100092
1.980320 0.114948 3.639214 -8.727899 18.079525 -4.809144 4.695992 31.687311 -17.163837 -11.546028 -7.038226 -9.544829 -20.128605 -15.722276 9.081635 9.785538 -3.935604 -11.380200 -18.931265 -18.963820 2.202439 -12.552121 -8.599596 6.950099 -15.309648 5.620326 -17.176937 11.727372 0.925122 -11.311904
2.837735 0.829160 4.206545 -8.837292 18.431885 -4.071500 4.421427 31.085442 -16.947008 -10.969307 -7.709769 -9.713540 -20.008978 -15.199845 9.324268 9.715939 -3.994913 -10.651882 -18.462448 -19.046780 1.898842 -12.513598 -8.791145 6.915215 -15.619283 5.379870 -16.912268 11.699129 0.860559 -11.316692
2.544010 0.546769 4.334681 -8.895573 18.150867 -4.229064 4.549285 31.235703 -16.799549 -11.203985 -7.471820 -9.506636 -20.358524 -15.379291 9.031618 9.641466 -4.167273 -10.785750 -18.570663 -19.026415 1.950625 -12.678729 -8.978574 7.025146 -15.475403 5.554317 -16.921150 11.624771 0.943126 -11.268485
-0.641388 -2.900398 4.907744 -9.300539 14.050201 -6.617534 6.942211 31.386972 -16.066551 -13.704210 -5.124370 -7.566358 -23.870186 -16.968342 6.420107 11.083851 -6.282296 -12.474336 -18.036768 -19.004581 2.988142 -13.797587 -9.993010 8.035354 -14.064589 6.998067 -16.878334 11.388092 1.905824 -10.923792
-2.862917 -9.786715 8.128325 -7.980738 6.363492 -5.061476 12.906193 28.191320 -15.673503 -16.973171 -1.791720 -4.728047 -28.779884 -18.757568 3.605365 15.055475 -9.579104 -12.645837 -14.089570 -15.832776 4.500994 -15.657790 -11.859292 9.868390 -11.444843 9.060967 -15.120187 12.136251 4.089272 -9.649073
-2.610158 -6.760748 14.835156 -9.090181 6.860337 1.954417 15.411134 23.285103 -15.915683 -15.478653 -3.910160 -6.611146 -29.561226 -17.180386 4.778362 19.372107 -11.357274 -6.792984 -9.927186 -12.705204 5.225963 -15.921052 -11.927459 10.960401 -11.725951 9.954348 -12.220910 13.077234 6.548196 -10.519517
0.590622 -6.149471 17.767292 -8.038685 12.023231 -0.136905 10.953876 21.725773 -10.706159 -11.006820 -5.582803 -8.227996 -30.543743 -12.560683 5.773034 19.641457 -9.704082 -0.833060 -9.779948 -10.945702 5.559968 -14.987237 -12.965076 13.839607 -13.428620 8.501652 -8.878245 11.948933 6.566329 -10.844830
4.003092 -10.246992 13.192744 -15.149020 12.003762 0.178228 6.816426 20.985790 -6.020476 -12.569523 -7.947639 -4.716908 -33.330231 -7.562455 3.437045 19.073759 -8.155255 0.112215 -8.942537 -7.669159 2.935106 -14.013502 -16.058432 16.344564 -14.465192 6.345464 -3.882656 12.040152 5.069117 -5.969642
13.560627 -12.827774 9.749762 -20.455767 11.676869 2.337669 3.420940 19.685696 -0.860217 -10.906268 -12.007681 -2.493086 -30.606432 -5.209320 1.384781 19.694016 -10.850342 0.677609 -9.289306 -5.005576 1.009179 -12.194515 -16.406691 16.382669 -16.610703 4.180046 -0.800699 12.930974 3.872344 -1.113346
16.042997 -9.834570 10.590337 -20.325571 14.193906 -0.903676 2.154028 16.748100 0.932406 -8.034362 -14.915916 -2.432713 -27.420708 -3.800034 2.176072 19.806063 -10.639207 1.306127 -9.041869 -3.093773 -0.237473 -9.194655 -14.590830 16.689461 -19.388920 1.981663 -0.209291 12.427660 1.599410 -0.423748
16.001999 -9.164358 9.624370 -20.177380 15.855833 -3.703115 2.408848 13.766994 1.542145 -6.051824 -16.087620 -2.837031 -25.662687 -3.072515 3.531916 18.505095 -9.246523 2.629152 -9.563693 -1.414326 -0.753536 -7.533629 -12.988905 16.594791 -19.795588 1.219192 0.391010 13.151230 0.699347 0.520256
15.850979 -9.316879 7.983757 -21.085114 16.566923 -4.616130 2.563262 12.124856 1.501258 -5.418438 -16.520658 -2.749470 -25.021740 -3.240338 4.047187 17.452845 -8.880076 3.326873 -9.986250 -0.461830 -0.859883 -6.939636 -12.240899 16.594011 -19.678724 1.066414 0.967956 13.842949 0.617116 1.163686
15.906689 -9.415127 7.455878 -21.308924 16.727070 -4.807320 2.540251 11.760451 1.455143 -5.301744 -16.666458 -2.705504 -24.812111 -3.186800 4.134234 17.338865 -8.778378 3.342972 -10.078341 -0.262317 -0.839958 -6.835150 -12.101957 16.561640 -19.662836 1.068769 1.057110 13.947146 0.628456 1.298211
16.186876 -9.423046 6.828476 -21.803129 17.009291 -4.983495 2.326557 11.337271 1.554903 -5.177952 -16.792223 -2.650067 -24.611025 -3.208753 4.216274 17.246380 -8.713342 3.358396 -10.187268 -0.020622 -0.815157 -6.725765 -11.941212 16.582438 -19.649271 1.058974 1.143022 14.046521 0.630588 1.397446
16.753763 -9.201707 5.896008 -22.491276 17.771725 -5.333961 1.738651 10.863811 1.778325 -4.823972 -17.045755 -2.611309 -24.026800 -3.204758 4.440036 17.307413 -8.459874 3.196711 -10.356120 0.562397 -0.849751 -6.566968 -11.756350 16.593565 -19.637684 1.052877 1.367210 14.226713 0.646461 1.610800
16.921694 -9.057018 5.192445 -22.822248 18.486078 -5.681355 1.347514 10.385740 1.908516 -4.324263 -17.116764 -2.584884 -23.409763 -3.451511 4.721392 17.112898 -8.179933 3.069738 -10.594674 1.185415 -0.798544 -6.299476 -11.378633 16.370007 -19.664856 0.959040 1.429234 14.450774 0.599994 1.944663
17.533525 -9.093518 4.328034 -22.639151 19.032997 -6.087931 1.111768 9.994020 1.865728 -3.815390 -16.858505 -2.723365 -22.777988 -3.848038 4.994849 17.195181 -7.755329 2.388956 -10.907716 1.338662 -0.713334 -6.079392 -11.001442 15.944915 -19.686119 0.865419 1.514529 14.789804 0.636853 2.422534
17.965124 -9.194220 3.038665 -22.165415 19.672180 -6.215725 0.892863 9.642715 1.406842 -3.202651 -16.654480 -2.781415 -22.118736 -3.911568 5.262109 17.519787 -7.150446 1.592340 -11.109353 1.665206 -0.617192 -5.950733 -10.755211 15.489560 -19.708054 0.834394 1.690295 15.145341 0.790487 2.972568
18.656322 -9.033136 2.209843 -21.564062 20.073193 -6.128731 0.929272 9.617491 0.683886 -2.831861 -16.620974 -2.847693 -21.542553 -3.849033 5.534461 17.676348 -6.274888 0.671874 -11.195205 1.700282 -0.619340 -5.733969 -10.445524 15.080115 -19.875761 0.698637 1.677407 15.292031 0.761156 3.234860
18.805216 -9.016762 1.982800 -20.904697 20.253941 -5.966944 1.128675 9.493407 0.148530 -2.499615 -16.613800 -2.974833 -21.059994 -3.812438 5.817197 17.681152 -5.677836 0.210112 -11.390115 1.714430 -0.557242 -5.437854 -10.104321 15.034660 -20.139431 0.532003 1.429655 15.070463 0.517801 3.154119
18.675999 -8.956320 1.787437 -20.397654 20.376556 -5.806170 1.299937 9.451750 -0.314404 -2.282965 -16.609423 -3.101486 -20.650251 -3.831354 5.980156 17.686563 -5.371017 -0.142263 -11.564414 1.593744 -0.409325 -5.159708 -9.730917 14.960777 -20.365726 0.353531 1.027682 14.795311 0.251971 3.006053
18.605547 -8.850557 1.788819 -20.103397 20.450642 -5.675830 1.403747 9.542239 -0.609713 -2.204575 -16.597870 -3.168067 -20.446438 -3.870417 6.063862 17.659386 -5.243928 -0.311065 -11.664557 1.507457 -0.335079 -5.069746 -9.609564 14.988647 -20.442085 0.289103 0.808650 14.614042 0.117178 2.875371
18.594816 -8.848185 1.788567 -20.093256 20.445957 -5.659586 1.414961 9.570948 -0.627935 -2.209057 -16.594006 -3.172007 -20.441322 -3.877445 6.061192 17.661428 -5.250917 -0.318757 -11.674387 1.492656 -0.329140 -5.062044 -9.602811 14.999150 -20.447556 0.281231 0.784278 14.589576 0.099626 2.850902
18.576082 -8.894614 1.803119 -20.232290 20.354504 -5.642736 1.395433 9.727707 -0.529278 -2.305702 -16.573389 -3.145577 -20.582140 -3.900343 5.968106 17.685295 -5.417676 -0.227115 -11.640759 1.441507 -0.346167 -5.089630 -9.654108 15.044116 -20.418190 0.293548 0.820434 14.599056 0.113781 2.815988
18.524382 -8.955521 1.921481 -20.453787 20.225479 -5.572136 1.362034 10.060637 -0.364268 -2.478420 -16.537619 -3.114903 -20.756523 -3.980290 5.848126 17.689548 -5.658339 -0.109059 -11.594321 1.346105 -0.401562 -5.214551 -9.856274 15.177773 -20.311102 0.338289 0.852997 14.568047 0.132712 2.671839
18.477400 -8.967275 2.235920 -20.619745 20.011833 -5.510021 1.367576 10.467221 -0.146373 -2.689034 -16.556038 -3.071841 -21.022739 -4.036412 5.718499 17.670300 -5.950812 0.066836 -11.486789 1.191816 -0.437804 -5.321683 -10.018719 15.331298 -20.199459 0.384412 0.893656 14.551762 0.152362 2.532101
18.426264 -9.074098 2.570127 -21.056688 19.627195 -5.288014 1.300225 11.179495 0.230910 -3.069918 -16.531204 -3.072752 -21.502365 -4.115643 5.462694 17.642298 -6.511093 0.334372 -11.437615 0.701508 -0.413604 -5.430514 -10.151634 15.572762 -20.099800 0.407106 0.732766 14.367496 0.089559 2.150958
18.310141 -9.306616 3.118531 -21.339994 19.340004 -4.666468 1.198619 12.129614 0.449152 -3.501969 -16.444874 -3.128572 -21.915462 -4.197757 5.234154 17.782606 -6.982780 0.478182 -11.453769 0.285198 -0.320324 -5.582453 -10.329670 15.948222 -19.989395 0.536423 0.544113 14.105038 0.046458 1.844689
18.373133 -9.320189 3.526295 -21.325434 19.041157 -3.976574 1.094006 13.300767 0.476089 -3.800175 -16.097858 -3.186147 -22.402775 -4.358957 4.935663 18.048489 -7.480207 0.379047 -11.509681 -0.266887 -0.290997 -6.011150 -10.782736 16.475557 -19.744190 0.822123 0.311244 13.793410 0.101770 1.336122
6.101787 2.064371 8.748876 -22.280354 6.018158 -4.120826 19.032967 9.668344 -14.281899 -13.683681 -11.580746 -1.783502 -25.158146 -12.570630 16.500702 14.711617 -8.237863 -1.597209 -4.079059 0.895234 1.402263 -6.224234 -8.032993 9.848190 -14.187097 10.179959 -3.049204 16.645185 6.979983 -5.019895
6.068523 1.874704 9.061712 -21.117205 5.786788 -3.605915 19.052017 10.740305 -14.693002 -13.831985 -10.260906 -2.007235 -25.623274 -13.222650 15.803761 15.600631 -9.301476 -2.114353 -4.327657 0.193049 1.829937 -6.797192 -8.115744 9.877776 -13.435592 10.847072 -4.196308 16.258842 7.060872 -5.639890
6.986924 2.512672 8.848769 -19.598318 6.367612 -3.902418 18.702223 12.158675 -15.376616 -13.591637 -8.923054 -2.287962 -25.197651 -13.989151 15.488503 16.561649 -10.007983 -3.373534 -4.610787 -0.392394 2.577521 -7.050887 -7.635769 9.335425 -12.856282 11.295548 -5.613093 16.071939 7.124314 -6.040809
7.377171 -4.174387 7.605667 -12.762272 8.880809 -8.968030 14.737366 15.448109 -13.523683 -11.478305 -7.983464 -2.035098 -25.883680 -20.487206 9.554787 11.153379 -6.859667 -3.635097 -8.416406 0.661182 4.234542 -10.357202 -5.395542 8.559436 -14.694124 7.997499 -9.536352 16.167728 5.240243 -4.962468
6.791488 -3.563913 6.658435 -11.815887 10.309743 -8.976229 14.430798 15.747650 -14.614206 -10.929585 -8.485435 -2.644842 -24.376184 -20.345501 10.363172 10.094930 -6.063489 -4.467686 -9.601478 -0.528200 5.074860 -10.319892 -4.298649 7.689392 -14.954515 7.944134 -10.747398 16.282017 5.225411 -5.229810
5.191829 -3.384578 5.379218 -11.188406 11.122885 -9.404562 14.519437 14.654513 -15.379149 -10.166092 -9.839087 -2.923485 -22.760332 -19.725521 11.373301 8.822586 -4.648197 -4.824427 -10.546457 -0.862657 5.314628 -9.830755 -3.334203 6.812270 -15.379870 7.778625 -11.255921 16.522469 5.135106 -5.054112
3.234604 -4.127163 4.856412 -10.999133 11.108224 -9.700899 15.245727 13.155043 -16.107878 -10.214449 -11.116323 -2.787621 -21.514339 -19.072842 12.132680 8.340134 -3.398870 -5.222669 -10.717162 -0.312780 5.212914 -9.192743 -2.303412 5.704346 -16.091738 7.431344 -11.540471 16.820612 4.919960 -4.253497
0.578933 -5.430300 4.653625 -10.767838 10.349640 -9.794452 16.388512 10.999334 -16.714268 -10.575964 -12.471979 -2.475338 -19.970654 -18.409214 12.985621 8.300844 -2.115743 -6.000283 -10.681402 0.560110 4.957593 -8.841126 -1.805184 4.836965 -16.750147 7.128465 -11.623546 16.897436 4.792821 -3.356774
-1.280412 -6.148911 4.300599 -10.410039 10.212338 -9.928085 17.163563 9.227005 -17.342237 -10.552825 -13.393045 -2.292979 -18.661236 -17.968357 13.807851 8.202215 -0.807931 -6.478051 -10.607753 1.576566 4.959653 -8.464128 -0.951621 3.741527 -17.411489 7.051929 -11.908760 16.959488 4.849680 -2.085133
-2.791330 -6.079964 2.826884 -10.176281 10.848294 -10.060977 17.519398 7.641492 -18.429573 -10.030527 -13.840075 -1.999282 -17.234863 -17.758789 14.522136 8.471004 0.384856 -7.502074 -10.652051 2.837098 5.192212 -8.002704 -0.059208 2.753495 -18.051785 7.026046 -12.193030 16.991882 4.904527 -0.686000
-3.853504 -5.893679 1.247678 -9.782638 11.663162 -10.152750 17.637354 6.625689 -19.501514 -9.477439 -13.947411 -1.952666 -15.584707 -17.672968 15.358693 8.565630 1.642142 -9.038507 -11.029991 3.471728 5.485239 -7.608884 0.579792 2.227847 -18.434650 6.941683 -12.305184 17.009106 4.932883 0.273323
-4.078697 -5.639542 0.237846 -9.483206 12.176144 -10.204605 17.592346 6.321296 -20.150776 -9.109493 -13.950108 -1.952579 -14.697249 -17.687613 15.811510 8.649936 2.357703 -9.814475 -11.262586 3.840222 5.755978 -7.289721 1.100605 1.831388 -18.722616 6.846412 -12.363738 17.059235 4.970183 0.955382
-4.078773 -5.503813 -0.111102 -9.376163 12.338728 -10.247975 17.551830 6.280065 -20.360981 -8.985076 -13.976675 -1.931031 -14.374148 -17.690159 15.951852 8.707556 2.655721 -10.041036 -11.297580 4.092712 5.829854 -7.193704 1.234736 1.763699 -18.798908 6.801897 -12.330726 17.081938 4.990989 1.122445
