-4.080417 -5.482467 -0.171953 -9.350468 12.359480 -10.246198 17.543629 6.290608 -20.410248 -8.975533 -13.948877 -1.922570 -14.339078 -17.698540 15.992667 8.702998 2.722693 -10.075248 -11.289086 4.182697 5.859443 -7.187404 1.276215 1.703644 -18.810114 6.813377 -12.383144 17.075649 4.995712 1.159951
-4.267823 -5.458154 -0.416404 -9.223593 12.442808 -10.208994 17.552046 6.252178 -20.654526 -8.940536 -13.838259 -2.026794 -14.018190 -17.725502 16.044451 8.821534 2.821023 -10.443381 -11.350128 4.074907 5.947219 -7.101381 1.405476 1.603996 -18.863831 6.774742 -12.438218 17.059891 4.973225 1.293331
-4.427269 -5.413434 -0.661646 -9.026000 12.426108 -10.127589 17.489700 6.478406 -20.938751 -8.996950 -13.471806 -2.222345 -13.585013 -17.855442 16.047390 9.228089 2.841330 -11.090915 -11.481881 3.900032 6.087392 -7.111098 1.505552 1.493346 -18.809448 6.827428 -12.594848 17.004602 4.991085 1.308619
-5.225732 -5.660840 -0.611706 -8.246338 12.114818 -9.582429 17.562717 7.429283 -21.664577 -9.516918 -11.879663 -2.665350 -14.106959 -18.459549 15.240682 10.765175 1.639116 -11.687703 -11.599255 3.236550 6.449492 -7.408895 1.254452 1.613414 -18.131039 7.060252 -13.015162 16.934605 4.982929 0.756664
-5.913218 -6.234973 -0.585985 -7.561528 11.954852 -8.964793 17.634678 8.403835 -22.290962 -9.950774 -10.403193 -3.060483 -14.700993 -19.050550 14.514539 12.106746 0.713421 -12.269598 -11.689368 2.612111 6.777234 -8.023723 0.561743 2.152481 -17.089344 7.364366 -13.534073 16.765270 4.960450 -0.629335
-6.660353 -6.534509 -1.065558 -7.089197 12.043504 -8.589108 17.773220 8.941630 -23.082333 -10.256433 -10.160872 -3.170907 -14.584369 -19.145855 14.591786 12.257774 1.080876 -12.774465 -12.067201 2.341833 7.103486 -8.214355 0.477967 2.345256 -16.751247 7.636851 -14.029749 16.575165 4.952253 -1.101633
-6.705392 -6.051894 -1.954962 -6.988406 12.575856 -8.402939 17.337200 9.978390 -23.648930 -10.282701 -9.775212 -3.464595 -14.736001 -19.370775 14.402278 12.224874 0.879191 -13.251172 -12.471633 1.088135 7.035231 -8.454585 0.329359 2.129888 -16.775908 7.781804 -14.450751 16.379171 4.957561 -1.206026
-6.188516 -5.245803 -2.444576 -7.289931 13.042199 -8.336197 16.793873 10.972029 -23.878555 -10.390508 -9.732323 -3.724083 -14.385704 -19.349899 14.500135 12.025898 1.214518 -14.074697 -12.832116 0.016909 6.781574 -8.809904 -0.035208 2.030040 -16.725395 7.940766 -14.838405 16.090748 4.887571 -1.285443
-6.016131 -4.769236 -2.592348 -7.480717 13.429946 -8.420277 16.361349 11.600894 -23.924379 -10.487793 -9.871165 -3.851509 -14.141040 -19.253170 14.574632 11.880699 1.445790 -14.540772 -12.980834 -0.605088 6.613612 -8.886996 -0.087263 1.730871 -16.921062 7.926595 -15.140094 15.902042 4.778454 -1.044270
-5.633053 -4.335917 -2.654657 -7.661694 13.777493 -8.520470 15.979703 11.988874 -23.880133 -10.465009 -9.795244 -4.111461 -13.712216 -19.332666 14.806568 11.901969 1.768264 -15.033419 -13.337278 -1.065436 6.533417 -9.003585 -0.134569 1.450145 -17.065609 8.015308 -15.454780 15.751348 4.740387 -0.904037
-5.668929 -4.350327 -2.558414 -7.675954 13.781460 -8.547655 15.946075 12.087296 -23.843763 -10.536697 -9.696749 -4.115503 -13.785267 -19.432178 14.689750 11.988531 1.568061 -15.136510 -13.379622 -1.293989 6.471144 -9.100572 -0.324232 1.585690 -16.973408 8.078095 -15.472056 15.669035 4.697020 -1.026327
-5.768313 -4.707142 -1.507912 -8.058363 13.318523 -8.701281 15.812881 12.937626 -23.137064 -11.289480 -9.406832 -3.830353 -14.792798 -19.771059 13.741746 12.589186 0.058950 -15.200156 -13.127047 -2.203956 6.343220 -9.445539 -1.081274 2.254400 -16.436008 8.316657 -15.611634 15.384776 4.476215 -1.928764
-4.268226 -4.532073 1.560279 -8.038897 11.855791 -9.469755 15.398729 14.645353 -21.297787 -12.273237 -8.401962 -3.720748 -18.293068 -20.103432 11.706636 13.002459 -3.427422 -12.927901 -12.489306 -3.912977 6.201692 -9.907385 -2.543253 4.077925 -15.487874 8.255282 -15.043535 15.217727 4.300460 -4.190851
-1.432891 -3.774603 6.787556 -7.751091 9.806205 -10.883780 15.360169 17.399841 -18.463284 -13.465630 -6.656884 -4.259851 -22.096966 -20.284546 9.892104 12.896446 -6.968725 -9.708438 -12.168164 -5.858161 6.120899 -10.987163 -4.464153 6.848950 -14.140046 8.547048 -13.658320 15.351345 5.006371 -7.321520
0.813287 -4.582965 11.401217 -8.833095 9.787623 -7.418253 14.045486 19.439632 -14.819179 -13.176272 -5.490706 -4.388063 -26.947983 -18.537848 7.192885 13.264584 -9.277237 -6.163575 -12.398509 -7.923654 6.348786 -12.651287 -7.526150 9.387869 -13.388459 8.964783 -12.218957 14.468132 5.805430 -8.662093
2.324431 -11.603120 14.772086 -8.512798 8.329518 1.044319 11.139769 20.475965 -10.160653 -14.452586 -4.886412 -3.761122 -33.494747 -11.887680 3.969471 18.175594 -8.166226 -4.597021 -9.732703 -9.543387 7.308981 -12.835607 -9.855852 10.556502 -17.086588 7.556412 -10.097715 11.891840 7.113050 -6.947191
2.186480 -15.886116 16.119492 -12.256968 6.357316 3.654029 9.036648 19.110998 -5.564417 -15.272388 -3.830630 -2.903554 -37.827919 -7.301571 3.944544 17.659403 -3.685229 -2.038589 -7.469275 -7.339613 4.755752 -14.125596 -14.531781 10.999280 -19.471754 6.621935 -8.101541 9.458356 6.751467 -4.119392
5.026518 -18.861189 19.163662 -14.555125 7.618641 3.477490 5.962157 16.146667 1.429964 -13.152559 -3.542089 -1.541709 -39.775536 -4.347080 3.219466 15.919697 -0.560383 0.766957 -7.678988 -2.169595 2.671650 -14.115217 -16.996307 11.101975 -19.678753 6.228669 -4.641977 10.610264 6.716005 -0.159337
7.130530 -21.148525 18.998081 -15.571115 7.242389 -0.932668 6.428831 12.616358 4.579511 -12.077565 -3.759570 -0.178770 -39.900082 -5.941280 3.113780 11.488436 2.077454 3.189863 -9.151689 3.336188 1.705528 -13.017629 -16.831779 10.455768 -19.522816 5.937497 -1.892297 12.601635 6.693554 3.643901
8.493590 -22.634634 17.329582 -15.881731 7.276752 -3.773499 7.141914 10.920338 5.623220 -11.063351 -4.572983 0.613816 -39.371655 -7.250233 3.463058 9.758010 3.429763 3.537894 -9.446689 5.863325 1.115758 -12.274274 -16.681997 10.593698 -19.667992 5.817144 -0.492144 13.144389 6.633138 5.007941
8.654867 -22.793436 17.031950 -16.014921 7.273530 -4.169283 7.246243 10.780548 5.725433 -10.978825 -4.777503 0.737897 -39.370667 -7.306657 3.539395 9.618086 3.622171 3.587127 -9.283856 6.094377 1.051093 -12.153815 -16.687029 10.701209 -19.710957 5.799878 -0.308221 13.136569 6.589459 5.153225
9.002773 -23.041637 16.902529 -16.173519 6.839893 -4.154957 7.350122 10.748674 5.711566 -11.379951 -5.055793 0.967134 -39.688965 -7.258079 3.458758 9.694508 3.595531 3.492217 -8.929633 5.958801 0.860070 -12.165001 -16.778643 10.760311 -19.657269 5.719749 -0.198301 13.272732 6.506850 5.226961
9.708267 -23.264006 16.503910 -16.619160 6.031131 -4.515993 7.887068 10.680790 5.563239 -11.911404 -5.513477 1.189195 -40.163094 -7.210771 3.532254 9.755675 3.822728 3.350643 -8.120286 5.689477 0.467947 -12.201909 -16.984873 10.941283 -19.464201 5.542457 0.054715 13.540666 6.295191 5.367916
10.182281 -23.640612 15.937776 -17.257153 5.064034 -4.814926 8.682127 10.006061 5.456828 -12.331479 -5.681327 1.232780 -40.631325 -7.415998 3.697726 10.001760 4.346015 3.005111 -7.098935 5.461849 0.030449 -12.416018 -17.337543 10.996863 -19.179661 5.506507 0.096280 13.698666 6.104196 5.545478
10.325876 -22.989960 15.612603 -18.164484 4.125978 -4.701897 9.551501 9.456350 5.010627 -12.732687 -5.956831 1.375908 -40.860500 -7.316256 3.785569 10.498983 4.351474 3.056388 -6.053253 5.728622 -0.482388 -12.452101 -17.529062 10.981082 -18.966160 5.225103 0.020988 13.819167 5.629387 6.093339
9.428876 -22.436846 15.962501 -18.818026 3.502846 -4.388551 10.218358 8.678834 4.759776 -13.016610 -6.448426 1.286214 -40.300369 -6.873561 3.710696 11.685379 3.886297 3.273471 -5.256360 6.533352 -0.804455 -12.234251 -17.628128 11.030606 -18.925209 4.790049 0.020426 13.718505 5.078412 6.721638
8.349500 -21.088078 16.912758 -19.309160 3.731539 -4.558842 10.545224 8.063137 4.544290 -12.818681 -6.367864 0.772007 -39.961987 -6.520259 3.847211 13.259418 3.638086 3.703552 -4.398800 7.340280 -1.073011 -11.793181 -17.527960 11.282285 -19.148014 4.310850 -0.067632 13.413784 4.421990 6.937657
7.355014 -20.201048 17.659809 -19.536850 4.252952 -4.540767 10.510697 7.360345 4.350224 -12.752012 -6.664276 0.441533 -39.333458 -6.002932 4.010225 14.392433 3.510489 3.589374 -4.051020 7.532237 -1.072483 -11.384451 -17.260853 11.527110 -19.369530 4.030944 -0.082638 13.309163 4.040374 6.983327
6.338264 -19.625160 17.891062 -19.147394 5.086687 -4.156282 10.131522 6.808384 3.972502 -12.472160 -6.964160 0.009113 -38.800041 -5.466714 4.497981 15.063083 4.105812 3.285332 -3.806633 7.445823 -0.912438 -11.135306 -16.935312 11.570163 -19.421116 3.898277 -0.050504 13.491372 3.958693 7.017889
5.858041 -19.504438 17.697264 -18.924520 5.380663 -3.821203 10.036128 6.619301 3.540542 -12.461659 -7.218785 -0.235131 -38.269543 -5.299619 4.782949 15.345856 4.306623 3.062076 -3.833593 7.429420 -0.781834 -10.881499 -16.683683 11.502715 -19.559780 3.696950 -0.141171 13.529373 3.810915 7.004611
5.702194 -19.437407 17.624624 -18.960922 5.510024 -3.738691 9.988039 6.519408 3.471388 -12.413578 -7.366238 -0.288841 -38.112526 -5.163074 4.872103 15.439264 4.370806 3.049788 -3.806243 7.444330 -0.769580 -10.743740 -16.508698 11.437310 -19.628880 3.625531 -0.093053 13.618173 3.773051 7.130202
5.036047 -18.954710 17.421452 -19.254885 5.978962 -3.380235 9.918206 5.782521 3.222252 -12.115898 -8.080733 -0.454387 -37.119160 -4.484138 5.281855 15.803864 4.603429 3.095068 -3.768755 7.813021 -0.635155 -10.229448 -15.905548 11.293091 -19.932901 3.432942 0.136820 13.803047 3.715217 7.590270
3.893566 -17.950201 16.887587 -19.970579 6.881380 -3.764372 9.317707 4.375183 3.364424 -11.313166 -9.482356 -0.540710 -35.585236 -2.806112 5.891534 16.669390 5.145553 2.783393 -3.603648 7.969560 -0.374161 -9.245654 -14.752502 10.832194 -20.375397 3.074519 0.402590 14.180141 3.607199 8.326107
2.170446 -17.246595 15.709607 -20.318193 8.269988 -3.642256 8.744383 2.579586 3.114897 -10.471045 -10.846067 -0.442616 -33.527664 -0.925294 7.128603 17.746050 6.475682 1.557937 -3.650084 8.183359 -0.077612 -8.069340 -13.444762 10.362063 -20.910122 2.628038 0.367666 14.297829 3.322774 8.804880
0.778833 -18.843126 12.897644 -20.055037 10.343250 -2.458778 7.660812 0.983391 2.313395 -9.495863 -12.126183 0.065860 -32.143719 1.748375 9.104987 18.211618 9.602971 -0.573914 -3.347719 8.199398 0.307812 -6.647696 -11.991850 9.864565 -21.557209 2.156848 -0.034203 14.158634 2.866826 9.277483
-0.201908 -19.028013 10.153893 -19.073160 12.373302 -2.095351 6.420919 -1.262121 0.629295 -9.431437 -13.379227 0.410660 -29.549341 3.718288 11.681595 18.357079 12.921627 -3.672094 -3.410355 8.461740 1.134854 -5.163208 -10.227757 8.723912 -22.534086 1.412174 -0.755935 14.176884 2.380914 10.395920
-0.852915 -21.561518 6.248266 -17.505922 13.310805 -0.482743 5.720970 -3.596543 -1.475637 -9.437687 -14.415432 0.549556 -26.613285 4.658698 12.994861 18.847755 15.479753 -6.957019 -4.291072 8.851713 1.731650 -3.516649 -8.615446 7.300844 -23.470671 0.646439 -1.481134 14.128412 1.882037 11.505460
-0.020532 -2.509947 0.214009 -28.332945 8.270255 -6.617443 17.344532 -6.374279 -13.191133 -13.626309 -20.073303 5.247609 -22.142258 -0.381051 22.081448 16.364471 6.782830 -8.348964 0.579281 10.634857 -1.786892 2.488647 -3.785777 6.600094 -22.863527 6.604775 4.254019 17.166115 4.886984 6.177267
-0.487779 -1.289510 -0.897922 -26.242521 9.609717 -5.657190 17.887615 -7.533879 -15.763034 -12.513047 -20.615829 4.710313 -19.561430 -1.421522 22.700392 15.606853 7.481521 -10.053720 -0.772545 10.759344 -0.641883 2.862583 -2.371663 5.440131 -22.558115 6.707041 2.928822 17.072678 4.704933 6.731098
-1.800992 0.250962 -0.260429 -23.800594 10.611600 -6.152393 19.578987 -8.259306 -17.517706 -10.456784 -20.951073 4.180110 -16.324183 -2.656835 23.055868 15.886103 6.671362 -11.488629 -2.374911 9.769698 0.642899 3.651687 -0.722233 4.196567 -22.308548 6.858520 1.601890 17.056644 4.407894 6.858877
-1.394479 -5.369883 -0.228492 -15.552471 14.618067 -9.851597 15.887856 -4.177305 -15.913173 -6.183942 -20.017677 3.438167 -14.225650 -10.661046 17.258911 11.302326 7.630729 -11.036612 -7.436364 11.667152 2.912215 0.729656 2.692262 4.126369 -23.438824 3.531364 -2.975543 17.334671 2.363687 6.087999
1.287120 -4.116824 1.198307 -13.068022 15.225663 -8.870849 16.768341 -1.985585 -16.929045 -4.390368 -17.494345 1.417845 -11.639087 -13.748008 17.703663 12.230390 5.151686 -10.697685 -9.037101 13.582642 4.104498 0.746298 4.170838 4.123841 -22.600086 4.033298 -5.023447 17.263458 2.194656 3.862422
3.754711 -2.768199 4.968891 -11.055096 14.237438 -9.871776 18.177826 -0.191595 -16.372669 -4.092572 -15.636709 -0.687320 -10.837488 -16.482449 17.634708 11.600284 2.940924 -9.541605 -10.237824 13.541449 4.545374 -0.067337 4.441841 5.008152 -21.268246 4.886782 -6.705375 17.052628 2.203040 0.740131
7.469034 -2.214535 7.432343 -10.967226 13.258230 -10.134512 18.251184 1.247420 -14.896811 -3.956335 -13.903972 -1.673736 -11.564700 -18.569332 16.893194 11.729983 -0.744823 -7.313180 -10.505361 14.196039 4.853275 -1.024585 4.442329 6.203268 -19.996410 5.486967 -7.578453 17.102600 2.292905 -1.484405
9.982875 -2.187028 8.397654 -10.796209 12.329957 -10.066416 18.894043 3.070979 -14.406802 -3.700284 -12.963745 -2.447302 -12.523312 -20.616982 15.988630 11.791266 -4.094977 -3.831986 -10.310464 15.764808 5.154379 -1.951061 4.138937 7.196135 -18.857254 5.997600 -8.064193 17.129847 2.510042 -3.028102
11.100643 -2.530988 9.267240 -9.930977 11.621808 -9.932538 19.892000 4.637047 -14.498229 -3.503810 -12.100679 -2.992914 -14.030461 -21.356348 15.881840 10.686755 -4.195969 -2.466098 -10.248561 14.938564 5.327002 -2.950159 3.477984 8.095622 -18.086077 6.366762 -8.140764 17.256405 2.936838 -3.618608
10.512035 -3.075325 9.583299 -9.832201 10.644161 -10.421234 20.794891 6.413358 -14.549920 -3.819309 -11.523261 -3.346394 -15.124883 -21.869963 16.056541 9.608018 -4.558928 -1.670607 -10.412356 13.423381 5.350385 -3.864358 2.761028 8.675031 -17.678368 6.551480 -8.077831 17.439262 3.366387 -3.719881
9.743885 -3.626542 9.090287 -10.207066 10.039663 -10.942879 21.127249 7.823987 -14.537801 -4.270946 -10.966801 -3.657852 -16.172760 -22.457312 16.014233 8.826494 -5.389812 -0.797940 -10.493485 12.541805 5.337190 -4.417210 2.203368 9.077599 -17.465666 6.656118 -7.754661 17.541710 3.728329 -3.486801
9.289856 -4.100491 8.779034 -10.451322 9.620005 -11.188171 21.116695 8.524711 -14.577902 -4.691819 -10.847043 -3.688681 -16.898348 -22.698664 15.728539 8.507771 -5.609259 -0.347516 -10.398356 12.050262 5.298423 -4.740046 1.901692 9.336171 -17.424345 6.663012 -7.528116 17.566895 3.909186 -3.293880
9.112587 -4.408819 8.603610 -10.617301 9.376163 -11.233156 21.110371 8.806720 -14.604853 -4.867771 -10.871731 -3.687194 -17.175154 -22.759018 15.571033 8.317093 -5.612567 -0.172285 -10.326179 11.798018 5.242453 -4.901565 1.739388 9.426220 -17.430103 6.637157 -7.399201 17.576956 3.986257 -3.183543
