-7.779336 -22.055094 -3.323290 -6.568489 29.654114 -4.518470 7.458130 -4.026272 1.959003 -0.930421 -22.080294 6.712538 -10.217805 1.195363 9.562965 10.015129 19.583704 0.001586 -16.023668 0.749062 5.623233 17.913691 -6.913782 8.094207 -16.347561 -3.816723 -9.500891 7.435378 -6.158841 10.333479
-8.111067 -21.868280 -3.260698 -6.844872 29.529121 -4.798495 7.099382 -3.922366 2.104828 -1.348132 -22.339844 6.971245 -10.437709 1.565692 9.481893 9.997148 20.113760 0.079379 -15.790899 1.086303 5.569265 17.648561 -7.253410 7.911086 -16.457726 -3.874484 -9.374753 7.430480 -6.141939 10.516090
-8.582543 -21.722300 -2.959520 -7.177377 29.128433 -5.291755 6.482668 -3.597612 2.401615 -2.147750 -22.713795 7.594316 -10.992314 2.106877 9.608132 9.681672 20.864096 0.423625 -15.350187 1.870422 5.210548 17.251348 -7.961979 7.720256 -16.702000 -4.068871 -8.948862 7.616277 -6.051914 11.070734
-9.230639 -21.538364 -2.305512 -7.909075 28.518574 -5.787091 5.409083 -2.777112 3.022002 -3.230148 -23.102438 8.254989 -12.040886 2.847893 9.614273 9.253258 21.162600 1.349700 -14.710704 2.490392 4.711886 16.796228 -8.975781 7.356223 -17.042336 -4.293079 -8.562837 7.739417 -5.904051 11.670952
-9.336827 -21.395403 -2.236739 -9.015666 28.478352 -5.663575 3.763634 -1.572620 3.475276 -3.989054 -23.685555 8.949167 -13.328083 3.077312 8.816663 8.689854 20.479870 2.767282 -14.231051 2.895975 4.219333 16.228243 -10.198668 6.672884 -17.377052 -4.406975 -8.344853 7.795337 -5.603742 11.937119
-9.272586 -21.498243 -2.538019 -10.224024 28.325577 -5.472264 2.336990 -0.194224 3.873982 -4.866883 -24.201355 9.304938 -14.532450 2.749498 7.557810 7.883224 19.909369 4.332810 -13.973645 3.388154 3.768084 15.644611 -11.295694 6.094712 -17.475380 -4.399171 -8.075238 7.885641 -5.245809 12.393293
-8.986970 -21.756926 -3.038517 -10.909588 28.104109 -4.931468 1.280767 1.059451 3.869092 -5.700470 -24.715128 9.525142 -15.672121 2.545156 6.496806 7.116329 18.876442 5.817458 -13.989524 3.079110 3.404334 14.959136 -12.325908 5.693146 -17.500359 -4.183559 -7.656747 7.880328 -4.849971 13.027369
-8.974147 -21.724138 -3.069130 -11.400833 27.941696 -4.997273 0.488817 2.014741 4.068799 -6.401618 -25.168278 9.630495 -16.686073 2.386948 5.518213 6.606881 17.895237 7.046247 -13.964561 2.708547 3.174657 14.549521 -13.037510 5.591225 -17.547047 -4.021545 -7.267787 7.797302 -4.569847 13.491306
-8.853984 -21.882317 -2.793607 -11.643919 27.632320 -4.819679 0.221232 2.367410 4.351122 -6.782848 -25.305786 9.574317 -17.213598 2.225326 4.949221 6.408189 17.329273 7.480730 -14.025285 2.027050 3.153136 14.211647 -13.331468 5.547477 -17.507750 -3.812234 -7.221451 7.730329 -4.364380 13.547013
-8.738811 -21.849783 -2.612313 -11.693529 27.531178 -4.753103 0.188015 2.479032 4.473489 -6.875494 -25.537779 9.459626 -17.399633 2.136888 4.390727 6.330097 16.989847 7.859879 -14.050556 1.604257 3.142557 14.046655 -13.510232 5.492106 -17.523544 -3.696191 -7.191648 7.657510 -4.248534 13.479466
-8.672237 -21.630926 -2.584921 -11.571812 27.759491 -4.844399 0.096241 2.411595 4.417166 -6.811397 -25.628582 9.455447 -17.195206 2.122041 4.414004 6.337246 16.993917 7.695784 -14.113242 1.543283 3.265665 14.086463 -13.459846 5.340249 -17.511551 -3.710510 -7.413597 7.581186 -4.291056 13.357803
-7.537401 -20.259249 -3.086064 -10.627396 29.424431 -5.729325 -0.797876 1.911208 3.862226 -6.036170 -26.470919 9.294409 -15.080200 1.716752 4.952356 6.445931 17.215872 6.892049 -14.449935 2.307842 4.148074 14.558192 -12.900886 4.492304 -17.580111 -3.855624 -8.791879 6.977084 -4.626864 12.113337
-5.820719 -18.293749 -4.431729 -9.331908 32.276443 -7.170922 -0.961036 0.005049 3.019341 -3.675340 -27.151440 8.940551 -11.140864 1.599529 6.374744 7.392329 16.822359 5.146408 -15.462240 4.295302 5.938064 15.762388 -11.528556 4.064569 -18.068211 -4.313312 -10.637567 5.637325 -5.598570 9.836962
-4.272893 -15.428809 -3.844847 -5.832706 34.905991 -7.163637 0.259139 -1.127224 0.856399 -0.364962 -26.268955 6.613408 -6.418388 0.285820 8.805999 7.637589 15.657091 3.710320 -17.427404 7.731719 7.697217 17.942266 -9.248530 5.056867 -17.724577 -4.909256 -12.169524 4.470651 -7.437176 7.085466
1.790203 -15.940104 -5.370035 -0.171868 34.348866 -11.456509 1.947814 1.956520 -2.819313 2.045078 -19.860201 0.661663 -5.857229 -3.088404 15.527548 3.118554 19.398779 3.537517 -19.429838 12.142637 5.783335 15.106798 -6.335086 10.179357 -18.269569 -6.701071 -13.524038 4.455094 -10.176490 1.448216
8.050728 -14.582825 -5.413623 3.434182 33.422600 -14.755359 4.691405 3.306884 -3.840379 3.968505 -14.949348 -3.426360 -6.291577 -4.891905 21.587772 -0.555224 21.186434 3.535676 -20.848818 11.841997 4.566625 13.712514 -4.454211 16.506887 -18.453289 -7.342395 -12.694295 3.555239 -11.962091 -3.596031
13.127208 -13.556592 -6.648409 5.086587 33.520939 -16.366407 8.712731 4.968696 -4.518131 8.216866 -12.576033 -8.554829 -2.878789 -8.101264 22.727512 -1.835234 19.177183 3.315876 -23.895506 10.666011 6.123647 12.734884 -0.852966 20.075109 -18.402496 -5.835383 -13.280953 2.917247 -11.182139 -3.841179
15.153502 -14.544003 -6.958105 6.231578 32.526390 -16.343344 14.101991 6.052004 -5.363307 12.025764 -12.656958 -10.953483 0.169067 -9.707555 23.134331 -3.078637 12.925786 3.880118 -28.180462 7.457516 7.524852 10.909562 2.599948 21.640200 -18.286896 -4.228402 -14.942668 3.142231 -9.444684 -2.433413
14.139374 -17.153601 -6.503145 7.083548 29.899874 -18.061689 19.242746 5.530880 -5.473406 13.847557 -11.891912 -11.402825 0.295137 -10.027404 24.395847 -4.743465 8.895582 6.696445 -29.465897 4.306116 8.134839 8.472461 4.181040 21.912367 -18.273159 -3.019438 -16.286310 4.126963 -7.756661 -0.346505
13.611969 -18.561613 -6.523085 6.585044 28.811302 -19.083651 21.191319 4.961843 -5.011199 14.446271 -11.259821 -10.599759 -0.902675 -9.857884 24.260567 -4.224184 6.539505 7.012869 -29.295965 3.016840 8.435853 7.119367 4.662976 21.776297 -18.208591 -2.289431 -16.754999 4.598982 -6.673137 1.257641
13.545921 -18.852594 -6.570895 6.486720 28.601130 -19.173740 21.510555 4.759526 -5.000327 14.585926 -11.038054 -10.510331 -1.113368 -9.816972 24.410917 -4.113656 6.200193 6.926170 -29.317152 2.860886 8.486694 6.956022 4.881463 21.672287 -18.152407 -2.215569 -16.873703 4.816874 -6.492452 1.561623
13.599482 -18.918615 -6.327166 6.460129 28.401695 -19.395163 22.085979 4.739504 -4.956844 15.021675 -10.662287 -10.095687 -1.044065 -9.926012 24.905638 -3.891223 5.665595 6.174795 -29.654058 2.697128 8.730952 6.804177 5.057741 21.627996 -17.919279 -2.041085 -17.136251 4.934743 -6.374308 1.717490
13.543373 -18.901724 -5.564808 6.429773 28.029259 -19.787865 22.927090 4.734668 -4.743564 15.559639 -9.563133 -9.573138 -1.151659 -10.038386 26.239616 -3.396908 4.539306 5.524913 -29.980436 2.766286 9.052620 6.442556 5.495532 21.583080 -17.550022 -1.787646 -17.484797 5.295092 -6.168777 2.191600
13.489370 -19.287218 -4.206556 6.414529 27.109722 -20.003418 23.928354 4.740947 -4.445330 15.878500 -8.122084 -8.353515 -2.081704 -9.825639 27.417669 -1.948724 2.811547 4.416481 -29.825235 2.905826 9.390635 5.903130 5.911098 21.574106 -16.949205 -1.454391 -17.829449 5.861105 -5.855638 2.624130
13.618628 -19.648439 -2.601408 6.526048 26.105751 -20.216581 24.846054 4.731980 -4.094141 16.054125 -6.053189 -7.867601 -3.304982 -9.686550 28.401144 -1.004618 1.261541 4.178133 -29.291727 3.368295 9.663760 5.293783 6.146074 21.499756 -16.246250 -1.178966 -18.137325 6.527879 -5.619808 2.927846
13.490751 -20.162500 -0.921617 6.256777 24.987610 -20.438082 25.892094 4.994696 -3.707879 16.329052 -3.875972 -7.397357 -5.356268 -9.907325 30.332069 -1.386204 1.270805 5.071744 -28.692280 3.823038 9.762791 4.316614 6.324534 21.731115 -15.728958 -0.972793 -18.396177 7.193779 -5.421035 3.033308
12.921078 -21.120413 0.190637 5.867800 23.406979 -20.196363 26.912868 5.254056 -3.352556 16.455782 -2.529732 -7.755446 -6.833220 -10.777793 31.302198 -1.780869 1.566271 7.158228 -28.351242 4.773856 9.805457 3.305040 6.427090 21.807547 -14.755919 -0.811236 -18.584816 8.191257 -5.157871 3.018595
12.514882 -22.448366 1.251180 6.484866 21.616707 -19.711241 28.190046 5.044163 -3.321009 16.531395 -0.943291 -7.830810 -8.052024 -11.310775 31.465378 -2.232345 2.642406 8.625955 -27.477835 5.745932 9.726805 2.465703 6.557250 21.818184 -13.837698 -0.728926 -18.449696 9.340781 -4.854061 3.249685
12.418850 -23.523191 2.061513 7.076428 20.334290 -19.476448 29.185410 4.951526 -3.413953 16.472178 0.021946 -8.166359 -9.043242 -12.092444 30.570942 -2.463235 3.212883 10.041608 -26.678902 6.433268 9.606206 1.599530 6.945749 21.950106 -13.227374 -0.610643 -18.339745 10.336597 -4.610819 3.759213
12.500221 -24.245398 2.540105 7.454693 19.704681 -19.150711 29.914986 5.064787 -3.540418 16.375040 0.452053 -8.255281 -9.892233 -12.421832 30.097103 -2.546721 3.785896 10.757857 -26.168026 6.838651 9.509926 1.125882 7.109993 22.167593 -13.047809 -0.555622 -18.207359 10.799160 -4.563471 4.055439
12.529036 -24.225439 2.601363 7.530426 19.732992 -19.133560 29.940815 5.076009 -3.595453 16.395683 0.447259 -8.275464 -9.904284 -12.430556 30.039730 -2.541155 3.849174 10.841426 -26.101889 6.876121 9.524777 1.132138 7.167387 22.195669 -13.082786 -0.554005 -18.245869 10.746128 -4.600855 4.039701
12.470077 -23.471231 2.572603 7.446479 20.410831 -19.310572 29.432800 4.945800 -3.693628 16.571093 -0.048665 -8.761085 -8.904214 -12.668623 29.463509 -2.310987 3.893336 10.902070 -26.189417 7.009162 9.668405 1.522761 7.260864 21.949909 -13.346005 -0.614403 -18.595169 10.206696 -4.880986 3.837941
12.321953 -22.403994 2.872160 7.059987 21.326359 -19.142765 28.324127 4.608624 -3.556875 16.578135 -1.350902 -9.387853 -7.180730 -13.362594 27.708490 -1.102959 3.812528 10.562923 -26.499266 7.369225 9.939426 2.320566 7.638889 21.603189 -13.788207 -0.893202 -19.244371 9.421358 -5.507902 3.584721
12.653323 -21.835077 2.603343 6.391174 22.161091 -18.417261 26.629997 4.023137 -3.141881 16.241306 -2.233650 -10.537408 -5.445214 -13.911761 26.367943 -0.098166 4.304485 10.678899 -26.375444 8.124710 10.129377 3.359818 7.986530 20.935186 -14.396770 -1.509610 -19.706490 8.743108 -6.382023 3.798528
13.268631 -21.110220 2.493680 6.342430 23.183117 -18.480896 25.486107 2.076181 -2.968216 16.929729 -3.618141 -11.775210 -3.885201 -14.105775 24.314569 0.932806 5.079803 10.875103 -26.066298 9.215172 10.054297 5.040785 8.271164 20.425596 -14.558926 -2.102624 -19.741882 8.350013 -7.461794 3.760140
13.406157 -19.476398 2.117049 6.551473 24.992672 -17.716421 23.544905 0.770350 -3.495982 16.949793 -5.712093 -12.672894 -1.411194 -13.627890 22.759544 1.509746 6.593242 9.936336 -26.143007 9.801854 9.368795 6.693224 7.951836 19.821190 -15.225382 -3.113797 -18.872862 8.317915 -8.525173 3.617642
11.884336 -19.401255 1.557303 6.602188 25.612446 -15.425584 21.028763 0.016677 -3.853518 15.182685 -7.396110 -12.573649 0.126766 -11.789069 21.794605 2.600050 9.444196 7.116141 -25.464020 10.199903 8.458397 7.919304 7.410403 18.636669 -16.345800 -4.651865 -17.687475 8.274220 -9.513101 3.969698
7.421688 -22.119394 0.286628 1.050152 30.306946 1.103523 10.813200 1.504755 1.692091 6.424974 -13.274738 -1.549330 -2.246345 -15.823671 9.528331 3.626831 12.045926 2.253778 -25.285124 3.117568 6.531279 16.757532 -1.972180 12.758743 -12.202037 1.025920 -15.657640 6.198771 -7.288264 1.121974
4.335562 -23.163649 -2.033013 -1.313252 30.470963 0.798672 8.400340 1.444576 2.060676 4.263937 -15.174569 0.497561 -4.990162 -13.090695 6.533230 5.909525 14.681277 -0.238614 -22.891500 2.850975 5.055094 16.427309 -2.170871 11.552770 -13.007037 0.501354 -14.423006 7.319520 -7.271742 4.270821
-1.243899 -23.812698 -3.805873 -2.932842 29.802692 0.341352 8.028747 2.409784 0.193152 4.288472 -16.688190 3.162303 -7.850284 -10.075963 5.361615 7.481343 14.643952 -1.714308 -21.005198 2.779416 4.052810 15.041039 -3.374647 9.954738 -13.747527 0.568859 -13.536111 8.059258 -6.208068 7.586140
-4.984462 -23.832876 -1.690557 -5.500179 26.499485 -1.637626 9.886942 1.223783 1.308901 -1.278993 -18.663708 4.387239 -10.826133 -1.293889 8.985650 10.255886 15.898141 -0.767792 -17.738344 -3.236079 6.192922 15.567360 -5.431505 7.705229 -12.970781 -2.373221 -10.826944 10.904315 -4.081881 11.546245
-6.558859 -24.980227 -0.819438 -6.291511 24.469423 -3.014335 10.096319 2.017685 2.108109 -3.284971 -18.623314 5.017932 -14.127445 -0.273370 7.997551 9.441420 16.976461 0.058807 -16.754179 -4.211542 5.159662 14.382074 -7.270272 8.681006 -13.324212 -1.920555 -9.161456 10.908185 -3.167809 12.072702
-6.014233 -26.005262 -0.513923 -7.449564 23.160419 -3.211052 9.875936 3.414878 3.434162 -3.575072 -17.788198 5.228477 -16.824696 0.478816 7.310009 9.276989 16.940870 2.170162 -15.815506 -3.570576 4.035793 13.697318 -8.924056 9.543778 -13.873029 -1.753353 -7.249041 10.648397 -2.706817 11.823448
-4.867490 -25.775291 -0.099943 -7.926657 22.435305 -4.169357 9.667167 4.457969 4.204942 -4.513897 -16.575012 4.899017 -18.872213 -0.591847 5.963105 8.470388 15.564221 4.426447 -15.854329 -3.431366 3.476077 12.822717 -10.264980 10.663636 -13.220602 -1.448757 -6.708461 10.958696 -2.339030 10.955300
-3.410957 -25.246038 1.498535 -8.028230 21.937037 -4.578055 9.727991 5.829535 4.917058 -4.712016 -15.422663 4.377357 -20.251587 -2.221105 4.943803 7.710416 13.790850 6.665205 -16.128380 -3.375351 2.950963 12.268726 -11.299029 11.341416 -12.084289 -1.229716 -6.778294 11.415983 -2.182763 9.590235
-2.601275 -24.063402 3.502759 -7.672075 21.663280 -5.119048 10.090352 7.640251 5.417223 -4.564656 -14.554585 3.877970 -20.698513 -4.074601 4.019068 7.410212 11.244411 8.659443 -16.622938 -3.203984 3.134548 11.639342 -12.166391 12.013684 -10.791848 -0.918464 -6.661351 11.989054 -1.782148 7.506770
-1.146476 -22.962732 4.998928 -7.355618 22.103710 -6.193708 10.034529 8.388653 6.228442 -3.877329 -14.057732 3.357857 -20.503586 -5.407182 3.369087 7.278572 8.869857 10.354102 -17.026136 -2.935772 3.538893 10.707143 -12.636909 11.797944 -9.985628 -0.266063 -6.981493 12.344004 -1.060239 6.647841
0.525401 -21.420040 6.381899 -6.831824 22.803501 -6.261946 9.255518 9.388489 6.581805 -3.533104 -14.025890 3.137314 -20.571398 -5.959999 3.071321 7.092113 7.682049 11.068086 -17.058825 -3.225839 3.653776 10.021560 -12.855289 11.505872 -9.535295 0.159258 -7.319719 12.582998 -0.625437 6.192233
1.012254 -20.687378 6.432092 -6.715618 23.230652 -5.906269 8.586007 10.498333 6.383782 -3.705470 -13.795134 2.724844 -20.755833 -6.535352 2.901430 6.485925 6.965915 11.246578 -17.487988 -4.591607 3.888067 9.734666 -12.938313 11.577273 -9.316252 0.268067 -7.779005 12.437099 -0.538154 5.405594
1.289481 -20.622183 6.402345 -6.349808 23.152584 -5.656656 8.604044 11.088767 6.055305 -3.866600 -13.680146 2.584208 -20.979946 -6.689517 2.813977 6.252647 6.726952 11.314826 -17.573654 -5.247718 4.073730 9.697907 -12.908163 11.632873 -9.249876 0.241561 -8.133113 12.275319 -0.594199 4.972337
