-7.201888 -0.690234 2.909686 -0.666423 15.537380 -0.879513 16.520945 23.294426 -21.732878 -20.435823 -4.706835 -4.540377 -12.374251 -11.399993 1.075996 14.504223 4.417649 -9.784682 -26.631760 -27.023216 11.338885 -11.898966 -8.877707 4.909117 -9.085546 1.859811 -23.398020 11.802905 -1.423688 -0.546104
-7.009434 -0.904077 2.818172 -0.604108 15.440522 -0.923586 16.471001 23.536060 -21.685680 -20.516825 -4.702781 -4.482579 -12.383596 -11.520169 0.988587 14.421381 4.227339 -9.879380 -26.755667 -27.157497 11.407527 -11.996565 -8.958201 4.923849 -9.098348 1.863450 -23.328856 11.817990 -1.277548 -0.705937
-6.746445 -1.548075 2.487499 -0.493626 15.310994 -1.145178 16.344616 23.905636 -21.498098 -20.599754 -4.621089 -4.296703 -12.457929 -11.783607 0.825976 14.127362 4.042614 -10.105189 -27.007395 -27.251513 11.570883 -12.177346 -9.090742 4.935966 -9.105010 1.830848 -23.285629 11.860335 -1.021322 -1.117314
-6.425032 -2.299431 2.265991 -0.395431 15.009999 -1.355729 16.279022 24.408352 -21.236443 -20.785635 -4.531688 -4.117170 -12.711109 -12.013270 0.671599 13.673112 3.957583 -10.205170 -27.215801 -27.329742 11.924656 -12.454957 -9.300005 4.988626 -9.149271 1.775341 -23.188080 11.906501 -0.592794 -1.757900
-5.745851 -3.592724 1.791651 -0.136793 14.534245 -1.704034 16.262653 24.729301 -20.817799 -20.902861 -4.489834 -4.049768 -12.974042 -12.403016 0.871564 12.758656 4.166537 -10.033944 -27.471418 -27.421137 12.218554 -12.825465 -9.612592 4.992862 -9.261065 1.832103 -23.007610 11.853300 -0.067042 -2.442768
-4.985157 -5.571070 1.295587 0.266915 13.531653 -2.286299 16.317081 25.137405 -20.148996 -21.328846 -4.407976 -4.150543 -13.433280 -12.806903 1.065410 11.920544 4.315378 -9.429224 -27.538267 -27.535757 12.515392 -13.230138 -9.873753 5.231856 -9.338995 2.015669 -22.788700 11.744991 0.529963 -3.393266
-4.720956 -7.484272 1.115020 0.772860 12.561025 -2.819548 16.382195 25.821764 -19.489120 -21.818048 -4.363385 -4.345160 -14.021200 -13.133491 1.253117 11.109867 4.345808 -8.489804 -27.463013 -27.737774 12.641557 -13.727130 -10.142314 5.552029 -9.375529 2.539512 -22.407494 11.576982 1.279994 -4.407950
-4.409001 -9.042847 0.900193 1.070000 11.858506 -3.486938 16.116386 26.745937 -18.855728 -22.341503 -4.450446 -4.517557 -14.546007 -13.434514 1.403681 10.459049 4.334892 -7.698236 -27.249447 -27.938259 12.631531 -14.072292 -10.439512 5.917309 -9.787382 2.662855 -22.057615 11.307083 1.745374 -5.451807
-3.427411 -10.313665 0.459307 1.030977 11.501850 -4.307955 15.481722 27.646671 -17.926327 -22.682550 -4.525047 -5.022157 -15.115078 -13.426089 1.747775 10.226198 4.533267 -6.675541 -26.781046 -28.289946 12.539328 -14.174101 -10.449160 6.329952 -10.179466 2.812881 -21.634506 11.079891 2.113770 -6.496857
-2.170803 -10.684267 0.189721 0.413740 11.619159 -4.782763 14.551664 28.474970 -17.018181 -22.832033 -4.481053 -5.198301 -15.738353 -13.637966 1.756455 9.940096 4.248106 -5.659736 -26.526762 -28.257509 12.337855 -14.271010 -10.503091 6.612402 -10.616412 2.908285 -21.361324 10.881598 2.337203 -7.382355
-1.107461 -10.067063 0.117946 -0.718623 12.483678 -4.863294 13.398657 28.890739 -16.078188 -22.701014 -4.507980 -5.026552 -16.334263 -13.904340 1.526850 9.628633 3.718704 -4.996509 -26.276754 -28.107851 11.877472 -14.103505 -10.507883 6.769015 -11.153131 2.621940 -20.959929 11.012051 2.291396 -8.108402
-0.615905 -8.231488 0.023357 -2.477325 14.280365 -4.661283 11.637920 29.173334 -15.061894 -21.900545 -4.749743 -4.753722 -16.825603 -14.017376 1.385480 8.891783 3.486459 -4.384594 -26.191267 -28.017237 11.103672 -13.749067 -10.491454 6.842411 -12.117589 2.106268 -20.694603 10.889311 1.871687 -8.646481
0.058369 -6.232101 0.203397 -3.823179 15.919658 -4.090121 10.110150 29.411503 -14.458726 -21.248957 -5.397845 -4.449602 -17.177999 -13.993634 1.483187 7.680565 3.590928 -3.688599 -26.103491 -28.090355 10.291876 -13.156137 -10.363761 6.860404 -12.687719 1.322352 -20.520695 11.202875 1.111992 -8.877625
1.032423 -4.570697 0.602447 -4.348783 17.596109 -3.388821 8.927917 29.536392 -14.009351 -20.315897 -5.871170 -4.200562 -17.470449 -13.836170 1.476400 6.946635 3.527424 -3.208036 -26.026072 -28.213043 9.155565 -12.709227 -10.409166 6.829114 -13.445707 0.771556 -20.329151 11.330230 0.385970 -9.232206
1.831907 -2.735040 1.220170 -4.853974 18.991409 -2.659101 7.923381 29.485064 -13.780450 -19.596251 -6.100989 -4.065304 -17.731287 -13.815000 1.491123 6.389169 3.493773 -2.846053 -25.961943 -28.296135 8.243962 -12.278360 -10.522449 6.997753 -14.041204 0.227529 -20.052986 11.354008 -0.294742 -9.419575
2.666927 -1.750616 1.926905 -5.080683 19.659227 -2.157702 7.271719 29.486788 -13.284491 -19.068861 -6.627327 -3.852508 -17.986177 -13.745880 1.591034 5.555657 3.546218 -2.365775 -25.838114 -28.397940 7.806124 -12.107937 -10.545002 7.035016 -14.228311 -0.035806 -19.814447 11.513754 -0.500183 -9.535040
3.566471 -1.171555 2.363901 -5.144775 20.144062 -1.438858 6.857937 29.253994 -12.999600 -18.553888 -6.939178 -3.806824 -18.014633 -13.723836 1.609691 5.149740 3.506322 -2.178190 -25.913210 -28.539646 7.219814 -11.985357 -10.664285 7.138264 -14.417876 -0.325902 -19.662762 11.576340 -0.847923 -9.648437
4.209724 -0.776655 2.669241 -5.267177 20.374435 -0.859012 6.659661 28.854637 -12.860782 -18.200445 -7.166360 -3.754967 -18.070877 -13.603992 1.573772 4.872059 3.453353 -1.994386 -25.867434 -28.639645 6.911275 -11.919694 -10.746011 7.128475 -14.474363 -0.488659 -19.538780 11.667912 -1.031139 -9.452799
4.424480 -0.456829 2.930858 -5.253945 20.496819 -0.701050 6.583371 28.652166 -12.782723 -17.976580 -7.358023 -3.683151 -18.079269 -13.503329 1.560562 4.636374 3.466080 -1.866964 -25.868866 -28.646254 6.700886 -11.915246 -10.840105 7.103732 -14.484486 -0.580124 -19.449183 11.747668 -1.127761 -9.276670
4.547371 -0.220631 3.041434 -5.288641 20.502102 -0.564436 6.572679 28.568134 -12.848742 -17.972813 -7.444368 -3.654930 -18.057234 -13.471581 1.574861 4.541732 3.471248 -1.815463 -25.846313 -28.625801 6.601075 -11.915183 -10.881525 7.064488 -14.496669 -0.635149 -19.426331 11.770668 -1.182998 -9.186714
4.130752 -0.739221 3.058994 -5.312224 20.215799 -0.858614 6.711230 28.802429 -12.635263 -18.211260 -7.232649 -3.637057 -18.371496 -13.465526 1.412933 4.862766 3.273623 -1.774900 -25.696869 -28.688244 6.808444 -12.042951 -10.957302 7.236213 -14.451541 -0.431115 -19.487326 11.582496 -1.041859 -9.365444
2.666923 -1.464690 3.466596 -5.454067 19.050980 -2.066570 7.434150 29.205128 -12.387044 -19.113802 -6.722895 -3.590374 -19.244959 -13.261685 0.941723 5.807944 2.814850 -1.676730 -25.202005 -28.909912 7.195113 -12.447694 -11.378702 7.719012 -14.218219 0.044890 -19.378860 11.251102 -0.644021 -9.509385
0.945425 -4.187099 3.628952 -5.718688 16.113527 -3.250227 9.103855 28.952507 -11.905059 -20.714363 -5.784815 -3.462061 -20.648148 -13.177339 0.093850 7.305323 1.900509 -1.410322 -24.465469 -28.812416 8.088770 -13.469898 -12.110197 8.380044 -13.308898 1.123436 -19.380217 10.768270 0.222358 -9.301227
0.079279 -8.555317 4.495450 -4.640196 11.388666 -3.401024 12.351844 27.513872 -11.713763 -22.907270 -4.872302 -3.293329 -22.179272 -12.686599 -0.918837 9.707436 0.821154 -1.030068 -23.272985 -28.416880 9.486753 -15.232684 -13.234445 9.894557 -11.251005 3.154845 -18.904476 10.339975 1.924717 -9.113880
-1.282493 -11.068233 6.845226 -4.409551 8.430514 -1.694808 15.061675 25.755220 -11.514244 -23.983549 -3.708896 -2.443459 -24.059143 -12.819802 -2.192757 11.639148 -0.729118 -0.067663 -22.322636 -26.680458 9.521980 -16.634031 -14.979465 11.457566 -8.758650 4.330444 -18.156416 10.490996 2.319797 -7.948645
-1.295954 -10.091914 10.468429 -5.564563 8.300428 2.622802 16.727001 23.101336 -11.771027 -23.936069 -2.995077 -0.440859 -25.584389 -14.117928 -3.760665 11.608006 -2.757164 0.450975 -22.362051 -24.041603 8.071203 -16.662313 -16.130241 12.224693 -7.170407 3.998472 -17.384153 11.321127 0.967454 -5.017509
-1.039250 -8.034507 13.541809 -5.518991 8.947070 5.291391 17.557835 20.855295 -11.752255 -22.475153 -2.825528 0.206322 -26.557545 -15.322733 -4.092840 11.192816 -4.230606 2.158304 -21.817163 -22.359148 5.542933 -15.949391 -16.558279 13.180616 -7.347495 4.059605 -16.621569 10.758734 -1.005964 -2.087440
0.130465 -6.565736 15.657529 -5.089447 12.365754 5.346968 15.711080 19.542431 -9.611115 -19.220957 -2.968558 2.689553 -28.688683 -17.680267 -4.415792 8.513758 -4.917371 3.138995 -21.185904 -19.393459 3.557086 -14.399071 -15.922159 14.351124 -8.115581 4.430604 -16.348106 9.741041 -2.971606 -0.545558
2.134147 -7.416809 16.499313 -4.462160 14.088925 3.183534 13.134182 19.287788 -6.545508 -18.006441 -3.395799 4.663281 -31.790176 -17.748356 -4.592574 8.040370 -4.838920 3.789655 -18.150866 -18.096619 2.126612 -12.893695 -14.914736 14.757131 -10.042418 4.625359 -15.057427 9.581909 -3.425023 -0.674738
3.827190 -8.869416 15.415534 -6.556400 14.050080 2.255035 10.958086 18.711662 -4.429950 -18.671091 -4.577519 6.817275 -34.686207 -16.617691 -5.083452 8.540139 -4.491820 5.048551 -15.228997 -15.783522 1.764047 -12.317057 -14.498672 14.919983 -11.038864 5.069534 -13.408679 9.942736 -2.768625 -0.948222
5.587343 -11.515066 11.909866 -11.585820 14.076694 3.526776 8.979535 18.553185 -1.854575 -19.559698 -5.821290 7.826979 -36.924675 -15.267821 -5.804189 9.722939 -5.159077 7.013898 -12.501314 -14.526785 0.702179 -12.808958 -15.785961 13.630681 -10.934072 4.725463 -11.306849 11.908270 -2.057718 0.309338
10.417071 -13.309803 9.345045 -16.076689 14.339053 6.157477 6.037807 18.664015 1.520586 -19.068022 -8.001285 8.533097 -38.414650 -13.495781 -5.253786 9.950161 -4.268228 9.539992 -9.559039 -12.482302 -0.387158 -13.678929 -17.520260 12.622966 -10.940079 4.361427 -8.598822 14.028327 -0.802370 0.944517
15.142165 -14.106071 8.473189 -16.897074 13.759710 5.684661 5.559170 17.241358 3.326212 -17.912298 -10.607757 9.109317 -38.319183 -11.273978 -3.729079 9.762141 -1.339394 10.451633 -7.528593 -10.347893 -1.840837 -14.284251 -19.103117 11.056014 -11.275107 3.110894 -6.864627 15.896496 -0.291408 1.594202
16.668489 -12.745542 8.647460 -16.996979 14.589802 3.883958 5.276513 15.911909 4.080497 -16.477007 -13.397565 9.449203 -37.500847 -8.980478 -2.109505 9.935476 1.845013 10.313725 -5.485716 -8.784006 -2.677326 -14.017894 -19.261663 9.882810 -12.263556 1.976737 -6.298825 16.465889 -0.415380 1.837635
17.614191 -11.110332 9.333287 -16.752783 16.267431 2.472245 4.312239 14.311985 5.109265 -15.037257 -15.153680 8.962571 -36.650635 -7.120278 -0.736074 9.596148 4.406669 9.994803 -4.362889 -9.118076 -3.521667 -13.251031 -18.712032 9.390951 -13.589860 1.673754 -6.055665 16.021976 -0.895153 2.285735
17.463842 -10.672853 9.035666 -16.002611 17.209944 0.942757 4.528639 12.702110 5.169249 -13.967526 -16.470619 8.374853 -35.588745 -5.744097 0.477638 9.225622 6.427080 9.852805 -3.927932 -9.292838 -4.010602 -12.596148 -17.826717 8.825997 -14.529639 1.455622 -5.739380 16.229294 -0.927171 2.396047
17.570620 -10.444536 8.356440 -16.608345 17.933910 -0.319880 4.558058 11.325613 5.716081 -13.056881 -17.242176 8.086041 -34.764172 -4.820246 1.378892 9.442627 7.828424 9.534350 -3.596751 -9.048264 -4.474397 -12.122928 -17.409731 8.509001 -15.125607 1.158553 -5.127501 16.668556 -0.939954 2.566659
17.450953 -10.600180 7.374020 -17.168535 18.418804 -0.874533 4.603962 10.475195 5.846669 -12.578919 -17.612288 8.053035 -34.274208 -4.423038 1.716766 9.640289 8.254027 9.403913 -3.490490 -8.824604 -4.391923 -11.948474 -17.064768 7.833287 -15.407981 0.867281 -5.056860 17.175518 -0.772965 2.580053
17.448202 -10.593958 6.705619 -17.537249 18.662182 -1.222015 4.712758 9.673109 5.691398 -12.397657 -17.831398 8.073199 -33.962811 -4.174713 1.981866 9.653276 8.530386 9.365131 -3.444455 -8.667069 -4.372639 -11.745007 -16.725878 7.849092 -15.392037 0.846304 -4.719631 17.550764 -0.657603 2.574893
17.475693 -10.719322 6.289057 -17.654678 18.772299 -1.393056 4.711644 9.407148 5.643527 -12.306456 -17.899857 8.080423 -33.830456 -4.094699 2.096796 9.616262 8.671168 9.328191 -3.452064 -8.606968 -4.404608 -11.653805 -16.603497 7.834743 -15.394211 0.836066 -4.621067 17.666943 -0.663459 2.664547
17.508244 -10.697274 6.175399 -17.756014 18.819851 -1.419885 4.686388 9.310722 5.643050 -12.285969 -17.909882 8.081687 -33.774452 -4.104577 2.113487 9.629494 8.660000 9.313012 -3.468796 -8.576443 -4.391528 -11.648047 -16.579519 7.779338 -15.405466 0.824629 -4.664771 17.677626 -0.668335 2.669970
17.688519 -10.739891 5.835225 -17.992338 18.947716 -1.510039 4.576780 9.170977 5.684655 -12.253510 -17.926605 8.097136 -33.751190 -4.114590 2.124424 9.646223 8.633171 9.338897 -3.461299 -8.519815 -4.376957 -11.616953 -16.531635 7.696169 -15.434413 0.779574 -4.644968 17.765236 -0.655722 2.705569
17.788223 -10.705048 5.548035 -18.250341 19.102196 -1.596199 4.472818 8.887760 5.742915 -12.162098 -17.968779 8.123272 -33.650486 -4.095765 2.194644 9.641636 8.690616 9.318602 -3.477199 -8.431285 -4.419456 -11.644528 -16.593094 7.551541 -15.404771 0.729875 -4.653350 17.859352 -0.679435 2.793276
18.031536 -10.637921 5.117893 -18.551029 19.481323 -1.793747 4.183835 8.592520 5.890614 -11.953092 -18.076395 8.157562 -33.475899 -4.008222 2.360050 9.642535 8.909218 9.196902 -3.444727 -8.341008 -4.446485 -11.631021 -16.608936 7.392367 -15.313928 0.648225 -4.628062 18.032141 -0.732557 2.900576
18.355715 -10.484638 4.615869 -18.938402 19.863747 -1.946073 3.885088 8.413080 5.966897 -11.808494 -18.146860 8.187013 -33.303291 -3.939374 2.471821 9.673836 9.036780 9.137151 -3.441865 -8.202503 -4.484529 -11.629039 -16.637589 7.307418 -15.195852 0.613617 -4.482100 18.254078 -0.723875 3.061067
18.273979 -10.352528 4.313804 -19.230137 20.222895 -2.056351 3.703714 8.164362 6.001567 -11.615949 -18.223633 8.225364 -33.116760 -3.884887 2.585718 9.699991 9.123408 9.108910 -3.441155 -8.028479 -4.444025 -11.631188 -16.619562 6.818763 -15.203568 0.388890 -4.558780 18.528343 -0.694582 3.257654
18.530777 -10.340199 3.912261 -19.267164 20.577852 -2.295542 3.495285 7.931285 6.097978 -11.309095 -18.362305 8.308377 -32.850674 -3.787912 2.721978 9.718209 9.269451 9.010255 -3.451799 -7.809525 -4.324412 -11.449912 -16.357386 6.332471 -15.191909 0.198324 -4.567605 18.918953 -0.682945 3.641802
18.751852 -10.464930 3.652912 -19.233328 20.808969 -2.574705 3.372234 7.688414 6.284109 -11.034017 -18.496662 8.405684 -32.455978 -3.761058 2.865267 9.764117 9.393782 8.852440 -3.514379 -7.500806 -4.174699 -11.291506 -16.127146 5.830560 -15.187808 -0.013730 -4.470415 19.386765 -0.592353 4.113697
19.143351 -10.376522 3.047253 -19.083838 21.125336 -2.702256 3.259582 7.538911 6.054848 -10.800015 -18.559172 8.498704 -32.239208 -3.724534 2.911825 9.817592 9.439409 8.817034 -3.555467 -7.197717 -4.077754 -11.103497 -15.833711 5.364648 -15.270301 -0.252472 -4.565300 19.693975 -0.616660 4.373672
19.650156 -10.372164 2.380796 -18.953726 21.492702 -2.774363 3.012449 7.388350 5.964564 -10.470161 -18.573547 8.590360 -31.974541 -3.749907 3.021995 9.771765 9.576694 8.707860 -3.619309 -6.900274 -3.986513 -10.880441 -15.542959 4.960096 -15.441912 -0.496580 -4.613162 19.941128 -0.621232 4.630844
19.574295 -10.477377 1.757570 -18.611780 21.764406 -2.829754 3.039836 7.186580 5.596286 -10.187871 -18.583536 8.724197 -31.783251 -3.763022 3.085674 9.917110 9.642411 8.616989 -3.588078 -6.434993 -3.949102 -10.778773 -15.379654 4.675761 -15.634986 -0.669775 -4.889952 19.860615 -0.692113 4.556797
19.947920 -10.391478 1.307594 -18.277950 21.957571 -2.750452 2.999043 7.194661 5.239558 -10.006931 -18.643913 8.810857 -31.540470 -3.756845 3.171450 9.964263 9.738985 8.474311 -3.589471 -6.173826 -3.938825 -10.579070 -15.087440 4.252057 -15.858590 -0.900960 -5.030591 19.989864 -0.745471 4.759925
20.261383 -10.311790 0.932521 -18.009348 22.167057 -2.742264 3.075969 7.162914 4.872880 -9.814023 -18.701485 8.870815 -31.347763 -3.769165 3.302049 9.925797 9.948868 8.215503 -3.592316 -6.138024 -3.978323 -10.613153 -15.039772 4.092505 -16.043642 -0.894246 -5.281065 19.856766 -0.748008 4.704602
20.407982 -10.261369 0.898822 -17.692286 22.279871 -2.685248 3.177659 7.137688 4.629767 -9.639526 -18.760817 8.913138 -31.169048 -3.750137 3.412324 9.914339 10.135065 7.989652 -3.583360 -6.080725 -4.008121 -10.613873 -14.991211 4.029750 -16.091337 -0.880023 -5.362644 19.837637 -0.753109 4.740095
20.410606 -10.295134 0.707665 -17.349350 22.347404 -2.580919 3.275146 7.039851 4.338916 -9.482178 -18.852081 8.901551 -30.961769 -3.735175 3.521190 9.879703 10.331702 7.693977 -3.581435 -6.215027 -4.020490 -10.662047 -14.883967 3.881968 -16.120470 -0.794248 -5.675987 19.712273 -0.785509 4.682406
20.346087 -10.305080 0.584748 -17.141445 22.407299 -2.514091 3.348492 6.976612 4.154973 -9.362242 -18.921246 8.882709 -30.787699 -3.723161 3.582437 9.901435 10.449069 7.488220 -3.583258 -6.274605 -4.023670 -10.715646 -14.835478 3.786726 -16.161732 -0.747171 -5.967196 19.546734 -0.826302 4.553360
20.281391 -10.234692 0.512301 -16.842306 22.470020 -2.420144 3.446410 6.998192 3.875982 -9.265528 -18.979458 8.792743 -30.569975 -3.677333 3.678819 9.852262 10.667705 7.236015 -3.620189 -6.447741 -4.020367 -10.763141 -14.782457 3.692421 -16.165512 -0.692435 -6.188730 19.446854 -0.849530 4.474770
20.245190 -10.168810 0.519946 -16.671896 22.511063 -2.328008 3.503896 7.083512 3.699574 -9.225901 -18.997913 8.737937 -30.428730 -3.675970 3.741088 9.819708 10.790548 7.095835 -3.656436 -6.532416 -4.027350 -10.797127 -14.784489 3.675713 -16.178162 -0.670621 -6.319203 19.348866 -0.877168 4.383065
20.210938 -10.128930 0.513683 -16.548050 22.544106 -2.289805 3.550219 7.088682 3.580673 -9.187138 -19.006958 8.711722 -30.345356 -3.675205 3.776893 9.811378 10.859872 7.017133 -3.675550 -6.561550 -4.027187 -10.827971 -14.771307 3.635809 -16.178297 -0.642363 -6.432709 19.289856 -0.889815 4.326131
20.213001 -10.124311 0.514981 -16.543768 22.547005 -2.277048 3.558030 7.098002 3.568036 -9.183492 -19.009340 8.709790 -30.336105 -3.672653 3.782981 9.810061 10.876287 7.001087 -3.671728 -6.566286 -4.027493 -10.827920 -14.776072 3.638961 -16.183874 -0.646401 -6.434361 19.281570 -0.890318 4.321876
20.200209 -10.126556 0.513432 -16.537909 22.539421 -2.273561 3.561433 7.117390 3.562452 -9.191622 -19.008690 8.705791 -30.341076 -3.671026 3.780027 9.808008 10.872827 7.003473 -3.673864 -6.579484 -4.029182 -10.833739 -14.774123 3.635107 -16.184191 -0.641409 -6.455040 19.268427 -0.894993 4.306710
20.190060 -10.146145 0.520913 -16.606087 22.496149 -2.259687 3.554813 7.198682 3.602152 -9.240501 -19.005774 8.714671 -30.407555 -3.668278 3.757267 9.797543 10.838857 7.046084 -3.657542 -6.603310 -4.031068 -10.827975 -14.791294 3.661844 -16.189304 -0.656167 -6.429730 19.261280 -0.899284 4.295532
20.181473 -10.172985 0.527983 -16.676943 22.447968 -2.256712 3.541906 7.274150 3.661108 -9.288265 -19.004250 8.718542 -30.472023 -3.663168 3.735998 9.779226 10.796802 7.102330 -3.650042 -6.629601 -4.033518 -10.818373 -14.809478 3.701151 -16.200558 -0.673154 -6.395458 19.252632 -0.902363 4.282348
20.163446 -10.211451 0.570427 -16.797483 22.378878 -2.227514 3.523926 7.417730 3.748469 -9.371990 -19.003696 8.721928 -30.562449 -3.654140 3.710146 9.743967 10.761441 7.164693 -3.634290 -6.685144 -4.039745 -10.824017 -14.847570 3.739041 -16.218094 -0.693599 -6.385607 19.218447 -0.910094 4.238973
20.129778 -10.233890 0.646344 -16.898441 22.318945 -2.186111 3.508506 7.607079 3.826119 -9.460982 -19.009438 8.720603 -30.617659 -3.641492 3.690193 9.707153 10.730943 7.211924 -3.621843 -6.749465 -4.048086 -10.824138 -14.947381 3.850569 -16.239441 -0.747298 -6.300333 19.182213 -0.920810 4.167991
20.086531 -10.252698 0.786046 -16.974623 22.248028 -2.141714 3.503309 7.808520 3.912416 -9.560914 -19.001659 8.728833 -30.725327 -3.634204 3.662251 9.679485 10.689897 7.285022 -3.602015 -6.790016 -4.052887 -10.818120 -15.020645 3.944935 -16.259163 -0.789202 -6.235510 19.144030 -0.938574 4.103073
20.082596 -10.245858 0.959224 -17.064795 22.105602 -2.123693 3.514189 8.012956 4.042985 -9.671327 -19.005018 8.710629 -30.824539 -3.615672 3.649748 9.628411 10.706126 7.316389 -3.602226 -6.901535 -4.059613 -10.815600 -15.077559 4.024945 -16.281191 -0.817505 -6.188579 19.092115 -0.953073 4.027481
20.043581 -10.268990 1.078052 -17.252419 21.942932 -2.048623 3.520965 8.298877 4.179142 -9.823628 -18.991989 8.677894 -31.002066 -3.578232 3.587744 9.624802 10.665421 7.389365 -3.578044 -7.051159 -3.965881 -10.843829 -15.086340 4.041567 -16.278481 -0.806990 -6.292958 19.002895 -0.935833 3.861532
20.031370 -10.352780 1.292701 -17.501917 21.721107 -1.901546 3.446904 8.724899 4.419789 -10.052084 -18.973934 8.613969 -31.248671 -3.485156 3.513194 9.658209 10.635003 7.464416 -3.485702 -7.266224 -3.894541 -10.860920 -15.108019 4.073591 -16.290154 -0.811555 -6.364477 18.922213 -0.928983 3.726999
19.937029 -10.489769 1.599516 -17.575596 21.570183 -1.614764 3.403507 9.218264 4.492132 -10.300375 -18.927040 8.512885 -31.530998 -3.448380 3.416028 9.773505 10.481561 7.649705 -3.420286 -7.451011 -3.813802 -10.936602 -15.203556 4.133869 -16.236481 -0.792879 -6.457396 18.841061 -0.900794 3.529814
19.911026 -10.580341 1.851134 -17.783934 21.424191 -1.282643 3.348201 9.677063 4.636566 -10.499832 -18.820225 8.355898 -31.803047 -3.429696 3.332122 9.909155 10.400510 7.701282 -3.358780 -7.763507 -3.741423 -11.006810 -15.224251 4.131075 -16.188759 -0.744377 -6.615582 18.756474 -0.880833 3.365692
19.889050 -10.595245 2.088067 -17.891367 21.296997 -0.960366 3.285559 10.239048 4.716158 -10.679440 -18.612068 8.221696 -32.171371 -3.468900 3.178334 10.080334 10.196821 7.815978 -3.264047 -8.040002 -3.620675 -11.148154 -15.347229 4.200270 -16.073498 -0.674245 -6.783272 18.656214 -0.823592 3.097861
19.966978 -10.586706 2.265153 -17.766628 21.132526 -0.566521 3.241438 10.846046 4.662194 -10.800880 -18.453262 8.111302 -32.650364 -3.392720 3.022918 10.207368 10.059206 7.929046 -3.145398 -8.407987 -3.465898 -11.385019 -15.551531 4.370416 -15.845809 -0.495873 -6.965922 18.531544 -0.717411 2.775136
19.991335 -10.594831 2.693687 -17.651361 20.811306 -0.107953 3.207626 11.769417 4.689779 -11.044487 -18.237663 8.008975 -33.016563 -3.413851 2.843097 10.440207 9.850327 7.976271 -3.035301 -8.637844 -3.304250 -11.676032 -15.718303 4.428505 -15.583117 -0.253749 -7.303813 18.396948 -0.605064 2.423377
9.765709 -1.799080 5.941225 -17.278837 5.893992 -4.675394 19.869358 7.385976 -11.867782 -21.320839 -11.116442 2.013329 -24.785095 -14.424478 -4.241992 4.026312 3.059309 9.503976 -19.913960 -6.639625 5.451849 -4.080783 -11.443291 12.737571 -9.152274 2.876510 -9.465545 13.573668 -1.785774 1.873869
9.714073 -1.975007 6.225100 -16.856762 5.693769 -4.278495 19.819775 8.078950 -11.916155 -21.472887 -10.548370 1.907033 -24.969769 -14.896071 -4.483671 4.505712 2.645604 9.043542 -20.045122 -7.038890 5.839331 -4.424175 -11.503190 12.711875 -8.789906 3.186852 -10.013321 13.405542 -1.582706 1.416970
9.732445 -1.988748 6.254060 -16.115690 5.662621 -4.160483 19.888411 8.457937 -12.278885 -21.469145 -9.874845 1.798514 -25.180374 -15.252767 -4.730589 5.083392 2.211299 8.725988 -19.955236 -7.260923 6.157647 -4.625241 -11.461600 12.658123 -8.537940 3.391176 -10.469355 13.303060 -1.455305 1.105390
10.016205 -1.758295 6.292693 -15.365849 5.854158 -4.108138 19.705242 9.225863 -12.561428 -21.406458 -9.103435 1.610573 -25.208380 -15.593007 -4.902687 5.649107 1.853067 8.284989 -19.930326 -7.548627 6.516097 -4.765394 -11.285891 12.510125 -8.247561 3.570141 -11.049743 13.234514 -1.384849 0.812227
10.651856 -1.349803 6.042315 -14.596321 6.242867 -4.455794 19.538494 9.877668 -12.963414 -21.229891 -8.518679 1.267540 -24.741800 -15.833154 -4.800010 5.953649 1.757217 7.768726 -20.066662 -7.859556 6.902134 -4.865894 -11.043059 12.258544 -7.954433 3.685610 -11.776258 13.138877 -1.390531 0.524279
8.736317 -4.568479 7.029422 -10.456648 10.047071 -4.739049 17.371269 12.412809 -9.682206 -18.959730 -8.708066 1.066925 -23.085072 -10.808153 -0.180481 8.866447 1.858619 7.559784 -18.934093 -11.764830 8.378552 -9.122133 -9.985313 12.510201 -9.710803 0.267671 -13.284877 14.057230 -1.597993 0.355445
8.762058 -5.405828 6.496478 -9.391891 10.919018 -5.502646 16.826262 13.070373 -9.307250 -18.414593 -8.293166 0.271645 -22.447462 -10.448359 0.733233 9.315042 2.111526 7.287276 -18.839563 -12.472025 9.081517 -8.858963 -9.765821 12.003666 -9.671865 -0.646664 -13.788922 14.206045 -1.638410 0.176348
8.899161 -5.141538 6.074737 -8.696957 11.882360 -5.178834 16.559109 13.460968 -9.823451 -18.175600 -8.279524 -0.031122 -21.811304 -10.583881 0.915792 9.076308 2.350023 6.966137 -19.370970 -13.226549 9.433080 -8.782582 -9.262722 11.720159 -9.739490 -1.023664 -14.812066 14.066395 -2.191362 0.079752
8.361268 -4.825918 5.425975 -8.243584 12.403604 -5.531253 16.565092 13.316193 -10.431883 -17.940580 -8.609762 -0.372903 -21.019806 -10.456704 1.400928 8.410829 2.993286 6.657754 -19.964453 -13.782700 9.727077 -8.456552 -8.738510 11.350847 -9.854732 -1.294886 -15.427663 14.032022 -2.511518 -0.018327
7.577650 -4.701188 4.696013 -7.785874 12.936899 -5.797906 16.529284 12.858685 -10.847453 -17.466467 -9.071928 -0.514021 -20.371363 -10.140419 1.912715 7.746977 3.660000 6.555867 -20.510859 -13.904604 9.972742 -8.103424 -8.258769 10.971650 -9.979264 -1.573465 -15.977566 13.978611 -2.823067 -0.064219
6.749204 -4.654433 4.169110 -7.587070 13.204211 -5.982563 16.644474 12.209082 -11.212441 -17.193071 -9.758690 -0.536290 -19.484520 -9.799247 2.445407 7.165067 4.507090 6.271201 -20.941345 -13.779262 10.071464 -7.713372 -7.881601 10.640382 -10.193805 -1.961975 -16.235455 13.974827 -3.168652 0.084847
5.928572 -4.887371 3.798367 -7.518005 13.283681 -6.111611 16.922562 11.571775 -11.611618 -17.180716 -10.297731 -0.456278 -19.107843 -9.555396 2.678181 6.817253 5.014848 6.228100 -21.099356 -13.539248 10.160488 -7.280227 -7.448975 10.209615 -10.453161 -2.390712 -16.488106 13.975499 -3.537854 0.435439
4.791834 -5.396861 3.646437 -7.397760 13.189609 -6.278883 17.370754 10.709663 -11.941183 -17.241320 -10.874504 -0.375720 -18.374256 -9.225516 3.049015 6.700971 5.641028 5.873488 -21.204142 -13.184325 10.144888 -6.896863 -7.084921 9.849952 -10.756648 -2.742354 -16.588814 13.951534 -3.830909 0.828877
3.336473 -6.026826 3.466845 -7.180831 12.863833 -6.413206 17.965384 9.611315 -12.324347 -17.374056 -11.469373 -0.257059 -17.638309 -8.871450 3.397660 6.759364 6.226996 5.501362 -21.187170 -12.701895 10.076031 -6.651217 -6.860781 9.561057 -11.029262 -3.002742 -16.612335 13.927807 -4.013313 1.221745
2.155458 -6.723851 3.401748 -7.169812 12.405707 -6.453862 18.555431 8.555051 -12.551369 -17.575623 -12.110719 -0.202208 -16.807821 -8.501718 3.788273 6.803437 6.952873 5.164003 -21.190599 -12.183159 10.073977 -6.435565 -6.555619 9.159806 -11.295239 -3.103772 -16.708939 13.884896 -4.110283 1.807203
1.142798 -7.253675 3.423567 -6.952906 12.221954 -6.538127 19.083761 7.662713 -12.826247 -17.649923 -12.595234 -0.164850 -16.067520 -8.173382 4.177209 6.785976 7.531742 4.860404 -21.255365 -11.829832 10.150391 -6.277256 -6.175682 8.671685 -11.555718 -3.111699 -16.887205 13.866394 -4.107650 2.478273
0.268567 -7.421546 3.058777 -6.832727 12.280534 -6.566524 19.347551 6.779954 -13.170661 -17.533686 -13.005096 -0.065513 -15.399664 -7.927850 4.563272 6.738808 8.111759 4.551008 -21.279337 -11.369053 10.290624 -6.097545 -5.653442 8.176480 -11.796450 -3.049601 -17.035604 13.863903 -4.045153 3.361799
-0.513645 -7.435947 2.428713 -6.727611 12.524194 -6.624565 19.549118 5.961222 -13.646352 -17.300404 -13.218031 0.032146 -14.760253 -7.859342 4.828543 6.801167 8.569455 4.064050 -21.429573 -10.998644 10.471707 -5.884255 -5.104119 7.677206 -12.067291 -2.983287 -17.212887 13.858537 -3.989909 4.254284
-1.242351 -7.352600 1.585062 -6.598970 12.916490 -6.699414 19.703386 5.194443 -14.257998 -17.011387 -13.405769 0.141988 -13.911792 -7.816319 5.197632 6.876219 9.208461 3.365246 -21.552401 -10.491444 10.624029 -5.743184 -4.692750 7.267754 -12.263443 -2.926813 -17.375095 13.855646 -3.935641 4.946062
-1.827749 -7.279503 0.739116 -6.415366 13.333125 -6.772376 19.800308 4.543539 -14.804111 -16.699480 -13.525295 0.137314 -12.890432 -7.825253 5.679819 6.833923 9.985316 2.461298 -21.866898 -10.208264 10.746414 -5.595786 -4.329840 6.980689 -12.435015 -2.885694 -17.495464 13.833008 -3.926018 5.550487
-2.287495 -7.180155 -0.007944 -6.205328 13.721984 -6.812399 19.820345 4.183403 -15.334582 -16.457590 -13.526162 0.115146 -12.224137 -7.850430 5.996036 6.848391 10.484886 1.822904 -22.031565 -10.044658 10.858387 -5.458742 -4.038973 6.795055 -12.576570 -2.837155 -17.575735 13.808453 -3.915308 6.023829
-2.483241 -7.028491 -0.649172 -6.026967 14.048089 -6.841949 19.793795 4.003685 -15.766224 -16.253901 -13.539926 0.112312 -11.734018 -7.877737 6.222691 6.863420 10.847766 1.376913 -22.162687 -9.895678 10.959681 -5.329892 -3.740121 6.598438 -12.720290 -2.805239 -17.665861 13.796629 -3.910457 6.477325
-2.512855 -6.926039 -1.017764 -5.905951 14.234965 -6.864260 19.775490 3.878988 -15.983773 -16.089630 -13.543707 0.101987 -11.305470 -7.901266 6.435563 6.874804 11.193887 0.991821 -22.301895 -9.771328 11.036932 -5.255797 -3.544927 6.455289 -12.804358 -2.769950 -17.736225 13.796705 -3.890891 6.763247
-2.490759 -6.844540 -1.244820 -5.829145 14.338478 -6.895895 19.736755 3.850547 -16.114645 -16.022545 -13.564160 0.111598 -11.048093 -7.906574 6.594203 6.882775 11.455091 0.778209 -22.357115 -9.637852 11.065853 -5.240647 -3.462569 6.399065 -12.836108 -2.745018 -17.764328 13.798510 -3.868371 6.875816
-2.503055 -6.793868 -1.362739 -5.788536 14.400041 -6.904770 19.723892 3.836026 -16.190760 -15.978669 -13.564390 0.116800 -10.965228 -7.906390 6.626166 6.878087 11.510701 0.712041 -22.363037 -9.593975 11.070753 -5.205026 -3.418822 6.415943 -12.866099 -2.751671 -17.734766 13.799567 -3.873756 6.953329
-2.468728 -6.771499 -1.399566 -5.783208 14.408925 -6.913652 19.712206 3.836359 -16.199879 -15.962315 -13.568128 0.124794 -10.944452 -7.900077 6.644239 6.871186 11.547411 0.710571 -22.355347 -9.548162 11.082157 -5.203745 -3.399367 6.400163 -12.875366 -2.742294 -17.748808 13.798292 -3.867303 6.977043
