-10.144735 -19.571348 -0.418161 -9.375653 27.974461 -8.310330 3.910340 -1.295079 -2.318788 5.601336 -23.426798 5.684336 -14.190562 -8.137599 17.691628 10.097050 11.197731 -10.358199 -6.122730 15.310946 7.095516 5.123509 -4.227830 8.493650 -19.885731 -7.306071 -7.906105 11.389267 -8.599245 11.880494
-10.300713 -19.495428 -0.383003 -9.420488 27.957756 -8.457081 3.746548 -1.314184 -2.278811 5.424711 -23.505091 5.793135 -14.315134 -7.968902 17.724480 10.076834 11.421343 -10.368556 -6.001980 15.485342 7.054516 5.132001 -4.361724 8.411784 -19.956772 -7.336997 -7.861376 11.368018 -8.608349 11.948206
-10.599937 -19.489998 -0.288797 -9.515315 27.837540 -8.698853 3.496818 -1.319019 -2.155666 5.053483 -23.601532 5.948438 -14.525130 -7.774892 17.734497 10.109512 11.714955 -10.394773 -5.787784 15.822783 7.035738 5.054708 -4.574398 8.264594 -19.982634 -7.349837 -7.830783 11.387312 -8.563330 12.046865
-10.949740 -19.468306 -0.040653 -9.487414 27.632565 -9.086263 3.287443 -1.414234 -1.924689 4.594122 -23.765244 6.187932 -14.864051 -7.495116 17.812992 10.006682 12.120610 -10.391371 -5.512218 16.193844 6.896511 5.037394 -4.875018 8.190730 -20.128933 -7.428620 -7.657888 11.351347 -8.559884 12.234686
-11.293554 -19.428415 0.178137 -9.444513 27.437122 -9.419037 2.880665 -1.321736 -1.724287 3.952323 -24.087894 6.609886 -15.173211 -7.256053 17.864700 9.887217 12.403308 -10.288989 -5.241812 16.719952 6.713238 4.832850 -5.331886 7.972545 -20.226837 -7.472237 -7.482243 11.391535 -8.438953 12.558155
-11.640304 -19.435875 0.460035 -9.605216 27.217743 -9.625109 2.291077 -1.190682 -1.414417 3.140309 -24.427351 7.078189 -15.652822 -6.980989 17.839245 9.730452 12.591488 -10.075186 -4.910182 17.178654 6.509489 4.695148 -5.884524 7.777372 -20.412853 -7.592233 -7.319988 11.299019 -8.397073 12.755005
-11.731030 -19.397581 0.450901 -9.932301 27.181141 -9.827418 1.485849 -0.923008 -1.103857 2.409308 -24.845173 7.527799 -16.380644 -6.575273 17.806988 9.383295 12.763618 -9.614042 -4.461864 17.520184 6.271373 4.495914 -6.412168 7.527837 -20.562529 -7.661432 -7.108202 11.312488 -8.260242 13.117655
-11.605042 -19.293093 0.406853 -10.478251 27.230394 -9.811502 0.630998 -0.457551 -0.776461 1.827142 -25.168251 7.924151 -17.169123 -6.351750 17.591520 9.007392 12.622834 -9.039859 -4.115864 17.694017 6.041102 4.121717 -6.964586 7.284666 -20.720314 -7.738285 -6.955334 11.354687 -8.097039 13.266328
-11.427676 -19.292992 0.067865 -11.140324 27.465439 -9.643847 -0.239018 0.110940 -0.444759 1.436883 -25.597702 8.289603 -17.738693 -6.250049 17.237677 8.698088 12.308263 -8.400157 -3.882819 18.022011 5.843658 3.803175 -7.475426 6.911923 -20.828728 -7.733686 -6.865525 11.340157 -7.931846 13.368715
-11.275536 -19.382627 -0.385720 -12.059490 27.597084 -9.243113 -0.916373 0.785883 -0.272293 1.034050 -25.953678 8.576319 -18.443352 -6.199802 16.721869 8.378664 11.904675 -7.610925 -3.609924 18.298923 5.679284 3.542266 -8.084164 6.589283 -20.922235 -7.729095 -6.794937 11.239304 -7.812550 13.448719
-11.271345 -19.688780 -1.075342 -12.713318 27.639622 -8.777661 -1.607318 1.768087 -0.311301 0.509931 -26.265541 8.687813 -18.890472 -6.311988 16.329029 7.937885 11.330933 -6.676046 -3.492440 18.414394 5.578695 3.114029 -8.476397 6.371913 -20.898090 -7.609626 -6.639708 11.320220 -7.557612 13.826641
-11.091000 -20.067999 -1.375571 -12.876144 27.529797 -8.146347 -1.982135 2.388276 -0.334371 0.055097 -26.493324 8.827299 -19.442711 -6.309835 15.976915 7.613257 10.752172 -5.908024 -3.361061 18.302517 5.516251 2.661541 -8.979296 6.184857 -20.866854 -7.421122 -6.465259 11.278864 -7.353323 14.119995
-10.778643 -20.138353 -1.679946 -13.342131 27.454914 -7.734032 -2.566160 3.010076 -0.185890 -0.406701 -26.567535 8.893220 -19.959345 -6.549683 15.613955 7.297702 10.010939 -5.054514 -3.249610 18.197639 5.405238 2.330719 -9.516459 6.023978 -20.925064 -7.263415 -6.204820 11.186888 -7.171899 14.429276
-10.582181 -20.214670 -1.737971 -13.665136 27.342394 -7.464972 -2.991610 3.523295 -0.042311 -0.760601 -26.780197 8.955333 -20.512924 -6.618953 15.118899 7.033425 9.436828 -4.340167 -3.060983 18.078445 5.361977 2.047548 -9.874109 5.970052 -20.887348 -7.108791 -6.036894 11.115297 -7.030707 14.707447
-10.388701 -20.214819 -1.872137 -14.071814 27.269524 -7.455776 -3.464005 3.851058 0.173426 -1.039815 -26.641329 8.886373 -20.922680 -6.673867 14.914150 7.026798 9.246291 -4.092864 -2.926233 17.869633 5.245066 1.812075 -10.247311 5.983059 -20.939196 -6.983423 -5.821964 11.027496 -6.885406 14.873241
-10.223177 -20.266634 -1.793834 -14.314342 27.107742 -7.365214 -3.684398 4.149073 0.371815 -1.219776 -26.508104 8.817535 -21.194969 -6.794286 14.744500 7.021249 9.057508 -3.923465 -2.868636 17.645359 5.168954 1.590560 -10.433342 5.994972 -20.946110 -6.859891 -5.724879 10.999026 -6.762562 14.957073
-10.041573 -20.388895 -1.705855 -14.472307 26.931511 -7.208791 -3.726857 4.246094 0.535073 -1.306025 -26.504011 8.726731 -21.383812 -6.864283 14.465926 7.013756 8.838964 -3.745970 -2.823356 17.410616 5.192752 1.396721 -10.498615 5.977837 -20.883289 -6.724496 -5.786831 10.974190 -6.682295 14.945440
-9.926150 -20.372728 -1.615408 -14.571198 26.836826 -7.139861 -3.759562 4.312894 0.617706 -1.343649 -26.660927 8.700738 -21.494505 -6.859822 14.152422 7.010265 8.695437 -3.531396 -2.772284 17.297394 5.145362 1.282700 -10.579122 5.972684 -20.898785 -6.616014 -5.754996 10.932858 -6.599744 14.941490
-9.876287 -20.384918 -1.549666 -14.610106 26.776653 -7.077806 -3.802430 4.432144 0.662469 -1.380833 -26.582111 8.620077 -21.574150 -6.891443 14.065410 7.032581 8.637164 -3.514832 -2.773885 17.159370 5.167222 1.214720 -10.639137 5.929069 -20.889717 -6.579272 -5.766224 10.922501 -6.552972 14.920341
-9.859111 -20.354532 -1.512340 -14.628258 26.758863 -7.082197 -3.846046 4.459005 0.669779 -1.415671 -26.577347 8.596166 -21.634346 -6.892523 13.975930 7.043817 8.610814 -3.498547 -2.760040 17.122515 5.152729 1.186097 -10.689763 5.916423 -20.919373 -6.558824 -5.759720 10.884111 -6.538135 14.934969
-9.873417 -20.169626 -1.550844 -14.491498 27.015833 -7.199898 -3.879585 4.343675 0.595246 -1.314056 -26.694199 8.599742 -21.413282 -6.944326 14.025918 6.934214 8.649167 -3.613247 -2.883179 17.089348 5.281568 1.254934 -10.589266 5.792037 -20.865654 -6.570933 -5.952073 10.853783 -6.589934 14.829572
-9.899047 -19.479433 -1.583990 -13.990387 27.736195 -7.691434 -4.057636 4.026806 0.314661 -1.090467 -27.046345 8.540839 -20.907421 -7.138986 14.021955 6.647860 8.680566 -3.701840 -3.130504 17.182455 5.612883 1.441181 -10.370401 5.450291 -20.787603 -6.614372 -6.431884 10.754095 -6.679844 14.493281
-9.439857 -18.665159 -2.070156 -13.210505 28.922798 -8.309254 -4.703446 3.798941 -0.221271 -0.656338 -27.886887 8.220558 -19.532558 -7.525569 13.716635 6.430923 8.883188 -3.890802 -3.640784 17.759056 6.061761 1.997600 -10.162065 4.942840 -20.857258 -6.700855 -7.148381 10.304796 -6.929565 13.674871
-9.160028 -17.843304 -2.557924 -12.670828 30.141466 -8.855307 -4.969493 2.909022 -0.703989 0.048128 -28.904699 8.027925 -17.562773 -7.517563 13.345972 6.851670 8.888223 -4.640491 -4.343875 18.201023 6.699043 3.063876 -9.732196 4.627544 -21.006432 -6.884984 -7.912724 9.668634 -7.317803 12.675167
-8.509075 -16.620642 -3.292441 -11.805163 31.712948 -9.744757 -4.683830 1.512511 -1.162218 1.381410 -29.671436 7.785610 -15.039396 -7.519249 13.265400 7.541425 8.501951 -5.508365 -5.351132 18.555164 7.671902 5.063021 -9.109502 4.527227 -20.984638 -6.859388 -8.959907 8.467141 -7.799786 11.298847
-7.695829 -14.754688 -2.893294 -10.483288 33.280586 -9.434862 -3.389635 0.225245 -1.559534 3.090675 -29.817513 7.321019 -12.248425 -8.245667 13.546767 8.212195 7.796793 -5.708913 -6.377225 18.850487 8.832129 7.303841 -8.422167 4.717446 -20.661331 -6.756810 -9.836023 7.254718 -8.504787 9.856546
-6.389243 -12.654209 -1.931424 -8.342861 34.705475 -8.952844 -2.533753 -0.232624 -2.107738 4.431721 -28.921051 6.186259 -9.766620 -9.688832 14.970925 7.718038 8.058117 -5.348070 -7.606228 19.582695 9.858932 9.642694 -7.452134 5.453744 -20.067879 -6.532582 -10.498526 6.075757 -9.360487 8.368419
-6.932608 -9.336946 -1.149324 -8.016375 36.458431 -8.501926 0.198654 0.723090 -2.120381 7.623770 -28.541735 6.685221 -7.550513 -9.592015 17.940674 7.372087 5.319476 -4.963357 -9.012204 19.171719 11.245205 12.669635 -7.421110 6.677159 -18.270218 -4.754753 -11.214096 4.315035 -9.234363 6.641841
-5.100704 -4.863649 -1.590817 -8.886765 39.394016 -8.084549 2.910434 1.857677 -1.372795 11.130545 -29.946239 7.314884 -4.344485 -9.734942 19.980274 6.834567 -0.121431 -2.375653 -10.606168 16.504566 12.090175 15.628894 -7.760983 8.441788 -16.239319 -2.969051 -11.522544 3.121607 -8.837721 5.016816
-2.025815 -2.805136 -1.966278 -8.304676 40.336182 -7.246400 5.200638 3.138160 -1.146266 13.170031 -28.839684 5.832460 -1.682266 -11.447970 22.614653 5.298532 -2.507010 -0.376100 -12.067371 14.865107 11.791221 16.966478 -7.644244 11.310462 -14.779909 -2.052902 -10.356682 2.464376 -8.932523 3.534872
1.213184 -2.130422 -1.641264 -6.748196 40.387383 -6.460729 7.231132 4.317177 -1.180611 13.767310 -27.138714 4.298123 0.021160 -12.736731 26.315525 3.438448 -2.510099 0.577610 -13.190775 13.653787 11.323801 17.657276 -6.424349 14.578424 -13.868848 -1.601006 -9.238999 2.430265 -9.012150 2.687325
5.517251 -3.123537 -2.259600 -4.725812 40.230743 -4.774140 9.776860 5.243403 -1.380422 14.377449 -25.683773 3.923037 0.742059 -12.909277 29.617924 2.267959 -1.809114 -0.151552 -13.810837 11.851060 11.226477 17.401648 -5.528828 17.023180 -13.568653 -1.864484 -8.822825 2.686725 -9.156824 0.793205
9.438881 -5.656043 -2.870164 -1.055061 39.277443 -2.989977 12.503761 5.943088 -2.100009 13.930658 -23.591064 3.559181 1.096798 -13.189462 32.853848 1.145552 -1.210571 -1.192219 -14.455919 10.048329 10.439735 17.115280 -5.066296 18.879440 -13.376150 -2.286193 -8.505542 3.068862 -9.165469 -1.434352
13.719938 -8.474096 -2.845933 3.976050 37.691044 -3.491039 13.503039 5.865914 -3.544980 12.773094 -21.063416 3.519120 0.911754 -13.815434 35.640919 -0.436212 -0.861267 -1.709873 -15.130493 8.587067 9.908468 15.677545 -4.558752 20.241304 -13.730594 -2.276082 -8.357040 3.211714 -8.839864 -2.559375
16.452295 -11.408844 -1.848701 8.262423 35.423603 -3.313721 15.057069 5.838777 -4.651149 11.555689 -18.512924 3.386484 0.017385 -14.412202 38.084942 -1.948543 -0.393452 -1.832266 -15.747790 7.093098 9.454871 13.273362 -4.329005 22.063192 -14.631313 -1.888862 -8.223186 3.317846 -8.405408 -2.568822
18.065151 -12.975780 -0.434896 11.090246 33.446632 -4.480026 17.100880 5.478125 -4.922599 11.296064 -16.952206 3.302147 -0.744227 -14.790131 39.314831 -2.805130 -0.335478 -1.858374 -16.213938 6.180933 9.073971 11.313954 -4.158360 23.305830 -15.408191 -1.549258 -8.119819 3.073004 -8.007376 -2.146519
18.160868 -14.378571 0.514635 12.014666 31.626680 -7.058294 18.348236 5.343282 -4.460958 10.709171 -15.540281 3.151910 -1.897744 -15.071601 40.115658 -3.579133 -0.363690 -1.675834 -16.420305 5.582696 9.039457 10.289353 -4.194425 23.849043 -15.795680 -1.006435 -8.465554 2.625434 -7.217940 -1.875896
18.645235 -15.690664 0.402180 11.993909 30.469103 -8.705757 19.453831 5.535758 -4.109031 10.550219 -14.919828 3.385715 -2.729234 -15.198302 40.140327 -3.748076 -0.643096 -1.705537 -16.391516 5.009950 9.192642 9.355305 -3.697591 23.828074 -16.069353 -0.574033 -9.128570 2.585815 -6.518925 -1.199355
19.205990 -16.451164 0.313433 12.446614 29.590117 -9.863507 20.302895 5.438917 -4.060518 10.535041 -14.193576 3.633157 -3.498750 -15.184373 40.483734 -3.911190 -0.845555 -1.857062 -16.328526 4.704710 9.094398 8.729141 -3.531876 24.132141 -16.295685 -0.383757 -9.248483 2.510493 -6.215061 -0.909060
19.288504 -16.706560 0.308224 12.412902 29.308399 -10.242243 20.400213 5.506683 -3.956567 10.391760 -13.878345 3.716332 -3.867383 -15.155593 40.542347 -4.010532 -0.928657 -1.827960 -16.247934 4.556340 9.021289 8.411757 -3.548231 24.312551 -16.529146 -0.347209 -9.314755 2.371002 -6.172147 -0.859543
19.334524 -16.728601 0.382776 12.478180 29.197403 -10.347490 20.508064 5.428604 -3.897909 10.433227 -13.819583 3.704189 -3.823867 -15.177522 40.650112 -4.044629 -0.936106 -1.817507 -16.272509 4.614059 9.027512 8.369963 -3.481492 24.325964 -16.552952 -0.327952 -9.402326 2.370797 -6.164856 -0.833551
19.199877 -16.786936 0.507244 12.395256 28.945469 -10.849189 20.575668 5.320156 -3.778303 10.518566 -13.718712 3.601756 -3.680205 -15.365210 40.774029 -4.125458 -0.836830 -1.873357 -16.412443 4.636160 9.194782 8.449561 -3.202978 24.173861 -16.468590 -0.330344 -9.807401 2.416938 -6.138861 -1.020590
19.287756 -16.890699 0.662650 12.476334 28.635712 -11.346088 20.679859 5.382811 -3.691400 10.577002 -13.504258 3.518066 -3.579045 -15.636437 40.830837 -4.186991 -0.803987 -1.952651 -16.555830 4.643309 9.378613 8.557448 -2.765595 24.026915 -16.317272 -0.347418 -10.313723 2.543768 -6.140049 -1.247282
19.188608 -16.913950 1.155501 12.450358 28.178493 -12.314758 20.999710 5.230048 -3.489202 10.882935 -13.231218 3.478793 -3.451602 -15.934255 40.946560 -4.263467 -0.787332 -2.015826 -16.701000 4.646685 9.485774 8.579849 -2.294853 24.067423 -16.137434 -0.221498 -10.655974 2.641175 -6.095491 -1.058318
18.632393 -16.597252 2.134116 11.840288 27.879112 -13.144415 21.458162 5.313788 -2.913999 11.212621 -12.830981 3.492736 -3.448481 -16.241520 41.064659 -4.178875 -0.941067 -2.052910 -16.756313 4.697384 9.767311 8.816798 -1.663502 23.659803 -15.811479 -0.071937 -11.160843 3.083351 -5.947896 -0.598518
18.080208 -16.535757 3.259598 11.030988 27.447685 -13.962113 22.416489 5.438932 -2.324383 11.780087 -12.360954 3.400955 -3.564186 -16.630169 41.211872 -3.967803 -1.148136 -2.048905 -16.792492 4.879115 9.941298 8.899381 -0.972174 23.291790 -15.455808 0.082181 -11.754511 3.713915 -5.709634 -0.095351
17.507614 -15.890604 4.301848 9.538003 27.122953 -15.773934 23.706709 5.506803 -1.222691 13.044228 -11.783619 3.328066 -3.637383 -17.026424 41.501099 -3.818334 -1.437065 -1.809526 -16.764553 5.080197 10.116487 8.945266 0.168503 23.318548 -15.152467 0.386985 -12.355454 4.101418 -5.544718 0.743983
16.792654 -15.468327 5.362888 8.202275 26.550579 -17.337769 24.809158 5.474649 -0.177641 13.988216 -11.455722 3.295199 -3.825116 -17.411308 41.477573 -3.434370 -2.050510 -1.413862 -16.672739 5.232005 10.136475 8.850956 0.877250 22.933758 -14.638066 0.558062 -13.138238 4.749098 -5.298223 1.301589
15.942791 -14.734664 6.135180 6.674846 26.307499 -18.348724 25.333626 5.543786 0.658453 14.965081 -11.188169 3.452309 -4.145095 -17.727211 41.346802 -3.020305 -2.851715 -1.021887 -16.526649 5.212251 10.465443 8.643840 1.442101 22.634272 -14.201505 0.825247 -13.645947 5.013421 -5.083512 1.769214
15.331182 -15.210257 6.065926 5.364840 25.545254 -18.360077 25.793556 5.676457 1.054244 15.567749 -10.975462 3.526181 -4.611904 -18.121624 41.007679 -2.519851 -3.791628 -0.302804 -16.279663 5.282097 10.767622 7.874352 1.736343 22.210632 -13.777975 1.070771 -14.412189 5.547453 -4.679049 2.277976
14.878629 -15.833153 5.635865 4.517109 25.093023 -18.884222 26.609343 5.693295 0.859645 16.426237 -10.748760 3.498660 -5.035338 -18.605230 40.654636 -2.010664 -4.600639 0.390616 -16.077394 5.400649 11.004635 6.956657 2.335548 22.238262 -13.449999 1.387604 -14.953044 5.941782 -4.311802 3.097490
14.575266 -16.723108 4.981318 4.228828 24.525497 -18.731325 27.629381 5.916766 0.259546 17.269293 -10.471074 3.631346 -5.620711 -18.967176 40.407940 -1.590386 -5.449442 1.021159 -15.864859 5.604867 11.184288 6.476014 3.000937 22.754641 -13.031972 1.850389 -15.111690 6.204184 -4.218042 3.714479
14.262474 -17.446341 4.892461 4.628942 23.649441 -18.648638 28.774282 5.520985 0.014341 17.958654 -9.972466 3.781891 -6.518484 -19.222527 40.161915 -1.148131 -6.370697 1.746246 -15.469474 5.935575 11.386565 5.980093 3.494684 23.074795 -12.818669 2.172909 -15.298913 6.335524 -4.136545 4.143855
14.136559 -17.672586 5.382594 4.617227 22.945982 -19.363861 30.030170 5.170072 0.326457 18.866674 -9.382704 3.826308 -7.280803 -19.454311 40.104111 -1.044729 -6.905736 2.603839 -15.063802 6.373107 11.646551 5.879792 3.831719 23.149569 -12.284206 2.421896 -15.194331 6.865930 -3.991062 4.454108
14.060839 -17.913057 6.109329 4.894955 22.365335 -19.495703 31.433552 4.838212 0.420846 19.709776 -8.764723 3.888483 -7.940977 -19.483374 40.274334 -1.268721 -7.047206 3.446173 -14.639146 6.748408 11.717838 5.530930 4.296643 23.491772 -12.066556 2.556141 -15.032668 7.122203 -3.924510 4.831043
13.778866 -17.790094 7.408052 4.921175 22.136883 -19.529932 32.834541 4.668580 0.712776 20.305517 -8.324903 3.928220 -8.412629 -19.439106 40.447899 -1.447783 -7.180309 4.180238 -14.322818 7.091625 11.631577 5.107883 4.281847 23.518637 -11.707562 2.711918 -14.864616 7.697470 -3.751743 5.266500
13.478426 -17.919909 8.388011 5.082916 21.843052 -19.246073 33.800476 4.546971 0.932317 20.531630 -7.934207 3.945320 -8.846024 -19.311327 40.660534 -1.611696 -7.294310 4.828979 -14.020459 7.332905 11.519817 5.057626 4.453040 23.729950 -11.468392 2.811791 -14.659083 8.003372 -3.750141 5.572054
13.123475 -18.498770 8.776960 5.456741 21.446634 -18.475134 34.435539 4.619442 0.656692 20.423113 -7.823292 3.882819 -9.099313 -19.279772 40.543957 -1.590872 -7.546824 5.288178 -13.815372 7.431350 11.482573 5.000867 4.480824 23.937944 -11.289767 2.928922 -14.521055 8.268237 -3.708585 5.747929
12.988426 -18.874556 8.796366 5.662947 21.192352 -17.939632 34.740192 4.689813 0.464065 20.384642 -7.727999 3.846049 -9.264639 -19.282646 40.464420 -1.497734 -7.788429 5.588099 -13.683848 7.555016 11.437519 4.952354 4.559729 24.067717 -11.206635 3.002107 -14.483001 8.396317 -3.679840 5.897477
12.833876 -19.065512 8.781594 5.810049 21.037548 -17.697603 34.866875 4.647258 0.333249 20.343987 -7.681518 3.835791 -9.322058 -19.265671 40.456070 -1.499089 -7.838519 5.685003 -13.627858 7.574438 11.447166 4.954327 4.623266 24.168703 -11.147945 3.067220 -14.454280 8.433634 -3.631572 5.978276
12.890174 -18.998964 8.756898 5.805527 21.142275 -17.614582 34.807884 4.739291 0.246344 20.379366 -7.735782 3.857143 -9.210963 -19.251097 40.474525 -1.480593 -7.829922 5.607283 -13.662477 7.568014 11.409727 5.024796 4.573675 24.119196 -11.169553 3.031243 -14.471484 8.398912 -3.708259 5.926451
12.967004 -18.830311 8.818165 6.023512 21.236176 -17.375042 34.590816 4.790158 0.086010 20.294455 -7.883646 3.920297 -8.888090 -19.242378 40.458454 -1.298445 -7.837229 5.308476 -13.769093 7.584944 11.318490 5.214620 4.227971 24.066572 -11.149300 3.013120 -14.293780 8.294316 -3.849600 5.824591
12.834961 -18.443026 8.753165 6.296997 21.600676 -16.439878 34.307716 4.665689 -0.310536 20.423128 -8.156715 3.944137 -8.372996 -19.263138 40.376167 -1.141136 -7.739226 4.854279 -13.963018 7.529735 11.346010 5.285857 4.297488 23.981804 -11.367667 2.952261 -14.394684 8.038519 -4.033640 5.916632
13.018236 -18.030455 8.969248 6.825750 21.843792 -15.881023 33.989944 4.504322 -0.642694 20.322241 -8.450585 3.986966 -7.686398 -19.361458 40.434612 -0.825008 -7.826957 4.467975 -14.267992 7.714097 11.287563 5.789145 3.899595 23.830608 -11.286966 2.793652 -14.224437 7.891060 -4.428291 5.653431
13.590560 -17.656542 9.382846 7.016137 22.212614 -14.703421 33.238350 4.557896 -0.797060 20.030554 -8.683653 3.995840 -7.124131 -19.323605 40.376865 -0.489429 -7.846337 4.017552 -14.499418 7.844085 11.172324 6.204841 3.505722 23.862738 -11.562770 2.550247 -13.733419 7.400600 -4.911499 5.439528
13.995460 -17.448648 9.568645 7.419430 22.544266 -13.746733 32.594963 4.090021 -0.975235 19.767174 -8.915899 3.946400 -6.627234 -19.208649 39.983974 0.062577 -7.799957 3.542773 -14.563659 8.241107 10.982303 6.664416 3.153964 24.044489 -12.073768 2.078478 -13.043994 6.809190 -5.773654 5.214009
14.620182 -17.126415 9.320058 7.656113 22.922523 -12.687695 31.639713 3.488111 -1.176149 19.715340 -9.119522 3.920552 -6.155723 -19.111500 39.553246 0.592103 -7.682950 3.252038 -14.537269 8.792074 10.727316 7.209096 2.611529 24.206530 -12.300084 1.747308 -12.495700 6.328286 -6.487833 4.987305
14.953566 -17.118074 8.847339 7.398236 23.235987 -11.964817 30.268917 3.056369 -1.020963 19.395594 -9.538536 3.804202 -5.545221 -18.780113 39.588688 0.945094 -7.623718 3.239322 -14.560296 9.215101 10.350973 8.043793 2.033729 24.306047 -12.306945 1.258964 -11.712634 6.145436 -7.311054 4.555777
15.637747 -16.314714 8.284825 7.646731 24.675697 -10.480740 29.449228 2.201450 -1.545544 19.810785 -10.067623 3.756901 -4.889660 -18.253319 39.676029 1.435935 -7.454432 2.962883 -14.572179 9.584300 9.725359 8.914451 1.128170 24.599686 -12.240802 0.690294 -10.456420 6.190461 -8.209648 3.831842
15.859799 -15.306552 7.758694 8.252609 26.206112 -8.498074 27.514589 1.921552 -2.306317 19.000713 -10.883884 3.745897 -3.682980 -17.630823 39.875736 1.757530 -6.611533 2.079355 -14.735355 9.597870 9.633061 9.948352 0.441279 24.203732 -12.230371 0.285133 -9.570281 6.049277 -8.681654 3.417744
15.209859 -14.781629 7.103939 8.432894 27.476728 -7.299850 26.009144 1.615297 -2.950047 18.162401 -11.886002 3.891541 -2.501107 -17.042419 39.024250 2.265794 -5.672991 0.945751 -14.724332 9.337412 9.585934 10.930914 -0.219932 23.632631 -12.631897 -0.123364 -9.019920 5.830350 -9.091406 3.241651
14.114336 -14.095468 6.568740 8.119298 28.593374 -5.723601 24.058441 1.267354 -3.012916 17.155817 -12.280514 3.988622 -1.622128 -16.301189 38.319965 2.700334 -4.556551 -0.025279 -14.368599 9.276138 9.365442 11.572604 -0.558802 23.278334 -13.054424 -0.347224 -8.722381 5.784657 -9.353897 3.413600
13.017052 -13.262835 6.390224 7.736252 29.348171 -3.931496 22.398148 0.365249 -2.699470 16.282944 -12.813694 4.525692 -1.040137 -15.234679 38.119335 3.318334 -4.108689 -0.661442 -13.880449 9.492666 9.014845 12.468289 -0.826740 22.707769 -13.424026 -0.739453 -8.278071 5.626558 -9.697263 3.687893
12.063730 -12.925793 5.925730 7.532792 29.724632 -2.971247 21.456226 -0.768481 -2.880197 16.220160 -13.742800 5.132392 -0.869188 -14.057648 38.255116 3.736107 -3.259288 -0.840697 -13.404143 9.708867 8.604668 13.217948 -1.042532 22.134323 -13.490715 -1.221433 -7.688704 5.464177 -10.023739 3.921355
1.137184 -18.315025 3.717450 -3.360156 28.662066 -1.851373 10.830383 5.674051 -2.606697 14.983612 -16.376366 -4.681450 -4.006125 -14.378602 24.600266 14.518337 1.225077 -7.887753 -8.871190 12.536736 8.722945 6.536358 -1.566128 11.970407 -13.771436 -1.445532 -13.150054 9.477421 -9.334054 2.798097
0.084969 -18.536211 3.363229 -4.969913 29.124212 -0.600319 8.819569 5.183884 -2.063705 13.548323 -17.406048 -3.212623 -5.141667 -12.423284 24.331453 15.247593 2.585248 -8.880149 -7.891835 12.136083 8.097202 7.544189 -1.798393 11.339467 -13.520845 -1.392863 -12.012561 10.135386 -9.258733 4.155104
-1.736655 -18.966173 2.619579 -5.970726 29.236563 -0.269259 7.634615 5.210862 -1.704920 12.329100 -18.085398 -1.690672 -6.706491 -10.455045 23.970585 15.974903 3.640760 -10.044402 -6.893424 11.916155 7.343472 7.821114 -1.948954 10.561959 -13.633871 -1.317457 -11.301866 10.731513 -8.948102 5.790672
-3.965074 -19.047258 1.812179 -6.288424 29.436428 -0.603748 7.084446 5.493129 -2.100448 11.831057 -18.132170 -0.223925 -8.374232 -8.892399 23.780861 17.009357 3.211818 -11.044494 -6.110548 12.215480 6.802465 7.742311 -2.383739 9.755785 -13.937998 -1.334806 -10.764670 11.087652 -8.577777 7.384203
-6.056798 -19.549532 1.001579 -7.475974 29.343128 -0.687546 7.127791 5.244207 -1.799848 11.116542 -18.739794 1.296659 -9.733727 -7.610415 23.449091 17.517612 2.641324 -11.630324 -5.467483 11.816981 6.315010 7.048326 -2.799579 9.119302 -14.212464 -1.233225 -10.236489 11.565212 -8.055392 8.952501
-6.152685 -21.079931 0.160646 -7.059070 26.560776 -5.213069 7.000927 4.148948 -3.316462 7.687806 -19.473701 2.158396 -12.800925 -10.524196 17.911148 13.367512 6.486717 -10.959754 -7.067738 12.007298 7.631624 2.533422 -1.845800 8.796702 -16.580614 -5.117894 -10.517468 13.335873 -7.711808 11.343824
-7.321828 -21.823553 0.264523 -7.961094 24.632383 -6.277746 7.647670 3.755897 -3.379056 5.728866 -19.366817 3.207256 -15.120596 -10.667664 17.051119 11.429584 7.451891 -11.064168 -7.336753 11.008110 7.667876 1.962502 -2.665726 8.401681 -16.987700 -5.866760 -9.314996 14.030785 -6.824346 12.741732
-8.491190 -22.737411 0.837125 -8.235929 23.290962 -6.979160 8.019750 4.023140 -3.104017 4.420996 -19.353695 3.489731 -16.977261 -9.861592 16.822241 10.785483 7.996497 -10.628202 -6.801251 10.265775 7.160233 1.032507 -3.514531 8.659854 -17.244749 -5.780178 -8.767480 14.032032 -6.457708 13.396223
-8.756042 -23.232115 1.041641 -9.029136 22.726368 -7.102244 7.795242 4.497000 -2.348693 3.606156 -19.383884 3.597710 -18.430408 -9.306605 16.670296 10.406796 8.412286 -10.047714 -6.160219 10.104461 6.710388 0.443683 -4.266947 9.160268 -17.438736 -5.536088 -8.057204 13.910262 -6.021547 13.319763
-8.191465 -24.011419 0.887475 -9.962508 22.220913 -6.846926 7.263917 4.991504 -1.396603 3.195438 -19.213821 3.765223 -19.835247 -8.825850 16.526188 10.528933 8.405000 -8.964295 -5.301746 10.397953 6.109491 -0.014029 -4.976443 9.532456 -17.803379 -5.453171 -7.197897 13.942814 -5.671408 13.452437
-7.561491 -24.480654 1.115567 -10.616552 21.458109 -6.817182 7.224456 5.729501 -0.718726 3.034221 -18.613409 3.679227 -21.196285 -8.914508 16.351175 10.627357 8.119953 -7.749804 -4.519969 10.691630 5.534608 -0.435500 -5.611448 10.019158 -18.025181 -5.456425 -6.519955 14.061769 -5.497138 13.429478
-7.145962 -24.562220 0.842114 -11.122416 20.780619 -7.117929 7.228990 6.518045 -0.522510 2.641381 -17.763357 3.358710 -22.244617 -9.680348 15.915048 10.675251 7.352719 -6.781476 -4.146498 10.710474 5.143763 -1.161605 -6.171247 10.640478 -17.888329 -5.292776 -6.200133 14.275391 -5.233984 13.271272
-6.468087 -24.414255 1.159167 -11.512148 20.402155 -7.625800 7.351742 6.896731 -0.027254 2.464485 -17.368166 3.165041 -23.095951 -10.097350 15.351428 10.612743 6.736116 -5.829102 -3.910192 10.623758 4.937773 -1.925802 -6.637876 11.235972 -17.498396 -5.076256 -6.183612 14.572286 -4.990173 13.015384
-5.338233 -24.215733 1.856773 -11.601902 20.186584 -8.051630 7.444027 7.561632 0.515063 2.504124 -16.968552 2.976282 -23.745983 -10.717026 14.811894 10.528110 5.694512 -4.867752 -3.837805 10.577887 4.624728 -2.605756 -7.143306 11.834582 -16.961882 -4.904221 -6.107456 14.887353 -4.835274 12.619689
-5.043067 -23.956955 2.778387 -11.603251 19.874004 -7.900347 7.565813 8.300996 0.748476 2.275708 -16.184460 2.699522 -24.186726 -11.680781 14.549547 10.421865 4.563604 -3.989905 -4.018872 10.674998 4.453533 -2.977487 -7.440600 12.120646 -16.373491 -4.773342 -6.100893 15.307100 -4.739686 11.964173
-4.964287 -23.485327 3.847362 -11.370591 19.600008 -7.957419 7.759346 9.252296 0.855752 2.119338 -15.581291 2.435656 -24.399467 -12.701728 14.195304 10.322975 3.528284 -3.339857 -4.248426 10.638885 4.415057 -3.334355 -8.014314 12.607017 -15.709805 -4.647768 -5.932280 15.599243 -4.579493 10.839111
-4.167339 -22.801779 4.755726 -11.244946 19.586868 -8.454176 7.912917 10.086512 1.246030 2.415515 -15.152618 2.137164 -24.573128 -13.828561 13.719499 10.072713 1.995297 -2.229587 -4.566431 10.616940 4.650271 -3.654907 -8.291844 12.805982 -15.080970 -4.450080 -5.963326 15.902154 -4.316803 9.927511
-3.384474 -22.282393 5.480927 -11.175827 19.757294 -8.949904 7.881713 10.530997 1.720459 2.777298 -14.856214 1.735136 -24.406584 -14.866044 13.434787 9.727545 0.757321 -1.396579 -5.010834 10.447393 4.945929 -4.064263 -8.499416 12.734869 -14.619700 -4.188607 -6.153562 16.079351 -3.993787 9.423525
-2.704599 -21.702955 6.248272 -10.931723 20.030811 -9.532058 7.853677 10.838048 2.062810 3.109194 -14.683093 1.496065 -24.296982 -15.494392 13.191360 9.457779 -0.278041 -0.702647 -5.295054 10.336408 5.055042 -4.594662 -8.768779 12.593968 -14.269462 -3.796732 -6.280901 16.259371 -3.592269 9.056481
-1.783341 -20.798328 7.301207 -10.635713 20.421879 -9.689018 7.477564 11.405383 2.385923 3.343427 -14.652526 1.352339 -24.295238 -15.868878 13.016164 9.138010 -0.946491 -0.210535 -5.520813 10.137733 5.147878 -5.013567 -8.855196 12.309703 -14.008860 -3.515708 -6.531298 16.436132 -3.307755 8.853365
-1.072220 -20.128397 7.681483 -10.394626 20.731880 -9.592533 7.096064 11.819021 2.419414 3.454742 -14.633787 1.184218 -24.160566 -16.152275 12.960362 8.831987 -1.412032 -0.104671 -5.845941 9.681141 5.176565 -5.276462 -8.989841 12.305463 -13.815148 -3.365899 -6.626832 16.493515 -3.158629 8.591720
-0.751315 -19.687922 7.831250 -10.378310 20.997429 -9.467951 6.686596 12.403091 2.436418 3.395417 -14.466737 1.008621 -24.246830 -16.493963 12.785692 8.566062 -1.845245 -0.009534 -6.096697 9.111065 5.287603 -5.455166 -9.031112 12.316970 -13.694924 -3.285848 -6.865172 16.437855 -3.091061 8.206732
-0.572867 -19.402617 7.730938 -10.273909 21.152969 -9.229730 6.437898 12.923331 2.220355 3.290901 -14.323571 0.801119 -24.228897 -16.741463 12.723702 8.271092 -2.040961 -0.022834 -6.364032 8.532999 5.411156 -5.564777 -9.072962 12.376652 -13.596985 -3.257033 -7.086388 16.347748 -3.071198 7.805802
-0.456630 -19.309656 7.724508 -10.056496 21.152260 -9.135554 6.422860 13.294898 2.014573 3.196207 -14.282625 0.693080 -24.286831 -16.871920 12.623531 8.102832 -2.184806 -0.007080 -6.461141 8.112992 5.497817 -5.637017 -9.108015 12.427159 -13.529319 -3.263586 -7.287119 16.265450 -3.084419 7.472673
-0.305515 -19.333862 7.697217 -9.918472 21.072409 -8.982975 6.467016 13.515499 1.888660 3.143226 -14.223296 0.682860 -24.437943 -16.905958 12.563370 8.088234 -2.260228 0.051948 -6.410378 8.000352 5.589407 -5.610155 -9.039960 12.440671 -13.533084 -3.289314 -7.440366 16.192070 -3.129222 7.363216
-0.255252 -19.331865 7.656272 -9.885664 21.058537 -8.927749 6.463162 13.594606 1.849858 3.134336 -14.218689 0.664906 -24.450766 -16.914742 12.561112 8.043586 -2.258808 0.045628 -6.416462 7.924373 5.638250 -5.613785 -9.020935 12.442197 -13.522298 -3.294619 -7.515824 16.154612 -3.140292 7.299129
