-15.167908 -13.965579 3.509467 2.104429 23.846323 -1.731276 5.682632 32.949459 -14.295218 -2.230810 -5.158978 -9.986029 -14.281416 -16.184998 10.543586 20.647129 -3.141403 -21.075558 -15.487721 -16.848537 11.338885 -11.898966 -8.877707 4.909117 -9.085546 1.859811 -23.398020 11.802905 -1.423688 -0.546104
-15.172278 -14.104430 3.526300 2.086348 23.766960 -1.599411 5.661762 33.210930 -14.271671 -2.307546 -5.127936 -9.920606 -14.186255 -16.379265 10.486434 20.441238 -3.235846 -21.204063 -15.729640 -16.969408 11.407527 -11.996565 -8.958201 4.923849 -9.098348 1.863450 -23.328856 11.817990 -1.277548 -0.705937
-15.219852 -14.552486 3.516093 2.115702 23.546791 -1.427592 5.713501 33.588196 -14.247941 -2.517217 -4.934089 -9.815737 -14.207254 -16.629189 10.392767 20.068907 -3.250031 -21.433769 -16.081461 -17.176266 11.570883 -12.177346 -9.090742 4.935966 -9.105010 1.830848 -23.285629 11.860335 -1.021322 -1.117314
-15.079765 -15.087225 3.439087 2.107432 23.119431 -1.336877 5.879910 34.029366 -14.245048 -2.894171 -4.585943 -9.497087 -14.700332 -16.984812 10.012660 19.590546 -3.433283 -21.590050 -16.392448 -17.387535 11.924656 -12.454957 -9.300005 4.988626 -9.149271 1.775341 -23.188080 11.906501 -0.592794 -1.757900
-14.676005 -15.719635 3.288708 2.096529 22.647850 -1.313122 6.051530 34.333832 -14.152221 -3.251568 -4.217047 -9.210611 -15.156121 -17.532856 9.743348 18.707844 -3.523636 -21.618513 -16.901543 -17.572369 12.218554 -12.825465 -9.612592 4.992862 -9.261065 1.832103 -23.007610 11.853300 -0.067042 -2.442768
-13.639589 -15.535480 3.247925 1.750690 22.365112 -1.522303 5.821383 34.673286 -13.956872 -3.586183 -3.624337 -8.801337 -15.872306 -18.220020 9.377926 17.663937 -3.586113 -21.425104 -17.375952 -17.401020 12.515392 -13.230138 -9.873753 5.231856 -9.338995 2.015669 -22.788700 11.744991 0.529963 -3.393266
-12.434710 -15.007485 3.242565 1.409504 22.289852 -1.951997 5.427188 34.913834 -13.752014 -3.839533 -2.764579 -8.420935 -16.990730 -18.916306 8.615270 16.502888 -3.888158 -20.984745 -18.026663 -17.608538 12.641557 -13.727130 -10.142314 5.552029 -9.375529 2.539512 -22.407494 11.576982 1.279994 -4.407950
-10.918093 -14.557459 3.106804 1.074170 21.978951 -2.693864 5.108628 35.183884 -13.642568 -4.328889 -2.277790 -7.990198 -17.983541 -19.403372 7.941855 15.345972 -4.201114 -20.477772 -18.659616 -17.726740 12.631531 -14.072292 -10.439512 5.917309 -9.787382 2.662855 -22.057615 11.307083 1.745374 -5.451807
-9.539129 -14.133192 3.058445 0.567961 21.847094 -3.427048 4.779878 35.376678 -13.414033 -4.690175 -1.884076 -7.834248 -19.145563 -19.607565 7.287632 14.220661 -4.486802 -19.561962 -19.154728 -18.017540 12.539328 -14.174101 -10.449160 6.329952 -10.179466 2.812881 -21.634506 11.079891 2.113770 -6.496857
-8.390821 -13.638091 3.194897 0.008925 21.918745 -3.777278 4.347875 35.574348 -13.046327 -4.828984 -1.898491 -7.744278 -19.947775 -19.674980 6.832773 13.324832 -4.996213 -18.424419 -19.619473 -18.045528 12.337855 -14.271010 -10.503091 6.612402 -10.616412 2.908285 -21.361324 10.881598 2.337203 -7.382355
-7.438264 -13.656046 3.381934 -0.281496 21.839577 -3.829648 4.018920 35.867001 -12.449279 -4.818461 -2.368121 -8.029206 -20.400396 -19.346493 6.923574 12.628954 -5.159337 -17.232239 -19.831200 -18.523771 11.877472 -14.103505 -10.507883 6.769015 -11.153131 2.621940 -20.959929 11.012051 2.291396 -8.108402
-6.548539 -13.577116 3.387127 -0.647005 21.888790 -4.031839 3.641298 36.050884 -11.875163 -4.743065 -3.266976 -8.485317 -20.396641 -18.767969 7.321852 11.959088 -5.002383 -15.915626 -20.004593 -18.810497 11.103672 -13.749067 -10.491454 6.842411 -12.117589 2.106268 -20.694603 10.889311 1.871687 -8.646481
-5.654841 -13.237591 3.403644 -1.160551 22.023701 -4.273668 3.245996 36.152508 -11.363746 -4.661143 -4.173996 -8.394118 -20.777569 -18.256653 7.673503 10.736034 -4.474136 -14.870524 -19.917845 -18.878071 10.291876 -13.156137 -10.363761 6.860404 -12.687719 1.322352 -20.520695 11.202875 1.111992 -8.877625
-4.762840 -12.788893 3.599399 -1.770421 22.271278 -4.295381 2.733409 36.482414 -10.752547 -4.533412 -5.169675 -8.770279 -20.719482 -17.434214 8.126634 10.538622 -4.392032 -13.751620 -19.401911 -19.057312 9.155565 -12.709227 -10.409166 6.829114 -13.445707 0.771556 -20.329151 11.330230 0.385970 -9.232206
-3.932184 -12.271105 3.688504 -2.392857 22.574970 -4.361436 2.181163 36.639175 -10.157921 -4.335269 -5.774367 -9.190263 -20.591871 -16.509125 8.496678 10.727003 -4.293200 -12.886933 -18.989365 -19.146694 8.243962 -12.278360 -10.522449 6.997753 -14.041204 0.227529 -20.052986 11.354008 -0.294742 -9.419575
-3.185866 -11.848549 3.786175 -2.971695 22.757839 -4.359962 1.738678 36.692265 -9.643327 -4.164442 -6.582626 -9.335380 -20.335762 -15.939279 8.770061 10.312770 -4.114720 -12.051871 -18.860331 -18.997574 7.806124 -12.107937 -10.545002 7.035016 -14.228311 -0.035806 -19.814447 11.513754 -0.500183 -9.535040
-2.552342 -11.510133 3.750998 -3.338304 22.936840 -4.367330 1.387298 36.685589 -9.327489 -4.012079 -7.038226 -9.544829 -20.128605 -15.722276 9.081635 9.785538 -3.935604 -11.380200 -18.931265 -18.963820 7.219814 -11.985357 -10.664285 7.138264 -14.417876 -0.325902 -19.662762 11.576340 -0.847923 -9.648437
-2.103054 -11.250005 3.723022 -3.623947 22.991993 -4.436764 1.181041 36.552181 -9.073561 -3.907260 -7.382573 -9.660809 -20.096626 -15.440189 9.192908 9.674977 -3.997771 -10.912385 -18.708502 -19.048050 6.911275 -11.919694 -10.746011 7.128475 -14.474363 -0.488659 -19.538780 11.667912 -1.031139 -9.452799
-1.886097 -11.106809 3.730007 -3.768936 22.999882 -4.468393 1.073966 36.521267 -8.958455 -3.891552 -7.709769 -9.713540 -20.008978 -15.199845 9.324268 9.715939 -3.994913 -10.651882 -18.462448 -19.046780 6.700886 -11.915246 -10.840105 7.103732 -14.484486 -0.580124 -19.449183 11.747668 -1.127761 -9.276670
-1.805137 -11.035339 3.727752 -3.833148 23.017998 -4.464406 1.022776 36.512329 -8.917636 -3.873535 -7.872134 -9.714383 -19.943798 -15.101623 9.384771 9.714431 -3.991287 -10.540152 -18.362696 -18.990013 6.601075 -11.915183 -10.881525 7.064488 -14.496669 -0.635149 -19.426331 11.770668 -1.182998 -9.186714
-2.213351 -11.218227 4.063671 -3.792387 22.751171 -4.464455 1.245059 36.492878 -8.867648 -4.044207 -7.471820 -9.506636 -20.358524 -15.379291 9.031618 9.641466 -4.167273 -10.785750 -18.570663 -19.026415 6.808444 -12.042951 -10.957302 7.236213 -14.451541 -0.431115 -19.487326 11.582496 -1.041859 -9.365444
-3.356279 -11.692614 5.021820 -3.710956 21.991972 -4.511085 1.900573 36.345081 -8.731903 -4.515709 -6.816891 -9.001266 -21.460114 -15.512512 8.083342 10.646463 -4.868085 -11.529185 -18.229961 -19.234371 7.195113 -12.447694 -11.378702 7.719012 -14.218219 0.044890 -19.378860 11.251102 -0.644021 -9.509385
-5.285615 -12.505577 6.747444 -3.609665 20.718731 -4.086592 3.045366 35.717308 -8.492778 -5.210446 -5.124370 -7.566358 -23.870186 -16.968342 6.420107 11.083851 -6.282296 -12.474336 -18.036768 -19.004581 8.088770 -13.469898 -12.110197 8.380044 -13.308898 1.123436 -19.380217 10.768270 0.222358 -9.301227
-7.652525 -13.516814 9.173581 -3.881063 19.145985 -3.377735 4.555589 34.371483 -7.863894 -5.878569 -3.408045 -5.971934 -26.370625 -17.971859 4.775071 12.262401 -7.907707 -12.893699 -16.815504 -18.138481 9.486753 -15.232684 -13.234445 9.894557 -11.251005 3.154845 -18.904476 10.339975 1.924717 -9.113880
-8.616096 -15.663227 10.872303 -4.376198 17.208416 -3.000663 6.260426 32.455563 -6.877251 -6.531098 -1.791720 -4.728047 -28.779884 -18.757568 3.605365 15.055475 -9.579104 -12.645837 -14.089570 -15.832776 9.521980 -16.634031 -14.979465 11.457566 -8.758650 4.330444 -18.156416 10.490996 2.319797 -7.948645
-8.520649 -19.451563 11.222377 -4.624476 14.909093 -2.897062 7.898497 31.001635 -5.322950 -6.812123 -2.946522 -5.536087 -29.333761 -17.651161 4.297421 18.517582 -10.220770 -10.588488 -10.764825 -14.109542 8.071203 -16.662313 -16.130241 12.224693 -7.170407 3.998472 -17.384153 11.321127 0.967454 -5.017509
-7.132102 -20.167582 11.621064 -4.970332 14.012682 -4.262856 8.375412 30.052200 -4.133722 -6.464120 -3.910160 -6.611146 -29.561226 -17.180386 4.778362 19.372107 -11.357274 -6.792984 -9.927186 -12.705204 5.542933 -15.949391 -16.558279 13.180616 -7.347495 4.059605 -16.621569 10.758734 -1.005964 -2.087440
-5.427885 -21.692587 10.834601 -6.072747 12.532235 -4.914316 8.495062 28.461868 -2.945661 -7.012990 -4.561972 -8.166091 -29.515606 -15.800953 5.249600 19.748140 -11.897175 -2.549880 -9.891021 -11.910042 3.557086 -14.399071 -15.922159 14.351124 -8.115581 4.430604 -16.348106 9.741041 -2.971606 -0.545558
-2.726815 -21.933243 10.842996 -8.023319 9.910501 -3.793411 8.828223 27.132996 -3.375052 -9.568748 -5.582803 -8.227996 -30.543743 -12.560683 5.773034 19.641457 -9.704082 -0.833060 -9.779948 -10.945702 2.126612 -12.893695 -14.914736 14.757131 -10.042418 4.625359 -15.057427 9.581909 -3.425023 -0.674738
-1.453164 -22.447773 10.890821 -10.409077 7.515331 -3.092878 9.768566 24.922188 -3.240870 -11.208540 -6.596998 -6.827510 -32.411743 -9.489055 5.320484 19.166733 -7.661230 -0.226311 -9.089443 -9.595442 1.764047 -12.317057 -14.498672 14.919983 -11.038864 5.069534 -13.408679 9.942736 -2.768625 -0.948222
-0.791544 -23.371086 10.227451 -13.863748 6.006407 -2.898201 10.681307 22.773933 -1.954812 -11.784449 -7.947639 -4.716908 -33.330231 -7.562455 3.437045 19.073759 -8.155255 0.112215 -8.942537 -7.669159 0.702179 -12.808958 -15.785961 13.630681 -10.934072 4.725463 -11.306849 11.908270 -2.057718 0.309338
-0.038745 -23.657362 9.522250 -16.839542 5.673042 -2.957678 11.264882 20.718044 -0.799946 -11.547653 -10.004307 -3.335709 -32.274323 -5.945212 2.384014 19.197445 -9.390887 0.824696 -8.715733 -6.048974 -0.387158 -13.678929 -17.520260 12.622966 -10.940079 4.361427 -8.598822 14.028327 -0.802370 0.944517
0.249280 -23.453451 10.054232 -18.826643 4.878393 -3.215710 12.127645 18.177948 -0.209310 -11.716599 -12.007681 -2.493086 -30.606432 -5.209320 1.384781 19.694016 -10.850342 0.677609 -9.289306 -5.005576 -1.840837 -14.284251 -19.103117 11.056014 -11.275107 3.110894 -6.864627 15.896496 -0.291408 1.594202
1.231678 -23.033686 9.939528 -19.508848 4.848847 -3.835785 12.334159 16.221285 -0.338735 -11.686984 -13.574142 -2.243192 -28.855942 -4.882226 1.539937 19.745922 -11.049945 0.776136 -9.408727 -3.862429 -2.677326 -14.017894 -19.261663 9.882810 -12.263556 1.976737 -6.298825 16.465889 -0.415380 1.837635
0.832547 -22.277777 9.141152 -19.659693 5.504962 -4.447849 12.124876 14.770720 -0.786217 -11.419125 -14.915916 -2.432713 -27.420708 -3.800034 2.176072 19.806063 -10.639207 1.306127 -9.041869 -3.093773 -3.521667 -13.251031 -18.712032 9.390951 -13.589860 1.673754 -6.055665 16.021976 -0.895153 2.285735
0.382616 -21.574881 8.362695 -19.886164 6.294990 -4.478453 11.832830 13.500298 -1.217495 -10.987442 -15.591843 -2.756900 -26.232708 -3.293319 3.014379 19.162415 -9.768959 1.910542 -9.332065 -2.241627 -4.010602 -12.596148 -17.826717 8.825997 -14.529639 1.455622 -5.739380 16.229294 -0.927171 2.396047
0.366062 -20.885563 7.722509 -20.472425 7.042215 -4.420041 11.248252 12.189597 -1.097467 -10.540689 -16.087620 -2.837031 -25.662687 -3.072515 3.531916 18.505095 -9.246523 2.629152 -9.563693 -1.414326 -4.474397 -12.122928 -17.409731 8.509001 -15.125607 1.158553 -5.127501 16.668556 -0.939954 2.566659
0.266083 -20.563112 6.899132 -20.824436 7.528763 -4.452648 10.828039 11.455446 -1.169533 -10.301000 -16.329983 -2.804041 -25.379034 -3.148116 3.852634 17.806002 -8.982308 3.164111 -9.781616 -0.850433 -4.391923 -11.948474 -17.064768 7.833287 -15.407981 0.867281 -5.056860 17.175518 -0.772965 2.580053
0.364193 -20.391607 6.581798 -21.055790 7.733372 -4.521147 10.608441 10.982449 -1.118553 -10.199743 -16.520658 -2.749470 -25.021740 -3.240338 4.047187 17.452845 -8.880076 3.326873 -9.986250 -0.461830 -4.372639 -11.745007 -16.725878 7.849092 -15.392037 0.846304 -4.719631 17.550764 -0.657603 2.574893
0.347773 -20.370687 6.480180 -21.081415 7.808308 -4.491338 10.549751 10.837700 -1.134344 -10.151667 -16.627789 -2.715549 -24.869932 -3.207463 4.122184 17.341389 -8.790925 3.354342 -10.057836 -0.316569 -4.404608 -11.653805 -16.603497 7.834743 -15.394211 0.836066 -4.621067 17.666943 -0.663459 2.664547
0.354410 -20.366932 6.462103 -21.079058 7.835072 -4.505492 10.534996 10.792002 -1.127524 -10.125864 -16.666458 -2.705504 -24.812111 -3.186800 4.134234 17.338865 -8.778378 3.342972 -10.078341 -0.262317 -4.391528 -11.648047 -16.579519 7.779338 -15.405466 0.824629 -4.664771 17.677626 -0.668335 2.669970
0.375595 -20.332575 6.443139 -21.099985 7.874792 -4.513418 10.495373 10.719184 -1.114422 -10.109474 -16.729147 -2.676609 -24.758522 -3.163557 4.153509 17.305622 -8.760649 3.378697 -10.116171 -0.165775 -4.376957 -11.616953 -16.531635 7.696169 -15.434413 0.779574 -4.644968 17.765236 -0.655722 2.705569
0.352440 -20.362368 6.354531 -21.122347 7.938455 -4.521769 10.447836 10.573421 -1.098770 -10.063675 -16.792223 -2.650067 -24.611025 -3.208753 4.216274 17.246380 -8.713342 3.358396 -10.187268 -0.020622 -4.419456 -11.644528 -16.593094 7.551541 -15.404771 0.729875 -4.653350 17.859352 -0.679435 2.793276
0.355251 -20.321001 6.228128 -21.113548 8.056135 -4.510654 10.376488 10.355946 -1.154332 -10.002698 -16.900955 -2.626742 -24.329308 -3.228810 4.322514 17.246225 -8.587094 3.269512 -10.302732 0.253216 -4.446485 -11.631021 -16.608936 7.392367 -15.313928 0.648225 -4.628062 18.032141 -0.732557 2.900576
0.406456 -20.238886 6.097885 -21.097975 8.197257 -4.519619 10.298928 10.157245 -1.226218 -9.937190 -17.045755 -2.611309 -24.026800 -3.204758 4.440036 17.307413 -8.459874 3.196711 -10.356120 0.562397 -4.484529 -11.629039 -16.637589 7.307418 -15.195852 0.613617 -4.482100 18.254078 -0.723875 3.061067
0.384699 -20.198999 5.904239 -21.031603 8.389006 -4.551701 10.234499 9.948763 -1.350532 -9.840321 -17.137604 -2.579365 -23.737293 -3.306754 4.582704 17.175711 -8.333621 3.213930 -10.457700 0.916629 -4.444025 -11.631188 -16.619562 6.818763 -15.203568 0.388890 -4.558780 18.528343 -0.694582 3.257654
0.414869 -20.148634 5.786973 -21.033728 8.553932 -4.636260 10.159389 9.701891 -1.365389 -9.750103 -17.116764 -2.584884 -23.409763 -3.451511 4.721392 17.112898 -8.179933 3.069738 -10.594674 1.185415 -4.324412 -11.449912 -16.357386 6.332471 -15.191909 0.198324 -4.567605 18.918953 -0.682945 3.641802
0.425805 -20.113008 5.727890 -21.034266 8.688203 -4.722951 10.124710 9.428143 -1.338937 -9.642908 -17.005882 -2.640115 -23.069826 -3.662930 4.870637 17.109022 -7.970123 2.749495 -10.772595 1.297384 -4.174699 -11.291506 -16.127146 5.830560 -15.187808 -0.013730 -4.470415 19.386765 -0.592353 4.113697
0.398356 -20.092566 5.658842 -20.944250 8.791116 -4.776566 10.130777 9.195750 -1.381591 -9.543609 -16.858505 -2.723365 -22.777988 -3.848038 4.994849 17.195181 -7.755329 2.388956 -10.907716 1.338662 -4.077754 -11.103497 -15.833711 5.364648 -15.270301 -0.252472 -4.565300 19.693975 -0.616660 4.373672
0.354479 -20.066267 5.670225 -20.837421 8.916499 -4.887615 10.180382 8.900373 -1.379081 -9.392197 -16.750032 -2.742692 -22.412231 -3.915310 5.118883 17.363037 -7.516981 2.023650 -11.031800 1.574364 -3.986513 -10.880441 -15.542959 4.960096 -15.441912 -0.496580 -4.613162 19.941128 -0.621232 4.630844
0.291691 -20.002943 5.677558 -20.670416 9.039830 -4.970014 10.262157 8.618300 -1.464009 -9.231857 -16.654480 -2.781415 -22.118736 -3.911568 5.262109 17.519787 -7.150446 1.592340 -11.109353 1.665206 -3.949102 -10.778773 -15.379654 4.675761 -15.634986 -0.669775 -4.889952 19.860615 -0.692113 4.556797
0.246837 -19.985670 5.720045 -20.557236 9.086856 -5.012524 10.350705 8.366354 -1.506414 -9.118738 -16.632355 -2.814955 -21.779884 -3.871870 5.432314 17.569647 -6.674035 1.135924 -11.181525 1.734647 -3.938825 -10.579070 -15.087440 4.252057 -15.858590 -0.900960 -5.030591 19.989864 -0.745471 4.759925
0.196668 -19.971691 5.623615 -20.436296 9.205893 -5.063922 10.399029 8.144943 -1.646467 -8.990854 -16.620974 -2.847693 -21.542553 -3.849033 5.534461 17.676348 -6.274888 0.671874 -11.195205 1.700282 -3.978323 -10.613153 -15.039772 4.092505 -16.043642 -0.894246 -5.281065 19.856766 -0.748008 4.704602
0.123464 -19.960466 5.405087 -20.266989 9.319612 -5.097057 10.431365 8.014684 -1.843401 -8.858843 -16.624672 -2.900932 -21.280039 -3.805385 5.702512 17.680649 -5.910676 0.416034 -11.290804 1.768847 -4.008121 -10.613873 -14.991211 4.029750 -16.091337 -0.880023 -5.362644 19.837637 -0.753109 4.740095
0.024202 -19.957987 5.164226 -20.075056 9.401017 -5.111506 10.464947 7.961453 -2.009971 -8.710879 -16.613800 -2.974833 -21.059994 -3.812438 5.817197 17.681152 -5.677836 0.210112 -11.390115 1.714430 -4.020490 -10.662047 -14.883967 3.881968 -16.120470 -0.794248 -5.675987 19.712273 -0.785509 4.682406
-0.082516 -19.980583 4.926094 -19.921091 9.450888 -5.127972 10.515650 7.918724 -2.168699 -8.608306 -16.618990 -3.032407 -20.856966 -3.804327 5.926506 17.676250 -5.462188 0.026230 -11.447341 1.701295 -4.023670 -10.715646 -14.835478 3.786726 -16.161732 -0.747171 -5.967196 19.546734 -0.826302 4.553360
-0.224597 -20.043051 4.611297 -19.714083 9.502341 -5.102286 10.570120 7.967860 -2.401457 -8.515842 -16.609423 -3.101486 -20.650251 -3.831354 5.980156 17.686563 -5.371017 -0.142263 -11.564414 1.593744 -4.020367 -10.763141 -14.782457 3.692421 -16.165512 -0.692435 -6.188730 19.446854 -0.849530 4.474770
-0.296290 -20.081615 4.458561 -19.619455 9.514076 -5.063469 10.581099 8.006643 -2.496310 -8.471093 -16.599987 -3.144186 -20.520531 -3.858697 6.027446 17.671129 -5.300477 -0.250930 -11.633283 1.528203 -4.027350 -10.797127 -14.784489 3.675713 -16.178162 -0.670621 -6.319203 19.348866 -0.877168 4.383065
-0.348698 -20.108099 4.375399 -19.547411 9.535855 -5.056932 10.594252 7.987081 -2.539953 -8.421566 -16.597870 -3.168067 -20.446438 -3.870417 6.063862 17.659386 -5.243928 -0.311065 -11.664557 1.507457 -4.027187 -10.827971 -14.771307 3.635809 -16.178297 -0.642363 -6.432709 19.289856 -0.889815 4.326131
-0.366527 -20.117044 4.366255 -19.536032 9.534179 -5.050417 10.601074 7.981570 -2.548595 -8.416994 -16.599319 -3.172689 -20.434906 -3.869787 6.070743 17.656708 -5.232575 -0.318893 -11.671113 1.502273 -4.027493 -10.827920 -14.776072 3.638961 -16.183874 -0.646401 -6.434361 19.281570 -0.890318 4.321876
-0.359457 -20.116957 4.343332 -19.537683 9.532548 -5.048165 10.594519 8.005167 -2.561999 -8.424918 -16.594006 -3.172007 -20.441322 -3.877445 6.061192 17.661428 -5.250917 -0.318757 -11.674387 1.492656 -4.029182 -10.833739 -14.774123 3.635107 -16.184191 -0.641409 -6.455040 19.268427 -0.894993 4.306710
-0.339325 -20.122574 4.319913 -19.568983 9.505019 -5.025813 10.582007 8.083435 -2.585543 -8.475398 -16.585831 -3.159184 -20.507725 -3.886695 6.018163 17.673561 -5.327257 -0.277803 -11.659724 1.468519 -4.031068 -10.827975 -14.791294 3.661844 -16.189304 -0.656167 -6.429730 19.261280 -0.899284 4.295532
-0.309864 -20.117626 4.311821 -19.605310 9.473937 -5.010334 10.564569 8.152747 -2.598871 -8.530399 -16.573389 -3.145577 -20.582140 -3.900343 5.968106 17.685295 -5.417676 -0.227115 -11.640759 1.441507 -4.033518 -10.818373 -14.809478 3.701151 -16.200558 -0.673154 -6.395458 19.252632 -0.902363 4.282348
-0.282642 -20.136299 4.300026 -19.654451 9.424746 -4.964746 10.543541 8.291872 -2.631269 -8.623713 -16.554186 -3.128691 -20.683632 -3.934639 5.898896 17.697838 -5.550659 -0.158661 -11.619478 1.393766 -4.039745 -10.824017 -14.847570 3.739041 -16.218094 -0.693599 -6.385607 19.218447 -0.910094 4.238973
-0.256126 -20.166132 4.284821 -19.686708 9.395587 -4.910916 10.498023 8.458524 -2.634008 -8.692210 -16.537619 -3.114903 -20.756523 -3.980290 5.848126 17.689548 -5.658339 -0.109059 -11.594321 1.346105 -4.048086 -10.824138 -14.947381 3.850569 -16.239441 -0.747298 -6.300333 19.182213 -0.920810 4.167991
-0.211368 -20.223827 4.278834 -19.724907 9.365294 -4.834496 10.438919 8.619413 -2.622041 -8.769145 -16.546806 -3.085198 -20.898720 -4.004635 5.779889 17.684166 -5.804819 -0.008952 -11.524167 1.296219 -4.052887 -10.818120 -15.020645 3.944935 -16.259163 -0.789202 -6.235510 19.144030 -0.938574 4.103073
-0.188708 -20.308851 4.275377 -19.760609 9.292647 -4.781494 10.421901 8.748866 -2.614936 -8.871019 -16.556038 -3.071841 -21.022739 -4.036412 5.718499 17.670300 -5.950812 0.066836 -11.486789 1.191816 -4.059613 -10.815600 -15.077559 4.024945 -16.281191 -0.817505 -6.188579 19.092115 -0.953073 4.027481
-0.320865 -20.497194 4.191463 -19.765505 9.210586 -4.653534 10.439445 8.966225 -2.693105 -9.013647 -16.534191 -3.076045 -21.219694 -4.090562 5.612513 17.652328 -6.179028 0.171544 -11.477364 0.996811 -3.965881 -10.843829 -15.086340 4.041567 -16.278481 -0.806990 -6.292958 19.002895 -0.935833 3.861532
-0.414808 -20.739115 4.234744 -19.912012 9.028353 -4.466991 10.417633 9.264334 -2.619481 -9.255826 -16.531204 -3.072752 -21.502365 -4.115643 5.462694 17.642298 -6.511093 0.334372 -11.437615 0.701508 -3.894541 -10.860920 -15.108019 4.073591 -16.290154 -0.811555 -6.364477 18.922213 -0.928983 3.726999
-0.531113 -21.052803 4.312175 -20.063644 8.743436 -4.158973 10.433645 9.655905 -2.579711 -9.588774 -16.472826 -3.091079 -21.798267 -4.159234 5.283597 17.725046 -6.846331 0.493589 -11.404540 0.498515 -3.813802 -10.936602 -15.203556 4.133869 -16.236481 -0.792879 -6.457396 18.841061 -0.900794 3.529814
-0.716875 -21.379528 4.355778 -20.177935 8.502706 -3.851415 10.490637 10.048298 -2.562473 -9.846917 -16.444874 -3.128572 -21.915462 -4.197757 5.234154 17.782606 -6.982780 0.478182 -11.453769 0.285198 -3.741423 -11.006810 -15.224251 4.131075 -16.188759 -0.744377 -6.615582 18.756474 -0.880833 3.365692
-0.950885 -21.632301 4.411976 -20.247030 8.215347 -3.540553 10.610011 10.481803 -2.623040 -10.129053 -16.335796 -3.163897 -22.111042 -4.260758 5.090799 17.932789 -7.258241 0.479126 -11.446351 0.054662 -3.620675 -11.148154 -15.347229 4.200270 -16.073498 -0.674245 -6.783272 18.656214 -0.823592 3.097861
-1.080176 -22.016466 4.568302 -20.349726 7.793501 -3.146817 10.742120 10.964111 -2.538546 -10.407963 -16.097858 -3.186147 -22.402775 -4.358957 4.935663 18.048489 -7.480207 0.379047 -11.509681 -0.266887 -3.465898 -11.385019 -15.551531 4.370416 -15.845809 -0.495873 -6.965922 18.531544 -0.717411 2.775136
-1.243328 -22.513536 4.947808 -20.247572 7.391025 -2.817688 10.995288 11.424057 -2.412953 -10.646654 -15.786741 -3.203861 -22.658653 -4.491529 4.718066 18.315403 -7.762378 0.222567 -11.544992 -0.498490 -3.304250 -11.676032 -15.718303 4.428505 -15.583117 -0.253749 -7.303813 18.396948 -0.605064 2.423377
-3.382419 -21.944376 8.280530 -11.777811 20.421257 0.771166 7.554123 20.026100 3.535468 3.367679 -11.580746 -1.783502 -25.158146 -12.570630 16.500702 14.711617 -8.237863 -1.597209 -4.079059 0.895234 5.451849 -4.080783 -11.443291 12.737571 -9.152274 2.876510 -9.465545 13.573668 -1.785774 1.873869
-3.351030 -21.972029 8.416985 -11.383954 20.199341 1.154083 7.574200 20.669258 3.286830 3.122525 -10.940592 -1.938680 -25.388855 -12.879300 16.147701 15.101622 -8.759211 -1.820452 -4.311502 0.478918 5.839331 -4.424175 -11.503190 12.711875 -8.789906 3.186852 -10.013321 13.405542 -1.582706 1.416970
-3.295893 -21.960108 8.386737 -10.618595 20.149288 1.254158 7.728573 20.982128 2.808298 3.106559 -10.260906 -2.007235 -25.623274 -13.222650 15.803761 15.600631 -9.301476 -2.114353 -4.327657 0.193049 6.157647 -4.625241 -11.461600 12.658123 -8.537940 3.391176 -10.469355 13.303060 -1.455305 1.105390
-2.950779 -21.755262 8.125196 -10.034470 20.148506 1.391909 7.674119 21.587215 2.333469 2.972232 -9.518254 -2.133153 -25.584557 -13.608335 15.569157 16.103786 -9.723100 -2.723699 -4.500434 -0.201368 6.516097 -4.765394 -11.285891 12.510125 -8.247561 3.570141 -11.049743 13.234514 -1.384849 0.812227
-2.136377 -21.317528 7.657509 -9.361069 20.397724 1.190867 7.540609 22.199448 1.765658 2.992084 -8.923054 -2.287962 -25.197651 -13.989151 15.488503 16.561649 -10.007983 -3.373534 -4.610787 -0.392394 6.902134 -4.865894 -11.043059 12.258544 -7.954433 3.685610 -11.776258 13.138877 -1.390531 0.524279
0.677049 -20.543427 7.347790 -6.643491 19.309294 -3.316046 6.391548 22.127182 -0.874506 0.598960 -8.651480 -2.599170 -25.799084 -19.067558 10.059952 12.690857 -7.128428 -2.953072 -7.241721 0.745231 8.378552 -9.122133 -9.985313 12.510201 -9.710803 0.267671 -13.284877 14.057230 -1.597993 0.355445
1.629908 -19.152555 7.166058 -6.072064 19.449051 -4.580275 6.282444 22.339046 -2.014673 0.115186 -7.983464 -2.035098 -25.883680 -20.487206 9.554787 11.153379 -6.859667 -3.635097 -8.416406 0.661182 9.081517 -8.858963 -9.765821 12.003666 -9.671865 -0.646664 -13.788922 14.206045 -1.638410 0.176348
1.590498 -18.668194 6.926137 -5.732100 19.709007 -4.959029 6.262266 22.770138 -2.764727 -0.152865 -8.072541 -2.296837 -25.213793 -20.479591 9.794226 10.750164 -6.526405 -4.108599 -9.018783 0.132948 9.433080 -8.782582 -9.262722 11.720159 -9.739490 -1.023664 -14.812066 14.066395 -2.191362 0.079752
0.810816 -18.313288 6.458345 -5.518165 20.289928 -5.186373 6.309089 22.635199 -3.104539 0.337723 -8.485435 -2.644842 -24.376184 -20.345501 10.363172 10.094930 -6.063489 -4.467686 -9.601478 -0.528200 9.727077 -8.456552 -8.738510 11.350847 -9.854732 -1.294886 -15.427663 14.032022 -2.511518 -0.018327
-0.073116 -18.173849 5.815686 -5.143203 20.781702 -5.415685 6.299908 22.222464 -3.458122 0.842459 -9.063211 -2.841541 -23.727650 -20.058035 10.768456 9.433262 -5.521564 -4.532219 -10.131557 -0.894263 9.972742 -8.103424 -8.258769 10.971650 -9.979264 -1.573465 -15.977566 13.978611 -2.823067 -0.064219
-1.020496 -18.170889 5.342165 -4.814991 21.093117 -5.684209 6.387827 21.666622 -3.791945 1.165746 -9.839087 -2.923485 -22.760332 -19.725521 11.373301 8.822586 -4.648197 -4.824427 -10.546457 -0.862657 10.071464 -7.713372 -7.881601 10.640382 -10.193805 -1.961975 -16.235455 13.974827 -3.168652 0.084847
-2.024173 -18.353468 5.043328 -4.467196 21.417713 -5.919340 6.631094 21.056940 -4.211546 1.365425 -10.452845 -2.868839 -22.333988 -19.399612 11.709664 8.461274 -4.154443 -4.824303 -10.660644 -0.685377 10.160488 -7.280227 -7.448975 10.209615 -10.453161 -2.390712 -16.488106 13.975499 -3.537854 0.435439
-3.165867 -18.814608 5.030186 -4.220743 21.506567 -6.259206 7.031917 20.171310 -4.419693 1.482152 -11.116323 -2.787621 -21.514339 -19.072842 12.132680 8.340134 -3.398870 -5.222669 -10.717162 -0.312780 10.144888 -6.896863 -7.084921 9.849952 -10.756648 -2.742354 -16.588814 13.951534 -3.830909 0.828877
-4.518594 -19.312956 4.954596 -3.731618 21.422880 -6.603837 7.593855 19.106291 -4.816917 1.524655 -11.791470 -2.629528 -20.752186 -18.749636 12.493896 8.336535 -2.782686 -5.641927 -10.697057 0.090707 10.076031 -6.651217 -6.860781 9.561057 -11.029262 -3.002742 -16.612335 13.927807 -4.013313 1.221745
-5.624085 -19.851683 5.056139 -3.394677 21.281248 -6.816085 8.106846 18.062620 -5.039583 1.522255 -12.471979 -2.475338 -19.970654 -18.409214 12.985621 8.300844 -2.115743 -6.000283 -10.681402 0.560110 10.073977 -6.435565 -6.555619 9.159806 -11.295239 -3.103772 -16.708939 13.884896 -4.110283 1.807203
-6.522749 -20.379503 5.063765 -3.066684 21.140930 -7.018660 8.585796 17.220522 -5.317188 1.489206 -12.964149 -2.428788 -19.276394 -18.187016 13.422969 8.232058 -1.418082 -6.237072 -10.661855 0.999256 10.150391 -6.277256 -6.175682 8.671685 -11.555718 -3.111699 -16.887205 13.866394 -4.107650 2.478273
-7.319315 -20.582361 4.686310 -2.883088 21.175350 -7.118693 8.831284 16.388948 -5.627467 1.657905 -13.393045 -2.292979 -18.661236 -17.968357 13.807851 8.202215 -0.807931 -6.478051 -10.607753 1.576566 10.290624 -6.097545 -5.653442 8.176480 -11.796450 -3.049601 -17.035604 13.863903 -4.045153 3.361799
-8.012530 -20.625608 4.061544 -2.708440 21.432686 -7.218192 8.981066 15.630899 -6.053807 1.964082 -13.642887 -2.162561 -18.045757 -17.868057 14.117673 8.309593 -0.308793 -6.880571 -10.650142 2.099664 10.471707 -5.884255 -5.104119 7.677206 -12.067291 -2.983287 -17.212887 13.858537 -3.989909 4.254284
-8.652509 -20.535542 3.248883 -2.568639 21.844568 -7.318139 9.073245 14.919317 -6.590984 2.320486 -13.840075 -1.999282 -17.234863 -17.758789 14.522136 8.471004 0.384856 -7.502074 -10.652051 2.837098 10.624029 -5.743184 -4.692750 7.267754 -12.263443 -2.926813 -17.375095 13.855646 -3.935641 4.946062
-9.112976 -20.380325 2.464456 -2.510071 22.268929 -7.413868 9.088840 14.281275 -7.013412 2.702369 -13.958046 -1.965222 -16.234608 -17.703915 15.011557 8.482077 1.188741 -8.397032 -10.906840 3.226516 10.746414 -5.595786 -4.329840 6.980689 -12.435015 -2.885694 -17.495464 13.833008 -3.926018 5.550487
-9.561389 -20.239536 1.770439 -2.327939 22.667362 -7.433630 9.080008 13.916397 -7.489189 2.975117 -13.947411 -1.952666 -15.584707 -17.672968 15.358693 8.565630 1.642142 -9.038507 -11.029991 3.471728 10.858387 -5.458742 -4.038973 6.795055 -12.576570 -2.837155 -17.575735 13.808453 -3.915308 6.023829
-9.776960 -20.105116 1.127509 -2.133097 23.002613 -7.431317 9.034675 13.739082 -7.921362 3.187554 -13.956490 -1.944086 -15.115426 -17.676424 15.592908 8.614553 2.008977 -9.450899 -11.138449 3.672924 10.959681 -5.329892 -3.740121 6.598438 -12.720290 -2.805239 -17.665861 13.796629 -3.910457 6.477325
-9.864859 -19.982456 0.700473 -2.028262 23.210394 -7.432714 8.986475 13.580663 -8.174119 3.351263 -13.950108 -1.952579 -14.697249 -17.687613 15.811510 8.649936 2.357703 -9.814475 -11.262586 3.840222 11.036932 -5.255797 -3.544927 6.455289 -12.804358 -2.769950 -17.736225 13.796705 -3.890891 6.763247
-9.895099 -19.892698 0.451637 -1.965576 23.329372 -7.442328 8.942248 13.528506 -8.319568 3.438379 -13.977483 -1.937136 -14.453582 -17.697184 15.914528 8.700186 2.597523 -9.984673 -11.303081 4.029775 11.065853 -5.240647 -3.462569 6.399065 -12.836108 -2.745018 -17.764328 13.798510 -3.868371 6.875816
-9.914917 -19.852762 0.338323 -1.916553 23.391813 -7.437959 8.923398 13.522253 -8.393050 3.484308 -13.976675 -1.931031 -14.374148 -17.690159 15.951852 8.707556 2.655721 -10.041036 -11.297580 4.092712 11.070753 -5.205026 -3.418822 6.415943 -12.866099 -2.751671 -17.734766 13.799567 -3.873756 6.953329
-9.891663 -19.832067 0.305695 -1.909471 23.403008 -7.437269 8.910461 13.523743 -8.403159 3.498959 -13.973738 -1.918393 -14.360008 -17.690399 15.969776 8.706636 2.688777 -10.042500 -11.285512 4.154519 11.082157 -5.203745 -3.399367 6.400163 -12.875366 -2.742294 -17.748808 13.798292 -3.867303 6.977043
