5.438409 -21.273886 8.396308 1.174680 22.212704 -3.489943 16.016245 12.470766 3.039316 -0.908845 -11.081921 -1.849046 -12.141675 -12.564267 7.592055 5.454314 4.740308 11.516572 -21.425646 -2.921667 8.429811 12.177808 -6.307650 13.530525 -6.889034 0.552669 -14.391421 10.465021 -2.664701 0.154213
5.821667 -21.029896 8.760982 1.563650 22.376509 -3.280613 16.232061 12.330509 2.886394 -0.601217 -10.940784 -2.070200 -11.586614 -12.838584 7.876072 5.507128 4.598718 11.652423 -21.588549 -2.509593 8.534379 12.381236 -6.037378 13.566080 -6.800738 0.490114 -14.659432 10.443676 -2.854301 -0.021101
7.058964 -20.521528 9.483098 2.370986 22.658035 -2.754605 16.406145 11.818432 2.712915 0.010290 -11.028723 -2.173019 -10.444922 -13.032502 8.254420 5.891539 4.522512 11.592589 -21.730898 -1.645031 8.752633 12.830867 -5.472571 13.591794 -6.663976 0.378901 -15.185666 10.330246 -3.234997 -0.304009
8.667461 -19.920095 9.692258 2.907686 23.278484 -2.006815 16.037056 10.458099 2.739486 0.724730 -11.280566 -2.145760 -8.997128 -13.203832 8.466387 6.499319 4.324578 11.553384 -21.768160 -0.248664 9.083719 13.587449 -4.587088 13.582696 -6.773358 0.271707 -15.782557 9.893004 -3.821154 -0.434644
9.428868 -19.546206 8.560815 2.638293 24.477415 -1.321284 15.390551 8.446091 2.696658 1.500555 -11.774980 -2.171607 -7.256044 -13.614946 8.449416 7.095501 4.103452 11.254478 -21.970095 1.128858 9.360662 14.363716 -3.775061 13.388709 -7.220300 0.070158 -16.123070 9.338604 -4.344216 -0.190406
9.095247 -19.222137 7.523299 2.340532 25.515623 -1.322204 14.830563 7.007328 2.516009 2.127671 -12.329044 -2.473585 -5.761773 -13.735326 8.744103 7.206521 4.712460 10.150676 -22.454662 1.141969 9.428857 15.433021 -3.349054 13.052518 -7.818490 -0.280731 -16.121758 9.043345 -4.891291 0.065538
8.663523 -18.981077 6.927438 2.696107 26.279016 -0.995632 14.573313 5.671718 1.999907 2.438529 -13.080864 -2.711798 -4.735072 -13.230796 9.280795 6.946559 6.063632 8.655742 -22.947380 0.192400 9.478666 16.276022 -3.057004 12.647742 -8.446952 -0.624749 -16.106888 8.880308 -5.291874 0.521681
7.981838 -18.832277 6.400348 2.793222 26.870102 -0.760033 14.146737 4.589134 1.452114 2.620044 -13.604840 -2.760235 -4.002438 -12.628578 9.960151 6.732808 7.531991 7.289262 -23.247208 -0.475046 9.517109 17.085299 -2.964846 12.471950 -9.087795 -0.948531 -15.913453 8.473721 -5.702133 0.651404
7.574860 -18.803617 5.781569 2.710873 27.339880 -0.712138 13.729933 3.870044 0.956933 2.774071 -13.998627 -2.940439 -3.207231 -12.324592 10.455511 6.479883 8.652954 6.428930 -23.515442 -0.806923 9.508552 17.616503 -3.103828 12.347144 -9.545783 -1.190697 -15.734494 8.081856 -5.996441 0.653439
7.325414 -18.795641 5.287018 2.592664 27.613415 -0.758041 13.442433 3.444849 0.762832 2.857643 -14.048410 -2.927289 -2.838036 -12.118722 10.787681 6.501604 9.184776 5.837243 -23.626905 -0.858693 9.530867 17.826715 -3.034960 12.346830 -9.780793 -1.327885 -15.659457 7.910165 -6.157243 0.692087
7.283953 -18.819618 4.995455 2.567575 27.756901 -0.761213 13.341375 3.228884 0.672172 2.912050 -14.112146 -2.918588 -2.625835 -12.027348 10.956212 6.520469 9.337635 5.631605 -23.677534 -0.833154 9.552525 17.854231 -3.044262 12.360456 -9.929519 -1.368748 -15.639506 7.793373 -6.191236 0.731542
6.971936 -18.926804 3.255908 2.426458 28.552145 -1.006756 12.767955 2.276004 0.196748 2.984192 -14.409296 -2.826844 -1.527883 -11.283938 12.247563 6.381062 10.777469 4.324067 -23.878279 -0.848036 9.535275 18.153442 -2.976640 12.283862 -10.793775 -1.773666 -15.251246 7.312430 -6.624367 1.048404
5.569596 -18.415985 0.537287 2.162513 30.027576 -1.762293 10.855309 1.572394 -0.905779 3.083472 -15.789194 -1.945887 -0.300278 -9.702678 13.483221 6.321610 13.101950 3.040340 -23.419546 -0.377443 9.606634 18.600199 -2.818566 12.191019 -11.947011 -2.208447 -14.696413 6.595232 -7.128959 1.687751
2.501174 -17.153334 -0.479182 3.151651 32.021866 -2.459620 7.759915 1.182620 -2.642938 2.076261 -18.801523 1.232397 0.882834 -5.883698 16.904968 6.022003 13.604993 1.849668 -22.834026 0.899184 9.267963 20.409302 -3.543499 11.265520 -12.864877 -2.934723 -13.705041 5.715893 -8.024981 2.106055
-0.274040 -15.586510 -0.333714 5.064623 34.896721 -3.362045 2.131494 0.437469 -4.750439 -0.706034 -22.831997 6.395268 -1.232875 -0.008787 19.265070 6.283176 10.217971 1.058105 -21.231009 5.052218 8.828070 21.575644 -6.210740 8.222534 -13.492236 -5.246761 -11.283156 6.206859 -9.670792 2.040875
-3.010864 -14.089426 0.001076 3.922970 36.201187 -5.334651 -2.662014 0.016392 -4.386044 -2.927841 -27.130363 7.775045 -3.415978 2.620137 15.519877 6.249129 9.445402 2.519693 -20.073082 8.022771 8.888190 20.694391 -9.414792 4.641834 -14.120122 -6.607486 -9.575600 7.145964 -10.057025 2.861637
-3.740183 -12.485857 0.956534 1.615174 37.071968 -5.989638 -8.887556 0.587016 -2.692791 -6.474626 -31.721643 8.758216 -6.652676 4.494814 9.738201 6.104180 6.985264 5.003816 -18.969677 7.892768 8.535766 19.142883 -13.134928 1.782982 -14.290753 -7.030616 -8.773215 7.405917 -9.467892 3.013046
-4.644940 -11.766859 1.226808 0.364949 36.601601 -6.422459 -12.721956 2.563336 -1.995721 -10.063635 -35.275021 9.493994 -9.258807 5.308564 5.084374 4.632051 5.016740 9.003037 -17.679361 6.449310 8.171981 17.596621 -15.972130 0.000541 -13.005258 -6.462208 -7.713845 8.640352 -8.145273 4.135653
-5.166803 -12.362179 0.551616 -0.687394 35.633411 -6.295073 -14.940067 3.915024 -1.600404 -12.375233 -36.119381 8.828486 -11.771868 4.094467 1.161896 3.909997 3.591681 12.371860 -16.617752 5.387749 7.733540 16.863249 -17.714951 -0.623026 -11.712178 -5.680127 -6.651922 9.915167 -7.085837 4.956479
-5.306806 -12.758223 0.014360 -1.506643 35.271053 -5.904438 -16.100117 4.255203 -1.204626 -13.621634 -35.112167 8.262742 -13.366603 2.912055 -0.038365 4.134629 2.058482 13.903288 -16.192841 4.786755 7.292516 16.505037 -18.461769 -0.685781 -11.394492 -4.993803 -6.189277 10.103793 -6.578103 5.302548
-5.399983 -12.828913 -0.036637 -1.610396 35.242851 -5.813066 -16.242498 4.272976 -1.156845 -13.782173 -35.046814 8.163095 -13.493072 2.772524 -0.252545 4.189220 2.001210 14.006152 -16.129835 4.720135 7.218530 16.439989 -18.545412 -0.744551 -11.390215 -4.895921 -6.199103 10.072098 -6.528199 5.348667
-5.384741 -12.750426 0.026444 -1.481781 35.415375 -6.022280 -16.099728 3.981175 -1.161474 -13.490439 -35.561176 8.407117 -12.998740 3.206668 -0.073432 4.150852 2.441923 13.565164 -16.208006 4.925147 7.328046 16.698704 -18.278931 -0.810664 -11.630813 -5.126802 -6.196748 9.987532 -6.706090 5.385414
-5.532136 -12.604780 0.245849 -1.213947 35.700005 -6.243729 -15.689281 3.309834 -1.205853 -12.929641 -36.365711 8.783090 -11.986156 4.123694 0.305208 4.417574 3.630319 12.542448 -16.144093 5.443795 7.453300 17.117336 -17.868938 -0.855423 -12.007815 -5.484844 -6.187830 9.787373 -6.999121 5.512984
-5.251559 -12.183661 0.540931 -0.716490 36.486366 -6.106567 -15.373998 2.217273 -1.315861 -12.073977 -37.281624 8.972534 -10.669377 4.791178 0.587012 4.725665 4.768346 11.430430 -16.264645 5.959579 7.733335 17.388575 -17.175505 -0.718545 -12.590779 -5.866619 -6.382281 9.354410 -7.452173 5.381002
-5.047251 -11.848281 0.713793 -0.462715 37.175617 -6.048225 -14.499722 0.753771 -1.327152 -10.895055 -37.583736 9.319253 -9.312551 5.638114 1.714427 5.764313 5.233950 9.892436 -16.425247 6.818463 7.925677 17.720198 -16.305826 -0.569018 -13.319360 -6.164989 -6.797221 8.764020 -7.937214 5.404026
-4.802736 -11.531104 0.776442 -0.086365 38.011139 -5.966538 -13.648532 -0.796731 -1.338144 -9.804445 -37.113041 9.300807 -7.948780 6.094463 2.760237 7.114319 5.795849 7.922013 -16.726030 7.830688 8.268052 18.412809 -15.307734 -0.347963 -14.171043 -6.496149 -7.220846 8.001780 -8.525924 5.232761
-4.412825 -11.202002 0.984474 0.271119 38.661465 -5.555369 -12.815569 -2.003064 -1.519425 -8.654893 -36.450871 8.941658 -6.482683 6.111514 3.891557 8.104541 6.418845 6.220342 -17.410160 8.535689 8.601175 19.333012 -14.189152 0.187577 -14.816176 -6.694729 -7.563667 7.312470 -9.098735 5.058337
-4.428030 -11.218632 1.053777 0.594973 39.130314 -4.964310 -12.024824 -2.981700 -1.792713 -7.744334 -35.870556 8.539247 -4.922435 5.785712 4.653153 9.077253 7.676970 4.492278 -17.905525 9.180683 8.939896 20.196901 -13.335471 0.683472 -15.254416 -6.824361 -7.766219 6.758284 -9.558542 4.697990
-4.178781 -11.372236 1.176444 0.990136 39.201607 -4.455500 -10.900615 -3.775048 -1.927621 -6.974432 -35.577221 8.054536 -3.553560 5.146132 5.098524 9.576937 8.286462 3.533621 -18.353941 9.731091 9.172058 20.854177 -12.674084 1.248654 -15.612116 -6.804549 -7.849234 6.197421 -9.859700 4.408905
-3.978969 -11.376404 1.022186 1.190803 39.368286 -4.189471 -10.301394 -4.075416 -2.057243 -6.498507 -35.208282 7.801965 -2.886607 4.862946 5.800045 9.776154 8.460237 3.092074 -18.614315 10.124759 9.304008 21.139578 -12.235382 1.564047 -15.584641 -6.812086 -7.900744 6.180320 -9.935416 4.376647
-4.028515 -11.356441 1.013672 1.206377 39.373352 -4.144049 -10.210390 -4.109678 -2.097658 -6.433817 -35.075916 7.786211 -2.881332 4.870432 5.966365 9.809069 8.459905 2.992136 -18.635307 10.184646 9.329961 21.179359 -12.161831 1.597496 -15.600566 -6.814797 -7.922234 6.163988 -9.948400 4.372011
-4.026140 -11.358463 1.015990 1.217330 39.372936 -4.156058 -10.210020 -4.109904 -2.101411 -6.437483 -35.069561 7.786762 -2.886332 4.870870 5.971890 9.809740 8.465298 2.987543 -18.635073 10.185613 9.333776 21.173800 -12.159689 1.598599 -15.598969 -6.813260 -7.920505 6.163849 -9.948273 4.372964
-4.028076 -11.356417 1.012652 1.205805 39.374447 -4.142112 -10.210379 -4.109636 -2.097425 -6.434210 -35.070614 7.786506 -2.884953 4.869179 5.967374 9.811209 8.464324 2.987972 -18.635386 10.183704 9.329871 21.179647 -12.161739 1.597591 -15.600300 -6.814555 -7.922308 6.163939 -9.948344 4.371953
-4.027404 -11.356291 1.013019 1.205950 39.374168 -4.142574 -10.210402 -4.110204 -2.097348 -6.433961 -35.069000 7.786040 -2.886456 4.868873 5.967701 9.810939 8.466987 2.987490 -18.635069 10.183796 9.329859 21.179518 -12.161800 1.597435 -15.600361 -6.814678 -7.922392 6.164104 -9.948327 4.371914
-4.029223 -11.356300 1.014312 1.207456 39.374260 -4.141471 -10.212770 -4.108947 -2.097951 -6.436699 -35.068958 7.786550 -2.885866 4.869221 5.969224 9.810458 8.466186 2.987182 -18.635721 10.183086 9.329949 21.181074 -12.162607 1.595849 -15.600047 -6.814048 -7.921607 6.163114 -9.947773 4.372720
-4.028979 -11.352031 1.010430 1.207650 39.381256 -4.133800 -10.215032 -4.109896 -2.098290 -6.437345 -35.068172 7.788391 -2.881231 4.871178 5.978096 9.809855 8.460505 2.985835 -18.636852 10.184563 9.328888 21.180403 -12.165156 1.598037 -15.599268 -6.813746 -7.916834 6.162590 -9.948277 4.372384
-4.029258 -11.353968 1.011564 1.207333 39.379230 -4.134194 -10.215151 -4.108904 -2.098774 -6.438109 -35.066479 7.788854 -2.882118 4.869996 5.975820 9.810562 8.462991 2.984998 -18.637156 10.182560 9.329538 21.181782 -12.163864 1.597499 -15.598935 -6.813074 -7.918509 6.162677 -9.947914 4.372793
-1.568431 -15.468733 -5.230999 -7.197539 38.778214 -7.166776 -5.145264 -3.139212 3.985770 1.177806 -30.670946 6.440596 -6.193351 -4.240089 -0.023073 5.049068 17.406502 3.696035 -18.694593 13.761275 4.798845 16.755781 -10.458995 4.354355 -20.241056 -2.498969 -13.158504 1.675411 -8.721682 4.146510
-1.568431 -15.468733 -5.230999 -7.197539 38.778214 -7.166776 -5.145264 -3.139212 3.985770 1.177806 -30.670946 6.440596 -6.193351 -4.240089 -0.023073 5.049068 17.406502 3.696035 -18.694593 13.761275 4.798845 16.755781 -10.458995 4.354355 -20.241056 -2.498969 -13.158504 1.675411 -8.721682 4.146510
-1.568431 -15.468733 -5.230999 -7.197539 38.778214 -7.166776 -5.145264 -3.139212 3.985770 1.177806 -30.670946 6.440596 -6.193351 -4.240089 -0.023073 5.049068 17.406502 3.696035 -18.694593 13.761275 4.798845 16.755781 -10.458995 4.354355 -20.241056 -2.498969 -13.158504 1.675411 -8.721682 4.146510
-2.463783 -13.092499 -3.033686 -7.303485 37.840187 -7.178756 -3.635386 -3.707067 2.889696 -1.056972 -32.330036 5.138806 -4.662419 1.037048 3.006391 8.023890 16.984507 4.610515 -17.062569 10.516772 7.760277 18.391510 -10.682006 3.158678 -19.024380 -5.588968 -12.294543 3.357651 -7.939687 5.409708
-2.478060 -13.218443 -3.225579 -7.141425 37.542084 -7.295979 -3.343182 -3.714334 2.663935 -1.372876 -32.266987 5.141554 -4.678346 0.881020 2.887784 8.024312 17.158613 4.546052 -17.087538 10.541628 7.735908 18.621017 -10.614870 3.435172 -19.134083 -5.704238 -12.497859 3.032263 -8.315104 5.601610
-2.463545 -13.242674 -3.236633 -7.119686 37.531006 -7.310800 -3.359238 -3.708886 2.650189 -1.384639 -32.246929 5.144344 -4.688551 0.886812 2.907022 8.008898 17.195681 4.525980 -17.097303 10.558360 7.731237 18.619730 -10.612573 3.440219 -19.134100 -5.705453 -12.510549 3.028005 -8.328699 5.605979
-2.461529 -13.241492 -3.236578 -7.120481 37.528053 -7.310744 -3.357731 -3.709409 2.648318 -1.387886 -32.246883 5.144166 -4.688742 0.886219 2.907137 8.009670 17.195238 4.525901 -17.096151 10.558039 7.722823 18.618557 -10.613494 3.443259 -19.135792 -5.701054 -12.512250 3.021446 -8.331607 5.605425
-2.459370 -13.237175 -3.276992 -7.142141 37.535553 -7.324371 -3.336020 -3.718326 2.644518 -1.353980 -32.231693 5.116794 -4.692070 0.866950 2.890838 8.010567 17.225634 4.530879 -17.096828 10.567527 7.728847 18.610130 -10.606813 3.441396 -19.143097 -5.691653 -12.518689 3.011361 -8.323945 5.625770
-2.481252 -13.221331 -3.263824 -7.150390 37.542988 -7.311009 -3.324877 -3.719662 2.649692 -1.345470 -32.245152 5.117273 -4.685801 0.866335 2.875088 8.018250 17.199158 4.544790 -17.093382 10.554256 7.716912 18.608059 -10.613187 3.443710 -19.140736 -5.707088 -12.513290 3.024922 -8.334607 5.605987
-2.481252 -13.221331 -3.263824 -7.150390 37.542988 -7.311009 -3.324877 -3.719662 2.649692 -1.345470 -32.245152 5.117273 -4.685801 0.866335 2.875088 8.018250 17.199158 4.544790 -17.093382 10.554256 7.716912 18.608059 -10.613187 3.443710 -19.140736 -5.707088 -12.513290 3.024922 -8.334607 5.605987
-2.474907 -13.223242 -3.281191 -7.156751 37.545532 -7.317679 -3.318841 -3.723040 2.649042 -1.337068 -32.233425 5.114939 -4.691617 0.865197 2.886583 8.011791 17.222727 4.533660 -17.096212 10.564934 7.724131 18.606091 -10.607206 3.447377 -19.143154 -5.695415 -12.514365 3.014712 -8.327481 5.618195
-2.474907 -13.223242 -3.281191 -7.156751 37.545532 -7.317679 -3.318841 -3.723040 2.649042 -1.337068 -32.233192 5.114938 -4.691701 0.865172 2.886652 8.011591 17.223213 4.533448 -17.096224 10.565022 7.724124 18.605854 -10.607028 3.447353 -19.143158 -5.695419 -12.514744 3.014641 -8.327482 5.618116
-2.458619 -13.233043 -3.274630 -7.143008 37.539040 -7.326340 -3.337641 -3.719245 2.645501 -1.352123 -32.231678 5.116783 -4.692046 0.867297 2.891215 8.009468 17.227678 4.530226 -17.096655 10.566105 7.726935 18.610369 -10.607825 3.438425 -19.140884 -5.694749 -12.515216 3.016606 -8.325871 5.628654
