-15.167908 -13.965579 3.509467 2.104429 23.846323 -1.731276 5.682632 32.949459 -14.295218 -2.230810 -5.161739 -9.986718 -14.281872 -16.185705 10.538747 20.648067 -3.142946 -21.073851 -15.487071 -16.847576 4.420390 2.102489 -9.786866 3.264163 -8.034037 13.855129 -20.784069 8.079591 5.676183 -8.113741
-15.219852 -14.552486 3.516093 2.115702 23.546791 -1.427592 5.713501 33.588196 -14.247941 -2.517217 -4.937179 -9.816769 -14.207484 -16.629696 10.387774 20.070265 -3.252140 -21.432392 -16.080963 -17.175270 4.343961 2.041108 -9.809715 3.529746 -8.043705 13.972499 -20.803894 7.973853 5.720237 -8.666545
-14.676005 -15.719635 3.288708 2.096529 22.647850 -1.313122 6.051530 34.333832 -14.152221 -3.251568 -4.219809 -9.211295 -15.156577 -17.533566 9.738506 18.708782 -3.525180 -21.616804 -16.900894 -17.571415 4.366719 2.124588 -9.891515 4.072340 -8.215283 13.795577 -20.704576 7.717819 5.629035 -9.562006
-12.434710 -15.007485 3.242565 1.409504 22.289852 -1.951997 5.427188 34.913834 -13.752014 -3.839533 -2.767339 -8.421622 -16.991186 -18.917013 8.610427 16.503826 -3.889700 -20.983044 -18.026012 -17.607582 4.212016 2.541225 -9.720291 4.377697 -8.974956 13.045901 -20.387299 7.691654 5.378119 -10.488941
-9.539129 -14.133192 3.058445 0.567961 21.847094 -3.427048 4.779878 35.376678 -13.414033 -4.690175 -1.887161 -7.835229 -19.145712 -19.608624 7.282183 14.221344 -4.487532 -19.559818 -19.153986 -18.017042 4.098329 2.946949 -9.973721 4.821065 -9.525777 11.428626 -20.086777 7.831143 4.637090 -11.424689
-7.438264 -13.656046 3.381934 -0.281496 21.839577 -3.829648 4.018920 35.867001 -12.449279 -4.818461 -2.370935 -8.029912 -20.400845 -19.347240 6.918614 12.629884 -5.160818 -17.230509 -19.830545 -18.522793 3.312099 2.707563 -10.870463 5.333158 -9.439925 10.826040 -19.592804 8.027190 4.267933 -12.056306
-5.654841 -13.237591 3.403644 -1.160551 22.023701 -4.273668 3.245996 36.152508 -11.363746 -4.661143 -4.176808 -8.394824 -20.778019 -18.257401 7.668543 10.736967 -4.475618 -14.868791 -19.917189 -18.877094 2.571792 2.765550 -11.278496 5.782102 -9.824507 10.166372 -18.989822 8.118221 4.041580 -13.038605
-3.932184 -12.271105 3.688504 -2.392857 22.574970 -4.361436 2.181163 36.639175 -10.157921 -4.335269 -5.777146 -9.190938 -20.592339 -16.509842 8.491784 10.727944 -4.294700 -12.885224 -18.988707 -19.145727 1.527331 2.706408 -12.025691 6.176644 -10.439235 9.569016 -18.271038 7.966468 3.735520 -13.533213
-2.552342 -11.510133 3.750998 -3.338304 22.936840 -4.367330 1.387298 36.685589 -9.327489 -4.012079 -7.040990 -9.545520 -20.129059 -15.722990 9.076782 9.786475 -3.937142 -11.378491 -18.930613 -18.962860 0.692095 2.746996 -12.460892 6.187071 -11.031217 9.147979 -17.843395 7.831631 3.469299 -13.736391
-1.886097 -11.106809 3.730007 -3.768936 22.999882 -4.468393 1.073966 36.521267 -8.958455 -3.891552 -7.712565 -9.714263 -20.009415 -15.200591 9.319353 9.716868 -3.996435 -10.650153 -18.461800 -19.045813 0.383119 2.790678 -12.654852 6.155620 -11.338486 8.905395 -17.576492 7.804557 3.400826 -13.748589
-2.213351 -11.218227 4.063671 -3.792387 22.751171 -4.464455 1.245059 36.492878 -8.867648 -4.044207 -7.474616 -9.507358 -20.358959 -15.380033 9.026703 9.642396 -4.168795 -10.784021 -18.570015 -19.025450 0.441050 2.622010 -12.838522 6.261519 -11.196303 9.081521 -17.586637 7.728628 3.487266 -13.692749
-5.285615 -12.505577 6.747444 -3.609665 20.718731 -4.086592 3.045366 35.717308 -8.492778 -5.210446 -5.127408 -7.567327 -23.870453 -16.968800 6.415192 11.085228 -6.284397 -12.473007 -18.036257 -19.003601 1.464351 1.512081 -13.862112 7.270282 -9.780931 10.514800 -17.534760 7.507214 4.444863 -13.350101
-8.616096 -15.663227 10.872303 -4.376198 17.208416 -3.000663 6.260426 32.455563 -6.877251 -6.531098 -1.794616 -4.728805 -28.780306 -18.758389 3.600197 15.056396 -9.580455 -12.644094 -14.088906 -15.831799 2.992161 -0.333879 -15.727983 9.110636 -7.160227 12.587825 -15.786244 8.236603 6.623960 -12.060229
-7.132102 -20.167582 11.621064 -4.970332 14.012682 -4.262856 8.375412 30.052200 -4.133722 -6.464120 -3.912941 -6.611821 -29.561695 -17.181103 4.773467 19.373049 -11.358773 -6.791274 -9.926528 -12.704237 3.697370 -0.597783 -15.790380 10.189652 -7.443382 13.466416 -12.895616 9.189970 9.067368 -12.947792
-2.726815 -21.933243 10.842996 -8.023319 9.910501 -3.793411 8.828223 27.132996 -3.375052 -9.568748 -5.585582 -8.228672 -30.544210 -12.561400 5.768138 19.642397 -9.705583 -0.831348 -9.779290 -10.944736 4.025788 0.331306 -16.833006 13.070544 -9.158631 12.021384 -9.543143 8.045742 9.093424 -13.274701
-0.791544 -23.371086 10.227451 -13.863748 6.006407 -2.898201 10.681307 22.773933 -1.954812 -11.784449 -7.950488 -4.717611 -33.330688 -7.563227 3.431974 19.074692 -8.156634 0.113936 -8.941869 -7.668183 1.413794 1.313053 -19.922255 15.590571 -10.198402 9.884496 -4.548910 8.108268 7.592471 -8.378627
0.249280 -23.453451 10.054232 -18.826643 4.878393 -3.215710 12.127645 18.177948 -0.209310 -11.716599 -12.010446 -2.493778 -30.606886 -5.210035 1.379929 19.694954 -10.851880 0.679319 -9.288657 -5.004618 -0.526639 3.115044 -20.278585 15.616306 -12.357387 7.703507 -1.458005 9.012985 6.399927 -3.519916
0.832547 -22.277777 9.141152 -19.659693 5.504962 -4.447849 12.124876 14.770720 -0.786217 -11.419125 -14.918680 -2.433406 -27.421160 -3.800750 2.171217 19.806999 -10.640744 1.307838 -9.041219 -3.092816 -1.775438 6.105677 -18.467394 15.923845 -15.136292 5.506534 -0.865586 8.510450 4.131034 -2.843219
0.366062 -20.885563 7.722509 -20.472425 7.042215 -4.420041 11.248252 12.189597 -1.097467 -10.540689 -16.090385 -2.837722 -25.663139 -3.073231 3.527064 18.506031 -9.248060 2.630862 -9.563043 -1.413367 -2.284373 7.783426 -16.858950 15.839379 -15.536780 4.738870 -0.250739 9.241912 3.231542 -1.899599
0.364193 -20.391607 6.581798 -21.055790 7.733372 -4.521147 10.608441 10.982449 -1.118553 -10.199743 -16.523451 -2.750193 -25.022179 -3.241083 4.042271 17.453773 -8.881597 3.328599 -9.985601 -0.460860 -2.372594 8.386720 -16.105915 15.841399 -15.411034 4.601221 0.319591 9.923395 3.156890 -1.249903
0.354410 -20.366932 6.462103 -21.079058 7.835072 -4.505492 10.534996 10.792002 -1.127524 -10.125864 -16.669254 -2.706224 -24.812550 -3.187544 4.129320 17.339794 -8.779900 3.344701 -10.077692 -0.261351 -2.370321 8.486988 -15.967772 15.805867 -15.400145 4.584107 0.416865 10.042092 3.158481 -1.120682
0.352440 -20.362368 6.354531 -21.122347 7.938455 -4.521769 10.447836 10.573421 -1.098770 -10.063675 -16.795019 -2.650788 -24.611462 -3.209497 4.211360 17.247307 -8.714864 3.360126 -10.186620 -0.019655 -2.345519 8.596372 -15.807027 15.826666 -15.386580 4.574312 0.502778 10.141468 3.160614 -1.021448
0.406456 -20.238886 6.097885 -21.097975 8.197257 -4.519619 10.298928 10.157245 -1.226218 -9.937190 -17.048548 -2.612030 -24.027237 -3.205503 4.435122 17.308342 -8.461397 3.198440 -10.355472 0.563365 -2.382584 8.750180 -15.621719 15.843865 -15.370270 4.576381 0.724761 10.318072 3.177939 -0.812150
0.414869 -20.148634 5.786973 -21.033728 8.553932 -4.636260 10.159389 9.701891 -1.365389 -9.750103 -17.119560 -2.585605 -23.410196 -3.452255 4.716476 17.113827 -8.181455 3.071468 -10.594028 1.186383 -2.331390 9.017655 -15.243896 15.621496 -15.396508 4.483885 0.786608 10.541390 3.131624 -0.479202
0.398356 -20.092566 5.658842 -20.944250 8.791116 -4.776566 10.130777 9.195750 -1.381591 -9.543609 -16.861301 -2.724086 -22.778423 -3.848782 4.989935 17.196110 -7.756851 2.390686 -10.907067 1.339628 -2.246039 9.237782 -14.866570 15.196666 -15.417905 4.390434 0.871753 10.880072 3.168417 -0.001435
0.291691 -20.002943 5.677558 -20.670416 9.039830 -4.970014 10.262157 8.618300 -1.464009 -9.231857 -16.657246 -2.782106 -22.119188 -3.912283 5.257257 17.520725 -7.151983 1.594050 -11.108702 1.666164 -2.148988 9.361313 -14.622807 14.740775 -15.439359 4.360467 1.045169 11.235932 3.323700 0.548276
0.196668 -19.971691 5.623615 -20.436296 9.205893 -5.063922 10.399029 8.144943 -1.646467 -8.990854 -16.623737 -2.848384 -21.543007 -3.849750 5.529610 17.677286 -6.276426 0.673585 -11.194554 1.701240 -2.151137 9.578076 -14.313121 14.331330 -15.607067 4.224710 1.032281 11.382622 3.294370 0.810568
0.024202 -19.957987 5.164226 -20.075056 9.401017 -5.111506 10.464947 7.961453 -2.009971 -8.710879 -16.616566 -2.975526 -21.060448 -3.813154 5.812345 17.682091 -5.679373 0.211822 -11.389465 1.715388 -2.089037 9.874192 -13.971916 14.285877 -15.870739 4.058076 0.784530 11.161055 3.051015 0.729826
-0.224597 -20.043051 4.611297 -19.714083 9.502341 -5.102286 10.570120 7.967860 -2.401457 -8.515842 -16.612188 -3.102178 -20.650703 -3.832068 5.975304 17.687500 -5.372554 -0.140552 -11.563763 1.594701 -1.938025 10.158484 -13.599041 14.205507 -16.101994 3.870753 0.385125 10.889658 2.783584 0.585975
-0.348698 -20.108099 4.375399 -19.547411 9.535855 -5.056932 10.594252 7.987081 -2.539953 -8.421566 -16.600636 -3.168759 -20.446890 -3.871132 6.059009 17.660320 -5.245467 -0.309354 -11.663906 1.508414 -1.863780 10.248446 -13.477688 14.233377 -16.178350 3.806324 0.166093 10.708388 2.648791 0.455292
-0.359457 -20.116957 4.343332 -19.537683 9.532548 -5.048165 10.594519 8.005167 -2.561999 -8.424918 -16.596771 -3.172698 -20.441776 -3.878159 6.056340 17.662365 -5.252455 -0.317047 -11.673737 1.493614 -1.857839 10.256148 -13.470935 14.243878 -16.183823 3.798452 0.141722 10.683923 2.631238 0.430823
-0.309864 -20.117626 4.311821 -19.605310 9.473937 -5.010334 10.564569 8.152747 -2.598871 -8.530399 -16.576153 -3.146268 -20.582592 -3.901058 5.963254 17.686234 -5.419213 -0.225405 -11.640109 1.442466 -1.874867 10.228562 -13.522232 14.288846 -16.154457 3.810769 0.177876 10.693403 2.645394 0.395909
-0.256126 -20.166132 4.284821 -19.686708 9.395587 -4.910916 10.498023 8.458524 -2.634008 -8.692210 -16.540382 -3.115595 -20.756977 -3.981006 5.843275 17.690487 -5.659876 -0.107348 -11.593671 1.347063 -1.930578 10.103108 -13.724371 14.422154 -16.047718 3.855175 0.210351 10.662674 2.664290 0.252110
-0.188708 -20.308851 4.275377 -19.760609 9.292647 -4.781494 10.421901 8.748866 -2.614936 -8.871019 -16.558802 -3.072533 -21.023193 -4.037127 5.713648 17.671238 -5.952350 0.068546 -11.486137 1.192774 -1.966821 9.995976 -13.886818 14.575681 -15.936077 3.901299 0.251011 10.646388 2.683940 0.112373
-0.414808 -20.739115 4.234744 -19.912012 9.028353 -4.466991 10.417633 9.264334 -2.619481 -9.255826 -16.533968 -3.073444 -21.502817 -4.116358 5.457842 17.643234 -6.512630 0.336083 -11.436965 0.702466 -1.942621 9.887146 -14.019732 14.817145 -15.836416 3.923993 0.090120 10.462122 2.621138 -0.268770
-0.716875 -21.379528 4.355778 -20.177935 8.502706 -3.851415 10.490637 10.048298 -2.562473 -9.846917 -16.447639 -3.129264 -21.915915 -4.198472 5.229300 17.783543 -6.984317 0.479892 -11.453119 0.286155 -1.850093 9.731559 -14.197315 15.195065 -15.728101 4.051879 -0.098505 10.198273 2.577018 -0.577461
-1.080176 -22.016466 4.568302 -20.349726 7.793501 -3.146817 10.742120 10.964111 -2.538546 -10.407963 -16.100622 -3.186836 -22.403229 -4.359669 4.930818 18.049431 -7.481749 0.380755 -11.509030 -0.265929 -1.822946 9.297791 -14.650804 15.723420 -15.485710 4.336685 -0.331031 9.887700 2.633999 -1.081778
-3.382419 -21.944376 8.280530 -11.777811 20.421257 0.771166 7.554123 20.026100 3.535468 3.367679 -11.578068 -1.778265 -25.161705 -12.565530 16.509323 14.712336 -8.242563 -1.605101 -4.079679 0.899755 -0.714673 2.921639 -9.589571 10.654086 -13.329703 12.090075 -5.005964 13.000462 8.814736 -7.017072
-3.295893 -21.960108 8.386737 -10.618595 20.149288 1.254158 7.728573 20.982128 2.808298 3.106559 -10.258226 -2.001998 -25.626835 -13.217549 15.812384 15.601350 -9.306178 -2.122246 -4.328277 0.197571 -0.286998 2.348681 -9.672321 10.683672 -12.578199 12.757188 -6.153068 12.614120 8.895625 -7.637068
-2.136377 -21.317528 7.657509 -9.361069 20.397724 1.190867 7.540609 22.199448 1.765658 2.992084 -8.920375 -2.282725 -25.201214 -13.984050 15.497124 16.562368 -10.012685 -3.381426 -4.611407 -0.387873 0.457392 2.091518 -9.196932 10.140225 -11.999436 13.205958 -7.570416 12.426590 8.959409 -8.038040
1.629908 -19.152555 7.166058 -6.072064 19.449051 -4.580275 6.282444 22.339046 -2.014673 0.115186 -7.978400 -2.031487 -25.890858 -20.482891 9.563114 11.154872 -6.865696 -3.640502 -8.416276 0.666689 2.645583 4.549791 -9.224972 7.776361 -10.467734 11.476890 -10.266650 12.439803 7.759117 -7.234284
0.810816 -18.313288 6.458345 -5.518165 20.289928 -5.186373 6.309089 22.635199 -3.104539 0.337723 -8.488187 -2.645048 -24.376892 -20.346006 10.358698 10.095963 -6.065843 -4.465914 -9.600841 -0.527153 3.551342 5.017193 -8.187273 6.923883 -10.672471 11.480313 -11.419930 12.358284 7.754109 -7.674007
-1.020496 -18.170889 5.342165 -4.814991 21.093117 -5.684209 6.387827 21.666622 -3.791945 1.165746 -9.841965 -2.923743 -22.761076 -19.725975 11.368708 8.823555 -4.650434 -4.822582 -10.545817 -0.861738 3.758397 5.504980 -7.226301 6.044553 -11.096907 11.280242 -11.902287 12.626220 7.645339 -7.509847
-3.165867 -18.814608 5.030186 -4.220743 21.506567 -6.259206 7.031917 20.171310 -4.419693 1.482152 -11.119201 -2.787879 -21.515083 -19.073299 12.128087 8.341101 -3.401106 -5.220825 -10.716521 -0.311862 3.661085 6.136020 -6.194267 4.934199 -11.808387 10.933777 -12.187366 12.931402 7.434729 -6.702418
-5.624085 -19.851683 5.056139 -3.394677 21.281248 -6.816085 8.106846 18.062620 -5.039583 1.522255 -12.474861 -2.476067 -19.971195 -18.409912 12.980526 8.301752 -2.117197 -5.998472 -10.680726 0.560908 3.422560 6.483282 -5.684335 4.062862 -12.473994 10.655293 -12.285091 12.986912 7.321965 -5.775430
-7.319315 -20.582361 4.686310 -2.883088 21.175350 -7.118693 8.831284 16.388948 -5.627467 1.657905 -13.395861 -2.293685 -18.661686 -17.969107 13.802886 8.203146 -0.809407 -6.476319 -10.607097 1.577541 3.421463 6.857792 -4.833902 2.974974 -13.134173 10.576048 -12.574965 13.050982 7.372586 -4.521716
-8.652509 -20.535542 3.248883 -2.568639 21.844568 -7.318139 9.073245 14.919317 -6.590984 2.320486 -13.842892 -1.999988 -17.235312 -17.759541 14.517169 8.471935 0.383379 -7.500341 -10.651395 2.838073 3.654316 7.319745 -3.941519 1.987301 -13.774132 10.550488 -12.859148 13.083076 7.427444 -3.122954
-9.561389 -20.239536 1.770439 -2.327939 22.667362 -7.433630 9.080008 13.916397 -7.489189 2.975117 -13.950399 -1.953372 -15.585110 -17.673834 15.353476 8.566540 1.640627 -9.036656 -11.029330 3.472664 3.940685 7.711196 -3.298893 1.458499 -14.161023 10.459934 -12.963603 13.105459 7.455884 -2.154748
-9.864859 -19.982456 0.700473 -2.028262 23.210394 -7.432714 8.986475 13.580663 -8.174119 3.351263 -13.953096 -1.953285 -14.697654 -17.688478 15.806291 8.650846 2.356189 -9.812627 -11.261926 3.841159 4.211082 8.031833 -2.777993 1.062271 -14.448113 10.364595 -13.021882 13.155400 7.492998 -1.473464
-9.914917 -19.852762 0.338323 -1.916553 23.391813 -7.437959 8.923398 13.522253 -8.393050 3.484308 -13.979433 -1.931721 -14.374605 -17.690865 15.947014 8.708495 2.654177 -10.039329 -11.296929 4.093672 4.291241 8.137964 -2.646014 0.986869 -14.521767 10.324636 -12.988252 13.173675 7.514921 -1.298928
