-4.878702 -10.784705 3.145572 -5.908205 36.412872 -5.681422 -7.669726 -2.982944 -0.900395 0.045574 -33.349346 6.937747 -8.840801 -8.892655 11.777965 7.710041 8.798341 -3.024922 -6.673736 21.138962 8.772512 15.552555 -11.143243 2.809165 -19.392702 -7.916928 -9.446572 4.838262 -10.834079 4.635361
-5.014318 -10.762653 3.193855 -6.185382 36.282421 -5.609822 -7.851276 -2.688296 -0.913548 -0.030979 -33.572289 6.936354 -9.015079 -8.879728 11.359502 7.658223 8.806575 -2.877062 -6.600029 20.976025 8.767001 15.431610 -11.267414 2.561178 -19.356291 -7.844184 -9.485516 4.923004 -10.745978 4.835314
-5.128754 -10.561181 3.191871 -6.356142 36.322548 -5.489978 -8.272361 -2.280849 -1.006828 -0.163808 -33.848431 6.932452 -9.335260 -8.870831 10.763247 7.566764 8.868677 -2.650506 -6.459088 20.780653 8.839810 15.264382 -11.424523 2.249724 -19.225019 -7.722613 -9.571040 5.060395 -10.553205 5.088103
-5.047202 -10.374532 2.910886 -6.824005 36.514809 -5.693927 -8.863029 -1.708849 -1.061513 -0.331909 -34.212627 6.966358 -9.761676 -8.813272 10.010501 7.457824 8.845573 -2.312093 -6.279424 20.556507 8.918052 14.826114 -11.568878 1.985268 -18.999472 -7.509770 -9.629638 5.269646 -10.296599 5.409991
-4.933534 -10.243466 2.567262 -7.231421 36.517941 -6.069131 -9.517365 -0.984059 -1.149087 -0.451077 -34.677277 7.137391 -10.173405 -8.625796 9.396441 7.274892 8.672740 -1.841477 -6.078473 20.228058 8.895034 14.381978 -11.691317 1.766447 -18.670309 -7.311197 -9.474849 5.687083 -9.930985 5.918796
-5.045374 -10.182032 2.076353 -7.555508 36.591797 -6.450237 -10.327138 -0.004082 -1.401912 -0.712966 -35.061619 7.234213 -10.698965 -8.530295 8.855210 6.929666 8.304960 -1.111253 -5.869580 19.997639 8.935006 14.237142 -11.993226 1.449858 -18.217613 -7.125989 -9.352921 6.065862 -9.569616 6.171848
-5.043259 -10.269964 1.656649 -7.678413 36.567917 -6.569313 -10.878609 0.579413 -1.628294 -0.997745 -35.325935 7.224874 -11.308715 -8.485436 8.297547 6.546382 8.025561 -0.439993 -5.631681 19.724117 8.836604 13.309587 -12.563889 1.234522 -17.833153 -6.900474 -9.262994 6.685498 -9.073667 6.544547
-4.983049 -10.168906 1.190862 -7.909109 36.553349 -6.818059 -11.686550 1.142360 -1.804192 -1.287081 -35.423782 7.256160 -12.086864 -8.405955 7.875985 6.144405 7.769293 0.249266 -5.344425 19.550692 8.573763 12.461731 -13.075600 0.916790 -17.656197 -6.896866 -9.138410 7.231643 -8.711982 6.854466
-4.910760 -10.419066 0.860033 -8.200449 36.367168 -7.270116 -12.374388 1.674201 -1.821191 -1.705510 -35.435730 7.296814 -12.891084 -8.329692 7.654796 5.601285 7.689203 1.085102 -5.075973 19.371794 8.405329 11.378098 -13.799295 0.546985 -17.583763 -6.866623 -9.140018 7.670469 -8.285886 7.081579
-4.827661 -10.569656 0.920284 -8.151126 35.959206 -7.685859 -13.018095 2.482025 -1.734854 -2.432372 -35.291412 6.975333 -13.686950 -8.511058 7.326917 4.981729 7.695742 2.055279 -4.887668 19.229851 8.157520 10.053012 -14.354492 0.287879 -17.674435 -6.956379 -9.163249 8.207909 -7.950305 7.478665
-4.689645 -10.935048 0.935070 -8.544434 35.403503 -8.418001 -13.172152 3.160434 -1.374990 -2.866869 -35.030941 6.461648 -14.620011 -8.913149 6.809162 4.316594 7.544496 3.159227 -4.728167 18.927160 7.888636 9.113768 -14.824905 0.131257 -17.509251 -7.045926 -9.026150 8.756066 -7.707316 7.500924
-4.686044 -11.178276 0.851920 -8.907537 34.984406 -8.623613 -13.693512 3.891893 -1.185472 -3.478714 -34.922432 5.991212 -15.329743 -9.401771 6.131483 3.819933 7.233162 4.202848 -4.562091 18.602509 7.718756 7.830258 -15.246923 0.050098 -17.528526 -7.122130 -9.036648 9.300527 -7.411231 7.641602
-4.774839 -11.584936 0.664012 -9.332747 34.393559 -8.862406 -14.059357 4.823791 -1.058033 -3.957612 -34.755886 5.438073 -16.097708 -9.883422 5.367655 3.533808 7.202069 5.155300 -4.272144 18.460846 7.631302 6.956843 -15.532572 -0.058789 -17.394062 -7.069428 -9.010478 9.691698 -7.159385 7.702939
-4.695156 -11.990576 0.291434 -9.965757 33.850471 -9.119567 -14.259964 5.643803 -0.864919 -4.328604 -34.484642 5.129297 -16.853544 -10.198508 5.037487 3.278988 7.037498 5.970615 -4.076816 18.300171 7.503270 5.770988 -15.748489 -0.091875 -17.417469 -7.135725 -9.060470 10.114429 -7.007428 7.755079
-4.595791 -12.361532 -0.037578 -10.418242 33.378906 -9.326107 -14.396152 6.338937 -0.749160 -4.782539 -34.133724 4.863937 -17.478273 -10.493527 4.871283 3.041268 6.778757 6.559669 -3.982035 18.121758 7.491196 5.130855 -15.955203 -0.053857 -17.324324 -7.013722 -9.042310 10.339674 -6.800788 7.780892
-4.429163 -12.576543 -0.185632 -10.626789 33.059776 -9.394711 -14.344355 6.757024 -0.659125 -5.025590 -33.915890 4.589543 -17.900715 -10.814838 4.624880 2.789693 6.690310 6.965450 -3.969867 17.944386 7.470184 4.307559 -16.021013 0.121655 -17.243439 -6.911504 -9.155781 10.562445 -6.683274 7.662349
-4.264254 -12.756446 -0.250903 -10.727844 32.887939 -9.210160 -14.575985 7.113576 -0.627516 -5.358329 -33.741978 4.306631 -18.264389 -11.205938 4.307786 2.522316 6.552251 7.419069 -4.022002 17.733940 7.439004 3.526919 -15.897443 0.255254 -17.205936 -6.819127 -9.227608 10.806812 -6.573017 7.709447
-4.128612 -12.892672 -0.346252 -10.750847 32.721901 -9.135098 -14.518700 7.313393 -0.669758 -5.475607 -33.558956 4.138951 -18.511555 -11.377967 4.159712 2.491125 6.430196 7.602288 -4.010809 17.592712 7.433624 3.112550 -15.938173 0.330939 -17.133629 -6.720287 -9.224380 10.912665 -6.445573 7.770883
-4.082981 -13.011045 -0.403992 -10.763286 32.589352 -9.104132 -14.398561 7.426343 -0.671538 -5.535396 -33.483227 4.065557 -18.631191 -11.470702 4.060886 2.468760 6.367197 7.685295 -3.996256 17.501453 7.394402 2.846170 -15.979029 0.342667 -17.061337 -6.608684 -9.376341 10.919287 -6.376554 7.716339
-4.032368 -13.001204 -0.454314 -10.755280 32.586868 -9.112496 -14.402189 7.520621 -0.682910 -5.548453 -33.433544 4.016896 -18.672455 -11.527472 4.029334 2.431526 6.326303 7.756427 -4.022945 17.456070 7.385827 2.782101 -16.013117 0.341798 -17.029257 -6.584460 -9.398499 10.928833 -6.363195 7.690360
-4.073227 -12.891065 -0.355051 -10.731573 32.673840 -9.184593 -14.393251 7.367843 -0.683367 -5.411901 -33.453449 4.104738 -18.552250 -11.425821 4.219921 2.440395 6.361390 7.659356 -4.041036 17.583761 7.442056 2.983101 -15.943647 0.435845 -17.050083 -6.716178 -9.303193 10.956001 -6.444095 7.638491
-4.089107 -12.547222 -0.172952 -10.505750 32.935047 -9.420738 -14.102890 7.092531 -0.760479 -4.867304 -33.470554 4.301830 -18.072224 -11.211355 4.744814 2.450191 6.427797 7.347703 -4.209358 17.753641 7.521222 3.798503 -15.967236 0.388757 -17.089121 -6.938431 -9.189042 10.815516 -6.637825 7.528648
-4.130889 -11.776837 0.228528 -9.812704 33.618637 -9.418427 -13.803947 6.612959 -1.073900 -4.119168 -33.809853 4.706250 -17.071320 -10.731759 5.437913 2.615573 6.740811 6.447275 -4.529220 17.990112 7.637519 5.029092 -15.719469 0.441336 -17.003124 -7.053124 -9.370784 10.406294 -6.877452 7.196723
-4.178267 -10.865400 0.880398 -8.852617 34.515701 -9.255399 -12.735594 5.566482 -1.395661 -3.060547 -34.004101 5.426733 -15.685689 -10.082479 6.896705 2.752111 6.852161 5.128299 -5.229029 18.375666 7.856380 6.880279 -15.481881 0.716418 -16.901199 -7.030249 -9.438111 9.557707 -7.285274 6.649685
-4.243483 -10.215466 1.143730 -8.152014 35.371952 -8.718830 -11.625430 4.572323 -1.647565 -1.894206 -33.946129 6.156767 -13.890883 -9.626802 8.594802 3.373104 7.085191 2.763949 -6.064754 18.401424 8.225352 8.714550 -14.514644 1.264893 -17.184366 -6.949457 -9.644592 8.409562 -7.786809 6.381251
-4.231226 -9.781236 0.601382 -8.078760 36.058250 -8.169049 -9.494919 3.608994 -1.937999 0.348496 -33.525021 6.006210 -11.825679 -10.049445 9.674783 4.234799 7.433650 0.747671 -6.926714 18.629019 8.594614 9.888299 -13.209244 2.346447 -17.574387 -6.790099 -10.051248 7.275482 -8.380109 5.872907
-5.267992 -9.617120 0.544483 -7.883825 36.547646 -7.130126 -6.645026 2.755671 -2.075868 2.542482 -31.618641 6.448263 -10.146510 -9.812342 13.236409 4.963957 6.190318 -1.495865 -7.986947 19.323013 9.458626 12.265251 -11.600327 3.560829 -17.791061 -6.175553 -10.022991 5.625667 -9.238150 5.421045
-5.954470 -8.735958 1.119570 -7.659222 37.089630 -5.488485 -3.292134 2.091692 -1.910338 4.880973 -29.450657 8.350495 -8.318039 -8.768696 18.544491 5.497270 4.386131 -4.260770 -9.206187 18.840471 10.338189 14.717307 -10.380321 5.114837 -16.606176 -5.116381 -9.357604 5.202487 -9.520429 5.298972
-6.821985 -8.018591 0.699631 -6.504528 37.265957 -4.777465 1.145481 1.619554 -2.486227 7.854479 -28.161133 9.470477 -6.487823 -8.312451 22.299463 6.014350 2.500561 -5.074439 -9.799190 17.848200 11.033329 16.029293 -8.096360 7.145691 -15.303983 -4.113307 -8.968573 5.891271 -9.397758 5.971912
-7.711468 -7.809347 -2.080295 -6.944570 37.804852 -7.619561 5.507991 0.999040 -3.417554 11.504179 -27.244921 8.967877 -4.460197 -9.161868 23.702084 6.560204 1.113963 -5.583209 -10.594730 16.640781 11.578387 16.227877 -5.803895 8.775608 -14.882688 -3.523976 -9.394073 5.931883 -9.326612 6.715262
-7.214497 -8.023144 -2.867956 -7.337236 37.049164 -8.419684 8.747377 1.140500 -3.507217 13.871982 -25.797749 7.869949 -2.656808 -10.242755 24.553905 7.734484 -0.846870 -6.464391 -11.536401 14.961555 12.769286 16.845863 -4.651623 9.497684 -13.748762 -2.261126 -9.914964 6.020819 -8.548770 7.437860
-5.518083 -9.366819 -2.312091 -7.668288 35.040756 -8.333413 13.073565 1.854932 -2.803231 15.752725 -24.420990 6.566689 -1.302594 -11.659989 24.917013 8.439714 -1.803507 -7.216534 -12.388235 13.294445 13.690237 16.789730 -3.779346 10.037662 -12.663064 -1.270428 -10.713040 6.190464 -7.850774 7.520977
-2.911171 -11.359657 -1.378105 -7.019785 33.124340 -5.832236 14.372270 2.997886 -3.052451 15.499486 -23.346260 5.005861 -0.969377 -12.843016 24.735355 8.676598 -2.000682 -7.492622 -13.139537 11.792443 14.438307 16.214621 -3.333179 10.486173 -11.957778 -0.558532 -11.147008 6.171801 -7.453188 7.370192
-2.249279 -11.944105 -0.278592 -6.813225 32.216228 -4.300896 15.209651 4.174350 -3.202141 15.429284 -21.754740 4.015279 -1.139730 -14.158854 24.823410 8.910454 -3.168238 -7.188122 -13.567201 10.969646 14.697840 15.954124 -3.287126 10.820346 -10.997972 -0.198047 -11.210046 6.832558 -7.143536 6.926317
-1.166849 -11.843563 1.630481 -6.902317 31.629690 -2.470443 15.616711 4.990836 -2.777094 15.527782 -20.336275 3.526623 -1.407548 -15.470015 25.056009 8.940523 -4.727793 -7.024325 -14.065348 10.482932 14.856765 16.028690 -3.409727 11.086381 -9.612020 0.172330 -11.102188 7.900086 -6.746128 6.266420
-0.231893 -11.778536 3.298776 -6.554128 30.944382 -1.579137 16.383821 5.576788 -2.448009 15.596783 -18.930042 3.500540 -2.291290 -16.166067 25.476175 8.908897 -6.013873 -6.863285 -14.166240 10.188707 14.907355 15.694219 -3.409834 11.164869 -8.656318 0.362369 -11.258485 8.678986 -6.459392 5.788776
0.285140 -11.737485 4.869114 -6.249094 30.151314 -1.384334 16.965773 6.133962 -1.924297 15.429280 -18.177532 3.137607 -3.154116 -16.626078 25.400782 8.818456 -6.743955 -6.272893 -14.147408 9.835062 14.964853 15.533216 -3.326015 11.012422 -7.982686 0.497384 -11.464265 9.318428 -6.226805 5.739689
0.641693 -11.753405 6.261061 -6.037272 29.534752 -1.330792 17.309322 6.445253 -1.471265 15.229242 -17.679655 3.005643 -4.018941 -16.830280 25.220016 8.914325 -7.633155 -5.783535 -14.042520 9.568871 15.008825 15.167806 -3.253699 11.133549 -7.587916 0.667486 -11.730992 9.538103 -6.045577 5.539132
0.908464 -11.781038 7.109560 -5.849153 29.111382 -1.381584 17.529337 6.714822 -1.252533 15.104254 -17.351021 2.935652 -4.586329 -16.923265 25.131737 8.910461 -8.024987 -5.525369 -13.936788 9.412607 15.054396 14.846953 -3.224526 11.170318 -7.425579 0.789607 -11.906373 9.631069 -5.926887 5.493670
0.972925 -11.765549 7.355739 -5.839031 28.963186 -1.463749 17.648552 6.794941 -1.162929 15.108384 -17.261068 2.973601 -4.803701 -16.901237 25.106829 8.940804 -8.172193 -5.474212 -13.880791 9.328237 15.065639 14.783447 -3.228611 11.153840 -7.344380 0.809251 -11.938370 9.682366 -5.895344 5.449482
1.013405 -11.797662 7.451900 -5.796467 28.892855 -1.467694 17.716112 6.815166 -1.153831 15.104593 -17.199070 2.936175 -4.864886 -16.937349 25.114853 8.919625 -8.182467 -5.443805 -13.882840 9.312836 15.069719 14.774802 -3.214735 11.154243 -7.314163 0.815658 -11.953085 9.699806 -5.892692 5.427865
1.091351 -11.810143 7.685969 -5.714459 28.753250 -1.542281 17.876833 6.931691 -1.114206 15.121453 -17.093000 2.939937 -5.063894 -16.959673 25.107601 8.933287 -8.325669 -5.369657 -13.848642 9.279709 15.056781 14.640079 -3.257128 11.136220 -7.230142 0.855927 -11.989379 9.765151 -5.828003 5.390678
1.251388 -11.850579 7.976355 -5.689816 28.532452 -1.648613 18.119244 7.115081 -1.004714 15.151368 -16.958164 2.965511 -5.401524 -16.961803 25.079008 8.982409 -8.615098 -5.224325 -13.791671 9.195727 15.076618 14.468013 -3.254026 11.168757 -7.146990 0.906012 -12.054594 9.810780 -5.766434 5.357162
1.480134 -11.882771 8.331888 -5.641674 28.247711 -1.723386 18.335423 7.380158 -0.807948 15.166159 -16.645977 3.009591 -5.879345 -17.004766 25.109642 9.051347 -9.003751 -5.093896 -13.715872 9.142395 15.100163 14.244338 -3.267668 11.168421 -6.917362 0.988131 -12.135196 9.967720 -5.649074 5.296885
1.736077 -11.849110 8.673970 -5.632339 27.943977 -1.830140 18.574654 7.640220 -0.568813 15.246971 -16.177483 3.068803 -6.357697 -17.036484 25.207581 9.216796 -9.509465 -5.070083 -13.633058 9.163877 15.104436 14.021973 -3.240604 11.155279 -6.588615 1.090790 -12.228985 10.230009 -5.501238 5.312246
2.128864 -11.927095 8.929841 -5.772395 27.529202 -1.923122 18.886341 8.060903 -0.229391 15.327753 -15.661356 3.048233 -6.847431 -17.216852 25.253551 9.343962 -10.095210 -4.906607 -13.566704 9.297081 15.140759 13.650506 -3.342076 11.149364 -6.293151 1.245986 -12.348578 10.396843 -5.286514 5.241302
2.480432 -12.024641 9.184970 -5.927217 27.097506 -2.001417 19.073709 8.517725 0.067792 15.281149 -15.274383 3.018179 -7.375890 -17.529724 25.008308 9.528315 -10.900996 -4.351170 -13.382804 9.751549 15.171684 13.252546 -3.421862 11.259475 -6.013988 1.421288 -12.443924 10.531269 -5.058065 5.135268
2.865901 -12.097559 9.523057 -6.043538 26.810705 -2.133641 19.037802 8.994589 0.358860 15.131733 -14.876799 2.979354 -7.977012 -17.897396 24.703716 9.758657 -11.793508 -3.637616 -13.181739 10.290136 15.128450 12.931931 -3.628502 11.375282 -5.669385 1.563486 -12.401704 10.684233 -4.813817 4.870494
3.309356 -12.266550 9.846761 -6.043616 26.488451 -2.178340 19.069603 9.507163 0.503166 14.951351 -14.363862 2.996266 -8.642097 -18.172054 24.496693 9.898945 -12.568334 -3.005244 -12.953712 10.668263 15.147941 12.601104 -3.751958 11.602927 -5.460432 1.699068 -12.348712 10.693904 -4.608557 4.583995
3.726154 -12.296253 10.208415 -5.905985 26.241211 -2.171303 19.083702 10.114964 0.530364 14.779301 -14.109367 3.080275 -9.265808 -18.303223 24.282843 9.895558 -13.110082 -2.320629 -12.740977 10.776106 15.134232 12.133977 -3.906266 11.788722 -5.245422 1.853183 -12.327626 10.786574 -4.372468 4.444212
3.854570 -12.316415 10.506913 -5.955226 25.873745 -2.167186 19.045864 10.776874 0.593741 14.477082 -13.862956 3.237032 -9.994111 -18.242876 24.082136 9.915334 -13.422192 -1.973438 -12.484433 10.539152 15.070664 11.662950 -4.231334 11.935821 -5.007780 1.995953 -12.223376 10.951643 -4.119896 4.237257
3.853129 -12.580633 10.831580 -5.979162 25.223991 -2.252464 19.410791 11.636522 0.761797 14.203680 -13.561213 3.257795 -10.809858 -18.159363 24.045059 9.789327 -13.376237 -1.787306 -12.309763 10.039160 14.933050 11.187734 -4.665644 12.117686 -4.831323 2.093711 -12.017241 11.142502 -3.878898 3.993470
3.425981 -12.984797 11.008527 -6.208358 24.643000 -2.338199 19.848377 12.363857 0.992689 13.912431 -13.426724 3.331735 -11.635346 -18.084019 23.937126 9.610195 -13.312106 -1.616903 -12.184127 9.366528 14.797914 10.792359 -5.003356 12.195406 -4.714033 2.155172 -11.850662 11.435621 -3.655681 3.934657
2.687508 -13.397003 10.832431 -6.814367 24.264183 -2.513922 19.990635 12.921135 1.178840 13.551991 -13.350481 3.349377 -12.351811 -18.000126 23.846144 9.405472 -13.170985 -1.580829 -12.109813 8.752736 14.669427 10.374304 -5.360334 12.267852 -4.659490 2.232755 -11.611913 11.682976 -3.373878 3.959564
1.868136 -13.770844 10.490859 -7.478961 23.997953 -2.867845 19.990250 13.337204 1.341699 13.139648 -13.284883 3.353959 -12.952426 -18.015104 23.690681 9.234531 -13.218915 -1.509790 -12.084963 8.205843 14.509183 10.086500 -5.717813 12.272298 -4.601158 2.259127 -11.355313 11.907673 -3.126135 3.956177
1.215155 -13.964031 10.081850 -7.995766 23.888332 -3.043675 19.785561 13.765461 1.456011 12.744733 -13.194901 3.285881 -13.458423 -18.063972 23.560007 8.966272 -13.143649 -1.424889 -12.051892 7.786351 14.361807 9.934367 -5.996275 12.253814 -4.597377 2.263067 -11.098033 12.039181 -2.947902 4.013149
0.750960 -14.197233 9.746873 -8.435579 23.714682 -3.123948 19.657461 14.034267 1.561725 12.457501 -13.110988 3.325618 -13.886131 -18.059196 23.421059 8.896788 -13.209320 -1.349793 -11.964004 7.526980 14.231586 9.790892 -6.178730 12.217282 -4.624569 2.255872 -10.891107 12.119122 -2.805537 4.118448
0.471138 -14.334319 9.503757 -8.699594 23.613501 -3.182231 19.503923 14.187111 1.615955 12.259508 -13.112700 3.426395 -14.135972 -17.976917 23.339466 8.843538 -13.168132 -1.384295 -11.882729 7.300059 14.148163 9.693317 -6.316603 12.202607 -4.658543 2.266749 -10.750787 12.146645 -2.701351 4.188775
0.307380 -14.370432 9.365202 -8.854677 23.584024 -3.201406 19.338543 14.274631 1.648451 12.140980 -13.174761 3.504475 -14.259972 -17.880833 23.289959 8.755680 -13.087415 -1.428415 -11.828319 7.104381 14.092334 9.657611 -6.405233 12.176082 -4.685850 2.268861 -10.661084 12.155765 -2.644678 4.229276
0.238928 -14.384246 9.312030 -8.916734 23.573589 -3.203226 19.262630 14.309992 1.660597 12.088204 -13.201231 3.525482 -14.300675 -17.855232 23.268002 8.705999 -13.043944 -1.438276 -11.818868 6.996170 14.071911 9.640163 -6.422336 12.162957 -4.704813 2.270511 -10.638003 12.150214 -2.630481 4.261743
0.277738 -14.366404 9.327713 -8.893894 23.587772 -3.207569 19.295204 14.284912 1.661225 12.121929 -13.199125 3.517164 -14.266175 -17.869473 23.272007 8.727906 -13.062238 -1.431595 -11.828042 7.041115 14.086299 9.646137 -6.417912 12.169789 -4.699616 2.276733 -10.647667 12.138644 -2.633626 4.250812
0.318048 -14.341871 9.358658 -8.842612 23.608873 -3.209696 19.346363 14.249047 1.646729 12.158855 -13.187487 3.511791 -14.221026 -17.878401 23.280560 8.780436 -13.087523 -1.441808 -11.834208 7.112565 14.093297 9.673741 -6.409661 12.170619 -4.690344 2.264817 -10.657014 12.147762 -2.651115 4.224845
0.390938 -14.289190 9.446415 -8.741713 23.643921 -3.197307 19.430920 14.153863 1.624551 12.236701 -13.167765 3.480297 -14.102788 -17.893358 23.330673 8.850302 -13.104878 -1.476387 -11.873387 7.215812 14.125742 9.711545 -6.344462 12.158822 -4.665339 2.262816 -10.735356 12.143991 -2.698949 4.209638
0.509700 -14.179922 9.568498 -8.597946 23.722214 -3.177227 19.489536 14.021776 1.602340 12.339528 -13.169202 3.443743 -13.957721 -17.896198 23.380539 8.911374 -13.112536 -1.513106 -11.915640 7.321791 14.177881 9.799836 -6.249349 12.134498 -4.631817 2.247963 -10.844511 12.119633 -2.783385 4.179862
0.671865 -14.041621 9.709360 -8.436317 23.830317 -3.134265 19.535540 13.865475 1.564426 12.489305 -13.187851 3.421396 -13.740397 -17.880640 23.442650 9.000691 -13.106717 -1.564129 -11.954144 7.494825 14.222322 9.876674 -6.178277 12.127684 -4.599270 2.237465 -10.933238 12.099468 -2.854640 4.122553
0.908889 -13.875115 9.877124 -8.203954 23.968668 -3.081276 19.591114 13.628086 1.506590 12.677095 -13.246355 3.426877 -13.430322 -17.815746 23.555931 9.082523 -13.038809 -1.694634 -11.995789 7.684005 14.275940 9.976727 -6.059999 12.086816 -4.565704 2.224030 -11.090707 12.057405 -2.969878 4.072396
1.204282 -13.785754 10.089560 -7.934347 24.063854 -2.996201 19.696430 13.334452 1.444127 12.891392 -13.362803 3.463195 -13.089194 -17.718410 23.654015 9.226888 -13.011099 -1.848385 -12.028199 7.877021 14.364326 10.144652 -5.883916 12.025363 -4.535486 2.210692 -11.299005 11.992670 -3.121315 4.038969
1.636016 -13.651553 10.292823 -7.628776 24.207310 -2.865982 19.704756 12.937473 1.376083 13.138208 -13.524605 3.558721 -12.761533 -17.591074 23.687754 9.427383 -13.015034 -1.969150 -12.025777 8.087811 14.420305 10.316734 -5.700135 11.974512 -4.524943 2.177912 -11.487861 11.927128 -3.297770 4.011137
2.118398 -13.481474 10.471715 -7.301347 24.406900 -2.655492 19.632603 12.388559 1.321886 13.374647 -13.643583 3.570343 -12.349131 -17.582468 23.767183 9.591342 -13.041533 -2.003735 -12.070743 8.430446 14.502884 10.495151 -5.463920 11.937541 -4.544156 2.152198 -11.680866 11.806721 -3.482021 4.032341
2.635278 -13.296049 10.624791 -7.106609 24.651918 -2.462356 19.525822 11.930944 1.296839 13.600594 -13.722098 3.638988 -11.950933 -17.470905 23.807541 9.865034 -13.099482 -2.081755 -12.038221 8.925591 14.580514 10.775098 -5.230289 11.866086 -4.564563 2.091897 -11.874993 11.675886 -3.716509 4.006279
3.216000 -13.135193 10.641118 -6.983654 24.956028 -2.242753 19.423008 11.368828 1.286716 13.908438 -13.912463 3.802307 -11.469102 -17.320324 23.836897 10.134020 -13.150046 -2.270109 -12.011660 9.345309 14.635914 11.114201 -4.932604 11.805598 -4.658090 1.998101 -11.984907 11.528162 -3.946786 4.083141
3.640485 -12.929829 10.564178 -6.865244 25.362705 -2.076613 19.223831 10.815741 1.242354 14.177609 -14.010798 3.877805 -10.917797 -17.331417 23.906689 10.396313 -13.395432 -2.329441 -12.055153 9.911331 14.676640 11.457274 -4.599932 11.682842 -4.757246 1.896406 -12.105483 11.415434 -4.186070 4.334107
3.704272 -12.787304 10.360560 -7.002877 25.805485 -1.935716 18.918636 10.234299 1.330951 14.328029 -14.169137 3.945197 -10.358165 -17.390440 23.968637 10.713756 -13.596069 -2.418693 -12.134354 10.503691 14.681328 11.871465 -4.341114 11.504842 -4.884213 1.754024 -12.160474 11.299062 -4.437091 4.467444
3.410757 -12.735668 10.102199 -7.252025 26.098656 -1.886010 18.834269 9.587694 1.446940 14.478099 -14.378767 4.061550 -9.781291 -17.337090 24.028912 11.018153 -13.527369 -2.773854 -12.186185 10.922355 14.705200 12.290996 -4.073155 11.362942 -5.045114 1.603996 -12.183275 11.191462 -4.670033 4.595270
4.482815 -18.055201 9.442214 -4.544455 25.601135 -2.025735 11.340841 10.410686 0.998359 13.412940 -12.454483 -4.125899 -10.735922 -16.215473 22.179914 16.807701 -7.285088 -3.687265 -7.192237 14.198580 8.205651 3.584455 -1.943574 12.843760 -10.319428 0.498016 -13.729817 11.806379 -7.482631 2.062786
3.924754 -17.962463 8.985328 -4.740086 25.894171 -1.987314 11.127987 9.770708 0.916373 13.545502 -12.803333 -4.061479 -10.176031 -15.977155 22.433678 16.818752 -6.538355 -4.601769 -7.376281 13.975603 8.144468 4.102359 -1.884290 12.517530 -10.498839 0.292927 -13.663463 11.706599 -7.697526 2.271479
3.300538 -17.827742 8.376174 -5.121306 26.208206 -1.906099 10.722176 9.300108 0.749764 13.552843 -13.206560 -3.925050 -9.558108 -15.318328 22.846022 16.763477 -5.392582 -5.837329 -7.539569 13.416310 8.078243 4.595061 -1.858471 12.240934 -10.703821 0.121520 -13.505429 11.602066 -7.884248 2.503777
2.590252 -17.733110 7.636211 -5.500379 26.681328 -1.674947 10.190170 8.614082 0.610169 13.568850 -13.746946 -3.879210 -8.920560 -14.695340 23.329597 16.347656 -3.729959 -6.991291 -7.789497 12.512742 7.972246 5.105139 -1.883331 11.926064 -11.041987 -0.121360 -13.247527 11.499863 -8.092841 2.889949
1.902279 -17.853550 7.032207 -5.603987 26.979706 -1.268537 9.800696 7.787461 0.290066 13.444220 -14.470306 -3.559292 -8.514909 -13.846467 23.509193 16.098118 -2.264901 -7.883264 -7.813732 11.674058 7.832985 5.549029 -1.854145 11.578002 -11.466756 -0.372878 -12.937361 11.440145 -8.276358 3.470112
2.060694 -17.999710 6.446989 -3.172696 25.815556 -4.954536 9.121977 6.947823 -2.576352 10.385377 -15.126186 -3.497461 -8.976205 -17.898369 18.446766 11.880318 1.623982 -7.415786 -10.391414 13.046171 9.432676 2.406147 -1.000606 11.212434 -13.812650 -4.434921 -13.476167 12.471248 -8.520514 4.550199
1.652149 -17.630711 5.655776 -3.122258 25.759186 -5.348634 9.281409 6.109515 -3.769432 9.398700 -15.594521 -2.438538 -8.962356 -18.342072 17.957186 10.288105 3.217791 -7.995379 -11.124891 13.392628 9.953055 3.029414 -1.034565 10.797565 -14.262121 -5.432704 -12.965387 12.631413 -8.429383 5.208192
1.200099 -18.022188 4.601283 -3.135383 25.801855 -5.448815 9.109976 5.416454 -4.413147 8.906452 -16.278391 -2.049705 -8.634388 -17.547897 18.116047 10.214773 4.563616 -8.415273 -11.007094 13.580997 9.868872 3.450190 -0.934512 10.694341 -14.823821 -5.916359 -12.836727 12.460602 -8.923516 6.047084
0.205547 -18.285517 3.544778 -3.587075 26.319847 -5.314741 8.728262 4.831530 -4.652841 8.749216 -16.997536 -1.647508 -8.388677 -16.702629 18.370510 10.295703 5.759772 -8.844237 -10.724153 13.891239 9.745295 3.844965 -0.888037 10.393821 -15.265174 -6.102033 -12.526073 12.399883 -9.038995 6.852176
-0.791200 -18.396416 2.694463 -3.687441 26.819550 -5.389168 8.367609 4.426227 -5.039895 8.657722 -17.518730 -1.100401 -8.592313 -15.892194 18.398350 10.486474 6.597751 -9.164544 -10.334771 14.088678 9.672602 4.324883 -0.882709 10.174309 -15.696098 -6.258988 -12.230664 12.268163 -9.139470 7.521912
-1.922259 -18.314562 2.093210 -3.859151 27.198391 -5.955453 8.089687 4.093362 -5.259956 8.495489 -18.116428 -0.400457 -8.863113 -14.988325 18.372208 10.724772 7.083507 -9.495709 -9.952960 14.210892 9.615619 4.693418 -0.925078 10.036691 -16.120934 -6.416542 -11.910729 12.114454 -9.195443 8.001712
-2.995391 -18.125685 1.669061 -4.270449 27.549519 -6.503519 7.616171 3.591819 -5.249012 8.270322 -18.652702 0.274082 -9.161155 -14.173467 18.304981 11.035999 7.125006 -9.709984 -9.641461 14.426051 9.527714 4.961405 -1.040015 9.892413 -16.519949 -6.527306 -11.571362 11.994452 -9.203163 8.553680
-4.200895 -17.828979 1.262811 -4.709043 27.910156 -7.133104 7.070463 3.131133 -5.195914 8.010997 -19.347816 0.885457 -9.445049 -13.522130 18.095427 11.044611 7.325934 -9.842443 -9.378764 14.525182 9.363230 5.183474 -1.190168 9.746703 -16.957268 -6.622265 -11.102314 11.894196 -9.150385 9.256701
-5.033954 -17.615011 1.183395 -5.161559 28.182800 -7.421159 6.502504 2.713016 -4.972069 7.850579 -20.433359 1.544591 -9.871329 -12.596837 17.695000 10.922041 7.691702 -9.786775 -9.009315 14.282587 9.191565 5.240414 -1.508118 9.516500 -17.195663 -6.682157 -10.774396 11.870845 -9.090883 9.694571
-5.932735 -17.686197 1.213654 -5.680812 28.196575 -7.636479 6.230712 2.177701 -4.551828 7.709583 -21.301464 2.332761 -10.462081 -11.765605 17.386641 10.833126 7.930673 -9.873701 -8.585214 13.976580 8.968009 5.312360 -1.847166 9.260626 -17.575207 -6.731687 -10.460896 11.665062 -9.038587 9.942681
-6.711279 -17.839563 1.185757 -6.149752 28.157455 -7.822184 6.015434 1.576313 -4.208982 7.493990 -21.896856 2.929264 -10.941996 -11.173739 17.240065 10.649055 8.219622 -9.926223 -8.261958 13.948927 8.754707 5.268010 -2.141577 8.996428 -17.824379 -6.837568 -10.245002 11.651873 -8.965126 10.179373
-7.409792 -18.033903 1.034110 -6.715702 28.187489 -7.896903 5.738857 0.938248 -3.866370 7.215509 -22.336607 3.356208 -11.354380 -10.613326 17.206348 10.525288 8.700794 -10.071906 -7.956718 13.971284 8.483741 5.276834 -2.512520 8.812493 -18.203964 -6.925623 -9.862721 11.579811 -8.885963 10.496946
-7.960439 -18.331783 0.736142 -7.234481 28.259165 -7.936985 5.374351 0.335384 -3.561198 7.024565 -22.647890 3.740269 -11.817481 -10.165066 17.183075 10.324019 9.190379 -10.118667 -7.691939 13.982620 8.306262 5.243049 -2.793393 8.647868 -18.498774 -6.976959 -9.574474 11.538962 -8.779442 10.681933
-8.438688 -18.666014 0.394504 -7.677416 28.290825 -7.955271 4.997324 -0.127814 -3.302470 6.796081 -22.953651 4.215225 -12.262130 -9.740726 17.273361 10.121206 9.585132 -10.112069 -7.390563 14.153621 8.006221 5.209016 -3.112985 8.510403 -18.793964 -7.079142 -9.205235 11.604854 -8.722952 11.003199
-8.852445 -18.974077 0.152004 -8.075075 28.211929 -8.022676 4.768535 -0.607951 -3.011982 6.564025 -23.090178 4.611078 -12.776082 -9.303199 17.360714 10.121561 9.990420 -10.196641 -7.064646 14.346141 7.778179 5.222305 -3.368737 8.467160 -19.075150 -7.145800 -8.864976 11.565475 -8.691175 11.253843
-9.190218 -19.111879 -0.003534 -8.410029 28.163219 -8.113457 4.533767 -0.866620 -2.817138 6.308049 -23.167042 4.951700 -13.224030 -8.906212 17.452175 10.196608 10.318044 -10.327397 -6.793097 14.604607 7.658468 5.201600 -3.588552 8.446865 -19.256977 -7.155872 -8.662362 11.475397 -8.652680 11.343946
-9.500914 -19.268850 -0.102672 -8.674205 28.059052 -8.164268 4.363909 -1.041325 -2.676608 6.057731 -23.198080 5.180091 -13.567671 -8.650949 17.528362 10.233463 10.626404 -10.395905 -6.575604 14.820555 7.476295 5.171340 -3.822104 8.458312 -19.444706 -7.189136 -8.389905 11.444151 -8.610992 11.491005
-9.684007 -19.434504 -0.248845 -8.970490 28.014854 -8.154509 4.196520 -1.126794 -2.530186 5.883012 -23.251980 5.366522 -13.809098 -8.472654 17.589148 10.185562 10.790022 -10.397239 -6.433276 14.946573 7.316340 5.168034 -3.969168 8.478683 -19.627951 -7.239491 -8.176687 11.427114 -8.610419 11.657362
-9.898960 -19.492750 -0.305890 -9.136483 27.995918 -8.229269 4.094420 -1.238811 -2.426388 5.769218 -23.393337 5.506503 -13.954980 -8.321324 17.605911 10.135567 10.968341 -10.341441 -6.292434 15.085141 7.221457 5.120514 -4.069145 8.508445 -19.744238 -7.256688 -8.061399 11.408915 -8.583876 11.752966
-10.036108 -19.580584 -0.363675 -9.261873 27.969158 -8.238844 4.027971 -1.266589 -2.347912 5.690524 -23.427698 5.615203 -14.079706 -8.222639 17.657330 10.126643 11.063573 -10.339202 -6.189458 15.210910 7.136173 5.123251 -4.144117 8.521570 -19.836271 -7.290531 -7.948399 11.406025 -8.592834 11.840630
-10.090990 -19.602514 -0.367163 -9.305882 27.956347 -8.255624 4.009703 -1.296918 -2.321520 5.663446 -23.422302 5.637385 -14.113606 -8.197792 17.672815 10.130185 11.087980 -10.336757 -6.169674 15.236957 7.109931 5.111625 -4.181135 8.513646 -19.853432 -7.298701 -7.920658 11.410577 -8.588294 11.864299
