-3.556082 -4.352658 -1.227450 -16.912401 17.380362 -10.911037 12.202134 -8.605803 -14.681265 -6.631639 -23.426798 5.684336 -14.190562 -8.137599 17.691628 10.097050 11.197731 -10.358199 -6.122730 15.310946 2.310022 3.177544 1.234045 3.737612 -26.128738 2.525411 -1.245431 15.476662 1.680300 5.215188
-3.972466 -4.274021 -1.099159 -17.049910 17.251106 -11.270990 11.786768 -8.640341 -14.517025 -7.186800 -23.601532 5.948438 -14.525130 -7.774892 17.734497 10.109512 11.714955 -10.394773 -5.787784 15.822783 2.255037 3.137557 0.887519 3.554382 -26.209558 2.493010 -1.215725 15.413528 1.689461 5.363955
-4.631490 -4.185861 -0.641862 -17.011517 16.858795 -11.975087 11.153294 -8.622540 -14.090797 -8.296854 -24.087894 6.609886 -15.173211 -7.256053 17.864700 9.887217 12.403308 -10.288989 -5.241812 16.719952 1.934943 2.867573 -0.044734 3.420903 -26.462950 2.471738 -0.858002 15.205641 1.812496 5.888621
-5.204195 -4.079934 -0.354479 -17.611620 16.517828 -12.478403 9.846303 -8.217777 -13.514253 -9.927295 -24.845173 7.527799 -16.380644 -6.575273 17.806988 9.383295 12.763618 -9.614042 -4.461864 17.520184 1.480094 2.462801 -1.359698 3.144356 -26.840656 2.426562 -0.452419 14.855927 2.004510 6.518987
-4.987165 -3.951894 -0.791345 -18.944563 16.754120 -12.366680 8.160738 -7.145914 -12.924573 -11.016039 -25.597702 8.289603 -17.738693 -6.250049 17.237677 8.698088 12.308263 -8.400157 -3.882819 18.022011 1.066020 1.675085 -2.653594 2.592621 -27.083874 2.296293 -0.054297 14.836918 2.357025 7.065090
-4.872798 -4.253069 -1.898043 -20.485853 16.865032 -11.514984 6.929664 -5.549495 -12.904114 -12.008496 -26.265541 8.687813 -18.890472 -6.311988 16.329029 7.937885 11.330933 -6.676046 -3.492440 18.414394 0.801158 0.963540 -3.637207 1.954248 -27.045837 2.356195 0.112192 14.940753 2.689378 7.667283
-4.529639 -4.506748 -2.422396 -21.081741 16.722015 -10.680652 6.078506 -4.269728 -12.883821 -12.923407 -26.567535 8.893220 -19.959345 -6.549683 15.613955 7.297702 10.010939 -5.054514 -3.249610 18.197639 0.680457 0.274890 -4.599418 1.539430 -26.915218 2.471475 0.382480 14.966089 2.872957 8.368990
-4.195419 -4.677443 -2.572258 -21.730017 16.524006 -10.462522 5.083658 -3.360120 -12.464305 -13.645809 -26.641329 8.886373 -20.922680 -6.673867 14.914150 7.026798 9.246291 -4.092864 -2.926233 17.869633 0.593213 -0.221268 -5.358292 1.326961 -26.799816 2.565824 0.614861 14.954799 3.070306 8.920806
-3.931421 -4.902748 -2.418093 -21.938093 16.306858 -10.151472 4.657879 -2.859010 -12.091905 -13.879250 -26.504011 8.726731 -21.383812 -6.864283 14.465926 7.013756 8.838964 -3.745970 -2.823356 17.410616 0.572977 -0.574082 -5.631830 1.271657 -26.626915 2.646138 0.512844 14.970867 3.127970 9.032089
-3.748621 -4.938874 -2.272448 -21.987804 16.212400 -9.987612 4.521438 -2.658689 -11.949787 -13.935630 -26.582111 8.620077 -21.574150 -6.891443 14.065410 7.032581 8.637164 -3.514832 -2.773885 17.159370 0.570985 -0.701196 -5.760648 1.233251 -26.554850 2.680694 0.439535 14.949558 3.142392 9.024260
-3.747859 -4.707440 -2.277327 -21.900045 16.477005 -10.089157 4.438714 -2.746926 -12.010056 -13.824134 -26.694199 8.599742 -21.413282 -6.944326 14.025918 6.934214 8.649167 -3.613247 -2.883179 17.089348 0.687556 -0.665005 -5.716183 1.094845 -26.540993 2.685601 0.288617 14.892033 3.122298 8.957762
-3.588896 -2.961871 -2.417849 -20.911055 18.295012 -11.197100 3.959283 -3.587410 -12.712646 -12.888939 -27.886887 8.220558 -19.532558 -7.525569 13.716635 6.430923 8.883188 -3.890802 -3.640784 17.759056 1.506652 0.117448 -5.160984 0.288167 -26.694798 2.607345 -0.638695 14.388592 2.909172 7.917069
-2.327333 -0.939215 -3.612175 -19.551760 20.884455 -12.754789 4.071721 -5.903421 -13.517577 -10.877973 -29.671436 7.785610 -15.039396 -7.519249 13.265400 7.541425 8.501951 -5.508365 -5.351132 18.555164 2.967485 3.241940 -3.765752 -0.395782 -27.307816 2.667027 -2.061427 12.652401 2.386016 5.338133
-0.207894 2.775792 -2.331831 -16.065252 23.743118 -12.045832 6.100922 -7.445032 -14.340849 -7.834750 -28.921051 6.186259 -9.766620 -9.688832 14.970925 7.718038 8.058117 -5.348070 -7.606228 19.582695 5.075128 7.709992 -1.485338 0.119606 -26.839260 3.686660 -3.535645 10.464394 1.510477 1.849756
0.834561 10.664236 -2.080908 -16.662809 28.490154 -11.190483 11.447407 -5.245466 -13.606455 -1.077622 -29.946239 7.314884 -4.344485 -9.734942 19.980274 6.834567 -0.121431 -2.375653 -10.606168 16.504566 7.384127 13.441256 -1.704635 2.919624 -23.106247 7.609423 -4.918245 7.394217 2.238190 -1.821007
7.320701 12.958363 -2.261435 -14.230388 29.436363 -9.288994 15.762045 -2.916209 -13.496715 1.527524 -27.138714 4.298123 0.021160 -12.736731 26.315525 3.438448 -2.510099 0.577610 -13.190775 13.653787 6.674790 15.455134 -0.617856 9.200824 -20.335281 9.079264 -3.063140 6.370075 1.785610 -4.283209
15.135149 9.587343 -3.415071 -8.516860 28.646078 -5.768198 20.762102 -0.954642 -14.426311 1.907845 -23.591064 3.559181 1.096798 -13.189462 32.853848 1.145552 -1.210571 -1.192219 -14.455919 10.048329 5.958714 14.859825 0.382513 13.841564 -19.347443 8.072784 -2.658470 6.777358 1.118206 -8.278463
22.065159 4.025221 -2.235273 0.664578 24.899487 -5.994306 23.265190 -1.179352 -16.839808 -0.362071 -18.512924 3.386484 0.017385 -14.412202 38.084942 -1.948543 -0.393452 -1.832266 -15.747790 7.093098 5.180011 11.181861 0.979036 17.085325 -20.354509 7.815899 -2.809136 6.901488 1.296249 -8.839387
24.229866 0.820584 0.129325 4.434535 20.917425 -9.613979 26.602291 -1.899475 -16.485394 -1.387381 -15.540281 3.151910 -1.897744 -15.071601 40.115658 -3.579133 -0.363690 -1.675834 -16.420305 5.582696 4.669300 8.264670 0.959919 19.000902 -21.459631 8.473830 -3.138139 6.119734 2.180717 -7.859270
25.399002 -1.329236 -0.070396 4.962222 18.789291 -12.440817 28.594296 -1.825842 -16.080444 -1.662225 -14.193576 3.633157 -3.498750 -15.184373 40.483734 -3.911190 -0.845555 -1.857062 -16.328526 4.704710 4.680132 6.770384 1.610766 19.483858 -21.949886 9.093611 -4.000098 5.847280 2.982431 -6.751648
25.537750 -1.607886 -0.004797 4.999286 18.398188 -12.929949 28.803942 -1.838550 -15.917474 -1.763937 -13.819583 3.704189 -3.823867 -15.177522 40.650112 -4.044629 -0.936106 -1.817507 -16.272509 4.614059 4.611169 6.441312 1.689558 19.719051 -22.215641 9.152896 -4.166745 5.680814 2.995553 -6.657431
25.469337 -1.755427 0.299139 4.991862 17.848446 -13.942187 28.975595 -1.863000 -15.693044 -1.603308 -13.504258 3.518066 -3.579045 -15.636437 40.830837 -4.186991 -0.803987 -1.952651 -16.555830 4.643309 4.947886 6.636262 2.423465 19.408318 -21.993141 9.134041 -5.066666 5.870194 3.029282 -7.093369
24.776026 -1.444030 1.817718 4.346679 17.108421 -15.761636 29.751858 -1.906581 -14.879912 -0.941475 -12.830981 3.492736 -3.448481 -16.241520 41.064659 -4.178875 -0.941067 -2.052910 -16.756313 4.697384 5.326885 6.887394 3.527078 19.009483 -21.506720 9.392642 -5.883420 6.447703 3.251220 -6.484289
23.599367 -0.743944 4.006367 2.015936 16.381578 -18.414862 31.957870 -1.707175 -13.142765 0.917437 -11.783619 3.328066 -3.637383 -17.026424 41.501099 -3.818334 -1.437065 -1.809526 -16.764553 5.080197 5.657611 7.079957 5.433572 18.672415 -20.890987 9.812822 -7.062402 7.492805 3.629336 -5.166222
21.982256 0.400247 5.873887 -0.862567 15.588137 -21.021645 33.549393 -1.667515 -11.212827 2.863996 -11.188169 3.452309 -4.145095 -17.727211 41.346802 -3.020305 -2.851715 -1.021887 -16.526649 5.212251 5.977210 6.822486 6.779305 17.981773 -20.014879 10.281039 -8.306693 8.406334 4.108938 -4.154423
20.897112 -0.706960 5.395509 -3.007274 14.383956 -21.584238 34.819477 -1.512062 -10.987760 4.348819 -10.748760 3.498660 -5.035338 -18.605230 40.654636 -2.010664 -4.600639 0.390616 -16.077394 5.400649 6.505716 5.139547 7.682293 17.578672 -19.294655 10.856122 -9.582753 9.340956 4.894711 -2.840203
20.297743 -2.330378 4.660487 -2.886693 12.944156 -21.375362 36.982635 -1.645698 -11.808757 5.886526 -9.972466 3.781891 -6.518484 -19.222527 40.161915 -1.148131 -6.370697 1.746246 -15.469474 5.935575 6.877690 4.175958 8.849601 18.417648 -18.700153 11.659619 -9.892413 9.733969 5.095360 -1.850321
20.084444 -2.820005 5.836874 -2.600365 11.688096 -22.230587 39.660347 -2.316883 -11.400349 7.688662 -8.764723 3.888483 -7.940977 -19.483374 40.274334 -1.268721 -7.047206 3.446173 -14.639146 6.748408 7.195114 3.749513 9.655384 18.868414 -17.974817 12.060790 -9.615367 10.493701 5.291621 -1.182499
19.511644 -2.844390 8.038030 -2.425322 11.200974 -21.987600 42.034115 -2.618588 -10.902063 8.556292 -7.934207 3.945320 -8.846024 -19.311327 40.660534 -1.611696 -7.294310 4.828979 -14.020459 7.332905 6.993479 3.289627 9.812969 19.135498 -17.390907 12.329000 -9.239793 11.348722 5.456621 -0.452982
19.036253 -3.809403 8.422128 -1.849636 10.565889 -20.680075 42.967934 -2.477158 -11.377308 8.420955 -7.727999 3.846049 -9.264639 -19.282646 40.464420 -1.497734 -7.788429 5.588099 -13.683848 7.555016 6.904727 3.182464 9.910627 19.474566 -17.132502 12.520182 -9.061017 11.738146 5.524297 -0.130448
18.934889 -3.937230 8.385406 -1.707904 10.513095 -20.358175 43.034607 -2.427500 -11.589272 8.412858 -7.735782 3.857143 -9.210963 -19.251097 40.474525 -1.480593 -7.829922 5.607283 -13.662477 7.568014 6.878819 3.252812 9.928179 19.523138 -17.102402 12.555770 -9.038162 11.744252 5.509019 -0.112930
18.852087 -3.389073 8.387114 -1.217006 10.960933 -19.204470 42.523518 -2.479911 -12.133508 8.427582 -8.156715 3.944137 -8.372996 -19.263138 40.376167 -1.141136 -7.739226 4.854279 -13.963018 7.529735 6.807443 3.471504 9.644546 19.363041 -17.353556 12.564466 -8.895905 11.371956 5.280280 -0.192922
19.558735 -2.571453 8.937722 -0.472074 11.585766 -17.500544 41.483017 -2.507269 -12.754462 7.966879 -8.683653 3.995840 -7.124131 -19.323605 40.376865 -0.489429 -7.846337 4.017552 -14.499418 7.844085 6.543640 4.255637 8.825449 19.167822 -17.700142 12.474774 -8.064919 10.698956 4.653409 -0.825601
20.560095 -1.988468 8.790111 0.160453 12.328613 -15.506638 39.968311 -3.505091 -13.311910 7.605600 -9.119522 3.920552 -6.155723 -19.111500 39.553246 0.592103 -7.682950 3.252038 -14.537269 8.792074 5.941561 5.058890 7.885238 19.414305 -18.612892 12.097939 -6.647505 9.587601 3.399717 -1.490939
21.574594 -1.122238 7.700273 0.089530 14.078707 -13.306822 37.850338 -4.881874 -13.788312 7.673569 -10.067623 3.756901 -4.889660 -18.253319 39.676029 1.435935 -7.454432 2.962883 -14.572179 9.584300 4.888114 6.774931 6.614292 19.657381 -18.792961 11.254781 -4.367511 9.612253 1.976840 -2.811615
21.235075 0.353668 6.442313 0.857414 16.932323 -10.158850 34.344994 -5.460863 -15.205083 5.980999 -11.886002 3.891541 -2.501107 -17.042419 39.024250 2.265794 -5.672991 0.945751 -14.724332 9.337412 4.842506 8.972112 5.582338 18.643354 -19.301279 10.363433 -2.809648 9.483870 1.211145 -3.414511
19.131521 1.828403 5.725723 0.297503 18.760330 -6.844210 30.696701 -6.541084 -14.958983 4.062094 -12.813694 4.525692 -1.040137 -15.234679 38.119335 3.318334 -4.108689 -0.661442 -13.880449 9.492666 4.363737 10.550082 5.069551 17.662554 -20.145636 9.688697 -1.972362 9.424947 0.720158 -2.999413
9.886206 5.474077 3.249617 -14.604973 12.340837 -7.311777 24.244841 -4.768238 -21.793903 -3.936709 -16.376366 -4.681450 -4.006125 -14.378602 24.600266 14.518337 1.225077 -7.887753 -8.871190 12.536736 5.194457 4.271241 4.615573 6.580401 -20.460377 8.310418 -5.346106 14.636612 2.719194 -3.564634
6.878498 5.134113 2.452168 -17.454027 12.860888 -5.732465 21.280352 -5.403830 -20.858406 -6.277928 -18.085398 -1.690672 -6.706491 -10.455045 23.970585 15.974903 3.640760 -10.044402 -6.893424 11.916155 4.001070 5.524108 4.252405 4.992615 -20.339283 8.306414 -3.468371 15.943143 3.192596 -0.275887
2.454723 4.182427 0.925512 -19.288191 12.634425 -6.471154 20.853916 -5.875316 -20.360003 -7.451380 -18.739794 1.296659 -9.733727 -7.610415 23.449091 17.517612 2.641324 -11.630324 -5.467483 11.816981 2.892867 5.198155 3.227717 4.006457 -21.036572 7.743496 -2.120646 16.734665 3.654513 2.916384
-1.682910 -6.113464 0.126686 -15.619179 13.536693 -9.781728 16.525000 -3.460544 -15.798713 -6.610646 -19.366817 3.207256 -15.120596 -10.667664 17.051119 11.429584 7.451891 -11.064168 -7.336753 11.008110 2.708764 0.084229 2.324013 4.046589 -23.098932 3.661550 -3.082048 17.684015 2.608056 6.387773
-2.890590 -8.154230 1.000657 -16.596809 11.921833 -9.729859 16.252880 -2.967865 -14.272002 -8.486939 -19.383884 3.597710 -18.430408 -9.306605 16.670296 10.406796 8.412286 -10.047714 -6.160219 10.104461 2.094237 -1.259313 0.740324 4.875987 -23.204212 3.540929 -2.192683 17.559277 3.095387 6.819966
-1.101920 -9.836551 0.515406 -18.088882 10.513831 -9.442169 15.543733 -1.782752 -12.768006 -9.428493 -18.613409 3.679227 -21.196285 -8.914508 16.351175 10.627357 8.119953 -7.749804 -4.519969 10.691630 1.000026 -2.017743 -0.285406 5.991461 -23.415485 3.492447 -1.029155 17.745476 3.251964 6.801690
-0.106777 -10.100875 0.809292 -18.687868 9.236033 -10.236502 15.722709 -0.699821 -11.905218 -10.081432 -17.368166 3.165041 -23.095951 -10.097350 15.351428 10.612743 6.736116 -5.829102 -3.910192 10.623758 0.551367 -3.499312 -1.102682 6.858617 -22.880062 3.974685 -0.730937 18.436180 3.905268 6.394108
1.427465 -9.330417 2.676749 -18.558645 8.937068 -10.459496 15.740947 0.867370 -11.129679 -10.134481 -16.184460 2.699522 -24.186726 -11.680781 14.549547 10.421865 4.563604 -3.989905 -4.018872 10.674998 0.453241 -4.795389 -2.123641 7.590243 -21.780956 4.472933 -0.578025 19.148487 4.517241 5.068262
3.209026 -7.802938 4.558003 -18.067568 8.968655 -10.699213 15.863792 2.355076 -10.871255 -9.989979 -15.152618 2.137164 -24.573128 -13.828561 13.719499 10.072713 1.995297 -2.229587 -4.566431 10.616940 0.802702 -5.829276 -3.267380 7.989287 -20.539982 4.902591 -0.561829 19.387306 5.082438 3.809657
4.391910 -6.800713 5.911400 -17.737169 9.248115 -11.605247 16.032747 3.103620 -10.249489 -9.335690 -14.683093 1.496065 -24.296982 -15.494392 13.191360 9.457779 -0.278041 -0.702647 -5.295054 10.336408 1.631570 -6.609780 -3.593015 7.810319 -19.580309 5.473553 -1.233923 19.581539 5.623596 3.197043
5.398286 -5.540251 7.193965 -17.646643 9.768002 -11.561734 15.505756 4.168842 -9.787152 -8.985993 -14.633787 1.184218 -24.160566 -16.152275 12.960362 8.831987 -1.412032 -0.104671 -5.845941 9.681141 2.029694 -7.078030 -3.575335 7.598090 -19.033726 5.818776 -1.696515 19.759619 5.951009 2.987575
5.819707 -4.722606 7.268108 -17.533688 10.247142 -11.312836 14.868484 5.325287 -9.981446 -9.085281 -14.323571 0.801119 -24.228897 -16.741463 12.723702 8.271092 -2.040961 -0.022834 -6.364032 8.532999 2.257861 -7.209638 -3.609773 7.868914 -18.850275 5.826848 -2.196406 19.431118 5.825287 2.343916
5.966361 -4.541932 7.186003 -17.213095 10.279910 -11.141784 14.799831 5.920629 -10.263722 -9.119432 -14.223296 0.682860 -24.437943 -16.905958 12.563370 8.088234 -2.260228 0.051948 -6.410378 8.000352 2.351109 -7.217538 -3.616510 8.014528 -18.791512 5.761063 -2.524310 19.208755 5.679238 1.931748
