-13.573564 -15.246676 2.200486 5.660840 25.928146 1.569124 7.822575 30.503483 -10.125417 -9.241188 -4.700619 -4.541132 -12.378063 -11.400511 1.075060 14.497741 4.419431 -9.780572 -26.638046 -27.021568 9.807238 3.420414 -12.734480 4.114815 -4.808673 5.376137 -24.070805 7.900428 1.104213 -2.965707
-13.578920 -15.386042 2.219697 5.649498 25.849430 1.706457 7.792725 30.764874 -10.103451 -9.327621 -4.696121 -4.485898 -12.386961 -11.517467 0.988334 14.418558 4.230087 -9.873520 -26.759970 -27.156294 9.876060 3.323425 -12.812825 4.132163 -4.826275 5.383158 -24.002260 7.909318 1.249724 -3.122941
-13.626133 -15.834650 2.209603 5.679123 25.628716 1.878924 7.844730 31.141806 -10.079701 -9.537457 -4.613875 -4.302286 -12.459169 -11.782460 0.826575 14.125602 4.044608 -10.099818 -27.012136 -27.250580 10.037157 3.144370 -12.944467 4.145334 -4.835799 5.351148 -23.958225 7.948755 1.504906 -3.532911
-13.488083 -16.364370 2.136026 5.677186 25.206097 1.973583 8.006238 31.581682 -10.079267 -9.918116 -4.525002 -4.117687 -12.714416 -12.013780 0.669617 13.668491 3.957459 -10.201463 -27.222559 -27.328934 10.387794 2.867780 -13.150131 4.200104 -4.881453 5.292855 -23.857887 7.996578 1.929263 -4.172616
-13.071712 -17.011759 1.987002 5.682720 24.724701 2.019409 8.169933 31.887276 -9.995728 -10.286705 -4.485093 -4.051383 -12.975528 -12.401750 0.871712 12.756058 4.169796 -10.031713 -27.474781 -27.419609 10.678487 2.511586 -13.456514 4.212245 -4.996406 5.357444 -23.671427 7.931056 2.457579 -4.857863
-12.030775 -16.832363 1.944599 5.335888 24.433613 1.794111 7.944808 32.229599 -9.802327 -10.621175 -4.402001 -4.151174 -13.437072 -12.805655 1.063880 11.918040 4.317398 -9.426981 -27.541891 -27.534319 10.974854 2.112096 -13.719460 4.451492 -5.076228 5.543789 -23.447760 7.817933 3.051853 -5.814803
-10.818740 -16.298117 1.960281 5.007614 24.353123 1.378912 7.550332 32.487549 -9.600398 -10.864822 -4.359317 -4.348578 -14.022593 -13.132080 1.254277 11.108856 4.348780 -8.486252 -27.464041 -27.737040 11.102928 1.598787 -13.983252 4.774498 -5.113338 6.060637 -23.065250 7.661720 3.801929 -6.823523
-9.309290 -15.837177 1.821539 4.667148 24.052174 0.636086 7.244254 32.755085 -9.486772 -11.344773 -4.444737 -4.521125 -14.548556 -13.430894 1.403940 10.459143 4.338311 -7.694511 -27.251595 -27.937954 11.103818 1.261700 -14.276136 5.143373 -5.525751 6.196520 -22.726418 7.375519 4.274558 -7.861880
-7.954903 -15.413072 1.774405 4.145013 23.914890 -0.080373 6.936046 32.960350 -9.252515 -11.699886 -4.519867 -5.024950 -15.118328 -13.422633 1.747974 10.226125 4.536577 -6.671721 -26.782408 -28.289116 11.008965 1.134815 -14.296936 5.575522 -5.920589 6.365368 -22.311499 7.132014 4.653642 -8.911736
-6.811563 -14.917524 1.900620 3.582208 23.987280 -0.436417 6.512265 33.155972 -8.890882 -11.828148 -4.475901 -5.201175 -15.741073 -13.633512 1.755391 9.940471 4.250144 -5.655774 -26.529568 -28.256935 10.799439 1.047506 -14.352169 5.860924 -6.353421 6.451308 -22.030752 6.942170 4.866930 -9.812566
-5.860486 -14.934413 2.087060 3.290314 23.908340 -0.489624 6.183043 33.448963 -8.294001 -11.818481 -4.501951 -5.027032 -16.337212 -13.900161 1.523816 9.628689 3.719129 -4.993882 -26.282419 -28.106373 10.336428 1.224106 -14.359802 6.018239 -6.907011 6.164075 -21.631916 7.049062 4.805033 -10.530965
-4.974028 -14.854996 2.094095 2.921794 23.956791 -0.691555 5.804468 33.632652 -7.719228 -11.745243 -4.745188 -4.757152 -16.828751 -14.011202 1.385272 8.893597 3.489697 -4.379983 -26.192410 -28.017307 9.557420 1.579477 -14.344071 6.086923 -7.877361 5.647643 -21.361885 6.930285 4.384935 -11.057436
-4.080571 -14.515114 2.111822 2.408334 24.090570 -0.933717 5.409849 33.734444 -7.207733 -11.663595 -5.393945 -4.452671 -17.180349 -13.987167 1.482738 7.682183 3.594137 -3.685075 -26.105890 -28.090658 8.743519 2.173474 -14.216370 6.104452 -8.448015 4.863227 -21.186626 7.245927 3.624329 -11.286533
-3.191023 -14.064001 2.312877 1.803231 24.340273 -0.946889 4.887354 34.062901 -6.595658 -11.545333 -5.866341 -4.203296 -17.473259 -13.830726 1.476139 6.947402 3.530910 -3.205136 -26.028605 -28.213337 7.608049 2.612869 -14.263388 6.072029 -9.210109 4.309231 -20.994963 7.373876 2.897737 -11.640314
-2.354077 -13.549004 2.395602 1.179014 24.640856 -1.022584 4.347960 34.221329 -6.002435 -11.334923 -6.096381 -4.068752 -17.735010 -13.808020 1.489282 6.392325 3.496600 -2.842736 -25.962770 -28.296240 6.693031 3.037788 -14.386354 6.245138 -9.782876 3.777915 -20.724552 7.397550 2.219594 -11.844161
-1.614975 -13.118635 2.505839 0.602786 24.825573 -1.007186 3.898107 34.267086 -5.487326 -11.177224 -6.622419 -3.855489 -17.990982 -13.739293 1.589898 5.556953 3.550266 -2.362051 -25.838713 -28.397800 6.254846 3.197732 -14.410503 6.280757 -9.973130 3.514746 -20.489960 7.558484 2.017447 -11.956345
-0.977623 -12.782183 2.465141 0.237174 25.002949 -1.018045 3.547226 34.260723 -5.174441 -11.024626 -6.933857 -3.809170 -18.019264 -13.716995 1.607826 5.149963 3.510559 -2.175013 -25.916262 -28.539404 5.673227 3.321745 -14.532454 6.378813 -10.159528 3.221467 -20.338642 7.622987 1.666306 -12.070857
-0.533706 -12.524822 2.437166 -0.048145 25.057156 -1.080920 3.347160 34.124554 -4.921767 -10.918987 -7.162187 -3.758230 -18.074606 -13.597760 1.572629 4.874525 3.456338 -1.991182 -25.867327 -28.639935 5.367627 3.385693 -14.613947 6.362099 -10.213778 3.056953 -20.218033 7.719604 1.482775 -11.870695
-0.317660 -12.384014 2.447632 -0.189789 25.063610 -1.107709 3.242017 34.095413 -4.806216 -10.902006 -7.354200 -3.685763 -18.083303 -13.497396 1.559526 4.638301 3.469292 -1.864150 -25.868551 -28.646538 5.156810 3.393165 -14.707391 6.337504 -10.223807 2.964707 -20.127193 7.798576 1.385308 -11.695302
-0.236828 -12.312813 2.445726 -0.253691 25.081547 -1.103303 3.190976 34.086674 -4.765355 -10.883925 -7.440316 -3.658566 -18.060324 -13.465396 1.574065 4.542493 3.474923 -1.811326 -25.848406 -28.626244 5.058321 3.400327 -14.743052 6.297696 -10.245034 2.906544 -20.102364 7.819430 1.329341 -11.599995
-0.643355 -12.492158 2.777070 -0.217012 24.817051 -1.108832 3.411289 34.064648 -4.715922 -11.055437 -7.228333 -3.639860 -18.375095 -13.459748 1.411741 4.863967 3.276670 -1.771854 -25.698021 -28.688501 5.264497 3.269132 -14.821205 6.469946 -10.195500 3.111477 -20.164629 7.632635 1.470053 -11.781996
-1.781561 -12.964664 3.735961 -0.135480 24.058079 -1.161801 4.060501 33.920223 -4.578856 -11.528258 -6.719255 -3.594163 -19.247871 -13.253522 0.940616 5.810304 2.818944 -1.672840 -25.203606 -28.909813 5.647836 2.868455 -15.236959 6.961491 -9.972470 3.584649 -20.044342 7.298123 1.869347 -11.919246
-3.710332 -13.782011 5.456666 -0.034393 22.785059 -0.741448 5.203724 33.293358 -4.340689 -12.223280 -5.779932 -3.465633 -20.649979 -13.170581 0.093313 7.308309 1.904288 -1.407198 -24.466913 -28.811367 6.540662 1.860076 -15.960772 7.622826 -9.071086 4.661113 -20.042877 6.813047 2.733525 -11.708256
-6.075184 -14.790838 7.885825 -0.303122 21.225029 -0.034045 6.700311 31.944984 -3.704678 -12.882788 -4.866607 -3.295502 -22.180532 -12.684908 -0.919846 9.706522 0.822556 -1.027255 -23.276505 -28.413986 7.938315 0.095073 -17.092014 9.135223 -7.003716 6.690450 -19.568441 6.388764 4.436666 -11.529481
-7.036194 -16.919313 9.593815 -0.802181 19.294834 0.350262 8.403329 30.019711 -2.719036 -13.532606 -3.703688 -2.447505 -24.060184 -12.817004 -2.191963 11.639526 -0.725722 -0.064052 -22.324286 -26.678312 8.000643 -1.304706 -18.830671 10.699929 -4.498975 7.881959 -18.827065 6.543617 4.855114 -10.363342
-6.913181 -20.716871 9.934311 -1.068115 16.992079 0.429219 10.038746 28.554852 -1.148842 -13.813044 -2.990584 -0.443435 -25.585407 -14.115759 -3.760887 11.607933 -2.754516 0.452303 -22.363962 -24.040342 6.522719 -1.353180 -20.003323 11.461710 -2.912555 7.544245 -18.049410 7.369431 3.491569 -7.437826
-5.525518 -21.432257 10.346663 -1.405592 16.087322 -0.923861 10.523489 27.609652 0.036107 -13.461916 -2.821423 0.203171 -26.558788 -15.321560 -4.091905 11.190621 -4.226931 2.160829 -21.819134 -22.358292 4.002334 -0.631183 -20.430880 12.409076 -3.095668 7.590035 -17.286770 6.810871 1.511822 -4.488289
-3.834958 -22.971598 9.553402 -2.514324 14.603952 -1.580670 10.646205 26.010416 1.230957 -14.015951 -2.965497 2.687929 -28.689907 -17.680750 -4.413888 8.510988 -4.913881 3.140875 -21.186403 -19.392429 1.992207 0.916779 -19.814129 13.565327 -3.852066 7.964396 -17.031816 5.804648 -0.462762 -2.967661
-1.132268 -23.217321 9.553453 -4.459669 11.977821 -0.466903 10.987615 24.688292 0.796541 -16.572893 -3.392142 4.662541 -31.792097 -17.749023 -4.591931 8.037651 -4.835277 3.790212 -18.151552 -18.095177 0.571395 2.407050 -18.812407 13.996844 -5.750202 8.175341 -15.743251 5.634095 -0.907565 -3.102937
0.133339 -23.730608 9.609647 -6.842709 9.578585 0.248039 11.936106 22.474583 0.924941 -18.217272 -4.574357 6.820546 -34.690170 -16.613089 -5.085854 8.538836 -4.489030 5.045940 -15.233743 -15.782955 0.218578 2.973755 -18.384880 14.171052 -6.741096 8.614812 -14.082785 6.017944 -0.242947 -3.386738
0.790751 -24.650526 8.947286 -10.301928 8.074935 0.450158 12.849820 20.324738 2.214336 -18.786636 -5.818379 7.828164 -36.928795 -15.269834 -5.803556 9.717516 -5.155287 7.014996 -12.501826 -14.524586 -0.827873 2.500293 -19.659342 12.888949 -6.641896 8.283053 -11.973683 7.978284 0.477419 -2.146098
1.541767 -24.938616 8.248005 -13.276497 7.738985 0.386717 13.427788 18.275675 3.373821 -18.555168 -7.996486 8.534286 -38.422367 -13.497987 -5.252215 9.944435 -4.262112 9.542278 -9.557397 -12.481627 -1.941999 1.608024 -21.411240 11.874872 -6.662605 7.909626 -9.268554 10.101758 1.728897 -1.515218
1.792552 -24.720608 8.810003 -15.262436 6.941543 0.124839 14.307018 15.725067 3.971577 -18.720482 -10.605512 9.111548 -38.328140 -11.271089 -3.729194 9.757550 -1.332095 10.452534 -7.525823 -10.348461 -3.394480 1.003752 -22.994150 10.307991 -6.999213 6.658428 -7.533370 11.968261 2.238544 -0.866586
2.779649 -24.305456 8.686746 -15.944027 6.909436 -0.504077 14.514129 13.770753 3.837858 -18.690210 -13.396605 9.451556 -37.509766 -8.976454 -2.111371 9.933274 1.849111 10.315972 -5.483201 -8.783346 -4.226422 1.281945 -23.142900 9.138820 -7.977536 5.519018 -6.961741 12.543375 2.107527 -0.629106
2.387349 -23.531836 7.914855 -16.085125 7.570848 -1.091679 14.304956 12.332136 3.392405 -18.416225 -15.152599 8.962584 -36.657784 -7.116470 -0.736317 9.594511 4.411634 9.997260 -4.359708 -9.119663 -5.072382 2.034233 -22.593788 8.647994 -9.307881 5.215618 -6.723541 12.100115 1.631366 -0.178355
1.935323 -22.830698 7.130743 -16.311253 8.360032 -1.126408 14.012584 11.060580 2.957536 -17.983015 -16.471806 8.375836 -35.594753 -5.739236 0.477502 9.224233 6.430826 9.856301 -3.924750 -9.291600 -5.559125 2.698605 -21.705481 8.076150 -10.248624 4.997376 -6.407671 12.307449 1.598780 -0.050310
1.913419 -22.146070 6.488190 -16.900747 9.105350 -1.065019 13.428520 9.747774 3.076590 -17.537600 -17.243801 8.088801 -34.770977 -4.812356 1.378297 9.443116 7.835001 9.533444 -3.593186 -9.048693 -6.023838 3.168668 -21.293432 7.761159 -10.842349 4.702752 -5.798599 12.741466 1.584899 0.124619
1.809448 -21.817612 5.666616 -17.257450 9.595739 -1.091303 13.011537 9.012486 3.006423 -17.292030 -17.611279 8.058394 -34.282425 -4.418835 1.713200 9.642660 8.256757 9.401276 -3.488096 -8.823894 -5.924601 3.353466 -20.941740 7.087140 -11.121746 4.428386 -5.732006 13.238556 1.760973 0.137246
1.908503 -21.645388 5.348156 -17.488628 9.800204 -1.159381 12.791525 8.538568 3.055549 -17.191656 -17.831726 8.075913 -33.971844 -4.165702 1.980809 9.654545 8.538765 9.362612 -3.439951 -8.670446 -5.906234 3.553776 -20.607792 7.104952 -11.103562 4.409852 -5.397583 13.608556 1.875238 0.136402
1.896118 -21.627295 5.248448 -17.507034 9.877660 -1.135363 12.724592 8.389685 3.040253 -17.143063 -17.900080 8.080705 -33.833138 -4.091312 2.096616 9.616261 8.674652 9.327673 -3.450959 -8.608630 -5.954777 3.642315 -20.486002 7.088155 -11.113029 4.377824 -5.287441 13.738461 1.855650 0.218033
1.898970 -21.621607 5.235790 -17.505621 9.906100 -1.146022 12.709321 8.343643 3.049909 -17.117498 -17.909527 8.082565 -33.779678 -4.100213 2.111337 9.632157 8.662112 9.313766 -3.466082 -8.576694 -5.942774 3.646519 -20.462229 7.032036 -11.121990 4.368708 -5.334602 13.749913 1.854755 0.226172
1.919988 -21.587271 5.216838 -17.526602 9.945819 -1.153955 12.669847 8.270802 3.063080 -17.101091 -17.925861 8.097918 -33.756878 -4.110415 2.122074 9.648874 8.634968 9.340072 -3.458536 -8.520199 -5.928045 3.678374 -20.414413 6.949284 -11.150607 4.323951 -5.314694 13.837014 1.867251 0.261200
1.896791 -21.617033 5.128333 -17.549019 10.009433 -1.162307 12.622327 8.125061 3.078848 -17.055288 -17.967197 8.129069 -33.664291 -4.087286 2.189637 9.642323 8.697373 9.317975 -3.472763 -8.431793 -5.979559 3.663223 -20.476870 6.807743 -11.123296 4.271111 -5.321611 13.919976 1.835133 0.335937
1.899600 -21.575666 5.001931 -17.540220 10.127112 -1.151193 12.550979 7.907584 3.023286 -16.994314 -18.074806 8.162848 -33.490944 -3.998281 2.357097 9.643021 8.920703 9.192653 -3.437582 -8.345718 -6.007375 3.681074 -20.489416 6.647726 -11.034351 4.187284 -5.294099 14.094565 1.781405 0.438018
1.950807 -21.493553 4.871687 -17.524647 10.268235 -1.160157 12.473420 7.708883 2.951401 -16.928804 -18.146976 8.189450 -33.307613 -3.935135 2.471369 9.674306 9.041797 9.133822 -3.440093 -8.204092 -6.045418 3.683056 -20.518066 6.562778 -10.916276 4.152678 -5.148139 14.316504 1.790086 0.598510
1.929048 -21.453665 4.678041 -17.458275 10.459985 -1.192239 12.408991 7.500401 2.827086 -16.831938 -18.224539 8.227316 -33.119797 -3.880144 2.586471 9.701270 9.128767 9.105115 -3.438951 -8.030349 -6.005050 3.677647 -20.505949 6.071220 -10.924920 3.929852 -5.222729 14.589624 1.822324 0.796288
1.959030 -21.402775 4.561003 -17.460161 10.625655 -1.276011 12.333554 7.253582 2.812091 -16.741493 -18.363064 8.311927 -32.856537 -3.782956 2.721488 9.717106 9.275380 9.007445 -3.449149 -7.810760 -5.886020 3.854460 -20.247969 5.589194 -10.908527 3.740142 -5.230687 14.981691 1.836085 1.164529
1.969763 -21.366579 4.502166 -17.460447 10.760726 -1.361852 12.298519 6.979890 2.838394 -16.634056 -18.496407 8.411336 -32.466019 -3.755639 2.862149 9.763290 9.399487 8.849833 -3.510877 -7.501504 -5.736307 4.012868 -20.017727 5.087284 -10.904428 3.528088 -5.133499 15.449505 1.926678 1.636425
1.942315 -21.346138 4.433115 -17.370432 10.863638 -1.415470 12.304589 6.747498 2.795740 -16.534756 -18.558380 8.503940 -32.248718 -3.720002 2.908793 9.817331 9.444327 8.814808 -3.552182 -7.197791 -5.639322 4.200790 -19.724413 4.621390 -10.986794 3.289267 -5.228290 15.756718 1.902521 1.896440
1.897740 -21.320370 4.444775 -17.263733 10.988510 -1.526724 12.354103 6.452314 2.798315 -16.383909 -18.572828 8.595611 -31.985130 -3.744107 3.018645 9.771088 9.581954 8.706578 -3.615876 -6.900511 -5.547256 4.421169 -19.433920 4.216583 -11.159403 3.046066 -5.277498 16.003944 1.898987 2.155236
1.834953 -21.257044 4.452108 -17.096727 11.111838 -1.609126 12.435879 6.170240 2.713386 -16.223570 -18.582115 8.729288 -31.794024 -3.757656 3.081202 9.917809 9.645627 8.616910 -3.584479 -6.434047 -5.510162 4.522305 -19.270590 3.931901 -11.352828 2.872536 -5.554375 15.923709 1.828071 2.081539
1.790100 -21.239771 4.494596 -16.983549 11.158868 -1.651632 12.524426 5.918293 2.670981 -16.110453 -18.643002 8.815953 -31.550833 -3.751540 3.168016 9.963720 9.743640 8.473517 -3.586030 -6.173583 -5.498787 4.719583 -18.981829 3.512587 -11.574998 2.643330 -5.693386 16.051424 1.776137 2.283257
1.739931 -21.225790 4.398167 -16.862608 11.277904 -1.703032 12.572749 5.696884 2.530928 -15.982567 -18.700321 8.876096 -31.358150 -3.764165 3.298372 9.925554 9.952731 8.215554 -3.588938 -6.136582 -5.538285 4.685500 -18.934160 3.353035 -11.760051 2.650043 -5.943860 15.918324 1.773600 2.227934
1.666726 -21.214567 4.179638 -16.693300 11.391622 -1.736166 12.605085 5.566625 2.333993 -15.850556 -18.759974 8.918178 -31.179464 -3.744838 3.408834 9.913714 10.139634 7.988944 -3.579875 -6.080637 -5.568083 4.684780 -18.885599 3.290281 -11.807746 2.664267 -6.025439 15.899199 1.768499 2.263426
1.567507 -21.212118 3.938673 -16.501310 11.473077 -1.750613 12.638649 5.513374 2.167309 -15.702597 -18.851055 8.906606 -30.972191 -3.730054 3.517537 9.879280 10.335819 7.693578 -3.578034 -6.214583 -5.580452 4.636606 -18.778360 3.142498 -11.836879 2.750041 -6.338780 15.773829 1.736099 2.205738
1.460789 -21.234713 3.700541 -16.347347 11.522947 -1.767080 12.689353 5.470644 2.008579 -15.600023 -18.920450 8.887727 -30.798016 -3.717871 3.579166 9.900626 10.453919 7.487303 -3.579808 -6.274696 -5.583632 4.583006 -18.729870 3.047255 -11.878140 2.797117 -6.629992 15.608294 1.695306 2.076691
1.318707 -21.297178 3.385745 -16.140337 11.574403 -1.741393 12.743824 5.519782 1.775822 -15.507561 -18.978249 8.797278 -30.581097 -3.672608 3.675381 9.851513 10.671746 7.236109 -3.616176 -6.448323 -5.580012 4.536045 -18.676874 2.953297 -11.881573 2.852187 -6.851436 15.508135 1.672112 1.997750
1.247015 -21.335745 3.233009 -16.045712 11.586137 -1.702577 12.754803 5.558565 1.680969 -15.462811 -18.996727 8.742665 -30.440269 -3.671135 3.737526 9.819014 10.794341 7.096394 -3.652275 -6.532532 -5.586996 4.502058 -18.678905 2.936590 -11.894221 2.874002 -6.981909 15.410144 1.644475 1.906045
1.194608 -21.362230 3.149846 -15.973669 11.607917 -1.696041 12.767954 5.539003 1.637326 -15.413284 -19.005617 8.716421 -30.357239 -3.670656 3.772954 9.810718 10.863239 7.017489 -3.671400 -6.562663 -5.586833 4.471216 -18.665724 2.896685 -11.894357 2.902260 -7.095416 15.351133 1.631828 1.849113
1.176778 -21.371176 3.140704 -15.962288 11.606238 -1.689525 12.774776 5.533492 1.628684 -15.408712 -19.007996 8.714490 -30.347992 -3.668107 3.779044 9.809401 10.879656 7.001442 -3.667576 -6.567396 -5.587138 4.471265 -18.670488 2.899837 -11.899935 2.898223 -7.097068 15.342852 1.631325 1.844856
1.183848 -21.371088 3.117778 -15.963938 11.604608 -1.687272 12.768222 5.557088 1.615280 -15.416636 -19.007347 8.710490 -30.352964 -3.666477 3.776088 9.807347 10.876198 7.003828 -3.669713 -6.580596 -5.588829 4.465445 -18.668543 2.895983 -11.900250 2.903214 -7.117746 15.329705 1.626650 1.829690
1.203979 -21.376707 3.094362 -15.995241 11.577081 -1.664920 12.755711 5.635356 1.591737 -15.467116 -19.004509 8.719630 -30.418648 -3.663936 3.753800 9.797171 10.842303 7.046553 -3.653710 -6.602695 -5.590713 4.471210 -18.685711 2.922721 -11.905362 2.888456 -7.092437 15.322557 1.622358 1.818512
1.233440 -21.371759 3.086269 -16.031565 11.545998 -1.649442 12.738273 5.704668 1.578408 -15.522118 -19.002998 8.723126 -30.483191 -3.658463 3.732555 9.778522 10.800841 7.102408 -3.646062 -6.630121 -5.593163 4.480812 -18.703897 2.962027 -11.916616 2.871470 -7.058166 15.313910 1.619280 1.805328
1.260663 -21.390430 3.074473 -16.080709 11.496805 -1.603854 12.717243 5.843792 1.546009 -15.615432 -19.002436 8.726567 -30.573582 -3.649426 3.706724 9.743357 10.765518 7.164712 -3.630342 -6.685559 -5.599389 4.475169 -18.741987 2.999917 -11.934154 2.851024 -7.048314 15.279724 1.611549 1.761953
1.287179 -21.420263 3.059269 -16.112965 11.467646 -1.550023 12.671726 6.010445 1.543270 -15.683929 -19.008249 8.725469 -30.629091 -3.636817 3.686537 9.706606 10.734241 7.212812 -3.618047 -6.749100 -5.608047 4.474515 -18.841772 3.111099 -11.955848 2.796991 -6.963126 15.243771 1.600798 1.691323
1.331936 -21.477957 3.053282 -16.151163 11.437356 -1.473604 12.612621 6.171335 1.555237 -15.760863 -19.000334 8.733686 -30.736393 -3.629524 3.658638 9.678931 10.693546 7.285516 -3.598640 -6.789543 -5.612849 4.480531 -18.915033 3.205466 -11.975572 2.755087 -6.898304 15.205589 1.583035 1.626404
1.354597 -21.562983 3.049825 -16.186867 11.364708 -1.420601 12.595605 6.300788 1.562343 -15.862738 -19.003693 8.715495 -30.835617 -3.611006 3.646125 9.627876 10.709752 7.316892 -3.598851 -6.901042 -5.619575 4.483054 -18.971951 3.285475 -11.997600 2.726784 -6.851373 15.153675 1.568536 1.550811
1.226836 -21.755884 2.956605 -16.193272 11.275071 -1.296465 12.618788 6.523590 1.478992 -16.010956 -18.991047 8.683106 -31.012762 -3.573110 3.584230 9.624171 10.669499 7.389363 -3.574876 -7.050389 -5.525844 4.454823 -18.980730 3.302098 -11.994892 2.737300 -6.955753 15.064453 1.585776 1.384863
1.132893 -21.997803 2.999887 -16.339779 11.092837 -1.109922 12.596974 6.821699 1.552616 -16.253134 -18.973206 8.619536 -31.259953 -3.479429 3.509141 9.658212 10.638557 7.465092 -3.482190 -7.264561 -5.454504 4.437732 -19.002409 3.334121 -12.006564 2.732734 -7.027271 14.983774 1.592626 1.250329
1.015951 -22.308506 3.083213 -16.492859 10.808634 -0.796976 12.613834 7.215347 1.595397 -16.587317 -18.926308 8.518557 -31.542004 -3.442559 3.412020 9.773789 10.485152 7.650030 -3.416818 -7.449091 -5.374516 4.358403 -19.097496 3.396856 -11.954978 2.749979 -7.120163 14.901226 1.619795 1.050724
0.830188 -22.635229 3.126816 -16.607149 10.567904 -0.489420 12.670826 7.607740 1.612635 -16.845461 -18.820454 8.361701 -31.813694 -3.423363 3.328279 9.909399 10.404322 7.702024 -3.355196 -7.761047 -5.302136 4.288196 -19.118189 3.394063 -11.907258 2.798481 -7.278349 14.816639 1.639756 0.886599
0.596136 -22.887976 3.183119 -16.676302 10.280498 -0.178558 12.790216 8.041265 1.552184 -17.127592 -18.611534 8.227160 -32.181606 -3.464049 3.174886 10.080394 10.200265 7.816494 -3.260851 -8.037854 -5.182486 4.149275 -19.237715 3.458868 -11.793428 2.866635 -7.447668 14.717917 1.695572 0.620181
0.459851 -23.264961 3.345597 -16.776197 9.865882 0.241408 12.920162 8.521381 1.635253 -17.409349 -18.452915 8.116657 -32.660515 -3.387231 3.019600 10.206984 10.063546 7.928920 -3.142226 -8.406754 -5.030342 3.908128 -19.441477 3.629413 -11.569261 3.044614 -7.631440 14.594069 1.802365 0.301930
0.296700 -23.762033 3.725102 -16.674044 9.463406 0.570534 13.173331 8.981329 1.760848 -17.648041 -18.237312 8.014550 -33.026955 -3.408257 2.839732 10.439754 9.854578 7.975937 -3.032101 -8.636805 -4.868693 3.617117 -19.608252 3.687503 -11.306569 3.286740 -7.969329 14.459471 1.914711 -0.049830
0.294599 -25.806406 5.455523 -6.776867 20.306087 0.214668 8.372869 17.755188 5.947678 -4.271563 -11.111636 2.010540 -24.784065 -14.423905 -4.241054 4.019691 3.065448 9.506400 -19.924667 -6.639581 3.333849 5.059343 -13.002707 13.527114 -8.292590 4.790878 -11.434319 9.927373 0.050137 -0.121418
0.325931 -25.834066 5.591897 -6.383006 20.084236 0.597581 8.392895 18.398361 5.699014 -4.516652 -10.543590 1.904254 -24.968603 -14.895492 -4.482665 4.499148 2.651841 9.045845 -20.055845 -7.038754 3.721330 4.715951 -13.062606 13.501418 -7.930224 5.101220 -11.982097 9.759249 0.253205 -0.578317
0.380814 -25.822195 5.561302 -5.617629 20.034492 0.697640 8.547043 18.711292 5.220368 -4.532336 -9.870457 1.795935 -25.178982 -15.252458 -4.729304 5.076794 2.217426 8.727696 -19.965885 -7.261342 4.039646 4.514886 -13.021015 13.447669 -7.678258 5.305544 -12.438130 9.656765 0.380607 -0.889897
0.725927 -25.617352 5.299762 -5.033502 20.033710 0.835391 8.492588 19.316376 4.745539 -4.666660 -9.099046 1.607996 -25.206987 -15.592702 -4.901397 5.642522 1.859197 8.286696 -19.940969 -7.549042 4.398097 4.374733 -12.845308 13.299668 -7.387878 5.484509 -13.018518 9.588221 0.451062 -1.183060
1.540641 -25.179560 4.832500 -4.360126 20.282555 0.634368 8.359356 19.928541 4.177867 -4.647158 -8.513952 1.264966 -24.740803 -15.833023 -4.798949 5.947192 1.763114 7.770717 -20.077105 -7.859866 4.780941 4.270765 -12.607059 13.046992 -7.095293 5.600274 -13.745597 9.491958 0.445722 -1.471061
2.375837 -21.975100 5.873765 -3.072285 21.208820 -0.301892 8.456146 19.727886 3.129843 -6.340598 -8.706202 1.065620 -23.084484 -10.808595 -0.180058 8.863177 1.860093 7.562860 -18.938274 -11.763842 6.812447 5.849777 -13.765355 11.786692 -5.623713 3.703519 -14.093947 10.142855 0.911137 -2.073263
3.016782 -20.368742 6.057204 -2.700970 21.496300 -1.130481 8.365150 19.957573 2.198668 -6.821464 -8.289858 0.264158 -22.446842 -10.437018 0.732940 9.319472 2.112426 7.293438 -18.843367 -12.479180 7.517871 6.024484 -13.579415 11.191065 -5.434999 2.840690 -14.550979 10.482898 0.894669 -2.074170
3.036968 -19.817463 5.710749 -2.278144 21.858904 -1.466394 8.482254 20.325064 1.466905 -7.064180 -8.276732 -0.035269 -21.811455 -10.580083 0.915671 9.078074 2.350309 6.970072 -19.373152 -13.227697 7.985878 6.524098 -13.151304 10.872998 -5.413265 2.590203 -15.525084 10.129396 0.400774 -2.238165
2.387299 -19.557476 5.225715 -1.944579 22.396107 -1.760601 8.434033 20.197971 1.074520 -6.674215 -8.605448 -0.376579 -21.021420 -10.452859 1.400180 8.411352 2.994286 6.660928 -19.967434 -13.784370 8.230824 6.846640 -12.618399 10.548164 -5.565268 2.256199 -16.136789 10.103370 0.036119 -2.432290
1.528387 -19.438135 4.568445 -1.548653 22.880726 -2.005141 8.395311 19.789736 0.702812 -6.190094 -9.067533 -0.517150 -20.373966 -10.135893 1.911361 7.747846 3.660713 6.559339 -20.513521 -13.906424 8.442262 7.199913 -12.136370 10.166037 -5.689376 1.941180 -16.664034 10.079895 -0.296734 -2.491052
0.569667 -19.444218 4.089707 -1.225857 23.187080 -2.272020 8.488811 19.236225 0.368981 -5.869676 -9.754211 -0.539322 -19.487423 -9.794692 2.443932 7.165941 4.507671 6.274886 -20.943787 -13.780946 8.541270 7.591884 -11.759021 9.835112 -5.902894 1.552791 -16.921268 10.075928 -0.642370 -2.342794
-0.423001 -19.635592 3.783415 -0.877473 23.506130 -2.520993 8.731066 18.627148 -0.050796 -5.670346 -10.293638 -0.460110 -19.109535 -9.550740 2.676844 6.819330 5.014814 6.231886 -21.101652 -13.540726 8.638945 8.037294 -11.325769 9.399006 -6.156908 1.133790 -17.171169 10.069363 -1.006479 -1.982265
-1.575704 -20.087934 3.777729 -0.631610 23.600529 -2.847015 9.132900 17.740911 -0.258766 -5.553269 -10.870421 -0.379546 -18.375950 -9.220855 3.047676 6.703045 5.640991 5.877281 -21.206434 -13.185796 8.612946 8.408068 -10.963159 9.044620 -6.466689 0.772266 -17.274704 10.051670 -1.305907 -1.598589
-2.928431 -20.586283 3.702139 -0.142485 23.516842 -3.191646 9.694839 16.675894 -0.655990 -5.510767 -11.465297 -0.260864 -17.640043 -8.866765 3.396298 6.761432 6.226822 5.505188 -21.189360 -12.703270 8.544408 8.654269 -10.739048 8.756083 -6.738927 0.512199 -17.298132 10.027702 -1.488265 -1.206109
-4.012744 -21.149889 3.759668 0.191299 23.350107 -3.485382 10.249493 15.633341 -0.882555 -5.485906 -12.106627 -0.206020 -16.809534 -8.497077 3.786932 6.805493 6.952724 5.167789 -21.192823 -12.184544 8.559816 8.863613 -10.421547 8.349483 -7.012124 0.435769 -17.410551 9.964406 -1.570207 -0.588618
-4.939049 -21.656082 3.775875 0.496908 23.223499 -3.666785 10.746723 14.788315 -1.151566 -5.498252 -12.591149 -0.168664 -16.069225 -8.168734 4.175876 6.788039 7.531603 4.864194 -21.257582 -11.831206 8.632174 9.015567 -10.043839 7.872213 -7.271852 0.424551 -17.593750 9.950157 -1.574479 0.062972
-5.735395 -21.859652 3.399882 0.682308 23.256310 -3.767048 10.991087 13.956919 -1.461785 -5.331376 -13.000860 -0.068867 -15.401525 -7.924064 4.561096 6.740170 8.111225 4.554033 -21.282478 -11.370887 8.773571 9.198785 -9.522430 7.373596 -7.512125 0.487288 -17.741901 9.945824 -1.511057 0.948404
-6.428641 -21.902901 2.775119 0.856923 23.513653 -3.866538 11.140848 13.198864 -1.888119 -5.025219 -13.213791 0.028791 -14.762115 -7.855556 4.826366 6.802528 8.568919 4.067076 -21.432718 -11.000481 8.954659 9.412074 -8.973106 6.874318 -7.782966 0.553604 -17.919184 9.940459 -1.455810 1.840890
-7.068616 -21.812834 1.962457 0.996728 23.925531 -3.966486 11.233032 12.487285 -2.425298 -4.668812 -13.401770 0.138778 -13.913608 -7.812840 5.195799 6.877448 9.208061 3.368230 -21.555382 -10.493313 9.107306 9.553647 -8.561754 6.465213 -7.978771 0.610405 -18.081305 9.937306 -1.401501 2.532327
-7.529101 -21.657618 1.178032 1.055275 24.349895 -4.062212 11.248611 11.849239 -2.847722 -4.286941 -13.521284 0.134098 -12.892228 -7.821804 5.678006 6.835143 9.984940 2.464258 -21.869905 -10.210129 9.229382 9.700534 -8.198818 6.177790 -8.150696 0.651203 -18.201761 9.914922 -1.391909 3.137116
-7.961089 -21.530447 0.471039 1.237287 24.738485 -4.103174 11.239292 11.488897 -3.328121 -4.013589 -13.522156 0.111916 -12.225917 -7.846966 5.994216 6.849636 10.484612 1.825858 -22.034647 -10.046622 9.335170 9.834998 -7.904714 5.988964 -8.295891 0.694338 -18.274353 9.895129 -1.380535 3.619400
-8.176655 -21.396027 -0.171890 1.432133 25.073734 -4.100863 11.193960 11.311584 -3.760296 -3.801149 -13.535920 0.109080 -11.735794 -7.874272 6.220874 6.864667 10.847493 1.379868 -22.165766 -9.897636 9.436474 9.965817 -7.605797 5.792909 -8.438371 0.726529 -18.364122 9.882896 -1.375797 4.071811
-8.264730 -21.273386 -0.598915 1.536902 25.281517 -4.102264 11.145905 11.153139 -4.012984 -3.637430 -13.539696 0.098757 -11.307274 -7.897793 6.433722 6.876060 11.193612 0.994776 -22.304989 -9.773350 9.513406 10.039367 -7.410575 5.649414 -8.522798 0.761484 -18.434574 9.883249 -1.356270 4.358091
-8.285129 -21.187185 -0.843771 1.609924 25.402996 -4.109012 11.090573 11.099247 -4.155207 -3.563793 -13.560147 0.108367 -11.049895 -7.903100 6.592363 6.884032 11.454818 0.781166 -22.360207 -9.639872 9.548651 10.064576 -7.330358 5.585461 -8.551899 0.790981 -18.462063 9.880683 -1.332597 4.478187
-8.304958 -21.147249 -0.957083 1.658935 25.465439 -4.104639 11.071715 11.092993 -4.228687 -3.517873 -13.560407 0.113500 -10.966901 -7.902914 6.624402 6.879336 11.510528 0.714874 -22.366110 -9.596109 9.553545 10.100202 -7.286612 5.602343 -8.581885 0.784322 -18.432495 9.881749 -1.337982 4.555685
-8.281704 -21.126554 -0.989712 1.666017 25.476631 -4.103949 11.058779 11.094482 -4.238797 -3.503222 -13.564063 0.121415 -10.946037 -7.896361 6.642405 6.872449 11.547317 0.713686 -22.358513 -9.550012 9.565269 10.102027 -7.267186 5.586909 -8.590798 0.794038 -18.446451 9.880195 -1.331491 4.579047
