11.535442 -6.252197 7.830572 -6.346082 11.631909 -6.195191 24.201347 5.308651 -9.013429 -12.942492 -11.081921 -1.849046 -12.141675 -12.564267 7.592055 5.454314 4.740308 11.516572 -21.425646 -2.921667 3.750023 10.334853 -1.020077 9.049212 -12.826120 10.357074 -8.943757 13.658005 6.581888 -6.011105
11.662956 -6.183424 7.952256 -6.209816 11.685235 -6.138490 24.291431 5.283808 -9.065842 -12.844395 -10.991864 -1.938030 -11.951329 -12.683389 7.721375 5.492381 4.650253 11.589296 -21.489029 -2.759417 3.787004 10.408811 -0.908051 9.066185 -12.804979 10.359045 -9.015986 13.662718 6.544584 -6.109913
11.913677 -6.013181 8.170630 -5.976451 11.803090 -6.000653 24.374723 5.200883 -9.148963 -12.641242 -10.940784 -2.070200 -11.586614 -12.838584 7.876072 5.507128 4.598718 11.652423 -21.588549 -2.509593 3.845386 10.532910 -0.713417 9.059600 -12.792006 10.359007 -9.153349 13.654004 6.468371 -6.243794
12.358850 -5.735474 8.499480 -5.604617 11.977066 -5.814423 24.435879 5.059061 -9.252587 -12.365919 -10.969110 -2.184357 -11.025285 -12.980441 8.074347 5.579078 4.605471 11.645267 -21.702190 -2.160489 3.941179 10.710323 -0.446323 9.067430 -12.784289 10.361570 -9.343617 13.617936 6.357328 -6.453753
13.088902 -5.483933 8.902159 -5.184975 12.074931 -5.511629 24.532017 4.725410 -9.299843 -12.032576 -11.028723 -2.173019 -10.444922 -13.032502 8.254420 5.891539 4.522512 11.592589 -21.730898 -1.645031 4.040908 10.957107 -0.099869 9.018617 -12.770263 10.364823 -9.558103 13.581652 6.238146 -6.621253
13.909422 -5.112456 9.164407 -4.846573 12.361348 -5.119101 24.440945 4.140254 -9.295203 -11.662216 -11.113920 -2.206326 -9.734860 -13.088120 8.460992 6.134248 4.533439 11.572158 -21.748018 -0.946961 4.182267 11.313210 0.412785 8.976304 -12.856956 10.389276 -9.782540 13.447035 6.059398 -6.734242
14.557828 -4.800977 9.161294 -4.613871 12.661849 -4.861465 24.246561 3.414585 -9.326217 -11.331376 -11.280566 -2.145760 -8.997128 -13.203832 8.466387 6.499319 4.324578 11.553384 -21.768160 -0.248664 4.336481 11.677190 0.854194 8.907316 -13.052233 10.414626 -9.966465 13.223545 5.872798 -6.888295
14.984996 -4.558782 8.791736 -4.587485 13.089126 -4.582663 24.043701 2.537069 -9.372406 -10.964294 -11.498555 -2.178615 -8.085031 -13.405765 8.474916 6.853625 4.242131 11.416381 -21.841967 0.558854 4.483953 11.978253 1.237769 8.834888 -13.295983 10.437099 -10.079150 12.971049 5.727105 -6.901602
15.103786 -4.299110 8.131404 -4.802858 13.822120 -4.302014 23.754553 1.492450 -9.447449 -10.560191 -11.774980 -2.171607 -7.256044 -13.614946 8.449416 7.095501 4.103452 11.254478 -21.970095 1.128858 4.589293 12.407071 1.720788 8.624127 -13.646622 10.340550 -10.146383 12.747304 5.559240 -6.796859
15.188812 -4.130804 7.521273 -4.980169 14.414774 -4.275596 23.503540 0.694532 -9.502368 -10.194167 -12.081734 -2.304110 -6.476538 -13.769111 8.523243 7.158573 4.237535 10.924456 -22.182291 1.276989 4.630093 12.976802 2.080502 8.442348 -14.011363 10.196536 -10.109241 12.622958 5.341951 -6.728523
14.927703 -3.976805 6.988650 -5.152304 14.890982 -4.305206 23.237185 0.021391 -9.668368 -9.942200 -12.329044 -2.473585 -5.761773 -13.735326 8.744103 7.206521 4.712460 10.150676 -22.454662 1.141969 4.648156 13.512363 2.272888 8.193007 -14.392425 10.059493 -10.016442 12.553216 5.155761 -6.608165
14.736116 -3.806644 6.626529 -5.061101 15.348845 -4.209883 23.060944 -0.660415 -9.905978 -9.784308 -12.750820 -2.636092 -5.182201 -13.552690 8.928932 7.130866 5.314731 9.471301 -22.704325 0.781002 4.635527 13.942588 2.456398 7.896399 -14.726501 9.902379 -9.960638 12.590355 5.024499 -6.340482
14.636232 -3.779154 6.381853 -4.829503 15.655921 -3.965966 22.993256 -1.348950 -10.191146 -9.668070 -13.080864 -2.711798 -4.735072 -13.230796 9.280795 6.946559 6.063632 8.655742 -22.947380 0.192400 4.700761 14.366557 2.663633 7.703943 -15.097342 9.768629 -9.917314 12.487809 4.882604 -6.152627
14.386633 -3.764394 6.135094 -4.707738 15.958415 -3.804247 22.795261 -1.956799 -10.468515 -9.583619 -13.318615 -2.731751 -4.390754 -12.954707 9.652268 6.826067 6.754745 7.949790 -23.130358 -0.210982 4.713715 14.771132 2.741510 7.548182 -15.432407 9.607018 -9.787819 12.346815 4.717940 -6.075355
14.024535 -3.696973 5.800862 -4.729253 16.283228 -3.689185 22.494053 -2.425169 -10.752061 -9.523718 -13.604840 -2.760235 -4.002438 -12.628578 9.960151 6.732808 7.531991 7.289262 -23.247208 -0.475046 4.757218 15.154565 2.805538 7.490383 -15.760025 9.490100 -9.671708 12.141520 4.571139 -6.015584
13.798489 -3.694833 5.506413 -4.764929 16.537697 -3.617399 22.245522 -2.733528 -11.030368 -9.441179 -13.844203 -2.848906 -3.611581 -12.441703 10.217513 6.564939 8.174284 6.824557 -23.386030 -0.701830 4.777443 15.443916 2.733132 7.419124 -16.024876 9.373064 -9.556402 11.920233 4.439509 -6.044319
13.628761 -3.686747 5.158816 -4.790940 16.779676 -3.608147 22.025675 -3.090555 -11.260390 -9.386148 -13.998627 -2.940439 -3.207231 -12.324592 10.455511 6.479883 8.652954 6.428930 -23.515442 -0.806923 4.772655 15.696840 2.708647 7.339268 -16.238472 9.244410 -9.460877 11.798584 4.325267 -6.012146
13.450926 -3.661090 4.876295 -4.837143 16.955721 -3.644518 21.848740 -3.324816 -11.385644 -9.337811 -14.029836 -2.939257 -2.966665 -12.208625 10.666665 6.484181 8.978859 6.076240 -23.582304 -0.828999 4.779953 15.811536 2.747046 7.314351 -16.367630 9.160432 -9.402196 11.741142 4.255298 -5.987655
13.361298 -3.677322 4.693796 -4.872955 17.036436 -3.654093 21.745029 -3.474194 -11.460039 -9.319248 -14.048410 -2.927289 -2.838036 -12.118722 10.787681 6.501604 9.184776 5.837243 -23.626905 -0.858693 4.812230 15.917033 2.810694 7.328454 -16.484459 9.101429 -9.366529 11.662443 4.192920 -5.982006
13.327181 -3.656232 4.622371 -4.885175 17.089737 -3.672492 21.689114 -3.505804 -11.484707 -9.315093 -14.067934 -2.887310 -2.809137 -12.064048 10.819133 6.531361 9.207842 5.762129 -23.620279 -0.858408 4.811150 15.913665 2.798476 7.326392 -16.522377 9.085371 -9.358483 11.637870 4.183768 -5.967656
13.307452 -3.688933 4.404586 -4.883322 17.182232 -3.649352 21.648178 -3.668634 -11.566035 -9.266352 -14.112146 -2.918588 -2.625835 -12.027348 10.956212 6.520469 9.337635 5.631605 -23.677534 -0.833154 4.839475 15.944667 2.816638 7.337131 -16.627998 9.059673 -9.352279 11.553080 4.160965 -5.934748
13.186435 -3.725308 3.755251 -4.928933 17.489317 -3.703330 21.426319 -4.075095 -11.802809 -9.183284 -14.203451 -2.897221 -2.202621 -11.764385 11.430437 6.528556 9.714326 5.175034 -23.759874 -0.789182 4.852328 16.103424 2.872048 7.317165 -16.939331 8.898363 -9.200377 11.387783 4.000882 -5.859316
12.952864 -3.697467 2.680314 -4.976507 17.995420 -3.807957 21.098278 -4.574527 -12.130334 -9.174069 -14.409296 -2.826844 -1.527883 -11.283938 12.247563 6.381062 10.777469 4.324067 -23.878279 -0.848036 4.860455 16.241240 2.959650 7.226477 -17.486685 8.656931 -8.952390 11.129824 3.781979 -5.592825
12.471559 -3.505046 1.306139 -5.075549 18.690571 -4.108374 20.373722 -5.050914 -12.669984 -9.104471 -14.934032 -2.452400 -0.939013 -10.510140 12.997989 6.353088 11.792638 3.669097 -23.721670 -0.602079 4.936778 16.368061 3.012582 7.151767 -18.026054 8.491765 -8.706143 10.782228 3.635289 -5.310423
11.354122 -3.058887 -0.119336 -5.249749 19.514442 -4.560907 19.273418 -5.331779 -13.361726 -8.967313 -15.789194 -1.945887 -0.300278 -9.702678 13.483221 6.321610 13.101950 3.040340 -23.419546 -0.377443 5.027745 16.540552 3.128329 6.972579 -18.595629 8.273556 -8.400111 10.492416 3.469216 -4.854878
9.806316 -2.336762 -1.443240 -5.377635 20.418627 -5.289783 18.499779 -5.423522 -14.247051 -8.544963 -17.029560 -0.928119 0.319259 -8.307265 14.382362 6.465439 13.931815 2.407847 -22.888645 0.284851 4.937929 16.784685 3.161143 6.654835 -19.310946 8.104282 -8.048587 10.031477 3.280942 -4.266587
8.248194 -1.736954 -1.093355 -4.327200 21.292603 -5.595982 16.323647 -5.780529 -15.018508 -9.934680 -18.801523 1.232397 0.882834 -5.883698 16.904968 6.022003 13.604993 1.849668 -22.834026 0.899184 4.703154 18.228323 2.484560 5.820196 -19.601997 7.629538 -7.262297 9.800313 2.882058 -4.431887
7.437723 -0.946101 -0.823684 -3.282718 22.787889 -5.912576 13.127040 -6.648805 -15.850821 -11.887832 -20.299961 3.881628 0.225037 -2.850601 19.144348 6.090075 11.830899 1.261582 -22.290007 2.589583 4.307365 19.118998 1.416613 4.541687 -19.938082 6.554612 -6.036592 10.140245 2.204273 -4.707133
5.740375 -0.064146 -0.867773 -2.720677 23.860575 -6.650655 10.775177 -6.619912 -17.021126 -12.921135 -22.831997 6.395268 -1.232875 -0.008787 19.265070 6.283176 10.217971 1.058105 -21.231009 5.052218 4.148586 19.381426 -0.131652 2.687426 -20.383635 5.328586 -4.645706 10.478872 1.427328 -4.732862
4.589371 0.862619 -0.992953 -2.843110 24.790947 -7.638369 8.684671 -6.797217 -17.304325 -13.448709 -25.075409 7.401023 -2.283931 1.703825 18.173218 5.997382 10.026111 1.658645 -20.490911 7.183374 4.153639 19.052675 -1.435493 0.949429 -20.796415 4.347881 -3.567048 11.153080 1.027118 -4.330408
3.160272 1.420600 -0.562976 -3.800182 25.376890 -8.480668 5.849717 -7.028285 -16.672382 -15.105098 -27.130363 7.775045 -3.415978 2.620137 15.519877 6.249129 9.445402 2.519693 -20.073082 8.022771 4.160869 18.518579 -3.398834 -0.733357 -20.948423 3.953156 -2.843456 11.423576 1.004584 -4.022546
2.738189 2.399610 -0.049410 -5.020709 26.015236 -8.918362 2.343567 -6.774599 -15.902112 -16.776949 -29.434818 8.043210 -5.310763 3.581221 12.647273 6.044292 8.924719 3.267585 -19.575327 8.089504 4.025814 17.688293 -5.381031 -2.210904 -21.113461 3.585505 -2.495679 11.461000 1.074407 -3.964581
2.409116 3.043257 0.355396 -5.971870 26.310692 -8.978938 -0.383963 -6.343851 -15.089725 -18.631586 -31.721643 8.758216 -6.652676 4.494814 9.738201 6.104180 6.985264 5.003816 -18.969677 7.892768 3.788918 17.006771 -7.217922 -3.514951 -20.910480 3.331810 -2.004335 11.823238 1.432057 -3.747443
2.147336 3.701084 0.676070 -6.771320 26.036804 -9.246701 -2.319358 -5.438380 -14.621644 -20.387310 -33.492603 9.011597 -7.896100 5.013818 7.340322 5.447955 5.653946 6.980340 -18.412823 7.178490 3.591213 16.028873 -8.799623 -4.451110 -20.144705 3.503761 -1.550588 12.561167 2.106464 -3.045346
1.429747 3.520608 0.823073 -7.133149 25.737623 -9.284584 -4.015992 -4.550475 -14.290380 -22.183168 -35.275021 9.493994 -9.258807 5.308564 5.084374 4.632051 5.016740 9.003037 -17.679361 6.449310 3.351851 15.340510 -10.485188 -5.425960 -19.377119 3.690336 -1.007137 13.195280 2.637642 -2.349662
1.079798 3.252254 0.715635 -7.445715 25.420765 -9.329084 -5.572419 -3.554244 -14.087423 -23.456043 -36.330147 9.179895 -10.517249 4.735666 2.544226 4.180338 4.281376 11.240951 -16.918509 6.030425 3.008826 14.656046 -11.937675 -5.721797 -18.404850 4.044584 -0.598325 13.837795 3.046437 -2.039006
0.810149 2.546096 0.261555 -7.955752 24.993668 -9.215620 -6.426325 -3.136880 -13.689857 -24.347345 -36.119381 8.828486 -11.771868 4.094467 1.161896 3.909997 3.591681 12.371860 -16.617752 5.387749 2.752656 14.545754 -12.614658 -5.970613 -17.851881 4.342612 -0.251149 14.255021 3.327304 -1.389795
0.529452 2.224242 -0.105561 -8.447599 24.904625 -9.105898 -7.247149 -2.877055 -13.405141 -25.099743 -35.511497 8.506129 -12.758079 3.374104 0.453419 3.988341 2.608752 13.302178 -16.369753 4.997354 2.468208 14.461122 -13.256092 -6.006433 -17.510937 4.666176 -0.057235 14.323093 3.474685 -1.039036
0.400755 2.140213 -0.239408 -8.732448 24.916418 -8.975122 -7.764373 -2.653795 -13.214023 -25.547443 -35.112167 8.262742 -13.366603 2.912055 -0.038365 4.134629 2.058482 13.903288 -16.192841 4.786755 2.307834 14.219628 -13.575594 -6.012051 -17.352715 4.824061 -0.139276 14.270824 3.513667 -0.896347
0.306583 2.066077 -0.313503 -8.836592 24.915949 -8.881155 -7.987624 -2.548415 -13.158591 -25.744486 -34.913677 8.116515 -13.588733 2.684072 -0.227994 4.175485 1.867485 14.090345 -16.146235 4.706345 2.242931 14.128928 -13.734493 -6.062296 -17.275003 4.902864 -0.214439 14.240038 3.529094 -0.870559
0.293087 2.064757 -0.289384 -8.833782 24.911654 -8.913231 -7.923937 -2.625379 -13.147426 -25.701286 -35.046814 8.163095 -13.493072 2.772524 -0.252545 4.189220 2.001210 14.006152 -16.129835 4.720135 2.250089 14.163057 -13.682114 -6.050109 -17.316221 4.884305 -0.187807 14.229573 3.519752 -0.828888
0.357334 2.157046 -0.268875 -8.775681 24.986412 -8.963001 -7.860250 -2.736021 -13.185699 -25.585238 -35.205120 8.264677 -13.317904 2.937022 -0.130496 4.186696 2.164116 13.859628 -16.160719 4.806951 2.299014 14.288723 -13.548050 -6.071090 -17.444330 4.802315 -0.069532 14.237306 3.504799 -0.745683
0.334472 2.188172 -0.264296 -8.727499 25.044380 -9.068810 -7.745217 -2.947377 -13.222168 -25.439810 -35.561176 8.407117 -12.998740 3.206668 -0.073432 4.150852 2.441923 13.565164 -16.208006 4.925147 2.363480 14.376441 -13.394529 -6.147880 -17.613781 4.724058 -0.040982 14.202145 3.472714 -0.803995
0.261197 2.236974 -0.211512 -8.663465 25.074858 -9.189093 -7.532290 -3.251222 -13.273984 -25.240843 -35.963734 8.667976 -12.503420 3.752540 0.224361 4.306832 3.019682 12.985290 -16.153709 5.179939 2.421721 14.525681 -13.287106 -6.153726 -17.754448 4.627347 0.037178 14.145379 3.431019 -0.854402
0.312659 2.346524 -0.107544 -8.512674 25.197033 -9.244621 -7.298910 -3.674257 -13.308626 -24.971415 -36.365711 8.783090 -11.986156 4.123694 0.305208 4.417574 3.630319 12.542448 -16.144093 5.443795 2.509971 14.753093 -12.923429 -6.161318 -18.031273 4.463977 0.174629 14.114597 3.367332 -0.772883
0.482404 2.603817 0.001300 -8.340192 25.454906 -9.211206 -7.135481 -4.222603 -13.392598 -24.601336 -36.887775 8.925581 -11.340435 4.506742 0.445709 4.527789 4.292994 12.026952 -16.170097 5.700832 2.673097 14.890841 -12.520588 -6.132276 -18.334587 4.316804 0.150626 13.955212 3.247933 -0.886763
0.663127 2.907585 0.169075 -8.129474 25.786499 -9.145319 -6.918102 -4.805388 -13.480483 -24.242651 -37.281624 8.972534 -10.669377 4.791178 0.587012 4.725665 4.768346 11.430430 -16.264645 5.959579 2.850755 15.079555 -12.050098 -6.057539 -18.755249 4.130108 0.153367 13.764225 3.086077 -0.968166
0.867551 3.141663 0.330484 -7.986080 26.006802 -9.071323 -6.398417 -5.543522 -13.543302 -23.684345 -37.546841 9.158704 -9.940000 5.184289 1.039262 5.130254 4.963811 10.733068 -16.392719 6.239898 2.923253 15.242320 -11.609001 -6.040562 -19.203203 3.916894 0.129196 13.586426 2.936553 -0.894089
1.126941 3.324863 0.374779 -7.911530 26.227142 -9.032410 -5.867567 -6.373826 -13.541247 -23.114470 -37.583736 9.319253 -9.312551 5.638114 1.714427 5.764313 5.233950 9.892436 -16.425247 6.818463 3.075983 15.478921 -11.037640 -6.086706 -19.670248 3.810591 0.037413 13.322594 2.815049 -0.698256
1.246709 3.601165 0.447993 -7.775521 26.561745 -8.987185 -5.353555 -7.177726 -13.610051 -22.624577 -37.488449 9.409314 -8.550241 5.964071 2.267222 6.566209 5.352890 8.901508 -16.494240 7.468699 3.309741 15.831561 -10.428044 -6.055552 -20.247993 3.634320 -0.047932 12.958160 2.606386 -0.691175
1.357456 3.793998 0.428885 -7.655502 26.913448 -8.889622 -4.881238 -8.011742 -13.650748 -22.124491 -37.113041 9.300807 -7.948780 6.094463 2.760237 7.114319 5.795849 7.922013 -16.726030 7.830688 3.474260 16.232790 -9.886429 -5.941462 -20.687445 3.515306 -0.164082 12.656893 2.401092 -0.819918
1.620552 4.097824 0.510757 -7.519603 27.292828 -8.722788 -4.441887 -8.622688 -13.743007 -21.552912 -36.609440 9.046115 -7.307034 6.120677 3.413096 7.669988 6.002062 7.079683 -17.051632 8.202708 3.619280 16.709499 -9.281996 -5.700601 -21.156445 3.431992 -0.225016 12.277458 2.149595 -0.926925
1.701725 4.213491 0.632441 -7.391341 27.536121 -8.465515 -4.021281 -9.213348 -13.863248 -21.001242 -36.450871 8.941658 -6.482683 6.111514 3.891557 8.104541 6.418845 6.220342 -17.410160 8.535689 3.767193 17.208109 -8.615499 -5.315298 -21.451187 3.435077 -0.372232 11.940598 1.898474 -1.145562
1.656306 4.257744 0.689800 -7.249489 27.851559 -8.166183 -3.699955 -9.721315 -13.996213 -20.541782 -36.212688 8.803875 -5.681068 5.946416 4.169184 8.630594 7.016197 5.381160 -17.646599 8.859518 4.028724 17.743830 -8.015685 -4.940403 -21.770395 3.398514 -0.445306 11.592985 1.670164 -1.517017
1.653211 4.258214 0.686657 -7.080960 28.073181 -7.911995 -3.284578 -10.131931 -14.161378 -20.068075 -35.870556 8.539247 -4.922435 5.785712 4.653153 9.077253 7.676970 4.492278 -17.905525 9.180683 4.096708 18.133598 -7.628956 -4.724045 -22.008110 3.388518 -0.485929 11.340731 1.478041 -1.684595
1.740959 4.216788 0.779467 -6.865059 28.197971 -7.628225 -2.793125 -10.549165 -14.258576 -19.658285 -35.698494 8.364940 -4.242937 5.491423 4.911414 9.398884 7.939248 3.973509 -18.116568 9.470239 4.220984 18.486210 -7.255227 -4.435181 -22.217194 3.466787 -0.548164 10.975547 1.311819 -1.886062
1.908629 4.119494 0.780391 -6.697690 28.222805 -7.403151 -2.231998 -10.885899 -14.286183 -19.266310 -35.577221 8.054536 -3.553560 5.146132 5.098524 9.576937 8.286462 3.533621 -18.353941 9.731091 4.330472 18.821566 -6.894130 -4.159912 -22.413620 3.434971 -0.605224 10.710377 1.160399 -2.026842
1.989951 4.090728 0.722802 -6.610675 28.304176 -7.198912 -1.901112 -11.051973 -14.351181 -18.982439 -35.433674 7.915946 -3.070409 4.963873 5.438711 9.704678 8.408154 3.247356 -18.528984 9.930122 4.377785 19.007042 -6.619601 -4.014725 -22.403139 3.432830 -0.653495 10.722378 1.112000 -2.044935
2.104208 4.103898 0.613129 -6.508626 28.418781 -7.126238 -1.666136 -11.184989 -14.397284 -18.775126 -35.208282 7.801965 -2.886607 4.862946 5.800045 9.776154 8.460237 3.092074 -18.614315 10.124759 4.468567 19.134184 -6.398792 -3.867041 -22.419308 3.434519 -0.706951 10.659678 1.072228 -2.077960
2.055118 4.124287 0.604078 -6.494769 28.425241 -7.080692 -1.576691 -11.220777 -14.437119 -18.709726 -35.075916 7.786211 -2.881332 4.870432 5.966365 9.809069 8.459905 2.992136 -18.635307 10.184646 4.495822 19.173399 -6.324381 -3.832087 -22.433439 3.435042 -0.740695 10.633799 1.054720 -2.087554
2.055118 4.124287 0.604078 -6.494769 28.425241 -7.080692 -1.576691 -11.220777 -14.437119 -18.709726 -35.075916 7.786211 -2.881332 4.870432 5.966365 9.809069 8.459905 2.992136 -18.635307 10.184646 4.495822 19.173399 -6.324381 -3.832087 -22.433439 3.435042 -0.740695 10.633799 1.054720 -2.087554
2.055118 4.124287 0.604078 -6.494769 28.425241 -7.080692 -1.576691 -11.220777 -14.437119 -18.709726 -35.075916 7.786211 -2.881332 4.870432 5.966365 9.809069 8.459905 2.992136 -18.635307 10.184646 4.495822 19.173399 -6.324381 -3.832087 -22.433439 3.435042 -0.740695 10.633799 1.054720 -2.087554
2.057492 4.122266 0.606395 -6.483814 28.424824 -7.092701 -1.576320 -11.221002 -14.440871 -18.713394 -35.069561 7.786762 -2.886332 4.870870 5.971890 9.809740 8.465298 2.987543 -18.635073 10.185613 4.499639 19.167837 -6.322239 -3.830984 -22.431845 3.436579 -0.738966 10.633660 1.054848 -2.086601
2.055854 4.125925 0.602588 -6.495007 28.428150 -7.076762 -1.577135 -11.221344 -14.436977 -18.709879 -35.071110 7.787067 -2.884543 4.869811 5.967437 9.811623 8.463472 2.987382 -18.635500 10.184193 4.495091 19.173040 -6.325623 -3.830631 -22.432905 3.435187 -0.738410 10.633831 1.054389 -2.088120
2.055556 4.124311 0.603058 -6.495340 28.426338 -7.078756 -1.576680 -11.220734 -14.436886 -18.710119 -35.070614 7.786506 -2.884953 4.869179 5.967374 9.811209 8.464324 2.987972 -18.635386 10.183704 4.495732 19.173687 -6.324291 -3.831992 -22.433174 3.435283 -0.740769 10.633751 1.054777 -2.087611
2.055556 4.124311 0.603058 -6.495340 28.426338 -7.078756 -1.576680 -11.220734 -14.436886 -18.710119 -35.070614 7.786506 -2.884953 4.869179 5.967374 9.811209 8.464324 2.987972 -18.635386 10.183704 4.495732 19.173687 -6.324291 -3.831992 -22.433174 3.435283 -0.740769 10.633751 1.054777 -2.087611
2.056229 4.124436 0.603424 -6.495196 28.426058 -7.079218 -1.576703 -11.221302 -14.436809 -18.709871 -35.069000 7.786040 -2.886456 4.868873 5.967701 9.810939 8.466987 2.987490 -18.635069 10.183796 4.495720 19.173555 -6.324350 -3.832149 -22.433233 3.435161 -0.740853 10.633915 1.054793 -2.087650
2.055556 4.124311 0.603058 -6.495340 28.426338 -7.078756 -1.576680 -11.220734 -14.436886 -18.710119 -35.070610 7.786640 -2.884911 4.869250 5.967501 9.811319 8.464120 2.987849 -18.635431 10.183670 4.495732 19.173687 -6.324291 -3.831992 -22.433174 3.435283 -0.740769 10.633751 1.054777 -2.087611
2.054410 4.124427 0.604717 -6.493689 28.426147 -7.078115 -1.579072 -11.220045 -14.437411 -18.712608 -35.068958 7.786550 -2.885866 4.869221 5.969224 9.810458 8.466186 2.987182 -18.635721 10.183086 4.495812 19.175112 -6.325158 -3.833733 -22.432919 3.435791 -0.740068 10.632925 1.055347 -2.086845
2.054345 4.124251 0.604695 -6.493717 28.425947 -7.078362 -1.578945 -11.219904 -14.437373 -18.712603 -35.064861 7.785000 -2.889235 4.868812 5.972178 9.806507 8.472977 2.987921 -18.634005 10.185606 4.495914 19.174953 -6.325189 -3.833672 -22.433125 3.435671 -0.739909 10.632809 1.055274 -2.086749
2.054652 4.128697 0.600836 -6.493495 28.433144 -7.070443 -1.581333 -11.220994 -14.437752 -18.713253 -35.068172 7.788391 -2.881231 4.871178 5.978096 9.809855 8.460505 2.985835 -18.636852 10.184563 4.494750 19.174438 -6.327707 -3.831546 -22.432140 3.436091 -0.735295 10.632401 1.054844 -2.087180
2.054821 4.126634 0.601925 -6.494377 28.430683 -7.071908 -1.580928 -11.220312 -14.437644 -18.713379 -35.066334 7.788984 -2.882183 4.870069 5.976065 9.810511 8.462974 2.984949 -18.637140 10.182498 4.495370 19.175615 -6.326429 -3.831968 -22.431931 3.436730 -0.736889 10.632401 1.055181 -2.086780
2.054375 4.126759 0.601971 -6.493811 28.431120 -7.070838 -1.581453 -11.220002 -14.438234 -18.714018 -35.066479 7.788854 -2.882118 4.869996 5.975820 9.810562 8.462991 2.984998 -18.637156 10.182560 4.495399 19.175819 -6.326415 -3.832083 -22.431808 3.436765 -0.736971 10.632488 1.055206 -2.086771
2.055202 4.126634 0.603225 -6.493765 28.429420 -7.073909 -1.580251 -11.220446 -14.437480 -18.712805 -35.070564 7.790521 -2.879355 4.871064 5.976477 9.809640 8.459018 2.985394 -18.639450 10.178249 4.495267 19.175413 -6.326595 -3.832616 -22.432137 3.436202 -0.737506 10.632780 1.055175 -2.087199
7.086743 8.198479 -5.596683 -18.715105 22.223185 -11.724356 8.455317 -13.982718 -15.008745 -17.540932 -30.670946 6.440596 -6.193351 -4.240089 -0.023073 5.049068 17.406502 3.696035 -18.694593 13.761275 1.086640 15.096546 -3.873811 -1.211399 -27.348753 6.719581 -4.317698 7.402020 3.613331 -1.684627
7.086743 8.198479 -5.596683 -18.715105 22.223185 -11.724356 8.455317 -13.982718 -15.008745 -17.540932 -30.670946 6.440596 -6.193351 -4.240089 -0.023073 5.049068 17.406502 3.696035 -18.694593 13.761275 1.086640 15.096546 -3.873811 -1.211399 -27.348753 6.719581 -4.317698 7.402020 3.613331 -1.684627
7.086743 8.198479 -5.596683 -18.715105 22.223185 -11.724356 8.455317 -13.982718 -15.008745 -17.540932 -30.670946 6.440596 -6.193351 -4.240089 -0.023073 5.049068 17.406502 3.696035 -18.694593 13.761275 1.086640 15.096546 -3.873811 -1.211399 -27.348753 6.719581 -4.317698 7.402020 3.613331 -1.684627
7.086743 8.198479 -5.596683 -18.715105 22.223185 -11.724356 8.455317 -13.982718 -15.008745 -17.540932 -30.670946 6.440596 -6.193351 -4.240089 -0.023073 5.049068 17.406502 3.696035 -18.694593 13.761275 1.086640 15.096546 -3.873811 -1.211399 -27.348753 6.719581 -4.317698 7.402020 3.613331 -1.684627
7.086743 8.198479 -5.596683 -18.715105 22.223185 -11.724356 8.455317 -13.982718 -15.008745 -17.540932 -30.670946 6.440596 -6.193351 -4.240089 -0.023073 5.049068 17.406502 3.696035 -18.694593 13.761275 1.086640 15.096546 -3.873811 -1.211399 -27.348753 6.719581 -4.317698 7.402020 3.613331 -1.684627
4.135532 3.863577 -3.889208 -15.737263 25.579865 -10.708664 6.154743 -11.508944 -10.884748 -14.606939 -32.301727 5.584723 -4.789790 0.514104 2.416113 7.725755 16.817038 4.481551 -17.390415 10.824615 2.161489 16.429226 -4.625136 -1.992453 -26.240604 5.313023 -4.948554 7.628988 2.982173 -1.183839
3.520395 2.515582 -3.533771 -14.860757 26.353348 -10.594373 5.411498 -10.850851 -9.860602 -13.744162 -32.330036 5.138806 -4.662419 1.037048 3.006391 8.023890 16.984507 4.610515 -17.062569 10.516772 2.640913 16.505331 -4.964189 -2.040652 -25.789719 4.544302 -5.264736 7.630499 2.563518 -0.842187
3.502237 2.244140 -3.571353 -14.801023 26.644302 -10.172758 5.258339 -10.797626 -9.652894 -13.576743 -32.316692 5.151557 -4.657315 0.892853 2.879722 8.065138 17.035259 4.580912 -17.058056 10.532514 2.921724 16.649061 -4.818534 -2.038938 -25.884560 4.541950 -5.335476 7.502910 2.669658 -0.790425
3.594033 2.241904 -3.623022 -14.824524 26.583897 -10.235153 5.297928 -10.821381 -9.669871 -13.647522 -32.266987 5.141554 -4.678346 0.881020 2.887784 8.024312 17.158613 4.546052 -17.087538 10.541628 2.886804 16.611244 -4.790660 -1.987761 -25.961870 4.547606 -5.328285 7.490558 2.668671 -0.853555
3.616088 2.237746 -3.634136 -14.818616 26.572454 -10.250410 5.281784 -10.822609 -9.689028 -13.666668 -32.247082 5.144379 -4.688269 0.886302 2.907251 8.008413 17.195473 4.526358 -17.097906 10.558617 2.889418 16.609087 -4.783199 -1.986670 -25.968426 4.549697 -5.327724 7.489999 2.672679 -0.849241
3.616242 2.238011 -3.633958 -14.818348 26.572193 -10.250014 5.281932 -10.822410 -9.689458 -13.666832 -32.246929 5.144344 -4.688551 0.886812 2.907022 8.008898 17.195681 4.525980 -17.097303 10.558360 2.889089 16.608908 -4.783501 -1.986558 -25.967781 4.549855 -5.328113 7.489952 2.672323 -0.848875
3.624058 2.235950 -3.641540 -14.822126 26.573006 -10.252955 5.283759 -10.824435 -9.687173 -13.664953 -32.244064 5.141995 -4.689856 0.883494 2.905266 8.007416 17.206495 4.523557 -17.097988 10.562481 2.895269 16.613388 -4.779720 -1.990798 -25.964987 4.557581 -5.326737 7.487077 2.678013 -0.834894
3.622136 2.242034 -3.640830 -14.822144 26.573055 -10.250123 5.282432 -10.821339 -9.693710 -13.666518 -32.246883 5.144166 -4.688742 0.886219 2.907137 8.009670 17.195238 4.525901 -17.096151 10.558039 2.891753 16.609728 -4.782722 -1.985599 -25.966837 4.548290 -5.328475 7.489860 2.671861 -0.847654
3.622323 2.241554 -3.640864 -14.821922 26.573338 -10.249722 5.282029 -10.820828 -9.693213 -13.666220 -32.246666 5.143034 -4.687793 0.886608 2.906571 8.011889 17.193571 4.526600 -17.096008 10.559033 2.891831 16.609842 -4.782467 -1.986035 -25.967258 4.547981 -5.328644 7.489892 2.672041 -0.847965
3.624871 2.245208 -3.681434 -14.843835 26.581127 -10.263123 5.303260 -10.829813 -9.696257 -13.631737 -32.231693 5.116794 -4.692070 0.866950 2.890838 8.010567 17.225634 4.530879 -17.096828 10.567527 2.898078 16.601690 -4.775548 -1.988350 -25.975292 4.556770 -5.334868 7.479904 2.679783 -0.827828
3.603638 2.260635 -3.668814 -14.852423 26.588640 -10.249785 5.314427 -10.831240 -9.690965 -13.623219 -32.245651 5.119230 -4.686523 0.867240 2.877620 8.018322 17.199545 4.543951 -17.094110 10.555788 2.884127 16.596691 -4.782300 -1.983613 -25.973621 4.539969 -5.329336 7.494494 2.667567 -0.849670
3.602989 2.261053 -3.668267 -14.852081 26.588560 -10.249763 5.314403 -10.831149 -9.691083 -13.623226 -32.245152 5.117273 -4.685801 0.866335 2.875088 8.018250 17.199158 4.544790 -17.093382 10.554256 2.886482 16.599648 -4.781628 -1.985945 -25.972805 4.541537 -5.329434 7.493602 2.669386 -0.847676
3.602989 2.261053 -3.668267 -14.852081 26.588560 -10.249763 5.314403 -10.831149 -9.691083 -13.623226 -32.245152 5.117273 -4.685801 0.866335 2.875088 8.018250 17.199158 4.544790 -17.093382 10.554256 2.886482 16.599648 -4.781628 -1.985945 -25.972805 4.541537 -5.329434 7.493602 2.669386 -0.847676
3.602989 2.261053 -3.668267 -14.852081 26.588560 -10.249763 5.314403 -10.831149 -9.691083 -13.623226 -32.245152 5.117273 -4.685801 0.866335 2.875088 8.018250 17.199158 4.544790 -17.093382 10.554256 2.886482 16.599648 -4.781628 -1.985945 -25.972805 4.541537 -5.329434 7.493602 2.669386 -0.847676
3.602989 2.261053 -3.668267 -14.852081 26.588560 -10.249763 5.314403 -10.831149 -9.691083 -13.623226 -32.245152 5.117273 -4.685801 0.866335 2.875088 8.018250 17.199158 4.544790 -17.093382 10.554256 2.886482 16.599648 -4.781628 -1.985945 -25.972805 4.541537 -5.329434 7.493602 2.669386 -0.847676
3.609335 2.259143 -3.685632 -14.858444 26.591099 -10.256431 5.320440 -10.834530 -9.691731 -13.614824 -32.233425 5.114939 -4.691617 0.865197 2.886583 8.011791 17.222727 4.533660 -17.096212 10.564934 2.893701 16.597681 -4.775650 -1.982277 -25.975227 4.553210 -5.330510 7.483392 2.676510 -0.835469
3.609335 2.259143 -3.685632 -14.858444 26.591099 -10.256431 5.320440 -10.834530 -9.691731 -13.614824 -32.233192 5.114938 -4.691701 0.865172 2.886652 8.011591 17.223213 4.533448 -17.096224 10.565022 2.893694 16.597445 -4.775469 -1.982301 -25.975227 4.553205 -5.330888 7.483319 2.676511 -0.835548
3.609335 2.259143 -3.685632 -14.858444 26.591099 -10.256431 5.320440 -10.834530 -9.691731 -13.614824 -32.233192 5.114938 -4.691701 0.865172 2.886652 8.011591 17.223213 4.533448 -17.096224 10.565022 2.893694 16.597445 -4.775469 -1.982301 -25.975227 4.553205 -5.330888 7.483319 2.676511 -0.835548
3.625623 2.249342 -3.679073 -14.844701 26.584612 -10.265091 5.301639 -10.830732 -9.695274 -13.629879 -32.231678 5.116783 -4.692046 0.867297 2.891215 8.009468 17.227678 4.530226 -17.096655 10.566105 2.896504 16.601959 -4.776267 -1.991229 -25.972954 4.553877 -5.331359 7.485286 2.678120 -0.825010
3.625623 2.249342 -3.679073 -14.844701 26.584612 -10.265091 5.301639 -10.830732 -9.695274 -13.629879 -32.231678 5.116783 -4.692046 0.867297 2.891215 8.009468 17.227678 4.530226 -17.096655 10.566105 2.896504 16.601959 -4.776267 -1.991229 -25.972954 4.553877 -5.331359 7.485286 2.678120 -0.825010
3.625623 2.249342 -3.679073 -14.844701 26.584612 -10.265091 5.301639 -10.830732 -9.695274 -13.629879 -32.231678 5.116783 -4.692046 0.867297 2.891215 8.009468 17.227678 4.530226 -17.096655 10.566105 2.896504 16.601959 -4.776267 -1.991229 -25.972954 4.553877 -5.331359 7.485286 2.678120 -0.825010
