-2.327323 -20.394655 6.427257 -11.062071 23.340017 -3.113261 7.232683 14.428755 3.770984 6.938076 -19.532772 1.442542 -18.611166 -18.513634 6.446734 12.036182 5.216620 5.154621 -2.290625 -3.347673 2.575285 7.832434 -10.496243 12.392911 -10.174560 3.226451 -10.330498 10.808861 -1.385632 4.027720
-0.516300 -20.394678 6.790704 -9.066248 21.582769 -7.358260 6.440238 13.918777 1.767488 4.184542 -18.986759 6.664140 -19.743628 -19.029301 8.496509 7.827452 3.192679 4.388514 -5.277192 -3.985914 4.421911 9.725614 -11.844456 11.402230 -9.219991 0.931555 -9.678096 11.642937 -0.902794 4.043645
-0.169539 -20.314943 6.853536 -9.071197 21.367598 -8.048113 6.298966 13.890503 1.684917 3.929672 -18.821083 7.362131 -20.130804 -19.336300 8.629958 7.065311 3.007289 4.376267 -5.681441 -3.976757 4.577449 9.928657 -12.189469 11.302638 -9.087354 0.646198 -9.321594 11.799390 -0.804394 4.101993
-0.066722 -20.245605 7.027596 -9.373790 21.339399 -8.154208 6.197683 13.911650 1.968367 3.862653 -18.779140 7.480407 -20.534235 -19.324486 8.431719 7.131278 2.696742 4.783697 -5.496073 -3.774426 4.363923 9.787353 -12.474894 11.430932 -9.082562 0.696878 -8.977082 11.900348 -0.687539 4.078532
-0.001781 -20.160307 7.232115 -9.604275 21.315166 -8.191483 6.097792 14.042117 2.182092 3.771081 -18.728916 7.547098 -20.901936 -19.337509 8.239531 7.095740 2.379377 5.128136 -5.394402 -3.758821 4.161829 9.600064 -12.837504 11.585872 -9.065716 0.794174 -8.569161 11.999298 -0.491910 4.021148
0.098595 -19.961992 7.555816 -9.925453 21.299103 -8.293905 5.945487 14.219410 2.518065 3.671813 -18.712118 7.636812 -21.283789 -19.332375 7.983180 7.137241 1.942350 5.526402 -5.318842 -3.722915 3.912426 9.351573 -13.295986 11.768262 -9.009279 0.907308 -8.143446 12.095865 -0.279121 3.888381
0.137903 -19.776018 7.841466 -10.216068 21.275156 -8.296665 5.789449 14.521349 2.770060 3.508439 -18.664207 7.646366 -21.595512 -19.357597 7.768105 7.099628 1.567279 5.815641 -5.306710 -3.891273 3.796599 9.173659 -13.579880 11.846554 -8.934804 1.035254 -7.933458 12.144741 -0.118694 3.727821
0.040667 -19.667894 8.084907 -10.519906 21.268135 -8.359785 5.672731 14.706451 3.039516 3.392405 -18.675116 7.666429 -21.926659 -19.345974 7.542016 7.129111 1.179990 6.209984 -5.215819 -3.884878 3.625934 8.868313 -13.994279 12.027474 -8.856255 1.203286 -7.616675 12.187925 0.116603 3.503602
0.018760 -19.507853 8.293904 -10.758892 21.278131 -8.402979 5.522087 14.964059 3.281807 3.285266 -18.651222 7.635283 -22.372877 -19.324295 7.305144 7.110943 0.745043 6.656256 -5.136293 -4.098957 3.562463 8.539264 -14.387001 12.206514 -8.709343 1.420188 -7.421883 12.175325 0.383734 3.126619
0.171621 -19.425608 8.642749 -11.052788 21.156897 -8.324131 5.387813 15.193068 3.626127 3.134791 -18.692142 7.578098 -22.647421 -19.276718 7.133867 7.034848 0.471319 6.996571 -5.058850 -4.283278 3.462475 8.361890 -14.681789 12.390930 -8.644534 1.522733 -7.129563 12.198161 0.557504 2.968013
0.426830 -19.363585 8.987953 -11.231630 20.964611 -8.193609 5.277665 15.432453 3.901355 2.963891 -18.720287 7.484221 -22.998281 -19.143152 6.994554 6.972782 0.306168 7.322792 -4.956219 -4.544608 3.490478 8.182016 -14.888911 12.558839 -8.587705 1.653928 -7.114180 12.049248 0.700404 2.557366
0.710200 -19.341425 9.365483 -11.377008 20.694345 -8.102403 5.211426 15.553679 4.212476 2.782735 -18.725533 7.409251 -23.297573 -19.037497 6.871446 6.864556 0.210946 7.583549 -4.904365 -4.773218 3.402640 7.969194 -15.220989 12.824431 -8.559321 1.797265 -6.969504 11.910131 0.859401 2.108310
0.904027 -19.412130 9.678905 -11.375778 20.360901 -7.941978 5.265452 15.695765 4.322739 2.556551 -18.622570 7.399286 -23.861994 -18.927343 6.547202 6.873122 -0.165698 7.939313 -4.800632 -5.081500 3.410845 7.812889 -15.394188 13.018647 -8.506284 1.894342 -7.114410 11.711096 0.887586 1.549645
1.048326 -19.451702 9.990963 -11.401436 20.105431 -7.800802 5.324683 15.847256 4.444312 2.387572 -18.465233 7.307399 -24.230980 -18.934568 6.343411 6.882773 -0.359538 8.027028 -4.715181 -5.493581 3.301631 7.588100 -15.686893 13.281281 -8.559207 1.986540 -7.058069 11.535706 0.976330 1.087021
1.145055 -19.475485 10.320836 -11.453736 19.853973 -7.648551 5.412652 16.032089 4.541449 2.212862 -18.288595 7.234056 -24.513041 -18.950813 6.172132 6.872742 -0.487188 8.046749 -4.686010 -5.831787 3.233296 7.409737 -15.946701 13.444532 -8.619172 2.058419 -6.998374 11.395121 1.075595 0.751064
1.243839 -19.473232 10.632066 -11.479767 19.632666 -7.518116 5.500207 16.201969 4.592724 2.053056 -18.132507 7.213999 -24.836946 -18.944921 5.950848 6.901947 -0.678006 8.132993 -4.645490 -6.058111 3.242829 7.335254 -15.990948 13.435174 -8.698499 2.076796 -7.157153 11.247598 1.081914 0.507647
1.354353 -19.474529 10.930039 -11.537474 19.424763 -7.380510 5.550607 16.366589 4.657024 1.882740 -17.983641 7.211956 -25.082523 -18.978008 5.720158 7.016202 -0.912486 8.154296 -4.599799 -6.234084 3.185582 7.236553 -16.138556 13.475333 -8.797843 2.132505 -7.184183 11.098799 1.130783 0.304983
1.405085 -19.478552 11.122306 -11.528534 19.249741 -7.294355 5.612231 16.483799 4.658622 1.745479 -17.894138 7.199240 -25.236534 -18.974073 5.594019 7.078142 -1.008359 8.137954 -4.570367 -6.388593 3.147627 7.192699 -16.211893 13.467967 -8.853539 2.140938 -7.205837 11.032124 1.136370 0.251904
1.401638 -19.507933 11.239071 -11.496292 19.152828 -7.249352 5.657683 16.524744 4.662583 1.692010 -17.847340 7.208302 -25.291321 -18.969193 5.541494 7.131617 -1.051327 8.084793 -4.542222 -6.455086 3.127278 7.137094 -16.293020 13.466071 -8.895138 2.166522 -7.180425 10.993712 1.186734 0.208589
1.409568 -19.501875 11.289275 -11.504454 19.130722 -7.218102 5.661554 16.567003 4.667562 1.671386 -17.810104 7.211377 -25.362318 -18.978619 5.510859 7.132569 -1.065416 8.088899 -4.521908 -6.491644 3.119550 7.100205 -16.342207 13.483726 -8.908110 2.170008 -7.170254 10.977365 1.202914 0.177174
1.473501 -19.428003 11.507094 -11.525861 19.034452 -7.138326 5.658799 16.768969 4.737655 1.595285 -17.694164 7.217168 -25.568739 -19.001539 5.363180 7.199996 -1.195352 8.100494 -4.478583 -6.608669 3.140311 6.969587 -16.461275 13.476188 -8.890700 2.222510 -7.226528 10.919953 1.275488 0.030282
1.588044 -19.355230 11.917505 -11.455090 18.837177 -6.812945 5.630543 17.283649 4.788007 1.414418 -17.448277 7.279642 -26.037632 -19.080225 5.005929 7.324862 -1.458567 8.051227 -4.376269 -6.878768 3.190354 6.714095 -16.675392 13.396093 -8.918469 2.323330 -7.374955 10.775202 1.419114 -0.219863
1.686417 -19.132553 12.648607 -11.273088 18.360260 -6.510711 5.736011 18.065632 4.668056 0.941334 -17.098179 7.479486 -26.516037 -19.313011 4.513789 7.496599 -1.853055 7.726151 -4.413961 -7.231360 3.120340 6.086132 -17.455585 13.239898 -8.930048 2.448544 -7.313334 10.656745 1.784257 -0.475928
1.766762 -19.200373 13.333520 -10.792436 17.703991 -5.897412 5.846752 19.278463 4.269978 0.223612 -16.481600 7.970558 -27.447975 -19.760078 3.548062 7.634620 -2.805651 7.486586 -4.655390 -7.588316 3.204504 5.160339 -18.397226 12.995030 -8.689925 2.793081 -7.393528 10.567119 2.390899 -0.914239
2.341788 -19.662970 13.569053 -11.066238 17.019955 -4.694361 5.492102 20.758490 4.427991 -0.506129 -15.788544 8.633451 -28.742558 -20.209236 2.425332 8.091761 -3.994606 7.332615 -4.656296 -7.837262 3.280166 4.039582 -19.580435 12.948230 -8.160403 3.191192 -7.042342 10.947185 3.283932 -1.073054
2.912557 -19.906178 13.179455 -12.118879 16.376089 -3.399268 4.985942 22.364899 4.465544 -1.494320 -14.429264 8.957001 -30.262369 -21.040680 1.371876 8.717421 -5.100299 7.086397 -4.852506 -8.394247 3.322587 2.830534 -20.731680 13.230663 -7.370215 3.908218 -6.337200 11.526199 4.400854 -1.281227
2.274726 -18.046576 12.919338 -12.712128 16.913765 -2.184594 4.414690 24.155626 3.181693 -2.163094 -12.345024 9.276281 -31.611807 -23.162451 -0.197060 8.350384 -6.962941 6.665625 -6.148469 -9.406601 4.089813 1.728025 -21.244789 13.347766 -6.735738 4.865897 -5.742579 12.072519 6.134121 -2.653656
0.203607 -13.871528 14.933575 -12.822319 17.202114 0.869264 4.752900 24.460505 0.303247 -3.352720 -9.816603 9.815675 -32.690941 -25.925203 -1.727129 5.877435 -7.600410 5.893901 -9.058263 -10.394616 6.431119 1.775748 -18.992830 12.457033 -7.572353 5.427574 -6.118316 12.516273 8.566792 -6.120684
-3.074093 -11.291193 17.537006 -11.352147 15.573140 1.658095 6.872423 24.577408 -2.493948 -5.257162 -7.410397 7.920352 -32.292664 -25.952871 -0.683583 3.528137 -4.798093 4.894026 -12.270476 -12.490931 7.566057 2.571955 -16.283842 11.416072 -9.651070 5.897259 -7.800765 11.828845 9.515248 -10.132787
-4.010073 -10.581020 17.966396 -9.603031 13.868356 1.952569 8.288364 25.342533 -4.829472 -6.957495 -5.383267 5.538610 -32.251701 -25.325546 0.355715 1.753030 -2.366924 5.111490 -14.446343 -15.167536 8.416773 2.649006 -14.595524 9.934751 -11.597774 6.104033 -9.295371 11.529495 10.488595 -12.971974
-2.864074 -10.386219 17.359673 -8.441040 13.760419 2.182167 8.503590 27.098871 -6.323786 -7.727767 -3.103046 3.240268 -32.058083 -25.744637 0.104293 1.676401 -2.752532 5.709355 -15.988006 -18.069750 8.534681 0.972495 -14.336772 7.698264 -10.364921 6.951637 -9.443339 13.825235 12.205705 -12.990759
-0.866860 -11.274071 15.240151 -7.347945 12.850748 4.434248 8.772897 28.638092 -8.527519 -8.889391 -1.024894 1.206435 -31.005829 -26.119904 -0.570409 3.528277 -2.909212 4.608426 -16.974495 -20.456516 7.679474 -1.269866 -15.479609 6.095639 -6.634859 7.865816 -9.941583 16.782730 12.650622 -12.208204
0.493766 -13.118380 13.652156 -5.005571 11.635109 5.010191 9.449419 30.090374 -10.762869 -10.428389 -0.635079 0.031026 -29.952515 -24.197336 -1.160643 7.002897 -2.568137 2.194891 -16.610994 -22.894529 6.768785 -3.106265 -17.300112 5.920671 -4.079363 8.760733 -11.703763 16.445000 11.877681 -11.988034
1.640657 -14.797062 11.014721 -3.223102 10.893586 4.109811 9.180912 32.044571 -12.666926 -11.880356 -0.960014 0.058231 -29.906092 -22.243301 -1.392455 8.513546 -0.628767 -0.941266 -15.792152 -24.655693 6.432110 -3.997865 -18.910830 5.340720 -3.724812 9.304128 -14.090527 14.337698 10.755280 -11.192739
2.721047 -14.809483 8.570750 -1.494056 11.225001 1.663564 8.405570 33.663197 -13.976220 -12.438806 -1.639654 -0.064057 -29.780500 -19.417934 -0.977518 8.412650 1.602883 -2.803077 -16.044338 -27.519600 5.676193 -3.583554 -19.424269 4.733454 -4.987400 8.970059 -16.054562 12.166519 8.918777 -10.607540
4.701781 -11.924891 7.549524 -0.219927 12.972016 -0.572040 7.412927 34.862255 -15.158096 -11.780758 -3.805886 -1.467059 -26.912319 -16.812227 0.682513 7.591798 4.306844 -4.170474 -17.761423 -29.972008 4.060297 -2.465120 -19.021154 3.997578 -6.669624 7.905735 -17.514690 10.726168 6.678548 -10.343172
7.123621 -9.519098 6.631088 0.227143 15.157152 -2.018708 6.334336 35.204990 -15.717508 -10.482180 -5.472024 -2.887244 -24.535784 -15.270078 2.664747 6.650028 6.789674 -4.551769 -18.579189 -31.815052 1.669108 -1.430463 -19.215021 2.470936 -8.323175 6.053483 -18.785622 10.460268 4.273557 -9.557594
8.936976 -7.001385 6.237589 0.985872 17.082291 -2.118763 5.647917 34.770565 -16.497128 -9.029713 -6.739777 -3.983661 -22.407539 -14.308433 3.729695 5.959430 8.001531 -4.438535 -19.288151 -32.265926 0.605548 -0.870429 -19.062460 1.700443 -8.960963 4.940156 -18.887751 10.784915 3.269548 -9.098030
9.841480 -6.015932 5.548411 1.331482 18.091705 -1.884809 5.225785 34.378872 -16.914589 -8.162940 -7.471178 -4.729333 -21.406055 -13.872275 4.380256 5.254474 8.630734 -3.943959 -19.943043 -32.374931 0.102588 -0.520952 -18.852037 1.180090 -9.361916 4.367882 -18.859501 10.968944 2.795188 -8.692871
10.034645 -5.651105 5.254028 1.361663 18.416107 -1.851411 5.128179 34.161877 -17.087414 -7.858922 -7.661356 -4.901768 -21.041431 -13.756921 4.603809 5.047453 8.909446 -3.857338 -19.978395 -32.297504 -0.107025 -0.398882 -18.808907 1.036504 -9.496152 4.293388 -18.860100 11.007644 2.667465 -8.515486
9.984107 -5.759636 5.224782 1.420310 18.366341 -1.845753 5.156414 34.190166 -17.125624 -7.926536 -7.573115 -4.920656 -21.067955 -13.804767 4.556263 5.142261 8.868499 -3.920639 -20.031530 -32.350670 -0.062148 -0.397868 -18.787531 1.045831 -9.495093 4.353485 -18.864405 10.975464 2.708658 -8.519779
9.862961 -6.018841 5.075441 1.537222 18.393978 -1.791362 5.201872 34.236065 -17.192892 -7.998569 -7.418128 -4.896596 -21.033184 -13.987325 4.473722 5.288660 8.756646 -4.121739 -20.187679 -32.351292 -0.023179 -0.413269 -18.720861 1.020993 -9.481563 4.481267 -18.988512 10.922659 2.766551 -8.558816
9.485983 -6.370883 4.958503 1.784330 18.196251 -1.835849 5.403837 34.402233 -17.469646 -8.322606 -7.187659 -4.864696 -20.993206 -14.148335 4.445248 5.498959 8.746939 -4.428322 -20.333107 -32.293785 0.074370 -0.436568 -18.633539 0.962733 -9.393634 4.668244 -19.171124 10.875967 2.835567 -8.589542
9.000981 -6.754084 4.787824 2.090312 17.884439 -1.948022 5.711276 34.513000 -17.881481 -8.743720 -6.872362 -4.814399 -20.968588 -14.292460 4.465629 5.811112 8.717608 -4.841204 -20.318880 -32.224979 0.363027 -0.503933 -18.467997 0.820976 -9.179395 4.968731 -19.419552 10.870364 3.005703 -8.495284
8.430597 -7.466692 4.455883 2.672201 17.598978 -2.054840 6.153387 34.614441 -18.364304 -9.101261 -6.325913 -4.874408 -20.830315 -14.532821 4.490163 6.451316 8.706143 -5.546792 -20.429047 -32.231030 0.439272 -0.579850 -18.355207 0.729888 -9.081772 5.291490 -19.583553 10.816547 3.147902 -8.337750
7.689184 -8.359711 4.063358 3.353939 17.142590 -2.131135 6.763710 34.561543 -18.902016 -9.469534 -6.053811 -4.819839 -20.682064 -14.798354 4.494375 6.698942 8.748446 -6.039602 -20.567017 -32.207844 0.718477 -0.638265 -18.091032 0.518294 -8.956637 5.712081 -19.810682 10.767967 3.405801 -8.163417
6.814908 -9.470907 3.560375 4.351138 16.636913 -2.127054 7.517025 34.245548 -19.565088 -9.712730 -5.457761 -4.836787 -20.515289 -15.208489 4.278134 7.162411 8.526461 -6.638558 -20.839682 -32.094631 1.169332 -0.690450 -17.818542 0.359583 -8.755135 6.184288 -20.044830 10.656893 3.723294 -7.883710
6.063678 -10.576131 3.335770 5.334808 16.258949 -1.931891 8.167732 34.097969 -19.978373 -9.814867 -4.767068 -5.017086 -20.062050 -15.416108 4.072468 8.299643 8.134808 -7.456862 -20.970354 -31.897701 1.590830 -0.850580 -17.709951 0.310858 -8.527678 6.675859 -20.213341 10.492300 4.068182 -7.631021
5.248485 -11.481035 3.154426 6.295692 15.989987 -1.740088 8.866811 33.970715 -20.508087 -9.922286 -4.304215 -5.114062 -19.753557 -15.742450 4.014614 8.962101 8.167760 -8.225997 -20.825249 -31.710640 2.130129 -0.986136 -17.460869 0.161246 -8.167175 7.197992 -20.622948 10.341140 4.260231 -7.086366
4.366794 -12.095964 2.927330 7.150914 15.610935 -1.731433 9.553208 33.761257 -21.237684 -10.030204 -4.140616 -5.127116 -19.291004 -15.778930 4.155142 9.430849 8.415677 -8.953306 -20.687616 -31.477369 2.524078 -0.939372 -17.117044 -0.027925 -8.004315 7.486734 -20.962143 10.202139 4.326873 -6.617681
3.330833 -12.629179 2.664768 7.875540 15.507674 -1.416918 10.169148 33.494171 -21.822355 -9.845019 -4.135534 -5.107368 -18.756516 -15.512547 4.171656 10.226532 8.610724 -9.899920 -20.393398 -31.492460 2.817223 -0.899272 -16.844986 -0.184106 -7.815892 7.685983 -21.244406 10.134628 4.332238 -6.082885
2.348487 -12.233858 2.745989 8.454256 15.799312 -1.025453 10.591885 33.247578 -22.555862 -9.485941 -4.118854 -5.179141 -18.171070 -15.342495 4.269953 11.185345 8.677018 -10.607762 -19.943489 -31.348186 3.095187 -0.929270 -16.740843 -0.357909 -7.506436 7.869160 -21.564293 10.088331 4.325241 -5.458700
1.619815 -11.725081 3.126981 8.850687 16.150692 -0.529244 10.896709 33.082825 -23.141867 -9.225590 -4.085598 -5.434040 -17.554773 -15.062003 4.552009 12.001665 9.043604 -11.118834 -19.618097 -31.190823 3.347558 -0.812542 -16.477085 -0.548700 -7.136511 8.020463 -21.885660 10.111136 4.223272 -4.778800
1.145387 -10.989633 3.277968 9.009824 16.520056 -0.374699 11.137624 33.011318 -23.854027 -9.111324 -4.252942 -5.713507 -16.823036 -14.713119 4.984089 12.793705 9.545858 -11.696699 -19.295351 -31.206656 3.391706 -0.742595 -16.475561 -0.641971 -6.872665 7.925046 -22.118168 10.148495 3.978749 -4.394959
0.617907 -10.254890 3.431000 9.100849 17.008284 -0.127154 11.239250 32.912132 -24.349243 -8.858716 -4.427476 -5.922068 -16.279621 -14.314233 5.210342 13.463716 9.858220 -12.069860 -19.103651 -31.245052 3.438457 -0.675152 -16.423235 -0.837054 -6.570816 7.920542 -22.336302 10.195914 3.785667 -3.779286
0.332148 -9.562383 3.538330 9.056209 17.451563 0.084450 11.157887 32.580494 -24.578445 -8.592424 -4.544570 -6.051111 -15.926289 -13.885166 5.231847 14.239195 9.962314 -12.256997 -18.868988 -31.045547 3.382761 -0.686835 -16.482578 -0.877370 -6.373785 7.823134 -22.331131 10.294390 3.639121 -3.377154
0.232673 -9.264145 3.473596 9.041285 17.845009 0.293187 11.040155 32.147484 -24.642717 -8.264225 -4.798084 -6.182663 -15.552138 -13.642320 5.498003 14.509814 10.120797 -12.135974 -18.714815 -30.844055 3.302662 -0.652939 -16.488104 -0.909137 -6.198678 7.806552 -22.284632 10.351561 3.508461 -2.953340
0.167256 -9.096172 3.367116 9.020115 18.181980 0.406166 10.899538 31.867901 -24.619572 -7.962024 -4.878662 -6.295863 -15.525023 -13.472381 5.586925 14.764727 10.196861 -11.971144 -18.512316 -30.744375 3.260835 -0.606993 -16.494080 -0.962891 -6.139562 7.776927 -22.242676 10.373764 3.426359 -2.637466
0.068974 -9.022621 3.299046 8.989569 18.342897 0.447895 10.867558 31.641354 -24.631647 -7.824419 -4.849094 -6.314413 -15.615577 -13.380326 5.569645 14.855138 10.274926 -11.870418 -18.389498 -30.641109 3.208580 -0.604985 -16.539007 -1.051799 -6.119351 7.731451 -22.236086 10.423910 3.381011 -2.452082
0.073496 -9.008993 3.256823 8.983263 18.359467 0.468076 10.862631 31.578133 -24.663559 -7.808901 -4.886818 -6.335459 -15.607995 -13.332686 5.591414 14.877828 10.314332 -11.819036 -18.352882 -30.615591 3.180231 -0.659188 -16.636259 -1.068622 -6.070640 7.745256 -22.222139 10.429421 3.395184 -2.426686
0.081807 -9.046852 3.262957 8.995795 18.335339 0.492971 10.866800 31.578173 -24.662752 -7.831489 -4.881442 -6.330980 -15.611466 -13.341491 5.592883 14.870723 10.302163 -11.808927 -18.352194 -30.623997 3.193801 -0.647281 -16.637613 -1.082050 -6.051707 7.776249 -22.209377 10.422920 3.413826 -2.401503
0.076510 -9.052109 3.248036 8.977634 18.358780 0.557776 10.868654 31.556881 -24.646175 -7.809444 -4.868085 -6.351188 -15.619715 -13.359646 5.568572 14.871302 10.325412 -11.800593 -18.345057 -30.609703 3.187139 -0.682162 -16.619194 -1.076802 -6.074522 7.788275 -22.238337 10.414369 3.438386 -2.389688
0.099310 -9.095383 3.249054 9.018603 18.346170 0.532293 10.863578 31.566971 -24.641144 -7.812022 -4.850354 -6.329469 -15.637958 -13.354400 5.584397 14.866770 10.334971 -11.812995 -18.332918 -30.596571 3.184103 -0.688535 -16.639883 -1.084554 -6.065248 7.762996 -22.215546 10.431963 3.421000 -2.418111
0.085339 -9.082825 3.260242 9.020195 18.355408 0.509995 10.859294 31.584959 -24.629431 -7.798542 -4.849075 -6.314309 -15.643003 -13.352640 5.602204 14.849564 10.352267 -11.834764 -18.337713 -30.596659 3.185429 -0.698869 -16.634932 -1.071303 -6.059754 7.749644 -22.205524 10.447409 3.424058 -2.451244
0.082388 -9.066341 3.262328 9.007384 18.364344 0.495761 10.860550 31.584431 -24.621525 -7.785781 -4.847095 -6.309755 -15.642447 -13.348825 5.605182 14.851414 10.351285 -11.838408 -18.337973 -30.593290 3.175096 -0.699935 -16.638277 -1.074265 -6.063043 7.745478 -22.209965 10.450583 3.419127 -2.456443
0.084297 -9.042356 3.275093 9.012770 18.364975 0.485103 10.860184 31.590187 -24.630884 -7.793738 -4.857835 -6.308262 -15.641512 -13.352191 5.595569 14.848648 10.344623 -11.848075 -18.350943 -30.595284 3.175113 -0.684009 -16.638744 -1.076409 -6.065566 7.758020 -22.212582 10.438465 3.415475 -2.436224
0.084486 -9.018719 3.289997 9.019074 18.362808 0.457508 10.860602 31.604792 -24.643398 -7.800124 -4.879597 -6.311930 -15.625669 -13.345357 5.593348 14.854478 10.313531 -11.838956 -18.369364 -30.611948 3.186481 -0.649365 -16.652603 -1.081113 -6.052010 7.761015 -22.208786 10.425951 3.407781 -2.432958
0.071192 -9.016327 3.291188 8.993505 18.372379 0.500747 10.860841 31.594219 -24.630239 -7.797343 -4.889805 -6.318004 -15.629598 -13.343522 5.574042 14.852592 10.334157 -11.840767 -18.372896 -30.614761 3.191375 -0.662122 -16.631479 -1.078622 -6.057194 7.789471 -22.232264 10.412714 3.433040 -2.396853
0.071531 -9.038347 3.286578 9.005789 18.359783 0.515758 10.874686 31.597122 -24.637196 -7.802544 -4.875558 -6.331181 -15.635122 -13.345096 5.573923 14.852167 10.336782 -11.826016 -18.363617 -30.615414 3.178400 -0.666175 -16.627789 -1.090098 -6.067603 7.797663 -22.239464 10.414647 3.439434 -2.386744
0.087986 -9.057108 3.281940 9.024410 18.347965 0.499627 10.869834 31.594116 -24.639763 -7.806536 -4.860240 -6.332625 -15.641443 -13.347724 5.589671 14.848849 10.341764 -11.829854 -18.360174 -30.603468 3.168308 -0.677385 -16.635275 -1.083864 -6.069830 7.772370 -22.226875 10.426449 3.418314 -2.406675
0.079785 -9.049865 3.274995 9.015574 18.356148 0.490458 10.873596 31.591450 -24.635025 -7.795359 -4.853134 -6.330863 -15.642471 -13.344460 5.603781 14.842203 10.350343 -11.829850 -18.360302 -30.600801 3.160877 -0.685409 -16.635115 -1.082082 -6.070851 7.761194 -22.232296 10.437466 3.412493 -2.413272
0.080744 -9.039717 3.272498 9.006220 18.360413 0.488845 10.872381 31.581821 -24.633814 -7.790522 -4.854089 -6.336652 -15.639575 -13.346609 5.602881 14.841049 10.345920 -11.827603 -18.366888 -30.600899 3.158395 -0.690245 -16.642868 -1.088119 -6.073663 7.758525 -22.230478 10.438483 3.412723 -2.416685
0.090003 -9.038694 3.281192 9.015120 18.365812 0.485758 10.859009 31.593666 -24.631790 -7.787665 -4.864462 -6.342073 -15.642425 -13.351415 5.586426 14.834892 10.336523 -11.822638 -18.385550 -30.607922 3.162820 -0.690055 -16.652445 -1.090817 -6.065125 7.760546 -22.220177 10.435979 3.418299 -2.428057
0.102078 -9.038427 3.275572 9.018312 18.370855 0.488726 10.858047 31.587177 -24.631874 -7.788226 -4.872838 -6.352468 -15.636856 -13.364474 5.582423 14.837362 10.322232 -11.813849 -18.396563 -30.619705 3.162622 -0.687740 -16.652658 -1.092360 -6.064214 7.759054 -22.219238 10.434102 3.415768 -2.425649
-17.158508 -14.377395 2.688396 0.267362 25.461929 2.517964 6.800431 33.910633 -12.703845 -0.131464 -9.851500 -7.506809 -9.979754 -19.571924 4.037188 20.863899 3.709858 -13.324965 -13.374655 -25.738554 8.449338 2.322937 -10.730848 5.617918 -5.682623 6.291501 -24.369209 7.808072 0.012781 -2.035999
-17.158508 -14.377395 2.688396 0.267362 25.461929 2.517964 6.800431 33.910633 -12.703845 -0.131464 -9.851500 -7.506809 -9.979754 -19.571924 4.037188 20.863899 3.709858 -13.324965 -13.374655 -25.738554 8.449338 2.322937 -10.730848 5.617918 -5.682623 6.291501 -24.369209 7.808072 0.012781 -2.035999
-17.158508 -14.377395 2.688396 0.267362 25.461929 2.517964 6.800431 33.910633 -12.703845 -0.131464 -9.851500 -7.506809 -9.979754 -19.571924 4.037188 20.863899 3.709858 -13.324965 -13.374655 -25.738554 8.449338 2.322937 -10.730848 5.617918 -5.682623 6.291501 -24.369209 7.808072 0.012781 -2.035999
-17.158508 -14.377395 2.688396 0.267362 25.461929 2.517964 6.800431 33.910633 -12.703845 -0.131464 -9.851500 -7.506809 -9.979754 -19.571924 4.037188 20.863899 3.709858 -13.324965 -13.374655 -25.738554 8.449338 2.322937 -10.730848 5.617918 -5.682623 6.291501 -24.369209 7.808072 0.012781 -2.035999
-17.158508 -14.377395 2.688396 0.267362 25.461929 2.517964 6.800431 33.910633 -12.703845 -0.131464 -9.851500 -7.506809 -9.979754 -19.571924 4.037188 20.863899 3.709858 -13.324965 -13.374655 -25.738554 8.449338 2.322937 -10.730848 5.617918 -5.682623 6.291501 -24.369209 7.808072 0.012781 -2.035999
-15.397129 -14.454906 3.048844 1.977593 24.441910 -0.940356 5.325884 33.211479 -13.910853 -1.714413 -9.907784 -3.471145 -10.503322 -18.317585 6.275656 20.059685 1.891157 -15.170323 -14.216502 -27.504791 9.504877 3.428991 -12.398144 4.376866 -4.762980 5.599496 -24.050211 8.035232 0.935878 -3.031488
-14.940540 -13.669832 3.398881 2.157668 24.190428 -1.709186 5.345507 32.992615 -14.317406 -2.016303 -9.542509 -2.674133 -11.000480 -18.697336 6.331576 19.228802 1.748502 -15.713112 -14.700122 -27.394970 9.759357 3.208187 -12.721862 4.121692 -4.607007 5.423670 -23.942078 8.199493 1.260728 -3.178509
-15.037274 -13.988657 3.513690 2.219748 23.764507 -1.887862 5.622444 32.839226 -14.363576 -2.336250 -9.667957 -2.421263 -11.126950 -18.729044 6.104878 19.221281 1.747841 -15.812022 -14.706629 -27.630527 9.796392 3.437063 -12.798517 4.075741 -4.717390 5.444929 -24.059437 7.895063 1.129059 -2.958315
-15.121328 -13.932770 3.475549 2.112087 23.834427 -1.836311 5.705763 32.860027 -14.314734 -2.216856 -9.646371 -2.447076 -11.142595 -18.754646 6.099194 19.213009 1.830355 -15.818082 -14.691833 -27.610508 9.777323 3.398107 -12.784624 4.139004 -4.768044 5.402905 -24.075397 7.896348 1.094664 -3.006040
-15.138652 -13.957381 3.477024 2.113096 23.821198 -1.829751 5.738273 32.851398 -14.301618 -2.211354 -9.613081 -2.439441 -11.161299 -18.738541 6.160057 19.196550 1.853438 -15.826474 -14.693843 -27.586594 9.772571 3.390999 -12.779438 4.142246 -4.769073 5.400448 -24.084808 7.897775 1.088163 -2.996396
-15.138490 -13.957369 3.477025 2.113158 23.821186 -1.829746 5.738134 32.851421 -14.301684 -2.211373 -9.612930 -2.439586 -11.161201 -18.738522 6.160364 19.196392 1.854000 -15.826612 -14.693794 -27.586557 9.774595 3.390619 -12.780363 4.142758 -4.768325 5.399779 -24.085608 7.897391 1.088517 -2.997079
-15.144165 -13.948793 3.478737 2.109605 23.829409 -1.818477 5.738728 32.851414 -14.300067 -2.209550 -9.610239 -2.444387 -11.162976 -18.741154 6.155519 19.196285 1.861074 -15.825875 -14.693204 -27.579136 9.780270 3.400871 -12.778016 4.137310 -4.765057 5.408604 -24.082108 7.892007 1.092856 -2.986312
-15.137992 -13.959648 3.477651 2.113845 23.817316 -1.829477 5.740182 32.850788 -14.302309 -2.214103 -9.611844 -2.439618 -11.161220 -18.738012 6.158756 19.196455 1.853984 -15.828094 -14.696337 -27.588581 9.764803 3.390588 -12.778503 4.143933 -4.772875 5.404137 -24.087349 7.892278 1.086255 -2.998779
-15.137651 -13.959452 3.478498 2.114527 23.816765 -1.830491 5.741062 32.850445 -14.302305 -2.214285 -9.611759 -2.439191 -11.161779 -18.738152 6.158669 19.195675 1.854257 -15.828009 -14.696575 -27.588440 9.764803 3.390588 -12.778503 4.143933 -4.772875 5.404137 -24.087349 7.892278 1.086255 -2.998779
-15.158253 -13.931095 3.499150 2.103471 23.842436 -1.755152 5.716957 32.854527 -14.307376 -2.211182 -9.622602 -2.481595 -11.149293 -18.775143 6.090193 19.206642 1.871836 -15.808236 -14.688937 -27.576189 9.774132 3.389852 -12.764986 4.141487 -4.778842 5.416333 -24.091795 7.881890 1.094068 -2.974585
-15.147637 -13.942389 3.500316 2.116785 23.833065 -1.765938 5.705753 32.855495 -14.312573 -2.224916 -9.639257 -2.481024 -11.140906 -18.778704 6.065316 19.215374 1.854495 -15.805407 -14.688592 -27.589031 9.758343 3.383045 -12.768656 4.146316 -4.779252 5.398183 -24.090469 7.897801 1.081446 -2.996802
-15.148482 -13.941545 3.499369 2.115085 23.834303 -1.765642 5.707084 32.855354 -14.312595 -2.223160 -9.639605 -2.482721 -11.140176 -18.779240 6.062668 19.216829 1.851631 -15.804687 -14.688334 -27.588531 9.760321 3.386859 -12.768986 4.143692 -4.778030 5.400027 -24.090403 7.896314 1.082739 -2.994653
-15.148482 -13.941545 3.499369 2.115085 23.834303 -1.765642 5.707084 32.855354 -14.312595 -2.223160 -9.639605 -2.482721 -11.140176 -18.779240 6.062668 19.216829 1.851631 -15.804687 -14.688334 -27.588531 9.760321 3.386859 -12.768986 4.143692 -4.778030 5.400027 -24.090403 7.896314 1.082739 -2.994653
-15.148482 -13.941545 3.499369 2.115085 23.834303 -1.765642 5.707084 32.855354 -14.312595 -2.223160 -9.639605 -2.482721 -11.140176 -18.779240 6.062668 19.216829 1.851631 -15.804687 -14.688334 -27.588531 9.760321 3.386859 -12.768986 4.143692 -4.778030 5.400027 -24.090403 7.896314 1.082739 -2.994653
-15.148482 -13.941545 3.499369 2.115085 23.834303 -1.765642 5.707084 32.855354 -14.312595 -2.223160 -9.639605 -2.482721 -11.140176 -18.779240 6.062668 19.216829 1.851631 -15.804687 -14.688334 -27.588531 9.760321 3.386859 -12.768986 4.143692 -4.778030 5.400027 -24.090403 7.896314 1.082739 -2.994653
-15.158104 -13.928938 3.503109 2.111973 23.845015 -1.748737 5.708944 32.853916 -14.309907 -2.219415 -9.624746 -2.487333 -11.147631 -18.778313 6.080783 19.210320 1.868226 -15.806052 -14.688728 -27.571745 9.769243 3.387322 -12.764539 4.146750 -4.779548 5.411898 -24.089283 7.886111 1.090033 -2.983238
-15.158104 -13.928938 3.503109 2.111973 23.845015 -1.748737 5.708944 32.853916 -14.309907 -2.219415 -9.624521 -2.487348 -11.147679 -18.778294 6.080969 19.210087 1.868765 -15.806197 -14.688756 -27.571674 9.769060 3.386905 -12.764427 4.146950 -4.779362 5.411952 -24.089561 7.886298 1.090170 -2.983299
-15.157936 -13.928918 3.503098 2.112030 23.845013 -1.748732 5.708794 32.853939 -14.309974 -2.219430 -9.624521 -2.487348 -11.147679 -18.778294 6.080969 19.210087 1.868765 -15.806197 -14.688756 -27.571674 9.769060 3.386905 -12.764427 4.146950 -4.779362 5.411952 -24.089561 7.886298 1.090170 -2.983299
-15.155969 -13.931625 3.500896 2.112082 23.840576 -1.759587 5.709026 32.853367 -14.310702 -2.219271 -9.621849 -2.485008 -11.149426 -18.776012 6.087080 19.206995 1.873614 -15.807460 -14.688630 -27.572781 9.772227 3.395236 -12.766857 4.137315 -4.776870 5.412744 -24.089443 7.884586 1.090716 -2.976437
-15.155969 -13.931625 3.500896 2.112082 23.840576 -1.759587 5.709026 32.853367 -14.310702 -2.219271 -9.621849 -2.485008 -11.149426 -18.776012 6.087080 19.206995 1.873614 -15.807460 -14.688630 -27.572781 9.772227 3.395236 -12.766857 4.137315 -4.776870 5.412744 -24.089443 7.884586 1.090716 -2.976437
-15.155969 -13.931625 3.500896 2.112082 23.840576 -1.759587 5.709026 32.853367 -14.310702 -2.219271 -9.621849 -2.485008 -11.149426 -18.776012 6.087080 19.206995 1.873614 -15.807460 -14.688630 -27.572781 9.772227 3.395236 -12.766857 4.137315 -4.776870 5.412744 -24.089443 7.884586 1.090716 -2.976437
