-2.516618 -6.764664 -1.420419 -5.772321 14.425387 -6.897853 19.723024 3.846381 -16.237793 -15.961045 -13.572204 0.120909 -10.912902 -7.901474 6.650346 6.877746 11.561542 0.689450 -22.363138 -9.541510 11.104490 -5.205211 -3.375437 6.359878 -12.875050 -2.729650 -17.789524 13.792738 -3.861707 6.993386
-2.704714 -6.741227 -1.662609 -5.639021 14.509683 -6.855808 19.722277 3.807239 -16.483269 -15.935490 -13.470060 0.031331 -10.599245 -7.917396 6.726370 6.995628 11.636376 0.359499 -22.426105 -9.622319 11.154943 -5.154139 -3.251728 6.269872 -12.915699 -2.717700 -17.863148 13.773880 -3.868732 7.141954
-2.852800 -6.706813 -1.907596 -5.421866 14.490328 -6.755052 19.643496 4.032494 -16.776085 -16.007475 -13.149747 -0.097016 -10.193753 -8.015851 6.809822 7.389976 11.632146 -0.234920 -22.516653 -9.789961 11.287264 -5.195844 -3.127517 6.148004 -12.851021 -2.597186 -18.035980 13.745125 -3.800917 7.181097
-3.640987 -6.962622 -1.858682 -4.644114 14.166929 -6.236073 19.715542 4.987906 -17.499601 -16.527027 -11.814290 -0.395280 -10.808331 -8.515216 6.106898 8.950434 10.424633 -0.725744 -22.277853 -10.381050 11.572831 -5.648737 -3.420912 6.060318 -12.291433 -2.076905 -18.433121 13.733937 -3.486196 6.566074
-4.357963 -7.508724 -1.817446 -3.978396 14.022042 -5.595828 19.810976 5.957543 -18.114042 -16.942434 -10.612434 -0.674213 -11.390265 -8.978461 5.532251 10.333446 9.470469 -1.157246 -22.120039 -10.943587 11.795446 -6.475079 -4.204341 6.198889 -11.394963 -1.425012 -18.728279 13.753340 -3.056114 5.264680
-5.110895 -7.808000 -2.307863 -3.511395 14.111114 -5.227698 19.957102 6.494681 -18.911221 -17.237602 -10.502905 -0.765922 -11.210307 -9.160183 5.735584 10.489391 9.904635 -1.574937 -22.368776 -11.002252 12.207794 -6.770363 -4.286917 6.223081 -11.142592 -1.054079 -19.083878 13.681532 -2.814473 4.707297
-5.151746 -7.330513 -3.199832 -3.411412 14.642028 -5.041475 19.520327 7.529849 -19.476774 -17.267380 -10.099139 -0.869728 -11.435341 -9.645427 5.445904 10.338834 9.613490 -2.047677 -22.850893 -11.897539 12.317028 -7.026986 -4.423178 6.057040 -11.167636 -0.960713 -19.473999 13.465660 -2.687375 4.438523
-4.604042 -6.533017 -3.718859 -3.720691 15.120277 -4.964547 18.954151 8.534004 -19.705086 -17.373760 -10.103930 -1.006002 -11.136781 -9.750030 5.463074 10.014829 9.820973 -2.716452 -23.353537 -12.766812 12.357660 -7.272655 -4.705993 6.022465 -11.183059 -0.987180 -19.787647 13.180223 -2.679880 4.223543
-4.430767 -6.054972 -3.864962 -3.907830 15.511616 -5.038864 18.509100 9.162680 -19.749863 -17.480425 -10.259205 -1.119063 -10.905345 -9.649825 5.569867 9.854918 10.035987 -3.120566 -23.522333 -13.331079 12.372244 -7.252582 -4.742023 5.834112 -11.347288 -1.172414 -20.067348 12.965339 -2.835631 4.366202
-4.047239 -5.620588 -3.928466 -4.089012 15.859456 -5.139326 18.128569 9.550496 -19.706009 -17.456676 -10.247255 -1.360140 -10.390453 -9.576855 5.879957 9.910532 10.430594 -3.623762 -23.824398 -13.694087 12.437494 -7.284781 -4.723320 5.604962 -11.508781 -1.159426 -20.294479 12.835832 -2.824739 4.473063
-4.083115 -5.634997 -3.832222 -4.103272 15.863420 -5.166511 18.094938 9.648920 -19.669640 -17.528364 -10.122970 -1.377995 -10.448620 -9.620805 5.791698 10.040396 10.304170 -3.746353 -23.838039 -13.886560 12.464052 -7.361123 -4.840237 5.694417 -11.432506 -1.099975 -20.274149 12.822268 -2.779855 4.334370
-4.182252 -5.995082 -2.783399 -4.484282 15.398866 -5.324104 17.962038 10.500359 -18.964380 -18.282255 -9.441073 -1.208022 -11.640210 -10.052544 4.819442 10.675981 8.957088 -3.715675 -23.594416 -14.699568 12.798537 -7.638422 -5.201321 6.069395 -10.996732 -0.904514 -20.209181 12.934766 -2.509205 3.477852
-2.685581 -5.814182 0.285799 -4.469340 13.940001 -6.086196 17.551252 12.206898 -17.124153 -19.259939 -8.065565 -1.335894 -15.201266 -10.773618 2.747465 10.909589 5.618783 -1.301120 -22.947124 -16.322464 12.749371 -8.264456 -6.441094 7.334150 -10.311437 -1.054436 -19.577005 13.260777 -2.119482 0.988671
0.154680 -5.062520 5.508977 -4.182633 11.884891 -7.511505 17.518381 14.963364 -14.290401 -20.449474 -6.290349 -1.817327 -18.985287 -11.803779 1.229226 10.192426 2.176330 2.034090 -22.176886 -18.036009 11.847998 -9.790316 -9.030890 9.551982 -9.270555 -0.740956 -17.928665 13.837789 -1.244155 -2.406956
2.403924 -5.872387 10.115628 -5.265143 11.860877 -4.053851 16.209408 17.008703 -10.649898 -20.163153 -4.334367 -1.522159 -23.524107 -13.917433 -0.080478 8.590237 0.023768 4.911996 -21.859066 -18.764677 9.038095 -12.169889 -12.415766 11.956997 -9.543169 1.640545 -15.828570 12.322327 -0.173229 -3.442142
3.918080 -12.880263 13.476289 -4.960082 10.408135 4.389498 13.293934 18.032970 -5.986131 -21.450319 -1.419103 0.135610 -32.712173 -15.649633 1.037717 4.236118 4.597253 8.114522 -16.813021 -16.837934 3.089608 -13.515347 -16.429043 16.090239 -12.713694 4.940037 -13.336167 6.358737 -1.909044 -1.381639
3.781068 -17.151533 14.843114 -8.701365 8.434743 6.965253 11.164845 16.651829 -1.383107 -22.294115 -2.902382 3.751681 -37.392689 -16.864473 1.088217 1.211895 6.554627 10.269137 -12.892361 -12.776199 0.026631 -12.042262 -18.493679 19.655682 -14.427148 5.350262 -9.628936 4.989069 -3.314292 -2.832511
6.622790 -20.110739 17.779289 -11.059700 9.705295 6.706411 8.225540 13.698502 5.585013 -20.037369 -5.890810 7.912509 -39.941780 -17.467665 -0.052273 -0.254022 4.145092 13.871809 -10.317435 -7.286343 0.198264 -10.787505 -16.703623 20.848696 -15.218986 7.283164 -4.474038 7.038223 -0.421524 -2.292636
8.694979 -22.359457 17.453711 -12.540429 9.259307 2.204946 8.902678 10.058678 8.827519 -18.551687 -8.666861 9.966460 -38.786545 -16.729666 -0.338243 0.140465 2.934015 15.736401 -9.479297 -2.291321 3.012872 -9.378078 -13.334386 19.759756 -16.434654 8.423059 -1.392175 8.998075 3.003458 0.906984
10.083643 -23.892141 15.740870 -12.958776 9.248203 -0.703650 9.916014 8.213648 9.920094 -17.310953 -10.333677 10.576514 -37.811676 -15.732846 -0.310970 0.871669 2.744984 16.146324 -8.924180 -0.415831 3.969206 -9.059290 -12.224987 18.747589 -17.224688 8.378284 -0.199338 10.125359 4.664495 2.732890
10.253361 -24.063251 15.443774 -13.081711 9.239886 -1.113031 10.044608 8.062330 10.018725 -17.216372 -10.530780 10.708488 -37.769081 -15.579669 -0.249970 0.938664 2.815493 16.159134 -8.776942 -0.216610 3.981293 -8.930876 -12.120399 18.766611 -17.276243 8.305801 0.011734 10.271299 4.706039 2.945022
10.604334 -24.323610 15.310480 -13.239153 8.802688 -1.099067 10.189821 8.020115 10.008172 -17.600176 -10.782275 10.821611 -37.820328 -15.408356 -0.227719 1.071535 2.728179 16.058643 -8.565090 -0.360743 3.879318 -8.950791 -12.171511 18.739626 -17.339706 8.266673 0.142592 10.390496 4.771646 3.045323
11.312294 -24.558493 14.901388 -13.684469 7.986334 -1.463063 10.790651 7.935791 9.859538 -18.098078 -11.103863 10.993516 -37.983833 -15.184950 -0.097878 1.290830 2.721601 15.948438 -8.100528 -0.528354 3.828622 -9.120740 -12.383394 18.482483 -18.022018 8.517003 0.123626 9.874201 5.121157 3.563607
11.798729 -24.963629 14.327756 -14.316344 6.992488 -1.773730 11.691914 7.254419 9.758929 -18.489719 -11.472420 11.135757 -38.150352 -14.810546 0.076281 1.670521 2.824151 15.746247 -7.487821 -0.783019 3.441232 -9.419690 -12.823611 18.263582 -18.236637 8.814986 0.097673 9.510798 5.219276 4.140985
11.976231 -24.333113 13.981574 -15.232079 6.050214 -1.633135 12.547956 6.722742 9.307761 -18.884630 -11.671808 11.121640 -38.075478 -14.708297 0.252178 2.155583 2.836251 15.733731 -6.849725 -0.697970 2.545499 -9.577142 -13.398594 18.067141 -18.335987 8.680831 0.009060 9.170399 4.631297 5.121043
11.084437 -23.778624 14.323310 -15.896658 5.450043 -1.312445 13.205696 5.933920 9.074546 -19.155479 -12.048364 11.119656 -37.859829 -14.485469 0.372990 2.687030 2.699628 16.078943 -6.231221 -0.161196 1.538288 -9.570302 -14.097029 18.269819 -18.503613 8.636996 -0.286363 8.117203 3.569300 6.202754
9.963581 -22.414789 15.307983 -16.368488 5.661386 -1.491392 13.560717 5.312665 8.843593 -18.955696 -12.036680 10.732400 -37.915340 -14.317275 0.947294 3.149975 3.318277 16.727858 -5.293238 0.580398 0.850457 -9.197316 -14.174561 18.476774 -18.623640 8.345151 -0.556876 7.591868 2.594677 6.656851
8.974163 -21.527790 16.049101 -16.603323 6.197785 -1.483438 13.515512 4.605878 8.664393 -18.895653 -11.994018 10.215316 -37.906658 -13.980370 1.542388 3.214011 4.330971 16.901657 -4.766480 0.647740 0.586165 -8.725022 -13.889159 18.688011 -18.728668 8.167238 -0.768623 7.395706 1.972450 6.702218
7.957911 -20.953501 16.281517 -16.211779 7.029128 -1.095899 13.139147 4.053899 8.287681 -18.618330 -12.045877 9.631030 -37.778313 -13.899583 2.110090 2.878207 5.189071 17.247116 -4.580602 0.573338 0.272709 -8.531018 -13.673468 18.530268 -18.474871 8.016788 -0.932255 7.708859 1.558018 6.810919
7.477625 -20.833132 16.087936 -15.989346 7.323481 -0.761229 13.044853 3.864532 7.858319 -18.610025 -12.204446 9.392402 -37.538815 -13.872860 2.339990 2.663484 5.480748 17.430195 -4.653975 0.637020 0.239332 -8.273452 -13.416707 18.574530 -18.440838 7.783615 -1.001462 7.847246 1.282869 6.756605
7.321794 -20.766087 16.015295 -16.025734 7.452845 -0.678726 12.996714 3.764647 7.789121 -18.561909 -12.273151 9.369641 -37.482754 -13.813867 2.444561 2.592802 5.641889 17.454288 -4.646961 0.699811 0.204358 -8.127401 -13.259663 18.512857 -18.456068 7.685206 -0.946364 7.970448 1.202277 6.871195
6.662749 -20.286531 15.805891 -16.318666 7.924069 -0.321570 12.925846 3.028204 7.541276 -18.263258 -12.682644 9.293797 -36.680477 -13.491046 2.955258 2.550248 6.178182 17.365387 -4.723003 1.192023 0.087777 -7.729555 -12.874391 18.129486 -18.660486 7.327297 -0.798944 8.292950 1.003320 7.385601
5.344717 -19.262999 15.318119 -17.040981 8.781801 -0.708684 12.361397 1.711453 7.611886 -17.404520 -13.487060 9.371802 -35.569672 -12.542531 3.748617 2.597069 7.266608 16.878462 -4.698229 1.588180 -0.131386 -6.925542 -12.144691 17.373350 -18.899288 6.573593 -0.668589 8.996551 0.534119 7.995603
3.662448 -18.486382 14.127719 -17.493731 10.200114 -0.500424 11.840271 -0.123619 7.426328 -16.554731 -14.546407 9.801072 -33.976280 -11.442009 5.042365 2.567907 9.172887 15.712577 -4.873661 2.441771 -0.647025 -5.574529 -11.209780 17.224823 -19.294403 5.651005 -0.447896 9.339529 -0.438796 8.173128
2.320798 -19.972862 11.307405 -17.088434 12.409662 0.484768 10.486334 -1.765538 6.483088 -15.583401 -16.020859 10.853162 -32.381134 -9.756391 7.276195 2.182137 12.861989 13.035098 -4.684799 3.009587 -1.061268 -3.752035 -10.251089 17.134012 -19.678743 4.732484 -0.502309 9.219300 -1.855564 8.316654
1.012134 -20.152323 8.650580 -16.163378 14.249491 0.687137 9.562042 -3.834329 4.575385 -15.177629 -17.832121 11.586917 -29.937893 -7.716462 9.468366 2.302407 16.257612 9.797863 -4.641372 3.172660 -1.232620 -1.740417 -9.252838 16.162125 -20.270859 3.663892 -0.768711 9.232147 -3.123157 8.674959
0.144296 -22.742559 4.832642 -14.567530 14.969700 2.236990 9.196436 -6.127759 2.398175 -15.052685 -19.410673 12.326300 -27.253731 -6.188757 10.678600 2.880550 17.678858 7.294048 -5.491804 3.565387 -0.905621 0.206061 -7.705774 15.431153 -20.737217 2.800508 -1.687390 8.690172 -4.571887 9.509186
3.232306 -6.082713 -3.363316 -23.778801 7.739017 -7.941415 18.981955 -8.072254 -11.414048 -19.977644 -18.344337 7.123785 -21.631132 -3.140872 1.748870 5.428926 19.377346 3.343478 -15.658101 1.965804 2.325366 3.969435 -9.433142 10.604959 -17.239346 -1.349593 -3.119602 12.302433 -4.940778 12.754099
3.289213 -5.050342 -4.879608 -21.920437 9.176562 -6.677617 19.366446 -9.334185 -13.582227 -19.290646 -19.035929 6.801545 -18.544346 -3.953407 2.519236 5.721857 19.450834 1.016470 -16.515978 1.814241 3.355240 4.606122 -7.858552 9.720887 -17.006165 -1.598469 -4.594444 12.184792 -5.541676 13.008110
2.774415 -3.984761 -4.814142 -19.755341 10.468014 -6.807301 21.145208 -10.437859 -14.997375 -17.327044 -19.002863 5.954575 -15.055634 -5.062634 3.293520 6.604139 18.562933 -1.343594 -17.813244 0.818581 4.459146 5.742996 -5.834432 8.642716 -16.512672 -1.698938 -6.362139 12.206689 -6.389929 12.672714
0.871755 -7.725657 -2.448948 -13.078045 16.140320 -5.110921 18.245811 -6.595838 -11.646737 -12.982704 -19.118362 4.443757 -10.104491 -1.342296 9.127203 10.216553 16.101492 -0.821796 -17.803450 -2.516925 7.909047 2.608779 -2.400752 8.594044 -17.284950 -6.043634 -9.266528 13.596202 -7.137478 12.438475
4.067975 -6.051522 -1.145159 -9.999801 17.461906 -3.246671 18.611763 -4.896795 -12.823884 -11.246198 -16.887829 2.827402 -6.881609 -4.913512 9.813597 10.887731 13.528182 -0.626911 -19.580561 -1.412103 8.677293 2.745024 -1.412839 9.173734 -15.927735 -5.945140 -11.499930 13.315572 -8.173345 10.254160
7.060556 -4.769664 2.512744 -8.504812 16.948837 -4.498739 19.957451 -3.791019 -11.366024 -11.222597 -15.063656 1.041034 -5.830256 -7.886433 9.774049 9.776438 11.489881 0.925160 -21.131815 -1.973171 9.034575 1.875699 -1.423840 10.036895 -14.579838 -5.418375 -12.903489 13.286442 -8.179628 7.391283
10.439129 -4.224589 5.115384 -8.583310 16.057182 -5.376070 20.650269 -2.655780 -9.139203 -11.163637 -13.810309 0.302777 -6.424889 -9.707248 8.839067 9.525021 7.698955 4.011734 -21.487345 -1.390167 9.466487 0.889751 -1.406233 11.171087 -13.312467 -4.919359 -13.707900 13.474006 -7.983397 5.203551
13.013068 -4.091151 6.195231 -8.236760 15.096381 -5.354006 21.174343 -0.670522 -8.439811 -11.269477 -13.277470 -0.334203 -7.169873 -11.223879 7.860527 9.465344 4.805123 7.838239 -21.184137 0.429084 9.865541 0.057973 -1.530027 12.124732 -12.249972 -4.471213 -14.148936 13.659597 -7.672075 3.580227
13.758218 -4.343112 7.510397 -6.917804 14.109209 -4.947982 22.173634 1.217843 -8.698316 -11.338342 -12.434672 -0.841759 -8.756163 -11.594369 7.833566 8.337820 5.052710 9.223998 -21.093437 -0.070731 10.068848 -0.917913 -2.017330 12.889451 -11.662522 -3.987505 -14.066833 13.899482 -7.023513 3.001585
12.913602 -4.883336 8.306163 -5.994469 12.880048 -5.245595 23.350466 3.046427 -9.119010 -11.768143 -11.720917 -1.413132 -9.909974 -12.018218 8.061835 7.037868 5.215365 10.043099 -21.357515 -1.266170 10.065088 -1.904249 -2.672756 13.378912 -11.424095 -3.620874 -13.828198 14.148582 -6.337170 2.692355
11.901428 -5.410888 8.118764 -5.957924 12.244699 -5.858345 23.837168 4.475392 -9.314918 -12.237061 -11.167801 -1.851014 -10.926616 -12.527637 8.043492 6.025032 4.931057 10.885343 -21.557997 -2.109861 10.011499 -2.516451 -3.175821 13.679516 -11.385856 -3.328784 -13.321548 14.308542 -5.740204 2.783273
11.541249 -5.906571 7.907193 -6.226328 11.853533 -6.131842 24.051098 5.104423 -9.168563 -12.684109 -11.088599 -1.852305 -11.775332 -12.576969 7.729719 5.651439 4.753993 11.321317 -21.485826 -2.688827 9.958803 -2.863641 -3.433139 13.876757 -11.450255 -3.209167 -12.983069 14.364000 -5.416404 2.889850
11.523771 -6.242517 7.794568 -6.366952 11.639178 -6.215064 24.150597 5.288247 -9.006284 -12.954241 -11.097645 -1.827935 -12.161240 -12.535832 7.580816 5.452351 4.774773 11.467931 -21.414608 -2.953661 9.894644 -3.030847 -3.563055 13.944146 -11.504368 -3.177349 -12.803361 14.389414 -5.271676 2.952401
