6.953501 2.929691 6.044570 -21.949350 7.680085 -8.007721 19.717190 3.816702 -14.800607 -11.475410 -13.089666 2.271233 -20.892761 -12.650864 -1.546460 3.125152 7.078297 9.088771 -19.785316 -2.929378 2.575285 7.832434 -10.496243 12.392911 -10.174560 3.226451 -10.330498 10.808861 -1.385632 4.027720
6.152267 -3.919677 6.567628 -16.697697 9.439281 -11.650285 15.774482 6.054692 -11.775179 -9.593811 -13.815732 2.634912 -20.280048 -6.993981 2.994033 5.717732 6.811353 10.070827 -18.278780 -6.491784 4.577449 9.928657 -12.189469 11.302638 -9.087354 0.646198 -9.321594 11.799390 -0.804394 4.101993
6.403975 -3.800532 6.969774 -17.230143 9.324570 -11.731451 15.582016 6.146034 -11.249534 -9.779955 -13.722054 2.854389 -21.096548 -6.994252 2.510268 5.728641 6.105233 10.938205 -18.023996 -6.218081 4.161829 9.600064 -12.837504 11.585872 -9.065716 0.794174 -8.569161 11.999298 -0.491910 4.021148
6.538284 -3.574350 7.625267 -17.794497 9.176718 -11.742109 15.306952 6.597518 -10.627023 -10.096521 -13.678663 2.995926 -21.896456 -7.005455 1.955793 5.710752 5.197127 11.826327 -17.862816 -6.232871 3.796599 9.173659 -13.579880 11.846554 -8.934804 1.035254 -7.933458 12.144741 -0.118694 3.727821
6.565657 -3.381802 8.130588 -18.335409 9.077175 -11.780162 15.107038 7.015812 -10.063130 -10.314887 -13.648340 3.034069 -22.692919 -6.999909 1.543714 5.646338 4.423055 12.746821 -17.637499 -6.292701 3.562463 8.539264 -14.387001 12.206514 -8.709343 1.420188 -7.421883 12.175325 0.383734 3.126619
7.022017 -3.251619 8.451178 -18.772291 8.886446 -11.807983 14.858552 7.507003 -9.573750 -10.471206 -13.708469 2.956745 -23.364212 -6.944622 1.364737 5.405042 3.959783 13.486364 -17.414869 -6.649745 3.490478 8.182016 -14.888911 12.558839 -8.587705 1.653928 -7.114180 12.049248 0.700404 2.557366
7.539272 -3.529850 8.938976 -19.018278 8.533597 -11.690529 14.631683 7.999660 -8.895465 -10.593607 -13.692037 2.950964 -24.335758 -6.859373 1.038063 5.288872 3.441305 14.123595 -17.096483 -7.203614 3.410845 7.812889 -15.394188 13.018647 -8.506284 1.894342 -7.114410 11.711096 0.887586 1.549645
7.716110 -3.785058 9.554103 -19.136831 8.054025 -11.588416 14.711737 8.461777 -8.424733 -10.847006 -13.472565 2.847927 -25.100788 -6.931012 0.700587 5.347530 2.943280 14.332101 -16.864611 -8.016799 3.233296 7.409737 -15.946701 13.444532 -8.619172 2.058419 -6.998374 11.395121 1.075595 0.751064
7.816669 -3.964308 10.151435 -19.102259 7.678080 -11.426647 14.809179 8.966094 -8.173244 -11.091551 -13.255089 2.817792 -25.629295 -7.003910 0.323277 5.555619 2.399854 14.437736 -16.733656 -8.503266 3.185582 7.236553 -16.138556 13.475333 -8.797843 2.132505 -7.184183 11.098799 1.130783 0.304983
7.823446 -4.124483 10.472203 -18.973688 7.442933 -11.328196 14.917946 9.189473 -8.114329 -11.224170 -13.165870 2.816917 -25.793385 -7.018527 0.197396 5.670699 2.252328 14.310182 -16.687822 -8.781626 3.127278 7.137094 -16.293020 13.466071 -8.895138 2.166522 -7.180425 10.993712 1.186734 0.208589
7.828465 -4.109261 10.766183 -18.940210 7.256526 -11.355190 15.000237 9.438346 -8.022340 -11.323908 -13.063937 2.811993 -25.997890 -7.071029 0.057490 5.791314 2.058612 14.291951 -16.617624 -8.960674 3.140311 6.969587 -16.461275 13.476188 -8.890700 2.222510 -7.226528 10.919953 1.275488 0.030282
7.809087 -3.870129 12.347379 -18.566069 6.415675 -10.859097 15.432838 10.545964 -8.071840 -11.929525 -12.494612 2.899494 -26.772289 -7.413634 -0.610121 6.579734 1.151185 13.636460 -16.329809 -9.971355 3.120340 6.086132 -17.455585 13.239898 -8.930048 2.448544 -7.313334 10.656745 1.784257 -0.475928
8.780995 -4.783009 13.841217 -18.098455 4.760585 -9.434004 15.587312 13.244421 -8.225348 -13.613219 -10.995438 3.815731 -28.771788 -8.911955 -2.713267 7.769188 -1.533882 12.767352 -16.199659 -10.815340 3.280166 4.039582 -19.580435 12.948230 -8.160403 3.191192 -7.042342 10.947185 3.283932 -1.073054
10.406846 -8.317192 11.286622 -17.460970 3.308010 -9.800745 15.095699 16.846020 -7.826313 -15.161666 -8.908211 2.731446 -30.104300 -9.737718 -3.858244 9.872124 -3.225128 12.520143 -16.086824 -12.989888 4.089813 1.728025 -21.244789 13.347766 -6.735738 4.865897 -5.742579 12.072519 6.134121 -2.653656
5.554517 -10.921563 10.055697 -13.592556 6.271807 -14.720098 12.488659 21.581430 -5.840053 -13.291860 -7.714202 -1.886834 -28.885351 -7.625037 -1.772158 16.377226 -2.234912 10.090821 -12.768474 -19.417833 7.566057 2.571955 -16.283842 11.416072 -9.651070 5.897259 -7.800765 11.828845 9.515248 -10.132787
1.559861 -9.044989 15.199267 -8.624307 8.302374 -16.765778 13.267488 26.582684 -6.176982 -11.153013 -8.354546 -3.094764 -26.434559 -10.021597 -0.794477 18.374990 -5.081673 6.765347 -12.556117 -24.448372 8.534681 0.972495 -14.336772 7.698264 -10.364921 6.951637 -9.443339 13.825235 12.205705 -12.990759
-8.557215 -10.433147 12.986609 -10.174540 8.671216 -14.456678 13.726734 27.896107 -7.059304 -11.175362 -10.563881 -1.288260 -22.936979 -11.458880 -2.132868 21.155540 -8.767054 0.848832 -13.477924 -25.629953 6.768785 -3.106265 -17.300112 5.920671 -4.079363 8.760733 -11.703763 16.445000 11.877681 -11.988034
-11.232288 -9.565922 10.425649 -10.604548 10.992230 -9.387668 10.541404 32.046337 -9.741488 -12.328075 -9.106382 -0.511248 -20.554256 -15.739783 -2.410932 16.341991 -10.023646 -2.481535 -18.111235 -29.123550 5.676193 -3.583554 -19.424269 4.733454 -4.987400 8.970059 -16.054562 12.166519 8.918777 -10.607540
-9.869190 -6.772553 4.833285 -13.443605 16.938391 -5.394660 4.636967 34.990318 -10.567179 -10.570717 -11.356783 -2.574114 -15.311563 -18.287773 0.534776 11.514148 -8.891088 -2.552275 -21.247789 -30.965519 1.669108 -1.430463 -19.215021 2.470936 -8.323175 6.053483 -18.785622 10.460268 4.273557 -9.557594
-8.450263 -4.659306 1.334368 -14.461869 20.233410 -4.391508 1.748010 35.735779 -10.780694 -8.657294 -12.635636 -4.259557 -12.435587 -18.743595 1.903693 10.242225 -8.258723 -2.079652 -21.745422 -31.104788 0.102588 -0.520952 -18.852037 1.180090 -9.361916 4.367882 -18.859501 10.968944 2.795188 -8.692871
-8.220325 -4.571358 1.028988 -14.455343 20.415325 -4.330191 1.644038 35.583855 -10.829847 -8.473182 -12.717630 -4.412802 -12.146445 -18.772232 2.077658 10.186319 -8.091394 -2.086274 -21.736517 -31.135971 -0.062148 -0.397868 -18.787531 1.045831 -9.495093 4.353485 -18.864405 10.975464 2.708658 -8.519779
-8.917560 -5.226062 0.802789 -14.055739 20.225628 -4.299374 1.943545 35.982105 -11.248883 -8.867556 -12.245337 -4.385510 -12.173333 -19.118992 1.950856 10.510149 -8.142067 -2.536989 -21.981110 -31.077106 0.074370 -0.436568 -18.633539 0.962733 -9.393634 4.668244 -19.171124 10.875967 2.835567 -8.589542
-9.917395 -6.466528 0.473189 -13.115887 19.401028 -4.383309 2.896484 36.121075 -12.203408 -9.659286 -11.328480 -4.370128 -12.186139 -19.536713 1.877477 11.514153 -8.242799 -3.652029 -21.985435 -31.017284 0.439272 -0.579850 -18.355207 0.729888 -9.081772 5.291490 -19.583553 10.816547 3.147902 -8.337750
-11.403376 -8.546926 0.002994 -11.429000 18.042408 -4.408942 4.609132 35.630062 -13.444497 -10.296730 -10.443157 -4.226525 -11.954337 -20.223309 1.601711 12.438047 -8.426076 -5.007992 -22.198862 -30.553841 1.169332 -0.690450 -17.818542 0.359583 -8.755135 6.184288 -20.044830 10.656893 3.723294 -7.883710
-13.269712 -10.251356 -0.123860 -9.829729 17.115929 -4.353935 6.234203 35.170574 -14.445962 -10.576456 -9.411954 -4.433043 -11.059550 -20.509377 1.282616 14.310811 -8.762990 -6.668880 -22.368879 -30.237003 2.130129 -0.986136 -17.460869 0.161246 -8.167175 7.197992 -20.622948 10.341140 4.260231 -7.086366
-15.218660 -11.381884 -0.140446 -8.640097 16.076111 -4.455606 7.971105 33.888344 -15.303464 -10.598818 -9.340444 -4.304268 -10.009694 -20.113405 1.384767 15.653639 -8.288363 -8.563286 -22.129126 -30.126717 2.817223 -0.899272 -16.844986 -0.184106 -7.815892 7.685983 -21.244406 10.134628 4.332238 -6.082885
-16.739912 -10.463208 0.432774 -7.884563 16.472912 -4.415886 8.796294 32.662918 -16.094469 -10.149097 -9.721570 -4.419634 -8.508775 -19.621624 1.765463 17.587200 -8.055412 -10.076236 -21.523035 -29.715654 3.347558 -0.812542 -16.477085 -0.548700 -7.136511 8.020463 -21.885660 10.111136 4.223272 -4.778800
-17.601376 -9.052089 0.642140 -7.619672 17.343050 -4.398399 9.098774 31.978306 -17.115509 -9.829828 -10.596502 -4.901722 -6.922982 -18.575422 2.436316 19.419392 -7.501466 -11.093184 -20.976282 -29.676630 3.438457 -0.675152 -16.423235 -0.837054 -6.570816 7.920542 -22.336302 10.195914 3.785667 -3.779286
-17.888266 -7.748756 0.610184 -7.529819 18.373981 -4.293830 8.720844 31.371952 -17.577847 -9.177231 -11.051750 -5.310955 -6.056679 -17.840031 2.690813 20.656738 -7.280046 -11.150366 -20.561954 -29.147385 3.302662 -0.652939 -16.488104 -0.909137 -6.198678 7.806552 -22.284632 10.351561 3.508461 -2.953340
-18.109030 -7.348458 0.500078 -7.516144 18.878418 -4.322887 8.543383 30.956083 -17.625664 -8.734776 -11.075527 -5.497049 -6.110023 -17.509258 2.739117 21.103119 -7.030334 -10.937137 -20.175894 -28.853340 3.208580 -0.604985 -16.539007 -1.051799 -6.119351 7.731451 -22.236086 10.423910 3.381011 -2.452082
-18.138144 -7.330070 0.495548 -7.498367 18.888542 -4.328573 8.545237 30.904579 -17.652929 -8.715809 -11.112413 -5.510302 -6.104916 -17.456707 2.769269 21.136786 -6.977196 -10.899476 -20.108034 -28.820248 3.193801 -0.647281 -16.637613 -1.082050 -6.051707 7.776249 -22.209377 10.422920 3.413826 -2.401503
-18.182077 -7.316558 0.522758 -7.499440 18.879507 -4.345188 8.569222 30.936203 -17.658628 -8.715069 -11.110910 -5.521126 -6.113914 -17.452980 2.768268 21.122704 -6.950963 -10.892972 -20.115208 -28.832466 3.184103 -0.688535 -16.639883 -1.084554 -6.065248 7.762996 -22.215546 10.431963 3.421000 -2.418111
-18.185461 -7.305969 0.512470 -7.498553 18.889891 -4.346555 8.573776 30.942947 -17.667494 -8.708033 -11.092646 -5.525952 -6.119420 -17.451397 2.786031 21.104568 -6.933126 -10.885002 -20.132557 -28.816542 3.175096 -0.699935 -16.638277 -1.074265 -6.063043 7.745478 -22.209965 10.450583 3.419127 -2.456443
-18.148655 -7.330240 0.503357 -7.476029 18.890303 -4.324272 8.552582 30.926086 -17.665348 -8.719348 -11.095627 -5.522173 -6.108738 -17.461517 2.760323 21.147350 -6.987331 -10.911742 -20.123674 -28.798813 3.186481 -0.649365 -16.652603 -1.081113 -6.052010 7.761015 -22.208786 10.425951 3.407781 -2.432958
-18.182493 -7.318416 0.530542 -7.500878 18.888157 -4.305065 8.576138 30.930792 -17.643847 -8.713020 -11.115299 -5.526210 -6.098750 -17.472498 2.749456 21.150143 -6.982879 -10.903975 -20.109123 -28.810993 3.178400 -0.666175 -16.627789 -1.090098 -6.067603 7.797663 -22.239464 10.414647 3.439434 -2.386744
-18.183498 -7.326537 0.521806 -7.491278 18.877594 -4.328666 8.584550 30.924015 -17.651640 -8.713465 -11.095657 -5.529487 -6.108866 -17.462135 2.779728 21.135794 -6.957742 -10.909396 -20.114103 -28.795364 3.160877 -0.685409 -16.635115 -1.082082 -6.070851 7.761194 -22.232296 10.437466 3.412493 -2.413272
-18.188473 -7.333818 0.531177 -7.488839 18.869648 -4.334368 8.579811 30.936705 -17.651381 -8.721924 -11.102917 -5.529534 -6.107264 -17.471607 2.756855 21.152924 -6.983091 -10.920836 -20.119530 -28.786961 3.162820 -0.690055 -16.652445 -1.090817 -6.065125 7.760546 -22.220177 10.435979 3.418299 -2.428057
-9.074911 5.375650 4.313400 -8.393257 14.113959 -0.183159 16.680866 25.103451 -26.790627 -13.037426 -4.528161 -5.047937 -12.467753 -15.344768 -3.509710 13.807846 4.269547 -11.379362 -27.125120 -24.465738 8.449338 2.322937 -10.730848 5.617918 -5.682623 6.291501 -24.369209 7.808072 0.012781 -2.035999
-9.074911 5.375650 4.313400 -8.393257 14.113959 -0.183159 16.680866 25.103451 -26.790627 -13.037426 -4.528161 -5.047937 -12.467753 -15.344768 -3.509710 13.807846 4.269547 -11.379362 -27.125120 -24.465738 8.449338 2.322937 -10.730848 5.617918 -5.682623 6.291501 -24.369209 7.808072 0.012781 -2.035999
-9.074911 5.375650 4.313400 -8.393257 14.113959 -0.183159 16.680866 25.103451 -26.790627 -13.037426 -4.528161 -5.047937 -12.467753 -15.344768 -3.509710 13.807846 4.269547 -11.379362 -27.125120 -24.465738 8.449338 2.322937 -10.730848 5.617918 -5.682623 6.291501 -24.369209 7.808072 0.012781 -2.035999
-8.612105 0.730145 4.248382 -4.175075 13.143180 -4.692627 14.596186 25.636566 -25.974941 -13.565391 -4.732439 -4.578413 -12.357384 -11.348195 1.253984 14.498845 4.295086 -9.766391 -26.555199 -26.884121 9.759357 3.208187 -12.721862 4.121692 -4.607007 5.423670 -23.942078 8.199493 1.260728 -3.178509
-8.765868 0.602433 4.186149 -4.226726 13.430434 -4.259485 14.400441 25.679520 -25.927101 -13.428143 -4.745013 -4.515002 -12.369990 -11.340631 1.123778 14.514765 4.453381 -9.761529 -26.586035 -27.007811 9.777323 3.398107 -12.784624 4.139004 -4.768044 5.402905 -24.075397 7.896348 1.094664 -3.006040
-8.770514 0.618853 4.195886 -4.237835 13.429634 -4.251324 14.416655 25.677410 -25.917389 -13.421769 -4.708568 -4.505558 -12.391318 -11.323833 1.181911 14.490978 4.475563 -9.766311 -26.597912 -26.984612 9.774595 3.390619 -12.780363 4.142758 -4.768325 5.399779 -24.085608 7.897391 1.088517 -2.997079
-8.764439 0.616478 4.185345 -4.236396 13.421693 -4.258933 14.425314 25.668507 -25.926540 -13.427203 -4.707789 -4.504659 -12.392041 -11.325404 1.181826 14.491007 4.474336 -9.766845 -26.596899 -26.984369 9.764803 3.390588 -12.778503 4.143933 -4.772875 5.404137 -24.087349 7.892278 1.086255 -2.998779
-8.784677 0.644774 4.205259 -4.247696 13.447677 -4.183725 14.400636 25.673029 -25.931520 -13.424229 -4.719001 -4.548528 -12.377758 -11.360919 1.113964 14.504410 4.490920 -9.746140 -26.588923 -26.971977 9.774132 3.389852 -12.764986 4.141487 -4.778842 5.416333 -24.091795 7.881890 1.094068 -2.974585
-8.774906 0.634324 4.205479 -4.236082 13.439544 -4.194216 14.390764 25.673855 -25.936741 -13.436206 -4.736006 -4.549654 -12.368641 -11.365016 1.086441 14.514599 4.470716 -9.742590 -26.588316 -26.984320 9.760321 3.386859 -12.768986 4.143692 -4.778030 5.400027 -24.090403 7.896314 1.082739 -2.994653
-8.774906 0.634324 4.205479 -4.236082 13.439544 -4.194216 14.390764 25.673855 -25.936741 -13.436206 -4.736006 -4.549654 -12.368641 -11.365016 1.086441 14.514599 4.470716 -9.742590 -26.588316 -26.984320 9.760321 3.386859 -12.768986 4.143692 -4.778030 5.400027 -24.090403 7.896314 1.082739 -2.994653
-8.784933 0.647003 4.209651 -4.239062 13.450018 -4.177301 14.392973 25.672449 -25.934143 -13.432487 -4.721198 -4.554178 -12.375974 -11.364036 1.104718 14.508381 4.487296 -9.744035 -26.588446 -26.967384 9.769243 3.387322 -12.764539 4.146750 -4.779548 5.411898 -24.089283 7.886111 1.090033 -2.983238
-8.784765 0.647023 4.209641 -4.239006 13.450017 -4.177296 14.392823 25.672470 -25.934208 -13.432503 -4.720973 -4.554194 -12.376023 -11.364015 1.104903 14.508146 4.487833 -9.744179 -26.588472 -26.967316 9.769060 3.386905 -12.764427 4.146950 -4.779362 5.411952 -24.089561 7.886298 1.090170 -2.983299
-8.782799 0.644315 4.207438 -4.238953 13.445577 -4.188151 14.393055 25.671902 -25.934937 -13.432343 -4.718300 -4.551853 -12.377769 -11.361735 1.111015 14.505058 4.492683 -9.745440 -26.588346 -26.968418 9.772227 3.395236 -12.766857 4.137315 -4.776870 5.412744 -24.089443 7.884586 1.090716 -2.976437
