-9.926991 -19.833710 0.284656 -1.885589 23.422010 -7.427594 8.908987 13.533695 -8.435946 3.501716 -9.183790 -7.465220 -14.015477 -5.240516 11.187430 8.394514 6.627573 -4.522869 -23.037092 1.238973 9.578949 10.097654 -7.244962 5.549198 -8.590495 0.798137 -18.485003 9.881883 -1.331259 4.585424
-10.038269 -19.825678 0.200000 -1.803329 23.485542 -7.417690 8.909122 13.545902 -8.532946 3.539799 -9.158088 -7.502484 -13.862702 -5.259108 11.220301 8.436769 6.691420 -4.672063 -23.085535 1.206575 9.599575 10.115668 -7.194494 5.507924 -8.610345 0.799395 -18.518946 9.872488 -1.336867 4.650633
-10.148880 -19.806387 0.099539 -1.694164 23.547533 -7.394751 8.886985 13.592842 -8.647721 3.576734 -9.093196 -7.559019 -13.696442 -5.261711 11.245862 8.513088 6.707182 -4.846253 -23.099142 1.157553 9.631811 10.144724 -7.121400 5.459129 -8.633172 0.811011 -18.560711 9.862249 -1.337181 4.735725
-10.234862 -19.773476 0.036746 -1.610383 23.569012 -7.355085 8.859449 13.692585 -8.760015 3.569769 -8.987880 -7.626000 -13.496112 -5.299758 11.275477 8.664328 6.732403 -5.100576 -23.144823 1.078066 9.689661 10.144082 -7.034318 5.385352 -8.628442 0.851984 -18.637516 9.849896 -1.311779 4.796873
-10.359379 -19.689577 -0.060612 -1.466334 23.579714 -7.315077 8.817209 13.852179 -8.938542 3.534206 -8.804930 -7.709274 -13.276090 -5.374150 11.278510 8.932264 6.689607 -5.426752 -23.187559 0.985345 9.766460 10.110916 -6.997892 5.331971 -8.564526 0.934031 -18.730804 9.831614 -1.266641 4.778851
-10.832584 -19.709547 -0.053413 -1.073603 23.431427 -7.042690 8.855454 14.327070 -9.336087 3.260712 -8.183496 -7.854185 -13.382777 -5.600095 11.009927 9.659929 6.186626 -5.806669 -23.128267 0.713763 9.853123 9.867689 -7.193904 5.354325 -8.292724 1.183337 -18.856638 9.834523 -1.110930 4.427617
-11.205324 -19.852024 -0.080941 -0.762474 23.291689 -6.795324 8.979014 14.637367 -9.736676 2.970835 -7.469347 -7.991369 -13.894073 -5.859689 10.593362 10.485905 5.476513 -5.918688 -22.948702 0.384856 10.051088 9.650489 -7.285114 5.248306 -8.007898 1.448039 -19.123001 9.827094 -0.957713 4.162090
-11.436888 -20.078402 -0.022859 -0.518048 23.088593 -6.476742 9.110598 15.013805 -10.030944 2.671981 -7.075037 -8.098774 -13.976611 -5.944650 10.446827 11.002987 5.221695 -6.162329 -22.853357 0.192537 10.128338 9.122779 -7.831867 5.398019 -7.443009 1.872723 -19.234779 9.848782 -0.673196 3.339262
-11.976752 -20.525543 -0.049234 -0.265887 22.845919 -6.192635 9.377893 15.262717 -10.427045 2.290715 -6.226305 -8.285234 -14.500720 -6.343287 10.023627 11.855629 4.590829 -6.355241 -22.786371 -0.139321 10.288704 8.809205 -8.072849 5.393214 -7.115239 2.123846 -19.444984 9.825178 -0.509839 2.868247
-12.390581 -20.798239 -0.222000 -0.055081 22.802429 -5.954640 9.577532 15.445310 -10.835236 2.061869 -6.093904 -8.335925 -14.347032 -6.426444 10.128036 12.046488 4.751303 -6.634374 -22.908617 -0.127815 10.515841 8.670005 -8.080027 5.387928 -6.943108 2.331655 -19.635235 9.834976 -0.383880 2.579245
-12.725695 -20.836302 -0.503940 0.111046 22.820498 -5.799662 9.632416 15.781464 -11.237687 1.866746 -6.094349 -8.363039 -14.323486 -6.512539 10.273959 11.993971 5.036988 -6.785384 -23.038750 -0.197572 10.693002 8.525459 -8.156706 5.420774 -6.857838 2.485451 -19.792353 9.761433 -0.278637 2.294665
-12.768059 -20.637465 -0.951662 0.224656 23.064802 -5.730738 9.470032 16.264847 -11.583063 1.852275 -5.755160 -8.444877 -14.464187 -6.790876 10.112550 12.102404 4.832900 -7.033826 -23.286177 -0.591443 10.805177 8.433969 -8.134277 5.222006 -6.874975 2.530483 -20.067625 9.674135 -0.223094 2.243215
-12.669384 -20.333052 -1.471543 0.126679 23.302414 -5.586832 9.186043 16.926849 -11.852387 1.781674 -5.692943 -8.466075 -14.550664 -6.988711 9.984083 11.851519 4.754296 -7.261344 -23.517538 -1.094317 10.802197 8.268855 -8.292989 5.254750 -6.882880 2.578809 -20.182472 9.545561 -0.151565 2.025860
-12.331951 -19.907192 -1.940565 -0.013505 23.639366 -5.570006 8.850806 17.454861 -12.029122 1.817399 -5.731694 -8.514411 -14.309163 -7.021686 10.002248 11.768736 4.931563 -7.680654 -23.778082 -1.449948 10.761323 8.129764 -8.494408 5.292383 -6.900638 2.534696 -20.251522 9.407988 -0.145260 1.908388
-12.061411 -19.531576 -2.051427 -0.098032 23.797421 -5.484459 8.550220 18.063072 -12.111421 1.690652 -5.694806 -8.600470 -14.253749 -7.091592 10.006179 11.527487 4.960153 -7.932532 -24.020308 -1.963768 10.842915 8.023825 -8.576008 5.220176 -6.898094 2.552502 -20.496017 9.259906 -0.144131 1.810642
-11.936351 -19.231367 -2.168912 -0.134889 24.042374 -5.530905 8.305084 18.383049 -12.199796 1.667332 -5.750492 -8.704181 -14.165088 -7.061468 10.034854 11.373840 5.043868 -8.123177 -24.112684 -2.379436 10.865294 7.969789 -8.648556 5.148063 -6.945428 2.500140 -20.673607 9.110518 -0.197812 1.840880
-11.850460 -18.971891 -2.171264 -0.213292 24.226768 -5.540085 8.093726 18.641619 -12.215476 1.623975 -5.860697 -8.721065 -14.020235 -6.999507 10.086127 11.367960 5.184798 -8.328103 -24.185156 -2.526978 10.858061 8.038111 -8.613023 5.030490 -7.066737 2.364485 -20.774734 9.045299 -0.300936 1.954105
-11.672132 -18.651602 -2.277733 -0.288356 24.471310 -5.574400 7.857615 18.859165 -12.268209 1.651361 -5.892897 -8.848348 -13.658570 -6.945166 10.296630 11.399470 5.478125 -8.669516 -24.370455 -2.694222 10.894855 8.056956 -8.554040 4.854039 -7.183784 2.344495 -20.939133 8.964087 -0.327789 2.070952
-11.432543 -18.462770 -2.237287 -0.375200 24.594328 -5.600351 7.701464 19.034960 -12.244248 1.619826 -5.848586 -8.961849 -13.505502 -6.926516 10.396443 11.423361 5.579033 -8.830898 -24.487122 -2.890028 10.922786 8.008852 -8.593924 4.802076 -7.226764 2.376771 -21.000486 8.915793 -0.290973 2.058841
-11.372200 -18.408495 -2.240642 -0.385377 24.655830 -5.616948 7.663682 19.078903 -12.266698 1.616984 -5.843246 -8.996707 -13.439046 -6.909804 10.440255 11.428411 5.614814 -8.873988 -24.502050 -2.932015 10.915486 8.002611 -8.602392 4.774633 -7.262100 2.377907 -21.006428 8.904940 -0.281178 2.076062
-11.457832 -18.463713 -2.135700 -0.396963 24.573156 -5.639004 7.692959 19.141647 -12.230327 1.511732 -5.724354 -8.979708 -13.563628 -6.970428 10.308239 11.553176 5.452659 -8.953457 -24.500748 -3.082484 10.949382 7.931870 -8.710667 4.891087 -7.150723 2.435873 -20.980175 8.902746 -0.245860 1.920717
-11.656054 -18.581896 -1.650748 -0.595202 24.326498 -5.703659 7.737226 19.508884 -12.040708 1.085436 -5.407782 -8.923005 -13.987744 -7.139146 9.933585 11.868589 4.945002 -9.035638 -24.457136 -3.441677 11.185053 7.840044 -8.717279 4.858523 -6.978653 2.595229 -21.119976 8.923617 -0.114866 1.723096
-11.617056 -18.688501 -0.939586 -0.889244 23.909281 -5.816165 7.714859 19.882488 -11.565183 0.605333 -5.043558 -8.806008 -14.751394 -7.399515 9.345353 12.188150 4.101296 -8.923939 -24.260128 -3.898519 11.287853 7.656158 -9.071326 5.266679 -6.709378 2.631084 -20.914337 9.020265 0.027099 1.066626
-11.328602 -18.832964 0.181396 -1.194069 23.124300 -5.867405 7.564288 20.629185 -10.786374 -0.086681 -4.446081 -8.717627 -16.295988 -7.760213 8.303718 12.340912 2.655756 -8.193063 -24.071035 -4.647808 11.319831 7.468407 -9.586530 5.804041 -6.460674 2.529549 -20.647400 9.092314 0.125923 0.086443
-10.726985 -18.895998 2.074308 -1.345780 21.918268 -6.076871 7.487186 21.421938 -9.580231 -0.824687 -3.654289 -8.935977 -18.318577 -8.119374 7.288567 12.415279 0.779386 -6.511878 -23.613649 -5.510207 11.259680 7.032743 -10.308891 6.533779 -6.017731 2.499156 -20.291237 9.335688 0.429564 -1.417437
-9.675071 -18.991404 4.149806 -1.393082 20.478184 -6.355625 7.438309 22.706089 -8.269368 -1.664111 -2.849736 -9.143260 -20.470644 -8.536223 6.386827 12.100595 -1.058376 -4.590061 -23.121906 -6.369415 10.862051 6.372197 -11.544224 7.743582 -5.469782 2.447934 -19.508121 9.670893 0.738585 -3.240230
-7.911506 -19.092764 6.283157 -2.078079 18.855722 -6.782936 7.397756 23.996822 -6.497185 -2.648328 -1.885803 -9.411795 -22.095287 -9.123946 5.765768 11.724265 -2.691037 -3.192825 -22.847382 -7.254307 10.324859 5.507378 -12.901696 8.748700 -4.988727 2.792573 -18.625267 9.928577 1.289824 -4.833746
-6.291636 -18.866179 7.874517 -3.076932 18.133381 -7.059619 7.141613 25.006531 -5.053319 -3.079942 -0.874718 -9.277578 -24.071053 -10.404327 5.145486 10.449162 -3.843210 -1.784656 -23.320467 -7.643651 9.458075 4.354232 -14.529411 9.694348 -4.888844 3.631901 -17.497763 9.768356 2.117279 -5.880208
-5.285296 -18.306713 9.838454 -4.288316 16.543312 -6.960934 7.537768 25.506132 -4.503826 -4.439990 0.067543 -9.121186 -26.629011 -11.224036 4.455511 10.128618 -4.842073 -0.320787 -22.533768 -7.994823 7.484923 3.149116 -16.281420 11.178437 -5.287481 5.190138 -16.513201 8.370728 2.342371 -5.867842
-2.675571 -17.414639 11.509812 -5.422793 13.124858 -10.311943 9.596500 24.720778 -4.354842 -7.312877 1.973271 -8.508437 -31.462393 -11.961770 4.417985 8.239817 -3.152307 1.447433 -20.371603 -7.274632 3.765175 2.236078 -18.405771 13.333972 -6.280611 7.346686 -15.775256 5.152492 1.091005 -4.406365
-1.080039 -16.859468 12.705125 -6.726511 10.714099 -12.886566 11.196212 23.123940 -3.668342 -8.748082 3.006586 -7.464494 -35.835674 -12.950393 5.585164 5.744565 -0.239253 2.924700 -17.488510 -6.053597 1.566481 1.805467 -20.301584 15.336114 -8.423906 8.491324 -14.017262 2.416819 0.618348 -3.793774
-1.051654 -16.897413 14.335389 -7.776098 8.960951 -14.131927 12.457776 22.154165 -2.542177 -9.362923 2.703678 -5.856246 -38.452469 -13.565562 6.104495 3.966340 1.814108 3.764836 -15.528005 -4.210318 -0.201459 2.172822 -21.888525 17.015841 -9.467517 8.431664 -12.360002 1.508156 -0.282159 -4.417352
-0.783484 -15.898393 16.199514 -9.756079 8.169787 -16.604830 13.137332 21.906342 -0.773306 -9.022411 1.490741 -3.824649 -40.534821 -14.217729 5.588445 2.645438 1.696310 5.135698 -13.579646 -1.940776 -1.510293 3.265487 -22.345217 18.900946 -10.124846 8.888904 -10.309499 1.112539 -0.768650 -5.212201
-0.239996 -15.738073 17.349270 -12.749575 7.786756 -18.021669 12.237253 20.725342 2.067684 -9.043646 -0.111817 -1.638498 -42.576675 -14.717626 4.651266 1.718893 0.336568 7.254950 -11.714477 0.561806 -2.104198 3.681081 -21.848604 19.987812 -10.446656 9.967818 -7.682103 1.962731 0.399589 -5.489904
0.759115 -16.656237 17.390835 -15.030169 7.328641 -17.577532 10.793480 19.115705 4.599640 -9.393769 -1.599281 0.266077 -43.038399 -14.845192 4.271519 1.154185 -0.587755 8.666203 -11.000302 3.508415 -1.436205 4.376716 -20.468016 20.151112 -11.009645 10.807843 -5.163703 3.208443 2.138394 -4.523479
2.592949 -17.865610 16.480930 -17.325441 7.446681 -16.031435 9.123363 17.277138 6.254766 -9.764325 -3.011734 1.519562 -42.753117 -14.562221 3.878115 1.218062 -1.335818 9.973957 -10.449981 6.286851 0.354462 5.290472 -18.346363 19.893423 -11.791330 11.534762 -3.293947 4.122729 3.962524 -2.975563
3.402639 -18.312738 15.766761 -18.886635 7.579067 -15.454817 8.339128 16.002819 7.044186 -9.930546 -4.630349 2.239483 -41.900352 -13.978030 3.676094 1.563699 -1.519115 10.581798 -10.057804 8.454632 1.449521 5.508377 -17.207800 18.957956 -12.424314 11.860380 -1.980665 5.072318 5.537666 -1.318485
3.834563 -18.399361 14.733051 -19.880507 8.018731 -14.971584 7.707521 14.733368 7.198376 -9.937226 -5.771892 2.500953 -41.258636 -13.380191 3.428935 2.045956 -1.601475 10.922168 -9.731944 9.548486 2.205258 5.515895 -16.522991 18.351641 -12.932563 11.891507 -1.214837 5.675393 6.622550 -0.150019
3.879728 -18.552645 14.128654 -20.464296 8.330248 -14.711733 7.290932 13.864630 7.327081 -9.861215 -6.537956 2.809413 -40.920990 -12.951274 3.408478 2.281458 -1.524080 11.058219 -9.433787 10.229080 2.598496 5.489559 -16.074533 17.910015 -13.241998 11.832084 -0.813787 6.166608 7.262549 0.471018
3.856513 -18.633863 13.949761 -20.628038 8.373685 -14.666059 7.269129 13.568976 7.301103 -9.827345 -6.748717 2.916741 -40.871269 -12.783673 3.424763 2.346930 -1.448059 11.098488 -9.314529 10.395624 2.624924 5.584911 -15.939693 17.895262 -13.300029 11.743602 -0.620482 6.330741 7.309457 0.653353
3.896814 -18.655210 13.926707 -20.673632 8.318432 -14.624126 7.272598 13.558832 7.297676 -9.868555 -6.768215 2.945438 -40.873634 -12.788390 3.438880 2.356688 -1.449256 11.070733 -9.281205 10.412270 2.593442 5.585493 -15.954093 17.937729 -13.308317 11.739804 -0.597124 6.330743 7.290738 0.690997
3.908683 -18.703985 13.795964 -20.756456 8.259974 -14.501459 7.248284 13.538501 7.224333 -9.950195 -6.868314 2.989979 -40.907883 -12.738058 3.405354 2.419778 -1.533409 11.068428 -9.196453 10.357240 2.563956 5.592728 -15.950084 18.000628 -13.333026 11.748096 -0.570659 6.316769 7.269522 0.723342
3.980275 -18.751337 13.650411 -20.914492 8.136847 -14.378397 7.219615 13.521482 7.191223 -10.091743 -7.035751 3.050887 -40.928780 -12.619574 3.438596 2.481651 -1.488336 10.963309 -9.065190 10.258835 2.490492 5.529667 -15.989027 17.918663 -13.389989 11.692409 -0.467258 6.457043 7.349664 0.804001
4.122309 -18.813347 13.413738 -21.082323 8.066685 -14.153614 7.088938 13.536721 7.135001 -10.239594 -7.181193 3.090207 -41.050247 -12.523567 3.474873 2.529996 -1.458202 10.936706 -8.848717 10.100073 2.489790 5.377503 -16.050953 17.665659 -13.797876 11.731509 -0.436571 6.338533 7.613441 0.994490
4.201574 -18.861994 13.121793 -21.312429 7.908791 -14.033925 7.068354 13.447323 7.031762 -10.450317 -7.375278 3.209852 -41.093422 -12.399690 3.547695 2.682842 -1.444866 10.853739 -8.601044 10.079423 2.445497 5.251713 -16.188564 17.673321 -14.112494 11.916051 -0.466030 5.968596 7.683442 1.352326
4.392541 -18.860804 12.751558 -21.516733 7.846602 -13.875854 6.955067 13.343779 6.931113 -10.595102 -7.603448 3.333928 -41.183380 -12.155843 3.676412 2.845897 -1.274869 10.667260 -8.272422 9.981859 2.280326 5.122773 -16.325567 17.663153 -14.104333 12.068295 -0.428797 5.892916 7.696405 1.583076
4.580360 -18.904177 12.139006 -21.899321 7.667550 -13.860886 6.889771 13.047636 6.824339 -10.761176 -7.777049 3.340328 -41.271851 -12.018641 3.682228 3.055732 -1.285523 10.645628 -7.974781 9.810555 2.061168 4.853558 -16.634829 17.455961 -14.374162 12.190640 -0.477115 5.617523 7.770325 1.951422
5.000961 -18.860384 11.595020 -21.894896 7.600469 -13.897859 6.963702 12.951557 6.582883 -10.672945 -7.892486 3.345228 -41.148117 -11.950767 3.837114 3.262337 -1.231952 10.504357 -7.754663 9.777369 1.571612 4.788933 -16.929213 17.517725 -14.445482 12.176572 -0.477702 5.388837 7.467379 2.420009
5.168331 -18.588377 11.157737 -21.863445 7.612333 -14.088211 7.083106 12.818065 6.335878 -10.494960 -7.962680 3.326228 -41.205536 -11.911895 3.865205 3.543988 -1.263243 10.617706 -7.339183 9.885677 1.165388 4.687673 -17.212801 17.260902 -14.481612 12.053464 -0.570078 5.274447 7.181101 2.926348
5.134274 -18.241371 10.869035 -21.934015 7.548072 -14.354030 7.291273 12.610199 6.079014 -10.394473 -8.179008 3.409944 -41.112907 -11.732409 3.989348 3.872037 -1.180160 10.593652 -6.924847 10.178150 0.714155 4.688074 -17.582457 17.448126 -14.523569 12.080078 -0.738943 4.667942 6.660707 3.393526
4.698203 -17.862827 10.987184 -22.070868 7.474315 -14.716099 7.600981 12.384420 5.888143 -10.378645 -8.328148 3.325506 -40.988716 -11.680756 3.982835 4.104254 -1.391240 10.930638 -6.714236 10.443073 0.158120 4.711233 -17.893881 17.465446 -14.651656 12.001782 -0.862534 4.228972 6.119396 4.009919
4.065506 -17.293501 11.383208 -22.122356 7.364825 -15.137963 8.044380 12.149271 5.609262 -10.485622 -8.478990 3.206607 -41.035240 -11.430331 4.374597 4.364215 -0.869703 11.169812 -6.063243 10.862614 -0.121965 4.856529 -17.964483 17.596693 -14.685623 11.905910 -1.005015 3.946056 5.690169 4.136418
3.376474 -16.633272 12.031318 -22.114637 7.294312 -15.641658 8.546047 11.992062 5.380214 -10.509533 -8.305010 2.927586 -41.049835 -11.513587 4.557471 4.554507 -0.764445 11.586114 -5.785037 11.175491 -0.516077 5.081948 -17.977148 17.660643 -14.756467 11.715028 -1.156019 3.699639 5.142657 4.476487
2.702430 -16.123243 12.460424 -22.172369 7.412996 -16.185213 8.821729 11.851751 5.214337 -10.526054 -8.335264 2.793819 -41.061794 -11.208810 4.867007 4.757398 -0.199178 11.571077 -5.425226 11.345201 -0.720347 5.327710 -17.875614 17.877096 -14.756570 11.677588 -1.326593 3.463810 4.719685 4.411263
1.953402 -15.782132 12.908246 -22.277292 7.430502 -16.524101 9.232823 11.547601 5.048492 -10.572227 -8.256499 2.410236 -41.044529 -11.175983 5.155947 4.616718 0.253573 11.757442 -5.259593 11.242527 -0.791632 5.572801 -17.697067 17.873253 -14.867440 11.533448 -1.368352 3.482166 4.508403 4.501879
1.172715 -15.310480 13.391726 -22.222500 7.451119 -16.883209 9.556341 11.392212 4.906237 -10.557492 -8.239748 2.123250 -41.084164 -11.091359 5.477787 4.477001 0.775840 11.962550 -5.055624 11.230947 -0.962461 5.674126 -17.576660 17.774855 -14.680968 11.494729 -1.418689 3.718949 4.332463 4.536649
0.682351 -14.951702 13.576453 -22.097551 7.660292 -17.071634 9.594903 11.368469 4.743694 -10.471664 -8.311265 1.828424 -40.915482 -11.094737 5.721447 4.282871 1.104482 12.101834 -5.073561 11.167590 -1.104546 5.772757 -17.482523 17.709675 -14.617357 11.380910 -1.530911 3.794176 4.094863 4.615134
0.398793 -14.738105 13.581381 -21.987738 7.773881 -17.033663 9.619638 11.384948 4.525846 -10.425137 -8.388962 1.640515 -40.785187 -11.101886 5.886055 4.142792 1.300022 12.270013 -5.111864 11.216467 -1.162114 5.923385 -17.373455 17.717365 -14.634387 11.234838 -1.587732 3.828223 3.901282 4.592741
0.258415 -14.686575 13.566940 -21.940607 7.870880 -16.960085 9.607180 11.383327 4.433767 -10.379694 -8.472208 1.589421 -40.673615 -11.068772 5.950562 4.068006 1.395010 12.285351 -5.146727 11.231480 -1.138736 6.028048 -17.232605 17.751150 -14.582431 11.149872 -1.604303 3.929716 3.822332 4.552390
0.195716 -14.622723 13.571502 -21.920717 7.936803 -17.006199 9.595254 11.376427 4.396771 -10.357016 -8.485168 1.544266 -40.672752 -11.056684 5.997012 4.010346 1.473821 12.324304 -5.140774 11.218412 -1.165106 6.098196 -17.159182 17.758963 -14.549152 11.105089 -1.572848 4.001193 3.768144 4.597731
0.131754 -14.635595 13.493266 -21.938932 7.982450 -16.986765 9.579292 11.276495 4.382131 -10.318076 -8.540423 1.566429 -40.617893 -11.010169 6.054832 3.997874 1.555669 12.309232 -5.139706 11.294166 -1.173362 6.172380 -17.077497 17.689547 -14.596171 11.051860 -1.549999 4.052819 3.742270 4.664940
-0.031388 -14.585819 13.313639 -21.976627 8.152406 -16.936914 9.548122 11.015343 4.269756 -10.222475 -8.720390 1.525656 -40.252052 -10.894995 6.306064 3.945479 1.807905 12.269086 -5.190269 11.514445 -1.236569 6.354930 -16.909948 17.591667 -14.640134 10.905131 -1.446601 4.212773 3.646801 4.855652
-0.367766 -14.476468 12.963584 -22.055174 8.550893 -16.981989 9.403831 10.557007 4.099212 -10.063608 -8.948773 1.492580 -39.818291 -10.686714 6.565159 3.953237 2.090825 12.221278 -5.217220 11.787622 -1.289266 6.573563 -16.688034 17.307367 -14.794803 10.690098 -1.398083 4.384520 3.544227 5.184113
-0.675590 -14.407931 12.437306 -22.051958 9.023744 -16.848909 9.221630 10.043449 3.791637 -9.860806 -9.246236 1.489778 -39.468975 -10.271821 6.897655 3.967560 2.571128 12.089228 -5.133481 11.913582 -1.411202 6.989118 -16.329687 16.904722 -14.962190 10.324715 -1.315857 4.692706 3.301831 5.577471
-1.070718 -14.454138 11.702662 -21.943419 9.579077 -16.645613 8.970626 9.519718 3.484741 -9.540266 -9.756027 1.567632 -38.695183 -9.729445 7.354097 4.019968 3.176918 11.725326 -5.190927 12.184227 -1.510070 7.383406 -15.948267 16.564270 -15.025754 9.936085 -1.258481 5.100410 3.070646 5.803029
-1.506266 -14.594716 10.875941 -21.911297 10.064034 -16.380312 8.774067 8.849787 3.227471 -9.218207 -10.224266 1.709347 -37.959858 -9.269492 7.863369 4.039205 3.833472 11.382489 -5.302685 12.610559 -1.770205 7.989773 -15.494959 16.478931 -15.169596 9.496014 -1.089415 5.386549 2.638105 5.935251
-2.137870 -14.656976 9.896977 -21.948954 10.615943 -16.140768 8.692760 8.194393 2.794455 -8.900267 -10.801067 1.986589 -37.101803 -8.643891 8.655643 3.980364 5.099312 10.559783 -5.369087 13.027284 -2.034847 8.702685 -14.998453 16.439716 -15.382797 9.024048 -0.975320 5.524360 2.107126 6.024712
-2.856914 -14.717842 8.647746 -22.038099 11.479678 -15.944590 8.354515 7.881793 2.228969 -8.582064 -11.516230 2.419285 -36.228203 -7.822624 9.794032 3.798998 6.906765 9.357287 -5.329151 13.312675 -2.282672 9.508891 -14.534112 16.330883 -15.545487 8.578533 -1.027372 5.507312 1.377679 6.188134
-3.275818 -14.939571 7.069990 -22.172161 12.291347 -15.753036 8.314165 7.253304 1.540959 -8.006780 -12.289053 3.057258 -35.472862 -6.938742 10.929307 3.540101 8.813816 7.948375 -5.189186 13.556953 -2.477523 10.387947 -13.981522 16.387369 -15.794341 8.105639 -0.886258 5.500618 0.671152 6.327529
-3.860318 -15.475982 5.484140 -21.762671 12.917640 -15.610561 8.501129 6.256950 0.692426 -7.349757 -13.233694 3.580924 -34.451046 -5.801449 12.044623 3.598711 10.548555 6.398491 -5.040487 13.663152 -2.655943 11.276462 -13.476317 16.072123 -16.063951 7.565562 -0.879809 5.588645 -0.041546 6.599010
-4.305182 -15.870791 3.651947 -21.557268 13.314080 -15.769770 8.624421 5.018865 -0.194013 -7.028165 -14.129720 3.844708 -33.000954 -4.843378 13.188774 3.613979 12.095472 4.802128 -5.120827 13.799303 -2.753388 12.194921 -12.733443 15.545277 -16.485680 7.017965 -1.043960 5.716275 -0.666808 6.969304
-4.896393 -15.992914 2.034276 -21.604969 13.668780 -15.821775 8.604149 4.087422 -0.825477 -6.735321 -14.896464 4.213372 -31.724228 -3.758233 13.896399 3.957930 12.940463 3.549188 -5.378459 14.084345 -2.634145 13.016676 -11.802320 15.108367 -16.882046 6.518842 -1.490798 5.586856 -1.419404 7.542887
-4.987270 -16.205538 0.027375 -21.644136 14.301684 -15.517570 8.275703 3.413215 -1.613337 -6.438146 -15.779246 4.667373 -30.331909 -3.142660 14.535327 4.131097 13.382886 2.240687 -5.924420 14.236753 -2.382025 13.706151 -10.836983 14.857009 -17.096365 6.107662 -2.042548 5.361685 -2.181501 8.140131
-5.150538 -16.374582 -1.817671 -21.433764 14.820863 -15.315944 7.954292 3.026535 -2.500420 -6.430854 -16.252617 4.962666 -29.230007 -3.288826 15.192170 3.763193 13.886580 1.171756 -6.446020 14.210096 -2.234089 14.179176 -9.823394 14.629634 -17.445210 5.921896 -2.699788 5.081791 -2.690386 8.654676
-9.983119 -24.368299 1.202604 -16.778851 24.204006 -1.187366 4.661810 4.778750 4.377286 4.608183 -13.660196 5.437380 -24.544453 4.573432 14.461008 6.710989 9.202595 -3.974846 -16.999704 10.712335 0.024351 11.777736 -10.360361 11.573241 -16.856224 0.377745 -5.305147 9.203736 -3.140139 11.531330
-9.790260 -24.270575 0.233931 -15.967644 25.105371 -0.709233 4.500405 4.119237 3.636463 5.140838 -14.210475 5.237951 -23.129667 4.076263 14.935309 6.374017 9.840908 -5.139989 -17.370855 10.863350 0.551454 12.074389 -9.664722 11.120227 -16.836199 0.202477 -6.176879 8.982006 -3.456678 11.627817
-10.233984 -24.203623 -0.220701 -14.752106 25.867737 -0.415947 4.884490 3.530508 2.767007 6.100173 -14.491584 5.106089 -21.638515 3.713609 15.016692 6.991137 9.518180 -6.375447 -17.698481 10.789040 0.963841 12.411321 -8.908685 10.606574 -16.821995 0.067025 -6.972682 8.895551 -3.790300 11.605338
-10.596006 -24.184942 -0.440003 -13.354334 26.478729 -0.400994 5.300748 3.250107 1.981233 7.019543 -14.823187 4.949929 -20.008570 3.311576 15.118423 7.589133 9.160911 -7.474557 -18.206236 10.469367 1.581240 12.915553 -7.799553 10.047891 -16.770229 0.018701 -7.866475 8.844582 -4.126362 11.624174
-10.627341 -23.400940 -0.308026 -12.259529 27.126204 -0.793118 5.984116 2.933028 1.202793 8.107720 -14.930126 4.604868 -18.178247 2.551515 15.288938 8.114651 8.394539 -8.144290 -18.883810 10.092422 2.158686 13.411233 -6.689087 9.534465 -16.395176 0.048312 -9.068666 8.797066 -4.518669 11.387636
-8.468956 -22.535084 -0.190654 -9.243673 25.772776 -5.541660 6.144122 2.784281 -1.766235 6.164904 -15.952816 -1.205293 -15.512060 2.639548 12.520122 11.105206 12.292457 -6.126107 -17.827868 8.199121 5.288007 15.821115 -6.131874 8.024925 -14.294353 -2.049219 -9.892552 9.973234 -4.292459 11.640775
-7.024172 -20.992058 0.072321 -7.968205 25.705788 -6.417898 7.024914 3.070932 -3.424919 6.196501 -15.522116 -2.552911 -13.675979 1.667007 12.614184 12.028255 11.552129 -5.832426 -18.131815 8.349147 6.474842 16.282967 -5.170391 7.852193 -13.310311 -2.607859 -10.914223 10.338669 -4.457496 11.085440
-5.716088 -20.318916 0.456853 -6.482933 25.774006 -6.346063 7.771133 4.116442 -4.484169 6.754868 -14.489719 -3.453946 -12.184006 0.097443 12.889266 12.492783 10.542708 -5.930636 -18.908884 9.154307 6.985731 16.895678 -4.333932 8.124249 -12.410854 -2.517738 -12.341775 10.062967 -5.163095 10.179276
-4.205275 -19.630388 1.406983 -5.317822 25.900766 -6.092084 8.229488 5.212442 -4.778101 7.539465 -13.126041 -4.575416 -10.673719 -1.695246 13.290061 12.996075 8.926511 -5.934730 -19.866156 9.875648 7.244007 17.059145 -3.872333 8.553102 -11.766139 -2.418798 -13.267795 9.939875 -5.526329 8.837175
-3.083099 -19.183317 3.228985 -4.199049 25.288368 -6.328631 8.975892 6.054528 -4.551326 7.834265 -12.061498 -5.608521 -10.185970 -2.965346 13.415597 12.784132 8.177856 -5.684810 -20.556139 9.877934 7.442666 16.907030 -3.592656 8.817614 -10.917741 -2.207092 -14.190682 9.945196 -5.698189 7.504373
-1.842330 -18.343159 5.248568 -3.485875 24.874939 -6.986498 9.522639 6.767851 -3.975914 7.944541 -11.186263 -6.634348 -9.880560 -4.358607 13.176087 12.355746 6.656604 -4.933639 -21.313150 9.595759 7.603766 16.486128 -3.621084 9.530469 -10.268998 -1.879388 -14.695687 9.901032 -5.618723 5.905101
-0.402960 -17.673893 6.798645 -3.334254 24.532404 -7.310199 9.508215 7.441404 -3.383021 8.080902 -10.340009 -7.259764 -10.106277 -5.279724 12.839798 12.129745 4.901146 -3.968395 -21.723742 9.516021 7.795286 16.111677 -3.629025 10.144824 -9.576569 -1.564199 -15.127500 9.898207 -5.522888 4.596233
1.684165 -17.385790 7.834219 -3.629835 24.054678 -7.191895 9.643070 8.175186 -2.540745 8.380823 -9.514435 -7.635953 -10.527190 -6.239000 12.431602 12.306426 2.978596 -2.505776 -21.714993 10.362709 7.984324 15.915851 -3.799857 10.617705 -8.936766 -1.295288 -15.304850 9.907749 -5.427582 3.418962
3.249919 -17.338930 8.457255 -3.539813 23.418148 -7.039546 10.128796 9.139466 -2.281804 8.488916 -8.885883 -7.974242 -11.083957 -7.211056 11.836001 12.571402 0.912414 -0.595729 -21.573137 11.491407 8.219157 15.535857 -3.980152 11.045618 -8.369699 -0.939609 -15.602530 9.781371 -5.250513 2.395393
4.119065 -17.374414 9.053638 -3.309946 22.958927 -7.143182 10.429840 10.066278 -2.079674 8.467188 -8.451210 -8.275861 -11.675288 -8.022624 11.421350 12.452360 -0.417143 1.109811 -21.546131 12.083128 8.501205 15.266538 -4.127132 11.540913 -7.915355 -0.596463 -15.834163 9.593782 -5.068369 1.547470
4.945048 -17.472681 9.421526 -2.928195 22.683121 -7.187629 10.823971 10.914927 -2.110248 8.606554 -7.899421 -8.503167 -12.533369 -8.440368 11.239793 12.077143 -0.610557 1.998367 -21.485094 12.131126 8.630270 14.884719 -4.301675 12.059976 -7.488050 -0.306870 -15.847512 9.693678 -4.760226 0.963811
5.371022 -17.744101 9.807338 -2.444860 22.283827 -7.019330 11.499496 11.636284 -2.270403 8.622484 -7.533142 -8.736718 -13.291007 -8.636708 11.254212 11.305892 -0.422338 2.504068 -21.544794 11.413874 8.676701 14.346976 -4.524669 12.401851 -7.144529 -0.098879 -15.871238 9.894924 -4.415062 0.660664
5.140781 -18.042641 10.046666 -2.278071 21.734226 -7.167691 12.094517 12.501787 -2.383282 8.416619 -7.206271 -8.940386 -13.909926 -8.852612 11.347854 10.585773 -0.391415 2.994147 -21.676016 10.677919 8.678589 13.921901 -4.866641 12.644666 -6.941224 0.046076 -15.763041 10.028288 -4.091217 0.304763
4.646801 -18.212408 10.135149 -2.293273 21.266211 -7.564308 12.563384 13.447771 -2.439863 8.261309 -6.916434 -9.123071 -14.435922 -9.166268 11.432059 9.991236 -0.649892 3.468488 -21.855637 10.077549 8.685379 13.472584 -5.167290 12.928611 -6.792469 0.182432 -15.637349 10.136458 -3.789345 -0.004559
4.103967 -18.408819 9.945431 -2.428530 20.939888 -7.908864 12.827566 14.211890 -2.516508 8.057755 -6.601739 -9.289323 -14.936002 -9.530398 11.445645 9.445404 -1.057620 3.992204 -21.977390 9.669873 8.623826 13.051382 -5.452700 13.116425 -6.780997 0.271544 -15.379622 10.262289 -3.490630 -0.051288
3.678699 -18.660868 9.712487 -2.644500 20.616009 -8.179490 13.015501 14.900678 -2.504537 7.788787 -6.285805 -9.486702 -15.488374 -9.879758 11.411950 8.971842 -1.395966 4.485738 -22.084208 9.300711 8.560322 12.755018 -5.778096 13.258854 -6.810799 0.382229 -15.051100 10.308788 -3.198160 -0.034352
3.358791 -18.867977 9.530693 -2.791382 20.403885 -8.348656 12.971640 15.397933 -2.537007 7.534493 -6.183899 -9.459682 -15.959088 -9.995416 11.233050 8.730120 -1.533200 4.791785 -22.042336 9.014085 8.519932 12.524501 -5.980676 13.380883 -6.827691 0.446724 -14.823901 10.363717 -2.999269 0.008459
3.178294 -19.123692 9.392149 -2.911470 20.193920 -8.448699 12.975997 15.640725 -2.526956 7.362066 -6.143378 -9.509637 -16.272011 -10.118119 11.107437 8.525030 -1.529695 5.023748 -22.033075 8.848049 8.480624 12.348473 -6.133905 13.462886 -6.853432 0.491290 -14.613877 10.419629 -2.837283 0.071559
3.033284 -19.336428 9.266164 -3.028089 20.023819 -8.509326 12.971433 15.845053 -2.539039 7.235210 -6.156579 -9.503636 -16.456787 -10.143712 10.994094 8.413064 -1.541176 5.160157 -21.994211 8.706479 8.441191 12.234000 -6.265235 13.495879 -6.896993 0.532720 -14.451879 10.440836 -2.713343 0.137569
2.983258 -19.434145 9.205359 -3.093420 19.950733 -8.509995 12.941868 15.945074 -2.540465 7.178639 -6.171459 -9.499124 -16.577682 -10.149416 10.929870 8.307047 -1.511020 5.236974 -21.967674 8.600993 8.430099 12.174363 -6.313325 13.524115 -6.893920 0.565437 -14.387158 10.453966 -2.654359 0.174098
2.945389 -19.466745 9.177435 -3.130841 19.925589 -8.508175 12.905183 15.990753 -2.542111 7.144768 -6.175269 -9.492492 -16.627533 -10.153649 10.906249 8.269878 -1.496521 5.260191 -21.958849 8.555587 8.415863 12.153192 -6.330096 13.518989 -6.903217 0.570841 -14.370181 10.458332 -2.639031 0.199762
