-9.926991 -19.833710 0.284656 -1.885589 23.422010 -7.427594 8.908987 13.533695 -8.435946 3.501716 -13.948877 -1.922570 -14.339078 -17.698540 15.992667 8.702998 2.722693 -10.075248 -11.289086 4.182697 11.104490 -5.205211 -3.375437 6.359878 -12.875050 -2.729650 -17.789524 13.792738 -3.861707 6.993386
-10.148880 -19.806387 0.099539 -1.694164 23.547533 -7.394751 8.886985 13.592842 -8.647721 3.576734 -13.838259 -2.026794 -14.018190 -17.725502 16.044451 8.821534 2.821023 -10.443381 -11.350128 4.074907 11.154943 -5.154139 -3.251728 6.269872 -12.915699 -2.717700 -17.863148 13.773880 -3.868732 7.141954
-10.359379 -19.689577 -0.060612 -1.466334 23.579714 -7.315077 8.817209 13.852179 -8.938542 3.534206 -13.471806 -2.222345 -13.585013 -17.855442 16.047390 9.228089 2.841330 -11.090915 -11.481881 3.900032 11.287264 -5.195844 -3.127517 6.148004 -12.851021 -2.597186 -18.035980 13.745125 -3.800917 7.181097
-11.205324 -19.852024 -0.080941 -0.762474 23.291689 -6.795324 8.979014 14.637367 -9.736676 2.970835 -11.879663 -2.665350 -14.106959 -18.459549 15.240682 10.765175 1.639116 -11.687703 -11.599255 3.236550 11.572831 -5.648737 -3.420912 6.060318 -12.291433 -2.076905 -18.433121 13.733937 -3.486196 6.566074
-11.976752 -20.525543 -0.049234 -0.265887 22.845919 -6.192635 9.377893 15.262717 -10.427045 2.290715 -10.403193 -3.060483 -14.700993 -19.050550 14.514539 12.106746 0.713421 -12.269598 -11.689368 2.612111 11.795446 -6.475079 -4.204341 6.198889 -11.394963 -1.425012 -18.728279 13.753340 -3.056114 5.264680
-12.725695 -20.836302 -0.503940 0.111046 22.820498 -5.799662 9.632416 15.781464 -11.237687 1.866746 -10.160872 -3.170907 -14.584369 -19.145855 14.591786 12.257774 1.080876 -12.774465 -12.067201 2.341833 12.207794 -6.770363 -4.286917 6.223081 -11.142592 -1.054079 -19.083878 13.681532 -2.814473 4.707297
-12.669384 -20.333052 -1.471543 0.126679 23.302414 -5.586832 9.186043 16.926849 -11.852387 1.781674 -9.775212 -3.464595 -14.736001 -19.370775 14.402278 12.224874 0.879191 -13.251172 -12.471633 1.088135 12.317028 -7.026986 -4.423178 6.057040 -11.167636 -0.960713 -19.473999 13.465660 -2.687375 4.438523
-12.061411 -19.531576 -2.051427 -0.098032 23.797421 -5.484459 8.550220 18.063072 -12.111421 1.690652 -9.732323 -3.724083 -14.385704 -19.349899 14.500135 12.025898 1.214518 -14.074697 -12.832116 0.016909 12.357660 -7.272655 -4.705993 6.022465 -11.183059 -0.987180 -19.787647 13.180223 -2.679880 4.223543
-11.850460 -18.971891 -2.171264 -0.213292 24.226768 -5.540085 8.093726 18.641619 -12.215476 1.623975 -9.871165 -3.851509 -14.141040 -19.253170 14.574632 11.880699 1.445790 -14.540772 -12.980834 -0.605088 12.372244 -7.252582 -4.742023 5.834112 -11.347288 -1.172414 -20.067348 12.965339 -2.835631 4.366202
-11.432543 -18.462770 -2.237287 -0.375200 24.594328 -5.600351 7.701464 19.034960 -12.244248 1.619826 -9.795244 -4.111461 -13.712216 -19.332666 14.806568 11.901969 1.768264 -15.033419 -13.337278 -1.065436 12.437494 -7.284781 -4.723320 5.604962 -11.508781 -1.159426 -20.294479 12.835832 -2.824739 4.473063
-11.457832 -18.463713 -2.135700 -0.396963 24.573156 -5.639004 7.692959 19.141647 -12.230327 1.511732 -9.696749 -4.115503 -13.785267 -19.432178 14.689750 11.988531 1.568061 -15.136510 -13.379622 -1.293989 12.464052 -7.361123 -4.840237 5.694417 -11.432506 -1.099975 -20.274149 12.822268 -2.779855 4.334370
-11.617056 -18.688501 -0.939586 -0.889244 23.909281 -5.816165 7.714859 19.882488 -11.565183 0.605333 -9.406832 -3.830353 -14.792798 -19.771059 13.741746 12.589186 0.058950 -15.200156 -13.127047 -2.203956 12.798537 -7.638422 -5.201321 6.069395 -10.996732 -0.904514 -20.209181 12.934766 -2.509205 3.477852
-10.726985 -18.895998 2.074308 -1.345780 21.918268 -6.076871 7.487186 21.421938 -9.580231 -0.824687 -8.401962 -3.720748 -18.293068 -20.103432 11.706636 13.002459 -3.427422 -12.927901 -12.489306 -3.912977 12.749371 -8.264456 -6.441094 7.334150 -10.311437 -1.054436 -19.577005 13.260777 -2.119482 0.988671
-7.911506 -19.092764 6.283157 -2.078079 18.855722 -6.782936 7.397756 23.996822 -6.497185 -2.648328 -6.656884 -4.259851 -22.096966 -20.284546 9.892104 12.896446 -6.968725 -9.708438 -12.168164 -5.858161 11.847998 -9.790316 -9.030890 9.551982 -9.270555 -0.740956 -17.928665 13.837789 -1.244155 -2.406956
-5.285296 -18.306713 9.838454 -4.288316 16.543312 -6.960934 7.537768 25.506132 -4.503826 -4.439990 -5.490706 -4.388063 -26.947983 -18.537848 7.192885 13.264584 -9.277237 -6.163575 -12.398509 -7.923654 9.038095 -12.169889 -12.415766 11.956997 -9.543169 1.640545 -15.828570 12.322327 -0.173229 -3.442142
-1.080039 -16.859468 12.705125 -6.726511 10.714099 -12.886566 11.196212 23.123940 -3.668342 -8.748082 -4.886412 -3.761122 -33.494747 -11.887680 3.969471 18.175594 -8.166226 -4.597021 -9.732703 -9.543387 3.089608 -13.515347 -16.429043 16.090239 -12.713694 4.940037 -13.336167 6.358737 -1.909044 -1.381639
-0.783484 -15.898393 16.199514 -9.756079 8.169787 -16.604830 13.137332 21.906342 -0.773306 -9.022411 -3.830630 -2.903554 -37.827919 -7.301571 3.944544 17.659403 -3.685229 -2.038589 -7.469275 -7.339613 0.026631 -12.042262 -18.493679 19.655682 -14.427148 5.350262 -9.628936 4.989069 -3.314292 -2.832511
0.759115 -16.656237 17.390835 -15.030169 7.328641 -17.577532 10.793480 19.115705 4.599640 -9.393769 -3.542089 -1.541709 -39.775536 -4.347080 3.219466 15.919697 -0.560383 0.766957 -7.678988 -2.169595 0.198264 -10.787505 -16.703623 20.848696 -15.218986 7.283164 -4.474038 7.038223 -0.421524 -2.292636
3.402639 -18.312738 15.766761 -18.886635 7.579067 -15.454817 8.339128 16.002819 7.044186 -9.930546 -3.759570 -0.178770 -39.900082 -5.941280 3.113780 11.488436 2.077454 3.189863 -9.151689 3.336188 3.012872 -9.378078 -13.334386 19.759756 -16.434654 8.423059 -1.392175 8.998075 3.003458 0.906984
3.879728 -18.552645 14.128654 -20.464296 8.330248 -14.711733 7.290932 13.864630 7.327081 -9.861215 -4.572983 0.613816 -39.371655 -7.250233 3.463058 9.758010 3.429763 3.537894 -9.446689 5.863325 3.969206 -9.059290 -12.224987 18.747589 -17.224688 8.378284 -0.199338 10.125359 4.664495 2.732890
3.896814 -18.655210 13.926707 -20.673632 8.318432 -14.624126 7.272598 13.558832 7.297676 -9.868555 -4.777503 0.737897 -39.370667 -7.306657 3.539395 9.618086 3.622171 3.587127 -9.283856 6.094377 3.981293 -8.930876 -12.120399 18.766611 -17.276243 8.305801 0.011734 10.271299 4.706039 2.945022
3.980275 -18.751337 13.650411 -20.914492 8.136847 -14.378397 7.219615 13.521482 7.191223 -10.091743 -5.055793 0.967134 -39.688965 -7.258079 3.458758 9.694508 3.595531 3.492217 -8.929633 5.958801 3.879318 -8.950791 -12.171511 18.739626 -17.339706 8.266673 0.142592 10.390496 4.771646 3.045323
4.201574 -18.861994 13.121793 -21.312429 7.908791 -14.033925 7.068354 13.447323 7.031762 -10.450317 -5.513477 1.189195 -40.163094 -7.210771 3.532254 9.755675 3.822728 3.350643 -8.120286 5.689477 3.828622 -9.120740 -12.383394 18.482483 -18.022018 8.517003 0.123626 9.874201 5.121157 3.563607
4.580360 -18.904177 12.139006 -21.899321 7.667550 -13.860886 6.889771 13.047636 6.824339 -10.761176 -5.681327 1.232780 -40.631325 -7.415998 3.697726 10.001760 4.346015 3.005111 -7.098935 5.461849 3.441232 -9.419690 -12.823611 18.263582 -18.236637 8.814986 0.097673 9.510798 5.219276 4.140985
5.168331 -18.588377 11.157737 -21.863445 7.612333 -14.088211 7.083106 12.818065 6.335878 -10.494960 -5.956831 1.375908 -40.860500 -7.316256 3.785569 10.498983 4.351474 3.056388 -6.053253 5.728622 2.545499 -9.577142 -13.398594 18.067141 -18.335987 8.680831 0.009060 9.170399 4.631297 5.121043
4.698203 -17.862827 10.987184 -22.070868 7.474315 -14.716099 7.600981 12.384420 5.888143 -10.378645 -6.448426 1.286214 -40.300369 -6.873561 3.710696 11.685379 3.886297 3.273471 -5.256360 6.533352 1.538288 -9.570302 -14.097029 18.269819 -18.503613 8.636996 -0.286363 8.117203 3.569300 6.202754
3.376474 -16.633272 12.031318 -22.114637 7.294312 -15.641658 8.546047 11.992062 5.380214 -10.509533 -6.367864 0.772007 -39.961987 -6.520259 3.847211 13.259418 3.638086 3.703552 -4.398800 7.340280 0.850457 -9.197316 -14.174561 18.476774 -18.623640 8.345151 -0.556876 7.591868 2.594677 6.656851
1.953402 -15.782132 12.908246 -22.277292 7.430502 -16.524101 9.232823 11.547601 5.048492 -10.572227 -6.664276 0.441533 -39.333458 -6.002932 4.010225 14.392433 3.510489 3.589374 -4.051020 7.532237 0.586165 -8.725022 -13.889159 18.688011 -18.728668 8.167238 -0.768623 7.395706 1.972450 6.702218
0.682351 -14.951702 13.576453 -22.097551 7.660292 -17.071634 9.594903 11.368469 4.743694 -10.471664 -6.964160 0.009113 -38.800041 -5.466714 4.497981 15.063083 4.105812 3.285332 -3.806633 7.445823 0.272709 -8.531018 -13.673468 18.530268 -18.474871 8.016788 -0.932255 7.708859 1.558018 6.810919
0.258415 -14.686575 13.566940 -21.940607 7.870880 -16.960085 9.607180 11.383327 4.433767 -10.379694 -7.218785 -0.235131 -38.269543 -5.299619 4.782949 15.345856 4.306623 3.062076 -3.833593 7.429420 0.239332 -8.273452 -13.416707 18.574530 -18.440838 7.783615 -1.001462 7.847246 1.282869 6.756605
0.131754 -14.635595 13.493266 -21.938932 7.982450 -16.986765 9.579292 11.276495 4.382131 -10.318076 -7.366238 -0.288841 -38.112526 -5.163074 4.872103 15.439264 4.370806 3.049788 -3.806243 7.444330 0.204358 -8.127401 -13.259663 18.512857 -18.456068 7.685206 -0.946364 7.970448 1.202277 6.871195
-0.367766 -14.476468 12.963584 -22.055174 8.550893 -16.981989 9.403831 10.557007 4.099212 -10.063608 -8.080733 -0.454387 -37.119160 -4.484138 5.281855 15.803864 4.603429 3.095068 -3.768755 7.813021 0.087777 -7.729555 -12.874391 18.129486 -18.660486 7.327297 -0.798944 8.292950 1.003320 7.385601
-1.070718 -14.454138 11.702662 -21.943419 9.579077 -16.645613 8.970626 9.519718 3.484741 -9.540266 -9.482356 -0.540710 -35.585236 -2.806112 5.891534 16.669390 5.145553 2.783393 -3.603648 7.969560 -0.131386 -6.925542 -12.144691 17.373350 -18.899288 6.573593 -0.668589 8.996551 0.534119 7.995603
-2.137870 -14.656976 9.896977 -21.948954 10.615943 -16.140768 8.692760 8.194393 2.794455 -8.900267 -10.846067 -0.442616 -33.527664 -0.925294 7.128603 17.746050 6.475682 1.557937 -3.650084 8.183359 -0.647025 -5.574529 -11.209780 17.224823 -19.294403 5.651005 -0.447896 9.339529 -0.438796 8.173128
-3.275818 -14.939571 7.069990 -22.172161 12.291347 -15.753036 8.314165 7.253304 1.540959 -8.006780 -12.126183 0.065860 -32.143719 1.748375 9.104987 18.211618 9.602971 -0.573914 -3.347719 8.199398 -1.061268 -3.752035 -10.251089 17.134012 -19.678743 4.732484 -0.502309 9.219300 -1.855564 8.316654
-4.305182 -15.870791 3.651947 -21.557268 13.314080 -15.769770 8.624421 5.018865 -0.194013 -7.028165 -13.379227 0.410660 -29.549341 3.718288 11.681595 18.357079 12.921627 -3.672094 -3.410355 8.461740 -1.232620 -1.740417 -9.252838 16.162125 -20.270859 3.663892 -0.768711 9.232147 -3.123157 8.674959
-4.987270 -16.205538 0.027375 -21.644136 14.301684 -15.517570 8.275703 3.413215 -1.613337 -6.438146 -14.415432 0.549556 -26.613285 4.658698 12.994861 18.847755 15.479753 -6.957019 -4.291072 8.851713 -0.905621 0.206061 -7.705774 15.431153 -20.737217 2.800508 -1.687390 8.690172 -4.571887 9.509186
-9.983119 -24.368299 1.202604 -16.778851 24.204006 -1.187366 4.661810 4.778750 4.377286 4.608183 -20.073303 5.247609 -22.142258 -0.381051 22.081448 16.364471 6.782830 -8.348964 0.579281 10.634857 2.325366 3.969435 -9.433142 10.604959 -17.239346 -1.349593 -3.119602 12.302433 -4.940778 12.754099
-10.233984 -24.203623 -0.220701 -14.752106 25.867737 -0.415947 4.884490 3.530508 2.767007 6.100173 -20.615829 4.710313 -19.561430 -1.421522 22.700392 15.606853 7.481521 -10.053720 -0.772545 10.759344 3.355240 4.606122 -7.858552 9.720887 -17.006165 -1.598469 -4.594444 12.184792 -5.541676 13.008110
-10.627341 -23.400940 -0.308026 -12.259529 27.126204 -0.793118 5.984116 2.933028 1.202793 8.107720 -20.951073 4.180110 -16.324183 -2.656835 23.055868 15.886103 6.671362 -11.488629 -2.374911 9.769698 4.459146 5.742996 -5.834432 8.642716 -16.512672 -1.698938 -6.362139 12.206689 -6.389929 12.672714
-7.024172 -20.992058 0.072321 -7.968205 25.705788 -6.417898 7.024914 3.070932 -3.424919 6.196501 -20.017677 3.438167 -14.225650 -10.661046 17.258911 11.302326 7.630729 -11.036612 -7.436364 11.667152 7.909047 2.608779 -2.400752 8.594044 -17.284950 -6.043634 -9.266528 13.596202 -7.137478 12.438475
-4.205275 -19.630388 1.406983 -5.317822 25.900766 -6.092084 8.229488 5.212442 -4.778101 7.539465 -17.494345 1.417845 -11.639087 -13.748008 17.703663 12.230390 5.151686 -10.697685 -9.037101 13.582642 8.677293 2.745024 -1.412839 9.173734 -15.927735 -5.945140 -11.499930 13.315572 -8.173345 10.254160
-1.842330 -18.343159 5.248568 -3.485875 24.874939 -6.986498 9.522639 6.767851 -3.975914 7.944541 -15.636709 -0.687320 -10.837488 -16.482449 17.634708 11.600284 2.940924 -9.541605 -10.237824 13.541449 9.034575 1.875699 -1.423840 10.036895 -14.579838 -5.418375 -12.903489 13.286442 -8.179628 7.391283
1.684165 -17.385790 7.834219 -3.629835 24.054678 -7.191895 9.643070 8.175186 -2.540745 8.380823 -13.903972 -1.673736 -11.564700 -18.569332 16.893194 11.729983 -0.744823 -7.313180 -10.505361 14.196039 9.466487 0.889751 -1.406233 11.171087 -13.312467 -4.919359 -13.707900 13.474006 -7.983397 5.203551
4.119065 -17.374414 9.053638 -3.309946 22.958927 -7.143182 10.429840 10.066278 -2.079674 8.467188 -12.963745 -2.447302 -12.523312 -20.616982 15.988630 11.791266 -4.094977 -3.831986 -10.310464 15.764808 9.865541 0.057973 -1.530027 12.124732 -12.249972 -4.471213 -14.148936 13.659597 -7.672075 3.580227
5.371022 -17.744101 9.807338 -2.444860 22.283827 -7.019330 11.499496 11.636284 -2.270403 8.622484 -12.100679 -2.992914 -14.030461 -21.356348 15.881840 10.686755 -4.195969 -2.466098 -10.248561 14.938564 10.068848 -0.917913 -2.017330 12.889451 -11.662522 -3.987505 -14.066833 13.899482 -7.023513 3.001585
4.646801 -18.212408 10.135149 -2.293273 21.266211 -7.564308 12.563384 13.447771 -2.439863 8.261309 -11.523261 -3.346394 -15.124883 -21.869963 16.056541 9.608018 -4.558928 -1.670607 -10.412356 13.423381 10.065088 -1.904249 -2.672756 13.378912 -11.424095 -3.620874 -13.828198 14.148582 -6.337170 2.692355
3.678699 -18.660868 9.712487 -2.644500 20.616009 -8.179490 13.015501 14.900678 -2.504537 7.788787 -10.966801 -3.657852 -16.172760 -22.457312 16.014233 8.826494 -5.389812 -0.797940 -10.493485 12.541805 10.011499 -2.516451 -3.175821 13.679516 -11.385856 -3.328784 -13.321548 14.308542 -5.740204 2.783273
3.178294 -19.123692 9.392149 -2.911470 20.193920 -8.448699 12.975997 15.640725 -2.526956 7.362066 -10.847043 -3.688681 -16.898348 -22.698664 15.728539 8.507771 -5.609259 -0.347516 -10.398356 12.050262 9.958803 -2.863641 -3.433139 13.876757 -11.450255 -3.209167 -12.983069 14.364000 -5.416404 2.889850
2.983258 -19.434145 9.205359 -3.093420 19.950733 -8.509995 12.941868 15.945074 -2.540465 7.178639 -10.871731 -3.687194 -17.175154 -22.759018 15.571033 8.317093 -5.612567 -0.172285 -10.326179 11.798018 9.894644 -3.030847 -3.563055 13.944146 -11.504368 -3.177349 -12.803361 14.389414 -5.271676 2.952401
