-7.779336 -22.055094 -3.323290 -6.568489 29.654114 -4.518470 7.458130 -4.026272 1.959003 -0.930421 -22.080294 6.712538 -10.217805 1.195363 9.562965 10.015129 19.583704 0.001586 -16.023668 0.749062 5.623233 17.913691 -6.913782 8.094207 -16.347561 -3.816723 -9.500891 7.435378 -6.158841 10.333479
-7.901802 -21.967211 -3.310776 -6.650041 29.625309 -4.623322 7.327843 -4.019189 1.995656 -1.080101 -22.165667 6.814460 -10.299009 1.378687 9.594243 9.999947 19.806303 0.019035 -15.935748 0.857400 5.603716 17.820719 -7.061891 8.026033 -16.430222 -3.841895 -9.434277 7.378030 -6.172703 10.396007
-8.111067 -21.868280 -3.260698 -6.844872 29.529121 -4.798495 7.099382 -3.922366 2.104828 -1.348132 -22.339844 6.971245 -10.437709 1.565692 9.481893 9.997148 20.113760 0.079379 -15.790899 1.086303 5.569265 17.648561 -7.253410 7.911086 -16.457726 -3.874484 -9.374753 7.430480 -6.141939 10.516090
-8.386909 -21.801737 -3.116477 -6.993773 29.341484 -5.071957 6.897232 -3.872718 2.255414 -1.684005 -22.481003 7.208756 -10.734618 1.806256 9.488611 9.851669 20.521025 0.199450 -15.579652 1.390019 5.417285 17.557938 -7.519704 7.886469 -16.623329 -4.004009 -9.145449 7.471246 -6.176905 10.720395
-8.582543 -21.722300 -2.959520 -7.177377 29.128433 -5.291755 6.482668 -3.597612 2.401615 -2.147750 -22.713795 7.594316 -10.992314 2.106877 9.608132 9.681672 20.864096 0.423625 -15.350187 1.870422 5.210548 17.251348 -7.961979 7.720256 -16.702000 -4.068871 -8.948862 7.616277 -6.051914 11.070734
-9.010656 -21.658968 -2.525120 -7.506762 28.751549 -5.522377 5.984653 -3.177583 2.686675 -2.727237 -22.934532 7.901542 -11.346799 2.453841 9.611365 9.538299 21.077471 0.809819 -15.074187 2.170821 4.977017 17.032053 -8.457357 7.576220 -16.904190 -4.215723 -8.793593 7.612440 -6.034173 11.276615
-9.230639 -21.538364 -2.305512 -7.909075 28.518574 -5.787091 5.409083 -2.777112 3.022002 -3.230148 -23.102438 8.254989 -12.040886 2.847893 9.614273 9.253258 21.162600 1.349700 -14.710704 2.490392 4.711886 16.796228 -8.975781 7.356223 -17.042336 -4.293079 -8.562837 7.739417 -5.904051 11.670952
-9.338861 -21.479773 -2.173661 -8.461372 28.304688 -5.762912 4.746166 -2.194691 3.289611 -3.676066 -23.368477 8.576964 -12.743450 2.997318 9.265239 8.924887 20.906727 2.045907 -14.419227 2.632158 4.486823 16.492739 -9.606601 7.045308 -17.224220 -4.390502 -8.455859 7.795785 -5.748331 11.828455
-9.336827 -21.395403 -2.236739 -9.015666 28.478352 -5.663575 3.763634 -1.572620 3.475276 -3.989054 -23.685555 8.949167 -13.328083 3.077312 8.816663 8.689854 20.479870 2.767282 -14.231051 2.895975 4.219333 16.228243 -10.198668 6.672884 -17.377052 -4.406975 -8.344853 7.795337 -5.603742 11.937119
-9.333664 -21.350246 -2.267999 -9.657810 28.467491 -5.546169 2.972155 -0.977521 3.697997 -4.439830 -23.942890 9.223997 -14.051417 3.079793 8.127707 8.429058 20.117941 3.517418 -14.031122 3.275902 3.943737 16.012352 -10.853340 6.336318 -17.491343 -4.462574 -8.243069 7.753446 -5.513215 12.025032
-9.272586 -21.498243 -2.538019 -10.224024 28.325577 -5.472264 2.336990 -0.194224 3.873982 -4.866883 -24.201355 9.304938 -14.532450 2.749498 7.557810 7.883224 19.909369 4.332810 -13.973645 3.388154 3.768084 15.644611 -11.295694 6.094712 -17.475380 -4.399171 -8.075238 7.885641 -5.245809 12.393293
-9.083635 -21.761967 -2.718356 -10.502795 28.218712 -5.056408 1.864611 0.357241 3.906214 -5.303836 -24.503704 9.430671 -15.133121 2.724548 6.958552 7.516347 19.481794 5.038027 -13.942744 3.228790 3.611753 15.280856 -11.816400 5.857115 -17.448441 -4.278811 -7.915391 7.883825 -5.049120 12.681795
-8.986970 -21.756926 -3.038517 -10.909588 28.104109 -4.931468 1.280767 1.059451 3.869092 -5.700470 -24.715128 9.525142 -15.672121 2.545156 6.496806 7.116329 18.876442 5.817458 -13.989524 3.079110 3.404334 14.959136 -12.325908 5.693146 -17.500359 -4.183559 -7.656747 7.880328 -4.849971 13.027369
-9.008319 -21.762335 -3.062238 -11.138887 28.016422 -4.898880 0.876480 1.624635 3.930064 -6.096694 -25.146015 9.662461 -16.219318 2.500092 5.862491 6.775066 18.248575 6.638264 -13.946494 2.974812 3.319427 14.759882 -12.657804 5.585463 -17.497181 -4.103567 -7.494091 7.847345 -4.717778 13.341188
-8.974147 -21.724138 -3.069130 -11.400833 27.941696 -4.997273 0.488817 2.014741 4.068799 -6.401618 -25.168278 9.630495 -16.686073 2.386948 5.518213 6.606881 17.895237 7.046247 -13.964561 2.708547 3.174657 14.549521 -13.037510 5.591225 -17.547047 -4.021545 -7.267787 7.797302 -4.569847 13.491306
-8.948411 -21.773016 -2.918574 -11.557976 27.778660 -4.950232 0.279243 2.295189 4.214609 -6.643840 -25.173265 9.643252 -17.003366 2.302227 5.336260 6.482120 17.618176 7.231314 -14.014110 2.359077 3.107569 14.341864 -13.235349 5.592625 -17.567541 -3.922410 -7.168031 7.778213 -4.433056 13.576339
-8.853984 -21.882317 -2.793607 -11.643919 27.632320 -4.819679 0.221232 2.367410 4.351122 -6.782848 -25.305786 9.574317 -17.213598 2.225326 4.949221 6.408189 17.329273 7.480730 -14.025285 2.027050 3.153136 14.211647 -13.331468 5.547477 -17.507750 -3.812234 -7.221451 7.730329 -4.364380 13.547013
-8.767292 -21.856012 -2.692264 -11.695440 27.573826 -4.780388 0.191965 2.394974 4.438084 -6.856791 -25.543480 9.548577 -17.338964 2.191381 4.538858 6.344728 17.090622 7.776036 -14.022215 1.811497 3.100703 14.107471 -13.442820 5.546024 -17.528324 -3.715937 -7.182492 7.674200 -4.289444 13.508675
-8.738811 -21.849783 -2.612313 -11.693529 27.531178 -4.753103 0.188015 2.479032 4.473489 -6.875494 -25.537779 9.459626 -17.399633 2.136888 4.390727 6.330097 16.989847 7.859879 -14.050556 1.604257 3.142557 14.046655 -13.510232 5.492106 -17.523544 -3.696191 -7.191648 7.657510 -4.248534 13.479466
-8.705975 -21.817873 -2.561462 -11.699152 27.513924 -4.758922 0.162041 2.494488 4.495669 -6.910554 -25.547153 9.443858 -17.445631 2.133355 4.302423 6.327528 16.946220 7.908946 -14.049523 1.542847 3.130866 14.018937 -13.563877 5.480401 -17.554096 -3.680864 -7.186753 7.621460 -4.234897 13.485000
-8.672237 -21.630926 -2.584921 -11.571812 27.759491 -4.844399 0.096241 2.411595 4.417166 -6.811397 -25.628582 9.455447 -17.195206 2.122041 4.414004 6.337246 16.993917 7.695784 -14.113242 1.543283 3.265665 14.086463 -13.459846 5.340249 -17.511551 -3.710510 -7.413597 7.581186 -4.291056 13.357803
-8.496274 -20.968721 -2.557980 -11.171905 28.385746 -5.223444 -0.128897 2.170750 4.195221 -6.576998 -25.855314 9.455325 -16.559677 1.987303 4.697793 6.333085 17.028269 7.411276 -14.193182 1.791542 3.643844 14.195989 -13.199747 4.965241 -17.464609 -3.792032 -7.981681 7.480295 -4.376986 12.991675
-7.537401 -20.259249 -3.086064 -10.627396 29.424431 -5.729325 -0.797876 1.911208 3.862226 -6.036170 -26.470919 9.294409 -15.080200 1.716752 4.952356 6.445931 17.215872 6.892049 -14.449935 2.307842 4.148074 14.558192 -12.900886 4.492304 -17.580111 -3.855624 -8.791879 6.977084 -4.626864 12.113337
-6.619322 -19.449734 -3.749311 -10.194224 30.704746 -6.254683 -1.061457 1.062792 3.563956 -5.083132 -26.855080 9.079125 -13.287292 1.664531 5.585171 6.882542 17.349054 6.029015 -14.764844 3.198614 4.939061 15.077893 -12.401168 4.148335 -17.868349 -4.072509 -9.612041 6.352496 -4.991185 11.159597
-5.820719 -18.293749 -4.431729 -9.331908 32.276443 -7.170922 -0.961036 0.005049 3.019341 -3.675340 -27.151440 8.940551 -11.140864 1.599529 6.374744 7.392329 16.822359 5.146408 -15.462240 4.295302 5.938064 15.762388 -11.528556 4.064569 -18.068211 -4.313312 -10.637567 5.637325 -5.598570 9.836962
-4.923645 -16.856203 -4.206168 -7.810599 33.711266 -7.023067 -0.404717 -0.812620 1.997027 -1.906570 -26.869337 8.118005 -8.812905 1.320269 7.498355 7.931789 16.013874 4.180754 -16.327015 6.163724 6.949480 16.692080 -10.509787 4.342846 -18.007402 -4.716549 -11.420134 5.131990 -6.461400 8.456491
-4.272893 -15.428809 -3.844847 -5.832706 34.905991 -7.163637 0.259139 -1.127224 0.856399 -0.364962 -26.268955 6.613408 -6.418388 0.285820 8.805999 7.637589 15.657091 3.710320 -17.427404 7.731719 7.697217 17.942266 -9.248530 5.056867 -17.724577 -4.909256 -12.169524 4.470651 -7.437176 7.085466
-2.097719 -15.644039 -4.428746 -3.230537 34.878700 -8.991802 0.984567 -0.019856 -0.907512 1.069095 -23.661175 3.985403 -5.591370 -1.031894 12.026404 5.927197 17.315163 2.999105 -18.561525 10.072438 7.145125 16.937799 -7.965682 6.993682 -18.052555 -5.711559 -13.108830 4.251721 -8.731372 4.472940
1.790203 -15.940104 -5.370035 -0.171868 34.348866 -11.456509 1.947814 1.956520 -2.819313 2.045078 -19.860201 0.661663 -5.857229 -3.088404 15.527548 3.118554 19.398779 3.537517 -19.429838 12.142637 5.783335 15.106798 -6.335086 10.179357 -18.269569 -6.701071 -13.524038 4.455094 -10.176490 1.448216
5.900662 -15.518200 -5.710461 1.942082 33.810944 -13.511362 3.436628 3.094568 -3.582234 3.123476 -16.635977 -1.675955 -6.171205 -4.348734 19.366037 0.825994 20.824831 3.624599 -20.295830 12.733506 4.900868 14.061451 -5.066584 13.636403 -18.315704 -7.134864 -13.323359 4.103837 -11.264853 -1.509716
8.050728 -14.582825 -5.413623 3.434182 33.422600 -14.755359 4.691405 3.306884 -3.840379 3.968505 -14.949348 -3.426360 -6.291577 -4.891905 21.587772 -0.555224 21.186434 3.535676 -20.848818 11.841997 4.566625 13.712514 -4.454211 16.506887 -18.453289 -7.342395 -12.694295 3.555239 -11.962091 -3.596031
10.556019 -13.888172 -6.202515 4.403187 33.582832 -16.254854 6.254282 4.091905 -4.392454 5.927399 -13.154617 -6.175366 -5.152862 -6.293350 22.483732 -1.492013 20.600115 3.764606 -21.973673 11.388134 5.008888 13.300099 -3.233740 18.481009 -18.524801 -7.111756 -12.525675 3.408502 -11.967082 -4.252670
13.127208 -13.556592 -6.648409 5.086587 33.520939 -16.366407 8.712731 4.968696 -4.518131 8.216866 -12.576033 -8.554829 -2.878789 -8.101264 22.727512 -1.835234 19.177183 3.315876 -23.895506 10.666011 6.123647 12.734884 -0.852966 20.075109 -18.402496 -5.835383 -13.280953 2.917247 -11.182139 -3.841179
14.774522 -13.594824 -6.952348 5.719973 33.386086 -16.081810 11.300333 5.558815 -5.006048 10.580172 -12.456923 -9.955833 -1.171818 -9.106499 22.874559 -2.366391 16.298237 2.995311 -26.177282 9.434797 6.956346 12.010816 0.953831 21.163099 -18.328848 -4.950873 -14.082660 2.832314 -10.440751 -3.516153
15.153502 -14.544003 -6.958105 6.231578 32.526390 -16.343344 14.101991 6.052004 -5.363307 12.025764 -12.656958 -10.953483 0.169067 -9.707555 23.134331 -3.078637 12.925786 3.880118 -28.180462 7.457516 7.524852 10.909562 2.599948 21.640200 -18.286896 -4.228402 -14.942668 3.142231 -9.444684 -2.433413
14.580860 -16.026667 -6.684421 6.899382 30.962900 -17.015667 16.994455 5.968915 -5.625340 13.038535 -12.448396 -11.269304 0.621204 -9.870263 23.543970 -3.841754 10.438248 5.345123 -29.059895 5.677145 7.762229 9.534813 3.569948 21.892874 -18.230413 -3.700075 -15.678678 3.775298 -8.635204 -1.424749
14.139374 -17.153601 -6.503145 7.083548 29.899874 -18.061689 19.242746 5.530880 -5.473406 13.847557 -11.891912 -11.402825 0.295137 -10.027404 24.395847 -4.743465 8.895582 6.696445 -29.465897 4.306116 8.134839 8.472461 4.181040 21.912367 -18.273159 -3.019438 -16.286310 4.126963 -7.756661 -0.346505
13.770945 -17.974447 -6.582653 6.870728 29.283878 -18.730444 20.593655 5.091373 -5.185020 14.315494 -11.712034 -10.742154 -0.352375 -9.954953 24.042850 -4.385026 7.300412 6.859369 -29.432251 3.411698 8.418793 7.756614 4.687381 21.946497 -18.304689 -2.490485 -16.635288 4.229864 -7.085583 0.700889
13.611969 -18.561613 -6.523085 6.585044 28.811302 -19.083651 21.191319 4.961843 -5.011199 14.446271 -11.259821 -10.599759 -0.902675 -9.857884 24.260567 -4.224184 6.539505 7.012869 -29.295965 3.016840 8.435853 7.119367 4.662976 21.776297 -18.208591 -2.289431 -16.754999 4.598982 -6.673137 1.257641
13.557308 -18.837772 -6.605092 6.501983 28.630371 -19.157637 21.417469 4.788341 -5.006297 14.519281 -11.065413 -10.552129 -1.152339 -9.818830 24.339417 -4.130320 6.329892 6.997872 -29.249886 2.873448 8.443229 7.019379 4.818771 21.727865 -18.176964 -2.260405 -16.783504 4.765339 -6.541906 1.460438
13.545921 -18.852594 -6.570895 6.486720 28.601130 -19.173740 21.510555 4.759526 -5.000327 14.585926 -11.038054 -10.510331 -1.113368 -9.816972 24.410917 -4.113656 6.200193 6.926170 -29.317152 2.860886 8.486694 6.956022 4.881463 21.672287 -18.152407 -2.215569 -16.873703 4.816874 -6.492452 1.561623
13.575520 -18.892687 -6.494588 6.466253 28.524971 -19.285276 21.752098 4.735095 -4.971959 14.763431 -10.933554 -10.242678 -1.085265 -9.834184 24.562508 -4.086102 6.008729 6.548124 -29.484659 2.704391 8.582734 6.895748 4.942119 21.661711 -18.056675 -2.144824 -16.985600 4.857723 -6.443797 1.629200
13.599482 -18.918615 -6.327166 6.460129 28.401695 -19.395163 22.085979 4.739504 -4.956844 15.021675 -10.662287 -10.095687 -1.044065 -9.926012 24.905638 -3.891223 5.665595 6.174795 -29.654058 2.697128 8.730952 6.804177 5.057741 21.627996 -17.919279 -2.041085 -17.136251 4.934743 -6.374308 1.717490
13.622673 -18.904451 -6.003707 6.472388 28.255602 -19.597609 22.516846 4.728433 -4.864776 15.319232 -10.188385 -9.858411 -1.011948 -10.039079 25.455528 -3.682410 5.192112 5.785365 -29.853312 2.702586 8.865888 6.629335 5.248227 21.608408 -17.722101 -1.897674 -17.339262 5.101449 -6.261149 1.939582
13.543373 -18.901724 -5.564808 6.429773 28.029259 -19.787865 22.927090 4.734668 -4.743564 15.559639 -9.563133 -9.573138 -1.151659 -10.038386 26.239616 -3.396908 4.539306 5.524913 -29.980436 2.766286 9.052620 6.442556 5.495532 21.583080 -17.550022 -1.787646 -17.484797 5.295092 -6.168777 2.191600
13.485336 -19.083826 -4.949281 6.443988 27.616377 -19.830921 23.399364 4.751661 -4.632164 15.707412 -8.971655 -8.894276 -1.557456 -9.978154 26.774216 -2.647336 3.765560 4.864824 -29.977224 2.803415 9.198202 6.156606 5.642020 21.524374 -17.290323 -1.660532 -17.603878 5.596063 -6.018996 2.431426
13.489370 -19.287218 -4.206556 6.414529 27.109722 -20.003418 23.928354 4.740947 -4.445330 15.878500 -8.122084 -8.353515 -2.081704 -9.825639 27.417669 -1.948724 2.811547 4.416481 -29.825235 2.905826 9.390635 5.903130 5.911098 21.574106 -16.949205 -1.454391 -17.829449 5.861105 -5.855638 2.624130
13.618464 -19.458429 -3.402973 6.481364 26.623272 -20.056707 24.426609 4.752059 -4.263482 15.980803 -6.844230 -7.875165 -2.623863 -9.583311 28.339840 -1.440089 1.797025 4.001351 -29.603899 3.228208 9.526873 5.563844 6.041193 21.540007 -16.650648 -1.330691 -18.016685 6.205341 -5.732314 2.805703
13.618628 -19.648439 -2.601408 6.526048 26.105751 -20.216581 24.846054 4.731980 -4.094141 16.054125 -6.053189 -7.867601 -3.304982 -9.686550 28.401144 -1.004618 1.261541 4.178133 -29.291727 3.368295 9.663760 5.293783 6.146074 21.499756 -16.246250 -1.178966 -18.137325 6.527879 -5.619808 2.927846
13.689318 -19.887226 -1.770389 6.480762 25.555569 -20.288910 25.329981 4.870353 -3.899532 16.140030 -4.863667 -7.255794 -4.407806 -9.489055 29.516113 -0.993316 1.034743 4.168553 -28.950275 3.543387 9.721468 4.818582 6.292369 21.598997 -15.990861 -1.046541 -18.361538 6.845353 -5.505273 3.004107
13.490751 -20.162500 -0.921617 6.256777 24.987610 -20.438082 25.892094 4.994696 -3.707879 16.329052 -3.875972 -7.397357 -5.356268 -9.907325 30.332069 -1.386204 1.270805 5.071744 -28.692280 3.823038 9.762791 4.316614 6.324534 21.731115 -15.728958 -0.972793 -18.396177 7.193779 -5.421035 3.033308
13.230125 -20.620110 -0.313114 5.998395 24.252781 -20.335676 26.344303 5.169431 -3.529571 16.381773 -3.190135 -7.797055 -6.204603 -10.627386 30.775837 -1.683664 1.498232 6.397527 -28.529673 4.305850 9.740814 3.782436 6.400421 21.819616 -15.312192 -0.874562 -18.538622 7.652072 -5.293858 3.065051
12.921078 -21.120413 0.190637 5.867800 23.406979 -20.196363 26.912868 5.254056 -3.352556 16.455782 -2.529732 -7.755446 -6.833220 -10.777793 31.302198 -1.780869 1.566271 7.158228 -28.351242 4.773856 9.805457 3.305040 6.427090 21.807547 -14.755919 -0.811236 -18.584816 8.191257 -5.157871 3.018595
12.590273 -21.724350 0.707365 6.044098 22.491337 -19.990614 27.534634 5.162670 -3.269692 16.549715 -1.954504 -7.630283 -7.409812 -11.062696 31.324348 -1.666762 1.710611 7.846078 -28.026173 5.364532 9.786016 2.891678 6.514122 21.823317 -14.279461 -0.748197 -18.549171 8.769302 -5.005239 3.136860
12.514882 -22.448366 1.251180 6.484866 21.616707 -19.711241 28.190046 5.044163 -3.321009 16.531395 -0.943291 -7.830810 -8.052024 -11.310775 31.465378 -2.232345 2.642406 8.625955 -27.477835 5.745932 9.726805 2.465703 6.557250 21.818184 -13.837698 -0.728926 -18.449696 9.340781 -4.854061 3.249685
12.434858 -23.046934 1.701055 6.814801 20.894829 -19.608416 28.723537 4.975760 -3.391145 16.514914 -0.337695 -8.018562 -8.453141 -11.748567 31.091610 -2.356575 2.939229 9.184037 -27.119278 6.102145 9.699139 1.937529 6.814310 21.873756 -13.489440 -0.636305 -18.434444 9.914159 -4.685727 3.544328
12.418850 -23.523191 2.061513 7.076428 20.334290 -19.476448 29.185410 4.951526 -3.413953 16.472178 0.021946 -8.166359 -9.043242 -12.092444 30.570942 -2.463235 3.212883 10.041608 -26.678902 6.433268 9.606206 1.599530 6.945749 21.950106 -13.227374 -0.610643 -18.339745 10.336597 -4.610819 3.759213
12.489047 -23.975201 2.332473 7.303238 19.940468 -19.303389 29.633965 5.033921 -3.515034 16.429871 0.222754 -8.269814 -9.526454 -12.329482 30.139881 -2.524613 3.525114 10.543750 -26.356083 6.638897 9.551157 1.316381 7.024274 22.072752 -13.070387 -0.585595 -18.243019 10.664943 -4.581067 3.909218
12.500221 -24.245398 2.540105 7.454693 19.704681 -19.150711 29.914986 5.064787 -3.540418 16.375040 0.452053 -8.255281 -9.892233 -12.421832 30.097103 -2.546721 3.785896 10.757857 -26.168026 6.838651 9.509926 1.125882 7.109993 22.167593 -13.047809 -0.555622 -18.207359 10.799160 -4.563471 4.055439
12.539112 -24.357847 2.602789 7.501958 19.607492 -19.094101 30.010338 5.078033 -3.557561 16.360136 0.509168 -8.266166 -10.014526 -12.450033 30.047756 -2.583912 3.849046 10.898631 -26.083197 6.865241 9.502486 1.026649 7.158746 22.236708 -13.049773 -0.527475 -18.190317 10.842589 -4.524848 4.121608
12.529036 -24.225439 2.601363 7.530426 19.732992 -19.133560 29.940815 5.076009 -3.595453 16.395683 0.447259 -8.275464 -9.904284 -12.430556 30.039730 -2.541155 3.849174 10.841426 -26.101889 6.876121 9.524777 1.132138 7.167387 22.195669 -13.082786 -0.554005 -18.245869 10.746128 -4.600855 4.039701
12.515005 -23.879318 2.641229 7.519628 20.026276 -19.204231 29.710548 5.103215 -3.644624 16.440687 0.238721 -8.444372 -9.548816 -12.527860 29.754768 -2.341889 3.836187 10.826142 -26.084072 6.942067 9.570951 1.268631 7.168154 22.098856 -13.161952 -0.572041 -18.380604 10.548719 -4.711025 3.924597
12.470077 -23.471231 2.572603 7.446479 20.410831 -19.310572 29.432800 4.945800 -3.693628 16.571093 -0.048665 -8.761085 -8.904214 -12.668623 29.463509 -2.310987 3.893336 10.902070 -26.189417 7.009162 9.668405 1.522761 7.260864 21.949909 -13.346005 -0.614403 -18.595169 10.206696 -4.880986 3.837941
12.414968 -22.903021 2.767559 7.312081 20.873039 -19.238544 29.007641 4.750456 -3.685471 16.640453 -0.711704 -8.928683 -8.140571 -12.867875 28.697412 -1.603215 3.707879 10.537287 -26.349131 7.297853 9.819889 1.889855 7.489111 21.811071 -13.517308 -0.706390 -19.000618 9.820135 -5.192536 3.683203
12.321953 -22.403994 2.872160 7.059987 21.326359 -19.142765 28.324127 4.608624 -3.556875 16.578135 -1.350902 -9.387853 -7.180730 -13.362594 27.708490 -1.102959 3.812528 10.562923 -26.499266 7.369225 9.939426 2.320566 7.638889 21.603189 -13.788207 -0.893202 -19.244371 9.421358 -5.507902 3.584721
12.331813 -22.003345 2.592263 6.730625 21.813030 -18.865650 27.421703 4.455602 -3.414694 16.385687 -1.873586 -9.862351 -6.299536 -13.672534 26.953281 -0.412360 3.810758 10.519265 -26.489286 7.672333 10.014849 2.815854 7.813768 21.258825 -14.179372 -1.198452 -19.443901 9.046755 -5.940681 3.739275
12.653323 -21.835077 2.603343 6.391174 22.161091 -18.417261 26.629997 4.023137 -3.141881 16.241306 -2.233650 -10.537408 -5.445214 -13.911761 26.367943 -0.098166 4.304485 10.678899 -26.375444 8.124710 10.129377 3.359818 7.986530 20.935186 -14.396770 -1.509610 -19.706490 8.743108 -6.382023 3.798528
12.926321 -21.615412 2.518220 6.172813 22.537821 -18.355108 25.987875 3.238074 -3.009058 16.527962 -2.840438 -11.153861 -4.635965 -14.066240 25.309814 0.347211 4.433506 10.878763 -26.195618 8.626957 10.216218 4.174305 8.116134 20.586081 -14.417617 -1.776757 -19.864944 8.474407 -6.885620 3.807477
13.268631 -21.110220 2.493680 6.342430 23.183117 -18.480896 25.486107 2.076181 -2.968216 16.929729 -3.618141 -11.775210 -3.885201 -14.105775 24.314569 0.932806 5.079803 10.875103 -26.066298 9.215172 10.054297 5.040785 8.271164 20.425596 -14.558926 -2.102624 -19.741882 8.350013 -7.461794 3.760140
13.533255 -20.316425 2.334328 6.608365 24.000217 -18.460695 24.893940 1.231502 -3.225061 17.214491 -4.749145 -12.399148 -2.515732 -14.066929 23.413763 1.261445 5.957650 10.434247 -26.224058 9.675018 9.782455 5.843485 8.302954 20.251541 -14.839471 -2.444099 -19.383966 8.290644 -7.932508 3.793558
13.406157 -19.476398 2.117049 6.551473 24.992672 -17.716421 23.544905 0.770350 -3.495982 16.949793 -5.712093 -12.672894 -1.411194 -13.627890 22.759544 1.509746 6.593242 9.936336 -26.143007 9.801854 9.368795 6.693224 7.951836 19.821190 -15.225382 -3.113797 -18.872862 8.317915 -8.525173 3.617642
12.600367 -19.204096 1.810245 6.566111 25.453505 -16.314104 22.214846 0.495327 -3.706888 16.162893 -6.805215 -12.720113 -0.468865 -12.798287 22.123024 1.964746 7.841334 8.690137 -25.882015 9.843679 8.882960 7.224419 7.637035 19.208326 -15.915664 -3.974771 -18.340088 8.356483 -9.039292 3.770602
11.884336 -19.401255 1.557303 6.602188 25.612446 -15.425584 21.028763 0.016677 -3.853518 15.182685 -7.396110 -12.573649 0.126766 -11.789069 21.794605 2.600050 9.444196 7.116141 -25.464020 10.199903 8.458397 7.919304 7.410403 18.636669 -16.345800 -4.651865 -17.687475 8.274220 -9.513101 3.969698
10.880266 -19.392185 0.975322 6.033596 26.082500 -14.932410 19.959291 -0.762887 -3.912497 14.654568 -8.062698 -12.396591 0.276945 -10.883008 21.595173 3.234652 10.877833 6.249901 -24.922867 10.728067 8.004570 8.499243 7.013113 18.307514 -16.425247 -5.249746 -16.904297 8.277017 -9.917643 3.884801
7.421688 -22.119394 0.286628 1.050152 30.306946 1.103523 10.813200 1.504755 1.692091 6.424974 -13.274738 -1.549330 -2.246345 -15.823671 9.528331 3.626831 12.045926 2.253778 -25.285124 3.117568 6.531279 16.757532 -1.972180 12.758743 -12.202037 1.025920 -15.657640 6.198771 -7.288264 1.121974
6.329753 -22.783443 -0.971438 -0.480045 30.208721 0.890114 9.426306 1.319710 2.167879 5.179587 -14.291476 -0.836810 -3.379520 -14.645537 7.752425 4.701526 13.775487 1.011961 -24.149548 2.886504 5.807944 16.834604 -2.017662 12.255219 -12.586304 0.665371 -14.968223 6.758964 -7.431288 2.428735
4.335562 -23.163649 -2.033013 -1.313252 30.470963 0.798672 8.400340 1.444576 2.060676 4.263937 -15.174569 0.497561 -4.990162 -13.090695 6.533230 5.909525 14.681277 -0.238614 -22.891500 2.850975 5.055094 16.427309 -2.170871 11.552770 -13.007037 0.501354 -14.423006 7.319520 -7.271742 4.270821
1.437574 -23.014872 -2.969046 -1.665274 30.730209 0.685528 7.859948 2.112671 0.792914 4.458739 -15.889987 1.885832 -6.173412 -11.590426 6.061412 6.995509 14.674232 -1.240193 -21.923368 3.037251 4.556458 15.898740 -2.658765 10.807481 -13.459249 0.504833 -14.053205 7.560787 -6.839219 5.939730
-1.243899 -23.812698 -3.805873 -2.932842 29.802692 0.341352 8.028747 2.409784 0.193152 4.288472 -16.688190 3.162303 -7.850284 -10.075963 5.361615 7.481343 14.643952 -1.714308 -21.005198 2.779416 4.052810 15.041039 -3.374647 9.954738 -13.747527 0.568859 -13.536111 8.059258 -6.208068 7.586140
-3.364401 -23.551559 -2.538682 -4.345868 28.153881 -0.587580 9.024582 1.573542 0.810167 0.743722 -18.417679 4.388162 -8.999163 -3.055738 8.736133 10.238990 14.981925 -1.115896 -18.696836 -1.746169 6.140527 16.406059 -4.441412 8.140397 -12.697325 -1.725811 -12.324664 9.944474 -5.052950 9.901575
-4.984462 -23.832876 -1.690557 -5.500179 26.499485 -1.637626 9.886942 1.223783 1.308901 -1.278993 -18.663708 4.387239 -10.826133 -1.293889 8.985650 10.255886 15.898141 -0.767792 -17.738344 -3.236079 6.192922 15.567360 -5.431505 7.705229 -12.970781 -2.373221 -10.826944 10.904315 -4.081881 11.546245
-6.315129 -24.525387 -1.091711 -5.743225 25.294243 -2.560275 10.504322 1.432383 1.682037 -2.567556 -18.701651 4.784269 -12.531795 -0.800011 8.534319 9.773287 16.459375 -0.528496 -17.213583 -4.118254 5.695361 15.070746 -6.420175 8.004823 -13.169565 -2.183063 -10.046481 10.874753 -3.675920 12.178611
-6.558859 -24.980227 -0.819438 -6.291511 24.469423 -3.014335 10.096319 2.017685 2.108109 -3.284971 -18.623314 5.017932 -14.127445 -0.273370 7.997551 9.441420 16.976461 0.058807 -16.754179 -4.211542 5.159662 14.382074 -7.270272 8.681006 -13.324212 -1.920555 -9.161456 10.908185 -3.167809 12.072702
-6.158648 -25.690092 -0.914125 -7.110336 23.819845 -3.022423 9.690224 2.655229 2.839328 -3.443347 -18.334827 5.260940 -15.558898 0.416093 7.681849 9.418461 17.190773 0.937704 -16.256874 -3.872003 4.568789 13.934628 -8.097629 9.120487 -13.643117 -1.750035 -8.043958 10.823907 -2.806664 12.138350
-6.014233 -26.005262 -0.513923 -7.449564 23.160419 -3.211052 9.875936 3.414878 3.434162 -3.575072 -17.788198 5.228477 -16.824696 0.478816 7.310009 9.276989 16.940870 2.170162 -15.815506 -3.570576 4.035793 13.697318 -8.924056 9.543778 -13.873029 -1.753353 -7.249041 10.648397 -2.706817 11.823448
-5.554743 -26.064554 -0.523513 -7.695845 22.623112 -3.590996 9.757236 4.099514 3.706042 -4.157384 -16.989820 4.990300 -17.760246 -0.257283 6.605909 9.044553 16.103340 3.211958 -15.833377 -3.470588 3.674408 13.262616 -9.624667 10.150226 -13.659717 -1.605235 -6.758851 10.780556 -2.500997 11.441940
-4.867490 -25.775291 -0.099943 -7.926657 22.435305 -4.169357 9.667167 4.457969 4.204942 -4.513897 -16.575012 4.899017 -18.872213 -0.591847 5.963105 8.470388 15.564221 4.426447 -15.854329 -3.431366 3.476077 12.822717 -10.264980 10.663636 -13.220602 -1.448757 -6.708461 10.958696 -2.339030 10.955300
-3.764274 -25.509407 0.646375 -7.975201 22.277342 -4.661730 9.642551 5.094034 4.733178 -4.549943 -16.042215 4.683425 -19.834044 -1.244974 5.321823 8.021610 14.715635 5.619897 -15.913918 -3.485608 3.128965 12.474629 -10.932827 11.134479 -12.668118 -1.342390 -6.720792 11.105480 -2.252380 10.325323
-3.410957 -25.246038 1.498535 -8.028230 21.937037 -4.578055 9.727991 5.829535 4.917058 -4.712016 -15.422663 4.377357 -20.251587 -2.221105 4.943803 7.710416 13.790850 6.665205 -16.128380 -3.375351 2.950963 12.268726 -11.299029 11.341416 -12.084289 -1.229716 -6.778294 11.415983 -2.182763 9.590235
-3.377435 -24.743471 2.591326 -7.804449 21.680168 -4.625867 9.939697 6.799752 5.034449 -4.851684 -14.887935 4.125371 -20.525806 -3.235793 4.563270 7.455747 12.720958 7.494853 -16.380705 -3.415575 2.897990 11.956960 -11.888021 11.817986 -11.421210 -1.116951 -6.630753 11.687714 -2.046130 8.416150
-2.601275 -24.063402 3.502759 -7.672075 21.663280 -5.119048 10.090352 7.640251 5.417223 -4.564656 -14.554585 3.877970 -20.698513 -4.074601 4.019068 7.410212 11.244411 8.659443 -16.622938 -3.203984 3.134548 11.639342 -12.166391 12.013684 -10.791848 -0.918464 -6.661351 11.989054 -1.782148 7.506770
-1.825934 -23.545502 4.229783 -7.598846 21.832020 -5.613488 10.059553 8.087378 5.889246 -4.205696 -14.246969 3.524246 -20.547953 -4.888875 3.676156 7.354073 9.975347 9.527169 -16.910448 -3.106791 3.429190 11.231158 -12.373182 11.943323 -10.330388 -0.658149 -6.850830 12.168100 -1.459839 7.001131
-1.146476 -22.962732 4.998928 -7.355618 22.103710 -6.193708 10.034529 8.388653 6.228442 -3.877329 -14.057732 3.357857 -20.503586 -5.407182 3.369087 7.278572 8.869857 10.354102 -17.026136 -2.935772 3.538893 10.707143 -12.636909 11.797944 -9.985628 -0.266063 -6.981493 12.344004 -1.060239 6.647841
-0.230224 -22.048910 6.055538 -7.066982 22.493763 -6.355838 9.661157 8.958292 6.554719 -3.642841 -14.007915 3.283604 -20.581165 -5.694565 3.115396 7.235436 8.082270 10.877842 -17.044252 -2.950722 3.631423 10.287733 -12.723299 11.513330 -9.725360 0.014631 -7.231975 12.521048 -0.775748 6.445067
0.525401 -21.420040 6.381899 -6.831824 22.803501 -6.261946 9.255518 9.388489 6.581805 -3.533104 -14.025890 3.137314 -20.571398 -5.959999 3.071321 7.092113 7.682049 11.068086 -17.058825 -3.225839 3.653776 10.021560 -12.855289 11.505872 -9.535295 0.159258 -7.319719 12.582998 -0.625437 6.192233
0.833973 -20.972662 6.532393 -6.819964 23.075115 -6.144484 8.834554 9.978114 6.599777 -3.600968 -13.905942 2.947403 -20.718534 -6.284375 2.916882 6.805233 7.214125 11.231874 -17.256330 -3.857870 3.764831 9.844821 -12.896494 11.517938 -9.413838 0.239589 -7.557701 12.526924 -0.557979 5.806171
1.012254 -20.687378 6.432092 -6.715618 23.230652 -5.906269 8.586007 10.498333 6.383782 -3.705470 -13.795134 2.724844 -20.755833 -6.535352 2.901430 6.485925 6.965915 11.246578 -17.487988 -4.591607 3.888067 9.734666 -12.938313 11.577273 -9.316252 0.268067 -7.779005 12.437099 -0.538154 5.405594
1.138365 -20.597977 6.429636 -6.487831 23.232433 -5.809235 8.559888 10.868167 6.181218 -3.813620 -13.735744 2.607160 -20.848154 -6.650795 2.874729 6.293056 6.810779 11.264157 -17.578932 -5.077882 3.981049 9.672487 -12.975507 11.620050 -9.245936 0.266078 -7.979121 12.350428 -0.550222 5.079990
1.289481 -20.622183 6.402345 -6.349808 23.152584 -5.656656 8.604044 11.088767 6.055305 -3.866600 -13.680146 2.584208 -20.979946 -6.689517 2.813977 6.252647 6.726952 11.314826 -17.573654 -5.247718 4.073730 9.697907 -12.908163 11.632873 -9.249876 0.241561 -8.133113 12.275319 -0.594199 4.972337
1.339745 -20.620184 6.361403 -6.316999 23.138712 -5.601429 8.600189 11.167875 6.016504 -3.875489 -13.673897 2.559413 -20.998510 -6.696822 2.813045 6.204496 6.717017 11.314263 -17.583256 -5.357093 4.122892 9.694821 -12.889165 11.634743 -9.238736 0.236593 -8.208483 12.237576 -0.605231 4.907897
