10.634694 -0.937250 3.216646 -16.954962 7.566837 -8.557278 20.531900 1.544244 -12.385091 -19.115841 -7.572965 0.125034 -24.072472 -5.822381 11.011292 4.518232 -2.764573 1.799445 -21.184469 5.596506 1.124857 -3.444969 -4.671761 7.586229 -16.699299 9.388911 -1.332515 18.279276 6.882401 -0.339090
7.585084 -5.052638 5.431325 -13.209975 11.607265 -8.033033 17.861712 3.597053 -7.549511 -16.580687 -9.413748 -5.125041 -23.369812 -4.470250 7.328430 7.217989 2.167081 4.940234 -18.910536 4.358711 1.870404 -7.348013 -3.377525 7.893245 -19.020561 6.177901 -3.147158 18.860645 5.534806 0.945623
7.829077 -4.929066 5.834449 -13.745680 11.495738 -8.117965 17.664616 3.691404 -7.023373 -16.769787 -9.316292 -4.905483 -24.186201 -4.469727 6.850092 7.225355 1.465027 5.808218 -18.655550 4.631954 1.703820 -7.562137 -3.920651 8.252460 -18.840816 6.180816 -2.552876 19.004274 5.686113 1.046155
7.960449 -4.702229 6.482942 -14.312493 11.353509 -8.089553 17.408184 4.130985 -6.398750 -17.082481 -9.264365 -4.792271 -24.991451 -4.508074 6.262048 7.193769 0.632127 6.704465 -18.485081 4.629909 1.605933 -7.882863 -4.563551 8.686687 -18.571041 6.210623 -2.099191 19.041771 5.841259 0.828971
7.996829 -4.515520 6.999717 -14.847960 11.241395 -8.155706 17.198784 4.555244 -5.838854 -17.301743 -9.243829 -4.728249 -25.785723 -4.477587 5.875146 7.144331 -0.222231 7.619997 -18.269768 4.555450 1.611601 -8.273213 -5.255661 9.372306 -18.149796 6.281774 -1.887142 18.853855 5.891606 0.269703
8.424954 -4.380783 7.347055 -15.276884 11.037301 -8.195245 16.976156 5.034234 -5.351053 -17.461079 -9.306213 -4.803327 -26.456102 -4.420358 5.698936 6.904775 -0.682057 8.356069 -18.044662 4.199492 1.502547 -8.463669 -5.724240 10.012183 -17.969641 6.265897 -1.831694 18.510292 5.748929 -0.264752
8.933420 -4.648481 7.829322 -15.522945 10.694777 -8.046091 16.764734 5.521942 -4.670723 -17.579382 -9.274672 -4.836341 -27.431107 -4.365544 5.345075 6.767254 -1.123438 9.003966 -17.719881 3.659145 1.229151 -8.801305 -6.385366 10.692655 -17.983913 6.308779 -1.983042 17.943996 5.573445 -1.148301
9.123061 -4.914782 8.449091 -15.637727 10.204240 -7.975820 16.831276 5.989175 -4.202463 -17.835340 -9.070857 -4.912368 -28.191231 -4.406591 5.033907 6.848358 -1.698408 9.201456 -17.495060 2.832605 0.939453 -9.147218 -7.072921 11.235389 -17.932240 6.369395 -2.103586 17.435616 5.425224 -1.813644
9.221652 -5.091021 9.049260 -15.603156 9.826797 -7.814161 16.931293 6.495455 -3.951143 -18.076313 -8.846157 -4.941821 -28.719378 -4.481087 4.665426 7.049520 -2.239626 9.309409 -17.364704 2.346714 0.826860 -9.361067 -7.408360 11.332433 -17.942183 6.370359 -2.495568 17.041052 5.265937 -2.209603
9.225847 -5.247029 9.366234 -15.473517 9.596264 -7.711359 17.039570 6.715531 -3.892766 -18.210110 -8.757283 -4.959011 -28.881660 -4.512572 4.516899 7.159990 -2.348461 9.181396 -17.318319 2.072989 0.738682 -9.484251 -7.669213 11.357720 -17.920837 6.358171 -2.616074 16.869045 5.201545 -2.323879
9.235680 -5.238273 9.661756 -15.440687 9.407250 -7.742884 17.119213 6.965768 -3.799911 -18.312492 -8.661775 -4.948733 -29.088968 -4.547868 4.390954 7.291093 -2.583213 9.161783 -17.247753 1.888011 0.697774 -9.652116 -7.888423 11.373340 -17.833624 6.382994 -2.739760 16.761940 5.191333 -2.473976
9.218815 -4.995998 11.241141 -15.069254 8.567231 -7.252345 17.549320 8.074484 -3.850080 -18.915743 -8.084522 -4.854160 -29.862902 -4.885153 3.742995 8.080213 -3.501043 8.506995 -16.959803 0.880163 0.715658 -10.410367 -8.864450 11.381008 -17.461205 6.598727 -3.284207 16.219173 5.278938 -2.892416
10.221319 -5.907800 12.694532 -14.610556 6.934269 -5.824873 17.671509 10.779737 -3.999323 -20.603313 -6.582608 -3.967292 -31.851643 -6.410370 1.616104 9.251507 -6.124840 7.643486 -16.838175 0.043685 0.828822 -12.360127 -11.065308 11.548009 -15.934825 7.640369 -3.421361 16.088385 6.267463 -3.408461
11.851065 -9.457390 10.129524 -13.980884 5.475053 -6.198346 17.181183 14.384931 -3.602184 -22.158493 -4.502982 -5.032698 -33.189205 -7.214814 0.484821 11.363108 -7.853087 7.394812 -16.726562 -2.138812 0.381629 -14.278811 -13.683237 12.302004 -14.047591 8.400479 -3.427668 16.269320 6.467958 -3.307600
7.006731 -12.066190 8.896827 -10.096603 8.406523 -11.135023 14.598514 19.125465 -1.634603 -20.295568 -3.268265 -9.651137 -31.971972 -5.049888 2.631219 17.887426 -6.877184 4.928289 -13.425157 -8.593569 -0.756585 -15.910752 -15.922199 13.422393 -12.833257 9.178934 -8.785031 11.964518 2.881663 -2.170474
2.982205 -10.182186 14.077267 -5.131184 10.439746 -13.155364 15.390645 24.093876 -1.953713 -18.166754 -3.915968 -10.866002 -29.526211 -7.479867 3.520572 19.914089 -9.713454 1.588899 -13.198159 -13.633227 -0.389196 -16.770554 -17.972908 14.697582 -11.317124 8.648184 -13.283542 8.580585 -0.310903 -2.879370
-7.103718 -11.569561 11.834383 -6.700966 10.829169 -10.848106 15.808825 25.412510 -2.830939 -18.185511 -6.150272 -9.051573 -26.030825 -8.898064 2.183329 22.726597 -13.427577 -4.341752 -14.098781 -14.800091 1.182858 -17.141037 -18.409857 14.155166 -7.507836 7.176355 -15.477704 10.375749 -0.965829 -5.119767
-9.781893 -10.702570 9.284112 -7.130826 13.139028 -5.773659 12.632345 29.569668 -5.517745 -19.338882 -4.708096 -8.258631 -23.617500 -13.197639 1.917702 17.894913 -14.719004 -7.665441 -18.752825 -18.284788 4.057842 -14.897285 -14.084085 11.821574 -8.652196 5.188146 -17.377117 11.384827 -1.171719 -9.655249
-8.432936 -7.899976 3.673975 -9.969748 19.098875 -1.780833 6.745030 32.524807 -6.339832 -17.578638 -6.956048 -10.356630 -18.369806 -15.783498 4.817257 13.042942 -13.507073 -7.715768 -21.891603 -20.112679 3.754400 -12.375367 -10.495728 8.932203 -10.911273 1.916028 -18.502403 13.182098 -2.539741 -11.947819
-7.003346 -5.803891 0.174970 -10.989576 22.378300 -0.813222 3.844141 33.281231 -6.557646 -15.663857 -8.243339 -12.003650 -15.494986 -16.195892 6.225601 11.789225 -12.956223 -7.256130 -22.399446 -20.278456 3.979404 -11.457974 -8.897799 7.785304 -11.148145 0.256689 -18.473850 14.712317 -2.671032 -12.352031
-6.775517 -5.707334 -0.122368 -10.977586 22.565399 -0.748546 3.738764 33.124172 -6.604393 -15.481471 -8.323688 -12.167457 -15.202149 -16.230427 6.395967 11.728817 -12.769940 -7.260529 -22.389675 -20.296429 4.060358 -11.381837 -8.693232 7.647192 -11.090157 0.133582 -18.483562 14.915276 -2.629786 -12.336309
-7.432361 -6.402488 -0.418097 -10.546961 22.348000 -0.777766 4.043391 33.516026 -7.062770 -15.870595 -7.835020 -12.131800 -15.235770 -16.563301 6.340384 12.031814 -12.829079 -7.715811 -22.646555 -20.215837 4.194756 -11.382493 -8.517710 7.576841 -10.951834 0.436492 -18.746405 14.871283 -2.541711 -12.404524
-8.467468 -7.612189 -0.685885 -9.642133 21.544456 -0.802182 4.992550 33.665409 -7.980449 -16.667667 -6.937677 -12.112742 -15.241282 -16.990385 6.200699 13.058434 -12.937503 -8.832355 -22.641569 -20.186337 4.768265 -11.553819 -8.186148 7.345610 -10.521880 1.113731 -19.233829 14.830088 -2.164271 -12.141457
-9.956726 -9.683338 -1.150987 -7.952432 20.195049 -0.826005 6.702756 33.169403 -9.218401 -17.305765 -6.051926 -11.978891 -15.003016 -17.685501 5.921257 13.975084 -13.101817 -10.185870 -22.856756 -19.711502 5.485550 -11.724408 -7.632323 6.992724 -10.002336 2.136780 -19.742184 14.752645 -1.596720 -11.631728
-11.786986 -11.429193 -1.346977 -6.329231 19.240763 -0.832897 8.330948 32.702785 -10.258090 -17.581278 -5.003193 -12.173203 -14.121391 -17.949081 5.678002 15.833601 -13.463231 -11.849891 -23.035179 -19.377575 6.118511 -12.066516 -7.468196 6.766932 -9.251214 3.238833 -20.291914 14.567305 -1.206017 -10.712138
-13.769876 -12.518109 -1.299108 -5.168477 18.231583 -0.878154 10.056314 31.425505 -11.078378 -17.611916 -4.947385 -12.054298 -13.060498 -17.579849 5.709064 17.186321 -12.981980 -13.741880 -22.786627 -19.280930 6.557743 -12.129201 -7.129776 6.429114 -8.735271 3.849530 -21.009605 14.325130 -1.286885 -9.519121
-15.296307 -11.592726 -0.718212 -4.412572 18.636616 -0.834567 10.876223 30.194180 -11.864802 -17.156805 -5.326783 -12.174850 -11.555902 -17.092348 6.084737 19.117765 -12.734269 -15.253425 -22.181856 -18.871071 6.845541 -12.122823 -6.931155 5.988974 -7.905137 4.176574 -21.655800 14.419400 -1.553627 -8.065121
-16.161242 -10.174248 -0.511227 -4.146877 19.513071 -0.785883 11.187437 29.506651 -12.886941 -16.840792 -6.190386 -12.684304 -9.974238 -16.057404 6.728782 20.947964 -12.124063 -16.262058 -21.626884 -18.821146 6.915019 -12.079309 -6.934376 5.574616 -7.270796 4.006945 -22.197704 14.602398 -2.047800 -6.988288
-16.437689 -8.878868 -0.541369 -4.054298 20.532888 -0.712425 10.804437 28.906105 -13.351804 -16.181383 -6.643510 -13.074087 -9.112111 -15.286325 7.021808 22.199183 -11.956933 -16.334959 -21.215784 -18.310284 6.781847 -12.178985 -7.096828 5.333346 -6.784530 3.993893 -22.287050 14.749671 -2.272859 -5.991330
-16.659264 -8.486528 -0.657230 -4.042022 21.032375 -0.742585 10.628914 28.492199 -13.402741 -15.738896 -6.669899 -13.254842 -9.171462 -14.953238 7.073850 22.647120 -11.701642 -16.126926 -20.823013 -18.022320 6.696173 -12.168654 -7.150979 5.188929 -6.631638 3.952847 -22.270906 14.837584 -2.385870 -5.568331
-16.702085 -8.448457 -0.665679 -4.024727 21.060265 -0.717481 10.643469 28.432720 -13.425929 -15.717812 -6.691829 -13.306132 -9.167810 -14.936917 7.073388 22.658031 -11.556687 -16.078045 -20.746256 -17.961246 6.667311 -12.252046 -7.220781 5.185941 -6.587515 3.977502 -22.237606 14.883208 -2.343277 -5.577684
-16.735098 -8.443171 -0.626871 -4.021806 21.039881 -0.762902 10.654304 28.469257 -13.433293 -15.717577 -6.702511 -13.290280 -9.168497 -14.909049 7.101306 22.658985 -11.608336 -16.079082 -20.763662 -17.989550 6.644778 -12.238608 -7.236369 5.200100 -6.592752 3.970812 -22.246925 14.855230 -2.372517 -5.576082
-16.729460 -8.448352 -0.642491 -4.018030 21.041563 -0.761931 10.653035 28.480513 -13.447144 -15.718427 -6.695332 -13.286876 -9.174771 -14.899693 7.110237 22.656603 -11.619893 -16.075294 -20.782980 -17.986614 6.647248 -12.228679 -7.246488 5.194311 -6.582252 3.959599 -22.243549 14.853615 -2.378516 -5.581024
-16.712248 -8.452351 -0.653545 -4.001058 21.060421 -0.711646 10.646344 28.452187 -13.436917 -15.726488 -6.681160 -13.318990 -9.168687 -14.943044 7.056985 22.670837 -11.570571 -16.091312 -20.766245 -17.942745 6.680991 -12.240050 -7.228886 5.178430 -6.574026 3.974521 -22.236036 14.883871 -2.334056 -5.581470
-16.726467 -8.473520 -0.665148 -4.010020 21.039192 -0.733638 10.673019 28.453014 -13.436904 -15.714469 -6.694460 -13.308961 -9.170240 -14.939468 7.085469 22.676014 -11.613228 -16.081493 -20.755476 -17.942745 6.674367 -12.223877 -7.213486 5.193571 -6.575087 3.984838 -22.231277 14.877388 -2.341495 -5.589615
-16.727608 -8.468801 -0.633063 -4.010780 21.029324 -0.743818 10.663838 28.461609 -13.431294 -15.723831 -6.698008 -13.290096 -9.164179 -14.908269 7.105869 22.687004 -11.640901 -16.099319 -20.763439 -17.966202 6.651234 -12.231664 -7.229266 5.191893 -6.574272 3.972485 -22.245176 14.865271 -2.360190 -5.595253
-16.740181 -8.461756 -0.619457 -4.010527 21.029322 -0.751882 10.664477 28.469879 -13.426375 -15.724956 -6.696337 -13.299064 -9.163017 -14.926042 7.084422 22.692001 -11.641114 -16.107811 -20.768831 -17.945862 6.664257 -12.251025 -7.233999 5.192703 -6.576243 3.983336 -22.260851 14.859303 -2.349212 -5.575950
-5.432123 1.506731 1.492999 -3.397395 13.995652 -0.748864 17.513981 22.812677 -24.374104 -20.675776 0.991486 -7.204541 -15.634021 -8.500968 9.051154 15.218985 -5.570628 -18.700935 -28.528873 -15.941821 6.016398 -9.335997 -7.050594 3.366664 -9.637406 12.646756 -19.197611 11.823936 4.203628 -7.133409
-5.432123 1.506731 1.492999 -3.397395 13.995652 -0.748864 17.513981 22.812677 -24.374104 -20.675776 0.991486 -7.204541 -15.634021 -8.500968 9.051154 15.218985 -5.570628 -18.700935 -28.528873 -15.941821 6.016398 -9.335997 -7.050594 3.366664 -9.637406 12.646756 -19.197611 11.823936 4.203628 -7.133409
-5.432123 1.506731 1.492999 -3.397395 13.995652 -0.748864 17.513981 22.812677 -24.374104 -20.675776 0.991486 -7.204541 -15.634021 -8.500968 9.051154 15.218985 -5.570628 -18.700935 -28.528873 -15.941821 6.016398 -9.335997 -7.050594 3.366664 -9.637406 12.646756 -19.197611 11.823936 4.203628 -7.133409
-7.284853 -0.493665 3.148354 -0.806188 15.184588 -1.260152 16.696812 23.235874 -21.756100 -20.505117 -0.317617 -12.114371 -15.535422 -8.740081 5.551072 16.106262 -0.385069 -15.065161 -27.176136 -16.307980 5.797445 -13.047652 -6.121400 3.878724 -12.038525 10.330215 -20.117840 12.052864 3.092546 -5.705752
-7.256650 -0.655348 2.964434 -0.654100 15.528878 -0.852389 16.546469 23.221596 -21.740520 -20.445143 -0.335966 -12.172803 -15.477330 -8.687711 5.593465 16.059666 -0.377482 -14.968184 -27.254095 -16.171631 5.906096 -13.259191 -5.977235 3.999223 -12.290139 10.336393 -20.117407 11.989097 3.150980 -5.707789
-7.235877 -0.659717 2.956180 -0.645053 15.521930 -0.858916 16.532738 23.223392 -21.750195 -20.458515 -0.363217 -12.164027 -15.472581 -8.676389 5.574408 16.065346 -0.402769 -14.953218 -27.263250 -16.193190 5.936113 -13.276791 -5.981038 4.007202 -12.291456 10.376269 -20.143526 11.959189 3.175557 -5.691840
-7.229798 -0.662091 2.945640 -0.643615 15.513988 -0.866524 16.541395 23.214489 -21.759342 -20.463949 -0.363064 -12.163692 -15.472391 -8.677766 5.574576 16.066324 -0.404575 -14.953483 -27.261711 -16.192907 5.937707 -13.276437 -5.981502 4.008914 -12.289805 10.375682 -20.143475 11.958874 3.175214 -5.692382
-7.230127 -0.658285 2.922759 -0.658478 15.514514 -0.872844 16.558527 23.219894 -21.768253 -20.434490 -0.351771 -12.149598 -15.470168 -8.650238 5.627781 16.068333 -0.459332 -14.958333 -27.267218 -16.192043 5.928985 -13.270968 -5.979621 4.010773 -12.289887 10.363170 -20.132412 11.968680 3.168090 -5.700281
-7.247903 -0.647819 2.933034 -0.667577 15.518508 -0.862362 16.565725 23.217951 -21.764797 -20.427668 -0.323310 -12.157408 -15.474139 -8.674104 5.624902 16.047348 -0.400837 -14.963046 -27.265734 -16.180307 5.918066 -13.271109 -5.980561 4.005546 -12.290278 10.349509 -20.126335 11.980703 3.162740 -5.702786
-7.247903 -0.647819 2.933034 -0.667577 15.518508 -0.862362 16.565725 23.217951 -21.764797 -20.427668 -0.323310 -12.157408 -15.474139 -8.674104 5.624902 16.047348 -0.400837 -14.963046 -27.265734 -16.180307 5.917753 -13.271612 -5.980536 4.005197 -12.290620 10.349181 -20.126419 11.980975 3.162711 -5.702441
-7.240946 -0.649100 2.923473 -0.670889 15.519437 -0.866550 16.566990 23.221075 -21.766632 -20.423246 -0.316988 -12.142634 -15.483413 -8.646906 5.664835 16.059925 -0.456964 -14.977047 -27.268393 -16.181847 5.933200 -13.268327 -5.979584 4.011563 -12.288137 10.367087 -20.132994 11.965528 3.169665 -5.700269
-7.240946 -0.649100 2.923473 -0.670889 15.519437 -0.866550 16.566990 23.221075 -21.766632 -20.423246 -0.316525 -12.142644 -15.483584 -8.646609 5.665889 16.059914 -0.457041 -14.977320 -27.268427 -16.181141 5.933320 -13.270165 -5.979570 4.011551 -12.288831 10.367200 -20.133541 11.965846 3.169950 -5.699607
-7.229103 -0.655366 2.925246 -0.660464 15.517489 -0.874547 16.556141 23.218775 -21.764141 -20.436544 -0.352636 -12.145951 -15.467719 -8.647590 5.629372 16.067175 -0.459404 -14.959914 -27.267406 -16.200600 5.930164 -13.271895 -5.979859 4.009645 -12.288987 10.363427 -20.134041 11.968508 3.169343 -5.700270
