1.351765 -24.258554 3.600296 -6.062254 23.227222 -3.667954 8.050964 12.157547 6.184310 -0.698124 -13.085362 2.268464 -20.891258 -12.650439 -1.545676 3.118112 7.084350 9.091497 -19.796473 -2.928873 2.575285 7.832434 -10.496243 12.392911 -10.174560 3.226451 -10.330498 10.808861 -1.385632 4.027720
1.183047 -21.826315 5.316323 -5.496178 23.482502 -4.343752 8.503924 11.518753 5.772721 -2.754379 -13.879183 2.485343 -19.998306 -7.372357 2.776648 5.543254 7.012556 9.809574 -18.482134 -6.285572 4.421911 9.725614 -11.844456 11.402230 -9.219991 0.931555 -9.678096 11.642937 -0.902794 4.043645
1.274372 -21.435869 5.712150 -5.580551 23.536955 -4.445539 8.387624 11.430799 5.900845 -3.061037 -13.813993 2.632514 -20.277651 -6.989610 2.992882 5.719418 6.810543 10.073565 -18.283735 -6.490962 4.577449 9.928657 -12.189469 11.302638 -9.087354 0.646198 -9.321594 11.799390 -0.804394 4.101993
1.372631 -21.365236 5.888121 -5.886594 23.509748 -4.554065 8.287452 11.453712 6.186259 -3.125448 -13.749111 2.790270 -20.739706 -6.981680 2.716536 5.759059 6.453001 10.548945 -18.111021 -6.232790 4.363923 9.787353 -12.474894 11.430932 -9.082562 0.696878 -8.977082 11.900348 -0.687539 4.078532
1.437046 -21.280396 6.093348 -6.114731 23.484940 -4.590477 8.187873 11.582104 6.399725 -3.218541 -13.720095 2.851616 -21.095055 -6.988740 2.509038 5.730631 6.105595 10.940894 -18.027903 -6.218114 4.161829 9.600064 -12.837504 11.585872 -9.065716 0.794174 -8.569161 11.999298 -0.491910 4.021148
1.525187 -21.085003 6.409628 -6.439397 23.467472 -4.685527 8.042548 11.759030 6.734679 -3.318481 -13.714097 2.960304 -21.509016 -6.969845 2.229036 5.781065 5.647103 11.436772 -17.904036 -6.088720 3.912426 9.351573 -13.295986 11.768262 -9.009279 0.907308 -8.143446 12.095865 -0.279121 3.888381
1.556522 -20.897980 6.691125 -6.733934 23.450256 -4.661932 7.895802 12.056755 6.989957 -3.484947 -13.676849 2.993145 -21.895000 -6.999726 1.954694 5.713130 5.197596 11.829001 -17.866289 -6.233032 3.796599 9.173659 -13.579880 11.846554 -8.934804 1.035254 -7.933458 12.144741 -0.118694 3.727821
1.471676 -20.792433 6.938542 -7.035128 23.436405 -4.756883 7.771062 12.249011 7.255778 -3.595057 -13.682999 3.030470 -22.242794 -6.985142 1.744757 5.723063 4.841248 12.263107 -17.726480 -6.157812 3.625934 8.868313 -13.994279 12.027474 -8.856255 1.203286 -7.616675 12.187925 0.116603 3.503602
1.444257 -20.628477 7.153580 -7.280819 23.440849 -4.805172 7.620206 12.508276 7.502429 -3.707031 -13.646808 3.031800 -22.691822 -6.996052 1.542591 5.646899 4.422305 12.750391 -17.641092 -6.292268 3.562463 8.539264 -14.387001 12.206514 -8.709343 1.420188 -7.421883 12.175325 0.383734 3.126619
1.598030 -20.553595 7.497355 -7.578279 23.313904 -4.727310 7.488506 12.740942 7.844233 -3.856102 -13.678276 2.995403 -22.976433 -6.967476 1.435432 5.539173 4.137074 13.148946 -17.553860 -6.441329 3.462475 8.361890 -14.681789 12.390930 -8.644534 1.522733 -7.129563 12.198161 0.557504 2.968013
1.852056 -20.483664 7.847074 -7.754202 23.128489 -4.595617 7.376173 12.976236 8.121681 -4.027708 -13.706274 2.954245 -23.363823 -6.939827 1.363858 5.405906 3.960666 13.489493 -17.418011 -6.650040 3.490478 8.182016 -14.888911 12.558839 -8.587705 1.653928 -7.114180 12.049248 0.700404 2.557366
2.135720 -20.455122 8.223525 -7.896805 22.861494 -4.502849 7.312528 13.097890 8.430659 -4.205142 -13.736419 2.922900 -23.714548 -6.907012 1.291310 5.271622 3.841742 13.758587 -17.302691 -6.868300 3.402640 7.969194 -15.220989 12.824431 -8.559321 1.797265 -6.969504 11.910131 0.859401 2.108310
2.319721 -20.520967 8.530942 -7.902395 22.536037 -4.310586 7.375921 13.235060 8.544084 -4.433558 -13.689707 2.948660 -24.334305 -6.855422 1.036232 5.289567 3.440253 14.126454 -17.101633 -7.203461 3.410845 7.812889 -15.394188 13.018647 -8.506284 1.894342 -7.114410 11.711096 0.887586 1.549645
2.472552 -20.565584 8.846150 -7.926559 22.272949 -4.199079 7.423635 13.390998 8.664036 -4.602151 -13.567293 2.887695 -24.778465 -6.893042 0.853458 5.323591 3.178919 14.250419 -16.961641 -7.659342 3.301631 7.588100 -15.686893 13.281281 -8.559207 1.986540 -7.058069 11.535706 0.976330 1.087021
2.576968 -20.595499 9.177112 -7.972851 22.017368 -4.049833 7.511988 13.576967 8.759722 -4.777569 -13.470590 2.845604 -25.099415 -6.925595 0.699335 5.349643 2.943807 14.334348 -16.868475 -8.016795 3.233296 7.409737 -15.946701 13.444532 -8.619172 2.058419 -6.998374 11.395121 1.075595 0.751064
2.676167 -20.594782 9.488918 -8.000402 21.794743 -3.921881 7.598888 13.748408 8.811982 -4.937437 -13.376947 2.834074 -25.406803 -6.951541 0.506537 5.430059 2.663930 14.438930 -16.788208 -8.254474 3.242829 7.335254 -15.990948 13.435174 -8.698499 2.076796 -7.157153 11.247598 1.081914 0.507647
2.784167 -20.591476 9.789104 -8.056467 21.586628 -3.781871 7.652593 13.913471 8.875143 -5.104173 -13.253101 2.815087 -25.627890 -6.998748 0.321784 5.557757 2.399742 14.440314 -16.737535 -8.503483 3.185582 7.236553 -16.138556 13.475333 -8.797843 2.132505 -7.184183 11.098799 1.130783 0.304983
2.836360 -20.593042 9.977533 -8.046999 21.416304 -3.697076 7.715336 14.030699 8.875136 -5.240249 -13.198053 2.814352 -25.765448 -7.016839 0.226127 5.612350 2.301597 14.390438 -16.703485 -8.675596 3.147627 7.192699 -16.211893 13.467967 -8.853539 2.140938 -7.205837 11.032124 1.136370 0.251904
2.828310 -20.621000 10.094512 -8.013052 21.319317 -3.646695 7.759884 14.068948 8.879040 -5.296530 -13.164439 2.814280 -25.791222 -7.014387 0.196095 5.672447 2.251138 14.312901 -16.691896 -8.781640 3.127278 7.137094 -16.293020 13.466071 -8.895138 2.166522 -7.180425 10.993712 1.186734 0.208589
2.836613 -20.616453 10.143376 -8.024787 21.297401 -3.617316 7.764172 14.111879 8.885385 -5.316339 -13.143414 2.816202 -25.839323 -7.029093 0.169978 5.678024 2.224128 14.304865 -16.682688 -8.829462 3.119550 7.100205 -16.342207 13.483726 -8.908110 2.170008 -7.170254 10.977365 1.202914 0.177174
2.904987 -20.547533 10.364079 -8.043270 21.198338 -3.540197 7.758346 14.314539 8.954978 -5.395900 -13.061507 2.809238 -25.997150 -7.066872 0.056380 5.792377 2.059001 14.294675 -16.621166 -8.961390 3.140311 6.969587 -16.461275 13.476188 -8.890700 2.222510 -7.226528 10.919953 1.275488 0.030282
3.015117 -20.470644 10.779300 -7.972419 20.995014 -3.219984 7.733332 14.832184 9.002584 -5.579900 -12.843204 2.792675 -26.375889 -7.157517 -0.189322 6.094870 1.708104 14.145877 -16.443171 -9.400300 3.190354 6.714095 -16.675392 13.396093 -8.918469 2.323330 -7.374955 10.775202 1.419114 -0.219863
3.110579 -20.244162 11.513589 -7.788777 20.514704 -2.922450 7.838041 15.614679 8.880271 -6.057828 -12.492441 2.896477 -26.770767 -7.408709 -0.611531 6.581462 1.151212 13.638845 -16.333992 -9.972397 3.120340 6.086132 -17.455585 13.239898 -8.930048 2.448544 -7.313334 10.656745 1.784257 -0.475928
3.193000 -20.307947 12.195393 -7.306359 19.862650 -2.310474 7.945989 16.824673 8.480420 -6.776273 -11.904570 3.252616 -27.553516 -8.043402 -1.437538 7.082736 -0.029093 13.225245 -16.236469 -10.414986 3.204504 5.160339 -18.397226 12.995030 -8.689925 2.793081 -7.393528 10.567119 2.390899 -0.914239
3.779842 -20.769684 12.429580 -7.567517 19.186451 -1.099251 7.583048 18.294519 8.637196 -7.504658 -10.994013 3.812625 -28.770109 -8.907319 -2.714016 7.770686 -1.534106 12.770935 -16.203194 -10.815838 3.280166 4.039582 -19.580435 12.948230 -8.160403 3.191192 -7.042342 10.947185 3.283932 -1.073054
4.351243 -21.013884 12.037871 -8.623272 18.543488 0.193664 7.077617 19.901024 8.675100 -8.491589 -9.803084 4.141328 -29.690060 -10.007591 -3.610690 8.163972 -2.444470 12.208099 -16.611670 -11.012335 3.322587 2.830534 -20.731680 13.230663 -7.370215 3.908218 -6.337200 11.526199 4.400854 -1.281227
3.716573 -19.165672 11.777402 -9.217443 19.082228 1.407097 6.498744 21.697765 7.395749 -9.160265 -8.907409 2.730075 -30.103302 -9.736619 -3.858438 9.870207 -3.224657 12.523484 -16.090693 -12.989038 4.089813 1.728025 -21.244789 13.347766 -6.735738 4.865897 -5.742579 12.072519 6.134121 -2.653656
1.641177 -14.988470 13.793513 -9.329849 19.367943 4.456630 6.837348 22.007975 4.516538 -10.348936 -8.373288 -0.250524 -29.369686 -7.062170 -3.067997 14.451143 -2.766125 11.775938 -14.087304 -16.408909 6.431119 1.775748 -18.992830 12.457033 -7.572353 5.427574 -6.118316 12.516273 8.566792 -6.120684
-1.623494 -12.428171 16.356834 -7.857502 17.727270 5.212764 8.955759 22.125706 1.707202 -12.258766 -7.713051 -1.890806 -28.882626 -7.619290 -1.771227 16.381569 -2.233138 10.091199 -12.770319 -19.419327 7.566057 2.571955 -16.283842 11.416072 -9.651070 5.897259 -7.800765 11.828845 9.515248 -10.132787
-2.610113 -11.694153 16.840952 -6.105053 16.021267 5.535965 10.404371 22.874487 -0.624610 -13.957397 -7.713130 -2.790754 -27.994751 -8.943442 -0.706288 16.626354 -2.972993 8.695638 -12.608214 -22.569164 8.416773 2.649006 -14.595524 9.934751 -11.597774 6.104033 -9.295371 11.529495 10.488595 -12.971974
-1.465570 -11.502493 16.237766 -4.938612 15.903906 5.768671 10.624440 24.633434 -2.121570 -14.737000 -8.356583 -3.097023 -26.431110 -10.015302 -0.795344 18.383709 -5.083076 6.762699 -12.556142 -24.450678 8.534681 0.972495 -14.336772 7.698264 -10.364921 6.951637 -9.443339 13.825235 12.205705 -12.990759
0.524037 -12.393786 14.114348 -3.848023 14.992045 8.017335 10.897594 26.171638 -4.325972 -15.896374 -9.838394 -2.503345 -24.432270 -10.223096 -1.864479 20.931446 -7.893053 4.458285 -12.737174 -25.093063 7.679474 -1.269866 -15.479609 6.095639 -6.634859 7.865816 -9.941583 16.782730 12.650622 -12.208204
1.939119 -14.240735 12.500122 -1.522679 13.799062 8.600613 11.532892 27.618933 -6.544454 -17.438999 -10.566977 -1.290567 -22.932013 -11.453227 -2.133343 21.162724 -8.772100 0.849788 -13.479003 -25.631882 6.768785 -3.106265 -17.300112 5.920671 -4.079363 8.760733 -11.703763 16.445000 11.877681 -11.988034
3.089734 -15.918780 9.878442 0.265669 13.057940 7.712182 11.263916 29.574306 -8.446150 -18.885633 -9.776625 -0.176868 -22.185843 -13.918200 -2.790716 18.690933 -9.755755 -1.593921 -15.941548 -27.513311 6.432110 -3.997865 -18.910830 5.340720 -3.724812 9.304128 -14.090527 14.337698 10.755280 -11.192739
4.163125 -15.957464 7.422021 1.980659 13.364072 5.289725 10.510046 31.185249 -9.757766 -19.452503 -9.109021 -0.510864 -20.549911 -15.740422 -2.410835 16.342531 -10.027099 -2.483983 -18.114626 -29.124968 5.676193 -3.583554 -19.424269 4.733454 -4.987400 8.970059 -16.054562 12.166519 8.918777 -10.607540
6.159387 -13.069468 6.398974 3.261019 15.115092 3.052786 9.517644 32.383320 -10.937953 -18.792482 -10.403654 -1.451257 -17.659214 -16.728472 -0.854083 13.485535 -9.174767 -2.724800 -20.075132 -30.415497 4.060297 -2.465120 -19.021154 3.997578 -6.669624 7.905735 -17.514690 10.726168 6.678548 -10.343172
8.564035 -10.663236 5.481206 3.713087 17.305840 1.648793 8.458568 32.720882 -11.496350 -17.492702 -11.359261 -2.575614 -15.304669 -18.294285 0.533435 11.515041 -8.903338 -2.550689 -21.253229 -30.966595 1.669108 -1.430463 -19.215021 2.470936 -8.323175 6.053483 -18.785622 10.460268 4.273557 -9.557594
10.393969 -8.153436 5.090952 4.479355 19.223740 1.513411 7.761113 32.290016 -12.279374 -16.040121 -12.292072 -3.766455 -13.315080 -18.505457 1.438041 10.628356 -8.406823 -2.308448 -21.693464 -31.093441 0.605548 -0.870429 -19.062460 1.700443 -8.960963 4.940156 -18.887751 10.784915 3.269548 -9.098030
11.297989 -7.180054 4.398277 4.819868 20.225172 1.749920 7.339159 31.903538 -12.698216 -15.172091 -12.637389 -4.259552 -12.431275 -18.747295 1.903707 10.241196 -8.265735 -2.078562 -21.749073 -31.106251 0.102588 -0.520952 -18.852037 1.180090 -9.361916 4.367882 -18.859501 10.968944 2.795188 -8.692871
11.497478 -6.819577 4.106194 4.856400 20.547253 1.787685 7.235261 31.687996 -12.873615 -14.874401 -12.809605 -4.394883 -12.115137 -18.727903 2.122799 10.093485 -8.068821 -2.010688 -21.684805 -31.100668 -0.107025 -0.398882 -18.808907 1.036504 -9.496152 4.293388 -18.860100 11.007644 2.667465 -8.515486
11.437725 -6.915900 4.081885 4.912189 20.504324 1.790501 7.268042 31.710899 -12.906474 -14.937639 -12.718961 -4.413378 -12.143608 -18.773930 2.077640 10.186937 -8.095867 -2.085483 -21.737745 -31.136517 -0.062148 -0.397868 -18.787531 1.045831 -9.495093 4.353485 -18.864405 10.975464 2.708658 -8.519779
11.355506 -7.218039 3.859586 5.056437 20.503746 1.780774 7.321515 31.750584 -13.012828 -15.001360 -12.517948 -4.419338 -12.149068 -18.956169 1.990145 10.337099 -8.166113 -2.275341 -21.843779 -31.142700 -0.023179 -0.413269 -18.720861 1.020993 -9.481563 4.481267 -18.988512 10.922659 2.766551 -8.558816
10.979913 -7.567761 3.745785 5.307291 20.306440 1.740433 7.520584 31.916473 -13.289884 -15.328526 -12.247149 -4.385118 -12.170377 -19.121550 1.950434 10.511669 -8.148227 -2.536833 -21.982004 -31.077415 0.074370 -0.436568 -18.633539 0.962733 -9.393634 4.668244 -19.171124 10.875967 2.835567 -8.589542
10.459939 -7.907832 3.641608 5.583975 20.024860 1.686215 7.824140 32.032162 -13.663354 -15.754862 -11.924067 -4.274740 -12.238091 -19.265633 1.934519 10.787119 -8.159194 -2.916101 -21.959183 -30.976032 0.363027 -0.503933 -18.467997 0.820976 -9.179395 4.968731 -19.419552 10.870364 3.005703 -8.495284
9.889036 -8.632315 3.305004 6.160257 19.730495 1.580723 8.265932 32.139530 -14.147761 -16.112377 -11.331719 -4.368515 -12.183150 -19.539291 1.876699 11.515147 -8.250041 -3.651846 -21.986988 -31.018129 0.439272 -0.579850 -18.355207 0.729888 -9.081772 5.291490 -19.583553 10.816547 3.147902 -8.337750
9.153659 -9.529142 2.913937 6.847718 19.273218 1.509068 8.870031 32.087627 -14.688323 -16.486105 -11.032242 -4.291254 -12.112597 -19.879213 1.834984 11.851380 -8.259267 -4.237588 -21.993364 -30.843018 0.718477 -0.638265 -18.091032 0.518294 -8.956637 5.712081 -19.810682 10.767967 3.405801 -8.163417
8.272203 -10.627881 2.414864 7.842386 18.775681 1.508684 9.627708 31.766357 -15.345989 -16.724722 -10.446152 -4.225028 -11.950805 -20.226017 1.601513 12.438381 -8.431699 -5.008297 -22.200518 -30.554024 1.169332 -0.690450 -17.818542 0.359583 -8.755135 6.184288 -20.044830 10.656893 3.723294 -7.883710
7.512309 -11.721937 2.186004 8.822279 18.408133 1.732041 10.286991 31.615509 -15.755913 -16.825405 -9.823775 -4.403840 -11.457108 -20.289415 1.365816 13.645199 -8.805556 -5.823264 -22.359076 -30.390770 1.590830 -0.850580 -17.709951 0.310858 -8.527678 6.675859 -20.213341 10.492300 4.068182 -7.631021
6.745372 -12.678761 1.941351 9.810828 18.100208 1.829450 10.975821 31.487875 -16.325073 -16.931211 -9.415483 -4.431659 -11.055413 -20.512440 1.282244 14.311840 -8.769862 -6.670510 -22.370741 -30.236336 2.130129 -0.986136 -17.460869 0.161246 -8.167175 7.197992 -20.622948 10.341140 4.260231 -7.086366
5.823125 -13.248298 1.784138 10.637562 17.751806 1.901785 11.658846 31.284735 -17.016563 -17.041540 -9.309274 -4.398285 -10.496713 -20.393370 1.400740 14.855376 -8.489055 -7.540175 -22.361725 -30.048370 2.524078 -0.939372 -17.117044 -0.027925 -8.004315 7.486734 -20.962143 10.202139 4.326873 -6.617681
4.789554 -13.787431 1.519845 11.361093 17.646355 2.213293 12.271334 31.017828 -17.600113 -16.860395 -9.344357 -4.303457 -10.004676 -20.117319 1.384648 15.654327 -8.296704 -8.564696 -22.131662 -30.126209 2.817223 -0.899272 -16.844986 -0.184106 -7.815892 7.685983 -21.244406 10.134628 4.332238 -6.082885
3.809914 -13.397490 1.606776 11.945513 17.938452 2.613046 12.685873 30.770306 -18.334648 -16.499964 -9.590131 -4.238921 -9.240146 -19.926493 1.493451 16.693371 -8.343196 -9.449912 -21.776445 -29.905968 3.095187 -0.929270 -16.740843 -0.357909 -7.506436 7.869160 -21.564293 10.088331 4.325241 -5.458700
3.073370 -12.875987 1.991384 12.339109 18.298096 3.106188 12.994537 30.600029 -18.915354 -16.235239 -9.725360 -4.418897 -8.504247 -19.625185 1.764772 17.588400 -8.064025 -10.077640 -21.524855 -29.715343 3.347558 -0.812542 -16.477085 -0.548700 -7.136511 8.020463 -21.885660 10.111136 4.223272 -4.778800
2.595632 -12.134290 2.140329 12.499626 18.670925 3.266005 13.237382 30.526840 -19.628433 -16.119127 -10.249603 -4.654409 -7.524974 -19.168797 2.229068 18.575899 -7.730499 -10.748218 -21.205713 -29.603474 3.391706 -0.742595 -16.475561 -0.641971 -6.872665 7.925046 -22.118168 10.148495 3.978749 -4.394959
2.065556 -11.398258 2.293722 12.588526 19.165039 3.538217 13.345799 30.425709 -20.120384 -15.870405 -10.599462 -4.902668 -6.917528 -18.579771 2.436028 19.421005 -7.510244 -11.094890 -20.978743 -29.675692 3.438457 -0.675152 -16.423235 -0.837054 -6.570816 7.920542 -22.336302 10.195914 3.785667 -3.779286
1.785716 -10.709547 2.402235 12.544813 19.600811 3.719932 13.258207 30.098701 -20.352600 -15.598514 -10.829155 -5.055489 -6.479186 -18.114124 2.432850 20.323689 -7.530317 -11.267154 -20.717607 -29.448896 3.382761 -0.686835 -16.482578 -0.877370 -6.373785 7.823134 -22.331131 10.294390 3.639121 -3.377154
1.692558 -10.411613 2.333884 12.527538 19.993130 3.921838 13.139622 29.664465 -20.416931 -15.269865 -11.055355 -5.310490 -6.051210 -17.843761 2.691572 20.656727 -7.286843 -11.150815 -20.565084 -29.147621 3.302662 -0.652939 -16.488104 -0.909137 -6.198678 7.806552 -22.284632 10.351561 3.508461 -2.953340
1.627061 -10.251860 2.216856 12.501415 20.327820 4.026771 12.996500 29.386299 -20.393154 -14.969078 -11.116695 -5.475477 -6.020591 -17.629410 2.758860 20.979973 -7.169238 -10.996093 -20.319378 -28.997578 3.260835 -0.606993 -16.494080 -0.962891 -6.139562 7.776927 -22.242676 10.373764 3.426359 -2.637466
1.527658 -10.177304 2.145212 12.468590 20.492910 4.063093 12.962133 29.158142 -20.403183 -14.830538 -11.078101 -5.495774 -6.106479 -17.511328 2.738734 21.103809 -7.035814 -10.937984 -20.177896 -28.852535 3.208580 -0.604985 -16.539007 -1.051799 -6.119351 7.731451 -22.236086 10.423910 3.381011 -2.452082
1.527285 -10.150795 2.106099 12.463487 20.518425 4.087896 12.956911 29.089674 -20.431826 -14.814326 -11.095877 -5.519219 -6.110669 -17.468868 2.761147 21.155119 -6.973916 -10.915410 -20.098253 -28.789686 3.180231 -0.659188 -16.636259 -1.068622 -6.070640 7.745256 -22.222139 10.429421 3.395184 -2.426686
1.526832 -10.182139 2.105257 12.473969 20.502682 4.139413 12.974377 29.086689 -20.430130 -14.835741 -11.115126 -5.509269 -6.100804 -17.459576 2.769064 21.138050 -6.983936 -10.900435 -20.109283 -28.819563 3.193801 -0.647281 -16.637613 -1.082050 -6.051707 7.776249 -22.209377 10.422920 3.413826 -2.401503
1.549803 -10.225207 2.059882 12.477748 20.498486 4.137665 12.965442 29.063837 -20.437363 -14.810050 -11.117452 -5.523351 -6.104000 -17.465252 2.742562 21.151836 -6.964930 -10.906859 -20.100529 -28.821302 3.187139 -0.682162 -16.619194 -1.076802 -6.074522 7.788275 -22.238337 10.414369 3.438386 -2.389688
1.555254 -10.238897 2.102951 12.500772 20.502163 4.149926 12.958006 29.080399 -20.410187 -14.816778 -11.114717 -5.521765 -6.108436 -17.457560 2.767448 21.125134 -6.961205 -10.894351 -20.117563 -28.831486 3.184103 -0.688535 -16.639883 -1.084554 -6.065248 7.762996 -22.215546 10.431963 3.421000 -2.418111
1.543849 -10.231876 2.112379 12.501410 20.509689 4.124969 12.950476 29.098749 -20.397303 -14.807227 -11.100985 -5.520658 -6.113723 -17.458321 2.774182 21.104961 -6.947220 -10.889041 -20.135263 -28.825626 3.185429 -0.698869 -16.634932 -1.071303 -6.059754 7.749644 -22.205524 10.447409 3.424058 -2.451244
1.547309 -10.225337 2.110843 12.492807 20.512070 4.115281 12.948852 29.102673 -20.395634 -14.798173 -11.096155 -5.526040 -6.113955 -17.456554 2.784624 21.105881 -6.943937 -10.885878 -20.136793 -28.816139 3.175096 -0.699935 -16.638277 -1.074265 -6.063043 7.745478 -22.209965 10.450583 3.419127 -2.456443
1.541994 -10.195408 2.121933 12.494015 20.515347 4.101903 12.955091 29.105846 -20.403076 -14.800146 -11.096626 -5.528270 -6.110352 -17.463720 2.763714 21.125450 -6.968377 -10.896941 -20.138815 -28.801991 3.175113 -0.684009 -16.638744 -1.076409 -6.065566 7.758020 -22.212582 10.438465 3.415475 -2.436224
1.529863 -10.157730 2.136622 12.498580 20.528545 4.105483 12.963709 29.111265 -20.409344 -14.809514 -11.099079 -5.521782 -6.103631 -17.465624 2.759206 21.148056 -6.997013 -10.912905 -20.128504 -28.797577 3.186481 -0.649365 -16.652603 -1.081113 -6.052010 7.761015 -22.208786 10.425951 3.407781 -2.432958
1.529554 -10.185217 2.091196 12.485258 20.520622 4.107284 12.973764 29.096100 -20.418579 -14.795167 -11.112450 -5.523709 -6.098717 -17.468990 2.740327 21.161465 -6.988129 -10.916139 -20.111683 -28.796360 3.191375 -0.662122 -16.631479 -1.078622 -6.057194 7.789471 -22.232264 10.412714 3.433040 -2.396853
1.536523 -10.210352 2.094415 12.501180 20.506439 4.122533 12.980915 29.099724 -20.424633 -14.806241 -11.118528 -5.525966 -6.095014 -17.475365 2.748443 21.151400 -6.990378 -10.904590 -20.112135 -28.809650 3.178400 -0.666175 -16.627789 -1.090098 -6.067603 7.797663 -22.239464 10.414647 3.439434 -2.386744
1.544421 -10.202904 2.135026 12.507065 20.503643 4.115943 12.962203 29.107010 -20.408344 -14.814344 -11.105852 -5.532269 -6.099771 -17.471741 2.764707 21.145145 -6.981400 -10.908848 -20.116972 -28.799589 3.168308 -0.677385 -16.635275 -1.083864 -6.069830 7.772370 -22.226875 10.426449 3.418314 -2.406675
1.544595 -10.208742 2.123601 12.500970 20.503933 4.110200 12.961928 29.109720 -20.409138 -14.807721 -11.098831 -5.529261 -6.103363 -17.465130 2.780256 21.136280 -6.964948 -10.909903 -20.117250 -28.795727 3.160877 -0.685409 -16.635115 -1.082082 -6.070851 7.761194 -22.232296 10.437466 3.412493 -2.413272
1.545252 -10.198427 2.121247 12.491377 20.508276 4.108477 12.961020 29.099979 -20.407639 -14.802790 -11.096854 -5.528440 -6.105243 -17.464752 2.776715 21.141239 -6.966640 -10.914762 -20.116606 -28.790836 3.158395 -0.690245 -16.642868 -1.088119 -6.073663 7.758525 -22.230478 10.438483 3.412723 -2.416685
1.547261 -10.183534 2.134083 12.497964 20.521101 4.103594 12.953021 29.107212 -20.401163 -14.792946 -11.106003 -5.529434 -6.101400 -17.475140 2.755884 21.155148 -6.992635 -10.922482 -20.122725 -28.785908 3.162820 -0.690055 -16.652445 -1.090817 -6.065125 7.760546 -22.220177 10.435979 3.418299 -2.428057
1.561289 -10.179291 2.129524 12.501026 20.529470 4.106875 12.950060 29.101395 -20.400442 -14.794252 -11.118326 -5.529304 -6.088447 -17.476812 2.749918 21.176838 -7.005574 -10.938367 -20.116341 -28.775473 3.162622 -0.687740 -16.652658 -1.092360 -6.064214 7.759054 -22.219238 10.434102 3.415768 -2.425649
-13.489586 -18.242556 -0.152167 5.255820 25.351732 1.949028 7.613972 31.631882 -10.287848 -7.774782 -4.525655 -5.045108 -12.468725 -15.345897 -3.512671 13.800262 4.271088 -11.379087 -27.135214 -24.463831 8.449338 2.322937 -10.730848 5.617918 -5.682623 6.291501 -24.369209 7.808072 0.012781 -2.035999
-13.489586 -18.242556 -0.152167 5.255820 25.351732 1.949028 7.613972 31.631882 -10.287848 -7.774782 -4.525655 -5.045108 -12.468725 -15.345897 -3.512671 13.800262 4.271088 -11.379087 -27.135214 -24.463831 8.449338 2.322937 -10.730848 5.617918 -5.682623 6.291501 -24.369209 7.808072 0.012781 -2.035999
-13.489586 -18.242556 -0.152167 5.255820 25.351732 1.949028 7.613972 31.631882 -10.287848 -7.774782 -4.525655 -5.045108 -12.468725 -15.345897 -3.512671 13.800262 4.271088 -11.379087 -27.135214 -24.463831 8.449338 2.322937 -10.730848 5.617918 -5.682623 6.291501 -24.369209 7.808072 0.012781 -2.035999
-13.489586 -18.242556 -0.152167 5.255820 25.351732 1.949028 7.613972 31.631882 -10.287848 -7.774782 -4.525655 -5.045108 -12.468725 -15.345897 -3.512671 13.800262 4.271088 -11.379087 -27.135214 -24.463831 8.449338 2.322937 -10.730848 5.617918 -5.682623 6.291501 -24.369209 7.808072 0.012781 -2.035999
-13.489586 -18.242556 -0.152167 5.255820 25.351732 1.949028 7.613972 31.631882 -10.287848 -7.774782 -4.525655 -5.045108 -12.468725 -15.345897 -3.512671 13.800262 4.271088 -11.379087 -27.135214 -24.463831 8.449338 2.322937 -10.730848 5.617918 -5.682623 6.291501 -24.369209 7.808072 0.012781 -2.035999
-13.709444 -15.888273 1.557726 5.537903 26.340569 2.044055 7.381363 30.801270 -9.903584 -8.669916 -4.888746 -4.149041 -12.404275 -11.808623 0.523241 14.456030 3.958531 -10.083897 -26.715521 -26.826645 9.504877 3.428991 -12.398144 4.376866 -4.762980 5.599496 -24.050211 8.035232 0.935878 -3.031488
-13.573656 -14.895026 2.269058 5.513389 26.233162 1.710899 7.423118 30.600403 -10.099990 -8.970058 -4.728449 -4.581076 -12.358378 -11.344665 1.255980 14.495518 4.301345 -9.762905 -26.558849 -26.882248 9.759357 3.208187 -12.721862 4.121692 -4.607007 5.423670 -23.942078 8.199493 1.260728 -3.178509
-13.604628 -15.141284 2.278342 5.659484 25.912769 1.567283 7.832170 30.380396 -10.126987 -9.266420 -4.768363 -4.498772 -12.357100 -11.313542 1.139055 14.542153 4.369816 -9.747225 -26.572531 -27.023106 9.796392 3.437063 -12.798517 4.075741 -4.717390 5.444929 -24.059437 7.895063 1.129059 -2.958315
-13.558407 -15.180147 2.222902 5.671507 25.938946 1.551904 7.820291 30.409172 -10.130819 -9.247799 -4.738778 -4.515704 -12.374188 -11.340816 1.123030 14.508155 4.456075 -9.757499 -26.591942 -27.006107 9.777323 3.398107 -12.784624 4.139004 -4.768044 5.402905 -24.075397 7.896348 1.094664 -3.006040
-13.550736 -15.225195 2.207451 5.693164 25.919048 1.543950 7.823534 30.403982 -10.137474 -9.262215 -4.701622 -4.505671 -12.395915 -11.324867 1.180790 14.482745 4.477857 -9.761921 -26.605635 -26.982895 9.772571 3.390999 -12.779438 4.142246 -4.769073 5.400448 -24.084808 7.897775 1.088163 -2.996396
-13.550736 -15.225195 2.207451 5.693164 25.919048 1.543950 7.823534 30.403982 -10.137474 -9.262215 -4.701757 -4.505786 -12.396114 -11.324559 1.180753 14.483496 4.477972 -9.762420 -26.604639 -26.983171 9.774595 3.390619 -12.780363 4.142758 -4.768325 5.399779 -24.085608 7.897391 1.088517 -2.997079
-13.545729 -15.225629 2.201750 5.690145 25.921652 1.541532 7.823322 30.404579 -10.135976 -9.260667 -4.699495 -4.511106 -12.396470 -11.327143 1.176729 14.483802 4.484983 -9.761182 -26.604189 -26.975124 9.780270 3.400871 -12.778016 4.137310 -4.765057 5.408604 -24.082108 7.892007 1.092856 -2.986312
-13.550240 -15.227477 2.208076 5.693851 25.915178 1.544220 7.825581 30.403351 -10.138101 -9.264946 -4.701627 -4.505484 -12.395898 -11.325852 1.180958 14.484531 4.476207 -9.762683 -26.603085 -26.982855 9.764803 3.390588 -12.778503 4.143933 -4.772875 5.404137 -24.087349 7.892278 1.086255 -2.998779
-13.549897 -15.227278 2.208925 5.694532 25.914627 1.543206 7.826461 30.403008 -10.138095 -9.265127 -4.702167 -4.506970 -12.394176 -11.324373 1.181273 14.487346 4.474818 -9.761674 -26.602417 -26.981979 9.764803 3.390588 -12.778503 4.143933 -4.772875 5.404137 -24.087349 7.892278 1.086255 -2.998779
-13.550137 -15.223757 2.185888 5.679672 25.915138 1.536955 7.843575 30.408352 -10.146905 -9.235549 -4.712842 -4.549353 -12.381613 -11.361369 1.113098 14.497931 4.492792 -9.741975 -26.595108 -26.970463 9.774132 3.389852 -12.764986 4.141487 -4.778842 5.416333 -24.091795 7.881890 1.094068 -2.974585
-13.567306 -15.213421 2.195653 5.670448 25.919504 1.547374 7.850551 30.406370 -10.143483 -9.228672 -4.729496 -4.548782 -12.373226 -11.364932 1.088220 14.506664 4.475451 -9.739146 -26.594757 -26.983303 9.758343 3.383045 -12.768656 4.146316 -4.779252 5.398183 -24.090469 7.897801 1.081446 -2.996802
-13.567915 -15.213289 2.196164 5.670572 25.919130 1.547437 7.850772 30.406410 -10.143449 -9.228727 -4.729844 -4.550480 -12.372496 -11.365466 1.085573 14.508120 4.472587 -9.738425 -26.594500 -26.982803 9.760321 3.386859 -12.768986 4.143692 -4.778030 5.400027 -24.090403 7.896314 1.082739 -2.994653
-13.567915 -15.213289 2.196164 5.670572 25.919130 1.547437 7.850772 30.406410 -10.143449 -9.228727 -4.729844 -4.550480 -12.372496 -11.365466 1.085573 14.508120 4.472587 -9.738425 -26.594500 -26.982803 9.760321 3.386859 -12.768986 4.143692 -4.778030 5.400027 -24.090403 7.896314 1.082739 -2.994653
-13.567915 -15.213289 2.196164 5.670572 25.919130 1.547437 7.850772 30.406410 -10.143449 -9.228727 -4.729844 -4.550480 -12.372496 -11.365466 1.085573 14.508120 4.472587 -9.738425 -26.594500 -26.982803 9.760321 3.386859 -12.768986 4.143692 -4.778030 5.400027 -24.090403 7.896314 1.082739 -2.994653
-13.567915 -15.213289 2.196164 5.670572 25.919130 1.547437 7.850772 30.406410 -10.143449 -9.228727 -4.729844 -4.550480 -12.372496 -11.365466 1.085573 14.508120 4.472587 -9.738425 -26.594500 -26.982803 9.760321 3.386859 -12.768986 4.143692 -4.778030 5.400027 -24.090403 7.896314 1.082739 -2.994653
-13.561397 -15.214518 2.186965 5.667322 25.919918 1.543287 7.852379 30.409504 -10.145326 -9.224274 -4.715037 -4.555002 -12.379828 -11.364486 1.103850 14.501904 4.489166 -9.739871 -26.594629 -26.965866 9.769243 3.387322 -12.764539 4.146750 -4.779548 5.411898 -24.089283 7.886111 1.090033 -2.983238
-13.561397 -15.214518 2.186965 5.667322 25.919918 1.543287 7.852379 30.409504 -10.145326 -9.224274 -4.714813 -4.555019 -12.379878 -11.364465 1.104037 14.501671 4.489704 -9.740014 -26.594656 -26.965799 9.769060 3.386905 -12.764427 4.146950 -4.779362 5.411952 -24.089561 7.886298 1.090170 -2.983299
-13.561397 -15.214518 2.186965 5.667322 25.919918 1.543287 7.852379 30.409504 -10.145326 -9.224274 -4.714813 -4.555019 -12.379878 -11.364465 1.104037 14.501671 4.489704 -9.740014 -26.594656 -26.965799 9.769060 3.386905 -12.764427 4.146950 -4.779362 5.411952 -24.089561 7.886298 1.090170 -2.983299
-13.549551 -15.220784 2.188738 5.677748 25.917969 1.535290 7.841530 30.407204 -10.142834 -9.237573 -4.712140 -4.552677 -12.381623 -11.362185 1.110147 14.498579 4.494555 -9.741276 -26.594530 -26.966904 9.772227 3.395236 -12.766857 4.137315 -4.776870 5.412744 -24.089443 7.884586 1.090716 -2.976437
-13.549551 -15.220784 2.188738 5.677748 25.917969 1.535290 7.841530 30.407204 -10.142834 -9.237573 -4.712140 -4.552677 -12.381623 -11.362185 1.110147 14.498579 4.494555 -9.741276 -26.594530 -26.966904 9.772227 3.395236 -12.766857 4.137315 -4.776870 5.412744 -24.089443 7.884586 1.090716 -2.976437
-13.549551 -15.220784 2.188738 5.677748 25.917969 1.535290 7.841530 30.407204 -10.142834 -9.237573 -4.712140 -4.552677 -12.381623 -11.362185 1.110147 14.498579 4.494555 -9.741276 -26.594530 -26.966904 9.772227 3.395236 -12.766857 4.137315 -4.776870 5.412744 -24.089443 7.884586 1.090716 -2.976437
