-13.573564 -15.246676 2.200486 5.660840 25.928146 1.569124 7.822575 30.503483 -10.125417 -9.241188 -5.161739 -9.986718 -14.281872 -16.185705 10.538747 20.648067 -3.142946 -21.073851 -15.487071 -16.847576 5.942981 -13.227088 -5.925221 4.038779 -12.314074 10.366359 -20.133272 11.950310 3.152934 -5.707393
-13.578920 -15.386042 2.219697 5.649498 25.849430 1.706457 7.792725 30.764874 -10.103451 -9.327621 -5.130794 -9.921378 -14.186663 -16.380062 10.481404 20.442150 -3.237339 -21.202293 -15.728995 -16.968428 5.891423 -13.269689 -5.946880 4.138773 -12.294064 10.450462 -20.129847 11.915349 3.186797 -5.890576
-13.626133 -15.834650 2.209603 5.679123 25.628716 1.878924 7.844730 31.141806 -10.079701 -9.537457 -4.937179 -9.816769 -14.207484 -16.629696 10.387774 20.070265 -3.252140 -21.432392 -16.080963 -17.175270 5.864142 -13.284471 -5.947925 4.304422 -12.321722 10.482810 -20.151014 11.845335 3.195882 -6.261917
-13.488083 -16.364370 2.136026 5.677186 25.206097 1.973583 8.006238 31.581682 -10.079267 -9.918116 -4.588843 -9.497897 -14.700715 -16.985649 10.007542 19.591444 -3.434750 -21.588253 -16.391808 -17.386543 5.865367 -13.263756 -6.020198 4.586216 -12.370480 10.398675 -20.067503 11.765742 3.157985 -6.706482
-13.071712 -17.011759 1.987002 5.682720 24.724701 2.019409 8.169933 31.887276 -9.995728 -10.286705 -4.219809 -9.211295 -15.156577 -17.533566 9.738506 18.708782 -3.525180 -21.616804 -16.900894 -17.571415 5.887725 -13.206229 -6.028074 4.855485 -12.498535 10.302951 -20.053528 11.588667 3.100800 -7.163230
-12.030775 -16.832363 1.944599 5.335888 24.433613 1.794111 7.944808 32.229599 -9.802327 -10.621175 -3.627128 -8.802051 -15.872746 -18.220755 9.373024 17.664864 -3.587640 -21.423382 -17.375299 -17.400055 5.883467 -12.951363 -5.888268 5.048754 -12.932017 9.916358 -19.895416 11.544591 2.999660 -7.750742
-10.818740 -16.298117 1.960281 5.007614 24.353123 1.378912 7.550332 32.487549 -9.600398 -10.864822 -2.767339 -8.421622 -16.991186 -18.917013 8.610427 16.503826 -3.889700 -20.983044 -18.026012 -17.607582 5.736527 -12.777463 -5.859291 5.151973 -13.257337 9.551023 -19.743141 11.562420 2.852443 -8.079401
-9.309290 -15.837177 1.821539 4.667148 24.052174 0.636086 7.244254 32.755085 -9.486772 -11.344773 -2.280626 -7.990954 -17.983959 -19.404152 7.936863 15.346888 -4.202615 -20.476017 -18.658970 -17.725761 5.699626 -12.639403 -6.031826 5.420076 -13.545279 8.733808 -19.579540 11.593952 2.516285 -8.654034
-7.954903 -15.413072 1.774405 4.145013 23.914890 -0.080373 6.936046 32.960350 -9.252515 -11.699886 -1.887161 -7.835229 -19.145712 -19.608624 7.282183 14.221344 -4.487532 -19.559818 -19.153986 -18.017042 5.615066 -12.352540 -6.105703 5.586986 -13.803796 7.900521 -19.421322 11.722701 2.088152 -9.012951
-6.811563 -14.917524 1.900620 3.582208 23.987280 -0.436417 6.512265 33.155972 -8.890882 -11.828148 -1.901304 -7.744983 -19.948223 -19.675728 6.827813 13.325762 -4.997695 -18.422688 -19.618814 -18.044554 5.252803 -12.428427 -6.559639 5.762588 -13.731773 7.449752 -19.226744 11.907110 1.802165 -9.133884
-5.860486 -14.934413 2.087060 3.290314 23.908340 -0.489624 6.183043 33.448963 -8.294001 -11.818481 -2.370935 -8.029912 -20.400845 -19.347240 6.918614 12.629884 -5.160818 -17.230509 -19.830545 -18.522793 4.836882 -12.603473 -7.001168 6.095702 -13.722992 7.307275 -18.935579 11.910650 1.729423 -9.628342
-4.974028 -14.854996 2.094095 2.921794 23.956791 -0.691555 5.804468 33.632652 -7.719228 -11.745243 -3.269789 -8.486023 -20.397091 -18.768719 7.316893 11.960018 -5.003866 -15.913896 -20.003939 -18.809523 4.489532 -12.612105 -7.286300 6.444387 -13.913083 6.877929 -18.588673 11.934689 1.598528 -10.224662
-4.080571 -14.515114 2.111822 2.408334 24.090570 -0.933717 5.409849 33.734444 -7.207733 -11.663595 -4.176808 -8.394824 -20.778019 -18.257401 7.668543 10.736967 -4.475618 -14.868791 -19.917189 -18.877094 4.095794 -12.544208 -7.409558 6.546311 -14.109213 6.647929 -18.331806 11.999945 1.501488 -10.612474
-3.191023 -14.064001 2.312877 1.803231 24.340273 -0.946889 4.887354 34.062901 -6.595658 -11.545333 -5.172556 -8.771068 -20.719879 -17.435028 8.121556 10.539527 -4.393511 -13.749835 -19.401268 -19.056322 3.479072 -12.580215 -7.825901 6.754045 -14.357021 6.322949 -17.944626 11.990338 1.307584 -10.846724
-2.354077 -13.549004 2.395602 1.179014 24.640856 -1.022584 4.347960 34.221329 -6.002435 -11.334923 -5.777146 -9.190938 -20.592339 -16.509842 8.491784 10.727944 -4.294700 -12.885224 -18.988707 -19.145727 3.051061 -12.601668 -8.156666 6.939536 -14.727261 6.045712 -17.609015 11.851271 1.194316 -11.100092
-1.614975 -13.118635 2.505839 0.602786 24.825573 -1.007186 3.898107 34.267086 -5.487326 -11.177224 -6.585392 -9.336070 -20.336214 -15.939994 8.765208 10.313709 -4.116259 -12.050159 -18.859680 -18.996618 2.714870 -12.607528 -8.376335 6.939811 -14.956887 5.890455 -17.419231 11.789682 1.117170 -11.191068
-0.977623 -12.782183 2.465141 0.237174 25.002949 -1.018045 3.547226 34.260723 -5.174441 -11.024626 -7.040990 -9.545520 -20.129059 -15.722990 9.076782 9.786475 -3.937142 -11.378491 -18.930613 -18.962860 2.202439 -12.552121 -8.599596 6.950099 -15.309648 5.620326 -17.176937 11.727372 0.925122 -11.311904
-0.533706 -12.524822 2.437166 -0.048145 25.057156 -1.080920 3.347160 34.124554 -4.921767 -10.918987 -7.385338 -9.661499 -20.097078 -15.440904 9.188054 9.675916 -3.999308 -10.910677 -18.707850 -19.047092 2.022827 -12.538997 -8.725389 6.936405 -15.487481 5.487343 -17.016069 11.699541 0.889746 -11.287450
-0.317660 -12.384014 2.447632 -0.189789 25.063610 -1.107709 3.242017 34.095413 -4.806216 -10.902006 -7.712565 -9.714263 -20.009415 -15.200591 9.319353 9.716868 -3.996435 -10.650153 -18.461800 -19.045813 1.898842 -12.513598 -8.791145 6.915215 -15.619283 5.379870 -16.912268 11.699129 0.860559 -11.316692
-0.236828 -12.312813 2.445726 -0.253691 25.081547 -1.103303 3.190976 34.086674 -4.765355 -10.883925 -7.874930 -9.715104 -19.944233 -15.102368 9.379855 9.715361 -3.992809 -10.538422 -18.362047 -18.989048 1.846513 -12.494536 -8.791372 6.899396 -15.662149 5.350832 -16.884533 11.698626 0.845982 -11.332174
-0.643355 -12.492158 2.777070 -0.217012 24.817051 -1.108832 3.411289 34.064648 -4.715922 -11.055437 -7.474616 -9.507358 -20.358959 -15.380033 9.026703 9.642396 -4.168795 -10.784021 -18.570015 -19.025450 1.950625 -12.678729 -8.978574 7.025146 -15.475403 5.554317 -16.921150 11.624771 0.943126 -11.268485
-1.781561 -12.964664 3.735961 -0.135480 24.058079 -1.161801 4.060501 33.920223 -4.578856 -11.528258 -6.819656 -9.001955 -21.460567 -15.513227 8.078489 10.647402 -4.869622 -11.527476 -18.229311 -19.233414 2.224513 -13.098035 -9.389050 7.471262 -14.967839 6.084524 -16.859058 11.540434 1.256960 -11.228378
-3.710332 -13.782011 5.456666 -0.034393 22.785059 -0.741448 5.203724 33.293358 -4.340689 -12.223280 -5.127408 -7.567327 -23.870453 -16.968800 6.415192 11.085228 -6.284397 -12.473007 -18.036257 -19.003601 2.988142 -13.797587 -9.993010 8.035354 -14.064589 6.998067 -16.878334 11.388092 1.905824 -10.923792
-6.075184 -14.790838 7.885825 -0.303122 21.225029 -0.034045 6.700311 31.944984 -3.704678 -12.882788 -3.410872 -5.972666 -26.371056 -17.972628 4.770082 12.263325 -7.909177 -12.891963 -16.814850 -18.137512 3.736662 -14.734471 -10.905628 8.835711 -12.820570 8.077428 -16.343109 11.547206 2.870478 -10.283161
-7.036194 -16.919313 9.593815 -0.802181 19.294834 0.350262 8.403329 30.019711 -2.719036 -13.532606 -1.794616 -4.728805 -28.780306 -18.758389 3.600197 15.056396 -9.580455 -12.644094 -14.088906 -15.831799 4.500994 -15.657790 -11.859292 9.868390 -11.444843 9.060967 -15.120187 12.136251 4.089272 -9.649073
-6.913181 -20.716871 9.934311 -1.068115 16.992079 0.429219 10.038746 28.554852 -1.148842 -13.813044 -2.949301 -5.536762 -29.334227 -17.651878 4.292525 18.518522 -10.222270 -10.586776 -10.764167 -14.108575 4.568384 -16.309198 -12.215240 10.529243 -11.193542 10.264651 -13.601304 12.617458 5.717506 -10.248973
-5.525518 -21.432257 10.346663 -1.405592 16.087322 -0.923861 10.523489 27.609652 0.036107 -13.461916 -3.912941 -6.611821 -29.561695 -17.181103 4.773467 19.373049 -11.358773 -6.791274 -9.926528 -12.704237 5.225963 -15.921052 -11.927459 10.960401 -11.725951 9.954348 -12.220910 13.077234 6.548196 -10.519517
-3.834958 -22.971598 9.553402 -2.514324 14.603952 -1.580670 10.646205 26.010416 1.230957 -14.015951 -4.564752 -8.166765 -29.516073 -15.801670 5.244705 19.749081 -11.898675 -2.548170 -9.890363 -11.909076 5.694654 -14.983466 -11.724787 12.350152 -12.502939 9.027102 -10.388494 12.920832 6.504791 -10.592136
-1.132268 -23.217321 9.553453 -4.459669 11.977821 -0.466903 10.987615 24.688292 0.796541 -16.572893 -5.585582 -8.228672 -30.544210 -12.561400 5.768138 19.642397 -9.705583 -0.831348 -9.779290 -10.944736 5.559968 -14.987237 -12.965076 13.839607 -13.428620 8.501652 -8.878245 11.948933 6.566329 -10.844830
0.133339 -23.730608 9.609647 -6.842709 9.578585 0.248039 11.936106 22.474583 0.924941 -18.217272 -6.599777 -6.828185 -32.412205 -9.489772 5.315590 19.167675 -7.662729 -0.224601 -9.088786 -9.594475 4.411469 -14.680840 -14.721956 15.457906 -14.176739 7.520633 -6.595616 11.547469 5.924814 -9.291246
0.790751 -24.650526 8.947286 -10.301928 8.074935 0.450158 12.849820 20.324738 2.214336 -18.786636 -7.950488 -4.717611 -33.330688 -7.563227 3.431974 19.074692 -8.156634 0.113936 -8.941869 -7.668183 2.935106 -14.013502 -16.058432 16.344564 -14.465192 6.345464 -3.882656 12.040152 5.069117 -5.969642
1.541767 -24.938616 8.248005 -13.276497 7.738985 0.386717 13.427788 18.275675 3.373821 -18.555168 -10.007055 -3.336371 -32.274796 -5.945905 2.379197 19.198391 -9.392436 0.826400 -8.715079 -6.048010 2.239348 -13.226283 -16.328875 16.573397 -15.077445 5.459486 -2.240921 12.592851 4.581184 -3.322587
1.792552 -24.720608 8.810003 -15.262436 6.941543 0.124839 14.307018 15.725067 3.971577 -18.720482 -12.010446 -2.493778 -30.606886 -5.210035 1.379929 19.694954 -10.851880 0.679319 -9.288657 -5.004618 1.009179 -12.194515 -16.406691 16.382669 -16.610703 4.180046 -0.800699 12.930974 3.872344 -1.113346
2.779649 -24.305456 8.686746 -15.944027 6.909436 -0.504077 14.514129 13.770753 3.837858 -18.690210 -13.576968 -2.243924 -28.856375 -4.882995 1.534945 19.746849 -11.051416 0.777871 -9.408072 -3.861460 0.031448 -10.637218 -15.786335 16.632128 -18.307041 2.837032 -0.133238 12.691758 2.618481 -0.533216
2.387349 -23.531836 7.914855 -16.085125 7.570848 -1.091679 14.304956 12.332136 3.392405 -18.416225 -14.918680 -2.433406 -27.421160 -3.800750 2.171217 19.806999 -10.640744 1.307838 -9.041219 -3.092816 -0.237473 -9.194655 -14.590830 16.689461 -19.388920 1.981663 -0.209291 12.427660 1.599410 -0.423748
1.935323 -22.830698 7.130743 -16.311253 8.360032 -1.126408 14.012584 11.060580 2.957536 -17.983015 -15.594608 -2.757591 -26.233162 -3.294034 3.009527 19.163353 -9.770497 1.912252 -9.331414 -2.240669 -0.546711 -8.190166 -13.653648 16.628166 -19.764408 1.492431 -0.046785 12.665012 0.956963 -0.040794
1.913419 -22.146070 6.488190 -16.900747 9.105350 -1.065019 13.428520 9.747774 3.076590 -17.537600 -16.090385 -2.837722 -25.663139 -3.073231 3.527064 18.506031 -9.248060 2.630862 -9.563043 -1.413367 -0.753536 -7.533629 -12.988905 16.594791 -19.795588 1.219192 0.391010 13.151230 0.699347 0.520256
1.809448 -21.817612 5.666616 -17.257450 9.595739 -1.091303 13.011537 9.012486 3.006423 -17.292030 -16.332775 -2.804764 -25.379473 -3.148861 3.847719 17.806931 -8.983829 3.165838 -9.780967 -0.849464 -0.782573 -7.102384 -12.408563 16.570574 -19.728802 1.095721 0.722084 13.609953 0.628643 0.953448
1.908503 -21.645388 5.348156 -17.488628 9.800204 -1.159381 12.791525 8.538568 3.055549 -17.191656 -16.523451 -2.750193 -25.022179 -3.241083 4.042271 17.453773 -8.881597 3.328599 -9.985601 -0.460860 -0.859883 -6.939636 -12.240899 16.594011 -19.678724 1.066414 0.967956 13.842949 0.617116 1.163686
1.896118 -21.627295 5.248448 -17.507034 9.877660 -1.135363 12.724592 8.389685 3.040253 -17.143063 -16.630583 -2.716271 -24.870369 -3.208207 4.117269 17.342319 -8.792448 3.356071 -10.057186 -0.315602 -0.863242 -6.858909 -12.150036 16.586161 -19.680292 1.064505 1.044088 13.906929 0.618486 1.247249
1.898970 -21.621607 5.235790 -17.505621 9.906100 -1.146022 12.709321 8.343643 3.049909 -17.117498 -16.669254 -2.706224 -24.812550 -3.187544 4.129320 17.339794 -8.779900 3.344701 -10.077692 -0.261351 -0.839958 -6.835150 -12.101957 16.561640 -19.662836 1.068769 1.057110 13.947146 0.628456 1.298211
1.919988 -21.587271 5.216838 -17.526602 9.945819 -1.153955 12.669847 8.270802 3.063080 -17.101091 -16.731943 -2.677330 -24.758959 -3.164301 4.148596 17.306551 -8.762170 3.380426 -10.115521 -0.164808 -0.818667 -6.772256 -12.014193 16.581919 -19.663624 1.056211 1.073625 13.976997 0.614461 1.329237
1.896791 -21.617033 5.128333 -17.549019 10.009433 -1.162307 12.622327 8.125061 3.078848 -17.055288 -16.795019 -2.650788 -24.611462 -3.209497 4.211360 17.247307 -8.714864 3.360126 -10.186620 -0.019655 -0.815157 -6.725765 -11.941212 16.582438 -19.649271 1.058974 1.143022 14.046521 0.630588 1.397446
1.899600 -21.575666 5.001931 -17.540220 10.127112 -1.151193 12.550979 7.907584 3.023286 -16.994314 -16.903751 -2.627463 -24.329744 -3.229553 4.317600 17.247152 -8.588615 3.271242 -10.302083 0.254182 -0.822465 -6.601681 -11.783537 16.600229 -19.664179 1.046996 1.227771 14.114936 0.614445 1.492344
1.950807 -21.493553 4.871687 -17.524647 10.268235 -1.160157 12.473420 7.708883 2.951401 -16.928804 -17.048548 -2.612030 -24.027237 -3.205503 4.435122 17.308342 -8.461397 3.198440 -10.355472 0.563365 -0.849751 -6.566968 -11.756350 16.593565 -19.637684 1.052877 1.367210 14.226713 0.646461 1.610800
1.929048 -21.453665 4.678041 -17.458275 10.459985 -1.192239 12.408991 7.500401 2.827086 -16.831938 -17.140400 -2.580086 -23.737730 -3.307498 4.577790 17.176640 -8.335142 3.215659 -10.457051 0.917597 -0.821039 -6.424694 -11.553782 16.514334 -19.643902 1.003698 1.379532 14.322090 0.605404 1.731913
1.959030 -21.402775 4.561003 -17.460161 10.625655 -1.276011 12.333554 7.253582 2.812091 -16.741493 -17.119560 -2.585605 -23.410196 -3.452255 4.716476 17.113827 -8.181455 3.071468 -10.594028 1.186383 -0.798544 -6.299476 -11.378633 16.370007 -19.664856 0.959040 1.429234 14.450774 0.599994 1.944663
1.969763 -21.366579 4.502166 -17.460447 10.760726 -1.361852 12.298519 6.979890 2.838394 -16.634056 -17.008678 -2.640836 -23.070263 -3.663674 4.865724 17.109953 -7.971646 2.751224 -10.771947 1.298351 -0.761865 -6.205631 -11.208437 16.163511 -19.659494 0.922690 1.480640 14.628681 0.629154 2.195519
1.942315 -21.346138 4.433115 -17.370432 10.863638 -1.415470 12.304589 6.747498 2.795740 -16.534756 -16.861301 -2.724086 -22.778423 -3.848782 4.989935 17.196110 -7.756851 2.390686 -10.907067 1.339628 -0.713334 -6.079392 -11.001442 15.944915 -19.686119 0.865419 1.514529 14.789804 0.636853 2.422534
1.897740 -21.320370 4.444775 -17.263733 10.988510 -1.526724 12.354103 6.452314 2.798315 -16.383909 -16.752798 -2.743384 -22.412682 -3.916025 5.114031 17.363976 -7.518518 2.025360 -11.031150 1.575322 -0.656419 -6.028790 -10.885761 15.696461 -19.666826 0.866416 1.663184 15.032796 0.757269 2.763216
1.834953 -21.257044 4.452108 -17.096727 11.111838 -1.609126 12.435879 6.170240 2.713386 -16.223570 -16.657246 -2.782106 -22.119188 -3.912283 5.257257 17.520725 -7.151983 1.594050 -11.108702 1.666164 -0.617192 -5.950733 -10.755211 15.489560 -19.708054 0.834394 1.690295 15.145341 0.790487 2.972568
1.790100 -21.239771 4.494596 -16.983549 11.158868 -1.651632 12.524426 5.918293 2.670981 -16.110453 -16.635120 -2.815646 -21.780338 -3.872585 5.427462 17.570583 -6.675573 1.137633 -11.180875 1.735605 -0.616305 -5.828344 -10.578039 15.219309 -19.771847 0.778850 1.766522 15.307814 0.820300 3.250924
1.739931 -21.225790 4.398167 -16.862608 11.277904 -1.703032 12.572749 5.696884 2.530928 -15.982567 -16.623737 -2.848384 -21.543007 -3.849750 5.529610 17.677286 -6.276426 0.673585 -11.194554 1.701240 -0.619340 -5.733969 -10.445524 15.080115 -19.875761 0.698637 1.677407 15.292031 0.761156 3.234860
1.666726 -21.214567 4.179638 -16.693300 11.391622 -1.736166 12.605085 5.566625 2.333993 -15.850556 -16.627438 -2.901622 -21.280493 -3.806100 5.697660 17.681587 -5.912214 0.417745 -11.290153 1.769804 -0.619062 -5.605064 -10.328773 15.083852 -19.991814 0.611900 1.564845 15.172613 0.632174 3.150175
1.567507 -21.212118 3.938673 -16.501310 11.473077 -1.750613 12.638649 5.513374 2.167309 -15.702597 -16.616566 -2.975526 -21.060448 -3.813154 5.812345 17.682091 -5.679373 0.211822 -11.389465 1.715388 -0.557242 -5.437854 -10.104321 15.034660 -20.139431 0.532003 1.429655 15.070463 0.517801 3.154119
1.460789 -21.234713 3.700541 -16.347347 11.522947 -1.767080 12.689353 5.470644 2.008579 -15.600023 -16.621754 -3.033099 -20.857420 -3.805042 5.921653 17.677189 -5.463724 0.027940 -11.446692 1.702253 -0.482666 -5.274776 -9.897028 15.003611 -20.261555 0.427604 1.219823 14.922306 0.365077 3.068864
1.318707 -21.297178 3.385745 -16.140337 11.574403 -1.741393 12.743824 5.519782 1.775822 -15.507561 -16.612188 -3.102178 -20.650703 -3.832068 5.975304 17.687500 -5.372554 -0.140552 -11.563763 1.594701 -0.409325 -5.159708 -9.730917 14.960777 -20.365726 0.353531 1.027682 14.795311 0.251971 3.006053
1.247015 -21.335745 3.233009 -16.045712 11.586137 -1.702577 12.754803 5.558565 1.680969 -15.462811 -16.602755 -3.144877 -20.520983 -3.859413 6.022593 17.672068 -5.302014 -0.249220 -11.632631 1.529160 -0.359458 -5.120674 -9.675661 14.989559 -20.402645 0.322453 0.890178 14.678984 0.176450 2.911283
1.194608 -21.362230 3.149846 -15.973669 11.607917 -1.696041 12.767954 5.539003 1.637326 -15.413284 -16.600636 -3.168759 -20.446890 -3.871132 6.059009 17.660320 -5.245467 -0.309354 -11.663906 1.508414 -0.335079 -5.069746 -9.609564 14.988647 -20.442085 0.289103 0.808650 14.614042 0.117178 2.875371
1.176778 -21.371176 3.140704 -15.962288 11.606238 -1.689525 12.774776 5.533492 1.628684 -15.408712 -16.602083 -3.173382 -20.435358 -3.870502 6.065891 17.657646 -5.234113 -0.317182 -11.670463 1.503231 -0.342207 -5.070916 -9.622173 14.999894 -20.439251 0.286921 0.812589 14.604284 0.113271 2.860725
1.183848 -21.371088 3.117778 -15.963938 11.604608 -1.687272 12.768222 5.557088 1.615280 -15.416636 -16.596771 -3.172698 -20.441776 -3.878159 6.056340 17.662365 -5.252455 -0.317047 -11.673737 1.493614 -0.329140 -5.062044 -9.602811 14.999150 -20.447556 0.281231 0.784278 14.589576 0.099626 2.850902
1.203979 -21.376707 3.094362 -15.995241 11.577081 -1.664920 12.755711 5.635356 1.591737 -15.467116 -16.588594 -3.159875 -20.508177 -3.887410 6.013311 17.674498 -5.328794 -0.276093 -11.659074 1.469477 -0.334770 -5.077785 -9.630140 15.023736 -20.430016 0.287437 0.795190 14.587838 0.103517 2.829485
1.233440 -21.371759 3.086269 -16.031565 11.545998 -1.649442 12.738273 5.704668 1.578408 -15.522118 -16.576153 -3.146268 -20.582592 -3.901058 5.963254 17.686234 -5.419213 -0.225405 -11.640109 1.442466 -0.346167 -5.089630 -9.654108 15.044116 -20.418190 0.293548 0.820434 14.599056 0.113781 2.815988
1.260663 -21.390430 3.074473 -16.080709 11.496805 -1.603854 12.717243 5.843792 1.546009 -15.615432 -16.556952 -3.129384 -20.684086 -3.935354 5.894043 17.698776 -5.552197 -0.156951 -11.618827 1.394724 -0.351109 -5.117473 -9.700189 15.085668 -20.396776 0.300118 0.812041 14.575546 0.109396 2.761731
1.287179 -21.420263 3.059269 -16.112965 11.467646 -1.550023 12.671726 6.010445 1.543270 -15.683929 -16.540382 -3.115595 -20.756977 -3.981006 5.843275 17.690487 -5.659876 -0.107348 -11.593671 1.347063 -0.401562 -5.214551 -9.856274 15.177773 -20.311102 0.338289 0.852997 14.568047 0.132712 2.671839
1.331936 -21.477957 3.053282 -16.151163 11.437356 -1.473604 12.612621 6.171335 1.555237 -15.760863 -16.549572 -3.085890 -20.899176 -4.005350 5.775038 17.685104 -5.806356 -0.007242 -11.523517 1.297177 -0.424787 -5.283550 -9.958331 15.259759 -20.244373 0.368922 0.868220 14.555431 0.142364 2.597786
1.354597 -21.562983 3.049825 -16.186867 11.364708 -1.420601 12.595605 6.300788 1.562343 -15.862738 -16.558802 -3.072533 -21.023193 -4.037127 5.713648 17.671238 -5.952350 0.068546 -11.486137 1.192774 -0.437804 -5.321683 -10.018719 15.331298 -20.199459 0.384412 0.893656 14.551762 0.152362 2.532101
1.226836 -21.755884 2.956605 -16.193272 11.275071 -1.296465 12.618788 6.523590 1.478992 -16.010956 -16.536957 -3.076737 -21.220146 -4.091276 5.607661 17.653267 -6.180566 0.173255 -11.476713 0.997769 -0.437710 -5.413808 -10.113192 15.438313 -20.122726 0.398524 0.779007 14.454680 0.118112 2.290305
1.132893 -21.997803 2.999887 -16.339779 11.092837 -1.109922 12.596974 6.821699 1.552616 -16.253134 -16.533968 -3.073444 -21.502817 -4.116358 5.457842 17.643234 -6.512630 0.336083 -11.436965 0.702466 -0.413604 -5.430514 -10.151634 15.572762 -20.099800 0.407106 0.732766 14.367496 0.089559 2.150958
1.015951 -22.308506 3.083213 -16.492859 10.808634 -0.796976 12.613834 7.215347 1.595397 -16.587317 -16.475594 -3.091769 -21.798717 -4.159949 5.278745 17.725983 -6.847868 0.495300 -11.403890 0.499472 -0.364772 -5.524015 -10.274124 15.784501 -20.006588 0.488673 0.659294 14.237680 0.077213 2.019063
0.830188 -22.635229 3.126816 -16.607149 10.567904 -0.489420 12.670826 7.607740 1.612635 -16.845461 -16.447639 -3.129264 -21.915915 -4.198472 5.229300 17.783543 -6.984317 0.479892 -11.453119 0.286155 -0.320324 -5.582453 -10.329670 15.948222 -19.989395 0.536423 0.544113 14.105038 0.046458 1.844689
0.596136 -22.887976 3.183119 -16.676302 10.280498 -0.178558 12.790216 8.041265 1.552184 -17.127592 -16.338562 -3.164590 -22.111492 -4.261474 5.085946 17.933727 -7.259778 0.480837 -11.445701 0.055620 -0.307208 -5.781494 -10.552416 16.230894 -19.869324 0.677486 0.469616 13.966499 0.078734 1.617871
0.459851 -23.264961 3.345597 -16.776197 9.865882 0.241408 12.920162 8.521381 1.635253 -17.409349 -16.100622 -3.186836 -22.403229 -4.359669 4.930818 18.049431 -7.481749 0.380755 -11.509030 -0.265929 -0.290997 -6.011150 -10.782736 16.475557 -19.744190 0.822123 0.311244 13.793410 0.101770 1.336122
0.296700 -23.762033 3.725102 -16.674044 9.463406 0.570534 13.173331 8.981329 1.760848 -17.648041 -15.789504 -3.204550 -22.659109 -4.492241 4.713223 18.316343 -7.763919 0.224275 -11.544343 -0.497532 -0.204982 -6.244181 -10.966235 16.655678 -19.595263 0.969743 0.051859 13.584137 0.114047 1.099379
0.294599 -25.806406 5.455523 -6.776867 20.306087 0.214668 8.372869 17.755188 5.947678 -4.271563 -11.578068 -1.778265 -25.161705 -12.565530 16.509323 14.712336 -8.242563 -1.605101 -4.079679 0.899755 1.402263 -6.224234 -8.032993 9.848190 -14.187097 10.179959 -3.049204 16.645185 6.979983 -5.019895
0.325931 -25.834066 5.591897 -6.383006 20.084236 0.597581 8.392895 18.398361 5.699014 -4.516652 -10.937914 -1.933443 -25.392416 -12.874201 16.156324 15.102341 -8.763909 -1.828344 -4.312121 0.483440 1.619324 -6.567306 -8.124395 9.913407 -13.746786 10.563064 -3.661470 16.411263 7.032538 -5.405622
0.380814 -25.822195 5.561302 -5.617629 20.034492 0.697640 8.547043 18.711292 5.220368 -4.532336 -10.258226 -2.001998 -25.626835 -13.217549 15.812384 15.601350 -9.306178 -2.122246 -4.328277 0.197571 1.829937 -6.797192 -8.115744 9.877776 -13.435592 10.847072 -4.196308 16.258842 7.060872 -5.639890
0.725927 -25.617352 5.299762 -5.033502 20.033710 0.835391 8.492588 19.316376 4.745539 -4.666660 -9.515574 -2.127916 -25.588116 -13.603236 15.577776 16.104507 -9.727801 -2.731592 -4.501053 -0.196847 2.145457 -6.964068 -7.935001 9.664975 -13.142962 11.121581 -4.852035 16.159027 7.111137 -5.845226
1.540641 -25.179560 4.832500 -4.360126 20.282555 0.634368 8.359356 19.928541 4.177867 -4.647158 -8.920375 -2.282725 -25.201214 -13.984050 15.497124 16.562368 -10.012685 -3.381426 -4.611407 -0.387873 2.577521 -7.050887 -7.635769 9.335425 -12.856282 11.295548 -5.613093 16.071939 7.124314 -6.040809
2.375837 -21.975100 5.873765 -3.072285 21.208820 -0.301892 8.456146 19.727886 3.129843 -6.340598 -8.649677 -2.599855 -25.802664 -19.067417 10.060649 12.691996 -7.129824 -2.954899 -7.241399 0.750918 3.497534 -10.756218 -5.828901 9.062578 -14.907300 8.766711 -8.424300 16.298784 5.768992 -5.141561
3.016782 -20.368742 6.057204 -2.700970 21.496300 -1.130481 8.365150 19.957573 2.198668 -6.821464 -7.978400 -2.031487 -25.890858 -20.482891 9.563114 11.154872 -6.865696 -3.640502 -8.416276 0.666689 4.234542 -10.357202 -5.395542 8.559436 -14.694124 7.997499 -9.536352 16.167728 5.240243 -4.962468
3.036968 -19.817463 5.710749 -2.278144 21.858904 -1.466394 8.482254 20.325064 1.466905 -7.064180 -8.075573 -2.298515 -25.212772 -20.481739 9.787604 10.750628 -6.523396 -4.107800 -9.018359 0.133082 4.853852 -10.504247 -4.817615 8.108202 -14.800607 7.949981 -10.394018 16.152618 5.231258 -5.181308
2.387299 -19.557476 5.225715 -1.944579 22.396107 -1.760601 8.434033 20.197971 1.074520 -6.674215 -8.488187 -2.645048 -24.376892 -20.346006 10.358698 10.095963 -6.065843 -4.465914 -9.600841 -0.527153 5.074860 -10.319892 -4.298649 7.689392 -14.954515 7.944134 -10.747398 16.282017 5.225411 -5.229810
1.528387 -19.438135 4.568445 -1.548653 22.880726 -2.005141 8.395311 19.789736 0.702812 -6.190094 -9.066088 -2.841799 -23.728394 -20.058491 10.763864 9.434230 -5.523798 -4.530374 -10.130918 -0.893345 5.249608 -10.106613 -3.821014 7.273164 -15.128301 7.918974 -11.056289 16.377375 5.207490 -5.231047
0.569667 -19.444218 4.089707 -1.225857 23.187080 -2.272020 8.488811 19.236225 0.368981 -5.869676 -9.841965 -2.923743 -22.761076 -19.725975 11.368708 8.823555 -4.650434 -4.822582 -10.545817 -0.861738 5.314628 -9.830755 -3.334203 6.812270 -15.379870 7.778625 -11.255921 16.522469 5.135106 -5.054112
-0.423001 -19.635592 3.783415 -0.877473 23.506130 -2.520993 8.731066 18.627148 -0.050796 -5.670346 -10.455729 -2.869118 -22.334723 -19.400082 11.705058 8.462239 -4.156675 -4.822457 -10.660007 -0.684459 5.311724 -9.488217 -2.759855 6.219949 -15.724294 7.590147 -11.451304 16.709162 5.021619 -4.679798
-1.575704 -20.087934 3.777729 -0.631610 23.600529 -2.847015 9.132900 17.740911 -0.258766 -5.553269 -11.119201 -2.787879 -21.515083 -19.073299 12.128087 8.341101 -3.401106 -5.220825 -10.716521 -0.311862 5.212914 -9.192743 -2.303412 5.704346 -16.091738 7.431344 -11.540471 16.820612 4.919960 -4.253497
-2.928431 -20.586283 3.702139 -0.142485 23.516842 -3.191646 9.694839 16.675894 -0.655990 -5.510767 -11.794348 -2.629785 -20.752932 -18.750092 12.489305 8.337502 -2.784921 -5.640083 -10.696416 0.091626 5.042812 -9.021567 -2.060034 5.277574 -16.434431 7.292582 -11.581002 16.868355 4.837129 -3.809363
-4.012744 -21.149889 3.759668 0.191299 23.350107 -3.485382 10.249493 15.633341 -0.882555 -5.485906 -12.474861 -2.476067 -19.971195 -18.409912 12.980526 8.301752 -2.117197 -5.998472 -10.680726 0.560908 4.957593 -8.841126 -1.805184 4.836965 -16.750147 7.128465 -11.623546 16.897436 4.792821 -3.356774
-4.939049 -21.656082 3.775875 0.496908 23.223499 -3.666785 10.746723 14.788315 -1.151566 -5.498252 -12.966930 -2.429483 -19.276846 -18.187740 13.418085 8.232992 -1.419615 -6.235346 -10.661204 1.000227 4.940172 -8.691804 -1.419590 4.300697 -17.061352 7.068860 -11.794625 16.927565 4.815164 -2.823018
-5.735395 -21.859652 3.399882 0.682308 23.256310 -3.767048 10.991087 13.956919 -1.461785 -5.331376 -13.395861 -2.293685 -18.661686 -17.969107 13.802886 8.203146 -0.809407 -6.476319 -10.607097 1.577541 4.959653 -8.464128 -0.951621 3.741527 -17.411489 7.051929 -11.908760 16.959488 4.849680 -2.085133
-6.428641 -21.902901 2.775119 0.856923 23.513653 -3.866538 11.140848 13.198864 -1.888119 -5.025219 -13.645702 -2.163266 -18.046207 -17.868807 14.112707 8.310524 -0.310269 -6.878839 -10.649485 2.100638 5.053200 -8.195491 -0.445756 3.188600 -17.801445 7.048040 -12.050157 16.971937 4.871313 -1.295044
-7.068616 -21.812834 1.962457 0.996728 23.925531 -3.966486 11.233032 12.487285 -2.425298 -4.668812 -13.842892 -1.999988 -17.235312 -17.759541 14.517169 8.471935 0.383379 -7.500341 -10.651395 2.838073 5.192212 -8.002704 -0.059208 2.753495 -18.051785 7.026046 -12.193030 16.991882 4.904527 -0.686000
-7.529101 -21.657618 1.178032 1.055275 24.349895 -4.062212 11.248611 11.849239 -2.847722 -4.286941 -13.960861 -1.965928 -16.235058 -17.704666 15.006590 8.483007 1.187266 -8.395299 -10.906184 3.227490 5.325345 -7.806955 0.291967 2.433332 -18.264603 6.987619 -12.274442 17.005415 4.926476 -0.160303
-7.961089 -21.530447 0.471039 1.237287 24.738485 -4.103174 11.239292 11.488897 -3.328121 -4.013589 -13.950399 -1.953372 -15.585110 -17.673834 15.353476 8.566540 1.640627 -9.036656 -11.029330 3.472664 5.485239 -7.608884 0.579792 2.227847 -18.434650 6.941683 -12.305184 17.009106 4.932883 0.273323
-8.176655 -21.396027 -0.171890 1.432133 25.073734 -4.100863 11.193960 11.311584 -3.760296 -3.801149 -13.959478 -1.944791 -15.115829 -17.677288 15.587689 8.615462 2.007462 -9.449050 -11.137789 3.673861 5.647860 -7.408751 0.898394 1.993695 -18.614479 6.876612 -12.332805 17.037655 4.950814 0.694318
-8.264730 -21.273386 -0.598915 1.536902 25.281517 -4.102264 11.145905 11.153139 -4.012984 -3.637430 -13.953096 -1.953285 -14.697654 -17.688478 15.806291 8.650846 2.356189 -9.812627 -11.261926 3.841159 5.755978 -7.289721 1.100605 1.831388 -18.722616 6.846412 -12.363738 17.059235 4.970183 0.955382
-8.285129 -21.187185 -0.843771 1.609924 25.402996 -4.109012 11.090573 11.099247 -4.155207 -3.563793 -13.980244 -1.937825 -14.454039 -17.697891 15.909689 8.701125 2.595980 -9.982965 -11.302430 4.030734 5.804073 -7.250119 1.182276 1.756917 -18.759504 6.833135 -12.376330 17.070301 4.991218 1.056689
-8.304958 -21.147249 -0.957083 1.658935 25.465439 -4.104639 11.071715 11.092993 -4.228687 -3.517873 -13.979433 -1.931721 -14.374605 -17.690865 15.947014 8.708495 2.654177 -10.039329 -11.296929 4.093672 5.829854 -7.193704 1.234736 1.763699 -18.798908 6.801897 -12.330726 17.081938 4.990989 1.122445
-8.281704 -21.126554 -0.989712 1.666017 25.476631 -4.103949 11.058779 11.094482 -4.238797 -3.503222 -13.976498 -1.919082 -14.360465 -17.691105 15.964938 8.707575 2.687234 -10.040791 -11.284862 4.155480 5.842886 -7.184114 1.256800 1.745313 -18.808756 6.801253 -12.340226 17.083256 4.993621 1.145389
