-4.878702 -10.784705 3.145572 -5.908205 36.412872 -5.681422 -7.669726 -2.982944 -0.900395 0.045574 -33.348038 6.939186 -8.842382 -8.890960 11.780419 7.710989 8.793295 -3.025470 -6.673841 21.141495 2.867400 16.605667 -4.876567 -2.052747 -25.949760 4.543130 -5.290067 7.528407 2.705953 -0.821960
-5.128754 -10.561181 3.191871 -6.356142 36.322548 -5.489978 -8.272361 -2.280849 -1.006828 -0.163808 -33.847187 6.932746 -9.336884 -8.868709 10.766476 7.568723 8.862483 -2.651534 -6.459348 20.783916 2.727538 16.340586 -5.394326 -2.423030 -25.952757 4.522039 -5.239068 7.598484 2.837660 -0.687675
-4.933534 -10.243466 2.567262 -7.231421 36.517941 -6.069131 -9.517365 -0.984059 -1.149087 -0.451077 -34.677498 7.136446 -10.174317 -8.626120 9.395091 7.275844 8.670045 -1.841803 -6.078452 20.230465 2.486700 15.773161 -6.375161 -3.195227 -25.555565 4.441619 -5.150624 8.206821 3.221750 -0.400754
-5.043259 -10.269964 1.656649 -7.678413 36.567917 -6.569313 -10.878609 0.579413 -1.628294 -0.997745 -35.326900 7.223077 -11.309559 -8.486348 8.294401 6.547732 8.023184 -0.438823 -5.631157 19.726345 2.139262 14.928416 -7.528262 -3.923967 -24.966574 4.553665 -5.085910 8.786195 3.674736 0.045469
-4.910760 -10.419066 0.860033 -8.200449 36.367168 -7.270116 -12.374388 1.674201 -1.821191 -1.705510 -35.436802 7.296267 -12.891481 -8.329547 7.653865 5.602100 7.685772 1.086961 -5.075614 19.373251 1.654530 13.852660 -8.853410 -4.704900 -24.218513 4.620007 -4.988704 9.635108 4.229455 0.567919
-4.689645 -10.935048 0.935070 -8.544434 35.403503 -8.418001 -13.172152 3.160434 -1.374990 -2.866869 -35.030262 6.461836 -14.621100 -8.911816 6.811092 4.317631 7.540020 3.159811 -4.727986 18.929352 1.041963 12.785970 -10.129897 -4.978793 -23.219318 4.714867 -4.715159 10.568633 4.687690 0.809899
-4.774839 -11.584936 0.664012 -9.332747 34.393559 -8.862406 -14.059357 4.823791 -1.058033 -3.957612 -34.755112 5.438193 -16.099010 -9.882118 5.369336 3.534708 7.198102 5.155070 -4.272043 18.463318 0.686072 12.153507 -11.287394 -5.054265 -22.175549 4.913317 -4.563190 11.240926 5.006039 0.573831
-4.595791 -12.361532 -0.037578 -10.418242 33.378906 -9.326107 -14.396152 6.338937 -0.749160 -4.782539 -34.135227 4.863593 -17.479668 -10.493667 4.868474 3.042547 6.776824 6.560576 -3.981376 18.123623 0.300889 11.636550 -12.363192 -5.209981 -21.376106 5.162960 -4.417362 11.721951 5.330157 0.712553
-4.264254 -12.756446 -0.250903 -10.727844 32.887939 -9.210160 -14.575985 7.113576 -0.627516 -5.358329 -33.743595 4.306005 -18.265295 -11.206158 4.304858 2.523676 6.550570 7.419623 -4.021489 17.735901 0.213408 11.184686 -13.000799 -5.198969 -20.889706 5.508578 -4.536805 11.780672 5.511562 0.653545
-4.082981 -13.011045 -0.403992 -10.763286 32.589352 -9.104132 -14.398561 7.426343 -0.671538 -5.535396 -33.484493 4.064959 -18.632450 -11.470987 4.057719 2.470291 6.365300 7.685497 -3.995615 17.503689 0.150968 10.916684 -13.376805 -5.147418 -20.565945 5.749976 -4.640887 11.756182 5.632078 0.674988
-4.073227 -12.891065 -0.355051 -10.731573 32.673840 -9.184593 -14.393251 7.367843 -0.683367 -5.411901 -33.454762 4.104006 -18.553261 -11.425939 4.217309 2.441765 6.359756 7.659647 -4.040497 17.585896 0.190112 10.964754 -13.248331 -5.054286 -20.618952 5.659576 -4.599274 11.807479 5.597935 0.549081
-4.130889 -11.776837 0.228528 -9.812704 33.618637 -9.418427 -13.803947 6.612959 -1.073900 -4.119168 -33.808792 4.707080 -17.072784 -10.729384 5.441593 2.617067 6.735406 6.446745 -4.529273 17.992779 0.598613 11.419883 -11.991812 -4.764621 -21.185511 5.190564 -4.748586 11.788916 5.297916 -0.074318
-4.243483 -10.215466 1.143730 -8.152014 35.371952 -8.718830 -11.625430 4.572323 -1.647565 -1.894206 -33.945568 6.157121 -13.891908 -9.625325 8.596841 3.374135 7.080302 2.764505 -6.064598 18.403524 1.650752 12.425874 -9.610123 -3.891432 -22.943394 4.940750 -5.509179 10.118454 4.560781 -0.917855
-5.267992 -9.617120 0.544483 -7.883825 36.547646 -7.130126 -6.645026 2.755671 -2.075868 2.542482 -31.620447 6.446138 -10.146897 -9.813509 13.230931 4.965226 6.192330 -1.497162 -7.986219 19.324272 2.804661 14.109586 -6.043089 -1.254036 -24.811802 5.124526 -6.356441 7.663770 3.307536 -2.421040
-6.821985 -8.018591 0.699631 -6.504528 37.265957 -4.777465 1.145481 1.619554 -2.486227 7.854479 -28.155476 9.469390 -6.489810 -8.314057 22.303139 6.012435 2.504071 -5.076904 -9.799466 17.851538 2.461739 12.745420 -0.364629 3.243200 -26.197861 4.986097 -7.151644 7.449399 2.076819 -2.739457
-7.214497 -8.023144 -2.867956 -7.337236 37.049164 -8.419684 8.747377 1.140500 -3.507217 13.871982 -25.794430 7.870623 -2.657296 -10.242863 24.558186 7.732954 -0.846729 -6.467591 -11.537129 14.962517 1.742258 12.605678 3.524408 6.371299 -25.251785 4.589161 -7.565181 8.895911 1.166835 -3.546412
-2.911171 -11.359657 -1.378105 -7.019785 33.124340 -5.832236 14.372270 2.997886 -3.052451 15.499486 -23.343540 5.006096 -0.972280 -12.841830 24.737957 8.678480 -2.003765 -7.497802 -13.140077 11.795641 1.208987 10.730707 5.161674 8.134242 -23.860844 4.237911 -8.837008 10.809490 1.020527 -4.498806
-1.166849 -11.843563 1.630481 -6.902317 31.629690 -2.470443 15.616711 4.990836 -2.777094 15.527782 -20.336063 3.526936 -1.409810 -15.469115 25.054796 8.942818 -4.732185 -7.024045 -14.063339 10.484091 1.347543 9.547300 5.727574 9.249698 -22.385674 4.487353 -9.507601 12.068820 1.125238 -5.403223
0.285140 -11.737485 4.869114 -6.249094 30.151314 -1.384334 16.965773 6.133962 -1.924297 15.429280 -18.176926 3.137156 -3.157760 -16.623875 25.400208 8.820527 -6.751474 -6.269527 -14.143824 9.836684 1.413573 8.940812 5.829902 9.460134 -21.214453 4.929249 -10.318117 12.872662 1.448626 -6.174980
0.908464 -11.781038 7.109560 -5.849153 29.111382 -1.381584 17.529337 6.714822 -1.252533 15.104254 -17.350609 2.934744 -4.589788 -16.921335 25.130814 8.912259 -8.032177 -5.521564 -13.933378 9.414139 1.353777 8.562975 5.788627 9.710244 -20.366430 5.220240 -10.686971 13.477142 1.711623 -6.629406
1.013405 -11.797662 7.451900 -5.796467 28.892855 -1.467694 17.716112 6.815166 -1.153831 15.104593 -17.198734 2.935387 -4.868186 -16.935240 25.114130 8.921375 -8.189534 -5.439924 -13.879357 9.314604 1.310503 8.498415 5.783129 9.731855 -20.247681 5.246943 -10.696965 13.592934 1.732652 -6.683009
1.251388 -11.850579 7.976355 -5.689816 28.532452 -1.648613 18.119244 7.115081 -1.004714 15.151368 -16.957634 2.964847 -5.405046 -16.959507 25.078560 8.984205 -8.622395 -5.220681 -13.788201 9.197551 1.297825 8.300687 5.715993 9.752187 -20.039978 5.375291 -10.813479 13.688434 1.841825 -6.751945
1.736077 -11.849110 8.673970 -5.632339 27.943977 -1.830140 18.574654 7.640220 -0.568813 15.246971 -16.178465 3.069248 -6.360519 -17.033546 25.206676 9.219299 -9.516971 -5.066624 -13.630165 9.164741 1.305984 7.975041 5.717641 9.889753 -19.571005 5.583829 -10.968122 13.946941 2.016008 -6.900615
2.480432 -12.024641 9.184970 -5.927217 27.097506 -2.001417 19.073709 8.517725 0.067792 15.281149 -15.274910 3.019204 -7.378511 -17.526278 25.009060 9.530922 -10.907090 -4.349507 -13.380540 9.751286 1.214013 7.475363 5.488085 10.096162 -18.863966 5.785670 -11.039886 14.327669 2.252646 -7.151206
3.309356 -12.266550 9.846761 -6.043616 26.488451 -2.178340 19.069603 9.507163 0.503166 14.951351 -14.364605 2.997231 -8.644584 -18.168722 24.497236 9.901199 -12.573821 -3.003476 -12.951523 10.667524 1.055736 6.915508 5.123694 10.563544 -18.036285 5.920767 -10.932843 14.681013 2.511284 -7.556644
3.854570 -12.316415 10.506913 -5.955226 25.873745 -2.167186 19.045864 10.776874 0.593741 14.477082 -13.862759 3.236896 -9.996675 -18.240086 24.083233 9.916972 -13.426093 -1.972064 -12.482585 10.538504 0.907057 6.050877 4.799829 11.015546 -17.358673 6.139116 -10.927249 15.136709 2.933232 -7.454795
3.425981 -12.984797 11.008527 -6.208358 24.643000 -2.338199 19.848377 12.363857 0.992689 13.912431 -13.426712 3.331494 -11.637892 -18.081213 23.937984 9.612022 -13.316129 -1.615341 -12.182215 9.366162 0.586870 5.093173 3.975768 11.425168 -17.097574 6.266982 -10.610044 15.645290 3.375094 -7.284843
1.868136 -13.770844 10.490859 -7.478961 23.997953 -2.867845 19.990250 13.337204 1.341699 13.139648 -13.284874 3.353801 -12.954814 -18.012302 23.691641 9.236317 -13.222754 -1.508271 -12.083091 8.205420 0.276823 4.207533 3.101304 11.638986 -16.978601 6.290903 -10.165648 15.971699 3.832094 -6.871337
0.750960 -14.197233 9.746873 -8.435579 23.714682 -3.123948 19.657461 14.034267 1.561725 12.457501 -13.111637 3.325897 -13.888337 -18.055777 23.421787 8.898830 -13.214746 -1.347865 -11.961959 7.526333 0.029467 3.622073 2.477463 11.817116 -16.956642 6.338899 -9.771234 16.038445 4.187119 -6.517320
0.307380 -14.370432 9.365202 -8.854677 23.584024 -3.201406 19.338543 14.274631 1.648451 12.140980 -13.175529 3.504786 -14.262181 -17.877377 23.290649 8.757855 -13.092920 -1.426484 -11.826280 7.103798 -0.091148 3.357107 2.186184 11.862910 -16.996407 6.334040 -9.577544 16.039761 4.336134 -6.299698
0.277738 -14.366404 9.327713 -8.893894 23.587772 -3.207569 19.295204 14.284912 1.661225 12.121929 -13.199856 3.517512 -14.268396 -17.865986 23.272814 8.730084 -13.067800 -1.429716 -11.826032 7.040540 -0.103852 3.352954 2.172121 11.866100 -17.002151 6.332415 -9.562201 16.032406 4.340850 -6.284350
0.390938 -14.289190 9.446415 -8.741713 23.643921 -3.197307 19.430920 14.153863 1.624551 12.236701 -13.168427 3.480622 -14.105029 -17.889875 23.331543 8.852442 -13.110431 -1.474478 -11.871384 7.215228 -0.065348 3.477080 2.282690 11.811917 -17.004902 6.317252 -9.636511 16.030285 4.267775 -6.361766
0.671865 -14.041621 9.709360 -8.436317 23.830317 -3.134265 19.535540 13.865475 1.564426 12.489305 -13.188536 3.421731 -13.742604 -17.877117 23.443512 9.002838 -13.112238 -1.562281 -11.952148 7.494213 0.026104 3.762520 2.540897 11.704028 -16.990746 6.296614 -9.812655 16.008904 4.095099 -6.540646
1.204282 -13.785754 10.089560 -7.934347 24.063854 -2.996201 19.696430 13.334452 1.444127 12.891392 -13.363859 3.463771 -13.091435 -17.714710 23.654686 9.228988 -13.016365 -1.846611 -12.026134 7.876077 0.135419 4.155840 2.996410 11.453717 -17.012676 6.261489 -10.130378 16.008385 3.839620 -6.719737
2.118398 -13.481474 10.471715 -7.301347 24.406900 -2.655492 19.632603 12.388559 1.321886 13.374647 -13.644744 3.570992 -12.351405 -17.578701 23.767731 9.593584 -13.046878 -2.002042 -12.068650 8.429534 0.271994 4.654267 3.567653 11.215844 -17.062624 6.233371 -10.464303 15.958567 3.524442 -6.902138
3.216000 -13.135193 10.641118 -6.983654 24.956028 -2.242753 19.423008 11.368828 1.286716 13.908438 -13.913576 3.803085 -11.471583 -17.316526 23.837313 10.136427 -13.155589 -2.268334 -12.009427 9.344579 0.433072 5.220699 4.155018 11.036012 -17.135036 6.232912 -10.753239 15.786241 3.219764 -7.106716
3.704272 -12.787304 10.360560 -7.002877 25.805485 -1.935716 18.918636 10.234299 1.330951 14.328029 -14.170162 3.946051 -10.360731 -17.386742 23.969038 10.716160 -13.601430 -2.417027 -12.132062 10.502804 0.547404 5.897747 4.863070 10.729293 -17.313969 6.141323 -11.010002 15.593054 2.850669 -7.088122
4.482815 -18.055201 9.442214 -4.544455 25.601135 -2.025735 11.340841 10.410686 0.998359 13.412940 -12.451767 -4.120285 -10.740337 -16.209742 22.188473 16.808651 -7.287515 -3.697546 -7.192587 14.201973 2.306858 11.240441 3.045058 8.365849 -15.615247 12.293817 -8.933631 12.640964 6.018516 -6.829888
3.300538 -17.827742 8.376174 -5.121306 26.208206 -1.906099 10.722176 9.300108 0.749764 13.552843 -13.202538 -3.919400 -9.563578 -15.312831 22.854345 16.765522 -5.396676 -5.847902 -7.539673 13.420877 2.167908 12.032454 3.339260 7.746946 -16.315750 11.899999 -8.597456 12.676773 5.677823 -6.182429
1.902279 -17.853550 7.032207 -5.603987 26.979706 -1.268537 9.800696 7.787461 0.290066 13.444220 -14.467017 -3.553702 -8.519975 -13.841205 23.516987 16.100340 -2.269901 -7.892698 -7.813822 11.679040 1.909189 12.733315 3.589140 7.082441 -17.252621 11.329424 -8.039119 12.901833 5.376558 -4.960609
1.652149 -17.630711 5.655776 -3.122258 25.759186 -5.348634 9.281409 6.109515 -3.769432 9.398700 -15.590279 -2.434841 -8.969160 -18.337347 17.965046 10.289842 3.211700 -8.000926 -11.124728 13.397733 3.520721 15.548200 2.802499 5.804204 -16.593691 8.497592 -8.479215 13.158367 4.172237 -3.023541
0.205547 -18.285517 3.544778 -3.587075 26.319847 -5.314741 8.728262 4.831530 -4.652841 8.749216 -16.998734 -1.647927 -8.389798 -16.702625 18.367718 10.296775 5.757897 -8.844278 -10.724061 13.891777 3.692091 16.303991 3.166422 5.229386 -17.798162 7.995406 -7.881469 12.884922 4.060634 -1.492651
-1.922259 -18.314562 2.093210 -3.859151 27.198391 -5.955453 8.089687 4.093362 -5.259956 8.495489 -18.117891 -0.401206 -8.864121 -14.988482 18.368919 10.725792 7.082135 -9.495765 -9.952788 14.211224 3.490804 16.718954 2.879595 4.776831 -18.851383 7.486563 -7.100475 12.626957 3.880494 -0.076541
-4.200895 -17.828979 1.262811 -4.709043 27.910156 -7.133104 7.070463 3.131133 -5.195914 8.010997 -19.349195 0.884772 -9.446140 -13.522229 18.092220 11.045670 7.324481 -9.842542 -9.378562 14.525562 2.988581 16.942612 2.286255 4.458596 -19.866011 6.949224 -6.195009 12.460145 3.798649 1.198756
-5.932735 -17.686197 1.213654 -5.680812 28.196575 -7.636479 6.230712 2.177701 -4.551828 7.709583 -21.302944 2.331629 -10.462949 -11.766030 17.382965 10.834089 7.929791 -9.873720 -8.584917 13.976973 2.458507 16.945328 1.621207 3.941836 -20.457767 6.680662 -5.525562 12.367444 3.844205 1.811568
-7.409792 -18.033903 1.034110 -6.715702 28.187489 -7.896903 5.738857 0.938248 -3.866370 7.215509 -22.338060 3.355289 -11.355233 -10.613794 17.202740 10.526329 8.699780 -10.071908 -7.956435 13.971712 1.977496 16.708372 0.897201 3.610227 -20.984909 6.503698 -4.871121 12.304503 3.973952 2.489675
-8.438688 -18.666014 0.394504 -7.677416 28.290825 -7.955271 4.997324 -0.127814 -3.302470 6.796081 -22.954998 4.214261 -12.263155 -9.741250 17.269770 10.122406 9.584052 -10.111836 -7.390074 14.154022 1.597857 16.524889 0.205615 3.439669 -21.501537 6.375302 -4.209085 12.160301 4.081794 2.985558
-9.190218 -19.111879 -0.003534 -8.410029 28.163219 -8.113457 4.533767 -0.866620 -2.817138 6.308049 -23.168491 4.950573 -13.224959 -8.906967 17.448290 10.197871 10.317072 -10.327188 -6.792628 14.605093 1.282310 16.322161 -0.478452 3.378965 -21.987915 6.237122 -3.644216 11.842279 4.091387 3.249382
-9.684007 -19.434504 -0.248845 -8.970490 28.014854 -8.154509 4.196520 -1.126794 -2.530186 5.883012 -23.253342 5.365395 -13.810029 -8.473481 17.585255 10.186863 10.788968 -10.397026 -6.432843 14.947044 0.992128 16.123713 -1.094930 3.372031 -22.359001 6.091541 -3.120431 11.642776 4.096534 3.506088
-10.036108 -19.580584 -0.363675 -9.261873 27.969158 -8.238844 4.027971 -1.266589 -2.347912 5.690524 -23.428844 5.614068 -14.080720 -8.223315 17.653782 10.127969 11.062409 -10.338967 -6.188987 15.211445 0.868863 16.017927 -1.378083 3.376303 -22.541542 6.026818 -2.866308 11.556784 4.126430 3.652996
