1.198566 4.703160 2.744584 -13.608313 25.454823 -8.624488 0.974463 -10.090073 -13.243388 -12.232460 -33.349346 6.937747 -8.840801 -8.892655 11.777965 7.710041 8.798341 -3.024922 -6.673736 21.138962 3.943051 13.542913 -5.311988 -2.616970 -26.221317 2.333716 -2.255606 9.313812 0.175250 -1.816714
0.955325 4.936541 2.803130 -14.044332 25.335403 -8.443040 0.404897 -9.390338 -13.367990 -12.457261 -33.848431 6.932452 -9.335260 -8.870831 10.763247 7.566764 8.868677 -2.650506 -6.459088 20.780653 4.002380 13.226226 -5.650846 -3.158695 -26.022255 2.521345 -2.329571 9.569759 0.469855 -1.342172
1.146272 5.238249 2.204577 -14.909366 25.454226 -9.022202 -0.770222 -8.133692 -13.520607 -12.777524 -34.677277 7.137391 -10.173405 -8.625796 9.396441 7.274892 8.672740 -1.841477 -6.078473 20.228058 4.056527 12.313363 -5.991112 -3.643492 -25.420090 2.905357 -2.199973 10.265579 1.108019 -0.456443
1.071304 5.150682 1.309652 -15.341076 25.436115 -9.484992 -2.076742 -6.629708 -13.975055 -13.346468 -35.325935 7.224874 -11.308715 -8.485436 8.297547 6.546382 8.025561 -0.439993 -5.631681 19.724117 4.012985 11.173310 -6.999903 -4.279502 -24.463173 3.237721 -2.078027 11.311365 1.937197 0.358428
1.251395 4.910495 0.519513 -15.763868 25.266392 -10.198111 -3.597165 -5.540751 -14.137751 -14.026417 -35.435730 7.296814 -12.891084 -8.329692 7.654796 5.601285 7.689203 1.085102 -5.075973 19.371794 3.620769 9.195260 -8.381671 -5.043872 -24.091465 3.144550 -2.084958 12.326612 2.642811 1.041736
1.477166 4.246506 0.604322 -15.986654 24.451042 -11.408933 -4.530890 -3.963367 -13.595822 -15.086630 -35.030941 6.461648 -14.620011 -8.913149 6.809162 4.316594 7.544496 3.159227 -4.728167 18.927160 3.049080 6.869518 -9.562609 -5.382549 -23.849495 2.930351 -2.196191 13.314770 3.046625 1.406433
1.133275 3.518462 0.295330 -16.751310 23.687859 -11.909260 -5.593540 -2.200431 -13.230350 -16.127640 -34.755886 5.438073 -16.097708 -9.883422 5.367655 3.533808 7.202069 5.155300 -4.272144 18.460846 2.758320 4.651128 -10.401799 -5.396110 -23.552509 2.924475 -2.474321 14.109327 3.381089 1.362726
1.229555 2.604379 -0.384591 -17.724649 22.866474 -12.334135 -5.992084 -0.642383 -12.862710 -16.826109 -34.133724 4.863937 -17.478273 -10.493527 4.871283 3.041268 6.778757 6.559669 -3.982035 18.121758 2.555814 2.769915 -11.002587 -5.362422 -23.345436 2.934513 -2.679967 14.675903 3.571373 1.495489
1.434425 2.199829 -0.536196 -17.984426 22.509155 -12.272517 -6.205691 0.189017 -12.698043 -17.310286 -33.741978 4.306631 -18.264389 -11.205938 4.307786 2.522316 6.552251 7.419069 -4.022002 17.733940 2.476678 1.200165 -11.013603 -5.082873 -23.186625 3.040041 -3.070356 15.020382 3.614966 1.523766
1.590723 1.899884 -0.650375 -17.998777 22.249788 -12.219614 -6.063515 0.529547 -12.670955 -17.457026 -33.483227 4.065557 -18.631191 -11.470702 4.060886 2.468760 6.367197 7.685295 -3.996256 17.501453 2.427736 0.564272 -11.115920 -4.960433 -22.984413 3.183098 -3.362792 15.074973 3.681917 1.539905
1.614111 2.026514 -0.602475 -17.969772 22.310123 -12.272553 -6.039588 0.461560 -12.703143 -17.340364 -33.453449 4.104738 -18.552250 -11.425821 4.219921 2.440395 6.361390 7.659356 -4.041036 17.583761 2.458608 0.693516 -11.056129 -4.890967 -23.006409 3.112645 -3.251588 15.122128 3.658374 1.441398
1.835733 3.148031 -0.060365 -17.088491 22.969074 -12.350719 -5.274926 -0.441714 -13.176093 -16.095078 -33.809853 4.706250 -17.071320 -10.731759 5.437913 2.615573 6.740811 6.447275 -4.529220 17.990112 2.669168 2.715256 -10.613850 -4.904697 -23.133194 2.967058 -2.975841 14.754093 3.537360 0.854959
1.840302 5.069855 0.753690 -15.639735 24.489328 -11.588835 -2.896994 -2.545833 -13.947406 -14.020084 -33.946129 6.156767 -13.890883 -9.626802 8.594802 3.373104 7.085191 2.763949 -6.064754 18.401424 3.420400 6.453303 -9.041399 -4.155132 -23.538832 3.204358 -2.953931 12.953388 2.991853 -0.091856
0.886305 5.921789 -0.032394 -15.469278 25.758625 -10.133663 1.887192 -4.173234 -14.476725 -9.621985 -31.618641 6.448263 -10.146510 -9.812342 13.236409 4.963957 6.190318 -1.495865 -7.986947 19.323013 4.708255 10.134940 -5.676126 -1.735254 -24.409340 4.190913 -3.276405 10.027013 1.646631 -1.342950
-0.660173 7.502158 0.143657 -14.232155 26.429123 -7.937140 9.672554 -5.416179 -14.777401 -4.328158 -28.161133 9.470477 -6.487823 -8.312451 22.299463 6.014350 2.500561 -5.074439 -9.799190 17.848200 6.300377 13.869331 -2.070724 1.730030 -22.149845 6.435527 -2.285829 10.164480 1.643413 -0.901642
-1.211350 7.513497 -3.417832 -15.119529 26.047567 -11.697250 17.369656 -5.905231 -15.783683 1.660263 -25.797749 7.869949 -2.656808 -10.242755 24.553905 7.734484 -0.846870 -6.464391 -11.536401 14.961555 8.085375 14.631348 1.415411 3.935554 -20.627663 8.311432 -3.315585 10.299236 2.548429 0.650248
2.859113 4.059718 -2.002482 -14.502454 22.400984 -8.967598 22.931597 -3.963117 -15.425559 3.482329 -23.346260 5.005861 -0.969377 -12.843016 24.735355 8.676598 -2.000682 -7.492622 -13.139537 11.792443 9.872614 14.009274 2.685156 5.014795 -18.690954 10.017225 -4.724763 10.256514 3.465912 0.826840
4.646227 3.510202 0.941698 -14.314380 21.128242 -5.273755 24.019062 -1.902269 -15.238582 3.473121 -20.336275 3.526623 -1.407548 -15.470015 25.056009 8.940523 -4.727793 -7.024325 -14.065348 10.482932 10.288826 13.943328 2.532454 5.844476 -16.255930 10.664555 -4.824694 11.793703 3.864489 -0.268399
6.263963 3.487638 4.280037 -13.651381 19.594280 -4.203862 25.297546 -0.716213 -14.253652 3.261640 -18.177532 3.137607 -3.154116 -16.626078 25.400782 8.818456 -6.743955 -6.272893 -14.147408 9.835062 10.293097 13.597522 2.600985 5.935916 -14.668378 10.937428 -5.185145 13.131686 4.186453 -0.900676
6.957869 3.343336 6.491033 -13.297694 18.545565 -4.274571 25.821419 -0.169775 -13.494231 2.920902 -17.351021 2.935652 -4.586329 -16.923265 25.131737 8.910461 -8.024987 -5.525369 -13.936788 9.412607 10.346328 12.914268 2.632042 6.122179 -14.117004 11.225859 -5.643066 13.386815 4.431108 -1.167581
7.068203 3.318942 6.830904 -13.261579 18.326878 -4.367585 26.004011 -0.089007 -13.383306 2.924705 -17.199070 2.936175 -4.864886 -16.937349 25.114853 8.919625 -8.182467 -5.443805 -13.882840 9.312836 10.355149 12.842450 2.625987 6.111674 -14.010584 11.252538 -5.683960 13.448318 4.462649 -1.242153
7.323248 3.264540 7.331105 -13.193929 17.979584 -4.549687 26.401403 0.166689 -13.225902 2.988252 -16.958164 2.965511 -5.401524 -16.961803 25.079008 8.982409 -8.615098 -5.224325 -13.791671 9.195727 10.349016 12.529063 2.557998 6.138003 -13.831594 11.348157 -5.804708 13.523847 4.559915 -1.303324
7.799281 3.283532 8.048808 -13.156574 17.365421 -4.763407 26.906837 0.638424 -12.777465 3.100622 -16.177483 3.068803 -6.357697 -17.036484 25.207581 9.216796 -9.509465 -5.070083 -13.633058 9.163877 10.359804 12.069426 2.533343 6.147003 -13.252728 11.536751 -6.011731 13.895151 4.781651 -1.342899
8.444754 3.175941 8.626516 -13.456964 16.473042 -4.990573 27.494879 1.497042 -12.126279 3.167130 -15.274383 3.018179 -7.375890 -17.529724 25.008308 9.528315 -10.900996 -4.351170 -13.382804 9.751549 10.406384 11.320674 2.297023 6.293252 -12.656375 11.823344 -6.278201 14.133551 5.124439 -1.531231
9.142699 2.983704 9.304796 -13.535093 15.863541 -5.175132 27.480621 2.527562 -11.687498 2.878998 -14.363862 2.996266 -8.642097 -18.172054 24.496693 9.898945 -12.568334 -3.005244 -12.953712 10.668263 10.385811 10.655541 1.869994 6.723028 -12.025226 12.050023 -6.266873 14.197908 5.450054 -2.078722
9.548286 2.929430 10.053002 -13.400225 15.225917 -5.154724 27.399410 3.833549 -11.555198 2.414793 -13.862956 3.237032 -9.994111 -18.242876 24.082136 9.915334 -13.422192 -1.973438 -12.484433 10.539152 10.318583 9.684200 1.267263 7.148273 -11.426020 12.275285 -6.270113 14.355377 5.794129 -2.348865
9.336466 2.135396 10.451473 -13.733131 14.031662 -5.201910 28.043610 5.334290 -11.080331 1.848958 -13.426724 3.331735 -11.635346 -18.084019 23.937126 9.610195 -13.312106 -1.616903 -12.184127 9.366528 10.069498 8.860696 0.441165 7.496946 -10.985320 12.307340 -6.058983 14.760149 6.048882 -2.499883
7.917103 1.267877 9.885036 -15.037790 13.419518 -5.634528 28.102846 6.257698 -10.678370 1.089290 -13.284883 3.353959 -12.952426 -18.015104 23.690681 9.234531 -13.218915 -1.509790 -12.084963 8.205843 9.816885 8.191237 -0.341892 7.676200 -10.699943 12.254161 -5.752463 15.152701 6.357891 -2.342658
6.857556 0.821964 9.137572 -15.977007 13.143832 -5.855532 27.790146 6.917204 -10.480037 0.409616 -13.110988 3.325618 -13.886131 -18.059196 23.421059 8.896788 -13.209320 -1.349793 -11.964004 7.526980 9.558691 7.921218 -0.851207 7.687227 -10.610438 12.134409 -5.411098 15.322469 6.526001 -2.084633
6.423540 0.653125 8.775903 -16.377876 13.008380 -5.917205 27.510040 7.127654 -10.410873 0.099872 -13.174761 3.504475 -14.259972 -17.880833 23.289959 8.755680 -13.087415 -1.428415 -11.828319 7.104381 9.428616 7.793294 -1.114095 7.671118 -10.617583 12.082952 -5.239386 15.341839 6.610867 -1.916420
6.395185 0.657022 8.739436 -16.416975 13.011607 -5.921275 27.469746 7.134582 -10.398848 0.081736 -13.199125 3.517164 -14.266175 -17.869473 23.272007 8.727906 -13.062238 -1.431595 -11.828042 7.041115 9.423580 7.782516 -1.128462 7.666069 -10.628405 12.086741 -5.228992 15.324231 6.617823 -1.891849
6.505767 0.732409 8.842705 -16.274015 13.074067 -5.919798 27.582962 7.022946 -10.430072 0.193054 -13.167765 3.480297 -14.102788 -17.893358 23.330673 8.850302 -13.104878 -1.476387 -11.873387 7.215812 9.458290 7.848228 -1.037460 7.646736 -10.615418 12.098293 -5.293827 15.337276 6.581634 -1.957947
6.769890 0.976369 9.096211 -15.987339 13.258312 -5.866650 27.657515 6.752153 -10.470538 0.439465 -13.187851 3.421396 -13.740397 -17.880640 23.442650 9.000691 -13.106717 -1.564129 -11.954144 7.494825 9.546389 8.005610 -0.841497 7.587212 -10.603751 12.134689 -5.436920 15.305964 6.499410 -2.090287
7.254154 1.250210 9.478265 -15.499107 13.487586 -5.754807 27.809395 6.252153 -10.580688 0.840697 -13.362803 3.463195 -13.089194 -17.718410 23.654015 9.226888 -13.011099 -1.848385 -12.028199 7.877021 9.670233 8.248266 -0.506345 7.425658 -10.641105 12.214009 -5.695963 15.231664 6.367321 -2.259616
8.058750 1.614521 9.892647 -14.851915 13.806566 -5.478196 27.805403 5.340046 -10.741529 1.314471 -13.643583 3.570343 -12.349131 -17.582468 23.767183 9.591342 -13.041533 -2.003735 -12.070743 8.430446 9.781879 8.564890 -0.045153 7.266510 -10.771676 12.276199 -5.947398 15.091270 6.166490 -2.364013
8.904127 2.063709 10.191115 -14.463870 14.297967 -5.186587 27.752552 4.356138 -10.846907 1.832551 -13.912463 3.802307 -11.469102 -17.320324 23.836897 10.134020 -13.150046 -2.270109 -12.011660 9.345309 9.889174 9.117385 0.501141 7.054936 -11.013275 12.253793 -6.106628 14.860286 5.891259 -2.424695
9.449545 2.436172 9.851970 -14.472210 15.143160 -4.895377 27.317894 3.239749 -10.850128 2.219414 -14.169137 3.945197 -10.358165 -17.390440 23.968637 10.713756 -13.596069 -2.418693 -12.134354 10.503691 9.926040 9.880173 1.196112 6.670837 -11.388024 12.106675 -6.140889 14.715236 5.573641 -2.164272
13.329016 5.342550 8.775476 -15.718804 9.182777 -7.588303 24.725338 -0.046096 -18.030495 -5.481878 -12.454483 -4.125899 -10.735922 -16.215473 22.179914 16.807701 -7.285088 -3.687265 -7.192237 14.198580 4.386817 1.312694 3.818306 7.734475 -16.946747 10.201743 -6.118158 16.568245 4.154093 -4.494712
12.066965 5.573579 7.872302 -16.244486 9.743475 -7.515192 24.102884 -1.134367 -18.288532 -5.479072 -13.206560 -3.925050 -9.558108 -15.318328 22.846022 16.763477 -5.392582 -5.837329 -7.539569 13.416310 4.320111 2.320106 4.033385 7.057047 -17.383741 9.886460 -5.808058 16.513840 3.887917 -4.068896
10.347597 5.768091 6.708511 -16.779043 10.601240 -6.965212 23.062923 -2.501796 -18.779095 -5.750476 -14.470306 -3.559292 -8.514909 -13.846467 23.509193 16.098118 -2.264901 -7.883264 -7.813732 11.674058 4.155416 3.294098 4.167692 6.354264 -18.182587 9.395054 -5.205623 16.463802 3.594470 -3.138482
7.093871 -1.993140 5.556979 -10.507274 14.567578 -9.048551 18.305363 -0.801758 -16.369411 -3.121325 -15.594521 -2.438538 -8.962356 -18.342072 17.957186 10.288105 3.217791 -7.995379 -11.124891 13.392628 5.156125 1.140216 4.762555 5.979483 -20.874233 4.910097 -6.825856 16.279083 1.625476 -1.361450
5.748021 -2.755197 3.346364 -11.081385 15.694978 -8.073923 17.308956 -2.155333 -17.010235 -3.255138 -16.997536 -1.647508 -8.388677 -16.702629 18.370510 10.295703 5.759772 -8.844237 -10.724153 13.891239 5.258953 1.728447 4.979297 5.256226 -22.014515 4.428007 -6.222727 16.171913 1.597301 0.245114
3.657874 -2.719047 1.743197 -11.445315 16.573997 -8.764204 16.621464 -2.912687 -17.618237 -3.455009 -18.116428 -0.400457 -8.863113 -14.988325 18.372208 10.724772 7.083507 -9.495709 -9.952960 14.210892 5.086395 2.505868 4.806253 4.804874 -22.917789 3.995724 -5.477430 15.971439 1.497907 1.544884
1.509498 -2.343629 0.731455 -12.237159 17.266914 -9.979174 15.564047 -3.945706 -17.553274 -3.894182 -19.347816 0.885457 -9.445049 -13.522130 18.095427 11.044611 7.325934 -9.842443 -9.378764 14.525182 4.714133 3.019033 4.374947 4.485781 -23.724075 3.520694 -4.538210 15.938938 1.467392 2.829311
0.051223 -2.323089 0.666416 -13.331114 17.451050 -10.413021 14.683754 -5.148708 -16.805584 -4.338582 -21.301464 2.332761 -10.462081 -11.765605 17.386641 10.833126 7.930673 -9.873701 -8.585214 13.976580 4.220596 3.277810 3.764456 3.989951 -24.204359 3.202461 -3.855556 15.938753 1.450616 3.316797
-1.296551 -2.713173 0.457743 -14.416193 17.383011 -10.674202 14.191330 -6.479307 -16.123810 -4.952706 -22.336607 3.356208 -11.354380 -10.613326 17.206348 10.525288 8.700794 -10.071906 -7.956718 13.971284 3.690623 3.282043 3.106553 3.696753 -24.710211 2.980992 -3.227354 15.841181 1.525894 3.879278
-2.191038 -3.323325 -0.212141 -15.318447 17.543764 -10.720821 13.421457 -7.474612 -15.626232 -5.396457 -22.953651 4.215225 -12.262130 -9.740726 17.273361 10.121206 9.585132 -10.112069 -7.390563 14.153621 3.236356 3.261287 2.525851 3.587344 -25.178991 2.806387 -2.592767 15.799667 1.605825 4.349868
-2.775994 -3.810471 -0.730823 -16.025881 17.517000 -10.828293 12.885701 -8.145796 -15.161399 -5.886372 -23.167042 4.951700 -13.224030 -8.906212 17.452175 10.196608 10.318044 -10.327397 -6.793097 14.604607 2.877231 3.273588 1.999461 3.619485 -25.575893 2.694848 -2.037793 15.627195 1.626729 4.671882
-3.201907 -4.164877 -1.008320 -16.536308 17.401901 -10.830107 12.523114 -8.417795 -14.887736 -6.327516 -23.251980 5.366522 -13.809098 -8.472654 17.589148 10.185562 10.790022 -10.397239 -6.433276 14.946573 2.527479 3.231516 1.531705 3.705913 -25.904947 2.589205 -1.528572 15.531856 1.653090 4.995111
-3.468899 -4.349150 -1.167041 -16.811169 17.369915 -10.861774 12.322958 -8.570003 -14.708118 -6.539258 -23.427698 5.615203 -14.079706 -8.222639 17.657330 10.126643 11.063573 -10.339202 -6.189458 15.210910 2.353812 3.169853 1.315597 3.761279 -26.083149 2.540477 -1.282001 15.500259 1.689460 5.179321
