-15.167908 -13.965579 3.509467 2.104429 23.846323 -1.731276 5.682632 32.949459 -14.295218 -2.230810 -0.316827 -12.136333 -15.471148 -8.691494 5.611407 16.053413 -0.516365 -15.008953 -27.311468 -16.243767 9.807238 3.420414 -12.734480 4.114815 -4.808673 5.376137 -24.070805 7.900428 1.104213 -2.965707
-15.172278 -14.104430 3.526300 2.086348 23.766960 -1.599411 5.661762 33.210930 -14.271671 -2.307546 -0.322822 -12.083842 -15.475812 -8.817066 5.505658 15.972401 -0.701893 -15.095031 -27.432871 -16.380316 9.876060 3.323425 -12.812825 4.132163 -4.826275 5.383158 -24.002260 7.909318 1.249724 -3.122941
-15.219852 -14.552486 3.516093 2.115702 23.546791 -1.427592 5.713501 33.588196 -14.247941 -2.517217 -0.245610 -11.903483 -15.542659 -9.074057 5.347626 15.686790 -0.882981 -15.324678 -27.684519 -16.469501 10.037157 3.144370 -12.944467 4.145334 -4.835799 5.351148 -23.958225 7.948755 1.504906 -3.532911
-15.079765 -15.087225 3.439087 2.107432 23.119431 -1.336877 5.879910 34.029366 -14.245048 -2.894171 -0.152536 -11.725787 -15.792671 -9.310184 5.185586 15.230410 -0.960964 -15.431921 -27.897463 -16.542974 10.387794 2.867780 -13.150131 4.200104 -4.881453 5.292855 -23.857887 7.996578 1.929263 -4.172616
-14.676005 -15.719635 3.288708 2.096529 22.647850 -1.313122 6.051530 34.333832 -14.152221 -3.251568 -0.137500 -11.677063 -16.037745 -9.709940 5.350053 14.341233 -0.759278 -15.256978 -28.150124 -16.650291 10.678487 2.511586 -13.456514 4.212245 -4.996406 5.357444 -23.671427 7.931056 2.457579 -4.857863
-13.639589 -15.535480 3.247925 1.750690 22.365112 -1.522303 5.821383 34.673286 -13.956872 -3.586183 -0.053470 -11.760628 -16.501482 -10.101503 5.560650 13.496303 -0.617993 -14.652294 -28.217443 -16.775166 10.974854 2.112096 -13.719460 4.451492 -5.076228 5.543789 -23.447760 7.817933 3.051853 -5.814803
-12.434710 -15.007485 3.242565 1.409504 22.289852 -1.951997 5.427188 34.913834 -13.752014 -3.839533 -0.010414 -11.958163 -17.089087 -10.426631 5.750810 12.692105 -0.586814 -13.715085 -28.135786 -16.977543 11.102928 1.598787 -13.983252 4.774498 -5.113338 6.060637 -23.065250 7.661720 3.801929 -6.823523
-10.918093 -14.557459 3.106804 1.074170 21.978951 -2.693864 5.108628 35.183884 -13.642568 -4.328889 -0.101664 -12.109122 -17.624321 -10.716977 5.900143 12.043690 -0.606294 -12.920552 -27.927683 -17.173706 11.103818 1.261700 -14.276136 5.143373 -5.525751 6.196520 -22.726418 7.375519 4.274558 -7.861880
-9.539129 -14.133192 3.058445 0.567961 21.847094 -3.427048 4.779878 35.376678 -13.414033 -4.690175 -0.141888 -12.621058 -18.222820 -10.753837 6.218249 11.794271 -0.353277 -11.901616 -27.456072 -17.497763 11.008965 1.134815 -14.296936 5.575522 -5.920589 6.365368 -22.311499 7.132014 4.653642 -8.911736
-8.390821 -13.638091 3.194897 0.008925 21.918745 -3.777278 4.347875 35.574348 -13.046327 -4.828984 -0.074202 -12.784055 -18.847570 -10.955776 6.273166 11.487357 -0.631571 -10.895604 -27.207890 -17.464445 10.799439 1.047506 -14.352169 5.860924 -6.353421 6.451308 -22.030752 6.942170 4.866930 -9.812566
-7.438264 -13.656046 3.381934 -0.281496 21.839577 -3.829648 4.018920 35.867001 -12.449279 -4.818461 -0.098363 -12.610749 -19.445452 -11.221297 6.041901 11.174354 -1.163339 -10.229741 -26.960285 -17.314903 10.336428 1.224106 -14.359802 6.018239 -6.907011 6.164075 -21.631916 7.049062 4.805033 -10.530965
-6.548539 -13.577116 3.387127 -0.647005 21.888790 -4.031839 3.641298 36.050884 -11.875163 -4.743065 -0.342835 -12.340240 -19.934582 -11.333283 5.905475 10.439154 -1.391848 -9.616851 -26.871044 -17.228096 9.557420 1.579477 -14.344071 6.086923 -7.877361 5.647643 -21.361885 6.930285 4.384935 -11.057436
-5.654841 -13.237591 3.403644 -1.160551 22.023701 -4.273668 3.245996 36.152508 -11.363746 -4.661143 -0.988953 -12.036952 -20.286846 -11.309299 6.005898 9.225330 -1.286749 -8.916700 -26.783756 -17.304420 8.743519 2.173474 -14.216370 6.104452 -8.448015 4.863227 -21.186626 7.245927 3.624329 -11.286533
-4.762840 -12.788893 3.599399 -1.770421 22.271278 -4.295381 2.733409 36.482414 -10.752547 -4.533412 -1.470905 -11.795467 -20.578590 -11.160397 5.972741 8.490325 -1.340291 -8.426599 -26.702211 -17.426300 7.608049 2.612869 -14.263388 6.072029 -9.210109 4.309231 -20.994963 7.373876 2.897737 -11.640314
-3.932184 -12.271105 3.688504 -2.392857 22.574970 -4.361436 2.181163 36.639175 -10.157921 -4.335269 -1.691982 -11.650228 -20.844110 -11.131455 6.012297 7.932278 -1.392133 -8.076335 -26.642076 -17.511183 6.693031 3.037788 -14.386354 6.245138 -9.782876 3.777915 -20.724552 7.397550 2.219594 -11.844161
-3.185866 -11.848549 3.786175 -2.971695 22.757839 -4.359962 1.738678 36.692265 -9.643327 -4.164442 -2.232265 -11.446209 -21.102736 -11.084979 6.068713 7.092852 -1.344055 -7.589706 -26.517843 -17.605152 6.254846 3.197732 -14.410503 6.280757 -9.973130 3.514746 -20.489960 7.558484 2.017447 -11.956345
-2.552342 -11.510133 3.750998 -3.338304 22.936840 -4.367330 1.387298 36.685589 -9.327489 -4.012079 -2.549323 -11.395543 -21.125450 -11.057319 6.092118 6.679848 -1.384557 -7.399277 -26.596357 -17.753557 5.673227 3.321745 -14.532454 6.378813 -10.159528 3.221467 -20.338642 7.622987 1.666306 -12.070857
-2.103054 -11.250005 3.723022 -3.623947 22.991993 -4.436764 1.181041 36.552181 -9.073561 -3.907260 -2.777627 -11.344601 -21.181013 -10.938021 6.056842 6.404530 -1.438799 -7.215401 -26.547310 -17.854189 5.367627 3.385693 -14.613947 6.362099 -10.213778 3.056953 -20.218033 7.719604 1.482775 -11.870695
-1.886097 -11.106809 3.730007 -3.768936 22.999882 -4.468393 1.073966 36.521267 -8.958455 -3.891552 -2.968931 -11.272047 -21.191456 -10.838258 6.043598 6.169006 -1.425333 -7.088625 -26.546907 -17.860607 5.156810 3.393165 -14.707391 6.337504 -10.223807 2.964707 -20.127193 7.798576 1.385308 -11.695302
-1.805137 -11.035339 3.727752 -3.833148 23.017998 -4.464406 1.022776 36.512329 -8.917636 -3.873535 -3.055136 -11.244800 -21.168348 -10.806075 6.058138 6.073120 -1.419903 -7.035630 -26.526974 -17.840452 5.058321 3.400327 -14.743052 6.297696 -10.245034 2.906544 -20.102364 7.819430 1.329341 -11.599995
-2.213351 -11.218227 4.063671 -3.792387 22.751171 -4.464455 1.245059 36.492878 -8.867648 -4.044207 -2.842836 -11.226126 -21.485062 -10.800142 5.895158 6.395663 -1.618068 -6.995997 -26.375429 -17.903372 5.264497 3.269132 -14.821205 6.469946 -10.195500 3.111477 -20.164629 7.632635 1.470053 -11.781996
-3.356279 -11.692614 5.021820 -3.710956 21.991972 -4.511085 1.900573 36.345081 -8.731903 -4.515709 -2.338475 -11.178513 -22.355602 -10.594129 5.418268 7.347698 -2.076777 -6.909143 -25.882681 -18.118542 5.647836 2.868455 -15.236959 6.961491 -9.972470 3.584649 -20.044342 7.298123 1.869347 -11.919246
-5.285615 -12.505577 6.747444 -3.609665 20.718731 -4.086592 3.045366 35.717308 -8.492778 -5.210446 -1.380563 -11.051756 -23.758163 -10.499499 4.598770 8.862157 -2.974489 -6.651258 -25.142689 -18.028685 6.540662 1.860076 -15.960772 7.622826 -9.071086 4.661113 -20.042877 6.813047 2.733525 -11.708256
-7.652525 -13.516814 9.173581 -3.881063 19.145985 -3.377735 4.555589 34.371483 -7.863894 -5.878569 -0.467899 -10.881140 -25.288504 -10.013222 3.585662 11.260069 -4.055131 -6.271231 -23.951979 -17.630688 7.938315 0.095073 -17.092014 9.135223 -7.003716 6.690450 -19.568441 6.388764 4.436666 -11.529481
-8.616096 -15.663227 10.872303 -4.376198 17.208416 -3.000663 6.260426 32.455563 -6.877251 -6.531098 0.726764 -10.058410 -27.171024 -10.141583 2.350059 13.173573 -5.562196 -5.314008 -23.001427 -15.892260 8.000643 -1.304706 -18.830671 10.699929 -4.498975 7.881959 -18.827065 6.543617 4.855114 -10.363342
-8.520649 -19.451563 11.222377 -4.624476 14.909093 -2.897062 7.898497 31.001635 -5.322950 -6.812123 1.440382 -8.046964 -28.689016 -11.435963 0.782166 13.131752 -7.610682 -4.787821 -23.047674 -13.255596 6.522719 -1.353180 -20.003323 11.461710 -2.912555 7.544245 -18.049410 7.369431 3.491569 -7.437826
-7.132102 -20.167582 11.621064 -4.970332 14.012682 -4.262856 8.375412 30.052200 -4.133722 -6.464120 1.580314 -7.385318 -29.654167 -12.640925 0.446267 12.725029 -9.098983 -3.077186 -22.502665 -11.569200 4.002334 -0.631183 -20.430880 12.409076 -3.095668 7.590035 -17.286770 6.810871 1.511822 -4.488289
-5.427885 -21.692587 10.834601 -6.072747 12.532235 -4.914316 8.495062 28.461868 -2.945661 -7.012990 1.423416 -4.883500 -31.814018 -15.020865 0.127602 9.978107 -9.784380 -2.038860 -21.863008 -8.573090 1.992207 0.916779 -19.814129 13.565327 -3.852066 7.964396 -17.031816 5.804648 -0.462762 -2.967661
-2.726815 -21.933243 10.842996 -8.023319 9.910501 -3.793411 8.828223 27.132996 -3.375052 -9.568748 0.990187 -2.918458 -34.908981 -15.049928 -0.057887 9.532371 -9.708090 -1.397429 -18.828951 -7.305688 0.571395 2.407050 -18.812407 13.996844 -5.750202 8.175341 -15.743251 5.634095 -0.907565 -3.102937
-1.453164 -22.447773 10.890821 -10.409077 7.515331 -3.092878 9.768566 24.922188 -3.240870 -11.208540 -0.188480 -0.766691 -37.803528 -13.906274 -0.556556 10.040650 -9.363935 -0.145263 -15.923280 -4.968724 0.218578 2.973755 -18.384880 14.171052 -6.741096 8.614812 -14.082785 6.017944 -0.242947 -3.386738
-0.791544 -23.371086 10.227451 -13.863748 6.006407 -2.898201 10.681307 22.773933 -1.954812 -11.784449 -1.403154 0.237971 -40.042473 -12.554254 -1.238613 11.212845 -9.988825 1.788083 -13.187795 -3.700672 -0.827873 2.500293 -19.659342 12.888949 -6.641896 8.283053 -11.973683 7.978284 0.477419 -2.146098
-0.038745 -23.657362 9.522250 -16.839542 5.673042 -2.957678 11.264882 20.718044 -0.799946 -11.547653 -3.581879 0.932276 -41.527962 -10.782290 -0.715924 11.478031 -9.111512 4.324660 -10.240115 -1.661952 -1.941999 1.608024 -21.411240 11.874872 -6.662605 7.909626 -9.268554 10.101758 1.728897 -1.515218
0.249280 -23.453451 10.054232 -18.826643 4.878393 -3.215710 12.127645 18.177948 -0.209310 -11.716599 -6.199375 1.516497 -41.447632 -8.599247 0.796287 11.252077 -6.173812 5.278181 -8.199800 0.500495 -3.394480 1.003752 -22.994150 10.307991 -6.999213 6.658428 -7.533370 11.968261 2.238544 -0.866586
1.231678 -23.033686 9.939528 -19.508848 4.848847 -3.835785 12.334159 16.221285 -0.338735 -11.686984 -8.989531 1.861753 -40.623726 -6.266962 2.421221 11.445557 -2.994332 5.128630 -6.158999 2.024356 -4.226422 1.281945 -23.142900 9.138820 -7.977536 5.519018 -6.961741 12.543375 2.107527 -0.629106
0.832547 -22.277777 9.141152 -19.659693 5.504962 -4.447849 12.124876 14.770720 -0.786217 -11.419125 -10.728466 1.354049 -39.782787 -4.416855 3.766723 11.113974 -0.413575 4.808261 -5.036654 1.692792 -5.072382 2.034233 -22.593788 8.647994 -9.307881 5.215618 -6.723541 12.100115 1.631366 -0.178355
0.382616 -21.574881 8.362695 -19.886164 6.294990 -4.478453 11.832830 13.500298 -1.217495 -10.987442 -12.036861 0.772230 -38.716301 -3.032194 4.998091 10.745865 1.606191 4.648207 -4.610373 1.511689 -5.559125 2.698605 -21.705481 8.076150 -10.248624 4.997376 -6.407671 12.307449 1.598780 -0.050310
0.366062 -20.885563 7.722509 -20.472425 7.042215 -4.420041 11.248252 12.189597 -1.097467 -10.540689 -12.814281 0.488813 -37.883179 -2.101164 5.897228 10.981802 3.001093 4.313081 -4.275160 1.757576 -6.023838 3.168668 -21.293432 7.761159 -10.842349 4.702752 -5.798599 12.741466 1.584899 0.124619
0.266083 -20.563112 6.899132 -20.824436 7.528763 -4.452648 10.828039 11.455446 -1.169533 -10.301000 -13.170332 0.455399 -37.397785 -1.709054 6.247719 11.173017 3.435052 4.181748 -4.172423 1.994076 -5.924601 3.353466 -20.941740 7.087140 -11.121746 4.428386 -5.732006 13.238556 1.760973 0.137246
0.364193 -20.391607 6.581798 -21.055790 7.733372 -4.521147 10.608441 10.982449 -1.118553 -10.199743 -13.384330 0.464077 -37.080307 -1.458647 6.518297 11.192101 3.721428 4.133972 -4.124715 2.144664 -5.906234 3.553776 -20.607792 7.104952 -11.103562 4.409852 -5.397583 13.608556 1.875238 0.136402
0.347773 -20.370687 6.480180 -21.081415 7.808308 -4.491338 10.549751 10.837700 -1.134344 -10.151667 -13.466768 0.469817 -36.928730 -1.380363 6.626352 11.157092 3.846325 4.100356 -4.136576 2.185855 -5.954777 3.642315 -20.486002 7.088155 -11.113029 4.377824 -5.287441 13.738461 1.855650 0.218033
0.354410 -20.366932 6.462103 -21.079058 7.835072 -4.505492 10.534996 10.792002 -1.127524 -10.125864 -13.470835 0.467199 -36.878403 -1.395361 6.636397 11.177778 3.834557 4.082586 -4.152110 2.225306 -5.942774 3.646519 -20.462229 7.032036 -11.121990 4.368708 -5.334602 13.749913 1.854755 0.226172
0.375595 -20.332575 6.443139 -21.099985 7.874792 -4.513418 10.495373 10.719184 -1.114422 -10.109474 -13.483577 0.479458 -36.855209 -1.405965 6.648663 11.193489 3.809803 4.107266 -4.146770 2.278901 -5.928045 3.678374 -20.414413 6.949284 -11.150607 4.323951 -5.314694 13.837014 1.867251 0.261200
0.352440 -20.362368 6.354531 -21.122347 7.938455 -4.521769 10.447836 10.573421 -1.098770 -10.063675 -13.523628 0.509173 -36.761955 -1.383213 6.716856 11.187250 3.873036 4.084016 -4.161605 2.366423 -5.979559 3.663223 -20.476870 6.807743 -11.123296 4.271111 -5.321611 13.919976 1.835133 0.335937
0.355251 -20.321001 6.228128 -21.113548 8.056135 -4.510654 10.376488 10.355946 -1.154332 -10.002698 -13.620272 0.532711 -36.586273 -1.296138 6.889270 11.186040 4.104522 3.952796 -4.132519 2.444209 -6.007375 3.681074 -20.489416 6.647726 -11.034351 4.187284 -5.294099 14.094565 1.781405 0.438018
0.406456 -20.238886 6.097885 -21.097975 8.197257 -4.519619 10.298928 10.157245 -1.226218 -9.937190 -13.688149 0.554496 -36.400867 -1.234426 7.005754 11.217834 4.229488 3.890633 -4.136817 2.583111 -6.045418 3.683056 -20.518066 6.562778 -10.916276 4.152678 -5.148139 14.316504 1.790086 0.598510
0.384699 -20.198999 5.904239 -21.031603 8.389006 -4.551701 10.234499 9.948763 -1.350532 -9.840321 -13.764697 0.590370 -36.210941 -1.180437 7.121606 11.246842 4.317018 3.858611 -4.136181 2.756276 -6.005050 3.677647 -20.505949 6.071220 -10.924920 3.929852 -5.222729 14.589624 1.822324 0.796288
0.414869 -20.148634 5.786973 -21.033728 8.553932 -4.636260 10.159389 9.701891 -1.365389 -9.750103 -13.901006 0.683504 -35.954926 -1.081131 7.252810 11.267551 4.456121 3.748006 -4.146953 2.965546 -5.886020 3.854460 -20.247969 5.589194 -10.908527 3.740142 -5.230687 14.981691 1.836085 1.164529
0.425805 -20.113008 5.727890 -21.034266 8.688203 -4.722951 10.124710 9.428143 -1.338937 -9.642908 -14.033216 0.787456 -35.568256 -1.052391 7.391390 11.316223 4.575247 3.583578 -4.209526 3.269165 -5.736307 4.012868 -20.017727 5.087284 -10.904428 3.528088 -5.133499 15.449505 1.926678 1.636425
0.398356 -20.092566 5.658842 -20.944250 8.791116 -4.776566 10.130777 9.195750 -1.381591 -9.543609 -14.095189 0.880063 -35.350960 -1.016748 7.438031 11.370268 4.620070 3.548542 -4.250840 3.572870 -5.639322 4.200790 -19.724413 4.621390 -10.986794 3.289267 -5.228290 15.756718 1.902521 1.896440
0.354479 -20.066267 5.670225 -20.837421 8.916499 -4.887615 10.180382 8.900373 -1.379081 -9.392197 -14.109798 0.971425 -35.087219 -1.040860 7.547662 11.324227 4.758080 3.439939 -4.314634 3.870184 -5.547256 4.421169 -19.433920 4.216583 -11.159403 3.046066 -5.277498 16.003944 1.898987 2.155236
0.291691 -20.002943 5.677558 -20.670416 9.039830 -4.970014 10.262157 8.618300 -1.464009 -9.231857 -14.119085 1.105102 -34.896118 -1.054408 7.610219 11.470949 4.821754 3.350272 -4.283237 4.336649 -5.510162 4.522305 -19.270590 3.931901 -11.352828 2.872536 -5.554375 15.923709 1.828071 2.081539
0.246837 -19.985670 5.720045 -20.557236 9.086856 -5.012524 10.350705 8.366354 -1.506414 -9.118738 -14.174366 1.198253 -34.641663 -1.048682 7.698791 11.538496 4.924698 3.178873 -4.279029 4.619035 -5.498787 4.719583 -18.981829 3.512587 -11.574998 2.643330 -5.693386 16.051424 1.776137 2.283257
0.196668 -19.971691 5.623615 -20.436296 9.205893 -5.063922 10.399029 8.144943 -1.646467 -8.990854 -14.231686 1.258395 -34.448975 -1.061306 7.829145 11.500330 5.133790 2.920906 -4.281936 4.656035 -5.538285 4.685500 -18.934160 3.353035 -11.760051 2.650043 -5.943860 15.918324 1.773600 2.227934
0.123464 -19.960466 5.405087 -20.266989 9.319612 -5.097057 10.431365 8.014684 -1.843401 -8.858843 -14.286354 1.298046 -34.269051 -1.038915 7.934433 11.490246 5.315571 2.695177 -4.278823 4.706126 -5.568083 4.684780 -18.885599 3.290281 -11.807746 2.664267 -6.025439 15.899199 1.768499 2.263426
0.024202 -19.957987 5.164226 -20.075056 9.401017 -5.111506 10.464947 7.961453 -2.009971 -8.710879 -14.377438 1.286474 -34.061779 -1.024129 8.043136 11.455811 5.511755 2.399810 -4.276982 4.572180 -5.580452 4.636606 -18.778360 3.142498 -11.836879 2.750041 -6.338780 15.773829 1.736099 2.205738
-0.082516 -19.980583 4.926094 -19.921091 9.450888 -5.127972 10.515650 7.918724 -2.168699 -8.608306 -14.446831 1.267595 -33.887596 -1.011948 8.104766 11.477157 5.629858 2.193535 -4.278756 4.512068 -5.583632 4.583006 -18.729870 3.047255 -11.878140 2.797117 -6.629992 15.608294 1.695306 2.076691
-0.224597 -20.043051 4.611297 -19.714083 9.502341 -5.102286 10.570120 7.967860 -2.401457 -8.515842 -14.513050 1.184565 -33.662003 -0.956765 8.202910 11.426249 5.856638 1.931386 -4.319843 4.344371 -5.580012 4.536045 -18.676874 2.953297 -11.881573 2.852187 -6.851436 15.508135 1.672112 1.997750
-0.296290 -20.081615 4.458561 -19.619455 9.514076 -5.063469 10.581099 8.006643 -2.496310 -8.471093 -14.532554 1.130854 -33.520119 -0.954086 8.265289 11.393532 5.980320 1.790340 -4.356515 4.260883 -5.586996 4.502058 -18.678905 2.936590 -11.894221 2.874002 -6.981909 15.410144 1.644475 1.906045
-0.348698 -20.108099 4.375399 -19.547411 9.535855 -5.056932 10.594252 7.987081 -2.539953 -8.421566 -14.541443 1.104608 -33.437088 -0.953608 8.300717 11.385233 6.049219 1.711435 -4.375639 4.230754 -5.586833 4.471216 -18.665724 2.896685 -11.894357 2.902260 -7.095416 15.351133 1.631828 1.849113
-0.366527 -20.117044 4.366255 -19.536032 9.534179 -5.050417 10.601074 7.981570 -2.548595 -8.416994 -14.543823 1.102678 -33.427845 -0.951057 8.306808 11.383917 6.065635 1.695388 -4.371817 4.226020 -5.587138 4.471265 -18.670488 2.899837 -11.899935 2.898223 -7.097068 15.342852 1.631325 1.844856
-0.359457 -20.116957 4.343332 -19.537683 9.532548 -5.048165 10.594519 8.005167 -2.561999 -8.424918 -14.543175 1.098678 -33.432816 -0.949428 8.303853 11.381863 6.062177 1.697774 -4.373953 4.212821 -5.588829 4.465445 -18.668543 2.895983 -11.900250 2.903214 -7.117746 15.329705 1.626650 1.829690
-0.339325 -20.122574 4.319913 -19.568983 9.505019 -5.025813 10.582007 8.083435 -2.585543 -8.475398 -14.540336 1.107817 -33.498501 -0.946886 8.281563 11.371689 6.028283 1.740499 -4.357950 4.190721 -5.590713 4.471210 -18.685711 2.922721 -11.905362 2.888456 -7.092437 15.322557 1.622358 1.818512
-0.309864 -20.117626 4.311821 -19.605310 9.473937 -5.010334 10.564569 8.152747 -2.598871 -8.530399 -14.538824 1.111314 -33.563042 -0.941416 8.260320 11.353039 5.986822 1.796354 -4.350303 4.163294 -5.593163 4.480812 -18.703897 2.962027 -11.916616 2.871470 -7.058166 15.313910 1.619280 1.805328
-0.282642 -20.136299 4.300026 -19.654451 9.424746 -4.964746 10.543541 8.291872 -2.631269 -8.623713 -14.538261 1.114756 -33.653435 -0.932377 8.234488 11.317873 5.951498 1.858657 -4.334582 4.107857 -5.599389 4.475169 -18.741987 2.999917 -11.934154 2.851024 -7.048314 15.279724 1.611549 1.761953
-0.256126 -20.166132 4.284821 -19.686708 9.395587 -4.910916 10.498023 8.458524 -2.634008 -8.692210 -14.544075 1.113657 -33.708946 -0.919769 8.214301 11.281122 5.920221 1.906758 -4.322288 4.044316 -5.608047 4.474515 -18.841772 3.111099 -11.955848 2.796991 -6.963126 15.243771 1.600798 1.691323
-0.211368 -20.223827 4.278834 -19.724907 9.365294 -4.834496 10.438919 8.619413 -2.622041 -8.769145 -14.536160 1.121874 -33.816246 -0.912475 8.186401 11.253448 5.879526 1.979462 -4.302881 4.003871 -5.612849 4.480531 -18.915033 3.205466 -11.975572 2.755087 -6.898304 15.205589 1.583035 1.626404
-0.188708 -20.308851 4.275377 -19.760609 9.292647 -4.781494 10.421901 8.748866 -2.614936 -8.871019 -14.539520 1.103681 -33.915466 -0.893959 8.173888 11.202391 5.895731 2.010838 -4.303091 3.892374 -5.619575 4.483054 -18.971951 3.285475 -11.997600 2.726784 -6.851373 15.153675 1.568536 1.550811
-0.320865 -20.497194 4.191463 -19.765505 9.210586 -4.653534 10.439445 8.966225 -2.693105 -9.013647 -14.518024 1.062284 -34.103546 -0.867146 8.109644 11.198399 5.844912 2.098578 -4.274436 3.734041 -5.525844 4.454823 -18.980730 3.302098 -11.994892 2.737300 -6.955753 15.064453 1.585776 1.384863
-0.414808 -20.739115 4.234744 -19.912012 9.028353 -4.466991 10.417633 9.264334 -2.619481 -9.255826 -14.505724 0.994420 -34.359604 -0.773961 8.034557 11.215569 5.811551 2.195330 -4.184582 3.504748 -5.454504 4.437732 -19.002409 3.334121 -12.006564 2.732734 -7.027271 14.983774 1.592626 1.250329
-0.531113 -21.052803 4.312175 -20.063644 8.743436 -4.158973 10.433645 9.655905 -2.579711 -9.588774 -14.464180 0.885785 -34.642666 -0.743317 7.923141 11.329990 5.664093 2.387759 -4.117306 3.319585 -5.374516 4.358403 -19.097496 3.396856 -11.954978 2.749979 -7.120163 14.901226 1.619795 1.050724
-0.716875 -21.379528 4.355778 -20.177935 8.502706 -3.851415 10.490637 10.048298 -2.562473 -9.846917 -14.356183 0.727884 -34.913826 -0.722803 7.837177 11.466355 5.581062 2.440129 -4.058241 3.005115 -5.302136 4.288196 -19.118189 3.394063 -11.907258 2.798481 -7.278349 14.816639 1.639756 0.886599
-0.950885 -21.632301 4.411976 -20.247030 8.215347 -3.540553 10.610011 10.481803 -2.623040 -10.129053 -14.147264 0.593344 -35.281746 -0.763491 7.683784 11.637348 5.377007 2.554601 -3.963894 2.728307 -5.182486 4.149275 -19.237715 3.458868 -11.793428 2.866635 -7.447668 14.717917 1.695572 0.620181
-1.080176 -22.016466 4.568302 -20.349726 7.793501 -3.146817 10.742120 10.964111 -2.538546 -10.407963 -13.991456 0.454492 -35.747147 -0.698388 7.523311 11.760984 5.252080 2.686261 -3.844576 2.380979 -5.030342 3.908128 -19.441477 3.629413 -11.569261 3.044614 -7.631440 14.594069 1.802365 0.301930
-1.243328 -22.513536 4.947808 -20.247572 7.391025 -2.817688 10.995288 11.424057 -2.412953 -10.646654 -13.776936 0.348845 -36.110371 -0.720474 7.345048 11.991816 5.046589 2.738412 -3.734117 2.155409 -4.868693 3.617117 -19.608252 3.687503 -11.306569 3.286740 -7.969329 14.459471 1.914711 -0.049830
-3.382419 -21.944376 8.280530 -11.777811 20.421257 0.771166 7.554123 20.026100 3.535468 3.367679 -5.598628 -0.131887 -27.962334 -7.597011 8.318959 5.421601 -6.782709 2.212539 -21.313044 1.887789 3.333849 5.059343 -13.002707 13.527114 -8.292590 4.790878 -11.434319 9.927373 0.050137 -0.121418
-3.351030 -21.972029 8.416985 -11.383954 20.199341 1.154083 7.574200 20.669258 3.286830 3.122525 -5.030580 -0.238173 -28.146872 -8.068597 8.077349 5.901059 -7.196316 1.751983 -21.444223 1.488618 3.721330 4.715951 -13.062606 13.501418 -7.930224 5.101220 -11.982097 9.759249 0.253205 -0.578317
-3.295893 -21.960108 8.386737 -10.618595 20.149288 1.254158 7.728573 20.982128 2.808298 3.106559 -4.359666 -0.345692 -28.355915 -8.426169 7.830677 6.478692 -7.632226 1.432884 -21.354372 1.265333 4.039646 4.514886 -13.021015 13.447669 -7.678258 5.305544 -12.438130 9.656765 0.380607 -0.889897
-2.950779 -21.755262 8.125196 -10.034470 20.148506 1.391909 7.674119 21.587215 2.333469 2.972232 -3.590084 -0.533597 -28.383141 -8.766355 7.657377 7.041368 -7.991355 0.991025 -21.329958 0.975795 4.398097 4.374733 -12.845308 13.299668 -7.387878 5.484509 -13.018518 9.588221 0.451062 -1.183060
-2.136377 -21.317528 7.657509 -9.361069 20.397724 1.190867 7.540609 22.199448 1.765658 2.992084 -3.000834 -0.878127 -27.919456 -9.005542 7.759885 7.346065 -8.084638 0.476825 -21.465889 0.666273 4.780941 4.270765 -12.607059 13.046992 -7.095293 5.600274 -13.745597 9.491958 0.445722 -1.471061
0.677049 -20.543427 7.347790 -6.643491 19.309294 -3.316046 6.391548 22.127182 -0.874506 0.598960 -4.154977 -6.293437 -26.285074 -7.980464 4.843690 10.322595 -3.153017 2.229094 -19.652229 -1.094853 6.812447 5.849777 -13.765355 11.786692 -5.623713 3.703519 -14.093947 10.142855 0.911137 -2.073263
1.629908 -19.152555 7.166058 -6.072064 19.449051 -4.580275 6.282444 22.339046 -2.014673 0.115186 -3.877429 -7.254182 -25.635162 -7.874531 5.027597 10.895052 -2.565859 2.002500 -19.457216 -1.903714 7.517871 6.024484 -13.579415 11.191065 -5.434999 2.840690 -14.550979 10.482898 0.894669 -2.074170
1.590498 -18.668194 6.926137 -5.732100 19.709007 -4.959029 6.262266 22.770138 -2.764727 -0.152865 -3.827922 -7.719280 -24.957550 -8.026565 5.321526 10.570543 -2.281341 1.761592 -20.003098 -2.408570 7.985878 6.524098 -13.151304 10.872998 -5.413265 2.590203 -15.525084 10.129396 0.400774 -2.238165
0.810816 -18.313288 6.458345 -5.518165 20.289928 -5.186373 6.309089 22.635199 -3.104539 0.337723 -4.205400 -8.019597 -24.135773 -7.839597 5.871457 9.933580 -1.825827 1.457372 -20.623529 -2.948110 8.230824 6.846640 -12.618399 10.548164 -5.565268 2.256199 -16.136789 10.103370 0.036119 -2.432290
-0.073116 -18.173849 5.815686 -5.143203 20.781702 -5.415685 6.299908 22.222464 -3.458122 0.842459 -4.728105 -8.162814 -23.458729 -7.539438 6.307219 9.289524 -1.217837 1.380935 -21.169596 -3.112260 8.442262 7.199913 -12.136370 10.166037 -5.689376 1.941180 -16.664034 10.079895 -0.296734 -2.491052
-1.020496 -18.170889 5.342165 -4.814991 21.093117 -5.684209 6.387827 21.666622 -3.791945 1.165746 -5.415007 -8.184965 -22.572140 -7.198254 6.839611 8.707850 -0.371426 1.096625 -21.599833 -2.986854 8.541270 7.591884 -11.759021 9.835112 -5.902894 1.552791 -16.921268 10.075928 -0.642370 -2.342794
-2.024173 -18.353468 5.043328 -4.467196 21.417713 -5.919340 6.631094 21.056940 -4.211546 1.365425 -5.961795 -8.090447 -22.189037 -6.933527 7.098729 8.366761 0.086234 1.048711 -21.762312 -2.763510 8.638945 8.037294 -11.325769 9.399006 -6.156908 1.133790 -17.171169 10.069363 -1.006479 -1.982265
-3.165867 -18.814608 5.030186 -4.220743 21.506567 -6.259206 7.031917 20.171310 -4.419693 1.482152 -6.531217 -8.025188 -21.460667 -6.624416 7.443355 8.244953 0.761894 0.699021 -21.862478 -2.391705 8.612946 8.408068 -10.963159 9.044620 -6.466689 0.772266 -17.274704 10.051670 -1.305907 -1.598589
-4.518594 -19.312956 4.954596 -3.731618 21.422880 -6.603837 7.593855 19.106291 -4.816917 1.524655 -7.126092 -7.906508 -20.724756 -6.270325 7.791978 8.303341 1.347727 0.326926 -21.845407 -1.909178 8.544408 8.654269 -10.739048 8.756083 -6.738927 0.512199 -17.298132 10.027702 -1.488265 -1.206109
-5.624085 -19.851683 5.056139 -3.394677 21.281248 -6.816085 8.106846 18.062620 -5.039583 1.522255 -7.745266 -7.793712 -19.906223 -5.837758 8.303962 8.335788 2.002518 -0.035705 -21.862116 -1.401905 8.559816 8.863613 -10.421547 8.349483 -7.012124 0.435769 -17.410551 9.964406 -1.570207 -0.588618
-6.522749 -20.379503 5.063765 -3.066684 21.140930 -7.018660 8.585796 17.220522 -5.317188 1.489206 -8.183683 -7.763790 -19.179012 -5.528104 8.716398 8.289026 2.656209 -0.349144 -21.925591 -1.023531 8.632174 9.015567 -10.043839 7.872213 -7.271852 0.424551 -17.593750 9.950157 -1.574479 0.062972
-7.319315 -20.582361 4.686310 -2.883088 21.175350 -7.118693 8.831284 16.388948 -5.627467 1.657905 -8.594037 -7.663241 -18.511303 -5.284516 9.102775 8.239288 3.239718 -0.657724 -21.950891 -0.564170 8.773571 9.198785 -9.522430 7.373596 -7.512125 0.487288 -17.741901 9.945824 -1.511057 0.948404
-8.012530 -20.625608 4.061544 -2.708440 21.432686 -7.218192 8.981066 15.630899 -6.053807 1.964082 -8.806966 -7.565584 -17.871891 -5.216008 9.368043 8.301648 3.697413 -1.144680 -22.101131 -0.193766 8.954659 9.412074 -8.973106 6.874318 -7.782966 0.553604 -17.919184 9.940459 -1.455810 1.840890
-8.652509 -20.535542 3.248883 -2.568639 21.844568 -7.318139 9.073245 14.919317 -6.590984 2.320486 -8.994945 -7.455597 -17.023388 -5.173291 9.737475 8.376567 4.336555 -1.843527 -22.223795 0.313403 9.107306 9.553647 -8.561754 6.465213 -7.978771 0.610405 -18.081305 9.937306 -1.401501 2.532327
-9.112976 -20.380325 2.464456 -2.510071 22.268929 -7.413868 9.088840 14.281275 -7.013412 2.702369 -9.114460 -7.460277 -16.002007 -5.182256 10.219684 8.334263 5.113432 -2.747498 -22.538321 0.596588 9.229382 9.700534 -8.198818 6.177790 -8.150696 0.651203 -18.201761 9.914922 -1.391909 3.137116
-9.561389 -20.239536 1.770439 -2.327939 22.667362 -7.433630 9.080008 13.916397 -7.489189 2.975117 -9.123420 -7.463084 -15.337547 -5.181623 10.557565 8.367172 5.540170 -3.398383 -22.705864 0.741743 9.335170 9.834998 -7.904714 5.988964 -8.295891 0.694338 -18.274353 9.895129 -1.380535 3.619400
-9.776960 -20.105116 1.127509 -2.133097 23.002613 -7.431317 9.034675 13.739082 -7.921362 3.187554 -9.136948 -7.465913 -14.847546 -5.208652 10.785092 8.382425 5.902436 -3.844503 -22.836988 0.891365 9.436474 9.965817 -7.605797 5.792909 -8.438371 0.726529 -18.364122 9.882896 -1.375797 4.071811
-9.864859 -19.982456 0.700473 -2.028262 23.210394 -7.432714 8.986475 13.580663 -8.174119 3.351263 -9.140725 -7.476235 -14.419026 -5.232174 10.997939 8.393820 6.248556 -4.229595 -22.976213 1.015653 9.513406 10.039367 -7.410575 5.649414 -8.522798 0.761484 -18.434574 9.883249 -1.356270 4.358091
-9.895099 -19.892698 0.451637 -1.965576 23.329372 -7.442328 8.942248 13.528506 -8.319568 3.438379 -9.199961 -7.472272 -14.144038 -5.240745 11.113950 8.412142 6.502548 -4.424539 -23.030535 1.130774 9.548651 10.064576 -7.330358 5.585461 -8.551899 0.790981 -18.462063 9.880683 -1.332597 4.478187
-9.914917 -19.852762 0.338323 -1.916553 23.391813 -7.437959 8.923398 13.522253 -8.393050 3.484308 -9.200217 -7.467139 -14.061041 -5.240557 11.145989 8.407446 6.558258 -4.490829 -23.036438 1.174539 9.553545 10.100202 -7.286612 5.602343 -8.581885 0.784322 -18.432495 9.881749 -1.337982 4.555685
-9.891663 -19.832067 0.305695 -1.909471 23.403008 -7.437269 8.910461 13.523743 -8.403159 3.498959 -9.203876 -7.459224 -14.040179 -5.234004 11.163991 8.400558 6.595047 -4.492018 -23.028843 1.220637 9.565269 10.102027 -7.267186 5.586909 -8.590798 0.794038 -18.446451 9.880195 -1.331491 4.579047
