-1.203148 -6.845016 -4.125837 -14.099318 19.049829 -7.120918 15.762323 -11.355492 -10.402521 -13.163793 -22.084068 6.716404 -10.217382 1.190968 9.564210 10.012180 19.583094 -0.000616 -16.021646 0.750030 7.095516 5.123509 -4.227830 8.493650 -19.885731 -7.306071 -7.906105 11.389267 -8.599245 11.880494
-1.310247 -6.757608 -4.119391 -14.177584 19.026775 -7.213083 15.630272 -11.349623 -10.370097 -13.316560 -22.169441 6.818326 -10.298587 1.374293 9.595487 9.996998 19.805691 0.016834 -15.933723 0.858367 7.054516 5.132001 -4.361724 8.411784 -19.956772 -7.336997 -7.861376 11.368018 -8.608349 11.948206
-1.481871 -6.666682 -4.074635 -14.374838 18.935255 -7.366793 15.395197 -11.262198 -10.255080 -13.590498 -22.343620 6.975111 -10.437284 1.561292 9.483140 9.994190 20.113150 0.077176 -15.788879 1.087269 7.035738 5.054708 -4.574398 8.264594 -19.982634 -7.349837 -7.830783 11.387312 -8.563330 12.046865
-1.651514 -6.633415 -3.983471 -14.531260 18.785229 -7.574224 15.131968 -11.211213 -10.087285 -13.923401 -22.484785 7.212625 -10.734182 1.801859 9.489846 9.848735 20.520391 0.197242 -15.577629 1.390987 6.896511 5.037394 -4.875018 8.190730 -20.128933 -7.428620 -7.657888 11.351347 -8.559884 12.234686
-1.902112 -6.496960 -3.795032 -14.740454 18.554811 -7.833229 14.745220 -10.909446 -9.961857 -14.396023 -22.717833 7.598277 -10.991736 2.102431 9.609360 9.678751 20.863298 0.421311 -15.348165 1.871312 6.713238 4.832850 -5.331886 7.972545 -20.226837 -7.472237 -7.482243 11.391535 -8.438953 12.558155
-2.425848 -6.361651 -3.326719 -15.119461 18.146019 -8.114799 14.289093 -10.465601 -9.705728 -15.004835 -22.938549 7.905474 -11.346213 2.449418 9.612575 9.535440 21.076658 0.807456 -15.072191 2.171683 6.509489 4.695148 -5.884524 7.777372 -20.412853 -7.592233 -7.319988 11.299019 -8.397073 12.755005
-2.704134 -6.228577 -3.124001 -15.587479 17.852617 -8.429568 13.766336 -10.072487 -9.392897 -15.569121 -23.106190 8.258800 -12.040364 2.842773 9.615539 9.250521 21.161533 1.347259 -14.708381 2.491657 6.271373 4.495914 -6.412168 7.527837 -20.562529 -7.661432 -7.108202 11.312488 -8.260242 13.117655
-2.840294 -6.163248 -3.023000 -16.173384 17.614674 -8.447422 13.136305 -9.482296 -9.164056 -16.071890 -23.372217 8.580749 -12.742936 2.992134 9.266520 8.922096 20.905626 2.043522 -14.416923 2.633425 6.041102 4.121717 -6.964586 7.284666 -20.720314 -7.738285 -6.955334 11.354687 -8.097039 13.266328
-2.905862 -6.055081 -3.106828 -16.821850 17.757050 -8.382668 12.166664 -8.827184 -9.015510 -16.446020 -23.689030 8.953399 -13.327769 3.071528 8.818163 8.686684 20.478903 2.764663 -14.228877 2.897617 5.843658 3.803175 -7.475426 6.911923 -20.828728 -7.733686 -6.865525 11.340157 -7.931846 13.368715
-2.922550 -5.955827 -3.162033 -17.504980 17.717146 -8.291930 11.411078 -8.212337 -8.852058 -16.937555 -23.946772 9.228270 -14.050548 3.073917 8.129338 8.426038 20.116798 3.514594 -14.028874 3.277557 5.679284 3.542266 -8.084164 6.589283 -20.922235 -7.729095 -6.794937 11.239304 -7.812550 13.448719
-2.893196 -6.055846 -3.369864 -18.000113 17.538458 -8.215101 10.881943 -7.503105 -8.733734 -17.390987 -24.205235 9.309201 -14.531550 2.743611 7.559443 7.880218 19.908222 4.329953 -13.971421 3.389807 5.578695 3.114029 -8.476397 6.371913 -20.898090 -7.609626 -6.639708 11.320220 -7.557612 13.826641
-2.801697 -6.155439 -3.523606 -18.286180 17.465569 -7.865732 10.455919 -6.931807 -8.787390 -17.827019 -24.507641 9.434886 -15.132485 2.718958 6.960057 7.513439 19.480532 5.035530 -13.940363 3.230549 5.516251 2.661541 -8.979296 6.184857 -20.866854 -7.421122 -6.465259 11.278864 -7.353323 14.119995
-2.737100 -6.124289 -3.793994 -18.650557 17.363340 -7.853357 9.919637 -6.216218 -8.840967 -18.228193 -24.719120 9.529393 -15.671515 2.539746 6.498261 7.113435 18.875010 5.815122 -13.987242 3.080705 5.405238 2.330719 -9.516459 6.023978 -20.925064 -7.263415 -6.204820 11.186888 -7.171899 14.429276
-2.799329 -6.149937 -3.785183 -18.871134 17.276165 -7.883809 9.476438 -5.620908 -8.754790 -18.665567 -25.150009 9.666713 -16.218697 2.494679 5.863945 6.772188 18.247129 6.635914 -13.944215 2.976401 5.361977 2.047548 -9.874109 5.970052 -20.887348 -7.108791 -6.036894 11.115297 -7.030707 14.707447
-2.775626 -6.193272 -3.780537 -19.051031 17.193363 -7.967636 9.022509 -5.191753 -8.575934 -19.014082 -25.172285 9.634738 -16.685423 2.381517 5.519668 6.604025 17.893772 7.043893 -13.962277 2.710124 5.245066 1.812075 -10.247311 5.983059 -20.939196 -6.983423 -5.821964 11.027496 -6.885406 14.873241
-2.793490 -6.301561 -3.635859 -19.089630 17.098671 -7.882576 8.719603 -4.866390 -8.410244 -19.237892 -25.177040 9.647462 -17.002651 2.296469 5.337738 6.479168 17.616699 7.228837 -14.011988 2.360844 5.168954 1.590560 -10.433342 5.994972 -20.946110 -6.859891 -5.724879 10.999026 -6.762562 14.957073
-2.729970 -6.414319 -3.517730 -19.092680 17.018053 -7.728110 8.583359 -4.734743 -8.273641 -19.353148 -25.309799 9.578584 -17.212755 2.219606 4.950841 6.405193 17.328165 7.477980 -14.023015 2.029025 5.192752 1.396721 -10.498615 5.977837 -20.883289 -6.724496 -5.786831 10.974190 -6.682295 14.945440
-2.642924 -6.409912 -3.428372 -19.087402 17.003225 -7.663990 8.509321 -4.689307 -8.185265 -19.415102 -25.547497 9.552847 -17.338127 2.185676 4.540472 6.341741 17.089510 7.773293 -14.019939 1.813471 5.145362 1.282700 -10.579122 5.972684 -20.898785 -6.616014 -5.754996 10.932858 -6.599744 14.941490
-2.601939 -6.418184 -3.346683 -19.058405 16.975248 -7.628041 8.489969 -4.609944 -8.137879 -19.428467 -25.541838 9.463899 -17.398773 2.131203 4.392317 6.327144 16.988697 7.857111 -14.048293 1.606188 5.167222 1.214720 -10.639137 5.929069 -20.889717 -6.579272 -5.766224 10.922501 -6.552972 14.920341
-2.570178 -6.389387 -3.295538 -19.050234 16.974066 -7.638160 8.457108 -4.590742 -8.113086 -19.453920 -25.551214 9.448135 -17.444775 2.127675 4.304012 6.324579 16.945066 7.906177 -14.047259 1.544778 5.152729 1.186097 -10.689763 5.916423 -20.919373 -6.558824 -5.759720 10.884111 -6.538135 14.934969
-2.536055 -6.185310 -3.321937 -18.968515 17.226250 -7.700144 8.393127 -4.677725 -8.185852 -19.320936 -25.632597 9.459716 -17.194363 2.116317 4.415625 6.334246 16.992807 7.693036 -14.110972 1.545260 5.281568 1.254934 -10.589266 5.792037 -20.865654 -6.570933 -5.952073 10.853783 -6.589934 14.829572
-2.356091 -5.449027 -3.277200 -18.730972 17.886581 -8.045242 8.193081 -4.955904 -8.368653 -18.965494 -25.859085 9.459533 -16.558975 1.981549 4.699267 6.330127 17.026796 7.408812 -14.191064 1.793311 5.612883 1.441181 -10.370401 5.450291 -20.787603 -6.614372 -6.431884 10.754095 -6.679844 14.493281
-1.669170 -4.567719 -3.445574 -18.317095 18.794346 -8.596078 7.858860 -5.471669 -8.634856 -18.274918 -26.474798 9.298106 -15.079627 1.712317 4.954640 6.443755 17.214989 6.890623 -14.446681 2.309975 6.061761 1.997600 -10.162065 4.942840 -20.857258 -6.700855 -7.148381 10.304796 -6.929565 13.674871
-0.544850 -3.723653 -4.080050 -17.885632 19.971706 -9.189562 7.724864 -6.447783 -8.882518 -17.300783 -26.859058 9.082326 -13.286281 1.660254 5.587420 6.880580 17.348383 6.027412 -14.761540 3.200436 6.699043 3.063876 -9.732196 4.627544 -21.006432 -6.884984 -7.912724 9.668634 -7.317803 12.675167
0.365760 -2.613608 -4.758394 -17.078552 21.450222 -10.178867 7.790809 -7.412468 -9.339707 -15.932813 -27.155441 8.943720 -11.139812 1.595364 6.376828 7.390504 16.821484 5.144648 -15.459191 4.296774 7.671902 5.063021 -9.109502 4.527227 -20.984638 -6.859388 -8.959907 8.467141 -7.799786 11.298847
1.312961 -1.344333 -4.558836 -15.540432 22.768080 -10.037950 8.308729 -8.250566 -10.283165 -14.199278 -26.873299 8.121212 -8.811906 1.316077 7.500401 7.929976 16.012852 4.179133 -16.323980 6.165282 8.832129 7.303841 -8.422167 4.717446 -20.661331 -6.756810 -9.836023 7.254718 -8.504787 9.856546
1.903491 0.004715 -4.249974 -13.557619 23.945553 -10.257392 8.890981 -8.339378 -11.380357 -12.630654 -26.273214 6.616701 -6.417099 0.282264 8.808230 7.635890 15.656590 3.708604 -17.424410 7.733077 9.858932 9.642694 -7.452134 5.453744 -20.067879 -6.532582 -10.498526 6.075757 -9.360487 8.368419
4.092254 -0.118052 -5.006409 -10.958325 24.063084 -12.147891 9.495236 -7.044856 -13.208959 -11.112405 -23.665483 3.988761 -5.590028 -1.035394 12.028639 5.925558 17.314667 2.997283 -18.558504 10.073792 11.245205 12.669635 -7.421110 6.677159 -18.270218 -4.754753 -11.214096 4.315035 -9.234363 6.641841
7.725467 -0.412217 -5.860125 -7.947913 23.445004 -14.562443 10.484786 -5.146624 -15.052972 -10.163088 -19.864662 0.665117 -5.855838 -3.091938 15.529780 3.116996 19.398169 3.535613 -19.426720 12.144018 12.090175 15.628894 -7.760983 8.441788 -16.239319 -2.969051 -11.522544 3.121607 -8.837721 5.016816
11.766860 -0.161349 -6.093076 -5.603332 22.723465 -16.567381 12.205747 -4.100587 -15.870749 -9.088366 -16.640274 -1.672416 -6.170020 -4.352386 19.367863 0.824650 20.823954 3.622485 -20.292770 12.735086 11.791221 16.966478 -7.644244 11.310462 -14.779909 -2.052902 -10.356682 2.464376 -8.932523 3.534872
14.158245 0.505958 -6.033794 -4.048010 22.471582 -17.583624 13.222317 -3.926503 -16.156483 -8.271282 -14.953537 -3.422847 -6.290299 -4.895859 21.589764 -0.556677 21.185690 3.533705 -20.845549 11.843920 11.323801 17.657276 -6.424349 14.578424 -13.868848 -1.601006 -9.238999 2.430265 -9.012150 2.687325
16.477375 1.295016 -6.734263 -2.977419 22.782652 -19.027309 14.657175 -2.995783 -16.748920 -6.212160 -13.158945 -6.171729 -5.151585 -6.297105 22.485727 -1.493414 20.599230 3.762721 -21.970448 11.389931 11.226477 17.401648 -5.528828 17.023180 -13.568653 -1.864484 -8.822825 2.686725 -9.156824 0.793205
18.823475 1.686796 -7.193315 -2.375214 22.889574 -19.144629 16.971073 -1.929034 -16.844433 -3.805947 -12.580123 -8.551645 -2.877012 -8.105674 22.729763 -1.836453 19.176884 3.313018 -23.892157 10.667879 10.439735 17.115280 -5.066296 18.879440 -13.376150 -2.286193 -8.505542 3.068862 -9.165469 -1.434352
20.397463 1.748046 -7.457878 -1.774235 22.859980 -18.872435 19.499092 -1.381750 -17.276270 -1.362404 -12.460919 -9.952588 -1.170215 -9.110913 22.876806 -2.367610 16.298033 2.992390 -26.173872 9.436611 9.908468 15.677545 -4.558752 20.241304 -13.730594 -2.276082 -8.357040 3.211714 -8.839864 -2.559375
20.766367 0.890061 -7.344676 -1.366266 22.002272 -19.023928 22.310114 -0.966125 -17.551968 0.108006 -12.660953 -10.950237 0.170668 -9.711970 23.136581 -3.079858 12.925585 3.877197 -28.177053 7.459331 9.454871 13.273362 -4.329005 22.063192 -14.631313 -1.888862 -8.223186 3.317846 -8.405408 -2.568822
20.448069 -0.720067 -7.057042 -0.715222 20.347212 -19.608942 25.219513 -1.185999 -17.695553 1.038241 -12.452240 -11.266122 0.623108 -9.874356 23.546747 -3.842681 10.438718 5.341919 -29.056467 5.679141 9.073971 11.313954 -4.158360 23.305830 -15.408191 -1.549258 -8.119819 3.073004 -8.007376 -2.146519
20.208374 -1.954446 -6.888456 -0.496582 19.190620 -20.617373 27.496798 -1.711877 -17.497845 1.751004 -11.895771 -11.399628 0.297043 -10.031505 24.398613 -4.744388 8.896034 6.693253 -29.462475 4.308117 9.039457 10.289353 -4.194425 23.849043 -15.795680 -1.006435 -8.465554 2.625434 -7.217940 -1.875896
19.917299 -2.824131 -6.950967 -0.647385 18.508228 -21.288441 28.873178 -2.169838 -17.203375 2.149071 -11.715998 -10.738818 -0.350593 -9.958850 24.045572 -4.385941 7.300938 6.856124 -29.428751 3.413711 9.192642 9.355305 -3.697591 23.828074 -16.069353 -0.574033 -9.128570 2.585815 -6.518925 -1.199355
19.804979 -3.439686 -6.906914 -0.899348 18.010479 -21.660959 29.482719 -2.302916 -17.031124 2.249005 -11.263700 -10.596449 -0.900858 -9.861905 24.263294 -4.225214 6.540000 7.009696 -29.292521 3.018915 9.094398 8.729141 -3.531876 24.132141 -16.295685 -0.383757 -9.248483 2.510493 -6.215061 -0.909060
19.764883 -3.719211 -6.993566 -0.974829 17.829369 -21.738903 29.713242 -2.483052 -17.026176 2.320356 -11.069294 -10.548820 -1.150523 -9.822853 24.342140 -4.131350 6.330389 6.994697 -29.246439 2.875523 9.021289 8.411757 -3.548231 24.312551 -16.529146 -0.347209 -9.314755 2.371002 -6.172147 -0.859543
19.749147 -3.731879 -6.958469 -0.992175 17.801912 -21.756197 29.806433 -2.507629 -17.019892 2.388763 -11.041934 -10.507020 -1.111550 -9.820992 24.413643 -4.114685 6.200690 6.922997 -29.313707 2.862961 9.027512 8.369963 -3.481492 24.325964 -16.552952 -0.327952 -9.402326 2.370797 -6.164856 -0.833551
19.771101 -3.767205 -6.872890 -1.015244 17.730511 -21.871658 30.046446 -2.524201 -16.984657 2.572174 -10.937434 -10.239367 -1.083447 -9.838205 24.565235 -4.087131 6.009226 6.544950 -29.481213 2.706467 9.194782 8.449561 -3.202978 24.173861 -16.468590 -0.330344 -9.807401 2.416938 -6.138861 -1.020590
19.781065 -3.783345 -6.690676 -1.024342 17.614431 -21.991261 30.381718 -2.506307 -16.958490 2.841365 -10.666165 -10.092378 -1.042248 -9.930034 24.908363 -3.892252 5.666091 6.171621 -29.650610 2.699204 9.378613 8.557448 -2.765595 24.026915 -16.317272 -0.347418 -10.313723 2.543768 -6.140049 -1.247282
19.788313 -3.759948 -6.344846 -1.016645 17.475899 -22.203352 30.812420 -2.505779 -16.847775 3.152936 -10.192266 -9.855100 -1.010131 -10.043099 25.458254 -3.683439 5.192609 5.782190 -29.849863 2.704662 9.485774 8.579849 -2.294853 24.067423 -16.137434 -0.221498 -10.655974 2.641175 -6.095491 -1.058318
19.687006 -3.748502 -5.881207 -1.063835 17.258570 -22.405087 31.220783 -2.485701 -16.709478 3.405546 -9.567013 -9.569826 -1.149843 -10.042409 26.242344 -3.397938 4.539802 5.521740 -29.976988 2.768362 9.767311 8.816798 -1.663502 23.659803 -15.811479 -0.071937 -11.160843 3.083351 -5.947896 -0.598518
19.605103 -3.931914 -5.254795 -1.062733 16.858997 -22.456438 31.675148 -2.466051 -16.578133 3.565320 -8.975535 -8.890964 -1.555640 -9.982177 26.776941 -2.648365 3.766058 4.861650 -29.973778 2.805490 9.941298 8.899381 -0.972174 23.291790 -15.455808 0.082181 -11.754511 3.713915 -5.709634 -0.095351
19.581125 -4.140558 -4.502039 -1.107537 16.368345 -22.644348 32.179512 -2.473031 -16.365406 3.751712 -8.125964 -8.350204 -2.079888 -9.829661 27.420395 -1.949753 2.812042 4.413307 -29.821787 2.907900 10.116487 8.945266 0.168503 23.318548 -15.152467 0.386985 -12.355454 4.101418 -5.544718 0.743983
19.677013 -4.316104 -3.681610 -1.050854 15.894429 -22.716309 32.656303 -2.458232 -16.158005 3.867306 -6.848252 -7.871806 -2.622058 -9.587409 28.342220 -1.441566 1.797396 3.998206 -29.600803 3.230134 10.136475 8.850956 0.877250 22.933758 -14.638066 0.558062 -13.138238 4.749098 -5.298223 1.301589
19.658092 -4.513528 -2.862701 -1.011365 15.386390 -22.889502 33.061821 -2.479319 -15.965421 3.953040 -6.057211 -7.864242 -3.303176 -9.690646 28.403526 -1.006097 1.261912 4.174989 -29.288631 3.370219 10.465443 8.643840 1.442101 22.634272 -14.201505 0.825247 -13.645947 5.013421 -5.083512 1.769214
19.716860 -4.760448 -2.018524 -1.048946 14.841113 -22.974213 33.540504 -2.342068 -15.756950 4.050950 -4.867690 -7.252435 -4.406000 -9.493152 29.518494 -0.994793 1.035113 4.165409 -28.947182 3.545311 10.767622 7.874352 1.736343 22.210632 -13.777975 1.070771 -14.412189 5.547453 -4.679049 2.277976
19.509233 -5.036307 -1.161974 -1.267607 14.278541 -23.138102 34.102230 -2.210662 -15.555284 4.251633 -3.880239 -7.393911 -5.354315 -9.911489 30.334450 -1.387684 1.271011 5.068496 -28.689198 3.824885 11.004635 6.956657 2.335548 22.238262 -13.449999 1.387604 -14.953044 5.941782 -4.311802 3.097490
19.249784 -5.492726 -0.539564 -1.517838 13.538383 -23.058210 34.556534 -2.016092 -15.366950 4.298499 -3.194401 -7.793608 -6.202651 -10.631551 30.778215 -1.685143 1.498437 6.394278 -28.526590 4.307698 11.184288 6.476014 3.000937 22.754641 -13.031972 1.850389 -15.111690 6.204184 -4.218042 3.714479
18.956347 -6.004450 -0.041338 -1.647835 12.701692 -22.923090 35.121223 -1.912626 -15.175654 4.383652 -2.533998 -7.752000 -6.831267 -10.781955 31.304573 -1.782346 1.566477 7.154978 -28.348158 4.775705 11.386565 5.980093 3.494684 23.074795 -12.818669 2.172909 -15.298913 6.335524 -4.136545 4.143855
18.623598 -6.620145 0.461238 -1.460750 11.799426 -22.721178 35.749092 -1.993634 -15.089018 4.499542 -1.958724 -7.626806 -7.408087 -11.066878 31.326534 -1.668164 1.710731 7.842925 -28.022928 5.366361 11.646551 5.879792 3.831719 23.149569 -12.284206 2.421896 -15.194331 6.865930 -3.991062 4.454108
18.538486 -7.355315 0.978726 -1.010454 10.939467 -22.446125 36.416836 -2.110930 -15.142203 4.510281 -0.947511 -7.827332 -8.050298 -11.314958 31.467564 -2.233749 2.642527 8.622802 -27.474590 5.747761 11.717838 5.530930 4.296643 23.491772 -12.066556 2.556141 -15.032668 7.122203 -3.924510 4.831043
18.457886 -7.964466 1.392091 -0.684539 10.236371 -22.346899 36.954464 -2.186323 -15.214005 4.521357 -0.341916 -8.015085 -8.451415 -11.752751 31.093796 -2.357978 2.939350 9.180884 -27.116034 6.103976 11.631577 5.107883 4.281847 23.518637 -11.707562 2.711918 -14.864616 7.697470 -3.751743 5.266500
18.452068 -8.447674 1.711532 -0.431810 9.692211 -22.217970 37.419044 -2.214033 -15.248332 4.496840 0.017725 -8.162881 -9.041516 -12.096625 30.573124 -2.464639 3.213004 10.038455 -26.675655 6.435098 11.519817 5.057626 4.453040 23.729950 -11.468392 2.811791 -14.659083 8.003372 -3.750141 5.572054
18.532114 -8.906162 1.967077 -0.208919 9.308814 -22.044254 37.863155 -2.132208 -15.352709 4.462942 0.218535 -8.266337 -9.524728 -12.333665 30.142063 -2.526016 3.525233 10.540597 -26.352837 6.640727 11.482573 5.000867 4.480824 23.937944 -11.289767 2.928922 -14.521055 8.268237 -3.708585 5.747929
18.548048 -9.180246 2.165866 -0.057889 9.078220 -21.891157 38.142723 -2.102184 -15.381789 4.411349 0.447834 -8.251804 -9.890507 -12.426015 30.099289 -2.548125 3.786017 10.754704 -26.164782 6.840480 11.437519 4.952354 4.559729 24.067717 -11.206635 3.002107 -14.483001 8.396317 -3.679840 5.897477
18.591387 -9.294327 2.221040 -0.012224 8.985539 -21.833067 38.235485 -2.089307 -15.402774 4.399428 0.504948 -8.262690 -10.012802 -12.454217 30.049940 -2.585316 3.849166 10.895478 -26.079947 6.867071 11.447166 4.954327 4.623266 24.168703 -11.147945 3.067220 -14.454280 8.433634 -3.631572 5.978276
18.573751 -9.163701 2.229870 0.016996 9.103810 -21.877153 38.167534 -2.090781 -15.431067 4.429175 0.443039 -8.271986 -9.902558 -12.434738 30.041916 -2.542559 3.849294 10.838275 -26.098644 6.877952 11.409727 5.024796 4.573675 24.119196 -11.169553 3.031243 -14.471484 8.398912 -3.708259 5.926451
18.549362 -8.825914 2.273509 0.001068 9.391135 -21.956366 37.930298 -2.060685 -15.465331 4.466299 0.234596 -8.441032 -9.546967 -12.532245 29.756994 -2.343302 3.836226 10.823053 -26.080893 6.943888 11.318490 5.214620 4.227971 24.066572 -11.149300 3.013120 -14.293780 8.294316 -3.849600 5.824591
18.487204 -8.417280 2.206551 -0.067525 9.771091 -22.075167 37.648602 -2.199800 -15.516599 4.575548 -0.052791 -8.757746 -8.902365 -12.673007 29.465734 -2.312401 3.893376 10.898982 -26.186239 7.010983 11.346010 5.285857 4.297488 23.981804 -11.367667 2.952261 -14.394684 8.038519 -4.033640 5.916632
18.393099 -7.840578 2.363007 -0.194225 10.241336 -22.029295 37.233521 -2.359942 -15.557883 4.619634 -0.715876 -8.925373 -8.138494 -12.872241 28.699835 -1.604703 3.708004 10.534101 -26.346117 7.299693 11.287563 5.789145 3.899595 23.830608 -11.286966 2.793652 -14.224437 7.891060 -4.428291 5.653431
18.290127 -7.318903 2.427037 -0.428225 10.699512 -21.939886 36.568794 -2.456545 -15.514276 4.514460 -1.355040 -9.384465 -7.178751 -13.366858 27.710854 -1.104496 3.812649 10.559846 -26.496233 7.371028 11.172324 6.204841 3.505722 23.862738 -11.562770 2.550247 -13.733419 7.400600 -4.911499 5.439528
18.300520 -6.899601 2.097444 -0.752863 11.200150 -21.669374 35.677162 -2.540045 -15.460470 4.277708 -1.877724 -9.858964 -6.297556 -13.676798 26.955643 -0.413899 3.810877 10.516189 -26.486252 7.674137 10.982303 6.664416 3.153964 24.044489 -12.073768 2.078478 -13.043994 6.809190 -5.773654 5.214009
18.593237 -6.697132 2.073394 -1.104486 11.567180 -21.236206 34.958595 -2.970065 -15.277641 4.131566 -2.237762 -10.534033 -5.443208 -13.916125 26.370316 -0.099793 4.304505 10.675870 -26.372438 8.126535 10.727316 7.209096 2.611529 24.206530 -12.300084 1.747308 -12.495700 6.328286 -6.487833 4.987305
18.873663 -6.448630 1.973667 -1.342620 11.938383 -21.173792 34.381165 -3.807148 -15.210212 4.403450 -2.844233 -11.150620 -4.634177 -14.070828 25.312042 0.345515 4.433328 10.876021 -26.192572 8.628767 10.350973 8.043793 2.033729 24.306047 -12.306945 1.258964 -11.712634 6.145436 -7.311054 4.555777
19.205479 -5.917741 1.909128 -1.214770 12.586125 -21.306978 33.887215 -5.007142 -15.210984 4.792516 -3.621936 -11.771972 -3.883414 -14.110362 24.316801 0.931110 5.079625 10.872361 -26.063250 9.216984 9.725359 8.914451 1.128170 24.599686 -12.240802 0.690294 -10.456420 6.190461 -8.209648 3.831842
19.511766 -5.144213 1.739181 -0.969797 13.415706 -21.305941 33.262085 -5.860292 -15.449735 5.052228 -4.752995 -12.395870 -2.513968 -14.071344 23.415951 1.259757 5.957309 10.431660 -26.221113 9.676669 9.633061 9.948352 0.441279 24.203732 -12.230371 0.285133 -9.570281 6.049277 -8.681654 3.417744
19.431372 -4.341100 1.455423 -1.024007 14.448268 -20.575420 31.880751 -6.305809 -15.751019 4.768390 -5.715955 -12.669627 -1.409452 -13.632303 22.761726 1.508017 6.592891 9.933805 -26.140072 9.803459 9.585934 10.930914 -0.219932 23.632631 -12.631897 -0.123364 -9.019920 5.830350 -9.091406 3.241651
18.677458 -4.114831 1.116565 -0.955725 14.907772 -19.199429 30.530333 -6.516698 -15.973971 3.965424 -6.808831 -12.716933 -0.467270 -12.802635 22.125208 1.963018 7.841147 8.687710 -25.879066 9.845363 9.365442 11.572604 -0.558802 23.278334 -13.054424 -0.347224 -8.722381 5.784657 -9.353897 3.413600
17.998808 -4.310016 0.892803 -0.836561 15.024604 -18.338299 29.327318 -6.889657 -16.113033 2.961838 -7.399898 -12.570421 0.128297 -11.793612 21.796696 2.598499 9.443603 7.113692 -25.460823 10.201680 9.014845 12.468289 -0.826740 22.707769 -13.424026 -0.739453 -8.278071 5.626558 -9.697263 3.687893
16.846857 -4.128227 0.414509 -1.354200 15.495605 -17.790184 28.340614 -7.630663 -16.265446 2.481634 -8.066586 -12.393424 0.278651 -10.887547 21.597265 3.233103 10.877145 6.247515 -24.919725 10.729897 8.604668 13.217948 -1.042532 22.134323 -13.490715 -1.221433 -7.688704 5.464177 -10.023739 3.921355
16.129190 1.682732 -0.156174 -10.189539 13.980848 -4.361403 24.244474 -8.939194 -17.501102 -12.495003 -13.278977 -1.546732 -2.248641 -15.824117 9.526698 3.633281 12.038775 2.252995 -25.274240 3.117088 8.722945 6.536358 -1.566128 11.970407 -13.771436 -1.445532 -13.150054 9.477421 -9.334054 2.798097
15.030972 1.111307 -1.317775 -11.821257 13.883508 -4.436046 22.947453 -9.248616 -17.031744 -13.569435 -14.295876 -0.834100 -3.381824 -14.645789 7.750822 4.708011 13.768463 1.011191 -24.138552 2.886182 8.097202 7.544189 -1.798393 11.339467 -13.520845 -1.392863 -12.012561 10.135386 -9.258733 4.155104
12.937739 0.938607 -2.204302 -12.795336 14.099560 -4.650970 22.043945 -9.165604 -17.100552 -14.342271 -15.179147 0.500660 -4.992621 -13.090466 6.531648 5.916113 14.674735 -0.239830 -22.879980 2.851138 7.343472 7.821114 -1.948954 10.561959 -13.633871 -1.317457 -11.301866 10.731513 -8.948102 5.790672
9.859637 0.884681 -2.978964 -13.361029 14.051706 -4.986437 21.669769 -8.804131 -18.020805 -14.122383 -15.894333 1.888691 -6.175937 -11.590375 6.059739 7.002003 14.667715 -1.241347 -21.911936 3.037356 6.802465 7.742311 -2.383739 9.755785 -13.937998 -1.334806 -10.764670 11.087652 -8.577777 7.384203
7.256288 -0.078705 -3.882710 -14.747228 13.096187 -5.434398 21.752460 -8.706452 -18.369478 -14.278564 -16.692749 3.165174 -7.852617 -10.075982 5.360116 7.487715 14.637792 -1.715717 -20.993631 2.779801 6.315010 7.048326 -2.799579 9.119302 -14.212464 -1.233225 -10.236489 11.565212 -8.055392 8.952501
2.670703 -5.659997 -2.508508 -12.961428 15.757833 -4.585446 19.139574 -6.577183 -13.278625 -13.125568 -18.419163 4.389576 -9.000741 -3.055595 8.735248 10.241898 14.979465 -1.118043 -18.692112 -1.747302 7.631624 2.533422 -1.845800 8.796702 -16.580614 -5.117894 -10.517468 13.335873 -7.711808 11.343824
0.654501 -8.121445 -1.826499 -13.160007 15.404933 -5.133535 18.761047 -5.994094 -11.109038 -13.616119 -18.667023 4.394006 -10.828094 -1.303640 8.987535 10.250301 15.897596 -0.771278 -17.732931 -3.229805 7.667876 1.962502 -2.665726 8.401681 -16.987700 -5.866760 -9.314996 14.030785 -6.824346 12.741732
-0.567624 -9.192816 -1.108335 -13.444345 14.690766 -5.073109 18.937540 -5.952066 -10.307410 -14.467141 -18.705040 4.787839 -12.531365 -0.802706 8.535626 9.772105 16.459536 -0.531578 -17.210199 -4.116978 7.160233 1.032507 -3.514531 8.659854 -17.244749 -5.780178 -8.767480 14.032032 -6.457708 13.396223
-0.687512 -9.906984 -0.852626 -13.860475 13.664189 -5.630156 18.550686 -5.448458 -9.805905 -15.373642 -18.627670 5.021277 -14.126058 -0.276836 7.998798 9.440435 16.975931 0.056225 -16.751112 -4.210131 6.710388 0.443683 -4.266947 9.160268 -17.438736 -5.536088 -8.057204 13.910262 -6.021547 13.319763
-0.139275 -10.822128 -1.046216 -14.525209 12.851835 -5.776483 18.210083 -4.848752 -9.135240 -15.753819 -18.339527 5.263955 -15.556695 0.411927 7.683586 9.417039 17.190222 0.934849 -16.254137 -3.870776 6.109491 -0.014029 -4.976443 9.532456 -17.803379 -5.453171 -7.197897 13.942814 -5.671408 13.452437
0.449980 -11.366145 -1.106547 -14.923216 12.216780 -5.823046 18.190817 -4.098393 -8.605743 -16.031595 -17.793053 5.231518 -16.822655 0.474868 7.311694 9.275620 16.940256 2.167517 -15.812565 -3.569398 5.534608 -0.435500 -5.611448 10.019158 -18.025181 -5.456425 -6.519955 14.061769 -5.497138 13.429478
1.022557 -11.576623 -1.064577 -15.150366 11.548829 -6.182421 18.083351 -3.502033 -8.203547 -16.687115 -16.994284 4.994119 -17.758909 -0.261827 6.607157 9.042612 16.102777 3.208925 -15.830653 -3.469153 5.143763 -1.161605 -6.171247 10.640478 -17.888329 -5.292776 -6.200133 14.275391 -5.233984 13.271272
1.474587 -11.471566 -0.436623 -15.090837 11.264251 -6.762830 18.034994 -3.131122 -7.671603 -17.062122 -16.579481 4.902902 -18.870838 -0.596330 5.964406 8.468494 15.563827 4.423254 -15.851417 -3.429710 4.937773 -1.925802 -6.637876 11.235972 -17.498396 -5.076256 -6.183612 14.572286 -4.990173 13.015384
2.318884 -11.219173 0.471267 -14.992897 11.084387 -7.239413 18.010666 -2.297009 -7.144730 -17.115892 -16.046766 4.687391 -19.832518 -1.249440 5.323164 8.019594 14.715252 5.616606 -15.911101 -3.483848 4.624728 -2.605756 -7.143306 11.834582 -16.961882 -4.904221 -6.107456 14.887353 -4.835274 12.619689
3.029101 -10.638066 1.405375 -14.977076 10.989774 -7.118176 17.905472 -1.594208 -6.959957 -17.127670 -15.427181 4.381345 -20.250065 -2.225600 4.945096 7.708451 13.790282 6.662031 -16.125612 -3.373512 4.453533 -2.977487 -7.440600 12.120646 -16.373491 -4.773342 -6.100893 15.307100 -4.739686 11.964173
3.776919 -9.704713 2.412939 -14.830391 11.069409 -7.012869 17.880693 -0.774309 -6.936723 -17.156916 -14.892316 4.129455 -20.524162 -3.240590 4.564686 7.453681 12.720584 7.491268 -16.378042 -3.413889 4.415057 -3.334355 -8.014314 12.607017 -15.709805 -4.647768 -5.932280 15.599243 -4.579493 10.839111
4.761963 -9.080009 3.312485 -14.491600 11.035069 -7.338041 18.048069 -0.093554 -6.699584 -16.973616 -14.559149 3.882210 -20.697128 -4.079180 4.020396 7.408137 11.243984 8.656215 -16.619993 -3.201988 4.650271 -3.654907 -8.291844 12.805982 -15.080970 -4.450080 -5.963326 15.902154 -4.316803 9.927511
5.471243 -8.687016 3.945163 -14.224733 11.086727 -7.772012 18.174593 0.316861 -6.404648 -16.686283 -14.251554 3.528537 -20.546576 -4.893404 3.677473 7.352077 9.974949 9.523844 -16.907473 -3.104799 4.945929 -4.064263 -8.499416 12.734869 -14.619700 -4.188607 -6.153562 16.079351 -3.993787 9.423525
5.941754 -8.077732 4.666393 -14.164711 11.315490 -8.243339 18.214813 0.654347 -6.076877 -16.321798 -14.062048 3.362108 -20.502304 -5.411866 3.370362 7.276594 8.869392 10.350654 -17.023190 -2.933934 5.055042 -4.594662 -8.768779 12.593968 -14.269462 -3.796732 -6.280901 16.259371 -3.592269 9.056481
6.601941 -7.343100 5.561274 -14.202911 11.645350 -8.234337 17.881630 1.280792 -5.684839 -16.092098 -14.012213 3.287872 -20.579956 -5.699205 3.116667 7.233449 8.081859 10.874404 -17.041267 -2.948876 5.147878 -5.013567 -8.855196 12.309703 -14.008860 -3.515708 -6.531298 16.436132 -3.307755 8.853365
6.968441 -6.833704 5.929532 -14.075966 11.827348 -8.224649 17.685080 1.724855 -5.617714 -15.969501 -14.030306 3.141767 -20.570183 -5.964622 3.072601 7.090359 7.681571 11.064485 -17.055670 -3.223870 5.176565 -5.276462 -8.989841 12.305463 -13.815148 -3.365899 -6.626832 16.493515 -3.158629 8.591720
7.213793 -6.359540 6.102302 -14.062126 12.100968 -8.158372 17.293159 2.322651 -5.603688 -16.028717 -13.910208 2.951683 -20.717243 -6.289047 2.918234 6.803231 7.213915 11.228044 -17.253372 -3.856106 5.287603 -5.455166 -9.031112 12.316970 -13.694924 -3.285848 -6.865172 16.437855 -3.091061 8.206732
7.406905 -6.013963 5.976406 -13.974331 12.327568 -7.970717 17.010227 2.900200 -5.809977 -16.073404 -13.799419 2.729079 -20.754452 -6.540157 2.902866 6.483759 6.965719 11.242764 -17.485121 -4.589834 5.411156 -5.564777 -9.072962 12.376652 -13.596985 -3.257033 -7.086388 16.347748 -3.071198 7.805802
7.491998 -5.862412 5.946806 -13.774758 12.391006 -7.909997 16.936897 3.271564 -5.994242 -16.126011 -13.740032 2.611394 -20.846771 -6.655609 2.876173 6.290870 6.810592 11.260337 -17.576078 -5.076114 5.497817 -5.637017 -9.108015 12.427159 -13.529319 -3.263586 -7.287119 16.265450 -3.084419 7.472673
7.563435 -5.836847 5.898276 -13.643366 12.362826 -7.796807 16.930492 3.493810 -6.089035 -16.121012 -13.684431 2.588444 -20.978575 -6.694316 2.815407 6.250490 6.726750 11.311017 -17.570786 -5.245950 5.589407 -5.610155 -9.039960 12.440671 -13.533084 -3.289314 -7.440366 16.192070 -3.129222 7.363216
7.600358 -5.833632 5.871456 -13.600863 12.357919 -7.747880 16.915852 3.588982 -6.112586 -16.112959 -13.678191 2.563646 -20.997112 -6.701653 2.814502 6.202281 6.716846 11.310431 -17.580420 -5.355324 5.638250 -5.613785 -9.020935 12.442197 -13.522298 -3.294619 -7.515824 16.154612 -3.140292 7.299129
