3.656216 2.235962 -3.648699 -14.872749 26.599171 -10.248012 5.228981 -10.796551 -9.616275 -13.736722 -32.314720 5.158401 -4.751421 0.847920 2.753432 7.943045 17.296759 4.639171 -17.048899 10.437547 8.772512 15.552555 -11.143243 2.809165 -19.392702 -7.916928 -9.446572 4.838262 -10.834079 4.635361
3.699798 2.263887 -3.497178 -15.144404 26.532948 -10.360769 4.791980 -10.600367 -9.271366 -14.260907 -32.645805 5.519079 -5.524058 1.009892 2.083741 7.525452 17.721064 5.236727 -16.679882 9.644709 8.839810 15.264382 -11.424523 2.249724 -19.225019 -7.722613 -9.571040 5.060395 -10.553205 5.088103
3.762231 2.431012 -3.423347 -15.636045 26.501247 -10.761145 3.923429 -9.967642 -8.764352 -15.118143 -32.765354 5.769644 -6.765629 1.022043 1.307972 6.769896 17.925482 6.429279 -16.109707 8.288366 8.895034 14.381978 -11.691317 1.766447 -18.670309 -7.311197 -9.474849 5.687083 -9.930985 5.918796
3.707165 2.524060 -3.430670 -16.072693 26.203308 -11.290161 3.015367 -8.968554 -8.297190 -16.263006 -33.264744 6.286632 -8.016837 0.856242 0.451481 5.661869 17.582123 8.275207 -15.578725 6.481771 8.836604 13.309587 -12.563889 1.234522 -17.833153 -6.900474 -9.262994 6.685498 -9.073667 6.544547
3.377635 2.250383 -3.333198 -16.403608 25.576700 -11.740421 2.160710 -7.692658 -7.971624 -17.283331 -33.695930 6.704082 -9.481244 0.366048 -0.633852 5.086151 17.033842 10.317986 -14.865619 5.167310 8.405329 11.378098 -13.799295 0.546985 -17.583763 -6.866623 -9.140018 7.670469 -8.285886 7.081579
2.927881 1.610602 -2.735042 -16.275881 24.713522 -11.582245 1.385217 -6.014272 -7.823291 -18.647266 -33.489269 7.268891 -11.169118 -0.097743 -0.857704 4.043751 16.114986 12.290804 -14.630965 4.350962 7.888636 9.113768 -14.824905 0.131257 -17.509251 -7.045926 -9.026150 8.756066 -7.707316 7.500924
2.125126 1.001306 -2.526078 -16.176439 24.138145 -11.146947 0.522956 -4.473544 -7.845380 -20.123869 -32.469799 7.435246 -12.667004 -0.953591 -1.258634 3.355660 14.945460 13.872016 -14.583296 3.863487 7.631302 6.956843 -15.532572 -0.058789 -17.394062 -7.069428 -9.010478 9.691698 -7.159385 7.702939
1.431068 0.227921 -2.593119 -16.268772 23.352461 -10.875993 0.083273 -3.108651 -7.890543 -21.259811 -31.402843 7.414106 -14.026175 -1.582257 -1.416520 3.051142 13.665674 14.974466 -14.530247 3.491131 7.491196 5.130855 -15.955203 -0.053857 -17.324324 -7.013722 -9.042310 10.339674 -6.800788 7.780892
1.204414 -0.072455 -2.664020 -16.245317 23.051113 -10.644816 -0.363275 -2.218991 -8.023633 -21.948866 -30.630424 7.227575 -15.006991 -2.343733 -1.694988 2.749426 12.529788 15.734716 -14.648237 3.032775 7.439004 3.526919 -15.897443 0.255254 -17.205936 -6.819127 -9.227608 10.806812 -6.573017 7.709447
1.102211 -0.383695 -2.656950 -16.258408 22.742504 -10.454287 -0.535913 -1.821864 -8.058628 -22.331753 -30.200356 7.075600 -15.419101 -2.697211 -1.857088 2.709213 12.154632 15.957343 -14.663782 2.805944 7.394402 2.846170 -15.979029 0.342667 -17.061337 -6.608684 -9.376341 10.919287 -6.376554 7.716339
1.236281 -0.235792 -2.646588 -16.205860 22.825718 -10.561037 -0.363198 -1.892932 -8.082141 -22.115919 -30.247173 7.086237 -15.299844 -2.630256 -1.730176 2.661158 12.210093 15.951632 -14.702806 2.872643 7.442056 2.983101 -15.943647 0.435845 -17.050083 -6.716178 -9.303193 10.956001 -6.444095 7.638491
2.223133 0.799267 -2.404937 -15.945223 23.410818 -11.142456 0.880039 -2.728246 -8.173435 -20.258261 -31.426058 7.172162 -13.700484 -1.875748 -1.244466 2.538958 13.845899 15.030036 -14.920334 3.290935 7.637519 5.029092 -15.719469 0.441336 -17.003124 -7.053124 -9.370784 10.406294 -6.877452 7.196723
3.473255 2.674332 -2.753776 -16.116941 24.657364 -11.992409 2.999624 -4.445384 -8.552535 -16.974211 -32.577049 6.626884 -10.590932 -1.021626 0.089862 2.948058 16.000769 12.006995 -15.860520 3.702433 8.225352 8.714550 -14.514644 1.264893 -17.184366 -6.949457 -9.644592 8.409562 -7.786809 6.381251
5.033689 2.539803 -4.330019 -14.533556 25.500114 -11.678853 5.776918 -6.289091 -10.200610 -13.010859 -29.194996 4.536666 -7.544371 -1.841218 3.533083 4.343394 17.656174 7.469250 -17.430969 6.805166 9.458626 12.265251 -11.600327 3.560829 -17.791061 -6.175553 -10.022991 5.625667 -9.238150 5.421045
5.253164 0.763691 -7.671512 -11.582834 24.621471 -13.602993 10.392388 -6.488608 -14.159572 -8.192579 -22.367760 0.211834 -5.211796 -3.974747 9.608968 5.195227 19.327600 3.778864 -18.986301 11.594292 11.033329 16.029293 -8.096360 7.145691 -15.303983 -4.113307 -8.968573 5.891271 -9.397758 5.971912
6.748069 -1.899476 -7.342624 -7.711531 22.544855 -13.613598 15.025606 -6.358794 -16.402510 -6.809769 -17.240593 -1.943759 -3.676791 -5.152136 15.454460 4.791421 19.797705 1.900420 -19.991608 11.521565 12.769286 16.845863 -4.651623 9.497684 -13.748762 -2.261126 -9.914964 6.020819 -8.548770 7.437860
10.084297 -4.052503 -4.985781 -5.954353 20.107939 -13.544447 18.340805 -7.180450 -15.132578 -6.642552 -13.488907 -5.465118 -2.013518 -7.894803 16.852560 4.618121 19.826014 1.038221 -21.667742 7.933947 14.438307 16.214621 -3.333179 10.486173 -11.957778 -0.558532 -11.147008 6.171801 -7.453188 7.370192
13.464653 -5.333723 -1.630677 -5.648002 17.669933 -12.563803 19.861744 -6.217531 -13.351759 -6.938291 -10.554235 -8.765067 -2.827568 -11.598119 14.254479 4.430869 19.783266 2.249041 -22.518633 6.544460 14.856765 16.028690 -3.409727 11.086381 -9.612020 0.172330 -11.102188 7.900086 -6.746128 6.266420
15.129647 -6.147562 1.121182 -5.692877 15.825217 -12.364639 21.393890 -5.201030 -11.984008 -7.248353 -8.642649 -9.803342 -4.498315 -13.267465 13.050303 4.610763 18.050365 3.794147 -22.689793 6.495749 14.964853 15.533216 -3.326015 11.012422 -7.982686 0.497384 -11.464265 9.318428 -6.226805 5.739689
15.741944 -6.414952 2.788601 -5.737962 14.869293 -12.448148 21.905809 -4.223950 -11.242343 -7.624349 -7.904148 -9.884318 -5.661869 -13.973989 12.346231 4.615465 16.856401 4.717562 -22.685863 6.613194 15.054396 14.846953 -3.224526 11.170318 -7.425579 0.789607 -11.906373 9.631069 -5.926887 5.493670
15.851871 -6.433618 3.021440 -5.758160 14.732440 -12.492672 22.001055 -4.060522 -11.135665 -7.671700 -7.773106 -9.892991 -5.864453 -14.052277 12.305614 4.568568 16.712421 4.869094 -22.683401 6.579370 15.069719 14.774802 -3.214735 11.154243 -7.314163 0.815658 -11.953085 9.699806 -5.892692 5.427865
16.178087 -6.415322 3.377746 -5.752668 14.550262 -12.530037 22.197895 -3.689335 -10.965286 -7.713945 -7.617244 -9.920550 -6.252680 -14.305055 12.050091 4.530609 16.257071 5.331942 -22.640965 6.599020 15.076618 14.468013 -3.254026 11.168757 -7.146990 0.906012 -12.054594 9.810780 -5.766434 5.357162
16.796255 -6.276631 3.916581 -5.623928 14.219607 -12.577103 22.425919 -3.038057 -10.654377 -7.776554 -7.089812 -9.684636 -7.122392 -14.653422 11.548594 4.824034 15.218951 5.992055 -22.461340 6.863461 15.104436 14.021973 -3.240604 11.155279 -6.588615 1.090790 -12.228985 10.230009 -5.501238 5.312246
17.837877 -6.099044 4.465607 -5.543455 13.741619 -12.631059 22.652374 -2.030256 -10.275392 -7.813473 -6.405815 -9.548723 -7.941064 -15.309744 10.815195 5.080603 13.852860 7.197459 -22.217592 7.537662 15.171684 13.252546 -3.421862 11.259475 -6.013988 1.421288 -12.443924 10.531269 -5.058065 5.135268
18.422724 -6.246972 4.989188 -5.667826 13.076365 -12.719053 22.730499 -0.771637 -9.830354 -8.116778 -5.516879 -9.259538 -8.977318 -15.889150 10.297503 5.284176 12.588372 8.620284 -21.802551 8.500816 15.147941 12.601104 -3.751958 11.602927 -5.460432 1.699068 -12.348712 10.693904 -4.608557 4.583995
18.671972 -6.432029 5.799055 -5.316246 12.173371 -12.834592 23.013493 0.726741 -9.795701 -8.557413 -4.891433 -8.949643 -10.417172 -15.795917 10.117048 5.049563 12.181765 9.535479 -21.388924 8.334178 15.070664 11.662950 -4.231334 11.935821 -5.007780 1.995953 -12.223376 10.951643 -4.119896 4.237257
18.335939 -6.925674 6.490167 -5.211987 11.147344 -13.028540 23.628292 2.483293 -9.778369 -9.022140 -4.469001 -8.714514 -12.202432 -15.312261 9.966331 4.602176 12.228102 9.712528 -21.180754 6.915618 14.797914 10.792359 -5.003356 12.195406 -4.714033 2.155172 -11.850662 11.435621 -3.655681 3.934657
16.903040 -7.724178 5.948462 -5.801333 10.436032 -13.425082 23.989954 3.789458 -9.997847 -9.508265 -4.372338 -8.594422 -13.552892 -15.093970 9.636079 4.082891 12.146847 9.865835 -21.148741 5.650192 14.509183 10.086500 -5.717813 12.272298 -4.601158 2.259127 -11.355313 11.907673 -3.126135 3.956177
15.665193 -8.316849 5.137043 -6.495015 9.981590 -13.679860 23.776876 4.352725 -10.133198 -10.023601 -4.421609 -8.323800 -14.587382 -14.793594 9.347610 3.713895 11.946143 10.057797 -21.012690 4.873935 14.231586 9.790892 -6.178730 12.217282 -4.624569 2.255872 -10.891107 12.119122 -2.805537 4.118448
15.268816 -8.635328 4.726423 -6.837081 9.686442 -13.699497 23.590420 4.457443 -10.125262 -10.291255 -4.602124 -8.061197 -15.088199 -14.464236 9.185890 3.615456 11.935357 10.042821 -20.847261 4.515781 14.092334 9.657611 -6.405233 12.176082 -4.685850 2.268861 -10.661084 12.155765 -2.644678 4.229276
15.253334 -8.646952 4.700287 -6.866348 9.668246 -13.700853 23.551163 4.446622 -10.109894 -10.312933 -4.612529 -8.047896 -15.114771 -14.436706 9.179561 3.595911 11.942454 10.029611 -20.842916 4.479283 14.086299 9.646137 -6.417912 12.169789 -4.699616 2.276733 -10.647667 12.138644 -2.633626 4.250812
15.340121 -8.495386 4.817074 -6.762627 9.815468 -13.711306 23.604076 4.362153 -10.122492 -10.210641 -4.536004 -8.122980 -14.926850 -14.525315 9.249543 3.698658 11.940709 9.974275 -20.896318 4.627913 14.125742 9.711545 -6.344462 12.158822 -4.665339 2.262816 -10.735356 12.143991 -2.698949 4.209638
15.573738 -8.138385 5.094947 -6.562541 10.117025 -13.705911 23.591148 4.147073 -10.107907 -9.981630 -4.457471 -8.273452 -14.490890 -14.665349 9.366030 3.864459 12.020928 9.841815 -20.983948 4.928973 14.222322 9.876674 -6.178277 12.127684 -4.599270 2.237465 -10.933238 12.099468 -2.854640 4.122553
16.191229 -7.742754 5.514737 -6.248611 10.501917 -13.560618 23.612526 3.653080 -10.030611 -9.663622 -4.477848 -8.366615 -13.792614 -14.681226 9.555884 4.184236 12.260982 9.438784 -21.030737 5.416442 14.364326 10.144652 -5.883916 12.025363 -4.535486 2.210692 -11.299005 11.992670 -3.121315 4.038969
17.193426 -7.210880 5.992330 -5.909799 10.980502 -13.186295 23.426517 2.618931 -9.828223 -9.246720 -4.659729 -8.421632 -13.054649 -14.670934 9.704762 4.626036 12.482909 9.214075 -21.007515 6.088048 14.502884 10.495151 -5.463920 11.937541 -4.544156 2.152198 -11.680866 11.806721 -3.482021 4.032341
18.041691 -6.816867 6.154048 -6.110097 11.612000 -12.982466 23.080063 1.378591 -9.498878 -8.883917 -4.902500 -8.314385 -12.093941 -14.594317 9.837529 5.297487 12.623487 8.837015 -20.883604 7.084590 14.635914 11.114201 -4.932604 11.805598 -4.658090 1.998101 -11.984907 11.528162 -3.946786 4.083141
18.662462 -6.740510 5.559702 -6.537082 12.335172 -12.916810 22.729366 0.017440 -9.219232 -8.414077 -5.216699 -8.258845 -10.803548 -14.831941 9.996702 5.975904 12.231280 8.674603 -20.941753 8.302086 14.681328 11.871465 -4.341114 11.504842 -4.884213 1.754024 -12.160474 11.299062 -4.437091 4.467444
18.664209 1.406102 4.436679 -12.000021 10.481080 -6.725718 25.300123 -3.445667 -13.420815 -13.840816 -11.498299 -0.681512 -7.844077 -18.359774 3.665589 5.379566 4.890755 8.412490 -23.135178 5.057909 8.205651 3.584455 -1.943574 12.843760 -10.319428 0.498016 -13.729817 11.806379 -7.482631 2.062786
17.760881 1.396654 3.422777 -12.627293 11.024189 -6.838621 24.803455 -4.885896 -13.607414 -13.667868 -11.972553 -0.758250 -6.721498 -17.830954 4.345160 5.311254 6.496431 6.120527 -23.656084 3.967503 8.078243 4.595061 -1.858471 12.240934 -10.703821 0.121520 -13.505429 11.602066 -7.884248 2.503777
16.203257 1.247657 2.393824 -12.985479 11.629916 -6.509747 24.115646 -6.437181 -14.095352 -13.863517 -12.469469 -0.846850 -6.054456 -16.716801 5.179007 5.026368 9.381261 3.297376 -24.043962 2.297842 7.832985 5.549029 -1.854145 11.578002 -11.466756 -0.372878 -12.937361 11.440145 -8.276358 3.470112
10.984152 -4.154871 3.338630 -8.169632 16.863617 -4.376528 20.422476 -4.897687 -10.251399 -10.607416 -14.907925 -0.807719 -4.220726 -9.327661 10.397901 8.341849 11.302993 2.534422 -22.184254 -1.653697 9.953055 3.029414 -1.034565 10.797565 -14.262121 -5.432704 -12.965387 12.631413 -8.429383 5.208192
9.724211 -4.861122 1.048239 -8.106703 18.097832 -2.846485 19.263203 -5.945422 -11.383865 -10.958183 -16.089573 -0.086466 -3.780552 -8.041520 10.724267 8.670206 13.795891 1.142462 -21.569399 -1.357093 9.745295 3.844965 -0.888037 10.393821 -15.265174 -6.102033 -12.526073 12.399883 -9.038995 6.852176
7.639525 -4.609382 -0.757403 -8.312494 19.101688 -3.195211 18.309631 -6.290304 -12.580585 -10.953523 -17.131525 1.039211 -4.095578 -6.129250 11.174139 9.205338 15.040423 0.355816 -20.738140 -0.814180 9.615619 4.693418 -0.925078 10.036691 -16.120934 -6.416542 -11.910729 12.114454 -9.195443 8.001712
5.508734 -4.207285 -2.179078 -9.452447 19.965031 -4.420112 17.419889 -7.330159 -12.726825 -11.003267 -18.523136 2.246030 -4.817942 -4.325249 11.004897 9.630067 15.610690 -0.066407 -19.809504 -0.466355 9.363230 5.183474 -1.190168 9.746703 -16.957268 -6.622265 -11.102314 11.894196 -9.150385 9.256701
3.434474 -4.659311 -2.410665 -10.393824 19.856518 -5.337139 17.016909 -8.399516 -12.428683 -11.393203 -20.133873 3.338376 -5.984158 -2.778040 10.122396 9.661313 16.267286 -0.096179 -18.837843 -0.656713 8.968009 5.312360 -1.847166 9.260626 -17.575207 -6.731687 -10.460896 11.665062 -9.038587 9.942681
1.562958 -5.170887 -2.654308 -11.542725 19.561413 -6.104570 16.874853 -9.484134 -11.898656 -11.894699 -21.002865 4.320805 -7.012008 -1.551065 9.814975 9.750950 16.821203 -0.211755 -18.074097 -0.425943 8.483741 5.276834 -2.512520 8.812493 -18.203964 -6.925623 -9.862721 11.579811 -8.885963 10.496946
0.457010 -5.905438 -3.319564 -12.431200 19.509548 -6.448119 16.507412 -10.346607 -11.435094 -12.245447 -21.521236 5.135419 -8.093602 -0.587360 9.657332 9.699745 17.814692 -0.141671 -17.368967 -0.143526 8.006221 5.209016 -3.112985 8.510403 -18.793964 -7.079142 -9.205235 11.604854 -8.722952 11.003199
-0.434156 -6.353978 -3.824370 -13.223364 19.340343 -6.841039 16.223282 -10.880045 -11.030379 -12.553921 -21.864218 5.842027 -9.114979 0.275828 9.431336 9.955256 18.733856 -0.178270 -16.692759 0.192053 7.658468 5.201600 -3.588552 8.446865 -19.256977 -7.155872 -8.662362 11.475397 -8.652680 11.343946
-0.886707 -6.664585 -4.018906 -13.788128 19.147112 -6.999617 15.976823 -11.153820 -10.644732 -12.907480 -21.994392 6.340112 -9.758039 0.818230 9.496428 10.046577 19.227285 -0.143535 -16.305952 0.439513 7.316340 5.168034 -3.969168 8.478683 -19.627951 -7.239491 -8.176687 11.427114 -8.610419 11.657362
-1.136946 -6.850749 -4.093302 -14.008861 19.049900 -7.063225 15.829056 -11.315181 -10.468998 -13.078049 -22.074577 6.633773 -10.119747 1.101665 9.534280 10.022069 19.482430 -0.018976 -16.078165 0.703354 7.136173 5.123251 -4.144117 8.521570 -19.836271 -7.290531 -7.948399 11.406025 -8.592834 11.840630
