-7.201888 -0.690234 2.909686 -0.666423 15.537380 -0.879513 16.520945 23.294426 -21.732878 -20.435823 -9.575930 -2.448473 -11.132068 -18.856661 6.039739 19.145950 1.817086 -15.869532 -14.794631 -27.606724 5.942981 -13.227088 -5.925221 4.038779 -12.314074 10.366359 -20.133272 11.950310 3.152934 -5.707393
-7.009434 -0.904077 2.818172 -0.604108 15.440522 -0.923586 16.471001 23.536060 -21.685680 -20.516825 -9.535526 -2.378226 -11.042472 -19.032368 5.996840 18.945423 1.715353 -16.008297 -15.039165 -27.737989 5.891423 -13.269689 -5.946880 4.138773 -12.294064 10.450462 -20.129847 11.915349 3.186797 -5.890576
-6.746445 -1.548075 2.487499 -0.493626 15.310994 -1.145178 16.344616 23.905636 -21.498098 -20.599754 -9.352221 -2.251515 -11.082416 -19.292639 5.899149 18.545815 1.692711 -16.208029 -15.387524 -27.922688 5.864142 -13.284471 -5.947925 4.304422 -12.321722 10.482810 -20.151014 11.845335 3.195882 -6.261917
-6.425032 -2.299431 2.265991 -0.395431 15.009999 -1.355729 16.279022 24.408352 -21.236443 -20.785635 -9.003107 -1.923347 -11.580254 -19.655703 5.527836 18.059616 1.507113 -16.363098 -15.697175 -28.129036 5.865367 -13.263756 -6.020198 4.586216 -12.370480 10.398675 -20.067503 11.765742 3.157985 -6.706482
-5.745851 -3.592724 1.791651 -0.136793 14.534245 -1.704034 16.262653 24.729301 -20.817799 -20.902861 -8.602938 -1.621428 -12.049470 -20.193438 5.302055 17.151039 1.433002 -16.398623 -16.208267 -28.302816 5.887725 -13.206229 -6.028074 4.855485 -12.498535 10.302951 -20.053528 11.588667 3.100800 -7.163230
-4.985157 -5.571070 1.295587 0.266915 13.531653 -2.286299 16.317081 25.137405 -20.148996 -21.328846 -8.008954 -1.238074 -12.753472 -20.859192 4.914323 16.141060 1.377369 -16.228935 -16.687574 -28.157787 5.883467 -12.951363 -5.888268 5.048754 -12.932017 9.916358 -19.895416 11.544591 2.999660 -7.750742
-4.720956 -7.484272 1.115020 0.772860 12.561025 -2.819548 16.382195 25.821764 -19.489120 -21.818048 -7.157547 -0.845961 -13.874555 -21.588438 4.155977 14.945926 1.074443 -15.755473 -17.335461 -28.322136 5.736527 -12.777463 -5.859291 5.151973 -13.257337 9.551023 -19.743141 11.562420 2.852443 -8.079401
-4.409001 -9.042847 0.900193 1.070000 11.858506 -3.486938 16.116386 26.745937 -18.855728 -22.341503 -6.678737 -0.422995 -14.862441 -22.080343 3.469055 13.794446 0.763181 -15.246305 -17.963850 -28.437763 5.699626 -12.639403 -6.031826 5.420076 -13.545279 8.733808 -19.579540 11.593952 2.516285 -8.654034
-3.427411 -10.313665 0.459307 1.030977 11.501850 -4.307955 15.481722 27.646671 -17.926327 -22.682550 -6.304534 -0.210848 -16.043051 -22.271624 2.810790 12.680447 0.393363 -14.344517 -18.446505 -28.779060 5.615066 -12.352540 -6.105703 5.586986 -13.803796 7.900521 -19.421322 11.722701 2.088152 -9.012951
-2.170803 -10.684267 0.189721 0.413740 11.619159 -4.782763 14.551664 28.474970 -17.018181 -22.832033 -6.342093 -0.133965 -16.843842 -22.347481 2.308960 11.805933 -0.125066 -13.196815 -18.906601 -28.807865 5.252803 -12.428427 -6.559639 5.762588 -13.731773 7.449752 -19.226744 11.907110 1.802165 -9.133884
-1.107461 -10.067063 0.117946 -0.718623 12.483678 -4.863294 13.398657 28.890739 -16.078188 -22.701014 -6.810764 -0.418783 -17.299992 -22.017830 2.398084 11.108749 -0.285860 -12.001757 -19.117449 -29.283283 4.836882 -12.603473 -7.001168 6.095702 -13.722992 7.307275 -18.935579 11.910650 1.729423 -9.628342
-0.615905 -8.231488 0.023357 -2.477325 14.280365 -4.661283 11.637920 29.173334 -15.061894 -21.900545 -7.688870 -0.879814 -17.301340 -21.443810 2.795718 10.440960 -0.122080 -10.697957 -19.299774 -29.584118 4.489532 -12.612105 -7.286300 6.444387 -13.913083 6.877929 -18.588673 11.934689 1.598528 -10.224662
0.058369 -6.232101 0.203397 -3.823179 15.919658 -4.090121 10.110150 29.411503 -14.458726 -21.248957 -8.596661 -0.790089 -17.679859 -20.933250 3.149920 9.216365 0.406924 -9.651809 -19.213676 -29.652788 4.095794 -12.544208 -7.409558 6.546311 -14.109213 6.647929 -18.331806 11.999945 1.501488 -10.612474
1.032423 -4.570697 0.602447 -4.348783 17.596109 -3.388821 8.927917 29.536392 -14.009351 -20.315897 -9.569845 -1.166186 -17.627644 -20.102455 3.634185 9.007612 0.489873 -8.540243 -18.710497 -29.843964 3.479072 -12.580215 -7.825901 6.754045 -14.357021 6.322949 -17.944626 11.990338 1.307584 -10.846724
1.831907 -2.735040 1.220170 -4.853974 18.991409 -2.659101 7.923381 29.485064 -13.780450 -19.596251 -10.185350 -1.596733 -17.497358 -19.187115 3.973538 9.194001 0.602244 -7.664533 -18.295441 -29.933908 3.051061 -12.601668 -8.156666 6.939536 -14.727261 6.045712 -17.609015 11.851271 1.194316 -11.100092
2.666927 -1.750616 1.926905 -5.080683 19.659227 -2.157702 7.271719 29.486788 -13.284491 -19.068861 -10.994997 -1.728999 -17.239944 -18.611458 4.278221 8.765812 0.762937 -6.817454 -18.165724 -29.784576 2.714870 -12.607528 -8.376335 6.939811 -14.956887 5.890455 -17.419231 11.789682 1.117170 -11.191068
3.566471 -1.171555 2.363901 -5.144775 20.144062 -1.438858 6.857937 29.253994 -12.999600 -18.553888 -11.440800 -1.945496 -17.032475 -18.398527 4.582824 8.244066 0.941911 -6.151795 -18.242033 -29.747135 2.202439 -12.552121 -8.599596 6.950099 -15.309648 5.620326 -17.176937 11.727372 0.925122 -11.311904
4.209724 -0.776655 2.669241 -5.267177 20.374435 -0.859012 6.659661 28.854637 -12.860782 -18.200445 -11.785147 -2.061474 -17.000496 -18.116440 4.694098 8.133507 0.879745 -5.683980 -18.019270 -29.831367 2.022827 -12.538997 -8.725389 6.936405 -15.487481 5.487343 -17.016069 11.699541 0.889746 -11.287450
4.424480 -0.456829 2.930858 -5.253945 20.496819 -0.701050 6.583371 28.652166 -12.782723 -17.976580 -12.112532 -2.114547 -16.912682 -17.876133 4.825175 8.174664 0.883001 -5.423829 -17.773317 -29.830059 1.898842 -12.513598 -8.791145 6.915215 -15.619283 5.379870 -16.912268 11.699129 0.860559 -11.316692
4.547371 -0.220631 3.041434 -5.288641 20.502102 -0.564436 6.572679 28.568134 -12.848742 -17.972813 -12.275767 -2.116645 -16.846497 -17.774723 4.887124 8.175335 0.888259 -5.312003 -17.672987 -29.772011 1.846513 -12.494536 -8.791372 6.899396 -15.662149 5.350832 -16.884533 11.698626 0.845982 -11.332174
4.130752 -0.739221 3.058994 -5.312224 20.215799 -0.858614 6.711230 28.802429 -12.635263 -18.211260 -11.874584 -1.907642 -17.262226 -18.055576 4.532524 8.100189 0.710642 -5.557698 -17.881535 -29.809692 1.950625 -12.678729 -8.978574 7.025146 -15.475403 5.554317 -16.921150 11.624771 0.943126 -11.268485
2.666923 -1.464690 3.466596 -5.454067 19.050980 -2.066570 7.434150 29.205128 -12.387044 -19.113802 -11.229595 -1.397834 -18.367502 -18.184067 3.589544 9.110478 0.016509 -6.306182 -17.531710 -30.015697 2.224513 -13.098035 -9.389050 7.471262 -14.967839 6.084524 -16.859058 11.540434 1.256960 -11.228378
0.945425 -4.187099 3.628952 -5.718688 16.113527 -3.250227 9.103855 28.952507 -11.905059 -20.714363 -9.524937 0.031480 -20.781631 -19.639446 1.909746 9.551777 -1.395861 -7.259135 -17.347027 -29.790194 2.988142 -13.797587 -9.993010 8.035354 -14.064589 6.998067 -16.878334 11.388092 1.905824 -10.923792
0.079279 -8.555317 4.495450 -4.640196 11.388666 -3.401024 12.351844 27.513872 -11.713763 -22.907270 -7.805498 1.597851 -23.241825 -20.660753 0.281500 10.747128 -3.018241 -7.698919 -16.128309 -28.925125 3.736662 -14.734471 -10.905628 8.835711 -12.820570 8.077428 -16.343109 11.547206 2.870478 -10.283161
-1.282493 -11.068233 6.845226 -4.409551 8.430514 -1.694808 15.061675 25.755220 -11.514244 -23.983549 -6.223752 2.848926 -25.636099 -21.454449 -0.901277 13.555149 -4.699125 -7.447580 -13.382166 -26.612701 4.500994 -15.657790 -11.859292 9.868390 -11.444843 9.060967 -15.120187 12.136251 4.089272 -9.649073
-1.295954 -10.091914 10.468429 -5.564563 8.300428 2.622802 16.727001 23.101336 -11.771027 -23.936069 -7.414915 2.059852 -26.204702 -20.315487 -0.218302 17.010757 -5.336927 -5.344289 -10.042741 -24.856583 4.568384 -16.309198 -12.215240 10.529243 -11.193542 10.264651 -13.601304 12.617458 5.717506 -10.248973
-1.039250 -8.034507 13.541809 -5.518991 8.947070 5.291391 17.557835 20.855295 -11.752255 -22.475153 -8.372492 0.994027 -26.439289 -19.853359 0.241283 17.874001 -6.482901 -1.580762 -9.202878 -23.451210 5.225963 -15.921052 -11.927459 10.960401 -11.725951 9.954348 -12.220910 13.077234 6.548196 -10.519517
0.130465 -6.565736 15.657529 -5.089447 12.365754 5.346968 15.711080 19.542431 -9.611115 -19.220957 -9.027956 -0.563635 -26.393713 -18.484711 0.715706 18.231293 -7.015196 2.663484 -9.167183 -22.646376 5.694654 -14.983466 -11.724787 12.350152 -12.502939 9.027102 -10.388494 12.920832 6.504791 -10.592136
2.134147 -7.416809 16.499313 -4.462160 14.088925 3.183534 13.134182 19.287788 -6.545508 -18.006441 -10.034573 -0.620698 -27.442257 -15.242127 1.222673 18.100613 -4.806051 4.396048 -9.070003 -21.689592 5.559968 -14.987237 -12.965076 13.839607 -13.428620 8.501652 -8.878245 11.948933 6.566329 -10.844830
3.827190 -8.869416 15.415534 -6.556400 14.050080 2.255035 10.958086 18.711662 -4.429950 -18.671091 -11.034111 0.762313 -29.303421 -12.171292 0.771035 17.638119 -2.771534 4.985459 -8.394221 -20.345636 4.411469 -14.680840 -14.721956 15.457906 -14.176739 7.520633 -6.595616 11.547469 5.924814 -9.291246
5.587343 -11.515066 11.909866 -11.585820 14.076694 3.526776 8.979535 18.553185 -1.854575 -19.559698 -12.338350 2.849517 -30.202778 -10.253304 -1.096165 17.586113 -3.242276 5.283519 -8.247897 -18.424686 2.935106 -14.013502 -16.058432 16.344564 -14.465192 6.345464 -3.882656 12.040152 5.069117 -5.969642
10.417071 -13.309803 9.345045 -16.076689 14.339053 6.157477 6.037807 18.664015 1.520586 -19.068022 -14.384819 4.249346 -29.155590 -8.624232 -2.133296 17.670624 -4.489941 6.021152 -8.045983 -16.818670 2.239348 -13.226283 -16.328875 16.573397 -15.077445 5.459486 -2.240921 12.592851 4.581184 -3.322587
15.142165 -14.106071 8.473189 -16.897074 13.759710 5.684661 5.559170 17.241358 3.326212 -17.912298 -16.387535 5.063258 -27.461336 -7.885293 -3.106976 18.160225 -5.952077 5.869783 -8.636827 -15.792748 1.009179 -12.194515 -16.406691 16.382669 -16.610703 4.180046 -0.800699 12.930974 3.872344 -1.113346
16.668489 -12.745542 8.647460 -16.996979 14.589802 3.883958 5.276513 15.911909 4.080497 -16.477007 -17.965265 5.344215 -25.761429 -7.549698 -2.982401 18.197792 -6.157995 6.001841 -8.740417 -14.632774 0.031448 -10.637218 -15.786335 16.632128 -18.307041 2.837032 -0.133238 12.691758 2.618481 -0.533216
17.614191 -11.110332 9.333287 -16.752783 16.267431 2.472245 4.312239 14.311985 5.109265 -15.037257 -19.303152 5.158504 -24.299332 -6.469464 -2.336849 18.261723 -5.792229 6.535612 -8.398856 -13.883255 -0.237473 -9.194655 -14.590830 16.689461 -19.388920 1.981663 -0.209291 12.427660 1.599410 -0.423748
17.463842 -10.672853 9.035666 -16.002611 17.209944 0.942757 4.528639 12.702110 5.169249 -13.967526 -19.972290 4.835742 -23.132042 -5.969156 -1.514156 17.620197 -4.904871 7.136694 -8.679757 -13.033647 -0.546711 -8.190166 -13.653648 16.628166 -19.764408 1.492431 -0.046785 12.665012 0.956963 -0.040794
17.570620 -10.444536 8.356440 -16.608345 17.933910 -0.319880 4.558058 11.325613 5.716081 -13.056881 -20.479212 4.769964 -22.578327 -5.745478 -0.997102 16.971592 -4.382263 7.855576 -8.889443 -12.201920 -0.753536 -7.533629 -12.988905 16.594791 -19.795588 1.219192 0.391010 13.151230 0.699347 0.520256
17.450953 -10.600180 7.374020 -17.168535 18.418804 -0.874533 4.603962 10.475195 5.846669 -12.578919 -20.740776 4.808926 -22.298365 -5.817954 -0.694360 16.275187 -4.130572 8.403037 -9.102205 -11.649296 -0.782573 -7.102384 -12.408563 16.570574 -19.728802 1.095721 0.722084 13.609953 0.628643 0.953448
17.448202 -10.593958 6.705619 -17.537249 18.662182 -1.222015 4.712758 9.673109 5.691398 -12.397657 -20.934269 4.863764 -21.937275 -5.910800 -0.498901 15.923109 -4.029504 8.564351 -9.306308 -11.260636 -0.859883 -6.939636 -12.240899 16.594011 -19.678724 1.066414 0.967956 13.842949 0.617116 1.163686
17.475693 -10.719322 6.289057 -17.654678 18.772299 -1.393056 4.711644 9.407148 5.643527 -12.306456 -21.023270 4.891180 -21.794666 -5.883801 -0.413782 15.810993 -3.926190 8.585429 -9.378345 -11.097071 -0.863242 -6.858909 -12.150036 16.586161 -19.680292 1.064505 1.044088 13.906929 0.618486 1.247249
17.508244 -10.697274 6.175399 -17.756014 18.819851 -1.419885 4.686388 9.310722 5.643050 -12.285969 -21.067070 4.905514 -21.733715 -5.857043 -0.396960 15.803585 -3.914298 8.577826 -9.398616 -11.050556 -0.839958 -6.835150 -12.101957 16.561640 -19.662836 1.068769 1.057110 13.947146 0.628456 1.298211
17.688519 -10.739891 5.835225 -17.992338 18.947716 -1.510039 4.576780 9.170977 5.684655 -12.253510 -21.129759 4.934408 -21.680122 -5.833800 -0.377684 15.770344 -3.896568 8.613551 -9.436446 -10.954014 -0.818667 -6.772256 -12.014193 16.581919 -19.663624 1.056211 1.073625 13.976997 0.614461 1.329237
17.788223 -10.705048 5.548035 -18.250341 19.102196 -1.596199 4.472818 8.887760 5.742915 -12.162098 -21.193169 4.962252 -21.531769 -5.873445 -0.315239 15.715477 -3.845505 8.593148 -9.506091 -10.803318 -0.815157 -6.725765 -11.941212 16.582438 -19.649271 1.058974 1.143022 14.046521 0.630588 1.397446
18.031536 -10.637921 5.117893 -18.551029 19.481323 -1.793747 4.183835 8.592520 5.890614 -11.953092 -21.301821 4.985481 -21.249844 -5.893224 -0.208951 15.715747 -3.718926 8.504069 -9.621468 -10.529161 -0.822465 -6.601681 -11.783537 16.600229 -19.664179 1.046996 1.227771 14.114936 0.614445 1.492344
18.355715 -10.484638 4.615869 -18.938402 19.863747 -1.946073 3.885088 8.413080 5.966897 -11.808494 -21.447680 5.001599 -20.948418 -5.865591 -0.091936 15.779963 -3.588305 8.429749 -9.673851 -10.220739 -0.849751 -6.566968 -11.756350 16.593565 -19.637684 1.052877 1.367210 14.226713 0.646461 1.610800
18.273979 -10.352528 4.313804 -19.230137 20.222895 -2.056351 3.703714 8.164362 6.001567 -11.615949 -21.539925 5.032028 -20.658600 -5.962005 0.050859 15.656253 -3.454171 8.441096 -9.773643 -9.868532 -0.821039 -6.424694 -11.553782 16.514334 -19.643902 1.003698 1.379532 14.322090 0.605404 1.731913
18.530777 -10.340199 3.912261 -19.267164 20.577852 -2.295542 3.495285 7.931285 6.097978 -11.309095 -21.523237 5.020548 -20.346851 -6.091510 0.193293 15.596766 -3.285624 8.304715 -9.898524 -9.607268 -0.798544 -6.299476 -11.378633 16.370007 -19.664856 0.959040 1.429234 14.450774 0.599994 1.944663
18.751852 -10.464930 3.652912 -19.233328 20.808969 -2.574705 3.372234 7.688414 6.284109 -11.034017 -21.410624 4.963379 -20.006323 -6.303288 0.343286 15.593611 -3.075226 7.984332 -10.076241 -9.495880 -0.761865 -6.205631 -11.208437 16.163511 -19.659494 0.922690 1.480640 14.628681 0.629154 2.195519
19.143351 -10.376522 3.047253 -19.083838 21.125336 -2.702256 3.259582 7.538911 6.054848 -10.800015 -21.260933 4.880624 -19.716824 -6.487504 0.472166 15.675447 -2.852752 7.621404 -10.210397 -9.452779 -0.713334 -6.079392 -11.001442 15.944915 -19.686119 0.865419 1.514529 14.789804 0.636853 2.422534
19.650156 -10.372164 2.380796 -18.953726 21.492702 -2.774363 3.012449 7.388350 5.964564 -10.470161 -21.149008 4.863425 -19.355753 -6.552028 0.608801 15.832480 -2.593241 7.248256 -10.330694 -9.211034 -0.656419 -6.028790 -10.885761 15.696461 -19.666826 0.866416 1.663184 15.032796 0.757269 2.763216
19.574295 -10.477377 1.757570 -18.611780 21.764406 -2.829754 3.039836 7.186580 5.596286 -10.187871 -21.055115 4.823640 -19.054264 -6.547601 0.758804 15.986588 -2.223679 6.813546 -10.414000 -9.119543 -0.617192 -5.950733 -10.755211 15.489560 -19.708054 0.834394 1.690295 15.145341 0.790487 2.972568
19.947920 -10.391478 1.307594 -18.277950 21.957571 -2.750452 2.999043 7.194661 5.239558 -10.006931 -21.032663 4.790706 -18.715105 -6.508105 0.929624 16.038254 -1.746336 6.356420 -10.485970 -9.048921 -0.616305 -5.828344 -10.578039 15.219309 -19.771847 0.778850 1.766522 15.307814 0.820300 3.250924
20.261383 -10.311790 0.932521 -18.009348 22.167057 -2.742264 3.075969 7.162914 4.872880 -9.814023 -21.021282 4.757967 -18.477776 -6.485267 1.031771 16.144957 -1.347190 5.892371 -10.499651 -9.083286 -0.619340 -5.733969 -10.445524 15.080115 -19.875761 0.698637 1.677407 15.292031 0.761156 3.234860
20.407982 -10.261369 0.898822 -17.692286 22.279871 -2.685248 3.177659 7.137688 4.629767 -9.639526 -21.019550 4.708505 -18.219353 -6.443892 1.192919 16.155426 -1.006604 5.653902 -10.600247 -9.002368 -0.619062 -5.605064 -10.328773 15.083852 -19.991814 0.611900 1.564845 15.172613 0.632174 3.150175
20.410606 -10.295134 0.707665 -17.349350 22.347404 -2.580919 3.275146 7.039851 4.338916 -9.482178 -21.008678 4.634602 -17.999306 -6.450943 1.307603 16.155930 -0.773764 5.447979 -10.699557 -9.056784 -0.557242 -5.437854 -10.104321 15.034660 -20.139431 0.532003 1.429655 15.070463 0.517801 3.154119
20.346087 -10.305080 0.584748 -17.141445 22.407299 -2.514091 3.348492 6.976612 4.154973 -9.362242 -21.013763 4.577105 -17.796469 -6.442840 1.416716 16.151136 -0.558181 5.264020 -10.756752 -9.069868 -0.482666 -5.274776 -9.897028 15.003611 -20.261555 0.427604 1.219823 14.922306 0.365077 3.068864
20.281391 -10.234692 0.512301 -16.842306 22.470020 -2.420144 3.446410 6.998192 3.875982 -9.265528 -21.002357 4.507714 -17.593338 -6.475894 1.467982 16.158276 -0.471930 5.094560 -10.874925 -9.182613 -0.409325 -5.159708 -9.730917 14.960777 -20.365726 0.353531 1.027682 14.795311 0.251971 3.006053
20.245190 -10.168810 0.519946 -16.671896 22.511063 -2.328008 3.503896 7.083512 3.699574 -9.225901 -20.997562 4.464007 -17.458916 -6.505032 1.505895 16.151531 -0.416825 4.990706 -10.945725 -9.251825 -0.359458 -5.120674 -9.675661 14.989559 -20.402645 0.322453 0.890178 14.678984 0.176450 2.911283
20.210938 -10.128930 0.513683 -16.548050 22.544106 -2.289805 3.550219 7.088682 3.580673 -9.187138 -20.997017 4.439784 -17.383230 -6.517359 1.539130 16.142735 -0.365514 4.932206 -10.977655 -9.273816 -0.335079 -5.069746 -9.609564 14.988647 -20.442085 0.289103 0.808650 14.614042 0.117178 2.875371
20.213001 -10.124311 0.514981 -16.543768 22.547005 -2.277048 3.558030 7.098002 3.568036 -9.183492 -20.997747 4.435318 -17.372429 -6.516452 1.547463 16.138714 -0.351769 4.923631 -10.983912 -9.278431 -0.342207 -5.070916 -9.622173 14.999894 -20.439251 0.286921 0.812589 14.604284 0.113271 2.860725
20.200209 -10.126556 0.513432 -16.537909 22.539421 -2.273561 3.561433 7.117390 3.562452 -9.191622 -20.993359 4.435800 -17.377903 -6.524467 1.536037 16.145172 -0.373198 4.924730 -10.987573 -9.288783 -0.329140 -5.062044 -9.602811 14.999150 -20.447556 0.281231 0.784278 14.589576 0.099626 2.850902
20.190060 -10.146145 0.520913 -16.606087 22.496149 -2.259687 3.554813 7.198682 3.602152 -9.240501 -20.986431 4.448351 -17.443039 -6.534200 1.490486 16.159639 -0.453689 4.966980 -10.973429 -9.313906 -0.334770 -5.077785 -9.630140 15.023736 -20.430016 0.287437 0.795190 14.587838 0.103517 2.829485
20.181473 -10.172985 0.527983 -16.676943 22.447968 -2.256712 3.541906 7.274150 3.661108 -9.288265 -20.974154 4.461922 -17.517292 -6.547911 1.440099 16.171680 -0.544651 5.017837 -10.954533 -9.341047 -0.346167 -5.089630 -9.654108 15.044116 -20.418190 0.293548 0.820434 14.599056 0.113781 2.815988
20.163446 -10.211451 0.570427 -16.797483 22.378878 -2.227514 3.523926 7.417730 3.748469 -9.371990 -20.954952 4.478807 -17.618784 -6.582207 1.370889 16.184223 -0.677634 5.086291 -10.933251 -9.388790 -0.351109 -5.117473 -9.700189 15.085668 -20.396776 0.300118 0.812041 14.575546 0.109396 2.761731
20.129778 -10.233890 0.646344 -16.898441 22.318945 -2.186111 3.508506 7.607079 3.826119 -9.460982 -20.938383 4.492596 -17.691675 -6.627857 1.320120 16.175936 -0.785313 5.135894 -10.908095 -9.436451 -0.401562 -5.214551 -9.856274 15.177773 -20.311102 0.338289 0.852997 14.568047 0.132712 2.671839
20.086531 -10.252698 0.786046 -16.974623 22.248028 -2.141714 3.503309 7.808520 3.912416 -9.560914 -20.947569 4.522301 -17.833874 -6.652203 1.251882 16.170551 -0.931794 5.236000 -10.837940 -9.486337 -0.424787 -5.283550 -9.958331 15.259759 -20.244373 0.368922 0.868220 14.555431 0.142364 2.597786
20.082596 -10.245858 0.959224 -17.064795 22.105602 -2.123693 3.514189 8.012956 4.042985 -9.671327 -20.956800 4.535657 -17.957891 -6.683980 1.190493 16.156685 -1.077788 5.311789 -10.800561 -9.590739 -0.437804 -5.321683 -10.018719 15.331298 -20.199459 0.384412 0.893656 14.551762 0.152362 2.532101
20.043581 -10.268990 1.078052 -17.252419 21.942932 -2.048623 3.520965 8.298877 4.179142 -9.823628 -20.935329 4.531723 -18.155014 -6.736947 1.084205 16.138771 -1.307127 5.417557 -10.791822 -9.786851 -0.437710 -5.413808 -10.113192 15.438313 -20.122726 0.398524 0.779007 14.454680 0.118112 2.290305
20.031370 -10.352780 1.292701 -17.501917 21.721107 -1.901546 3.446904 8.724899 4.419789 -10.052084 -20.932339 4.535017 -18.437683 -6.762029 0.934386 16.128742 -1.639191 5.580384 -10.752074 -10.082153 -0.413604 -5.430514 -10.151634 15.572762 -20.099800 0.407106 0.732766 14.367496 0.089559 2.150958
19.937029 -10.489769 1.599516 -17.575596 21.570183 -1.614764 3.403507 9.218264 4.492132 -10.300375 -20.870249 4.523873 -18.734224 -6.800053 0.770255 16.209339 -1.980249 5.735662 -10.720705 -10.286592 -0.364772 -5.524015 -10.274124 15.784501 -20.006588 0.488673 0.659294 14.237680 0.077213 2.019063
19.911026 -10.580341 1.851134 -17.783934 21.424191 -1.282643 3.348201 9.677063 4.636566 -10.499832 -20.842903 4.486034 -18.849817 -6.842564 0.721232 16.265043 -2.118548 5.718684 -10.770900 -10.502625 -0.320324 -5.582453 -10.329670 15.948222 -19.989395 0.536423 0.544113 14.105038 0.046458 1.844689
19.889050 -10.595245 2.088067 -17.891367 21.296997 -0.960366 3.285559 10.239048 4.716158 -10.679440 -20.733826 4.450710 -19.045395 -6.905565 0.577878 16.415228 -2.394011 5.719628 -10.763480 -10.733161 -0.307208 -5.781494 -10.552416 16.230894 -19.869324 0.677486 0.469616 13.966499 0.078734 1.617871
19.966978 -10.586706 2.265153 -17.766628 21.132526 -0.566521 3.241438 10.846046 4.662194 -10.800880 -20.493214 4.446160 -19.339661 -7.004619 0.433351 16.519951 -2.628478 5.618481 -10.829425 -11.062357 -0.290997 -6.011150 -10.782736 16.475557 -19.744190 0.822123 0.311244 13.793410 0.101770 1.336122
19.991335 -10.594831 2.693687 -17.651361 20.811306 -0.107953 3.207626 11.769417 4.689779 -11.044487 -20.182795 4.432438 -19.581036 -7.142622 0.216485 16.787472 -2.916642 5.450923 -10.867195 -11.288837 -0.204982 -6.244181 -10.966235 16.655678 -19.595263 0.969743 0.051859 13.584137 0.114047 1.099379
9.765709 -1.799080 5.941225 -17.278837 5.893992 -4.675394 19.869358 7.385976 -11.867782 -21.320839 -17.107893 0.345013 -21.951702 -19.402622 3.945493 13.307494 1.609397 5.686717 -2.693558 -7.606572 1.402263 -6.224234 -8.032993 9.848190 -14.187097 10.179959 -3.049204 16.645185 6.979983 -5.019895
9.714073 -1.975007 6.225100 -16.856762 5.693769 -4.278495 19.819775 8.078950 -11.916155 -21.472887 -16.467739 0.189835 -22.182411 -19.711294 3.592495 13.697497 1.088049 5.463475 -2.926001 -8.022888 1.619324 -6.567306 -8.124395 9.913407 -13.746786 10.563064 -3.661470 16.411263 7.032538 -5.405622
9.732445 -1.988748 6.254060 -16.115690 5.662621 -4.160483 19.888411 8.457937 -12.278885 -21.469145 -15.788053 0.121280 -22.416830 -20.054642 3.248552 14.196507 0.545782 5.169573 -2.942157 -8.308755 1.829937 -6.797192 -8.115744 9.877776 -13.435592 10.847072 -4.196308 16.258842 7.060872 -5.639890
10.016205 -1.758295 6.292693 -15.365849 5.854158 -4.108138 19.705242 9.225863 -12.561428 -21.406458 -15.045403 -0.004638 -22.378109 -20.440331 3.013948 14.699663 0.124159 4.560226 -3.114934 -8.703173 2.145457 -6.964068 -7.935001 9.664975 -13.142962 11.121581 -4.852035 16.159027 7.111137 -5.845226
10.651856 -1.349803 6.042315 -14.596321 6.242867 -4.455794 19.538494 9.877668 -12.963414 -21.229891 -14.450201 -0.159447 -21.991207 -20.821144 2.933294 15.157525 -0.160724 3.910392 -3.225287 -8.894199 2.577521 -7.050887 -7.635769 9.335425 -12.856282 11.295548 -5.613093 16.071939 7.124314 -6.040809
8.736317 -4.568479 7.029422 -10.456648 10.047071 -4.739049 17.371269 12.412809 -9.682206 -18.959730 -13.218966 4.717114 -22.535465 -21.909687 5.063474 11.286431 -2.104672 2.304149 -6.514172 -9.901211 3.497534 -10.756218 -5.828901 9.062578 -14.907300 8.766711 -8.424300 16.298784 5.768992 -5.141561
8.762058 -5.405828 6.496478 -9.391891 10.919018 -5.502646 16.826262 13.070373 -9.307250 -18.414593 -12.407830 5.444259 -22.646431 -23.052105 5.291256 9.629244 -2.173356 1.588944 -7.786706 -9.892012 4.234542 -10.357202 -5.395542 8.559436 -14.694124 7.997499 -9.536352 16.167728 5.240243 -4.962468
8.899161 -5.141538 6.074737 -8.696957 11.882360 -5.178834 16.559109 13.460968 -9.823451 -18.175600 -12.546951 5.337804 -22.001888 -23.045462 5.406430 9.313433 -1.879222 1.031804 -8.370697 -10.668862 4.853852 -10.504247 -4.817615 8.108202 -14.800607 7.949981 -10.394018 16.152618 5.231258 -5.181308
8.361268 -4.825918 5.425975 -8.243584 12.403604 -5.531253 16.565092 13.316193 -10.431883 -17.940580 -12.911098 4.950815 -21.197754 -22.969776 5.912231 8.629848 -1.233383 0.668084 -8.926227 -11.345034 5.074860 -10.319892 -4.298649 7.689392 -14.954515 7.944134 -10.747398 16.282017 5.225411 -5.229810
7.577650 -4.701188 4.696013 -7.785874 12.936899 -5.797906 16.529284 12.858685 -10.847453 -17.466467 -13.424529 4.755857 -20.576466 -22.676975 6.394004 7.938642 -0.645995 0.584993 -9.459569 -11.665657 5.249608 -10.106613 -3.821014 7.273164 -15.128301 7.918974 -11.056289 16.377375 5.207490 -5.231047
6.749204 -4.654433 4.169110 -7.587070 13.204211 -5.982563 16.644474 12.209082 -11.212441 -17.193071 -14.200670 4.672222 -19.608992 -22.343758 6.998225 7.329304 0.227924 0.293242 -9.873403 -11.632721 5.314628 -9.830755 -3.334203 6.812270 -15.379870 7.778625 -11.255921 16.522469 5.135106 -5.054112
5.928572 -4.887371 3.798367 -7.518005 13.283681 -6.111611 16.922562 11.571775 -11.611618 -17.180716 -14.807298 4.709862 -19.187721 -22.037802 7.307593 6.963094 0.771209 0.299378 -9.982704 -11.438601 5.311724 -9.488217 -2.759855 6.219949 -15.724294 7.590147 -11.451304 16.709162 5.021619 -4.679798
4.791834 -5.396861 3.646437 -7.397760 13.189609 -6.278883 17.370754 10.709663 -11.941183 -17.241320 -15.478545 4.806755 -18.362799 -21.690483 7.756964 6.847977 1.477245 -0.104372 -10.043183 -11.082163 5.212914 -9.192743 -2.303412 5.704346 -16.091738 7.431344 -11.540471 16.820612 4.919960 -4.253497
3.336473 -6.026826 3.466845 -7.180831 12.863833 -6.413206 17.965384 9.611315 -12.324347 -17.374056 -16.153728 4.964842 -17.600641 -21.367271 8.118176 6.844366 2.093429 -0.523607 -10.023067 -10.678715 5.042812 -9.021567 -2.060034 5.277574 -16.434431 7.292582 -11.581002 16.868355 4.837129 -3.809363
2.155458 -6.723851 3.401748 -7.169812 12.405707 -6.453862 18.555431 8.555051 -12.551369 -17.575623 -16.857231 5.059742 -16.805777 -21.090603 8.488262 6.820975 2.831632 -0.857340 -9.993605 -10.197418 4.957593 -8.841126 -1.805184 4.836965 -16.750147 7.128465 -11.623546 16.897436 4.792821 -3.356774
1.142798 -7.253675 3.423567 -6.952906 12.221954 -6.538127 19.083761 7.662713 -12.826247 -17.649923 -17.395395 5.113765 -16.098331 -20.849745 8.902329 6.781528 3.454401 -1.084376 -9.975369 -9.783122 4.940172 -8.691804 -1.419590 4.300697 -17.061352 7.068860 -11.794625 16.927565 4.815164 -2.823018
0.268567 -7.421546 3.058777 -6.832727 12.280534 -6.566524 19.347551 6.779954 -13.170661 -17.533686 -17.823698 5.248807 -15.483176 -20.630024 9.285975 6.753544 4.060720 -1.326922 -9.920854 -9.204867 4.959653 -8.464128 -0.951621 3.741527 -17.411489 7.051929 -11.908760 16.959488 4.849680 -2.085133
-0.513645 -7.435947 2.428713 -6.727611 12.524194 -6.624565 19.549118 5.961222 -13.646352 -17.300404 -18.073544 5.379226 -14.867694 -20.529726 9.595798 6.860921 4.559859 -1.729439 -9.963240 -8.681774 5.053200 -8.195491 -0.445756 3.188600 -17.801445 7.048040 -12.050157 16.971937 4.871313 -1.295044
-1.242351 -7.352600 1.585062 -6.598970 12.916490 -6.699414 19.703386 5.194443 -14.257998 -17.011387 -18.270733 5.542503 -14.056799 -20.420460 10.000258 7.022331 5.253506 -2.350940 -9.965148 -7.944341 5.192212 -8.002704 -0.059208 2.753495 -18.051785 7.026046 -12.193030 16.991882 4.904527 -0.686000
-1.827749 -7.279503 0.739116 -6.415366 13.333125 -6.772376 19.800308 4.543539 -14.804111 -16.699480 -18.388702 5.576563 -13.056545 -20.365583 10.489679 7.033404 6.057393 -3.245897 -10.219938 -7.554923 5.325345 -7.806955 0.291967 2.433332 -18.264603 6.987619 -12.274442 17.005415 4.926476 -0.160303
-2.287495 -7.180155 -0.007944 -6.205328 13.721984 -6.812399 19.820345 4.183403 -15.334582 -16.457590 -18.369610 5.569417 -12.404836 -20.360336 10.814769 7.098058 6.583742 -3.874385 -10.340970 -7.291981 5.485239 -7.608884 0.579792 2.227847 -18.434650 6.941683 -12.305184 17.009106 4.932883 0.273323
-2.483241 -7.028491 -0.649172 -6.026967 14.048089 -6.841949 19.793795 4.003685 -15.766224 -16.253901 -18.378923 5.577991 -11.935436 -20.364071 11.048114 7.146761 6.951192 -4.286650 -10.449421 -7.091417 5.647860 -7.408751 0.898394 1.993695 -18.614479 6.876612 -12.332805 17.037655 4.950814 0.694318
-2.512855 -6.926039 -1.017764 -5.905951 14.234965 -6.864260 19.775490 3.878988 -15.983773 -16.089630 -18.372540 5.569498 -11.517259 -20.375259 11.266717 7.182144 7.299919 -4.650228 -10.573559 -6.924118 5.755978 -7.289721 1.100605 1.831388 -18.722616 6.846412 -12.363738 17.059235 4.970183 0.955382
-2.490759 -6.844540 -1.244820 -5.829145 14.338478 -6.895895 19.736755 3.850547 -16.114645 -16.022545 -18.360905 5.590605 -11.291256 -20.381409 11.412745 7.222073 7.546923 -4.839234 -10.614960 -6.716189 5.804073 -7.250119 1.182276 1.756917 -18.759504 6.833135 -12.376330 17.070301 4.991218 1.056689
-2.503055 -6.793868 -1.362739 -5.788536 14.400041 -6.904770 19.723892 3.836026 -16.190760 -15.978669 -18.360088 5.596710 -11.211823 -20.374386 11.450069 7.229445 7.605121 -4.895600 -10.609461 -6.653244 5.829854 -7.193704 1.234736 1.763699 -18.798908 6.801897 -12.330726 17.081938 4.990989 1.122445
-2.468728 -6.771499 -1.399566 -5.783208 14.408925 -6.913652 19.712206 3.836359 -16.199879 -15.962315 -18.357155 5.609349 -11.197684 -20.374626 11.467994 7.228525 7.638178 -4.897063 -10.597393 -6.591437 5.842886 -7.184114 1.256800 1.745313 -18.808756 6.801253 -12.340226 17.083256 4.993621 1.145389
