-9.926991 -19.833710 0.284656 -1.885589 23.422010 -7.427594 8.908987 13.533695 -8.435946 3.501716 -9.183790 -7.465220 -14.015477 -5.240516 11.187430 8.394514 6.627573 -4.522869 -23.037092 1.238973 9.578949 10.097654 -7.244962 5.549198 -8.590495 0.798137 -18.485003 9.881883 -1.331259 4.585424
-10.148880 -19.806387 0.099539 -1.694164 23.547533 -7.394751 8.886985 13.592842 -8.647721 3.576734 -9.093196 -7.559019 -13.696442 -5.261711 11.245862 8.513088 6.707182 -4.846253 -23.099142 1.157553 9.631811 10.144724 -7.121400 5.459129 -8.633172 0.811011 -18.560711 9.862249 -1.337181 4.735725
-10.359379 -19.689577 -0.060612 -1.466334 23.579714 -7.315077 8.817209 13.852179 -8.938542 3.534206 -8.804930 -7.709274 -13.276090 -5.374150 11.278510 8.932264 6.689607 -5.426752 -23.187559 0.985345 9.766460 10.110916 -6.997892 5.331971 -8.564526 0.934031 -18.730804 9.831614 -1.266641 4.778851
-11.205324 -19.852024 -0.080941 -0.762474 23.291689 -6.795324 8.979014 14.637367 -9.736676 2.970835 -7.469347 -7.991369 -13.894073 -5.859689 10.593362 10.485905 5.476513 -5.918688 -22.948702 0.384856 10.051088 9.650489 -7.285114 5.248306 -8.007898 1.448039 -19.123001 9.827094 -0.957713 4.162090
-11.976752 -20.525543 -0.049234 -0.265887 22.845919 -6.192635 9.377893 15.262717 -10.427045 2.290715 -6.226305 -8.285234 -14.500720 -6.343287 10.023627 11.855629 4.590829 -6.355241 -22.786371 -0.139321 10.288704 8.809205 -8.072849 5.393214 -7.115239 2.123846 -19.444984 9.825178 -0.509839 2.868247
-12.725695 -20.836302 -0.503940 0.111046 22.820498 -5.799662 9.632416 15.781464 -11.237687 1.866746 -6.094349 -8.363039 -14.323486 -6.512539 10.273959 11.993971 5.036988 -6.785384 -23.038750 -0.197572 10.693002 8.525459 -8.156706 5.420774 -6.857838 2.485451 -19.792353 9.761433 -0.278637 2.294665
-12.669384 -20.333052 -1.471543 0.126679 23.302414 -5.586832 9.186043 16.926849 -11.852387 1.781674 -5.692943 -8.466075 -14.550664 -6.988711 9.984083 11.851519 4.754296 -7.261344 -23.517538 -1.094317 10.802197 8.268855 -8.292989 5.254750 -6.882880 2.578809 -20.182472 9.545561 -0.151565 2.025860
-12.061411 -19.531576 -2.051427 -0.098032 23.797421 -5.484459 8.550220 18.063072 -12.111421 1.690652 -5.694806 -8.600470 -14.253749 -7.091592 10.006179 11.527487 4.960153 -7.932532 -24.020308 -1.963768 10.842915 8.023825 -8.576008 5.220176 -6.898094 2.552502 -20.496017 9.259906 -0.144131 1.810642
-11.850460 -18.971891 -2.171264 -0.213292 24.226768 -5.540085 8.093726 18.641619 -12.215476 1.623975 -5.860697 -8.721065 -14.020235 -6.999507 10.086127 11.367960 5.184798 -8.328103 -24.185156 -2.526978 10.858061 8.038111 -8.613023 5.030490 -7.066737 2.364485 -20.774734 9.045299 -0.300936 1.954105
-11.432543 -18.462770 -2.237287 -0.375200 24.594328 -5.600351 7.701464 19.034960 -12.244248 1.619826 -5.848586 -8.961849 -13.505502 -6.926516 10.396443 11.423361 5.579033 -8.830898 -24.487122 -2.890028 10.922786 8.008852 -8.593924 4.802076 -7.226764 2.376771 -21.000486 8.915793 -0.290973 2.058841
-11.457832 -18.463713 -2.135700 -0.396963 24.573156 -5.639004 7.692959 19.141647 -12.230327 1.511732 -5.724354 -8.979708 -13.563628 -6.970428 10.308239 11.553176 5.452659 -8.953457 -24.500748 -3.082484 10.949382 7.931870 -8.710667 4.891087 -7.150723 2.435873 -20.980175 8.902746 -0.245860 1.920717
-11.617056 -18.688501 -0.939586 -0.889244 23.909281 -5.816165 7.714859 19.882488 -11.565183 0.605333 -5.043558 -8.806008 -14.751394 -7.399515 9.345353 12.188150 4.101296 -8.923939 -24.260128 -3.898519 11.287853 7.656158 -9.071326 5.266679 -6.709378 2.631084 -20.914337 9.020265 0.027099 1.066626
-10.726985 -18.895998 2.074308 -1.345780 21.918268 -6.076871 7.487186 21.421938 -9.580231 -0.824687 -3.654289 -8.935977 -18.318577 -8.119374 7.288567 12.415279 0.779386 -6.511878 -23.613649 -5.510207 11.259680 7.032743 -10.308891 6.533779 -6.017731 2.499156 -20.291237 9.335688 0.429564 -1.417437
-7.911506 -19.092764 6.283157 -2.078079 18.855722 -6.782936 7.397756 23.996822 -6.497185 -2.648328 -1.885803 -9.411795 -22.095287 -9.123946 5.765768 11.724265 -2.691037 -3.192825 -22.847382 -7.254307 10.324859 5.507378 -12.901696 8.748700 -4.988727 2.792573 -18.625267 9.928577 1.289824 -4.833746
-5.285296 -18.306713 9.838454 -4.288316 16.543312 -6.960934 7.537768 25.506132 -4.503826 -4.439990 0.067543 -9.121186 -26.629011 -11.224036 4.455511 10.128618 -4.842073 -0.320787 -22.533768 -7.994823 7.484923 3.149116 -16.281420 11.178437 -5.287481 5.190138 -16.513201 8.370728 2.342371 -5.867842
-1.080039 -16.859468 12.705125 -6.726511 10.714099 -12.886566 11.196212 23.123940 -3.668342 -8.748082 3.006586 -7.464494 -35.835674 -12.950393 5.585164 5.744565 -0.239253 2.924700 -17.488510 -6.053597 1.566481 1.805467 -20.301584 15.336114 -8.423906 8.491324 -14.017262 2.416819 0.618348 -3.793774
-0.783484 -15.898393 16.199514 -9.756079 8.169787 -16.604830 13.137332 21.906342 -0.773306 -9.022411 1.490741 -3.824649 -40.534821 -14.217729 5.588445 2.645438 1.696310 5.135698 -13.579646 -1.940776 -1.510293 3.265487 -22.345217 18.900946 -10.124846 8.888904 -10.309499 1.112539 -0.768650 -5.212201
0.759115 -16.656237 17.390835 -15.030169 7.328641 -17.577532 10.793480 19.115705 4.599640 -9.393769 -1.599281 0.266077 -43.038399 -14.845192 4.271519 1.154185 -0.587755 8.666203 -11.000302 3.508415 -1.436205 4.376716 -20.468016 20.151112 -11.009645 10.807843 -5.163703 3.208443 2.138394 -4.523479
3.402639 -18.312738 15.766761 -18.886635 7.579067 -15.454817 8.339128 16.002819 7.044186 -9.930546 -4.630349 2.239483 -41.900352 -13.978030 3.676094 1.563699 -1.519115 10.581798 -10.057804 8.454632 1.449521 5.508377 -17.207800 18.957956 -12.424314 11.860380 -1.980665 5.072318 5.537666 -1.318485
3.879728 -18.552645 14.128654 -20.464296 8.330248 -14.711733 7.290932 13.864630 7.327081 -9.861215 -6.537956 2.809413 -40.920990 -12.951274 3.408478 2.281458 -1.524080 11.058219 -9.433787 10.229080 2.598496 5.489559 -16.074533 17.910015 -13.241998 11.832084 -0.813787 6.166608 7.262549 0.471018
3.896814 -18.655210 13.926707 -20.673632 8.318432 -14.624126 7.272598 13.558832 7.297676 -9.868555 -6.768215 2.945438 -40.873634 -12.788390 3.438880 2.356688 -1.449256 11.070733 -9.281205 10.412270 2.593442 5.585493 -15.954093 17.937729 -13.308317 11.739804 -0.597124 6.330743 7.290738 0.690997
3.980275 -18.751337 13.650411 -20.914492 8.136847 -14.378397 7.219615 13.521482 7.191223 -10.091743 -7.035751 3.050887 -40.928780 -12.619574 3.438596 2.481651 -1.488336 10.963309 -9.065190 10.258835 2.490492 5.529667 -15.989027 17.918663 -13.389989 11.692409 -0.467258 6.457043 7.349664 0.804001
4.201574 -18.861994 13.121793 -21.312429 7.908791 -14.033925 7.068354 13.447323 7.031762 -10.450317 -7.375278 3.209852 -41.093422 -12.399690 3.547695 2.682842 -1.444866 10.853739 -8.601044 10.079423 2.445497 5.251713 -16.188564 17.673321 -14.112494 11.916051 -0.466030 5.968596 7.683442 1.352326
4.580360 -18.904177 12.139006 -21.899321 7.667550 -13.860886 6.889771 13.047636 6.824339 -10.761176 -7.777049 3.340328 -41.271851 -12.018641 3.682228 3.055732 -1.285523 10.645628 -7.974781 9.810555 2.061168 4.853558 -16.634829 17.455961 -14.374162 12.190640 -0.477115 5.617523 7.770325 1.951422
5.168331 -18.588377 11.157737 -21.863445 7.612333 -14.088211 7.083106 12.818065 6.335878 -10.494960 -7.962680 3.326228 -41.205536 -11.911895 3.865205 3.543988 -1.263243 10.617706 -7.339183 9.885677 1.165388 4.687673 -17.212801 17.260902 -14.481612 12.053464 -0.570078 5.274447 7.181101 2.926348
4.698203 -17.862827 10.987184 -22.070868 7.474315 -14.716099 7.600981 12.384420 5.888143 -10.378645 -8.328148 3.325506 -40.988716 -11.680756 3.982835 4.104254 -1.391240 10.930638 -6.714236 10.443073 0.158120 4.711233 -17.893881 17.465446 -14.651656 12.001782 -0.862534 4.228972 6.119396 4.009919
3.376474 -16.633272 12.031318 -22.114637 7.294312 -15.641658 8.546047 11.992062 5.380214 -10.509533 -8.305010 2.927586 -41.049835 -11.513587 4.557471 4.554507 -0.764445 11.586114 -5.785037 11.175491 -0.516077 5.081948 -17.977148 17.660643 -14.756467 11.715028 -1.156019 3.699639 5.142657 4.476487
1.953402 -15.782132 12.908246 -22.277292 7.430502 -16.524101 9.232823 11.547601 5.048492 -10.572227 -8.256499 2.410236 -41.044529 -11.175983 5.155947 4.616718 0.253573 11.757442 -5.259593 11.242527 -0.791632 5.572801 -17.697067 17.873253 -14.867440 11.533448 -1.368352 3.482166 4.508403 4.501879
0.682351 -14.951702 13.576453 -22.097551 7.660292 -17.071634 9.594903 11.368469 4.743694 -10.471664 -8.311265 1.828424 -40.915482 -11.094737 5.721447 4.282871 1.104482 12.101834 -5.073561 11.167590 -1.104546 5.772757 -17.482523 17.709675 -14.617357 11.380910 -1.530911 3.794176 4.094863 4.615134
0.258415 -14.686575 13.566940 -21.940607 7.870880 -16.960085 9.607180 11.383327 4.433767 -10.379694 -8.472208 1.589421 -40.673615 -11.068772 5.950562 4.068006 1.395010 12.285351 -5.146727 11.231480 -1.138736 6.028048 -17.232605 17.751150 -14.582431 11.149872 -1.604303 3.929716 3.822332 4.552390
0.131754 -14.635595 13.493266 -21.938932 7.982450 -16.986765 9.579292 11.276495 4.382131 -10.318076 -8.540423 1.566429 -40.617893 -11.010169 6.054832 3.997874 1.555669 12.309232 -5.139706 11.294166 -1.173362 6.172380 -17.077497 17.689547 -14.596171 11.051860 -1.549999 4.052819 3.742270 4.664940
-0.367766 -14.476468 12.963584 -22.055174 8.550893 -16.981989 9.403831 10.557007 4.099212 -10.063608 -8.948773 1.492580 -39.818291 -10.686714 6.565159 3.953237 2.090825 12.221278 -5.217220 11.787622 -1.289266 6.573563 -16.688034 17.307367 -14.794803 10.690098 -1.398083 4.384520 3.544227 5.184113
-1.070718 -14.454138 11.702662 -21.943419 9.579077 -16.645613 8.970626 9.519718 3.484741 -9.540266 -9.756027 1.567632 -38.695183 -9.729445 7.354097 4.019968 3.176918 11.725326 -5.190927 12.184227 -1.510070 7.383406 -15.948267 16.564270 -15.025754 9.936085 -1.258481 5.100410 3.070646 5.803029
-2.137870 -14.656976 9.896977 -21.948954 10.615943 -16.140768 8.692760 8.194393 2.794455 -8.900267 -10.801067 1.986589 -37.101803 -8.643891 8.655643 3.980364 5.099312 10.559783 -5.369087 13.027284 -2.034847 8.702685 -14.998453 16.439716 -15.382797 9.024048 -0.975320 5.524360 2.107126 6.024712
-3.275818 -14.939571 7.069990 -22.172161 12.291347 -15.753036 8.314165 7.253304 1.540959 -8.006780 -12.289053 3.057258 -35.472862 -6.938742 10.929307 3.540101 8.813816 7.948375 -5.189186 13.556953 -2.477523 10.387947 -13.981522 16.387369 -15.794341 8.105639 -0.886258 5.500618 0.671152 6.327529
-4.305182 -15.870791 3.651947 -21.557268 13.314080 -15.769770 8.624421 5.018865 -0.194013 -7.028165 -14.129720 3.844708 -33.000954 -4.843378 13.188774 3.613979 12.095472 4.802128 -5.120827 13.799303 -2.753388 12.194921 -12.733443 15.545277 -16.485680 7.017965 -1.043960 5.716275 -0.666808 6.969304
-4.987270 -16.205538 0.027375 -21.644136 14.301684 -15.517570 8.275703 3.413215 -1.613337 -6.438146 -15.779246 4.667373 -30.331909 -3.142660 14.535327 4.131097 13.382886 2.240687 -5.924420 14.236753 -2.382025 13.706151 -10.836983 14.857009 -17.096365 6.107662 -2.042548 5.361685 -2.181501 8.140131
-9.983119 -24.368299 1.202604 -16.778851 24.204006 -1.187366 4.661810 4.778750 4.377286 4.608183 -13.660196 5.437380 -24.544453 4.573432 14.461008 6.710989 9.202595 -3.974846 -16.999704 10.712335 0.024351 11.777736 -10.360361 11.573241 -16.856224 0.377745 -5.305147 9.203736 -3.140139 11.531330
-10.233984 -24.203623 -0.220701 -14.752106 25.867737 -0.415947 4.884490 3.530508 2.767007 6.100173 -14.491584 5.106089 -21.638515 3.713609 15.016692 6.991137 9.518180 -6.375447 -17.698481 10.789040 0.963841 12.411321 -8.908685 10.606574 -16.821995 0.067025 -6.972682 8.895551 -3.790300 11.605338
-10.627341 -23.400940 -0.308026 -12.259529 27.126204 -0.793118 5.984116 2.933028 1.202793 8.107720 -14.930126 4.604868 -18.178247 2.551515 15.288938 8.114651 8.394539 -8.144290 -18.883810 10.092422 2.158686 13.411233 -6.689087 9.534465 -16.395176 0.048312 -9.068666 8.797066 -4.518669 11.387636
-7.024172 -20.992058 0.072321 -7.968205 25.705788 -6.417898 7.024914 3.070932 -3.424919 6.196501 -15.522116 -2.552911 -13.675979 1.667007 12.614184 12.028255 11.552129 -5.832426 -18.131815 8.349147 6.474842 16.282967 -5.170391 7.852193 -13.310311 -2.607859 -10.914223 10.338669 -4.457496 11.085440
-4.205275 -19.630388 1.406983 -5.317822 25.900766 -6.092084 8.229488 5.212442 -4.778101 7.539465 -13.126041 -4.575416 -10.673719 -1.695246 13.290061 12.996075 8.926511 -5.934730 -19.866156 9.875648 7.244007 17.059145 -3.872333 8.553102 -11.766139 -2.418798 -13.267795 9.939875 -5.526329 8.837175
-1.842330 -18.343159 5.248568 -3.485875 24.874939 -6.986498 9.522639 6.767851 -3.975914 7.944541 -11.186263 -6.634348 -9.880560 -4.358607 13.176087 12.355746 6.656604 -4.933639 -21.313150 9.595759 7.603766 16.486128 -3.621084 9.530469 -10.268998 -1.879388 -14.695687 9.901032 -5.618723 5.905101
1.684165 -17.385790 7.834219 -3.629835 24.054678 -7.191895 9.643070 8.175186 -2.540745 8.380823 -9.514435 -7.635953 -10.527190 -6.239000 12.431602 12.306426 2.978596 -2.505776 -21.714993 10.362709 7.984324 15.915851 -3.799857 10.617705 -8.936766 -1.295288 -15.304850 9.907749 -5.427582 3.418962
4.119065 -17.374414 9.053638 -3.309946 22.958927 -7.143182 10.429840 10.066278 -2.079674 8.467188 -8.451210 -8.275861 -11.675288 -8.022624 11.421350 12.452360 -0.417143 1.109811 -21.546131 12.083128 8.501205 15.266538 -4.127132 11.540913 -7.915355 -0.596463 -15.834163 9.593782 -5.068369 1.547470
5.371022 -17.744101 9.807338 -2.444860 22.283827 -7.019330 11.499496 11.636284 -2.270403 8.622484 -7.533142 -8.736718 -13.291007 -8.636708 11.254212 11.305892 -0.422338 2.504068 -21.544794 11.413874 8.676701 14.346976 -4.524669 12.401851 -7.144529 -0.098879 -15.871238 9.894924 -4.415062 0.660664
4.646801 -18.212408 10.135149 -2.293273 21.266211 -7.564308 12.563384 13.447771 -2.439863 8.261309 -6.916434 -9.123071 -14.435922 -9.166268 11.432059 9.991236 -0.649892 3.468488 -21.855637 10.077549 8.685379 13.472584 -5.167290 12.928611 -6.792469 0.182432 -15.637349 10.136458 -3.789345 -0.004559
3.678699 -18.660868 9.712487 -2.644500 20.616009 -8.179490 13.015501 14.900678 -2.504537 7.788787 -6.285805 -9.486702 -15.488374 -9.879758 11.411950 8.971842 -1.395966 4.485738 -22.084208 9.300711 8.560322 12.755018 -5.778096 13.258854 -6.810799 0.382229 -15.051100 10.308788 -3.198160 -0.034352
3.178294 -19.123692 9.392149 -2.911470 20.193920 -8.448699 12.975997 15.640725 -2.526956 7.362066 -6.143378 -9.509637 -16.272011 -10.118119 11.107437 8.525030 -1.529695 5.023748 -22.033075 8.848049 8.480624 12.348473 -6.133905 13.462886 -6.853432 0.491290 -14.613877 10.419629 -2.837283 0.071559
2.983258 -19.434145 9.205359 -3.093420 19.950733 -8.509995 12.941868 15.945074 -2.540465 7.178639 -6.171459 -9.499124 -16.577682 -10.149416 10.929870 8.307047 -1.511020 5.236974 -21.967674 8.600993 8.430099 12.174363 -6.313325 13.524115 -6.893920 0.565437 -14.387158 10.453966 -2.654359 0.174098
