-8.743142 0.601863 4.188391 -4.235514 13.460471 -4.198047 14.350628 25.747478 -25.906513 -13.439770 -4.706835 -4.540377 -12.374251 -11.399993 1.075996 14.504223 4.417649 -9.784682 -26.631760 -27.023216 9.807238 3.420414 -12.734480 4.114815 -4.808673 5.376137 -24.070805 7.900428 1.104213 -2.965707
-8.582417 0.396920 4.125210 -4.171988 13.348825 -4.258745 14.335877 25.977543 -25.859606 -13.513044 -4.702781 -4.482579 -12.383596 -11.520169 0.988587 14.421381 4.227339 -9.879380 -26.755667 -27.157497 9.876060 3.323425 -12.812825 4.132163 -4.826275 5.383158 -24.002260 7.909318 1.249724 -3.122941
-8.319360 -0.244741 3.796956 -4.060646 13.218917 -4.478707 14.209287 26.349171 -25.673176 -13.596538 -4.621089 -4.296703 -12.457929 -11.783607 0.825976 14.127362 4.042614 -10.105189 -27.007395 -27.251513 10.037157 3.144370 -12.944467 4.145334 -4.835799 5.351148 -23.958225 7.948755 1.504906 -3.532911
-7.998159 -1.000608 3.573719 -3.966906 12.916957 -4.692319 14.149948 26.852400 -25.407665 -13.774334 -4.531688 -4.117170 -12.711109 -12.013270 0.671599 13.673112 3.957583 -10.205170 -27.215801 -27.329742 10.387794 2.867780 -13.150131 4.200104 -4.881453 5.292855 -23.857887 7.996578 1.929263 -4.172616
-7.344773 -2.289442 3.090308 -3.734809 12.445252 -5.068895 14.144510 27.163200 -24.977551 -13.887856 -4.489834 -4.049768 -12.974042 -12.403016 0.871564 12.758656 4.166537 -10.033944 -27.471418 -27.421137 10.678487 2.511586 -13.456514 4.212245 -4.996406 5.357444 -23.671427 7.931056 2.457579 -4.857863
-6.610539 -4.256836 2.605666 -3.318611 11.460414 -5.624838 14.193090 27.571424 -24.313694 -14.307154 -4.407976 -4.150543 -13.433280 -12.806903 1.065410 11.920544 4.315378 -9.429224 -27.538267 -27.535757 10.974854 2.112096 -13.719460 4.451492 -5.076228 5.543789 -23.447760 7.817933 3.051853 -5.814803
-6.341576 -6.169857 2.400947 -2.824731 10.513295 -6.165509 14.247892 28.249056 -23.644825 -14.787367 -4.363385 -4.345160 -14.021200 -13.133491 1.253117 11.109867 4.345808 -8.489804 -27.463013 -27.737774 11.102928 1.598787 -13.983252 4.774498 -5.113338 6.060637 -23.065250 7.661720 3.801929 -6.823523
-6.018950 -7.740340 2.186528 -2.519609 9.800315 -6.835025 13.971617 29.176140 -23.016665 -15.317959 -4.450446 -4.517557 -14.546007 -13.434514 1.403681 10.459049 4.334892 -7.698236 -27.249447 -27.938259 11.103818 1.261700 -14.276136 5.143373 -5.525751 6.196520 -22.726418 7.375519 4.274558 -7.861880
-5.013350 -9.024518 1.729577 -2.546592 9.440980 -7.678073 13.321968 30.081100 -22.094170 -15.668875 -4.525047 -5.022157 -15.115078 -13.426089 1.747775 10.226198 4.533267 -6.675541 -26.781046 -28.289946 11.008965 1.134815 -14.296936 5.575522 -5.920589 6.365368 -22.311499 7.132014 4.653642 -8.911736
-3.750944 -9.395376 1.470837 -3.158499 9.557867 -8.145325 12.384327 30.910055 -21.180214 -15.828847 -4.481053 -5.198301 -15.738353 -13.637966 1.756455 9.940096 4.248106 -5.659736 -26.526762 -28.257509 10.799439 1.047506 -14.352169 5.860924 -6.353421 6.451308 -22.030752 6.942170 4.866930 -9.812566
-2.694920 -8.774529 1.399671 -4.291387 10.423569 -8.225847 11.231514 31.328354 -20.242628 -15.696619 -4.507980 -5.026552 -16.334263 -13.904340 1.526850 9.628633 3.718704 -4.996509 -26.276754 -28.107851 10.336428 1.224106 -14.359802 6.018239 -6.907011 6.164075 -21.631916 7.049062 4.805033 -10.530965
-2.208645 -6.937028 1.308889 -6.048524 12.218400 -8.019238 9.473404 31.609394 -19.229649 -14.898533 -4.749743 -4.753722 -16.825603 -14.017376 1.385480 8.891783 3.486459 -4.384594 -26.191267 -28.017237 9.557420 1.579477 -14.344071 6.086923 -7.877361 5.647643 -21.361885 6.930285 4.384935 -11.057436
-1.531048 -4.944780 1.484885 -7.398207 13.854200 -7.452725 7.939946 31.849133 -18.623627 -14.252472 -5.397845 -4.449602 -17.177999 -13.993634 1.483187 7.680565 3.590928 -3.688599 -26.103491 -28.090355 8.743519 2.173474 -14.216370 6.104452 -8.448015 4.863227 -21.186626 7.245927 3.624329 -11.286533
-0.549531 -3.291708 1.874381 -7.930784 15.530540 -6.758478 6.768011 31.968559 -18.172272 -13.308534 -5.871170 -4.200562 -17.470449 -13.836170 1.476400 6.946635 3.527424 -3.208036 -26.026072 -28.213043 7.608049 2.612869 -14.263388 6.072029 -9.210109 4.309231 -20.994963 7.373876 2.897737 -11.640314
0.246427 -1.450433 2.498179 -8.432337 16.927422 -6.019888 5.751894 31.915882 -17.943933 -12.600397 -6.100989 -4.065304 -17.731287 -13.815000 1.491123 6.389169 3.493773 -2.846053 -25.961943 -28.296135 6.693031 3.037788 -14.386354 6.245138 -9.782876 3.777915 -20.724552 7.397550 2.219594 -11.844161
1.084604 -0.466077 3.196695 -8.662811 17.593063 -5.531480 5.110271 31.920427 -17.451681 -12.060768 -6.627327 -3.852508 -17.986177 -13.745880 1.591034 5.555657 3.546218 -2.365775 -25.838114 -28.397940 6.254846 3.197732 -14.410503 6.280757 -9.973130 3.514746 -20.489960 7.558484 2.017447 -11.956345
1.980320 0.114948 3.639214 -8.727899 18.079525 -4.809144 4.695992 31.687311 -17.163837 -11.546028 -6.939178 -3.806824 -18.014633 -13.723836 1.609691 5.149740 3.506322 -2.178190 -25.913210 -28.539646 5.673227 3.321745 -14.532454 6.378813 -10.159528 3.221467 -20.338642 7.622987 1.666306 -12.070857
2.623633 0.509890 3.944757 -8.850451 18.309963 -4.229259 4.497826 31.287741 -17.025017 -11.192604 -7.166360 -3.754967 -18.070877 -13.603992 1.573772 4.872059 3.453353 -1.994386 -25.867434 -28.639645 5.367627 3.385693 -14.613947 6.362099 -10.213778 3.056953 -20.218033 7.719604 1.482775 -11.870695
2.837735 0.829160 4.206545 -8.837292 18.431885 -4.071500 4.421427 31.085442 -16.947008 -10.969307 -7.358023 -3.683151 -18.079269 -13.503329 1.560562 4.636374 3.466080 -1.866964 -25.868866 -28.646254 5.156810 3.393165 -14.707391 6.337504 -10.223807 2.964707 -20.127193 7.798576 1.385308 -11.695302
2.960627 1.065357 4.317120 -8.871988 18.437166 -3.934886 4.410735 31.001408 -17.013027 -10.965540 -7.444368 -3.654930 -18.057234 -13.471581 1.574861 4.541732 3.471248 -1.815463 -25.846313 -28.625801 5.058321 3.400327 -14.743052 6.297696 -10.245034 2.906544 -20.102364 7.819430 1.329341 -11.599995
2.544010 0.546769 4.334681 -8.895573 18.150867 -4.229064 4.549285 31.235703 -16.799549 -11.203985 -7.232649 -3.637057 -18.371496 -13.465526 1.412933 4.862766 3.273623 -1.774900 -25.696869 -28.688244 5.264497 3.269132 -14.821205 6.469946 -10.195500 3.111477 -20.164629 7.632635 1.470053 -11.781996
1.081632 -0.179829 4.740059 -9.036818 16.986578 -5.434619 5.272133 31.637650 -16.552906 -12.106585 -6.722895 -3.590374 -19.244959 -13.261685 0.941723 5.807944 2.814850 -1.676730 -25.202005 -28.909912 5.647836 2.868455 -15.236959 6.961491 -9.972470 3.584649 -20.044342 7.298123 1.869347 -11.919246
-0.641388 -2.900398 4.907744 -9.300539 14.050201 -6.617534 6.942211 31.386972 -16.066551 -13.704210 -5.784815 -3.462061 -20.648148 -13.177339 0.093850 7.305323 1.900509 -1.410322 -24.465469 -28.812416 6.540662 1.860076 -15.960772 7.622826 -9.071086 4.661113 -20.042877 6.813047 2.733525 -11.708256
-1.507574 -7.266048 5.785522 -8.213881 9.322639 -6.758491 10.200093 29.948845 -15.873908 -15.894816 -4.872302 -3.293329 -22.179272 -12.686599 -0.918837 9.707436 0.821154 -1.030068 -23.272985 -28.416880 7.938315 0.095073 -17.092014 9.135223 -7.003716 6.690450 -19.568441 6.388764 4.436666 -11.529481
-2.862917 -9.786715 8.128325 -7.980738 6.363492 -5.061476 12.906193 28.191320 -15.673503 -16.973171 -3.708896 -2.443459 -24.059143 -12.819802 -2.192757 11.639148 -0.729118 -0.067663 -22.322636 -26.680458 8.000643 -1.304706 -18.830671 10.699929 -4.498975 7.881959 -18.827065 6.543617 4.855114 -10.363342
-2.880916 -8.807635 11.767833 -9.123827 6.228774 -0.714256 14.573846 25.540737 -15.937032 -16.931097 -2.995077 -0.440859 -25.584389 -14.117928 -3.760665 11.608006 -2.757164 0.450975 -22.362051 -24.041603 6.522719 -1.353180 -20.003323 11.461710 -2.912555 7.544245 -18.049410 7.369431 3.491569 -7.437826
-2.610158 -6.760748 14.835156 -9.090181 6.860337 1.954417 15.411134 23.285103 -15.915683 -15.478653 -2.825528 0.206322 -26.557545 -15.322733 -4.092840 11.192816 -4.230606 2.158304 -21.817163 -22.359148 4.002334 -0.631183 -20.430880 12.409076 -3.095668 7.590035 -17.286770 6.810871 1.511822 -4.488289
-1.412814 -5.297207 16.926384 -8.664170 10.299941 2.024002 13.531734 21.981865 -13.772007 -12.220783 -2.968558 2.689553 -28.688683 -17.680267 -4.415792 8.513758 -4.917371 3.138995 -21.185904 -19.393459 1.992207 0.916779 -19.814129 13.565327 -3.852066 7.964396 -17.031816 5.804648 -0.462762 -2.967661
0.590622 -6.149471 17.767292 -8.038685 12.023231 -0.136905 10.953876 21.725773 -10.706159 -11.006820 -3.395799 4.663281 -31.790176 -17.748356 -4.592574 8.040370 -4.838920 3.789655 -18.150866 -18.096619 0.571395 2.407050 -18.812407 13.996844 -5.750202 8.175341 -15.743251 5.634095 -0.907565 -3.102937
2.272386 -7.603379 16.663666 -10.131815 11.997383 -1.082733 8.771652 21.155254 -8.592289 -11.669239 -4.577519 6.817275 -34.686207 -16.617691 -5.083452 8.540139 -4.491820 5.048551 -15.228997 -15.783522 0.218578 2.973755 -18.384880 14.171052 -6.741096 8.614812 -14.082785 6.017944 -0.242947 -3.386738
4.003092 -10.246992 13.192744 -15.149020 12.003762 0.178228 6.816426 20.985790 -6.020476 -12.569523 -5.821290 7.826979 -36.924675 -15.267821 -5.804189 9.722939 -5.159077 7.013898 -12.501314 -14.526785 -0.827873 2.500293 -19.659342 12.888949 -6.641896 8.283053 -11.973683 7.978284 0.477419 -2.146098
8.831815 -12.029385 10.635655 -19.626265 12.264422 2.809183 3.889413 21.101908 -2.658799 -12.065107 -8.001285 8.533097 -38.414650 -13.495781 -5.253786 9.950161 -4.268228 9.539992 -9.559039 -12.482302 -1.941999 1.608024 -21.411240 11.874872 -6.662605 7.909626 -9.268554 10.101758 1.728897 -1.515218
13.560627 -12.827774 9.749762 -20.455767 11.676869 2.337669 3.420940 19.685696 -0.860217 -10.906268 -10.607757 9.109317 -38.319183 -11.273978 -3.729079 9.762141 -1.339394 10.451633 -7.528593 -10.347893 -3.394480 1.003752 -22.994150 10.307991 -6.999213 6.658428 -7.533370 11.968261 2.238544 -0.866586
15.081923 -11.456976 9.934839 -20.557611 12.501321 0.531760 3.136157 18.352457 -0.104560 -9.484833 -13.397565 9.449203 -37.500847 -8.980478 -2.109505 9.935476 1.845013 10.313725 -5.485716 -8.784006 -4.226422 1.281945 -23.142900 9.138820 -7.977536 5.519018 -6.961741 12.543375 2.107527 -0.629106
16.042997 -9.834570 10.590337 -20.325571 14.193906 -0.903676 2.154028 16.748100 0.932406 -8.034362 -15.153680 8.962571 -36.650635 -7.120278 -0.736074 9.596148 4.406669 9.994803 -4.362889 -9.118076 -5.072382 2.034233 -22.593788 8.647994 -9.307881 5.215618 -6.723541 12.100115 1.631366 -0.178355
15.891105 -9.390038 10.303840 -19.576559 15.135432 -2.436928 2.375421 15.142599 0.995630 -6.964265 -16.470619 8.374853 -35.588745 -5.744097 0.477638 9.225622 6.427080 9.852805 -3.927932 -9.292838 -5.559125 2.698605 -21.705481 8.076150 -10.248624 4.997376 -6.407671 12.307449 1.598780 -0.050310
16.001999 -9.164358 9.624370 -20.177380 15.855833 -3.703115 2.408848 13.766994 1.542145 -6.051824 -17.242176 8.086041 -34.764172 -4.820246 1.378892 9.442627 7.828424 9.534350 -3.596751 -9.048264 -6.023838 3.168668 -21.293432 7.761159 -10.842349 4.702752 -5.798599 12.741466 1.584899 0.124619
15.854750 -9.322992 8.652202 -20.716225 16.323326 -4.268315 2.454590 12.926325 1.656327 -5.599798 -17.612288 8.053035 -34.274208 -4.423038 1.716766 9.640289 8.254027 9.403913 -3.490490 -8.824604 -5.924601 3.353466 -20.941740 7.087140 -11.121746 4.428386 -5.732006 13.238556 1.760973 0.137246
15.850979 -9.316879 7.983757 -21.085114 16.566923 -4.616130 2.563262 12.124856 1.501258 -5.418438 -17.831398 8.073199 -33.962811 -4.174713 1.981866 9.653276 8.530386 9.365131 -3.444455 -8.667069 -5.906234 3.553776 -20.607792 7.104952 -11.103562 4.409852 -5.397583 13.608556 1.875238 0.136402
15.870365 -9.434755 7.574679 -21.208559 16.681803 -4.777459 2.564841 11.857319 1.458178 -5.322255 -17.899857 8.080423 -33.830456 -4.094699 2.096796 9.616262 8.671168 9.328191 -3.452064 -8.606968 -5.954777 3.642315 -20.486002 7.088155 -11.113029 4.377824 -5.287441 13.738461 1.855650 0.218033
15.906689 -9.415127 7.455878 -21.308924 16.727070 -4.807320 2.540251 11.760451 1.455143 -5.301744 -17.909882 8.081687 -33.774452 -4.104577 2.113487 9.629494 8.660000 9.313012 -3.468796 -8.576443 -5.942774 3.646519 -20.462229 7.032036 -11.121990 4.368708 -5.334602 13.749913 1.854755 0.226172
16.087128 -9.457860 7.115772 -21.545183 16.854761 -4.897336 2.430536 11.620507 1.496759 -5.269358 -17.926605 8.097136 -33.751190 -4.114590 2.124424 9.646223 8.633171 9.338897 -3.461299 -8.519815 -5.928045 3.678374 -20.414413 6.949284 -11.150607 4.323951 -5.314694 13.837014 1.867251 0.261200
16.186876 -9.423046 6.828476 -21.803129 17.009291 -4.983495 2.326557 11.337271 1.554903 -5.177952 -17.968779 8.123272 -33.650486 -4.095765 2.194644 9.641636 8.690616 9.318602 -3.477199 -8.431285 -5.979559 3.663223 -20.476870 6.807743 -11.123296 4.271111 -5.321611 13.919976 1.835133 0.335937
16.430189 -9.355921 6.398335 -22.103819 17.388416 -5.181042 2.037575 11.042028 1.702602 -4.968946 -18.076395 8.157562 -33.475899 -4.008222 2.360050 9.642535 8.909218 9.196902 -3.444727 -8.341008 -6.007375 3.681074 -20.489416 6.647726 -11.034351 4.187284 -5.294099 14.094565 1.781405 0.438018
16.753763 -9.201707 5.896008 -22.491276 17.771725 -5.333961 1.738651 10.863811 1.778325 -4.823972 -18.146860 8.187013 -33.303291 -3.939374 2.471821 9.673836 9.036780 9.137151 -3.441865 -8.202503 -6.045418 3.683056 -20.518066 6.562778 -10.916276 4.152678 -5.148139 14.316504 1.790086 0.598510
16.665354 -9.069204 5.593044 -22.784832 18.131958 -5.442924 1.555863 10.619263 1.811641 -4.630810 -18.223633 8.225364 -33.116760 -3.884887 2.585718 9.699991 9.123408 9.108910 -3.441155 -8.028479 -6.005050 3.677647 -20.505949 6.071220 -10.924920 3.929852 -5.222729 14.589624 1.822324 0.796288
16.921694 -9.057018 5.192445 -22.822248 18.486078 -5.681355 1.347514 10.385740 1.908516 -4.324263 -18.362305 8.308377 -32.850674 -3.787912 2.721978 9.718209 9.269451 9.010255 -3.451799 -7.809525 -5.886020 3.854460 -20.247969 5.589194 -10.908527 3.740142 -5.230687 14.981691 1.836085 1.164529
17.142008 -9.182549 4.934046 -22.788593 18.715847 -5.959785 1.224611 10.142515 2.095344 -4.049663 -18.496662 8.405684 -32.455978 -3.761058 2.865267 9.764117 9.393782 8.852440 -3.514379 -7.500806 -5.736307 4.012868 -20.017727 5.087284 -10.904428 3.528088 -5.133499 15.449505 1.926678 1.636425
17.533525 -9.093518 4.328034 -22.639151 19.032997 -6.087931 1.111768 9.994020 1.865728 -3.815390 -18.559172 8.498704 -32.239208 -3.724534 2.911825 9.817592 9.439409 8.817034 -3.555467 -7.197717 -5.639322 4.200790 -19.724413 4.621390 -10.986794 3.289267 -5.228290 15.756718 1.902521 1.896440
18.040983 -9.089005 3.661893 -22.507360 19.400476 -6.160334 0.865479 9.844484 1.775120 -3.484942 -18.573547 8.590360 -31.974541 -3.749907 3.021995 9.771765 9.576694 8.707860 -3.619309 -6.900274 -5.547256 4.421169 -19.433920 4.216583 -11.159403 3.046066 -5.277498 16.003944 1.898987 2.155236
17.965124 -9.194220 3.038665 -22.165415 19.672180 -6.215725 0.892863 9.642715 1.406842 -3.202651 -18.583536 8.724197 -31.783251 -3.763022 3.085674 9.917110 9.642411 8.616989 -3.588078 -6.434993 -5.510162 4.522305 -19.270590 3.931901 -11.352828 2.872536 -5.554375 15.923709 1.828071 2.081539
18.342861 -9.112823 2.584916 -21.832664 19.863708 -6.136920 0.852348 9.649239 1.050563 -3.024770 -18.643913 8.810857 -31.540470 -3.756845 3.171450 9.964263 9.738985 8.474311 -3.589471 -6.173826 -5.498787 4.719583 -18.981829 3.512587 -11.574998 2.643330 -5.693386 16.051424 1.776137 2.283257
18.656322 -9.033136 2.209843 -21.564062 20.073193 -6.128731 0.929272 9.617491 0.683886 -2.831861 -18.701485 8.870815 -31.347763 -3.769165 3.302049 9.925797 9.948868 8.215503 -3.592316 -6.138024 -5.538285 4.685500 -18.934160 3.353035 -11.760051 2.650043 -5.943860 15.918324 1.773600 2.227934
18.802919 -8.982714 2.176145 -21.247002 20.186008 -6.071715 1.030963 9.592264 0.440773 -2.657364 -18.760817 8.913138 -31.169048 -3.750137 3.412324 9.914339 10.135065 7.989652 -3.583360 -6.080725 -5.568083 4.684780 -18.885599 3.290281 -11.807746 2.664267 -6.025439 15.899199 1.768499 2.263426
18.805216 -9.016762 1.982800 -20.904697 20.253941 -5.966944 1.128675 9.493407 0.148530 -2.499615 -18.852081 8.901551 -30.961769 -3.735175 3.521190 9.879703 10.331702 7.693977 -3.581435 -6.215027 -5.580452 4.636606 -18.778360 3.142498 -11.836879 2.750041 -6.338780 15.773829 1.736099 2.205738
18.740694 -9.026709 1.859884 -20.696791 20.313835 -5.900115 1.202019 9.430169 -0.035414 -2.379678 -18.921246 8.882709 -30.787699 -3.723161 3.582437 9.901435 10.449069 7.488220 -3.583258 -6.274605 -5.583632 4.583006 -18.729870 3.047255 -11.878140 2.797117 -6.629992 15.608294 1.695306 2.076691
18.675999 -8.956320 1.787437 -20.397654 20.376556 -5.806170 1.299937 9.451750 -0.314404 -2.282965 -18.979458 8.792743 -30.569975 -3.677333 3.678819 9.852262 10.667705 7.236015 -3.620189 -6.447741 -5.580012 4.536045 -18.676874 2.953297 -11.881573 2.852187 -6.851436 15.508135 1.672112 1.997750
18.639797 -8.890438 1.795082 -20.227242 20.417597 -5.714033 1.357424 9.537069 -0.490811 -2.243338 -18.997913 8.737937 -30.428730 -3.675970 3.741088 9.819708 10.790548 7.095835 -3.656436 -6.532416 -5.586996 4.502058 -18.678905 2.936590 -11.894221 2.874002 -6.981909 15.410144 1.644475 1.906045
18.605547 -8.850557 1.788819 -20.103397 20.450642 -5.675830 1.403747 9.542239 -0.609713 -2.204575 -19.006958 8.711722 -30.345356 -3.675205 3.776893 9.811378 10.859872 7.017133 -3.675550 -6.561550 -5.586833 4.471216 -18.665724 2.896685 -11.894357 2.902260 -7.095416 15.351133 1.631828 1.849113
18.607609 -8.845940 1.790116 -20.099112 20.453541 -5.663071 1.411556 9.551559 -0.622350 -2.200928 -19.009340 8.709790 -30.336105 -3.672653 3.782981 9.810061 10.876287 7.001087 -3.671728 -6.566286 -5.587138 4.471265 -18.670488 2.899837 -11.899935 2.898223 -7.097068 15.342852 1.631325 1.844856
18.594816 -8.848185 1.788567 -20.093256 20.445957 -5.659586 1.414961 9.570948 -0.627935 -2.209057 -19.008690 8.705791 -30.341076 -3.671026 3.780027 9.808008 10.872827 7.003473 -3.673864 -6.579484 -5.588829 4.465445 -18.668543 2.895983 -11.900250 2.903214 -7.117746 15.329705 1.626650 1.829690
18.584665 -8.867773 1.796049 -20.161434 20.402683 -5.645712 1.408341 9.652239 -0.588234 -2.257937 -19.005774 8.714671 -30.407555 -3.668278 3.757267 9.797543 10.838857 7.046084 -3.657542 -6.603310 -5.590713 4.471210 -18.685711 2.922721 -11.905362 2.888456 -7.092437 15.322557 1.622358 1.818512
18.576082 -8.894614 1.803119 -20.232290 20.354504 -5.642736 1.395433 9.727707 -0.529278 -2.305702 -19.004250 8.718542 -30.472023 -3.663168 3.735998 9.779226 10.796802 7.102330 -3.650042 -6.629601 -5.593163 4.480812 -18.703897 2.962027 -11.916616 2.871470 -7.058166 15.313910 1.619280 1.805328
18.558052 -8.933079 1.845562 -20.352831 20.285412 -5.613539 1.377455 9.871286 -0.441917 -2.389427 -19.003696 8.721928 -30.562449 -3.654140 3.710146 9.743967 10.761441 7.164693 -3.634290 -6.685144 -5.599389 4.475169 -18.741987 2.999917 -11.934154 2.851024 -7.048314 15.279724 1.611549 1.761953
18.524382 -8.955521 1.921481 -20.453787 20.225479 -5.572136 1.362034 10.060637 -0.364268 -2.478420 -19.009438 8.720603 -30.617659 -3.641492 3.690193 9.707153 10.730943 7.211924 -3.621843 -6.749465 -5.608047 4.474515 -18.841772 3.111099 -11.955848 2.796991 -6.963126 15.243771 1.600798 1.691323
18.481138 -8.974327 2.061182 -20.529970 20.154564 -5.527738 1.356836 10.262077 -0.277969 -2.578351 -19.001659 8.728833 -30.725327 -3.634204 3.662251 9.679485 10.689897 7.285022 -3.602015 -6.790016 -5.612849 4.480531 -18.915033 3.205466 -11.975572 2.755087 -6.898304 15.205589 1.583035 1.626404
18.477400 -8.967275 2.235920 -20.619745 20.011833 -5.510021 1.367576 10.467221 -0.146373 -2.689034 -19.005018 8.710629 -30.824539 -3.615672 3.649748 9.628411 10.706126 7.316389 -3.602226 -6.901535 -5.619575 4.483054 -18.971951 3.285475 -11.997600 2.726784 -6.851373 15.153675 1.568536 1.550811
18.438477 -8.990307 2.355477 -20.807188 19.849020 -5.435091 1.374287 10.753472 -0.009736 -2.841462 -18.991989 8.677894 -31.002066 -3.578232 3.587744 9.624802 10.665421 7.389365 -3.578044 -7.051159 -5.525844 4.454823 -18.980730 3.302098 -11.994892 2.737300 -6.955753 15.064453 1.585776 1.384863
18.426264 -9.074098 2.570127 -21.056688 19.627195 -5.288014 1.300225 11.179495 0.230910 -3.069918 -18.973934 8.613969 -31.248671 -3.485156 3.513194 9.658209 10.635003 7.464416 -3.485702 -7.266224 -5.454504 4.437732 -19.002409 3.334121 -12.006564 2.732734 -7.027271 14.983774 1.592626 1.250329
18.332558 -9.214069 2.871046 -21.128918 19.475555 -5.006160 1.255980 11.670784 0.300244 -3.316974 -18.927040 8.512885 -31.530998 -3.448380 3.416028 9.773505 10.481561 7.649705 -3.420286 -7.451011 -5.374516 4.358403 -19.097496 3.396856 -11.954978 2.749979 -7.120163 14.901226 1.619795 1.050724
18.310141 -9.306616 3.118531 -21.339994 19.340004 -4.666468 1.198619 12.129614 0.449152 -3.501969 -18.820225 8.355898 -31.803047 -3.429696 3.332122 9.909155 10.400510 7.701282 -3.358780 -7.763507 -5.302136 4.288196 -19.118189 3.394063 -11.907258 2.798481 -7.278349 14.816639 1.639756 0.886599
18.288210 -9.321551 3.355361 -21.447374 19.212864 -4.344190 1.135961 12.691576 0.528629 -3.681582 -18.612068 8.221696 -32.171371 -3.468900 3.178334 10.080334 10.196821 7.815978 -3.264047 -8.040002 -5.182486 4.149275 -19.237715 3.458868 -11.793428 2.866635 -7.447668 14.717917 1.695572 0.620181
18.373133 -9.320189 3.526295 -21.325434 19.041157 -3.976574 1.094006 13.300767 0.476089 -3.800175 -18.453262 8.111302 -32.650364 -3.392720 3.022918 10.207368 10.059206 7.929046 -3.145398 -8.407987 -5.030342 3.908128 -19.441477 3.629413 -11.569261 3.044614 -7.631440 14.594069 1.802365 0.301930
18.397505 -9.328306 3.954833 -21.210184 18.719921 -3.518001 1.060198 14.224121 0.503681 -4.043787 -18.237663 8.008975 -33.016563 -3.413851 2.843097 10.440207 9.850327 7.976271 -3.035301 -8.637844 -4.868693 3.617117 -19.608252 3.687503 -11.306569 3.286740 -7.969329 14.459471 1.914711 -0.049830
6.101787 2.064371 8.748876 -22.280354 6.018158 -4.120826 19.032967 9.668344 -14.281899 -13.683681 -11.116442 2.013329 -24.785095 -14.424478 -4.241992 4.026312 3.059309 9.503976 -19.913960 -6.639625 3.333849 5.059343 -13.002707 13.527114 -8.292590 4.790878 -11.434319 9.927373 0.050137 -0.121418
6.050152 1.888445 9.032754 -21.858274 5.817936 -3.723927 18.983387 10.361317 -14.330270 -13.835730 -10.548370 1.907033 -24.969769 -14.896071 -4.483671 4.505712 2.645604 9.043542 -20.045122 -7.038890 3.721330 4.715951 -13.062606 13.501418 -7.930224 5.101220 -11.982097 9.759249 0.253205 -0.578317
6.068523 1.874704 9.061712 -21.117205 5.786788 -3.605915 19.052017 10.740305 -14.693002 -13.831985 -9.874845 1.798514 -25.180374 -15.252767 -4.730589 5.083392 2.211299 8.725988 -19.955236 -7.260923 4.039646 4.514886 -13.021015 13.447669 -7.678258 5.305544 -12.438130 9.656765 0.380607 -0.889897
6.351273 2.104179 9.099148 -20.367846 5.978904 -3.554763 18.868971 11.506870 -14.974630 -13.768205 -9.103435 1.610573 -25.208380 -15.593007 -4.902687 5.649107 1.853067 8.284989 -19.930326 -7.548627 4.398097 4.374733 -12.845308 13.299668 -7.387878 5.484509 -13.018518 9.588221 0.451062 -1.183060
6.986924 2.512672 8.848769 -19.598318 6.367612 -3.902418 18.702223 12.158675 -15.376616 -13.591637 -8.518679 1.267540 -24.741800 -15.833154 -4.800010 5.953649 1.757217 7.768726 -20.066662 -7.859556 4.780941 4.270765 -12.607059 13.046992 -7.095293 5.600274 -13.745597 9.491958 0.445722 -1.471061
7.039335 -3.120803 8.502542 -14.025494 8.158496 -7.768888 15.299214 14.808428 -13.690989 -12.020661 -8.708066 1.066925 -23.085072 -10.808153 -0.180481 8.866447 1.858619 7.559784 -18.934093 -11.764830 6.812447 5.849777 -13.765355 11.786692 -5.623713 3.703519 -14.093947 10.142855 0.911137 -2.073263
7.377171 -4.174387 7.605667 -12.762272 8.880809 -8.968030 14.737366 15.448109 -13.523683 -11.478305 -8.293166 0.271645 -22.447462 -10.448359 0.733233 9.315042 2.111526 7.287276 -18.839563 -12.472025 7.517871 6.024484 -13.579415 11.191065 -5.434999 2.840690 -14.550979 10.482898 0.894669 -2.074170
7.459260 -3.974588 7.290308 -12.149835 9.744222 -8.690454 14.330168 15.900324 -14.058319 -11.265385 -8.279524 -0.031122 -21.811304 -10.583881 0.915792 9.076308 2.350023 6.966137 -19.370970 -13.226549 7.985878 6.524098 -13.151304 10.872998 -5.413265 2.590203 -15.525084 10.129396 0.400774 -2.238165
6.791488 -3.563913 6.658435 -11.815887 10.309743 -8.976229 14.430798 15.747650 -14.614206 -10.929585 -8.609762 -0.372903 -21.019806 -10.456704 1.400928 8.410829 2.993286 6.657754 -19.964453 -13.782700 8.230824 6.846640 -12.618399 10.548164 -5.565268 2.256199 -16.136789 10.103370 0.036119 -2.432290
6.016104 -3.430913 5.909927 -11.386355 10.853341 -9.221682 14.408166 15.302091 -15.014213 -10.440203 -9.071928 -0.514021 -20.371363 -10.140419 1.912715 7.746977 3.660000 6.555867 -20.510859 -13.904604 8.442262 7.199913 -12.136370 10.166037 -5.689376 1.941180 -16.664034 10.079895 -0.296734 -2.491052
5.191829 -3.384578 5.379218 -11.188406 11.122885 -9.404562 14.519437 14.654513 -15.379149 -10.166092 -9.758690 -0.536290 -19.484520 -9.799247 2.445407 7.165067 4.507090 6.271201 -20.941345 -13.779262 8.541270 7.591884 -11.759021 9.835112 -5.902894 1.552791 -16.921268 10.075928 -0.642370 -2.342794
4.359288 -3.608123 5.017060 -11.119921 11.207555 -9.519732 14.799047 14.016514 -15.778173 -10.153217 -10.297731 -0.456278 -19.107843 -9.555396 2.678181 6.817253 5.014848 6.228100 -21.099356 -13.539248 8.638945 8.037294 -11.325769 9.399006 -6.156908 1.133790 -17.171169 10.069363 -1.006479 -1.982265
3.234604 -4.127163 4.856412 -10.999133 11.108224 -9.700899 15.245727 13.155043 -16.107878 -10.214449 -10.874504 -0.375720 -18.374256 -9.225516 3.049015 6.700971 5.641028 5.873488 -21.204142 -13.184325 8.612946 8.408068 -10.963159 9.044620 -6.466689 0.772266 -17.274704 10.051670 -1.305907 -1.598589
1.779909 -4.757859 4.676208 -10.782380 10.782185 -9.835302 15.840401 12.056440 -16.490967 -10.347681 -11.469373 -0.257059 -17.638309 -8.871450 3.397660 6.759364 6.226996 5.501362 -21.187170 -12.701895 8.544408 8.654269 -10.739048 8.756083 -6.738927 0.512199 -17.298132 10.027702 -1.488265 -1.206109
0.578933 -5.430300 4.653625 -10.767838 10.349640 -9.794452 16.388512 10.999334 -16.714268 -10.575964 -12.110719 -0.202208 -16.807821 -8.501718 3.788273 6.803437 6.952873 5.164003 -21.190599 -12.183159 8.559816 8.863613 -10.421547 8.349483 -7.012124 0.435769 -17.410551 9.964406 -1.570207 -0.588618
-0.405945 -5.981753 4.666848 -10.528395 10.152147 -9.899923 16.898666 10.109943 -16.997768 -10.670877 -12.595234 -0.164850 -16.067520 -8.173382 4.177209 6.785976 7.531742 4.860404 -21.255365 -11.829832 8.632174 9.015567 -10.043839 7.872213 -7.271852 0.424551 -17.593750 9.950157 -1.574479 0.062972
-1.280412 -6.148911 4.300599 -10.410039 10.212338 -9.928085 17.163563 9.227005 -17.342237 -10.552825 -13.005096 -0.065513 -15.399664 -7.927850 4.563272 6.738808 8.111759 4.551008 -21.279337 -11.369053 8.773571 9.198785 -9.522430 7.373596 -7.512125 0.487288 -17.741901 9.945824 -1.511057 0.948404
-2.062625 -6.163311 3.670535 -10.304922 10.455997 -9.986128 17.365131 8.408272 -17.817932 -10.319546 -13.218031 0.032146 -14.760253 -7.859342 4.828543 6.801167 8.569455 4.064050 -21.429573 -10.998644 8.954659 9.412074 -8.973106 6.874318 -7.782966 0.553604 -17.919184 9.940459 -1.455810 1.840890
-2.791330 -6.079964 2.826884 -10.176281 10.848294 -10.060977 17.519398 7.641492 -18.429573 -10.030527 -13.405769 0.141988 -13.911792 -7.816319 5.197632 6.876219 9.208461 3.365246 -21.552401 -10.491444 9.107306 9.553647 -8.561754 6.465213 -7.978771 0.610405 -18.081305 9.937306 -1.401501 2.532327
-3.376727 -6.006869 1.980938 -9.992678 11.264929 -10.133938 17.616323 6.990587 -18.975685 -9.718622 -13.525295 0.137314 -12.890432 -7.825253 5.679819 6.833923 9.985316 2.461298 -21.866898 -10.208264 9.229382 9.700534 -8.198818 6.177790 -8.150696 0.651203 -18.201761 9.914922 -1.391909 3.137116
-3.853504 -5.893679 1.247678 -9.782638 11.663162 -10.152750 17.637354 6.625689 -19.501514 -9.477439 -13.526162 0.115146 -12.224137 -7.850430 5.996036 6.848391 10.484886 1.822904 -22.031565 -10.044658 9.335170 9.834998 -7.904714 5.988964 -8.295891 0.694338 -18.274353 9.895129 -1.380535 3.619400
-4.049251 -5.742014 0.606449 -9.604277 11.989266 -10.182301 17.610804 6.445971 -19.933157 -9.273748 -13.539926 0.112312 -11.734018 -7.877737 6.222691 6.863420 10.847766 1.376913 -22.162687 -9.895678 9.436474 9.965817 -7.605797 5.792909 -8.438371 0.726529 -18.364122 9.882896 -1.375797 4.071811
-4.078697 -5.639542 0.237846 -9.483206 12.176144 -10.204605 17.592346 6.321296 -20.150776 -9.109493 -13.543707 0.101987 -11.305470 -7.901266 6.435563 6.874804 11.193887 0.991821 -22.301895 -9.771328 9.513406 10.039367 -7.410575 5.649414 -8.522798 0.761484 -18.434574 9.883249 -1.356270 4.358091
-4.066477 -5.554485 0.006816 -9.416773 12.277164 -10.239100 17.564693 6.294587 -20.284864 -9.028952 -13.564160 0.111598 -11.048093 -7.906574 6.594203 6.882775 11.455091 0.778209 -22.357115 -9.637852 9.548651 10.064576 -7.330358 5.585461 -8.551899 0.790981 -18.462063 9.880683 -1.332597 4.478187
-4.078773 -5.503813 -0.111102 -9.376163 12.338728 -10.247975 17.551830 6.280065 -20.360981 -8.985076 -13.564390 0.116800 -10.965228 -7.906390 6.626166 6.878087 11.510701 0.712041 -22.363037 -9.593975 9.553545 10.100202 -7.286612 5.602343 -8.581885 0.784322 -18.432495 9.881749 -1.337982 4.555685
-4.044446 -5.481444 -0.147930 -9.370835 12.347611 -10.256856 17.540146 6.280397 -20.370098 -8.968722 -13.568128 0.124794 -10.944452 -7.900077 6.644239 6.871186 11.547411 0.710571 -22.355347 -9.548162 9.565269 10.102027 -7.267186 5.586909 -8.590798 0.794038 -18.446451 9.880195 -1.331491 4.579047
