-3.556082 -4.352658 -1.227450 -16.912401 17.380362 -10.911037 12.202134 -8.605803 -14.681265 -6.631639 -23.426798 5.684336 -14.190562 -8.137599 17.691628 10.097050 11.197731 -10.358199 -6.122730 15.310946 2.310022 3.177544 1.234045 3.737612 -26.128738 2.525411 -1.245431 15.476662 1.680300 5.215188
-3.701633 -4.276404 -1.195499 -16.954176 17.369068 -11.046956 12.037928 -8.626371 -14.644483 -6.810062 -23.505091 5.793135 -14.315134 -7.968902 17.724480 10.076834 11.421343 -10.368556 -6.001980 15.485342 2.276163 3.192307 1.095637 3.678291 -26.196365 2.509478 -1.211174 15.428788 1.675565 5.259647
-3.972466 -4.274021 -1.099159 -17.049910 17.251106 -11.270990 11.786768 -8.640341 -14.517025 -7.186800 -23.601532 5.948438 -14.525130 -7.774892 17.734497 10.109512 11.714955 -10.394773 -5.787784 15.822783 2.255037 3.137557 0.887519 3.554382 -26.209558 2.493010 -1.215725 15.413528 1.689461 5.363955
-4.228992 -4.279965 -0.891128 -17.026999 17.077461 -11.597755 11.527657 -8.737974 -14.270658 -7.644599 -23.765244 6.187932 -14.864051 -7.495116 17.812992 10.006682 12.120610 -10.391371 -5.512218 16.193844 2.125472 3.087147 0.513901 3.536848 -26.334087 2.457968 -1.039172 15.301634 1.711520 5.570442
-4.631490 -4.185861 -0.641862 -17.011517 16.858795 -11.975087 11.153294 -8.622540 -14.090797 -8.296854 -24.087894 6.609886 -15.173211 -7.256053 17.864700 9.887217 12.403308 -10.288989 -5.241812 16.719952 1.934943 2.867573 -0.044734 3.420903 -26.462950 2.471738 -0.858002 15.205641 1.812496 5.888621
-5.059571 -4.132559 -0.330373 -17.218899 16.610271 -12.227319 10.601409 -8.476284 -13.803988 -9.137013 -24.427351 7.078189 -15.652822 -6.980989 17.839245 9.730452 12.591488 -10.075186 -4.910182 17.178654 1.700428 2.696747 -0.695520 3.311076 -26.678272 2.449256 -0.675600 14.973175 1.868900 6.113712
-5.204195 -4.079934 -0.354479 -17.611620 16.517828 -12.478403 9.846303 -8.217777 -13.514253 -9.927295 -24.845173 7.527799 -16.380644 -6.575273 17.806988 9.383295 12.763618 -9.614042 -4.461864 17.520184 1.480094 2.462801 -1.359698 3.144356 -26.840656 2.426562 -0.452419 14.855927 2.004510 6.518987
-5.098128 -3.973667 -0.432343 -18.188669 16.549938 -12.497965 9.019121 -7.747347 -13.220695 -10.564447 -25.168251 7.924151 -17.169123 -6.351750 17.591520 9.007392 12.622834 -9.039859 -4.115864 17.694017 1.248673 2.052322 -2.016429 2.975859 -27.000093 2.350979 -0.221683 14.837038 2.174163 6.842186
-4.987165 -3.951894 -0.791345 -18.944563 16.754120 -12.366680 8.160738 -7.145914 -12.924573 -11.016039 -25.597702 8.289603 -17.738693 -6.250049 17.237677 8.698088 12.308263 -8.400157 -3.882819 18.022011 1.066020 1.675085 -2.653594 2.592621 -27.083874 2.296293 -0.054297 14.836918 2.357025 7.065090
-4.852702 -3.989034 -1.268944 -19.905745 16.857790 -11.989019 7.516939 -6.451525 -12.810185 -11.459316 -25.953678 8.576319 -18.443352 -6.199802 16.721869 8.378664 11.904675 -7.610925 -3.609924 18.298923 0.893291 1.395379 -3.252655 2.214090 -27.149126 2.290786 0.018708 14.793416 2.482028 7.230895
-4.872798 -4.253069 -1.898043 -20.485853 16.865032 -11.514984 6.929664 -5.549495 -12.904114 -12.008496 -26.265541 8.687813 -18.890472 -6.311988 16.329029 7.937885 11.330933 -6.676046 -3.492440 18.414394 0.801158 0.963540 -3.637207 1.954248 -27.045837 2.356195 0.112192 14.940753 2.689378 7.667283
-4.805803 -4.468962 -2.164583 -20.654675 16.787477 -10.978706 6.615335 -4.901513 -13.012631 -12.454737 -26.493324 8.827299 -19.442711 -6.309835 15.976915 7.613257 10.752172 -5.908024 -3.361061 18.302517 0.768784 0.551617 -4.111236 1.744539 -26.933479 2.440477 0.206692 14.966460 2.799162 8.017079
-4.529639 -4.506748 -2.422396 -21.081741 16.722015 -10.680652 6.078506 -4.269728 -12.883821 -12.923407 -26.567535 8.893220 -19.959345 -6.549683 15.613955 7.297702 10.010939 -5.054514 -3.249610 18.197639 0.680457 0.274890 -4.599418 1.539430 -26.915218 2.471475 0.382480 14.966089 2.872957 8.368990
-4.380862 -4.595215 -2.451996 -21.398851 16.608959 -10.470079 5.611392 -3.725693 -12.720182 -13.321368 -26.780197 8.955333 -20.512924 -6.618953 15.118899 7.033425 9.436828 -4.340167 -3.060983 18.078445 0.685298 -0.005592 -4.985773 1.367256 -26.811935 2.523637 0.486155 14.991489 2.993216 8.714120
-4.195419 -4.677443 -2.572258 -21.730017 16.524006 -10.462522 5.083658 -3.360120 -12.464305 -13.645809 -26.641329 8.886373 -20.922680 -6.673867 14.914150 7.026798 9.246291 -4.092864 -2.926233 17.869633 0.593213 -0.221268 -5.358292 1.326961 -26.799816 2.565824 0.614861 14.954799 3.070306 8.920806
-4.078555 -4.783513 -2.499656 -21.863989 16.422180 -10.337086 4.774497 -3.018356 -12.248361 -13.813625 -26.508104 8.817535 -21.194969 -6.794286 14.744500 7.021249 9.057508 -3.923465 -2.868636 17.645359 0.529818 -0.417202 -5.560057 1.302981 -26.740635 2.602291 0.639506 14.975756 3.123237 9.017422
-3.931421 -4.902748 -2.418093 -21.938093 16.306858 -10.151472 4.657879 -2.859010 -12.091905 -13.879250 -26.504011 8.726731 -21.383812 -6.864283 14.465926 7.013756 8.838964 -3.745970 -2.823356 17.410616 0.572977 -0.574082 -5.631830 1.271657 -26.626915 2.646138 0.512844 14.970867 3.127970 9.032089
-3.813443 -4.909623 -2.340041 -21.977598 16.257801 -10.058002 4.580198 -2.773526 -12.007661 -13.903832 -26.660927 8.700738 -21.494505 -6.859822 14.152422 7.010265 8.695437 -3.531396 -2.772284 17.297394 0.531981 -0.635950 -5.684157 1.291676 -26.590660 2.672457 0.481472 14.949263 3.115211 9.026283
-3.748621 -4.938874 -2.272448 -21.987804 16.212400 -9.987612 4.521438 -2.658689 -11.949787 -13.935630 -26.582111 8.620077 -21.574150 -6.891443 14.065410 7.032581 8.637164 -3.514832 -2.773885 17.159370 0.570985 -0.701196 -5.760648 1.233251 -26.554850 2.680694 0.439535 14.949558 3.142392 9.024260
-3.731304 -4.913872 -2.233939 -21.990351 16.212486 -9.995478 4.470517 -2.628091 -11.938420 -13.959291 -26.577347 8.596166 -21.634346 -6.892523 13.975930 7.043817 8.610814 -3.498547 -2.760040 17.122515 0.561382 -0.728926 -5.821517 1.220439 -26.570126 2.685094 0.432870 14.914686 3.145545 9.046463
-3.747859 -4.707440 -2.277327 -21.900045 16.477005 -10.089157 4.438714 -2.746926 -12.010056 -13.824134 -26.694199 8.599742 -21.413282 -6.944326 14.025918 6.934214 8.649167 -3.613247 -2.883179 17.089348 0.687556 -0.665005 -5.716183 1.094845 -26.540993 2.685601 0.288617 14.892033 3.122298 8.957762
-3.768665 -3.940292 -2.298665 -21.567108 17.230175 -10.544662 4.280882 -3.098342 -12.253087 -13.481905 -27.046345 8.540839 -20.907421 -7.138986 14.021955 6.647860 8.680566 -3.701840 -3.130504 17.182455 1.061336 -0.473322 -5.454259 0.744072 -26.520582 2.671931 -0.091514 14.809888 3.108160 8.711231
-3.588896 -2.961871 -2.417849 -20.911055 18.295012 -11.197100 3.959283 -3.587410 -12.712646 -12.888939 -27.886887 8.220558 -19.532558 -7.525569 13.716635 6.430923 8.883188 -3.890802 -3.640784 17.759056 1.506652 0.117448 -5.160984 0.288167 -26.694798 2.607345 -0.638695 14.388592 2.909172 7.917069
-3.078194 -2.124250 -2.876904 -20.357687 19.421503 -11.789629 3.815897 -4.619138 -13.136175 -12.157725 -28.904699 8.027925 -17.562773 -7.517563 13.345972 6.851670 8.888223 -4.640491 -4.343875 18.201023 2.066512 1.210495 -4.606786 -0.111600 -27.053030 2.482962 -1.219886 13.777864 2.625371 6.851754
-2.327333 -0.939215 -3.612175 -19.551760 20.884455 -12.754789 4.071721 -5.903421 -13.517577 -10.877973 -29.671436 7.785610 -15.039396 -7.519249 13.265400 7.541425 8.501951 -5.508365 -5.351132 18.555164 2.967485 3.241940 -3.765752 -0.395782 -27.307816 2.667027 -2.061427 12.652401 2.386016 5.338133
-1.460523 0.757248 -3.239796 -18.212618 22.334911 -12.455381 5.328325 -7.211223 -13.836214 -9.203768 -29.817513 7.321019 -12.248425 -8.245667 13.546767 8.212195 7.796793 -5.708913 -6.377225 18.850487 4.042597 5.458352 -2.659234 -0.396365 -27.178364 3.144026 -2.825018 11.622330 2.073489 3.614586
-0.207894 2.775792 -2.331831 -16.065252 23.743118 -12.045832 6.100922 -7.445032 -14.340849 -7.834750 -28.921051 6.186259 -9.766620 -9.688832 14.970925 7.718038 8.058117 -5.348070 -7.606228 19.582695 5.075128 7.709992 -1.485338 0.119606 -26.839260 3.686660 -3.535645 10.464394 1.510477 1.849756
-0.741964 6.188866 -1.726946 -15.743372 25.643223 -11.657274 8.709225 -6.301650 -14.422003 -4.557439 -28.541735 6.685221 -7.550513 -9.592015 17.940674 7.372087 5.319476 -4.963357 -9.012204 19.171719 6.496204 10.550032 -1.401805 1.316330 -25.121574 5.764631 -4.481885 8.587291 1.780692 -0.269008
0.834561 10.664236 -2.080908 -16.662809 28.490154 -11.190483 11.447407 -5.245466 -13.606455 -1.077622 -29.946239 7.314884 -4.344485 -9.734942 19.980274 6.834567 -0.121431 -2.375653 -10.606168 16.504566 7.384127 13.441256 -1.704635 2.919624 -23.106247 7.609423 -4.918245 7.394217 2.238190 -1.821007
3.840384 12.551714 -2.348892 -15.850088 29.248707 -10.302420 13.969759 -4.056996 -13.434779 0.958190 -28.839684 5.832460 -1.682266 -11.447970 22.614653 5.298532 -2.507010 -0.376100 -12.067371 14.865107 7.092811 14.791438 -1.672948 5.793276 -21.464809 8.575885 -4.002578 6.602610 2.021514 -3.406714
7.320701 12.958363 -2.261435 -14.230388 29.436363 -9.288994 15.762045 -2.916209 -13.496715 1.527524 -27.138714 4.298123 0.021160 -12.736731 26.315525 3.438448 -2.510099 0.577610 -13.190775 13.653787 6.674790 15.455134 -0.617856 9.200824 -20.335281 9.079264 -3.063140 6.370075 1.785610 -4.283209
11.438606 12.059652 -2.791348 -12.106419 29.430555 -7.546595 18.179752 -1.844284 -13.736890 2.237888 -25.683773 3.923037 0.742059 -12.909277 29.617924 2.267959 -1.809114 -0.151552 -13.810837 11.851060 6.646343 15.202062 0.108823 11.840577 -19.796009 8.737137 -2.758377 6.494189 1.415792 -6.179246
15.135149 9.587343 -3.415071 -8.516860 28.646078 -5.768198 20.762102 -0.954642 -14.426311 1.907845 -23.591064 3.559181 1.096798 -13.189462 32.853848 1.145552 -1.210571 -1.192219 -14.455919 10.048329 5.958714 14.859825 0.382513 13.841564 -19.347443 8.072784 -2.658470 6.777358 1.118206 -8.278463
19.342878 6.868773 -3.351465 -3.518160 27.164940 -6.281662 21.701797 -1.074651 -15.815202 0.830517 -21.063416 3.519120 0.911754 -13.815434 35.640919 -0.436212 -0.861267 -1.709873 -15.130493 8.587067 5.548181 13.463119 0.735885 15.198546 -19.504511 7.699945 -2.767237 6.866621 1.133338 -9.122590
22.065159 4.025221 -2.235273 0.664578 24.899487 -5.994306 23.265190 -1.179352 -16.839808 -0.362071 -18.512924 3.386484 0.017385 -14.412202 38.084942 -1.948543 -0.393452 -1.832266 -15.747790 7.093098 5.180011 11.181861 0.979036 17.085325 -20.354509 7.815899 -2.809136 6.901488 1.296249 -8.839387
23.932360 2.330820 -0.807515 3.475641 22.830938 -7.073301 25.325939 -1.676789 -16.992809 -0.704231 -16.952206 3.302147 -0.744227 -14.790131 39.314831 -2.805130 -0.335478 -1.858374 -16.213938 6.180933 4.728794 9.303385 1.118335 18.396019 -21.124729 8.023449 -2.755599 6.616893 1.505881 -8.270405
24.229866 0.820584 0.129325 4.434535 20.917425 -9.613979 26.602291 -1.899475 -16.485394 -1.387381 -15.540281 3.151910 -1.897744 -15.071601 40.115658 -3.579133 -0.363690 -1.675834 -16.420305 5.582696 4.669300 8.264670 0.959919 19.000902 -21.459631 8.473830 -3.138139 6.119734 2.180717 -7.859270
24.791594 -0.540346 0.033867 4.475796 19.693451 -11.263750 27.733356 -1.725452 -16.127388 -1.616204 -14.919828 3.385715 -2.729234 -15.198302 40.140327 -3.748076 -0.643096 -1.705537 -16.391516 5.009950 4.780917 7.313320 1.370112 19.048937 -21.707676 8.883218 -3.835438 6.009302 2.782539 -7.093077
25.399002 -1.329236 -0.070396 4.962222 18.789291 -12.440817 28.594296 -1.825842 -16.080444 -1.662225 -14.193576 3.633157 -3.498750 -15.184373 40.483734 -3.911190 -0.845555 -1.857062 -16.328526 4.704710 4.680132 6.770384 1.610766 19.483858 -21.949886 9.093611 -4.000098 5.847280 2.982431 -6.751648
25.496077 -1.587999 -0.080250 4.936088 18.507399 -12.823509 28.695986 -1.764711 -15.976447 -1.807165 -13.878345 3.716332 -3.867383 -15.155593 40.542347 -4.010532 -0.928657 -1.827960 -16.247934 4.556340 4.607599 6.476787 1.612993 19.701855 -22.187487 9.132577 -4.080669 5.680341 2.989834 -6.678574
25.537750 -1.607886 -0.004797 4.999286 18.398188 -12.929949 28.803942 -1.838550 -15.917474 -1.763937 -13.819583 3.704189 -3.823867 -15.177522 40.650112 -4.044629 -0.936106 -1.817507 -16.272509 4.614059 4.611169 6.441312 1.689558 19.719051 -22.215641 9.152896 -4.166745 5.680814 2.995553 -6.657431
25.395452 -1.661455 0.128943 4.913758 18.151011 -13.435569 28.870014 -1.939139 -15.791000 -1.672691 -13.718712 3.601756 -3.680205 -15.365210 40.774029 -4.125458 -0.836830 -1.873357 -16.412443 4.636160 4.773695 6.514453 1.964747 19.554499 -22.133228 9.150026 -4.564342 5.737891 3.031698 -6.852345
25.469337 -1.755427 0.299139 4.991862 17.848446 -13.942187 28.975595 -1.863000 -15.693044 -1.603308 -13.504258 3.518066 -3.579045 -15.636437 40.830837 -4.186991 -0.803987 -1.952651 -16.555830 4.643309 4.947886 6.636262 2.423465 19.408318 -21.993141 9.134041 -5.066666 5.870194 3.029282 -7.093369
25.354250 -1.769447 0.814362 4.961326 17.398792 -14.920499 29.295284 -2.004162 -15.472202 -1.283362 -13.231218 3.478793 -3.451602 -15.934255 40.946560 -4.263467 -0.787332 -2.015826 -16.701000 4.646685 5.053821 6.651977 2.893353 19.435385 -21.824806 9.256330 -5.389106 5.984394 3.093289 -6.922328
24.776026 -1.444030 1.817718 4.346679 17.108421 -15.761636 29.751858 -1.906581 -14.879912 -0.941475 -12.830981 3.492736 -3.448481 -16.241520 41.064659 -4.178875 -0.941067 -2.052910 -16.756313 4.697384 5.326885 6.887394 3.527078 19.009483 -21.506720 9.392642 -5.883420 6.447703 3.251220 -6.484289
24.199972 -1.383844 2.954084 3.524268 16.690306 -16.587631 30.692272 -1.778781 -14.270350 -0.362006 -12.360954 3.400955 -3.564186 -16.630169 41.211872 -3.967803 -1.148136 -2.048905 -16.792492 4.879115 5.500474 7.002692 4.256021 18.649256 -21.166481 9.522632 -6.479635 7.086488 3.469272 -5.984070
23.599367 -0.743944 4.006367 2.015936 16.381578 -18.414862 31.957870 -1.707175 -13.142765 0.917437 -11.783619 3.328066 -3.637383 -17.026424 41.501099 -3.818334 -1.437065 -1.809526 -16.764553 5.080197 5.657611 7.079957 5.433572 18.672415 -20.890987 9.812822 -7.062402 7.492805 3.629336 -5.166222
22.851202 -0.326002 5.084251 0.670056 15.821734 -19.997368 33.038849 -1.735641 -12.072164 1.874722 -11.455722 3.295199 -3.825116 -17.411308 41.477573 -3.434370 -2.050510 -1.413862 -16.672739 5.232005 5.659933 7.013894 6.176925 18.288807 -20.409067 9.995381 -7.826983 8.138203 3.881020 -4.624109
21.982256 0.400247 5.873887 -0.862567 15.588137 -21.021645 33.549393 -1.667515 -11.212827 2.863996 -11.188169 3.452309 -4.145095 -17.727211 41.346802 -3.020305 -2.851715 -1.021887 -16.526649 5.212251 5.977210 6.822486 6.779305 17.981773 -20.014879 10.281039 -8.306693 8.406334 4.108938 -4.154423
21.358725 -0.083479 5.817791 -2.164868 14.830797 -21.045380 34.004074 -1.535965 -10.803172 3.478670 -10.975462 3.526181 -4.611904 -18.121624 41.007679 -2.519851 -3.791628 -0.302804 -16.279663 5.282097 6.277597 6.056423 7.087021 17.550255 -19.611713 10.535375 -9.055050 8.946829 4.526461 -3.654211
20.897112 -0.706960 5.395509 -3.007274 14.383956 -21.584238 34.819477 -1.512062 -10.987760 4.348819 -10.748760 3.498660 -5.035338 -18.605230 40.654636 -2.010664 -4.600639 0.390616 -16.077394 5.400649 6.505716 5.139547 7.682293 17.578672 -19.294655 10.856122 -9.582753 9.340956 4.894711 -2.840203
20.594923 -1.595721 4.754868 -3.287403 13.811099 -21.453856 35.841614 -1.268757 -11.577834 5.186018 -10.471074 3.631346 -5.620711 -18.967176 40.407940 -1.590386 -5.449442 1.021159 -15.864859 5.604867 6.677287 4.666024 8.350424 18.095888 -18.890965 11.321661 -9.723355 9.608782 4.997477 -2.253987
20.297743 -2.330378 4.660487 -2.886693 12.944156 -21.375362 36.982635 -1.645698 -11.808757 5.886526 -9.972466 3.781891 -6.518484 -19.222527 40.161915 -1.148131 -6.370697 1.746246 -15.469474 5.935575 6.877690 4.175958 8.849601 18.417648 -18.700153 11.659619 -9.892413 9.733969 5.095360 -1.850321
20.169882 -2.568383 5.136467 -2.887620 12.254073 -22.094427 38.244629 -1.986233 -11.492868 6.816502 -9.382704 3.826308 -7.280803 -19.454311 40.104111 -1.044729 -6.905736 2.603839 -15.063802 6.373107 7.131848 4.085275 9.185852 18.509516 -18.177315 11.916243 -9.779119 10.253436 5.235773 -1.553008
20.084444 -2.820005 5.836874 -2.600365 11.688096 -22.230587 39.660347 -2.316883 -11.400349 7.688662 -8.764723 3.888483 -7.940977 -19.483374 40.274334 -1.268721 -7.047206 3.446173 -14.639146 6.748408 7.195114 3.749513 9.655384 18.868414 -17.974817 12.060790 -9.615367 10.493701 5.291621 -1.182499
19.801893 -2.707626 7.099087 -2.578165 11.478426 -22.268417 41.065468 -2.493502 -11.110085 8.311960 -8.324903 3.928220 -8.412629 -19.439106 40.447899 -1.447783 -7.180309 4.180238 -14.322818 7.091625 7.106968 3.339573 9.647602 18.920721 -17.628704 12.232259 -9.446797 11.045732 5.458392 -0.756663
19.511644 -2.844390 8.038030 -2.425322 11.200974 -21.987600 42.034115 -2.618588 -10.902063 8.556292 -7.934207 3.945320 -8.846024 -19.311327 40.660534 -1.611696 -7.294310 4.828979 -14.020459 7.332905 6.993479 3.289627 9.812969 19.135498 -17.390907 12.329000 -9.239793 11.348722 5.456621 -0.452982
19.166540 -3.429732 8.411563 -2.055417 10.814981 -21.216002 42.664726 -2.546685 -11.180984 8.456186 -7.823292 3.882819 -9.099313 -19.279772 40.543957 -1.590872 -7.546824 5.288178 -13.815372 7.431350 6.953704 3.231497 9.837003 19.343592 -17.213280 12.446750 -9.101044 11.612411 5.498533 -0.279974
19.036253 -3.809403 8.422128 -1.849636 10.565889 -20.680075 42.967934 -2.477158 -11.377308 8.420955 -7.727999 3.846049 -9.264639 -19.282646 40.464420 -1.497734 -7.788429 5.588099 -13.683848 7.555016 6.904727 3.182464 9.910627 19.474566 -17.132502 12.520182 -9.061017 11.738146 5.524297 -0.130448
18.886148 -4.001990 8.399845 -1.704134 10.415593 -20.436569 43.092018 -2.520082 -11.511965 8.383277 -7.681518 3.835791 -9.322058 -19.265671 40.456070 -1.499089 -7.838519 5.685003 -13.627858 7.574438 6.912790 3.187958 9.971910 19.579309 -17.070139 12.579122 -9.037979 11.773825 5.561945 -0.043132
18.934889 -3.937230 8.385406 -1.707904 10.513095 -20.358175 43.034607 -2.427500 -11.589272 8.412858 -7.735782 3.857143 -9.210963 -19.251097 40.474525 -1.480593 -7.829922 5.607283 -13.662477 7.568014 6.878819 3.252812 9.928179 19.523138 -17.102402 12.555770 -9.038162 11.744252 5.509019 -0.112930
19.001362 -3.776906 8.450444 -1.495047 10.601035 -20.127176 42.810562 -2.373743 -11.734697 8.320065 -7.883646 3.920297 -8.888090 -19.242378 40.458454 -1.298445 -7.837229 5.308476 -13.769093 7.584944 6.786183 3.426447 9.577671 19.462839 -17.101395 12.567269 -8.830050 11.639530 5.405739 -0.242741
18.852087 -3.389073 8.387114 -1.217006 10.960933 -19.204470 42.523518 -2.479911 -12.133508 8.427582 -8.156715 3.944137 -8.372996 -19.263138 40.376167 -1.141136 -7.739226 4.854279 -13.963018 7.529735 6.807443 3.471504 9.644546 19.363041 -17.353556 12.564466 -8.895905 11.371956 5.280280 -0.192922
18.996368 -2.968010 8.564696 -0.680555 11.212088 -18.671774 42.215828 -2.606076 -12.515106 8.301423 -8.450585 3.986966 -7.686398 -19.361458 40.434612 -0.825008 -7.826957 4.467975 -14.267992 7.714097 6.713903 3.915932 9.248161 19.169605 -17.353535 12.552472 -8.641665 11.210960 5.015926 -0.539832
19.558735 -2.571453 8.937722 -0.472074 11.585766 -17.500544 41.483017 -2.507269 -12.754462 7.966879 -8.683653 3.995840 -7.124131 -19.323605 40.376865 -0.489429 -7.846337 4.017552 -14.499418 7.844085 6.543640 4.255637 8.825449 19.167822 -17.700142 12.474774 -8.064919 10.698956 4.653409 -0.825601
19.964167 -2.344908 9.073827 -0.064058 11.931385 -16.550461 40.850422 -2.905627 -13.021010 7.659195 -8.915899 3.946400 -6.627234 -19.208649 39.983974 0.062577 -7.799957 3.542773 -14.563659 8.241107 6.295856 4.601063 8.430119 19.312824 -18.277687 12.211957 -7.287426 10.069489 3.958132 -1.154465
20.560095 -1.988468 8.790111 0.160453 12.328613 -15.506638 39.968311 -3.505091 -13.311910 7.605600 -9.119522 3.920552 -6.155723 -19.111500 39.553246 0.592103 -7.682950 3.252038 -14.537269 8.792074 5.941561 5.058890 7.885238 19.414305 -18.612892 12.097939 -6.647505 9.587601 3.399717 -1.490939
20.900908 -1.951291 8.302787 -0.117197 12.636546 -14.783502 38.662209 -3.988852 -13.222116 7.271081 -9.538536 3.804202 -5.545221 -18.780113 39.588688 0.945094 -7.623718 3.239322 -14.560296 9.215101 5.512594 5.853892 7.378329 19.448938 -18.738560 11.775817 -5.742761 9.457729 2.747272 -2.060518
21.574594 -1.122238 7.700273 0.089530 14.078707 -13.306822 37.850338 -4.881874 -13.788312 7.673569 -10.067623 3.756901 -4.889660 -18.253319 39.676029 1.435935 -7.454432 2.962883 -14.572179 9.584300 4.888114 6.774931 6.614292 19.657381 -18.792961 11.254781 -4.367511 9.612253 1.976840 -2.811615
21.838312 -0.134339 7.163546 0.674447 15.621598 -11.343317 35.882732 -5.170243 -14.530989 6.838449 -10.883884 3.745897 -3.682980 -17.630823 39.875736 1.757530 -6.611533 2.079355 -14.735355 9.597870 4.842743 7.908086 6.092350 19.258501 -18.838455 10.811814 -3.418391 9.586630 1.551350 -3.245689
21.235075 0.353668 6.442313 0.857414 16.932323 -10.158850 34.344994 -5.460863 -15.205083 5.980999 -11.886002 3.891541 -2.501107 -17.042419 39.024250 2.265794 -5.672991 0.945751 -14.724332 9.337412 4.842506 8.972112 5.582338 18.643354 -19.301279 10.363433 -2.809648 9.483870 1.211145 -3.414511
20.191427 0.993796 5.875060 0.597462 18.047640 -8.608925 32.373928 -5.744668 -15.279998 4.958349 -12.280514 3.988622 -1.622128 -16.301189 38.319965 2.700334 -4.556551 -0.025279 -14.368599 9.276138 4.645186 9.661001 5.307220 18.246172 -19.770721 10.084002 -2.471040 9.534029 0.990784 -3.278274
19.131521 1.828403 5.725723 0.297503 18.760330 -6.844210 30.696701 -6.541084 -14.958983 4.062094 -12.813694 4.525692 -1.040137 -15.234679 38.119335 3.318334 -4.108689 -0.661442 -13.880449 9.492666 4.363737 10.550082 5.069551 17.662554 -20.145636 9.688697 -1.972362 9.424947 0.720158 -2.999413
18.030319 2.338164 5.364917 0.144996 19.137732 -5.829022 29.837547 -7.636258 -15.233146 4.047226 -13.742800 5.132392 -0.869188 -14.057648 38.255116 3.736107 -3.259288 -0.840697 -13.404143 9.708867 3.988558 11.249216 4.858992 17.063612 -20.194773 9.240573 -1.362618 9.274733 0.459478 -2.713559
9.886206 5.474077 3.249617 -14.604973 12.340837 -7.311777 24.244841 -4.768238 -21.793903 -3.936709 -16.376366 -4.681450 -4.006125 -14.378602 24.600266 14.518337 1.225077 -7.887753 -8.871190 12.536736 5.194457 4.271241 4.615573 6.580401 -20.460377 8.310418 -5.346106 14.636612 2.719194 -3.564634
8.799319 5.357060 3.020405 -16.310915 12.793992 -5.939410 22.343531 -5.387424 -21.257345 -5.202950 -17.406048 -3.212623 -5.141667 -12.423284 24.331453 15.247593 2.585248 -8.880149 -7.891835 12.136083 4.680848 5.267148 4.458487 5.837811 -20.214060 8.340264 -4.192191 15.319483 2.874508 -2.008799
6.878498 5.134113 2.452168 -17.454027 12.860888 -5.732465 21.280352 -5.403830 -20.858406 -6.277928 -18.085398 -1.690672 -6.706491 -10.455045 23.970585 15.974903 3.640760 -10.044402 -6.893424 11.916155 4.001070 5.524108 4.252405 4.992615 -20.339283 8.306414 -3.468371 15.943143 3.192596 -0.275887
4.457642 4.841707 1.797714 -17.994036 12.750989 -6.297788 20.897600 -5.435774 -20.903381 -6.756188 -18.132170 -0.223925 -8.374232 -8.892399 23.780861 17.009357 3.211818 -11.044494 -6.110548 12.215480 3.484987 5.632970 3.743355 4.377194 -20.702484 7.994298 -2.839434 16.298088 3.392137 1.295976
2.454723 4.182427 0.925512 -19.288191 12.634425 -6.471154 20.853916 -5.875316 -20.360003 -7.451380 -18.739794 1.296659 -9.733727 -7.610415 23.449091 17.517612 2.641324 -11.630324 -5.467483 11.816981 2.892867 5.198155 3.227717 4.006457 -21.036572 7.743496 -2.120646 16.734665 3.654513 2.916384
-0.115745 -3.189536 0.182142 -15.668642 14.166562 -9.218204 17.118269 -4.000561 -17.412933 -6.184816 -19.473701 2.158396 -12.800925 -10.524196 17.911148 13.367512 6.486717 -10.959754 -7.067738 12.007298 2.825261 0.719019 3.644223 3.969929 -23.309988 4.539324 -3.399874 17.598320 2.627624 5.114151
-1.682910 -6.113464 0.126686 -15.619179 13.536693 -9.781728 16.525000 -3.460544 -15.798713 -6.610646 -19.366817 3.207256 -15.120596 -10.667664 17.051119 11.429584 7.451891 -11.064168 -7.336753 11.008110 2.708764 0.084229 2.324013 4.046589 -23.098932 3.661550 -3.082048 17.684015 2.608056 6.387773
-2.747898 -7.400102 0.817411 -15.932053 12.685918 -9.502304 16.460770 -3.360895 -15.101520 -7.481781 -19.353695 3.489731 -16.977261 -9.861592 16.822241 10.785483 7.996497 -10.628202 -6.801251 10.265775 2.460201 -0.932407 1.258239 4.309305 -23.194756 3.618848 -2.654980 17.587635 3.009353 6.915329
-2.890590 -8.154230 1.000657 -16.596809 11.921833 -9.729859 16.252880 -2.967865 -14.272002 -8.486939 -19.383884 3.597710 -18.430408 -9.306605 16.670296 10.406796 8.412286 -10.047714 -6.160219 10.104461 2.094237 -1.259313 0.740324 4.875987 -23.204212 3.540929 -2.192683 17.559277 3.095387 6.819966
-2.153157 -9.145145 0.724788 -17.381578 11.262239 -9.605678 15.769386 -2.503040 -13.379685 -9.120181 -19.213821 3.765223 -19.835247 -8.825850 16.526188 10.528933 8.405000 -8.964295 -5.301746 10.397953 1.541543 -1.589644 0.205358 5.480020 -23.319298 3.454289 -1.582243 17.616335 3.132614 6.827382
-1.101920 -9.836551 0.515406 -18.088882 10.513831 -9.442169 15.543733 -1.782752 -12.768006 -9.428493 -18.613409 3.679227 -21.196285 -8.914508 16.351175 10.627357 8.119953 -7.749804 -4.519969 10.691630 1.000026 -2.017743 -0.285406 5.991461 -23.415485 3.492447 -1.029155 17.745476 3.251964 6.801690
-0.573561 -10.068718 0.293180 -18.577921 9.705707 -9.722059 15.559080 -1.083328 -12.440958 -9.894459 -17.763357 3.358710 -22.244617 -9.680348 15.915048 10.675251 7.352719 -6.781476 -4.146498 10.710474 0.635155 -2.733562 -0.722899 6.471509 -23.257559 3.714626 -0.775640 18.015160 3.549769 6.639622
-0.106777 -10.100875 0.809292 -18.687868 9.236033 -10.236502 15.722709 -0.699821 -11.905218 -10.081432 -17.368166 3.165041 -23.095951 -10.097350 15.351428 10.612743 6.736116 -5.829102 -3.910192 10.623758 0.551367 -3.499312 -1.102682 6.858617 -22.880062 3.974685 -0.730937 18.436180 3.905268 6.394108
0.763891 -9.915179 1.667134 -18.631500 8.998336 -10.647161 15.816593 0.163137 -11.364847 -10.059002 -16.968552 2.976282 -23.745983 -10.717026 14.811894 10.528110 5.694512 -4.867752 -3.837805 10.577887 0.431324 -4.274494 -1.706561 7.449097 -22.339058 4.280034 -0.636376 18.759979 4.234369 5.640307
1.427465 -9.330417 2.676749 -18.558645 8.937068 -10.459496 15.740947 0.867370 -11.129679 -10.134481 -16.184460 2.699522 -24.186726 -11.680781 14.549547 10.421865 4.563604 -3.989905 -4.018872 10.674998 0.453241 -4.795389 -2.123641 7.590243 -21.780956 4.472933 -0.578025 19.148487 4.517241 5.068262
2.220233 -8.425562 3.665660 -18.402580 8.999801 -10.370294 15.696667 1.674477 -11.110525 -10.176831 -15.581291 2.435656 -24.399467 -12.701728 14.195304 10.322975 3.528284 -3.339857 -4.248426 10.638885 0.469356 -5.383548 -2.843993 7.893907 -21.158861 4.685588 -0.406949 19.282513 4.801745 4.407596
3.209026 -7.802938 4.558003 -18.067568 8.968655 -10.699213 15.863792 2.355076 -10.871255 -9.989979 -15.152618 2.137164 -24.573128 -13.828561 13.719499 10.072713 1.995297 -2.229587 -4.566431 10.616940 0.802702 -5.829276 -3.267380 7.989287 -20.539982 4.902591 -0.561829 19.387306 5.082438 3.809657
3.918214 -7.409948 5.190667 -17.800707 9.020215 -11.133122 15.990314 2.765555 -10.576448 -9.702534 -14.856214 1.735136 -24.406584 -14.866044 13.434787 9.727545 0.757321 -1.396579 -5.010834 10.447393 1.269349 -6.188599 -3.448108 7.941725 -20.025345 5.149440 -0.915422 19.462835 5.333788 3.376382
4.391910 -6.800713 5.911400 -17.737169 9.248115 -11.605247 16.032747 3.103620 -10.249489 -9.335690 -14.683093 1.496065 -24.296982 -15.494392 13.191360 9.457779 -0.278041 -0.702647 -5.295054 10.336408 1.631570 -6.609780 -3.593015 7.810319 -19.580309 5.473553 -1.233923 19.581539 5.623596 3.197043
5.048671 -6.063334 6.812150 -17.773493 9.576612 -11.592514 15.701384 3.729547 -9.858975 -9.107878 -14.652526 1.352339 -24.295238 -15.868878 13.016164 9.138010 -0.946491 -0.210535 -5.520813 10.137733 1.916317 -6.902381 -3.516855 7.557388 -19.238108 5.703557 -1.571038 19.745499 5.853715 3.151351
5.398286 -5.540251 7.193965 -17.646643 9.768002 -11.561734 15.505756 4.168842 -9.787152 -8.985993 -14.633787 1.184218 -24.160566 -16.152275 12.960362 8.831987 -1.412032 -0.104671 -5.845941 9.681141 2.029694 -7.078030 -3.575335 7.598090 -19.033726 5.818776 -1.696515 19.759619 5.951009 2.987575
5.626429 -5.068202 7.394014 -17.621538 10.020542 -11.500496 15.151565 4.747717 -9.775088 -9.040578 -14.466737 1.008621 -24.246830 -16.493963 12.785692 8.566062 -1.845245 -0.009534 -6.096697 9.111065 2.157214 -7.170062 -3.583814 7.704733 -18.936596 5.844128 -1.965366 19.603777 5.912329 2.679887
5.819707 -4.722606 7.268108 -17.533688 10.247142 -11.312836 14.868484 5.325287 -9.981446 -9.085281 -14.323571 0.801119 -24.228897 -16.741463 12.723702 8.271092 -2.040961 -0.022834 -6.364032 8.532999 2.257861 -7.209638 -3.609773 7.868914 -18.850275 5.826848 -2.196406 19.431118 5.825287 2.343916
5.894925 -4.567497 7.234534 -17.344486 10.308089 -11.254974 14.806234 5.698383 -10.168929 -9.124431 -14.282625 0.693080 -24.286831 -16.871920 12.623531 8.102832 -2.184806 -0.007080 -6.461141 8.112992 2.303532 -7.259972 -3.669796 7.968202 -18.786871 5.796929 -2.393934 19.295074 5.752984 2.052425
5.966361 -4.541932 7.186003 -17.213095 10.279910 -11.141784 14.799831 5.920629 -10.263722 -9.119432 -14.223296 0.682860 -24.437943 -16.905958 12.563370 8.088234 -2.260228 0.051948 -6.410378 8.000352 2.351109 -7.217538 -3.616510 8.014528 -18.791512 5.761063 -2.524310 19.208755 5.679238 1.931748
6.003285 -4.538717 7.159183 -17.170593 10.275002 -11.092855 14.785190 6.015801 -10.287274 -9.111381 -14.218689 0.664906 -24.450766 -16.914742 12.561112 8.043586 -2.258808 0.045628 -6.416462 7.924373 2.373857 -7.208410 -3.601087 8.036609 -18.781294 5.747199 -2.594203 19.164829 5.645671 1.863611
