1.198566 4.703160 2.744584 -13.608313 25.454823 -8.624488 0.974463 -10.090073 -13.243388 -12.232460 -32.314720 5.158401 -4.751421 0.847920 2.753432 7.943045 17.296759 4.639171 -17.048899 10.437547 7.698606 18.614094 -10.706871 3.377427 -19.116413 -5.702891 -12.486994 3.050019 -8.303464 5.627157
1.059084 4.737113 2.798681 -13.882185 25.311111 -8.562758 0.810240 -9.791609 -13.267592 -12.315239 -32.529522 5.372318 -5.019527 0.898589 2.379847 7.718635 17.592747 4.841006 -16.916540 10.069407 7.613832 18.523518 -10.918180 3.170048 -19.118778 -5.719492 -12.476200 3.104673 -8.254455 5.699102
0.955325 4.936541 2.803130 -14.044332 25.335403 -8.443040 0.404897 -9.390338 -13.367990 -12.457261 -32.645805 5.519079 -5.524058 1.009892 2.083741 7.525452 17.721064 5.236727 -16.679882 9.644709 7.563537 18.378859 -11.164795 2.984317 -19.156652 -5.718676 -12.480119 3.089452 -8.183673 5.741814
1.035859 5.134341 2.530849 -14.509909 25.501446 -8.659828 -0.160369 -8.823534 -13.437240 -12.640022 -32.754337 5.712068 -6.219175 0.851221 1.385663 7.268544 17.877151 5.904612 -16.348146 8.971211 7.445681 18.131838 -11.553995 2.597144 -19.003593 -5.753007 -12.511746 3.322016 -8.049385 5.846172
1.146272 5.238249 2.204577 -14.909366 25.454226 -9.022202 -0.770222 -8.133692 -13.520607 -12.777524 -32.765354 5.769644 -6.765629 1.022043 1.307972 6.769896 17.925482 6.429279 -16.109707 8.288366 7.323859 17.843208 -12.069921 2.205294 -18.810045 -5.773259 -12.429210 3.630037 -7.815315 5.977443
1.030504 5.266734 1.732424 -15.221313 25.490253 -9.383047 -1.544218 -7.183359 -13.758981 -13.046110 -33.040993 6.203829 -7.366032 0.907024 0.853698 6.174129 17.728056 7.287701 -15.853436 7.355267 7.273910 17.592131 -12.534598 1.868781 -18.603107 -5.730247 -12.389308 3.829952 -7.594576 6.021307
1.071304 5.150682 1.309652 -15.341076 25.436115 -9.484992 -2.076742 -6.629708 -13.975055 -13.346468 -33.264744 6.286632 -8.016837 0.856242 0.451481 5.661869 17.582123 8.275207 -15.578725 6.481771 6.972656 17.048943 -13.098722 1.566703 -18.333736 -5.568280 -12.277884 4.162887 -7.310105 6.252545
1.149676 5.204213 0.830358 -15.523947 25.422472 -9.720883 -2.875800 -6.087530 -14.149955 -13.635281 -33.543564 6.346420 -8.693257 0.450015 -0.401135 5.428279 17.408638 9.430866 -15.166282 5.619212 6.677503 16.527636 -13.651802 1.226529 -18.063419 -5.473848 -12.155093 4.541365 -7.021757 6.492867
1.251395 4.910495 0.519513 -15.763868 25.266392 -10.198111 -3.597165 -5.540751 -14.137751 -14.026417 -33.695930 6.704082 -9.481244 0.366048 -0.633852 5.086151 17.033842 10.317986 -14.865619 5.167310 6.446941 16.031443 -14.266606 0.889904 -17.702135 -5.383361 -12.045078 4.981118 -6.691415 6.619621
1.371064 4.704117 0.593963 -15.655844 24.919178 -10.663370 -4.316787 -4.690000 -14.005083 -14.715796 -33.714062 7.120532 -10.294175 0.213336 -0.715590 4.605332 16.673906 11.235435 -14.714030 4.822580 6.173757 15.536126 -14.819372 0.680038 -17.355526 -5.306902 -11.804591 5.405620 -6.400915 6.804912
1.477166 4.246506 0.604322 -15.986654 24.451042 -11.408933 -4.530890 -3.963367 -13.595822 -15.086630 -33.489269 7.268891 -11.169118 -0.097743 -0.857704 4.043751 16.114986 12.290804 -14.630965 4.350962 5.886147 15.025384 -15.390244 0.543422 -16.871143 -5.247506 -11.548485 6.007360 -6.057618 6.900880
1.381108 3.952716 0.519064 -16.317806 24.124962 -11.632429 -5.088573 -3.184864 -13.381927 -15.641190 -32.999638 7.414676 -11.859971 -0.488466 -0.957674 3.627012 15.457565 13.076514 -14.668164 3.971736 5.664233 14.755488 -15.925500 0.452019 -16.390158 -5.188480 -11.295802 6.512164 -5.785282 6.876435
1.133275 3.518462 0.295330 -16.751310 23.687859 -11.909260 -5.593540 -2.200431 -13.230350 -16.127640 -32.469799 7.435246 -12.667004 -0.953591 -1.258634 3.355660 14.945460 13.872016 -14.583296 3.863487 5.561601 14.465120 -16.398308 0.283981 -16.017769 -5.072524 -11.098525 6.829572 -5.527403 6.917489
1.179619 3.044250 -0.086074 -17.346548 23.233738 -12.159632 -5.834958 -1.353492 -13.003932 -16.447054 -31.911448 7.429842 -13.396615 -1.268195 -1.315739 3.151089 14.344265 14.513917 -14.526734 3.725883 5.345432 14.329077 -16.930328 0.095177 -15.632340 -4.975897 -10.936118 7.146235 -5.311605 6.937200
1.229555 2.604379 -0.384591 -17.724649 22.866474 -12.334135 -5.992084 -0.642383 -12.862710 -16.826109 -31.402843 7.414106 -14.026175 -1.582257 -1.416520 3.051142 13.665674 14.974466 -14.530247 3.491131 5.236783 14.002758 -17.296871 0.093063 -15.358990 -4.776036 -10.781123 7.392689 -5.031642 6.993053
1.331232 2.376670 -0.488274 -17.896393 22.621334 -12.434036 -5.960315 -0.190679 -12.745783 -17.020662 -30.979889 7.365335 -14.547933 -1.881836 -1.432590 2.923880 13.074626 15.331837 -14.557408 3.292566 5.205737 13.698329 -17.659842 0.156461 -15.108245 -4.558408 -10.755790 7.483138 -4.846723 6.810143
1.434425 2.199829 -0.536196 -17.984426 22.509155 -12.272517 -6.205691 0.189017 -12.698043 -17.310286 -30.630424 7.227575 -15.006991 -2.343733 -1.694988 2.749426 12.529788 15.734716 -14.648237 3.032775 5.172091 13.504928 -17.882540 0.136916 -14.906466 -4.333790 -10.697101 7.562289 -4.661784 6.835347
1.553560 2.035763 -0.606710 -17.993786 22.362846 -12.225754 -6.163562 0.403267 -12.698081 -17.408924 -30.315493 7.116241 -15.275268 -2.573132 -1.754734 2.716548 12.291766 15.875397 -14.671617 2.907989 5.151087 13.343982 -18.098305 0.169994 -14.751207 -4.157973 -10.588279 7.604654 -4.491125 6.892329
1.590723 1.899884 -0.650375 -17.998777 22.249788 -12.219614 -6.063515 0.529547 -12.670955 -17.457026 -30.200356 7.075600 -15.419101 -2.697211 -1.857088 2.709213 12.154632 15.957343 -14.663782 2.805944 5.114347 13.189094 -18.239832 0.158993 -14.636240 -4.020887 -10.656846 7.594748 -4.409236 6.844733
1.641360 1.894221 -0.696028 -17.987223 22.251869 -12.212884 -6.068792 0.611993 -12.677911 -17.468271 -30.118099 7.044655 -15.470942 -2.776638 -1.873469 2.686013 12.064755 16.001884 -14.690319 2.780205 5.102769 13.144811 -18.302513 0.153313 -14.603161 -3.992263 -10.661803 7.597247 -4.392172 6.814613
1.614111 2.026514 -0.602475 -17.969772 22.310123 -12.272553 -6.039588 0.461560 -12.703143 -17.340364 -30.247173 7.086237 -15.299844 -2.630256 -1.730176 2.661158 12.210093 15.951632 -14.702806 2.872643 5.169167 13.246442 -18.133066 0.270775 -14.657758 -4.149750 -10.654275 7.637291 -4.487531 6.740460
1.673866 2.370350 -0.457552 -17.756475 22.490374 -12.438970 -5.712492 0.133705 -12.828581 -16.838043 -30.627655 7.156622 -14.713601 -2.326330 -1.415972 2.588912 12.734469 15.697503 -14.777732 3.059379 5.280834 13.460372 -17.762167 0.347315 -14.828734 -4.519979 -10.745579 7.688140 -4.741946 6.627498
1.835733 3.148031 -0.060365 -17.088491 22.969074 -12.350719 -5.274926 -0.441714 -13.176093 -16.095078 -31.426058 7.172162 -13.700484 -1.875748 -1.244466 2.538958 13.845899 15.030036 -14.920334 3.290935 5.569823 13.740022 -17.075577 0.577898 -15.058330 -4.819954 -11.148670 7.445720 -5.107760 6.264273
1.893142 4.254179 0.614197 -16.219339 23.734985 -12.212743 -4.179025 -1.499897 -13.557498 -15.127378 -32.360214 7.121784 -12.237124 -1.296382 -0.587900 2.599432 14.921075 13.888272 -15.245659 3.557471 5.910147 13.939549 -16.361864 1.026625 -15.630208 -5.085612 -11.643319 6.787749 -5.591524 5.793588
1.840302 5.069855 0.753690 -15.639735 24.489328 -11.588835 -2.896994 -2.545833 -13.947406 -14.020084 -32.577049 6.626884 -10.590932 -1.021626 0.089862 2.948058 16.000769 12.006995 -15.860520 3.702433 6.466008 14.674875 -15.087671 1.520330 -16.578381 -5.196070 -12.212185 5.570522 -6.201884 5.570976
1.994274 5.719925 0.049016 -15.635979 25.211105 -11.143709 -0.880660 -3.377865 -14.350360 -11.844688 -31.293615 6.289749 -9.035569 -0.629576 2.520741 3.623314 16.313404 9.672372 -16.617731 4.790945 7.072326 15.582444 -13.796986 2.477961 -17.118130 -5.242920 -12.623315 4.594383 -6.779617 4.898626
0.886305 5.921789 -0.032394 -15.469278 25.758625 -10.133663 1.887192 -4.173234 -14.476725 -9.621985 -29.194996 4.536666 -7.544371 -1.841218 3.533083 4.343394 17.656174 7.469250 -17.430969 6.805166 7.555717 16.240540 -11.964394 4.039882 -18.195326 -5.240467 -13.102428 3.263612 -7.574866 4.344345
0.182921 6.827042 0.561266 -15.294903 26.315702 -8.548056 5.211136 -4.845179 -14.263259 -7.258348 -25.847195 1.892977 -6.220998 -3.288678 5.912628 4.525110 19.442694 5.219477 -18.363022 9.995337 7.592982 15.475364 -9.340481 6.506231 -19.028057 -5.273236 -13.521464 2.732515 -8.292494 3.974218
-0.660173 7.502158 0.143657 -14.232155 26.429123 -7.937140 9.672554 -5.416179 -14.777401 -4.328158 -22.367760 0.211834 -5.211796 -3.974747 9.608968 5.195227 19.327600 3.778864 -18.986301 11.594292 7.194691 14.905381 -6.390264 8.658860 -19.351995 -5.562737 -13.834386 3.176190 -8.964352 4.134098
-1.718173 7.750494 -2.658916 -14.794255 26.868158 -10.763853 14.034492 -6.101978 -15.709357 -0.745689 -19.541542 -0.359827 -4.569366 -4.077901 13.804496 5.054220 19.061102 2.948835 -19.293940 12.594255 6.869401 14.909321 -4.115439 10.392868 -19.055025 -5.790174 -14.006251 3.796375 -9.527653 3.969582
-1.211350 7.513497 -3.417832 -15.119529 26.047567 -11.697250 17.369656 -5.905231 -15.783683 1.660263 -17.240593 -1.943759 -3.676791 -5.152136 15.454460 4.791421 19.797705 1.900420 -19.991608 11.521565 6.426169 14.820194 -2.542626 11.933428 -18.372885 -5.983396 -14.164559 4.617492 -9.930364 3.241200
0.397932 6.101143 -2.877685 -15.305443 24.166340 -11.570549 21.638680 -5.136807 -15.082035 3.660859 -15.425860 -3.965382 -2.554732 -6.478580 16.287764 4.744006 19.779375 1.429481 -20.801119 9.589175 6.024517 13.918611 -1.506720 12.868654 -17.625160 -6.199147 -14.641327 5.869646 -9.972638 2.698315
2.859113 4.059718 -2.002482 -14.502454 22.400984 -8.967598 22.931597 -3.963117 -15.425559 3.482329 -13.488907 -5.465118 -2.013518 -7.894803 16.852560 4.618121 19.826014 1.038221 -21.667742 7.933947 5.774681 12.936056 -0.856663 13.605620 -17.127666 -6.337848 -15.259254 6.724778 -9.898574 2.044546
3.536023 3.419012 -0.964273 -14.187952 21.649769 -7.278310 23.638741 -2.738973 -15.618681 3.413832 -11.818160 -6.994865 -2.224950 -9.476123 16.270029 4.493731 20.182718 1.213742 -22.062477 7.120451 5.756296 12.188251 -0.362250 14.161998 -16.421083 -6.188225 -15.576009 7.544971 -9.656443 1.656846
4.646227 3.510202 0.941698 -14.314380 21.128242 -5.273755 24.019062 -1.902269 -15.238582 3.473121 -10.554235 -8.765067 -2.827568 -11.598119 14.254479 4.430869 19.783266 2.249041 -22.518633 6.544460 5.915482 11.632663 -0.214607 14.491603 -15.741764 -6.004872 -15.785095 8.175204 -9.485379 1.131597
5.672014 3.525723 2.676727 -13.971930 20.416756 -4.357729 24.737768 -1.275413 -14.844325 3.475101 -9.368118 -9.664741 -3.702509 -12.695941 13.501635 4.512262 18.908737 3.235315 -22.643637 6.645437 5.959780 11.156330 -0.194739 14.523877 -15.110040 -5.796597 -16.164501 8.675220 -9.272326 0.661529
6.263963 3.487638 4.280037 -13.651381 19.594280 -4.203862 25.297546 -0.716213 -14.253652 3.261640 -8.642649 -9.803342 -4.498315 -13.267465 13.050303 4.610763 18.050365 3.794147 -22.689793 6.495749 6.085327 10.876505 -0.097098 14.536639 -14.528761 -5.510797 -16.597237 9.059402 -8.964632 0.465386
6.681741 3.403007 5.640184 -13.465303 18.983158 -4.190508 25.603525 -0.412160 -13.749161 3.050886 -8.167931 -9.846944 -5.231696 -13.742879 12.579928 4.659371 17.223480 4.390848 -22.685797 6.611310 6.087616 10.691107 -0.097012 14.677035 -13.960145 -5.328879 -16.848587 9.457449 -8.769576 0.142774
6.957869 3.343336 6.491033 -13.297694 18.545565 -4.274571 25.821419 -0.169775 -13.494231 2.920902 -7.904148 -9.884318 -5.661869 -13.973989 12.346231 4.615465 16.856401 4.717562 -22.685863 6.613194 6.061842 10.495659 -0.067943 14.758384 -13.675007 -5.216012 -16.950277 9.721395 -8.646371 0.031844
7.028613 3.351057 6.736410 -13.298434 18.395378 -4.361557 25.935604 -0.101729 -13.393472 2.925601 -7.804620 -9.852157 -5.841639 -13.991530 12.331828 4.594624 16.739447 4.808456 -22.666552 6.587142 6.019217 10.446628 -0.084721 14.758370 -13.579984 -5.214694 -16.941555 9.826691 -8.636613 -0.012210
7.068203 3.318942 6.830904 -13.261579 18.326878 -4.367585 26.004011 -0.089007 -13.383306 2.924705 -7.773106 -9.892991 -5.864453 -14.052277 12.305614 4.568568 16.712421 4.869094 -22.683401 6.579370 6.025074 10.430765 -0.057593 14.774425 -13.551259 -5.189937 -16.966089 9.844421 -8.622690 -0.012993
7.159161 3.303280 7.050486 -13.195516 18.193302 -4.439845 26.157368 0.013528 -13.340538 2.946509 -7.717862 -9.909018 -5.996884 -14.152936 12.218925 4.548828 16.520678 5.058664 -22.664640 6.600211 5.992129 10.308579 -0.085529 14.764986 -13.468753 -5.145749 -17.006104 9.933249 -8.556174 -0.027873
7.323248 3.264540 7.331105 -13.193929 17.979584 -4.549687 26.401403 0.166689 -13.225902 2.988252 -7.617244 -9.920550 -6.252680 -14.305055 12.050091 4.530609 16.257071 5.331942 -22.640965 6.599020 6.025427 10.239636 -0.096032 14.782941 -13.355376 -5.066854 -17.063364 9.975368 -8.484525 -0.091460
7.535782 3.240078 7.706734 -13.156055 17.681366 -4.639416 26.646017 0.395018 -13.021217 3.011691 -7.379175 -9.857055 -6.711955 -14.481370 11.780269 4.613873 15.827533 5.643374 -22.553976 6.649765 6.033301 10.078234 -0.105050 14.828025 -13.146149 -4.969009 -17.123587 10.115065 -8.377209 -0.188706
7.799281 3.283532 8.048808 -13.156574 17.365421 -4.763407 26.906837 0.638424 -12.777465 3.100622 -7.089812 -9.684636 -7.122392 -14.653422 11.548594 4.824034 15.218951 5.992055 -22.461340 6.863461 6.050617 9.927588 -0.056305 14.898030 -12.906895 -4.862131 -17.185373 10.281799 -8.266882 -0.245471
8.163677 3.232682 8.336987 -13.305378 16.923782 -4.878917 27.261551 1.040790 -12.426817 3.189758 -6.703379 -9.590755 -7.565430 -14.990336 11.198932 4.972846 14.508056 6.521810 -22.366011 7.133027 6.006172 9.690364 -0.146677 14.932803 -12.573798 -4.769054 -17.192749 10.513860 -8.121123 -0.364305
8.444754 3.175941 8.626516 -13.456964 16.473042 -4.990573 27.494879 1.497042 -12.126279 3.167130 -6.405815 -9.548723 -7.941064 -15.309744 10.815195 5.080603 13.852860 7.197459 -22.217592 7.537662 5.979313 9.407233 -0.230799 15.062386 -12.221580 -4.616386 -17.205608 10.725389 -7.929858 -0.484706
8.791243 3.140266 8.965526 -13.557919 16.192368 -5.132458 27.466768 2.006678 -11.841378 3.048068 -5.979053 -9.432042 -8.417232 -15.697908 10.461608 5.221861 13.184960 7.975657 -22.026056 8.143628 5.874411 9.078286 -0.407581 15.192315 -11.872853 -4.523096 -17.120731 10.911958 -7.742351 -0.663984
9.142699 2.983704 9.304796 -13.535093 15.863541 -5.175132 27.480621 2.527562 -11.687498 2.878998 -5.516879 -9.259538 -8.977318 -15.889150 10.297503 5.284176 12.588372 8.620284 -21.802551 8.500816 5.817864 8.861070 -0.498258 15.443444 -11.471495 -4.430189 -17.014679 11.177010 -7.547327 -0.893928
9.469445 2.960217 9.729993 -13.360418 15.589147 -5.164750 27.479351 3.154638 -11.637822 2.701678 -5.186878 -9.063508 -9.681956 -15.931642 10.170728 5.190601 12.284392 9.226671 -21.564146 8.572628 5.758399 8.461061 -0.537964 15.645338 -11.104346 -4.280611 -16.996288 11.493340 -7.269093 -0.900092
9.548286 2.929430 10.053002 -13.400225 15.225917 -5.154724 27.399410 3.833549 -11.555198 2.414793 -4.891433 -8.949643 -10.417172 -15.795917 10.117048 5.049563 12.181765 9.535479 -21.388924 8.334178 5.659139 8.029627 -0.698768 15.803094 -10.940433 -4.140215 -16.880508 11.732976 -6.980791 -0.868674
9.646441 2.601906 10.322859 -13.461617 14.602588 -5.184099 27.674984 4.654366 -11.348450 2.150051 -4.600068 -8.832227 -11.308390 -15.549479 10.093073 4.848154 12.278832 9.591321 -21.260004 7.689405 5.500801 7.524693 -1.100181 16.020416 -10.849384 -3.977885 -16.651106 12.015570 -6.642082 -0.919794
9.336466 2.135396 10.451473 -13.733131 14.031662 -5.201910 28.043610 5.334290 -11.080331 1.848958 -4.469001 -8.714514 -12.202432 -15.312261 9.966331 4.602176 12.228102 9.712528 -21.180754 6.915618 5.315285 7.024838 -1.468753 16.123629 -10.826287 -3.885185 -16.401722 12.320764 -6.329469 -0.850303
8.675273 1.676167 10.246400 -14.364059 13.669293 -5.322787 28.136574 5.860759 -10.859099 1.495424 -4.409144 -8.677974 -12.874528 -15.135713 9.883098 4.314859 12.270501 9.759908 -21.151049 6.300873 5.133934 6.546442 -1.869594 16.193960 -10.832491 -3.801172 -16.084240 12.592113 -5.992532 -0.713428
7.917103 1.267877 9.885036 -15.037790 13.419518 -5.634528 28.102846 6.257698 -10.678370 1.089290 -4.372338 -8.594422 -13.552892 -15.093970 9.636079 4.082891 12.146847 9.865835 -21.148741 5.650192 4.969121 6.102796 -2.274617 16.235085 -10.879818 -3.704130 -15.768497 12.726669 -5.651933 -0.572502
7.299620 1.057548 9.472272 -15.547114 13.314877 -5.786929 27.900881 6.663460 -10.569531 0.694875 -4.392386 -8.500302 -14.104644 -14.971202 9.472999 3.795721 12.100875 9.972098 -21.114515 5.180266 4.829786 5.741947 -2.595124 16.314100 -10.948828 -3.609951 -15.494860 12.779114 -5.369947 -0.435446
6.857556 0.821964 9.137572 -15.977007 13.143832 -5.855532 27.790146 6.917204 -10.480037 0.409616 -4.421609 -8.323800 -14.587382 -14.793594 9.347610 3.713895 11.946143 10.057797 -21.012690 4.873935 4.702361 5.491747 -2.850060 16.347176 -10.970775 -3.539637 -15.251243 12.835097 -5.144418 -0.314240
6.584353 0.688083 8.902873 -16.229855 13.042684 -5.905936 27.658356 7.055483 -10.438844 0.216082 -4.505030 -8.161536 -14.912162 -14.611878 9.251514 3.676869 11.913740 10.062678 -20.911430 4.664716 4.626035 5.318874 -3.015411 16.373234 -11.020143 -3.492167 -15.088578 12.847095 -4.990853 -0.224095
6.423540 0.653125 8.775903 -16.377876 13.008380 -5.917205 27.510040 7.127654 -10.410873 0.099872 -4.602124 -8.061197 -15.088199 -14.464236 9.185890 3.615456 11.935357 10.042821 -20.847261 4.515781 4.572571 5.221424 -3.104954 16.367876 -11.064672 -3.480050 -14.999242 12.853687 -4.919409 -0.154002
6.356582 0.639693 8.726483 -16.438658 12.996959 -5.915614 27.441139 7.156795 -10.400061 0.049644 -4.627711 -8.027739 -15.158793 -14.415679 9.159013 3.584442 11.953704 10.022765 -20.830385 4.442786 4.553297 5.197449 -3.124187 16.362497 -11.076851 -3.469035 -14.974410 12.851672 -4.893389 -0.115274
6.395185 0.657022 8.739436 -16.416975 13.011607 -5.921275 27.469746 7.134582 -10.398848 0.081736 -4.612529 -8.047896 -15.114771 -14.436706 9.179561 3.595911 11.942454 10.029611 -20.842916 4.479283 4.558866 5.216574 -3.117328 16.369823 -11.073366 -3.477593 -14.980876 12.846821 -4.910599 -0.141690
6.434144 0.680126 8.765598 -16.368080 13.035508 -5.926273 27.513313 7.104573 -10.410906 0.118784 -4.584619 -8.068017 -15.061815 -14.468529 9.201076 3.635612 11.931357 10.021214 -20.853243 4.537766 4.570254 5.254080 -3.103658 16.357668 -11.075837 -3.494946 -14.997454 12.842968 -4.939888 -0.166486
6.505767 0.732409 8.842705 -16.274015 13.074067 -5.919798 27.582962 7.022946 -10.430072 0.193054 -4.536004 -8.122980 -14.926850 -14.525315 9.249543 3.698658 11.940709 9.974275 -20.896318 4.627913 4.602102 5.340395 -3.024312 16.324007 -11.054822 -3.518225 -15.078040 12.837000 -5.012808 -0.194181
6.622214 0.837408 8.955693 -16.140703 13.153348 -5.903510 27.624191 6.899822 -10.442001 0.293756 -4.502351 -8.196096 -14.756502 -14.588933 9.302033 3.749311 11.966559 9.937149 -20.946928 4.727207 4.653749 5.498241 -2.903252 16.281126 -11.012557 -3.561311 -15.198966 12.818880 -5.143162 -0.261037
6.769890 0.976369 9.096211 -15.987339 13.258312 -5.866650 27.657515 6.752153 -10.470538 0.439465 -4.457471 -8.273452 -14.490890 -14.665349 9.366030 3.864459 12.020928 9.841815 -20.983948 4.928973 4.702035 5.633584 -2.795883 16.244501 -10.986268 -3.600610 -15.308972 12.802406 -5.258952 -0.327806
6.989099 1.147344 9.261876 -15.762169 13.395623 -5.824061 27.702492 6.530762 -10.520412 0.625213 -4.433068 -8.341814 -14.139035 -14.710764 9.471182 3.991604 12.149009 9.658334 -21.024506 5.171113 4.749571 5.796904 -2.633207 16.175997 -10.935466 -3.649607 -15.489195 12.798997 -5.417959 -0.382354
7.254154 1.250210 9.478265 -15.499107 13.487586 -5.754807 27.809395 6.252153 -10.580688 0.840697 -4.477848 -8.366615 -13.792614 -14.681226 9.555884 4.184236 12.260982 9.438784 -21.030737 5.416442 4.829514 6.052227 -2.381163 16.053425 -10.907060 -3.741828 -15.733418 12.769393 -5.649016 -0.421151
7.637864 1.409508 9.692563 -15.190947 13.623013 -5.651527 27.838282 5.872673 -10.661657 1.085933 -4.586381 -8.348704 -13.491300 -14.616851 9.598020 4.425494 12.374326 9.279936 -20.994419 5.695941 4.894027 6.344050 -2.130220 15.928559 -10.884781 -3.852667 -15.950743 12.749441 -5.914735 -0.472414
8.058750 1.614521 9.892647 -14.851915 13.806566 -5.478196 27.805403 5.340046 -10.741529 1.314471 -4.659729 -8.421632 -13.054649 -14.670934 9.704762 4.626036 12.482909 9.214075 -21.007515 6.088048 4.992997 6.584529 -1.851113 15.886875 -10.835105 -3.890630 -16.197771 12.674019 -6.124068 -0.505784
8.468966 1.845370 10.099902 -14.625870 14.025666 -5.340188 27.761303 4.900869 -10.799993 1.529304 -4.722230 -8.425982 -12.599201 -14.646884 9.771784 4.963066 12.548800 9.088986 -20.948629 6.590921 5.080857 6.855908 -1.565847 15.821479 -10.780482 -3.958173 -16.466881 12.595155 -6.374722 -0.562067
8.904127 2.063709 10.191115 -14.463870 14.297967 -5.186587 27.752552 4.356138 -10.846907 1.832551 -4.902500 -8.314385 -12.093941 -14.594317 9.837529 5.297487 12.623487 8.837015 -20.883604 7.084590 5.179812 7.217514 -1.278729 15.786674 -10.779853 -4.022779 -16.631516 12.454116 -6.618280 -0.598880
9.322979 2.288530 10.107939 -14.325153 14.694306 -5.034235 27.586779 3.827276 -10.910621 2.083696 -4.989485 -8.279390 -11.538272 -14.718718 9.897680 5.622038 12.459934 8.756646 -20.883116 7.654354 5.259270 7.549220 -0.932172 15.699668 -10.775113 -4.102277 -16.848272 12.329256 -6.882432 -0.488467
9.449545 2.436172 9.851970 -14.472210 15.143160 -4.895377 27.317894 3.239749 -10.850128 2.219414 -5.216699 -8.258845 -10.803548 -14.831941 9.996702 5.975904 12.231280 8.674603 -20.941753 8.302086 5.302692 7.889039 -0.674156 15.563299 -10.810159 -4.211328 -17.029585 12.176878 -7.160062 -0.456406
9.241194 2.479612 9.542172 -14.747583 15.454535 -4.851157 27.264206 2.580514 -10.763638 2.359546 -5.540058 -8.206073 -10.070915 -14.816193 10.056672 6.334500 12.218753 8.286016 -20.979094 8.749477 5.360619 8.236150 -0.485085 15.406074 -10.973828 -4.341402 -17.111633 11.891691 -7.426872 -0.455863
13.329016 5.342550 8.775476 -15.718804 9.182777 -7.588303 24.725338 -0.046096 -18.030495 -5.481878 -11.498299 -0.681512 -7.844077 -18.359774 3.665589 5.379566 4.890755 8.412490 -23.135178 5.057909 6.128150 13.498758 -2.720606 13.457986 -8.983563 2.595763 -16.557613 7.882928 -5.611970 -0.271179
12.752924 5.425725 8.400840 -15.874346 9.425847 -7.566789 24.534439 -0.693466 -18.132029 -5.425905 -11.734624 -0.724238 -7.263825 -18.205969 4.027578 5.291009 5.497353 7.482884 -23.404119 4.611863 6.026436 13.890401 -2.616858 13.164723 -9.307233 2.352000 -16.464642 7.826770 -5.864927 0.073154
12.066965 5.573579 7.872302 -16.244486 9.743475 -7.515192 24.102884 -1.134367 -18.288532 -5.479072 -11.972553 -0.758250 -6.721498 -17.830954 4.345160 5.311254 6.496431 6.120527 -23.656084 3.967503 5.928550 14.293729 -2.555697 12.913239 -9.630466 2.141001 -16.307537 7.769500 -6.088052 0.392117
11.154147 5.766167 7.264777 -16.606697 10.239505 -7.367777 23.497316 -1.705656 -18.430204 -5.607952 -12.224795 -0.934300 -6.276142 -17.447849 4.771132 5.049757 7.923572 4.811380 -23.940044 3.143826 5.792534 14.636643 -2.557550 12.602590 -10.070096 1.874870 -16.085421 7.744499 -6.300457 0.913282
10.347597 5.768091 6.708511 -16.779043 10.601240 -6.965212 23.062923 -2.501796 -18.779095 -5.750476 -12.469469 -0.846850 -6.054456 -16.716801 5.179007 5.026368 9.381261 3.297376 -24.043962 2.297842 5.589406 14.974313 -2.435899 12.288822 -10.530896 1.567484 -15.782925 7.883663 -6.486821 1.648830
8.169568 -0.248070 6.534543 -11.371885 13.366690 -9.177284 19.312794 -0.789609 -16.880909 -3.810559 -14.250382 -0.656419 -4.596219 -10.621147 9.593873 7.885264 9.993532 3.005172 -22.750097 -1.392722 7.861236 17.066219 -3.067189 10.978742 -9.656156 -0.850469 -15.219884 9.011179 -5.994902 2.597664
7.093871 -1.993140 5.556979 -10.507274 14.567578 -9.048551 18.305363 -0.801758 -16.369411 -3.121325 -14.907925 -0.807719 -4.220726 -9.327661 10.397901 8.341849 11.302993 2.534422 -22.184254 -1.653697 8.338775 17.404789 -2.988381 10.589589 -9.965357 -1.838558 -14.651818 9.517429 -5.865236 3.555300
6.677341 -2.598613 4.465230 -10.645477 15.229945 -8.160992 17.660755 -1.557713 -16.688324 -3.043052 -15.535797 -0.388806 -3.948985 -8.835182 10.373722 8.515566 12.498181 1.722006 -21.906679 -1.738875 8.343379 18.110464 -2.852356 10.536609 -10.523478 -2.257566 -14.493573 9.158859 -6.359632 4.356893
5.748021 -2.755197 3.346364 -11.081385 15.694978 -8.073923 17.308956 -2.155333 -17.010235 -3.255138 -16.089573 -0.086466 -3.780552 -8.041520 10.724267 8.670206 13.795891 1.142462 -21.569399 -1.357093 8.181043 18.383337 -2.711360 10.338254 -11.032544 -2.522844 -14.220606 9.111180 -6.568422 5.110010
4.772393 -2.803370 2.433306 -11.239420 16.187870 -8.175344 16.946257 -2.578725 -17.401436 -3.318694 -16.583103 0.500736 -3.888120 -7.081645 11.071263 8.954258 14.519336 0.683578 -21.153168 -1.039428 8.121401 18.670160 -2.631572 10.168610 -11.505851 -2.710876 -13.903751 9.005754 -6.702655 5.905635
3.657874 -2.719047 1.743197 -11.445315 16.573997 -8.764204 16.621464 -2.912687 -17.618237 -3.455009 -17.131525 1.039211 -4.095578 -6.129250 11.174139 9.205338 15.040423 0.355816 -20.738140 -0.814180 8.021254 18.869337 -2.864951 9.981665 -12.043316 -2.910612 -13.561091 8.767964 -6.800746 6.374709
2.540069 -2.600884 1.206308 -11.849226 16.904074 -9.336391 16.158821 -3.463643 -17.623451 -3.656365 -17.739283 1.632616 -4.364109 -5.286770 11.137523 9.555677 15.164477 0.122403 -20.307343 -0.614372 7.855848 19.006838 -3.042828 9.843760 -12.549897 -3.045660 -13.237180 8.581725 -6.850773 6.906099
1.509498 -2.343629 0.731455 -12.237159 17.266914 -9.979174 15.564047 -3.945706 -17.553274 -3.894182 -18.523136 2.246030 -4.817942 -4.325249 11.004897 9.630067 15.610690 -0.066407 -19.809504 -0.466355 7.640668 19.084824 -3.270267 9.690609 -13.093044 -3.178345 -12.783113 8.420683 -6.806196 7.609239
0.852965 -2.199317 0.646044 -12.697958 17.484058 -10.234987 14.983424 -4.488024 -17.278563 -4.095291 -19.430044 2.782062 -5.319817 -3.456195 10.637746 9.598573 15.959943 -0.026737 -19.352617 -0.539254 7.427286 19.026102 -3.660233 9.429633 -13.415718 -3.245687 -12.452369 8.318229 -6.732776 8.070745
0.051223 -2.323089 0.666416 -13.331114 17.451050 -10.413021 14.683754 -5.148708 -16.805584 -4.338582 -20.133873 3.338376 -5.984158 -2.778040 10.122396 9.661313 16.267286 -0.096179 -18.837843 -0.656713 7.210900 18.961168 -3.982402 9.188875 -13.823094 -3.243258 -12.155075 8.098110 -6.635789 8.423155
-0.667489 -2.512070 0.633719 -13.859348 17.373558 -10.580153 14.462091 -5.827236 -16.441002 -4.627000 -20.633686 3.866041 -6.490601 -2.173923 9.925854 9.704338 16.432167 -0.166874 -18.434414 -0.573079 7.018267 18.790545 -4.329933 8.912288 -14.070421 -3.329127 -11.921077 8.117304 -6.540235 8.700668
-1.296551 -2.713173 0.457743 -14.416193 17.383011 -10.674202 14.191330 -6.479307 -16.123810 -4.952706 -21.002865 4.320805 -7.012008 -1.551065 9.814975 9.750950 16.821203 -0.211755 -18.074097 -0.425943 6.776608 18.686253 -4.712348 8.702543 -14.472440 -3.395365 -11.532605 8.047581 -6.431174 9.098030
-1.774086 -2.989232 0.144012 -14.901117 17.476479 -10.712109 13.812874 -7.045874 -15.865879 -5.161047 -21.234467 4.693063 -7.577793 -1.069097 9.719213 9.721085 17.330879 -0.183128 -17.738247 -0.325735 6.629223 18.574923 -5.030524 8.527598 -14.785563 -3.418726 -11.234824 7.973818 -6.304731 9.303350
-2.191038 -3.323325 -0.212141 -15.318447 17.543764 -10.720821 13.421457 -7.474612 -15.626232 -5.396457 -21.521236 5.135419 -8.093602 -0.587360 9.657332 9.699745 17.814692 -0.141671 -17.368967 -0.143526 6.375730 18.456003 -5.423554 8.339449 -15.108690 -3.501743 -10.851525 7.967126 -6.240334 9.636190
-2.537095 -3.639179 -0.505705 -15.696896 17.516270 -10.772871 13.170341 -7.913706 -15.357226 -5.629675 -21.735020 5.510803 -8.644848 -0.123528 9.510506 9.825233 18.298639 -0.159170 -16.998999 -0.007825 6.167778 18.364496 -5.743494 8.261279 -15.431803 -3.569948 -10.505585 7.863413 -6.209526 9.867783
-2.775994 -3.810471 -0.730823 -16.025881 17.517000 -10.828293 12.885701 -8.145796 -15.161399 -5.886372 -21.864218 5.842027 -9.114979 0.275828 9.431336 9.955256 18.733856 -0.178270 -16.692759 0.192053 6.071154 18.231665 -6.058440 8.182775 -15.661852 -3.603621 -10.296397 7.691320 -6.180309 9.919678
-3.024547 -3.991578 -0.878732 -16.271160 17.444817 -10.853873 12.681166 -8.299804 -15.031639 -6.144802 -21.950928 6.122798 -9.474429 0.606900 9.466287 10.039299 19.060232 -0.177698 -16.454231 0.359292 5.918652 18.098879 -6.376234 8.149157 -15.878005 -3.656985 -10.013751 7.600127 -6.151453 10.024945
-3.201907 -4.164877 -1.008320 -16.536308 17.401901 -10.830107 12.523114 -8.417795 -14.887736 -6.327516 -21.994392 6.340112 -9.758039 0.818230 9.496428 10.046577 19.227285 -0.143535 -16.305952 0.439513 5.789869 18.044222 -6.583641 8.120661 -16.079306 -3.726896 -9.791053 7.540926 -6.156713 10.167768
-3.343598 -4.252964 -1.107608 -16.691086 17.401331 -10.862372 12.386182 -8.531692 -14.783170 -6.450525 -22.068663 6.510552 -9.976632 1.012679 9.507791 10.037200 19.388790 -0.072276 -16.165857 0.584753 5.726800 17.973436 -6.736139 8.109338 -16.193499 -3.754289 -9.662921 7.498049 -6.131026 10.250791
-3.468899 -4.349150 -1.167041 -16.811169 17.369915 -10.861774 12.322958 -8.570003 -14.708118 -6.539258 -22.074577 6.633773 -10.119747 1.101665 9.534280 10.022069 19.482430 -0.018976 -16.078165 0.703354 5.662418 17.956530 -6.823560 8.109909 -16.293930 -3.794292 -9.554902 7.466158 -6.145075 10.317754
-3.503567 -4.381070 -1.183764 -16.848776 17.362530 -10.863814 12.296613 -8.600493 -14.684764 -6.568753 -22.069378 6.655558 -10.156456 1.132584 9.538508 10.026394 19.515207 -0.014214 -16.062273 0.720047 5.643928 17.931549 -6.866211 8.103950 -16.312857 -3.801825 -9.523079 7.460637 -6.141352 10.331506
