-15.167908 -13.965579 3.509467 2.104429 23.846323 -1.731276 5.682632 32.949459 -14.295218 -2.230810 -9.575930 -2.448473 -11.132068 -18.856661 6.039739 19.145950 1.817086 -15.869532 -14.794631 -27.606724 9.807238 3.420414 -12.734480 4.114815 -4.808673 5.376137 -24.070805 7.900428 1.104213 -2.965707
-15.172278 -14.104430 3.526300 2.086348 23.766960 -1.599411 5.661762 33.210930 -14.271671 -2.307546 -9.535526 -2.378226 -11.042472 -19.032368 5.996840 18.945423 1.715353 -16.008297 -15.039165 -27.737989 9.876060 3.323425 -12.812825 4.132163 -4.826275 5.383158 -24.002260 7.909318 1.249724 -3.122941
-15.219852 -14.552486 3.516093 2.115702 23.546791 -1.427592 5.713501 33.588196 -14.247941 -2.517217 -9.352221 -2.251515 -11.082416 -19.292639 5.899149 18.545815 1.692711 -16.208029 -15.387524 -27.922688 10.037157 3.144370 -12.944467 4.145334 -4.835799 5.351148 -23.958225 7.948755 1.504906 -3.532911
-15.079765 -15.087225 3.439087 2.107432 23.119431 -1.336877 5.879910 34.029366 -14.245048 -2.894171 -9.003107 -1.923347 -11.580254 -19.655703 5.527836 18.059616 1.507113 -16.363098 -15.697175 -28.129036 10.387794 2.867780 -13.150131 4.200104 -4.881453 5.292855 -23.857887 7.996578 1.929263 -4.172616
-14.676005 -15.719635 3.288708 2.096529 22.647850 -1.313122 6.051530 34.333832 -14.152221 -3.251568 -8.602938 -1.621428 -12.049470 -20.193438 5.302055 17.151039 1.433002 -16.398623 -16.208267 -28.302816 10.678487 2.511586 -13.456514 4.212245 -4.996406 5.357444 -23.671427 7.931056 2.457579 -4.857863
-13.639589 -15.535480 3.247925 1.750690 22.365112 -1.522303 5.821383 34.673286 -13.956872 -3.586183 -8.008954 -1.238074 -12.753472 -20.859192 4.914323 16.141060 1.377369 -16.228935 -16.687574 -28.157787 10.974854 2.112096 -13.719460 4.451492 -5.076228 5.543789 -23.447760 7.817933 3.051853 -5.814803
-12.434710 -15.007485 3.242565 1.409504 22.289852 -1.951997 5.427188 34.913834 -13.752014 -3.839533 -7.157547 -0.845961 -13.874555 -21.588438 4.155977 14.945926 1.074443 -15.755473 -17.335461 -28.322136 11.102928 1.598787 -13.983252 4.774498 -5.113338 6.060637 -23.065250 7.661720 3.801929 -6.823523
-10.918093 -14.557459 3.106804 1.074170 21.978951 -2.693864 5.108628 35.183884 -13.642568 -4.328889 -6.678737 -0.422995 -14.862441 -22.080343 3.469055 13.794446 0.763181 -15.246305 -17.963850 -28.437763 11.103818 1.261700 -14.276136 5.143373 -5.525751 6.196520 -22.726418 7.375519 4.274558 -7.861880
-9.539129 -14.133192 3.058445 0.567961 21.847094 -3.427048 4.779878 35.376678 -13.414033 -4.690175 -6.304534 -0.210848 -16.043051 -22.271624 2.810790 12.680447 0.393363 -14.344517 -18.446505 -28.779060 11.008965 1.134815 -14.296936 5.575522 -5.920589 6.365368 -22.311499 7.132014 4.653642 -8.911736
-8.390821 -13.638091 3.194897 0.008925 21.918745 -3.777278 4.347875 35.574348 -13.046327 -4.828984 -6.342093 -0.133965 -16.843842 -22.347481 2.308960 11.805933 -0.125066 -13.196815 -18.906601 -28.807865 10.799439 1.047506 -14.352169 5.860924 -6.353421 6.451308 -22.030752 6.942170 4.866930 -9.812566
-7.438264 -13.656046 3.381934 -0.281496 21.839577 -3.829648 4.018920 35.867001 -12.449279 -4.818461 -6.810764 -0.418783 -17.299992 -22.017830 2.398084 11.108749 -0.285860 -12.001757 -19.117449 -29.283283 10.336428 1.224106 -14.359802 6.018239 -6.907011 6.164075 -21.631916 7.049062 4.805033 -10.530965
-6.548539 -13.577116 3.387127 -0.647005 21.888790 -4.031839 3.641298 36.050884 -11.875163 -4.743065 -7.688870 -0.879814 -17.301340 -21.443810 2.795718 10.440960 -0.122080 -10.697957 -19.299774 -29.584118 9.557420 1.579477 -14.344071 6.086923 -7.877361 5.647643 -21.361885 6.930285 4.384935 -11.057436
-5.654841 -13.237591 3.403644 -1.160551 22.023701 -4.273668 3.245996 36.152508 -11.363746 -4.661143 -8.596661 -0.790089 -17.679859 -20.933250 3.149920 9.216365 0.406924 -9.651809 -19.213676 -29.652788 8.743519 2.173474 -14.216370 6.104452 -8.448015 4.863227 -21.186626 7.245927 3.624329 -11.286533
-4.762840 -12.788893 3.599399 -1.770421 22.271278 -4.295381 2.733409 36.482414 -10.752547 -4.533412 -9.569845 -1.166186 -17.627644 -20.102455 3.634185 9.007612 0.489873 -8.540243 -18.710497 -29.843964 7.608049 2.612869 -14.263388 6.072029 -9.210109 4.309231 -20.994963 7.373876 2.897737 -11.640314
-3.932184 -12.271105 3.688504 -2.392857 22.574970 -4.361436 2.181163 36.639175 -10.157921 -4.335269 -10.185350 -1.596733 -17.497358 -19.187115 3.973538 9.194001 0.602244 -7.664533 -18.295441 -29.933908 6.693031 3.037788 -14.386354 6.245138 -9.782876 3.777915 -20.724552 7.397550 2.219594 -11.844161
-3.185866 -11.848549 3.786175 -2.971695 22.757839 -4.359962 1.738678 36.692265 -9.643327 -4.164442 -10.994997 -1.728999 -17.239944 -18.611458 4.278221 8.765812 0.762937 -6.817454 -18.165724 -29.784576 6.254846 3.197732 -14.410503 6.280757 -9.973130 3.514746 -20.489960 7.558484 2.017447 -11.956345
-2.552342 -11.510133 3.750998 -3.338304 22.936840 -4.367330 1.387298 36.685589 -9.327489 -4.012079 -11.440800 -1.945496 -17.032475 -18.398527 4.582824 8.244066 0.941911 -6.151795 -18.242033 -29.747135 5.673227 3.321745 -14.532454 6.378813 -10.159528 3.221467 -20.338642 7.622987 1.666306 -12.070857
-2.103054 -11.250005 3.723022 -3.623947 22.991993 -4.436764 1.181041 36.552181 -9.073561 -3.907260 -11.785147 -2.061474 -17.000496 -18.116440 4.694098 8.133507 0.879745 -5.683980 -18.019270 -29.831367 5.367627 3.385693 -14.613947 6.362099 -10.213778 3.056953 -20.218033 7.719604 1.482775 -11.870695
-1.886097 -11.106809 3.730007 -3.768936 22.999882 -4.468393 1.073966 36.521267 -8.958455 -3.891552 -12.112532 -2.114547 -16.912682 -17.876133 4.825175 8.174664 0.883001 -5.423829 -17.773317 -29.830059 5.156810 3.393165 -14.707391 6.337504 -10.223807 2.964707 -20.127193 7.798576 1.385308 -11.695302
-1.805137 -11.035339 3.727752 -3.833148 23.017998 -4.464406 1.022776 36.512329 -8.917636 -3.873535 -12.275767 -2.116645 -16.846497 -17.774723 4.887124 8.175335 0.888259 -5.312003 -17.672987 -29.772011 5.058321 3.400327 -14.743052 6.297696 -10.245034 2.906544 -20.102364 7.819430 1.329341 -11.599995
-2.213351 -11.218227 4.063671 -3.792387 22.751171 -4.464455 1.245059 36.492878 -8.867648 -4.044207 -11.874584 -1.907642 -17.262226 -18.055576 4.532524 8.100189 0.710642 -5.557698 -17.881535 -29.809692 5.264497 3.269132 -14.821205 6.469946 -10.195500 3.111477 -20.164629 7.632635 1.470053 -11.781996
-3.356279 -11.692614 5.021820 -3.710956 21.991972 -4.511085 1.900573 36.345081 -8.731903 -4.515709 -11.229595 -1.397834 -18.367502 -18.184067 3.589544 9.110478 0.016509 -6.306182 -17.531710 -30.015697 5.647836 2.868455 -15.236959 6.961491 -9.972470 3.584649 -20.044342 7.298123 1.869347 -11.919246
-5.285615 -12.505577 6.747444 -3.609665 20.718731 -4.086592 3.045366 35.717308 -8.492778 -5.210446 -9.524937 0.031480 -20.781631 -19.639446 1.909746 9.551777 -1.395861 -7.259135 -17.347027 -29.790194 6.540662 1.860076 -15.960772 7.622826 -9.071086 4.661113 -20.042877 6.813047 2.733525 -11.708256
-7.652525 -13.516814 9.173581 -3.881063 19.145985 -3.377735 4.555589 34.371483 -7.863894 -5.878569 -7.805498 1.597851 -23.241825 -20.660753 0.281500 10.747128 -3.018241 -7.698919 -16.128309 -28.925125 7.938315 0.095073 -17.092014 9.135223 -7.003716 6.690450 -19.568441 6.388764 4.436666 -11.529481
-8.616096 -15.663227 10.872303 -4.376198 17.208416 -3.000663 6.260426 32.455563 -6.877251 -6.531098 -6.223752 2.848926 -25.636099 -21.454449 -0.901277 13.555149 -4.699125 -7.447580 -13.382166 -26.612701 8.000643 -1.304706 -18.830671 10.699929 -4.498975 7.881959 -18.827065 6.543617 4.855114 -10.363342
-8.520649 -19.451563 11.222377 -4.624476 14.909093 -2.897062 7.898497 31.001635 -5.322950 -6.812123 -7.414915 2.059852 -26.204702 -20.315487 -0.218302 17.010757 -5.336927 -5.344289 -10.042741 -24.856583 6.522719 -1.353180 -20.003323 11.461710 -2.912555 7.544245 -18.049410 7.369431 3.491569 -7.437826
-7.132102 -20.167582 11.621064 -4.970332 14.012682 -4.262856 8.375412 30.052200 -4.133722 -6.464120 -8.372492 0.994027 -26.439289 -19.853359 0.241283 17.874001 -6.482901 -1.580762 -9.202878 -23.451210 4.002334 -0.631183 -20.430880 12.409076 -3.095668 7.590035 -17.286770 6.810871 1.511822 -4.488289
-5.427885 -21.692587 10.834601 -6.072747 12.532235 -4.914316 8.495062 28.461868 -2.945661 -7.012990 -9.027956 -0.563635 -26.393713 -18.484711 0.715706 18.231293 -7.015196 2.663484 -9.167183 -22.646376 1.992207 0.916779 -19.814129 13.565327 -3.852066 7.964396 -17.031816 5.804648 -0.462762 -2.967661
-2.726815 -21.933243 10.842996 -8.023319 9.910501 -3.793411 8.828223 27.132996 -3.375052 -9.568748 -10.034573 -0.620698 -27.442257 -15.242127 1.222673 18.100613 -4.806051 4.396048 -9.070003 -21.689592 0.571395 2.407050 -18.812407 13.996844 -5.750202 8.175341 -15.743251 5.634095 -0.907565 -3.102937
-1.453164 -22.447773 10.890821 -10.409077 7.515331 -3.092878 9.768566 24.922188 -3.240870 -11.208540 -11.034111 0.762313 -29.303421 -12.171292 0.771035 17.638119 -2.771534 4.985459 -8.394221 -20.345636 0.218578 2.973755 -18.384880 14.171052 -6.741096 8.614812 -14.082785 6.017944 -0.242947 -3.386738
-0.791544 -23.371086 10.227451 -13.863748 6.006407 -2.898201 10.681307 22.773933 -1.954812 -11.784449 -12.338350 2.849517 -30.202778 -10.253304 -1.096165 17.586113 -3.242276 5.283519 -8.247897 -18.424686 -0.827873 2.500293 -19.659342 12.888949 -6.641896 8.283053 -11.973683 7.978284 0.477419 -2.146098
-0.038745 -23.657362 9.522250 -16.839542 5.673042 -2.957678 11.264882 20.718044 -0.799946 -11.547653 -14.384819 4.249346 -29.155590 -8.624232 -2.133296 17.670624 -4.489941 6.021152 -8.045983 -16.818670 -1.941999 1.608024 -21.411240 11.874872 -6.662605 7.909626 -9.268554 10.101758 1.728897 -1.515218
0.249280 -23.453451 10.054232 -18.826643 4.878393 -3.215710 12.127645 18.177948 -0.209310 -11.716599 -16.387535 5.063258 -27.461336 -7.885293 -3.106976 18.160225 -5.952077 5.869783 -8.636827 -15.792748 -3.394480 1.003752 -22.994150 10.307991 -6.999213 6.658428 -7.533370 11.968261 2.238544 -0.866586
1.231678 -23.033686 9.939528 -19.508848 4.848847 -3.835785 12.334159 16.221285 -0.338735 -11.686984 -17.965265 5.344215 -25.761429 -7.549698 -2.982401 18.197792 -6.157995 6.001841 -8.740417 -14.632774 -4.226422 1.281945 -23.142900 9.138820 -7.977536 5.519018 -6.961741 12.543375 2.107527 -0.629106
0.832547 -22.277777 9.141152 -19.659693 5.504962 -4.447849 12.124876 14.770720 -0.786217 -11.419125 -19.303152 5.158504 -24.299332 -6.469464 -2.336849 18.261723 -5.792229 6.535612 -8.398856 -13.883255 -5.072382 2.034233 -22.593788 8.647994 -9.307881 5.215618 -6.723541 12.100115 1.631366 -0.178355
0.382616 -21.574881 8.362695 -19.886164 6.294990 -4.478453 11.832830 13.500298 -1.217495 -10.987442 -19.972290 4.835742 -23.132042 -5.969156 -1.514156 17.620197 -4.904871 7.136694 -8.679757 -13.033647 -5.559125 2.698605 -21.705481 8.076150 -10.248624 4.997376 -6.407671 12.307449 1.598780 -0.050310
0.366062 -20.885563 7.722509 -20.472425 7.042215 -4.420041 11.248252 12.189597 -1.097467 -10.540689 -20.479212 4.769964 -22.578327 -5.745478 -0.997102 16.971592 -4.382263 7.855576 -8.889443 -12.201920 -6.023838 3.168668 -21.293432 7.761159 -10.842349 4.702752 -5.798599 12.741466 1.584899 0.124619
0.266083 -20.563112 6.899132 -20.824436 7.528763 -4.452648 10.828039 11.455446 -1.169533 -10.301000 -20.740776 4.808926 -22.298365 -5.817954 -0.694360 16.275187 -4.130572 8.403037 -9.102205 -11.649296 -5.924601 3.353466 -20.941740 7.087140 -11.121746 4.428386 -5.732006 13.238556 1.760973 0.137246
0.364193 -20.391607 6.581798 -21.055790 7.733372 -4.521147 10.608441 10.982449 -1.118553 -10.199743 -20.934269 4.863764 -21.937275 -5.910800 -0.498901 15.923109 -4.029504 8.564351 -9.306308 -11.260636 -5.906234 3.553776 -20.607792 7.104952 -11.103562 4.409852 -5.397583 13.608556 1.875238 0.136402
0.347773 -20.370687 6.480180 -21.081415 7.808308 -4.491338 10.549751 10.837700 -1.134344 -10.151667 -21.023270 4.891180 -21.794666 -5.883801 -0.413782 15.810993 -3.926190 8.585429 -9.378345 -11.097071 -5.954777 3.642315 -20.486002 7.088155 -11.113029 4.377824 -5.287441 13.738461 1.855650 0.218033
0.354410 -20.366932 6.462103 -21.079058 7.835072 -4.505492 10.534996 10.792002 -1.127524 -10.125864 -21.067070 4.905514 -21.733715 -5.857043 -0.396960 15.803585 -3.914298 8.577826 -9.398616 -11.050556 -5.942774 3.646519 -20.462229 7.032036 -11.121990 4.368708 -5.334602 13.749913 1.854755 0.226172
0.375595 -20.332575 6.443139 -21.099985 7.874792 -4.513418 10.495373 10.719184 -1.114422 -10.109474 -21.129759 4.934408 -21.680122 -5.833800 -0.377684 15.770344 -3.896568 8.613551 -9.436446 -10.954014 -5.928045 3.678374 -20.414413 6.949284 -11.150607 4.323951 -5.314694 13.837014 1.867251 0.261200
0.352440 -20.362368 6.354531 -21.122347 7.938455 -4.521769 10.447836 10.573421 -1.098770 -10.063675 -21.193169 4.962252 -21.531769 -5.873445 -0.315239 15.715477 -3.845505 8.593148 -9.506091 -10.803318 -5.979559 3.663223 -20.476870 6.807743 -11.123296 4.271111 -5.321611 13.919976 1.835133 0.335937
0.355251 -20.321001 6.228128 -21.113548 8.056135 -4.510654 10.376488 10.355946 -1.154332 -10.002698 -21.301821 4.985481 -21.249844 -5.893224 -0.208951 15.715747 -3.718926 8.504069 -9.621468 -10.529161 -6.007375 3.681074 -20.489416 6.647726 -11.034351 4.187284 -5.294099 14.094565 1.781405 0.438018
0.406456 -20.238886 6.097885 -21.097975 8.197257 -4.519619 10.298928 10.157245 -1.226218 -9.937190 -21.447680 5.001599 -20.948418 -5.865591 -0.091936 15.779963 -3.588305 8.429749 -9.673851 -10.220739 -6.045418 3.683056 -20.518066 6.562778 -10.916276 4.152678 -5.148139 14.316504 1.790086 0.598510
0.384699 -20.198999 5.904239 -21.031603 8.389006 -4.551701 10.234499 9.948763 -1.350532 -9.840321 -21.539925 5.032028 -20.658600 -5.962005 0.050859 15.656253 -3.454171 8.441096 -9.773643 -9.868532 -6.005050 3.677647 -20.505949 6.071220 -10.924920 3.929852 -5.222729 14.589624 1.822324 0.796288
0.414869 -20.148634 5.786973 -21.033728 8.553932 -4.636260 10.159389 9.701891 -1.365389 -9.750103 -21.523237 5.020548 -20.346851 -6.091510 0.193293 15.596766 -3.285624 8.304715 -9.898524 -9.607268 -5.886020 3.854460 -20.247969 5.589194 -10.908527 3.740142 -5.230687 14.981691 1.836085 1.164529
0.425805 -20.113008 5.727890 -21.034266 8.688203 -4.722951 10.124710 9.428143 -1.338937 -9.642908 -21.410624 4.963379 -20.006323 -6.303288 0.343286 15.593611 -3.075226 7.984332 -10.076241 -9.495880 -5.736307 4.012868 -20.017727 5.087284 -10.904428 3.528088 -5.133499 15.449505 1.926678 1.636425
0.398356 -20.092566 5.658842 -20.944250 8.791116 -4.776566 10.130777 9.195750 -1.381591 -9.543609 -21.260933 4.880624 -19.716824 -6.487504 0.472166 15.675447 -2.852752 7.621404 -10.210397 -9.452779 -5.639322 4.200790 -19.724413 4.621390 -10.986794 3.289267 -5.228290 15.756718 1.902521 1.896440
0.354479 -20.066267 5.670225 -20.837421 8.916499 -4.887615 10.180382 8.900373 -1.379081 -9.392197 -21.149008 4.863425 -19.355753 -6.552028 0.608801 15.832480 -2.593241 7.248256 -10.330694 -9.211034 -5.547256 4.421169 -19.433920 4.216583 -11.159403 3.046066 -5.277498 16.003944 1.898987 2.155236
0.291691 -20.002943 5.677558 -20.670416 9.039830 -4.970014 10.262157 8.618300 -1.464009 -9.231857 -21.055115 4.823640 -19.054264 -6.547601 0.758804 15.986588 -2.223679 6.813546 -10.414000 -9.119543 -5.510162 4.522305 -19.270590 3.931901 -11.352828 2.872536 -5.554375 15.923709 1.828071 2.081539
0.246837 -19.985670 5.720045 -20.557236 9.086856 -5.012524 10.350705 8.366354 -1.506414 -9.118738 -21.032663 4.790706 -18.715105 -6.508105 0.929624 16.038254 -1.746336 6.356420 -10.485970 -9.048921 -5.498787 4.719583 -18.981829 3.512587 -11.574998 2.643330 -5.693386 16.051424 1.776137 2.283257
0.196668 -19.971691 5.623615 -20.436296 9.205893 -5.063922 10.399029 8.144943 -1.646467 -8.990854 -21.021282 4.757967 -18.477776 -6.485267 1.031771 16.144957 -1.347190 5.892371 -10.499651 -9.083286 -5.538285 4.685500 -18.934160 3.353035 -11.760051 2.650043 -5.943860 15.918324 1.773600 2.227934
0.123464 -19.960466 5.405087 -20.266989 9.319612 -5.097057 10.431365 8.014684 -1.843401 -8.858843 -21.019550 4.708505 -18.219353 -6.443892 1.192919 16.155426 -1.006604 5.653902 -10.600247 -9.002368 -5.568083 4.684780 -18.885599 3.290281 -11.807746 2.664267 -6.025439 15.899199 1.768499 2.263426
0.024202 -19.957987 5.164226 -20.075056 9.401017 -5.111506 10.464947 7.961453 -2.009971 -8.710879 -21.008678 4.634602 -17.999306 -6.450943 1.307603 16.155930 -0.773764 5.447979 -10.699557 -9.056784 -5.580452 4.636606 -18.778360 3.142498 -11.836879 2.750041 -6.338780 15.773829 1.736099 2.205738
-0.082516 -19.980583 4.926094 -19.921091 9.450888 -5.127972 10.515650 7.918724 -2.168699 -8.608306 -21.013763 4.577105 -17.796469 -6.442840 1.416716 16.151136 -0.558181 5.264020 -10.756752 -9.069868 -5.583632 4.583006 -18.729870 3.047255 -11.878140 2.797117 -6.629992 15.608294 1.695306 2.076691
-0.224597 -20.043051 4.611297 -19.714083 9.502341 -5.102286 10.570120 7.967860 -2.401457 -8.515842 -21.002357 4.507714 -17.593338 -6.475894 1.467982 16.158276 -0.471930 5.094560 -10.874925 -9.182613 -5.580012 4.536045 -18.676874 2.953297 -11.881573 2.852187 -6.851436 15.508135 1.672112 1.997750
-0.296290 -20.081615 4.458561 -19.619455 9.514076 -5.063469 10.581099 8.006643 -2.496310 -8.471093 -20.997562 4.464007 -17.458916 -6.505032 1.505895 16.151531 -0.416825 4.990706 -10.945725 -9.251825 -5.586996 4.502058 -18.678905 2.936590 -11.894221 2.874002 -6.981909 15.410144 1.644475 1.906045
-0.348698 -20.108099 4.375399 -19.547411 9.535855 -5.056932 10.594252 7.987081 -2.539953 -8.421566 -20.997017 4.439784 -17.383230 -6.517359 1.539130 16.142735 -0.365514 4.932206 -10.977655 -9.273816 -5.586833 4.471216 -18.665724 2.896685 -11.894357 2.902260 -7.095416 15.351133 1.631828 1.849113
-0.366527 -20.117044 4.366255 -19.536032 9.534179 -5.050417 10.601074 7.981570 -2.548595 -8.416994 -20.997747 4.435318 -17.372429 -6.516452 1.547463 16.138714 -0.351769 4.923631 -10.983912 -9.278431 -5.587138 4.471265 -18.670488 2.899837 -11.899935 2.898223 -7.097068 15.342852 1.631325 1.844856
-0.359457 -20.116957 4.343332 -19.537683 9.532548 -5.048165 10.594519 8.005167 -2.561999 -8.424918 -20.993359 4.435800 -17.377903 -6.524467 1.536037 16.145172 -0.373198 4.924730 -10.987573 -9.288783 -5.588829 4.465445 -18.668543 2.895983 -11.900250 2.903214 -7.117746 15.329705 1.626650 1.829690
-0.339325 -20.122574 4.319913 -19.568983 9.505019 -5.025813 10.582007 8.083435 -2.585543 -8.475398 -20.986431 4.448351 -17.443039 -6.534200 1.490486 16.159639 -0.453689 4.966980 -10.973429 -9.313906 -5.590713 4.471210 -18.685711 2.922721 -11.905362 2.888456 -7.092437 15.322557 1.622358 1.818512
-0.309864 -20.117626 4.311821 -19.605310 9.473937 -5.010334 10.564569 8.152747 -2.598871 -8.530399 -20.974154 4.461922 -17.517292 -6.547911 1.440099 16.171680 -0.544651 5.017837 -10.954533 -9.341047 -5.593163 4.480812 -18.703897 2.962027 -11.916616 2.871470 -7.058166 15.313910 1.619280 1.805328
-0.282642 -20.136299 4.300026 -19.654451 9.424746 -4.964746 10.543541 8.291872 -2.631269 -8.623713 -20.954952 4.478807 -17.618784 -6.582207 1.370889 16.184223 -0.677634 5.086291 -10.933251 -9.388790 -5.599389 4.475169 -18.741987 2.999917 -11.934154 2.851024 -7.048314 15.279724 1.611549 1.761953
-0.256126 -20.166132 4.284821 -19.686708 9.395587 -4.910916 10.498023 8.458524 -2.634008 -8.692210 -20.938383 4.492596 -17.691675 -6.627857 1.320120 16.175936 -0.785313 5.135894 -10.908095 -9.436451 -5.608047 4.474515 -18.841772 3.111099 -11.955848 2.796991 -6.963126 15.243771 1.600798 1.691323
-0.211368 -20.223827 4.278834 -19.724907 9.365294 -4.834496 10.438919 8.619413 -2.622041 -8.769145 -20.947569 4.522301 -17.833874 -6.652203 1.251882 16.170551 -0.931794 5.236000 -10.837940 -9.486337 -5.612849 4.480531 -18.915033 3.205466 -11.975572 2.755087 -6.898304 15.205589 1.583035 1.626404
-0.188708 -20.308851 4.275377 -19.760609 9.292647 -4.781494 10.421901 8.748866 -2.614936 -8.871019 -20.956800 4.535657 -17.957891 -6.683980 1.190493 16.156685 -1.077788 5.311789 -10.800561 -9.590739 -5.619575 4.483054 -18.971951 3.285475 -11.997600 2.726784 -6.851373 15.153675 1.568536 1.550811
-0.320865 -20.497194 4.191463 -19.765505 9.210586 -4.653534 10.439445 8.966225 -2.693105 -9.013647 -20.935329 4.531723 -18.155014 -6.736947 1.084205 16.138771 -1.307127 5.417557 -10.791822 -9.786851 -5.525844 4.454823 -18.980730 3.302098 -11.994892 2.737300 -6.955753 15.064453 1.585776 1.384863
-0.414808 -20.739115 4.234744 -19.912012 9.028353 -4.466991 10.417633 9.264334 -2.619481 -9.255826 -20.932339 4.535017 -18.437683 -6.762029 0.934386 16.128742 -1.639191 5.580384 -10.752074 -10.082153 -5.454504 4.437732 -19.002409 3.334121 -12.006564 2.732734 -7.027271 14.983774 1.592626 1.250329
-0.531113 -21.052803 4.312175 -20.063644 8.743436 -4.158973 10.433645 9.655905 -2.579711 -9.588774 -20.870249 4.523873 -18.734224 -6.800053 0.770255 16.209339 -1.980249 5.735662 -10.720705 -10.286592 -5.374516 4.358403 -19.097496 3.396856 -11.954978 2.749979 -7.120163 14.901226 1.619795 1.050724
-0.716875 -21.379528 4.355778 -20.177935 8.502706 -3.851415 10.490637 10.048298 -2.562473 -9.846917 -20.842903 4.486034 -18.849817 -6.842564 0.721232 16.265043 -2.118548 5.718684 -10.770900 -10.502625 -5.302136 4.288196 -19.118189 3.394063 -11.907258 2.798481 -7.278349 14.816639 1.639756 0.886599
-0.950885 -21.632301 4.411976 -20.247030 8.215347 -3.540553 10.610011 10.481803 -2.623040 -10.129053 -20.733826 4.450710 -19.045395 -6.905565 0.577878 16.415228 -2.394011 5.719628 -10.763480 -10.733161 -5.182486 4.149275 -19.237715 3.458868 -11.793428 2.866635 -7.447668 14.717917 1.695572 0.620181
-1.080176 -22.016466 4.568302 -20.349726 7.793501 -3.146817 10.742120 10.964111 -2.538546 -10.407963 -20.493214 4.446160 -19.339661 -7.004619 0.433351 16.519951 -2.628478 5.618481 -10.829425 -11.062357 -5.030342 3.908128 -19.441477 3.629413 -11.569261 3.044614 -7.631440 14.594069 1.802365 0.301930
-1.243328 -22.513536 4.947808 -20.247572 7.391025 -2.817688 10.995288 11.424057 -2.412953 -10.646654 -20.182795 4.432438 -19.581036 -7.142622 0.216485 16.787472 -2.916642 5.450923 -10.867195 -11.288837 -4.868693 3.617117 -19.608252 3.687503 -11.306569 3.286740 -7.969329 14.459471 1.914711 -0.049830
-3.382419 -21.944376 8.280530 -11.777811 20.421257 0.771166 7.554123 20.026100 3.535468 3.367679 -17.107893 0.345013 -21.951702 -19.402622 3.945493 13.307494 1.609397 5.686717 -2.693558 -7.606572 3.333849 5.059343 -13.002707 13.527114 -8.292590 4.790878 -11.434319 9.927373 0.050137 -0.121418
-3.351030 -21.972029 8.416985 -11.383954 20.199341 1.154083 7.574200 20.669258 3.286830 3.122525 -16.467739 0.189835 -22.182411 -19.711294 3.592495 13.697497 1.088049 5.463475 -2.926001 -8.022888 3.721330 4.715951 -13.062606 13.501418 -7.930224 5.101220 -11.982097 9.759249 0.253205 -0.578317
-3.295893 -21.960108 8.386737 -10.618595 20.149288 1.254158 7.728573 20.982128 2.808298 3.106559 -15.788053 0.121280 -22.416830 -20.054642 3.248552 14.196507 0.545782 5.169573 -2.942157 -8.308755 4.039646 4.514886 -13.021015 13.447669 -7.678258 5.305544 -12.438130 9.656765 0.380607 -0.889897
-2.950779 -21.755262 8.125196 -10.034470 20.148506 1.391909 7.674119 21.587215 2.333469 2.972232 -15.045403 -0.004638 -22.378109 -20.440331 3.013948 14.699663 0.124159 4.560226 -3.114934 -8.703173 4.398097 4.374733 -12.845308 13.299668 -7.387878 5.484509 -13.018518 9.588221 0.451062 -1.183060
-2.136377 -21.317528 7.657509 -9.361069 20.397724 1.190867 7.540609 22.199448 1.765658 2.992084 -14.450201 -0.159447 -21.991207 -20.821144 2.933294 15.157525 -0.160724 3.910392 -3.225287 -8.894199 4.780941 4.270765 -12.607059 13.046992 -7.095293 5.600274 -13.745597 9.491958 0.445722 -1.471061
0.677049 -20.543427 7.347790 -6.643491 19.309294 -3.316046 6.391548 22.127182 -0.874506 0.598960 -13.218966 4.717114 -22.535465 -21.909687 5.063474 11.286431 -2.104672 2.304149 -6.514172 -9.901211 6.812447 5.849777 -13.765355 11.786692 -5.623713 3.703519 -14.093947 10.142855 0.911137 -2.073263
1.629908 -19.152555 7.166058 -6.072064 19.449051 -4.580275 6.282444 22.339046 -2.014673 0.115186 -12.407830 5.444259 -22.646431 -23.052105 5.291256 9.629244 -2.173356 1.588944 -7.786706 -9.892012 7.517871 6.024484 -13.579415 11.191065 -5.434999 2.840690 -14.550979 10.482898 0.894669 -2.074170
1.590498 -18.668194 6.926137 -5.732100 19.709007 -4.959029 6.262266 22.770138 -2.764727 -0.152865 -12.546951 5.337804 -22.001888 -23.045462 5.406430 9.313433 -1.879222 1.031804 -8.370697 -10.668862 7.985878 6.524098 -13.151304 10.872998 -5.413265 2.590203 -15.525084 10.129396 0.400774 -2.238165
0.810816 -18.313288 6.458345 -5.518165 20.289928 -5.186373 6.309089 22.635199 -3.104539 0.337723 -12.911098 4.950815 -21.197754 -22.969776 5.912231 8.629848 -1.233383 0.668084 -8.926227 -11.345034 8.230824 6.846640 -12.618399 10.548164 -5.565268 2.256199 -16.136789 10.103370 0.036119 -2.432290
-0.073116 -18.173849 5.815686 -5.143203 20.781702 -5.415685 6.299908 22.222464 -3.458122 0.842459 -13.424529 4.755857 -20.576466 -22.676975 6.394004 7.938642 -0.645995 0.584993 -9.459569 -11.665657 8.442262 7.199913 -12.136370 10.166037 -5.689376 1.941180 -16.664034 10.079895 -0.296734 -2.491052
-1.020496 -18.170889 5.342165 -4.814991 21.093117 -5.684209 6.387827 21.666622 -3.791945 1.165746 -14.200670 4.672222 -19.608992 -22.343758 6.998225 7.329304 0.227924 0.293242 -9.873403 -11.632721 8.541270 7.591884 -11.759021 9.835112 -5.902894 1.552791 -16.921268 10.075928 -0.642370 -2.342794
-2.024173 -18.353468 5.043328 -4.467196 21.417713 -5.919340 6.631094 21.056940 -4.211546 1.365425 -14.807298 4.709862 -19.187721 -22.037802 7.307593 6.963094 0.771209 0.299378 -9.982704 -11.438601 8.638945 8.037294 -11.325769 9.399006 -6.156908 1.133790 -17.171169 10.069363 -1.006479 -1.982265
-3.165867 -18.814608 5.030186 -4.220743 21.506567 -6.259206 7.031917 20.171310 -4.419693 1.482152 -15.478545 4.806755 -18.362799 -21.690483 7.756964 6.847977 1.477245 -0.104372 -10.043183 -11.082163 8.612946 8.408068 -10.963159 9.044620 -6.466689 0.772266 -17.274704 10.051670 -1.305907 -1.598589
-4.518594 -19.312956 4.954596 -3.731618 21.422880 -6.603837 7.593855 19.106291 -4.816917 1.524655 -16.153728 4.964842 -17.600641 -21.367271 8.118176 6.844366 2.093429 -0.523607 -10.023067 -10.678715 8.544408 8.654269 -10.739048 8.756083 -6.738927 0.512199 -17.298132 10.027702 -1.488265 -1.206109
-5.624085 -19.851683 5.056139 -3.394677 21.281248 -6.816085 8.106846 18.062620 -5.039583 1.522255 -16.857231 5.059742 -16.805777 -21.090603 8.488262 6.820975 2.831632 -0.857340 -9.993605 -10.197418 8.559816 8.863613 -10.421547 8.349483 -7.012124 0.435769 -17.410551 9.964406 -1.570207 -0.588618
-6.522749 -20.379503 5.063765 -3.066684 21.140930 -7.018660 8.585796 17.220522 -5.317188 1.489206 -17.395395 5.113765 -16.098331 -20.849745 8.902329 6.781528 3.454401 -1.084376 -9.975369 -9.783122 8.632174 9.015567 -10.043839 7.872213 -7.271852 0.424551 -17.593750 9.950157 -1.574479 0.062972
-7.319315 -20.582361 4.686310 -2.883088 21.175350 -7.118693 8.831284 16.388948 -5.627467 1.657905 -17.823698 5.248807 -15.483176 -20.630024 9.285975 6.753544 4.060720 -1.326922 -9.920854 -9.204867 8.773571 9.198785 -9.522430 7.373596 -7.512125 0.487288 -17.741901 9.945824 -1.511057 0.948404
-8.012530 -20.625608 4.061544 -2.708440 21.432686 -7.218192 8.981066 15.630899 -6.053807 1.964082 -18.073544 5.379226 -14.867694 -20.529726 9.595798 6.860921 4.559859 -1.729439 -9.963240 -8.681774 8.954659 9.412074 -8.973106 6.874318 -7.782966 0.553604 -17.919184 9.940459 -1.455810 1.840890
-8.652509 -20.535542 3.248883 -2.568639 21.844568 -7.318139 9.073245 14.919317 -6.590984 2.320486 -18.270733 5.542503 -14.056799 -20.420460 10.000258 7.022331 5.253506 -2.350940 -9.965148 -7.944341 9.107306 9.553647 -8.561754 6.465213 -7.978771 0.610405 -18.081305 9.937306 -1.401501 2.532327
-9.112976 -20.380325 2.464456 -2.510071 22.268929 -7.413868 9.088840 14.281275 -7.013412 2.702369 -18.388702 5.576563 -13.056545 -20.365583 10.489679 7.033404 6.057393 -3.245897 -10.219938 -7.554923 9.229382 9.700534 -8.198818 6.177790 -8.150696 0.651203 -18.201761 9.914922 -1.391909 3.137116
-9.561389 -20.239536 1.770439 -2.327939 22.667362 -7.433630 9.080008 13.916397 -7.489189 2.975117 -18.369610 5.569417 -12.404836 -20.360336 10.814769 7.098058 6.583742 -3.874385 -10.340970 -7.291981 9.335170 9.834998 -7.904714 5.988964 -8.295891 0.694338 -18.274353 9.895129 -1.380535 3.619400
-9.776960 -20.105116 1.127509 -2.133097 23.002613 -7.431317 9.034675 13.739082 -7.921362 3.187554 -18.378923 5.577991 -11.935436 -20.364071 11.048114 7.146761 6.951192 -4.286650 -10.449421 -7.091417 9.436474 9.965817 -7.605797 5.792909 -8.438371 0.726529 -18.364122 9.882896 -1.375797 4.071811
-9.864859 -19.982456 0.700473 -2.028262 23.210394 -7.432714 8.986475 13.580663 -8.174119 3.351263 -18.372540 5.569498 -11.517259 -20.375259 11.266717 7.182144 7.299919 -4.650228 -10.573559 -6.924118 9.513406 10.039367 -7.410575 5.649414 -8.522798 0.761484 -18.434574 9.883249 -1.356270 4.358091
-9.895099 -19.892698 0.451637 -1.965576 23.329372 -7.442328 8.942248 13.528506 -8.319568 3.438379 -18.360905 5.590605 -11.291256 -20.381409 11.412745 7.222073 7.546923 -4.839234 -10.614960 -6.716189 9.548651 10.064576 -7.330358 5.585461 -8.551899 0.790981 -18.462063 9.880683 -1.332597 4.478187
-9.914917 -19.852762 0.338323 -1.916553 23.391813 -7.437959 8.923398 13.522253 -8.393050 3.484308 -18.360088 5.596710 -11.211823 -20.374386 11.450069 7.229445 7.605121 -4.895600 -10.609461 -6.653244 9.553545 10.100202 -7.286612 5.602343 -8.581885 0.784322 -18.432495 9.881749 -1.337982 4.555685
-9.891663 -19.832067 0.305695 -1.909471 23.403008 -7.437269 8.910461 13.523743 -8.403159 3.498959 -18.357155 5.609349 -11.197684 -20.374626 11.467994 7.228525 7.638178 -4.897063 -10.597393 -6.591437 9.565269 10.102027 -7.267186 5.586909 -8.590798 0.794038 -18.446451 9.880195 -1.331491 4.579047
