-6.538955 -14.391816 10.773095 -1.656555 8.065716 6.861372 16.665861 26.592705 -12.816390 -23.971947 2.132578 -9.635411 -28.022427 -9.423903 0.601840 17.752455 -7.178473 -8.088657 -21.506060 -16.550175 5.553236 -17.588680 -13.605186 11.017392 -9.484612 10.983586 -16.377972 10.752249 4.714406 -8.994757
-6.022241 -14.615580 10.441060 -1.826131 7.963222 6.487201 16.376308 26.932590 -12.615909 -24.163708 2.050587 -9.755162 -27.964088 -9.422917 0.653098 17.643200 -7.223040 -7.946752 -21.519571 -16.685680 5.523586 -17.595440 -13.709785 11.101890 -9.491982 10.897590 -16.382191 10.690524 4.629189 -9.074021
-5.490523 -14.503101 10.109399 -2.155501 7.938442 5.935944 15.932790 27.461575 -12.342450 -24.365213 1.958597 -9.919455 -27.894243 -9.469996 0.807994 17.353251 -7.250943 -7.684208 -21.618444 -16.862499 5.357341 -17.618263 -13.923649 11.252843 -9.547811 10.786847 -16.361721 10.556663 4.447452 -9.139418
-4.875706 -14.229838 9.504178 -2.797868 8.286404 5.557487 15.090997 28.087286 -12.073690 -24.581667 1.906596 -10.084979 -28.097797 -9.555732 1.017457 16.816339 -7.108817 -7.234766 -21.623522 -17.087006 5.201809 -17.553453 -14.022835 11.320508 -9.612528 10.606853 -16.361423 10.536642 4.221039 -9.208229
-3.965423 -13.826864 8.727536 -3.591815 8.614961 4.638324 14.107095 28.774933 -11.588432 -24.829134 1.741924 -10.284107 -28.289732 -9.869468 1.283890 16.151333 -7.135230 -6.600142 -21.575790 -17.313366 4.846776 -17.517893 -14.249252 11.355607 -9.859765 10.452390 -16.397095 10.323170 3.933196 -9.246561
-3.087057 -12.892359 8.116122 -4.608179 9.505870 3.928750 12.900762 29.316391 -11.040639 -24.841772 1.629066 -10.460473 -28.527449 -10.162713 1.531584 15.409919 -7.281095 -5.947097 -21.567793 -17.585699 4.512124 -17.410910 -14.441018 11.397969 -10.263968 10.263160 -16.401773 9.974705 3.620601 -9.173136
-2.135727 -12.009361 7.806233 -5.365749 10.176637 3.494905 11.904427 29.521828 -10.521062 -24.840902 1.504380 -10.328344 -28.887810 -10.441743 1.538802 14.827687 -7.607319 -5.540676 -21.499939 -17.816936 4.201315 -17.177118 -14.508101 11.324775 -10.648879 9.992565 -16.355394 9.807196 3.325812 -9.270311
-1.206478 -10.624907 7.840716 -6.388242 11.237771 3.077238 10.699075 29.946980 -9.803880 -24.477707 1.124302 -9.940608 -29.238701 -10.659215 1.399647 14.076809 -8.030371 -5.117393 -21.506935 -17.862492 3.772744 -17.038120 -14.760012 11.350918 -11.149426 9.777032 -16.186073 9.443383 3.047536 -9.305870
-0.443480 -8.733857 8.556021 -7.124372 12.566583 2.919750 9.588891 30.221226 -9.157902 -23.786463 0.685708 -9.676951 -29.583366 -10.823683 1.467587 12.893139 -7.939051 -4.675264 -21.495848 -17.964121 3.299679 -16.879786 -14.923742 11.250802 -11.559096 9.462306 -16.049992 9.295630 2.773514 -9.417194
0.203025 -7.098240 9.477845 -7.457287 13.528066 2.835967 8.973396 30.408875 -8.650693 -23.029457 -0.075290 -9.369998 -29.759106 -10.721648 1.465092 11.775896 -8.056116 -4.068302 -21.531086 -18.126987 2.721889 -16.712309 -15.152306 11.122375 -12.299904 9.088906 -15.836359 8.928165 2.493879 -9.375585
0.863286 -4.714768 10.802766 -7.843537 14.866819 2.755824 8.266769 30.782009 -8.218776 -22.185141 -0.718350 -9.110307 -29.939068 -10.641302 1.544438 10.654229 -7.966582 -3.518115 -21.575537 -18.313862 2.152271 -16.567589 -15.433382 11.105763 -12.741093 8.718688 -15.614823 8.749065 2.181469 -9.481249
1.114348 -3.231067 11.858356 -7.813183 15.728660 2.644918 7.965570 30.795292 -7.783165 -21.231256 -1.397207 -9.074843 -29.874126 -10.293187 1.560375 10.098792 -8.057734 -3.053986 -21.507437 -18.508533 1.558319 -16.467051 -15.769190 10.947448 -13.160905 8.238171 -15.321898 8.651255 1.884033 -9.270831
1.602464 -1.691412 13.017535 -7.742003 16.508530 2.187093 7.795866 30.618874 -7.149351 -20.105820 -2.094542 -8.998597 -29.703434 -10.019697 1.540582 9.730164 -8.296418 -2.584372 -21.322695 -18.618441 1.038042 -16.415751 -16.080301 10.894532 -13.372716 7.795096 -14.971946 8.746338 1.651841 -9.141609
2.033795 -0.971852 13.647901 -8.070875 16.690735 1.746431 7.805484 30.196379 -6.545294 -19.520189 -2.573790 -8.940115 -29.722967 -9.613382 1.592176 9.358402 -8.110793 -2.109048 -20.998278 -18.578098 0.588304 -16.322962 -16.236078 10.787104 -13.599045 7.414577 -14.695357 8.852819 1.451462 -9.115954
2.085408 -0.294557 14.703877 -7.997473 17.121494 1.289971 7.998010 29.926998 -5.834175 -18.568766 -3.164657 -8.858272 -29.597094 -9.141674 1.637618 9.209856 -8.072565 -1.678783 -20.715364 -18.358932 0.245535 -16.315701 -16.483595 10.818381 -13.781960 7.168421 -14.482701 8.785848 1.274751 -8.886973
2.043738 0.073087 15.239346 -7.947446 17.439878 0.890277 8.218953 29.553564 -5.366559 -17.820503 -3.678092 -8.724262 -29.528257 -8.884656 1.627382 9.039017 -8.068706 -1.309067 -20.447058 -18.098270 -0.183585 -16.185791 -16.544239 10.721069 -13.959844 6.866777 -14.389556 8.805865 0.951204 -8.598242
1.994888 0.487519 15.588132 -7.853163 17.699083 0.351438 8.563078 29.066166 -5.084000 -17.130550 -4.139106 -8.619205 -29.317783 -8.628465 1.678580 8.977600 -8.056459 -1.101919 -20.176962 -17.870998 -0.393499 -16.088840 -16.517183 10.602477 -14.075421 6.623175 -14.267345 8.917892 0.806864 -8.370283
1.885115 0.644072 15.900341 -7.628486 17.806042 -0.012937 8.774568 28.832829 -4.812867 -16.644108 -4.311506 -8.618156 -29.114752 -8.566669 1.752300 8.748149 -7.972606 -0.987345 -20.177870 -17.765123 -0.506463 -15.970481 -16.450068 10.529662 -14.221274 6.431789 -14.174609 8.959900 0.695339 -8.217464
1.817291 0.684954 16.086721 -7.477475 17.810076 -0.222727 8.972186 28.540436 -4.685613 -16.397709 -4.423175 -8.604264 -28.995592 -8.505342 1.844397 8.635771 -7.798528 -0.931269 -20.134203 -17.604340 -0.592983 -15.904424 -16.408197 10.463018 -14.278965 6.307687 -14.091280 9.055743 0.637439 -8.119404
1.810269 0.596264 16.076511 -7.377076 17.858978 -0.377313 8.966537 28.515713 -4.556742 -16.249920 -4.439856 -8.577417 -28.963444 -8.490903 1.864914 8.646194 -7.741717 -0.949684 -20.109186 -17.519207 -0.636427 -15.818702 -16.304255 10.401481 -14.347211 6.271738 -14.060855 9.078996 0.593673 -8.007076
1.801155 0.447688 15.981349 -7.673566 17.586117 -0.080726 8.909046 28.463993 -4.640499 -16.630331 -4.318766 -8.552714 -29.236616 -8.514616 1.760977 8.820235 -7.965281 -0.853570 -19.957254 -17.569496 -0.545336 -16.005142 -16.516413 10.554387 -14.254067 6.493124 -13.958367 9.013284 0.814588 -8.062080
2.078660 -0.274776 15.795638 -8.369396 16.819302 0.848095 8.498714 28.788181 -4.694503 -17.765955 -3.638066 -8.504574 -29.972876 -8.833875 1.619162 9.057979 -8.205755 -0.636494 -19.723288 -17.406425 -0.216689 -16.371944 -16.769876 10.937222 -13.897662 7.088078 -13.784791 8.964327 1.331608 -8.168613
2.255461 -2.272572 14.702135 -9.232250 15.341880 2.093186 8.649542 28.739117 -5.019399 -19.432953 -2.692307 -8.347499 -30.638632 -9.566251 1.373654 9.685700 -8.862990 -0.603759 -19.646275 -16.968954 0.342565 -16.526201 -16.554735 11.355180 -13.577863 7.696951 -13.149597 9.247474 2.114216 -8.021149
2.210708 -5.701880 12.796276 -10.263451 13.106391 3.551327 9.389843 28.288776 -5.341202 -21.177843 -1.637795 -7.988373 -31.741480 -9.897590 0.958948 10.967482 -9.308228 -0.156748 -18.745089 -15.579984 0.772514 -16.778841 -16.483965 11.972262 -13.242393 8.410162 -12.252161 9.600841 3.002194 -7.762400
1.058848 -11.199917 12.250052 -8.891825 9.267132 4.247888 12.425316 26.872747 -5.239952 -22.314095 -0.710490 -8.003525 -32.566032 -10.349470 0.585596 12.048988 -9.878000 0.641887 -17.957129 -14.297878 1.332513 -16.885519 -16.369864 12.834718 -12.688600 8.689219 -11.264288 10.382660 3.782570 -7.778636
0.036884 -13.571462 14.112388 -6.398628 7.181789 3.826025 15.485157 24.561539 -5.206251 -21.392149 -0.033283 -7.575692 -33.257240 -10.746133 0.306719 11.667772 -9.944478 1.459901 -18.250017 -12.243774 2.335022 -16.581490 -15.756614 13.369489 -12.604806 8.642642 -10.154513 11.422064 4.878484 -8.356398
-0.416969 -12.086672 16.100498 -6.015444 9.073728 2.660927 15.611886 21.340372 -4.143512 -19.585829 0.300240 -5.992144 -34.329967 -11.434429 -0.514787 10.950708 -10.429513 1.787626 -18.796228 -9.921658 3.097309 -16.010660 -15.103892 13.791922 -12.873239 8.599035 -8.672029 12.175874 5.944166 -9.119959
1.874113 -8.083303 19.206518 -6.503300 11.356709 -0.539076 13.773472 19.803020 -2.177603 -18.697779 -0.267020 -3.382517 -36.079826 -12.839509 -0.889409 8.977057 -10.298798 2.591966 -18.702763 -6.644705 3.246649 -14.756936 -14.423714 14.583950 -13.976396 7.869979 -6.197517 12.930185 6.416376 -9.402085
4.783302 -8.835332 18.589132 -7.826419 11.840514 -2.881310 11.975082 19.436186 -0.622908 -19.158411 -1.193305 -0.878903 -38.601959 -12.828696 -0.959932 8.766880 -9.658648 2.839391 -16.247133 -4.264852 2.769939 -13.814384 -14.762783 16.086279 -14.811112 6.819564 -3.968508 12.991906 5.940383 -8.979853
6.790873 -10.213627 14.199908 -11.568722 14.275764 1.265867 7.817914 19.636492 0.516547 -18.780729 -3.118490 0.758722 -40.185928 -11.048242 -1.176263 10.033656 -9.449876 3.492386 -13.481059 -2.480946 1.690460 -13.389233 -16.029030 16.690451 -15.184102 5.681795 -2.626510 12.892824 4.941302 -7.388312
10.838252 -14.178955 9.377789 -14.577049 13.645384 3.543538 6.186931 19.547070 2.530053 -18.120707 -5.530362 1.417961 -39.457863 -9.352396 -0.822620 11.720040 -9.595921 4.434643 -11.202680 -0.236020 0.919105 -12.617379 -16.292391 16.466185 -15.356742 4.782156 -1.459501 13.363791 4.130833 -4.139334
13.091774 -17.069998 7.184655 -15.331121 13.367232 2.646291 6.411106 18.679440 4.452645 -16.406057 -7.609733 1.459327 -38.508278 -8.588556 0.516853 12.052917 -8.811024 6.103272 -8.998233 2.286893 0.578409 -11.890002 -15.808883 16.067814 -15.530966 4.347210 -0.108686 14.567167 4.092820 -1.314067
14.818731 -17.027727 6.753627 -15.451328 14.204724 1.055193 6.770055 16.884842 5.221189 -14.806438 -9.848084 1.252017 -37.111343 -7.718651 1.845043 12.317768 -7.477293 6.946599 -7.709903 4.057852 0.184594 -11.224069 -15.247635 15.247842 -15.975837 3.796775 1.060669 15.875093 4.086190 1.171529
13.705043 -16.378214 7.251405 -14.823569 14.759557 0.432576 7.509192 14.034911 4.778853 -13.756950 -11.273287 0.633442 -35.462547 -6.980660 3.445730 12.702970 -5.800623 7.300542 -6.796999 5.446397 0.027874 -10.513338 -14.295284 14.336556 -15.852619 3.146034 1.461579 17.217144 3.687823 2.969245
12.407502 -15.159523 7.324188 -15.333393 15.987981 -0.689333 7.749988 11.739848 5.155486 -12.284790 -11.679315 -0.336823 -33.981384 -6.722304 4.274678 13.103355 -5.485952 8.181834 -6.795352 6.314818 0.053488 -9.989745 -13.522883 13.629422 -15.893203 2.795532 1.417430 17.837067 3.421394 4.031750
11.690503 -13.649447 7.288158 -15.826978 16.908747 -1.171448 8.199514 10.116158 4.877309 -11.410421 -12.093100 -1.085006 -32.553436 -6.315700 5.282999 13.177326 -4.699375 8.451882 -6.933606 6.542661 0.094068 -9.428939 -12.551988 12.850723 -16.075851 2.444582 1.290634 18.406645 3.221306 4.975332
11.631669 -13.689280 6.176373 -15.990360 17.460188 -1.623935 8.297302 8.846630 4.627180 -10.797031 -12.218401 -1.037959 -31.971306 -6.022914 5.605813 13.156377 -4.121160 8.743682 -7.215851 7.548658 0.367394 -9.021416 -11.702633 12.257483 -16.133327 2.331890 1.229030 18.923761 3.312108 5.713963
11.369968 -13.921387 5.122905 -15.799077 17.485950 -2.233264 8.540377 8.263127 4.183166 -10.756637 -12.521638 -0.969933 -31.127907 -5.958025 6.086089 12.872714 -3.499939 8.454637 -7.543179 8.022734 0.561182 -8.775862 -11.092550 11.916780 -16.109579 2.266639 1.137264 19.294857 3.380083 6.024385
11.218845 -14.085136 4.770116 -15.548714 17.495224 -2.458320 8.534617 7.934710 4.062337 -10.721846 -12.741127 -1.005479 -30.639545 -5.934009 6.496798 12.478989 -3.021567 8.308980 -7.738395 8.150078 0.717624 -8.560060 -10.633986 11.634471 -16.109280 2.218947 0.956937 19.441757 3.363785 6.206880
11.228476 -13.967070 4.732041 -15.423248 17.575119 -2.575047 8.544820 7.801158 3.971546 -10.652100 -12.823003 -0.994260 -30.510807 -5.847881 6.646798 12.411548 -2.787465 8.186370 -7.747278 8.164793 0.751302 -8.447629 -10.483118 11.576838 -16.132462 2.186815 0.940367 19.476818 3.342323 6.263795
11.211038 -14.023649 4.657659 -15.435320 17.610950 -2.554635 8.497215 7.827852 3.968066 -10.655409 -12.820085 -0.990996 -30.495594 -5.846090 6.661960 12.408549 -2.764719 8.167537 -7.746519 8.189234 0.740316 -8.440442 -10.488516 11.588399 -16.140785 2.182720 0.953213 19.468267 3.334300 6.264565
11.119560 -14.069965 4.495267 -15.312449 17.682751 -2.620831 8.490252 7.747872 3.865387 -10.606676 -12.823730 -0.997404 -30.413864 -5.845146 6.714448 12.441625 -2.717606 8.109029 -7.735031 8.220362 0.738998 -8.420512 -10.462707 11.574182 -16.156021 2.170281 0.944131 19.463676 3.319035 6.270321
11.019648 -14.103739 4.188890 -15.386480 17.798361 -2.690576 8.444685 7.668403 3.718152 -10.645329 -12.821857 -0.988171 -30.332071 -5.834491 6.753466 12.503468 -2.687307 8.051816 -7.715034 8.293724 0.744884 -8.405585 -10.438736 11.550303 -16.169563 2.159386 0.918541 19.448931 3.303429 6.273571
11.066322 -14.115979 3.700250 -15.556200 17.980701 -2.731588 8.298717 7.530900 3.577988 -10.668554 -12.834374 -0.987681 -30.185261 -5.818838 6.828374 12.555060 -2.623733 7.964935 -7.698518 8.363913 0.740611 -8.392526 -10.403303 11.477318 -16.188763 2.143669 0.888650 19.454758 3.291370 6.308692
11.220957 -14.125680 3.279289 -15.884295 18.246376 -2.814078 8.077250 7.362311 3.691089 -10.572464 -12.846660 -0.980852 -30.048780 -5.802006 6.890575 12.580418 -2.568443 7.895806 -7.686403 8.434997 0.737801 -8.384795 -10.394490 11.460052 -16.199442 2.137419 0.873271 19.441422 3.280838 6.312138
11.481215 -13.829790 2.474750 -16.315773 18.515148 -3.151192 8.057433 7.194950 3.481378 -10.444847 -12.853827 -0.977943 -29.871681 -5.805363 7.007378 12.587987 -2.451113 7.777886 -7.674123 8.518173 0.742198 -8.331729 -10.312667 11.366801 -16.234055 2.105789 0.840397 19.445919 3.252977 6.372653
11.758342 -13.939505 1.936735 -16.779587 18.682365 -3.576679 8.085889 7.024194 3.641568 -10.233990 -12.897089 -0.996304 -29.690228 -5.780086 7.135804 12.572069 -2.317101 7.654915 -7.666228 8.535020 0.739448 -8.296914 -10.246439 11.287137 -16.258415 2.080286 0.778765 19.432056 3.213629 6.397239
12.170625 -13.956839 0.928532 -16.852211 19.101042 -3.753881 8.114000 6.921812 3.282189 -9.988768 -12.948952 -1.006564 -29.539604 -5.740137 7.231597 12.525930 -2.221525 7.582615 -7.659880 8.545370 0.735856 -8.226895 -10.152341 11.188873 -16.306625 2.031391 0.733284 19.418848 3.160054 6.449636
12.200312 -13.963373 0.277225 -16.382170 19.176113 -3.962486 8.348053 6.806125 2.677341 -9.892479 -12.997635 -1.005786 -29.398705 -5.685446 7.302951 12.502234 -2.137996 7.514852 -7.624038 8.572834 0.723094 -8.174341 -10.097614 11.131206 -16.345673 1.989568 0.697283 19.391964 3.107833 6.472409
12.632757 -13.932758 -0.332586 -16.259363 19.335022 -3.784723 8.397106 6.759831 2.132719 -9.857198 -13.027514 -1.006533 -29.324535 -5.642369 7.325897 12.481342 -2.110918 7.499835 -7.616542 8.593707 0.699531 -8.114301 -10.045671 11.087547 -16.391691 1.953559 0.678632 19.354156 3.058422 6.489706
12.902277 -14.122880 -1.285773 -16.216702 19.609325 -3.476174 8.231444 6.419663 1.790887 -9.715727 -13.097191 -1.024604 -29.199928 -5.574357 7.410412 12.470865 -1.998144 7.387412 -7.582297 8.561479 0.640835 -8.085887 -10.060640 11.056140 -16.414227 1.944141 0.755500 19.368635 3.061513 6.544640
13.107780 -14.237467 -2.024434 -16.007334 19.956110 -3.327189 8.162148 5.985989 1.423704 -9.485100 -13.137677 -1.024623 -29.087746 -5.522745 7.450594 12.486536 -1.980543 7.395353 -7.575902 8.668535 0.624693 -8.027974 -9.984024 10.957051 -16.451605 1.909435 0.664364 19.311974 2.996154 6.568797
13.451586 -14.209871 -2.486169 -15.673549 20.147110 -2.856512 8.174895 6.039496 0.891335 -9.364641 -13.194076 -1.030921 -28.984226 -5.490997 7.509687 12.480981 -1.925160 7.334817 -7.558026 8.679434 0.567526 -8.031680 -10.024118 10.917377 -16.449158 1.912737 0.723930 19.325794 3.005457 6.635353
13.569337 -14.187855 -2.682563 -15.236539 20.315193 -2.450212 8.101957 6.188279 0.531664 -9.205617 -13.228891 -1.035713 -28.919540 -5.470638 7.516921 12.498480 -1.937569 7.331989 -7.549471 8.711342 0.555052 -7.999450 -9.970907 10.850844 -16.484253 1.911857 0.710117 19.325005 2.992685 6.715220
13.301882 -14.224249 -2.818020 -14.750596 20.446606 -2.140523 8.114676 6.440850 0.175453 -9.066492 -13.233774 -1.049958 -28.908203 -5.483236 7.512956 12.494258 -1.967561 7.367457 -7.554981 8.717296 0.553808 -7.975589 -9.940500 10.779412 -16.492176 1.913854 0.761976 19.377815 3.020841 6.825353
13.148987 -14.176249 -3.006719 -14.410542 20.548792 -1.722589 8.030033 6.911090 -0.181524 -9.040752 -13.235006 -1.049941 -28.878044 -5.488772 7.511119 12.496914 -1.988370 7.395883 -7.569803 8.782092 0.559165 -7.985395 -9.937958 10.752681 -16.479431 1.922360 0.758876 19.395605 3.036822 6.849228
12.891313 -14.305359 -3.307583 -14.108126 20.563061 -1.567223 8.090819 6.970634 -0.459918 -8.988565 -13.240200 -1.050377 -28.828798 -5.489849 7.522001 12.508999 -1.994532 7.398605 -7.574952 8.830505 0.553828 -7.982366 -9.929117 10.725509 -16.486012 1.929662 0.788442 19.427753 3.057344 6.898697
12.795358 -14.324002 -3.288844 -13.877897 20.508362 -1.462869 8.111067 7.115069 -0.564702 -8.973820 -13.234415 -1.047976 -28.822577 -5.495297 7.502732 12.521357 -2.028131 7.421618 -7.586349 8.854538 0.560297 -7.969886 -9.903450 10.695859 -16.493366 1.931052 0.798163 19.451872 3.067359 6.937290
12.736402 -14.350685 -3.255620 -13.699543 20.479862 -1.370354 8.173580 7.301864 -0.691648 -9.012167 -13.221718 -1.035228 -28.832714 -5.497941 7.487407 12.542437 -2.044442 7.429013 -7.586237 8.886363 0.558968 -7.976047 -9.906393 10.681844 -16.491787 1.937300 0.809199 19.466103 3.079594 6.953884
12.730173 -14.378822 -3.256614 -13.696680 20.480589 -1.336166 8.191105 7.353504 -0.721067 -9.043821 -13.223232 -1.034907 -28.823845 -5.496740 7.487801 12.549884 -2.045724 7.424963 -7.585217 8.893457 0.563779 -7.966341 -9.889288 10.670373 -16.499010 1.934863 0.803727 19.469164 3.076518 6.965691
12.757589 -14.361132 -3.239462 -13.716495 20.477722 -1.329815 8.174334 7.373575 -0.700574 -9.049652 -13.216335 -1.031927 -28.838657 -5.499348 7.480978 12.547471 -2.050674 7.434441 -7.585854 8.895755 0.554232 -7.987764 -9.925779 10.690604 -16.483559 1.941841 0.821655 19.470224 3.087572 6.949272
12.897343 -14.313334 -3.167049 -13.891081 20.474411 -1.344376 8.105516 7.357510 -0.553518 -9.072394 -13.209589 -1.026868 -28.847385 -5.502739 7.474837 12.551080 -2.055234 7.439112 -7.587148 8.908068 0.558400 -7.977884 -9.909464 10.679986 -16.491943 1.939832 0.821836 19.475157 3.087179 6.965818
13.110215 -14.189920 -3.055801 -14.072598 20.490650 -1.313040 7.999920 7.410601 -0.402798 -9.095720 -13.212938 -1.032348 -28.852421 -5.501969 7.481892 12.538846 -2.041118 7.433777 -7.586273 8.890371 0.541901 -8.009945 -9.962992 10.704431 -16.463892 1.948258 0.855398 19.487583 3.106567 6.948700
13.214689 -14.212303 -3.029627 -14.377458 20.447924 -1.186944 7.894317 7.501911 -0.234031 -9.224542 -13.196154 -1.019566 -28.903067 -5.505296 7.451545 12.539936 -2.062879 7.459322 -7.591816 8.896440 0.527146 -8.031134 -10.001179 10.716029 -16.446663 1.954373 0.906512 19.516716 3.132292 6.961707
13.274315 -14.263052 -2.992741 -14.632449 20.404179 -1.095207 7.802916 7.559227 -0.055284 -9.315881 -13.178446 -1.005297 -28.948120 -5.509360 7.425241 12.537742 -2.080506 7.481439 -7.599558 8.903269 0.540334 -8.013438 -9.975803 10.719003 -16.458855 1.944844 0.886070 19.504993 3.116413 6.957340
13.318199 -14.249945 -2.697155 -14.732367 20.297625 -1.081681 7.780684 7.706022 0.144737 -9.360960 -13.174213 -0.994524 -28.981766 -5.505456 7.408473 12.533493 -2.088464 7.490961 -7.603385 8.892447 0.538598 -8.028489 -10.000017 10.735294 -16.449274 1.943071 0.897830 19.511494 3.120063 6.942472
13.238775 -14.273458 -2.164808 -14.770780 20.037205 -0.974014 7.756677 7.990103 0.425053 -9.474683 -13.141045 -0.969342 -29.059256 -5.517734 7.357114 12.536620 -2.135657 7.522756 -7.620599 8.892877 0.537252 -8.064427 -10.047527 10.754062 -16.422129 1.940218 0.902472 19.522451 3.131336 6.885857
13.082039 -14.422791 -1.892874 -15.054187 19.779572 -0.782086 7.673432 8.290528 0.726770 -9.710761 -13.090906 -0.941495 -29.132526 -5.552398 7.281942 12.547250 -2.217715 7.584294 -7.659800 8.934694 0.538971 -8.092568 -10.105714 10.814689 -16.404078 1.953592 0.988349 19.568214 3.176801 6.870726
13.012280 -14.504086 -1.475151 -15.069616 19.715862 -0.693214 7.707991 8.550440 0.905585 -9.821068 -13.084543 -0.944853 -29.141876 -5.555077 7.276433 12.540863 -2.220537 7.594031 -7.676692 8.921091 0.543064 -8.137309 -10.187243 10.908406 -16.368023 1.976721 1.109394 19.638952 3.242961 6.858332
12.915387 -14.480015 -1.014604 -15.182570 19.417484 -0.541150 7.681922 8.727707 1.170369 -9.991827 -12.992579 -0.940792 -29.393990 -5.606629 7.130142 12.528253 -2.362103 7.784786 -7.718493 8.889105 0.578423 -8.159903 -10.191761 10.961836 -16.339153 1.992461 1.104943 19.651548 3.257828 6.813177
12.590286 -14.846693 -0.953695 -15.526072 18.881208 -0.309952 7.754851 9.152478 1.387767 -10.445032 -12.897676 -0.934540 -29.631283 -5.659932 6.987341 12.573277 -2.539086 7.939312 -7.710973 8.866705 0.585141 -8.268267 -10.334829 11.137878 -16.273399 2.070806 1.231970 19.707546 3.358819 6.744552
12.542843 -14.835634 -0.606897 -15.599672 18.662975 0.117568 7.707982 9.770435 1.376010 -10.739851 -12.777951 -0.919148 -30.013115 -5.725191 6.743157 12.658657 -2.819371 8.160195 -7.721123 8.776600 0.601773 -8.409426 -10.535879 11.414292 -16.182243 2.165279 1.259685 19.644464 3.407949 6.554563
12.543821 -14.981853 -0.119468 -16.016523 18.724335 0.434324 7.646028 10.102385 1.688106 -10.842842 -12.667175 -0.956088 -30.436153 -5.781140 6.505849 12.765833 -3.079261 8.401465 -7.714044 8.615207 0.613054 -8.553905 -10.720736 11.666020 -16.084946 2.271907 1.273805 19.579271 3.464741 6.360800
11.865949 -15.371721 -0.075896 -15.746861 18.399979 0.930629 7.811356 10.907772 1.453867 -11.050101 -12.553644 -1.012173 -31.037319 -5.860085 6.172860 12.846222 -3.415839 8.641406 -7.676351 8.236361 0.584046 -8.720435 -10.989389 12.008536 -16.008698 2.376425 1.310162 19.457685 3.496510 6.111954
10.009451 -1.673519 5.206912 -17.764914 6.239202 -5.505992 19.940472 6.133392 -11.864186 -21.045889 -6.443683 -0.054243 -27.358967 -6.921727 8.947367 4.674881 -5.846456 2.703439 -21.139687 2.627374 1.210667 -5.507004 -7.461434 9.556558 -14.920877 9.693873 -2.303878 17.041214 6.875504 -4.153134
9.822870 -1.714980 5.564618 -17.407251 6.062767 -4.977511 19.935402 6.840425 -11.989402 -21.161398 -6.001537 -0.092711 -27.636818 -7.289392 8.642552 5.069614 -6.288694 2.357212 -21.282930 2.205544 1.298501 -5.946682 -7.740664 9.617859 -14.489110 10.003079 -2.838158 16.814087 6.935524 -4.676094
9.652258 -1.929721 5.915798 -16.892950 5.842958 -4.486889 19.913321 7.600606 -12.072607 -21.319647 -5.352561 -0.210176 -27.901039 -7.805502 8.277889 5.666756 -6.852789 1.856109 -21.451069 1.692232 1.505265 -6.316946 -7.870369 9.698752 -14.013073 10.394456 -3.447067 16.590103 6.990630 -5.103513
9.630973 -1.997897 6.055098 -16.280169 5.729533 -4.226289 19.934181 8.145667 -12.313268 -21.391726 -4.672908 -0.337548 -28.087936 -8.252705 8.068646 6.229745 -7.275121 1.478925 -21.411762 1.438153 1.711229 -6.627480 -7.976239 9.790313 -13.608046 10.727151 -4.008430 16.362976 7.014052 -5.457028
9.817286 -1.823148 6.089440 -15.514171 5.874856 -4.150131 19.790962 8.781453 -12.583740 -21.301163 -3.916580 -0.498745 -28.107014 -8.614062 7.854817 6.868048 -7.690508 1.047398 -21.393827 1.226112 2.051092 -6.802882 -7.768988 9.568600 -13.285605 11.034211 -4.717025 16.266729 7.064816 -5.680933
7.765278 -5.073511 7.410263 -11.342627 9.526839 -4.327813 17.625393 11.409256 -9.144044 -19.022253 -4.915815 -5.824140 -26.783756 -7.600579 4.718097 9.950586 -3.088937 2.987429 -19.436796 -0.470222 3.016662 -10.544140 -5.940738 9.260261 -15.312353 8.569307 -7.502258 16.510075 5.794283 -4.597058
8.149981 -5.828986 6.935649 -10.023182 10.434728 -4.908096 16.931610 12.442260 -8.748812 -18.397915 -4.469431 -6.897902 -25.925434 -7.509899 5.012052 10.611183 -2.402153 2.635077 -19.264620 -1.173480 3.895193 -10.274288 -5.631388 8.880898 -14.878349 7.931339 -8.706066 16.284887 5.323668 -4.469461
8.577423 -5.590056 6.393628 -9.134151 11.330338 -4.715644 16.744431 12.886591 -9.351815 -18.175228 -4.012572 -7.327113 -25.359653 -7.849922 5.157843 10.815937 -2.266238 2.065025 -19.523495 -1.583586 4.435258 -10.372047 -5.047141 8.481719 -14.982014 7.828804 -9.481987 16.323090 5.257643 -4.665635
8.745249 -5.135273 5.855677 -8.508162 11.954659 -5.316935 16.677013 13.189787 -9.964223 -18.007704 -4.001712 -7.620514 -24.760902 -7.893071 5.440194 10.563525 -2.257137 1.768198 -20.029350 -2.076559 4.786540 -10.329099 -4.565842 8.034562 -14.966078 7.898430 -10.236587 16.294844 5.209449 -4.987184
8.209373 -4.905058 5.210833 -8.060140 12.502993 -5.576660 16.591896 13.103128 -10.487235 -17.728798 -4.404615 -7.910775 -23.947268 -7.725671 5.883648 9.997612 -1.755938 1.484341 -20.559803 -2.593816 5.097610 -10.185947 -4.104301 7.617743 -15.001171 7.910659 -10.765800 16.318745 5.181682 -5.130075
7.367054 -4.771039 4.402675 -7.650923 13.046354 -5.815234 16.594864 12.475651 -10.976938 -17.244604 -4.984712 -8.051094 -23.186327 -7.394060 6.410504 9.286126 -0.990568 1.326390 -21.103895 -2.740555 5.192619 -9.912365 -3.617305 7.190687 -15.222239 7.768392 -10.982974 16.465385 5.103060 -5.066205
6.617115 -4.685229 3.890213 -7.484254 13.284585 -6.031600 16.699097 11.902502 -11.336801 -17.018265 -5.551123 -8.095289 -22.416176 -7.083274 6.867730 8.834179 -0.318260 1.021496 -21.497427 -2.727720 5.231156 -9.670790 -3.171186 6.756083 -15.434831 7.650847 -11.169063 16.619108 5.038085 -4.927863
5.750455 -4.940614 3.581868 -7.476377 13.321324 -6.162052 16.996243 11.241596 -11.705985 -17.048307 -6.167706 -7.972981 -22.010708 -6.798653 7.110805 8.460941 0.298979 1.006232 -21.574823 -2.346910 5.247496 -9.359635 -2.636662 6.168108 -15.776139 7.482924 -11.359849 16.777668 4.956050 -4.529582
4.366571 -5.536775 3.540690 -7.221550 13.117412 -6.357011 17.533222 10.211493 -11.996762 -17.097294 -6.694786 -7.869880 -21.341837 -6.521344 7.397969 8.436826 0.828809 0.629653 -21.654318 -1.978651 5.144439 -9.106687 -2.257273 5.715776 -16.163849 7.317683 -11.430914 16.847128 4.858995 -4.114790
3.083373 -6.190473 3.332650 -7.234533 12.734010 -6.438232 18.134838 9.075230 -12.317780 -17.272001 -7.342398 -7.757711 -20.459848 -6.103764 7.930127 8.437767 1.523069 0.191334 -21.712885 -1.465986 4.951844 -8.861445 -1.964426 5.322672 -16.578825 7.137627 -11.358413 16.904095 4.767726 -3.555824
1.905334 -6.855173 3.302743 -7.105279 12.391925 -6.462272 18.707470 8.072954 -12.573917 -17.434494 -7.836099 -7.692310 -19.813141 -5.795166 8.321624 8.389874 2.157994 -0.080646 -21.733099 -1.102217 4.949516 -8.691826 -1.570475 4.738359 -16.899637 7.041119 -11.555625 16.942822 4.769244 -3.004343
0.980976 -7.326180 3.237885 -7.017476 12.344941 -6.558167 19.217735 7.034562 -12.849935 -17.452024 -8.398682 -7.580058 -19.100368 -5.436231 8.736028 8.338896 2.778255 -0.325532 -21.748159 -0.609081 4.950768 -8.506718 -1.189237 4.276089 -17.212841 6.989686 -11.665091 16.961273 4.791117 -2.445618
0.276680 -7.410675 2.782944 -6.960649 12.429386 -6.621356 19.448322 6.226131 -13.187745 -17.306967 -8.718815 -7.504453 -18.482206 -5.279752 9.083335 8.306565 3.313079 -0.656035 -21.892712 -0.232879 4.934624 -8.290095 -0.818040 3.846807 -17.586594 6.951992 -11.683970 16.980724 4.820277 -1.791847
-0.331787 -7.449265 2.209193 -6.932450 12.680495 -6.699781 19.643879 5.441501 -13.583314 -17.081171 -8.884513 -7.425683 -17.813862 -5.261147 9.377527 8.373648 3.805262 -1.187518 -22.097773 0.139645 5.022266 -8.025351 -0.333326 3.331845 -17.954498 6.939878 -11.773078 17.021622 4.852843 -0.982826
-0.998763 -7.455214 1.464203 -6.715672 13.013684 -6.768944 19.789669 4.787111 -14.114215 -16.824417 -9.055378 -7.378565 -16.916700 -5.219647 9.793560 8.354024 4.499750 -1.938325 -22.322756 0.495755 5.107667 -7.848186 -0.041273 3.049241 -18.169018 6.898139 -11.797652 17.047997 4.877900 -0.496935
-1.425426 -7.360826 0.795094 -6.573043 13.367345 -6.842954 19.832314 4.328335 -14.536950 -16.562500 -9.161349 -7.354980 -16.245993 -5.177816 10.190625 8.283308 5.013943 -2.539459 -22.497917 0.706116 5.275518 -7.687458 0.287197 2.686936 -18.357204 6.893792 -11.962118 17.041552 4.909281 -0.015592
-1.740245 -7.203856 0.173612 -6.406212 13.699694 -6.884655 19.804493 4.097018 -14.968752 -16.366419 -9.244890 -7.339465 -15.726673 -5.164332 10.476017 8.212175 5.466934 -2.968835 -22.594603 0.910599 5.381964 -7.565958 0.484996 2.508400 -18.471260 6.858251 -11.988753 17.056782 4.929811 0.286790
-1.907071 -7.060088 -0.292920 -6.294873 13.927907 -6.904639 19.771206 3.968395 -15.290746 -16.232500 -9.311777 -7.330017 -15.285649 -5.149822 10.707128 8.182440 5.847374 -3.330704 -22.687521 1.074143 5.471956 -7.435950 0.656472 2.421459 -18.560722 6.809325 -11.974393 17.074114 4.928314 0.509704
-1.895104 -6.979621 -0.530104 -6.272004 14.035062 -6.948256 19.727158 3.841928 -15.382982 -16.136091 -9.363958 -7.324007 -15.082464 -5.154727 10.774713 8.178523 6.024217 -3.481573 -22.729752 1.123888 5.583380 -7.303066 0.876083 2.254767 -18.681923 6.775377 -12.021178 17.095030 4.935967 0.764179
-1.882848 -6.931850 -0.668146 -6.258435 14.110927 -6.965402 19.702944 3.805279 -15.449163 -16.077387 -9.366458 -7.320277 -14.922954 -5.158885 10.849295 8.188913 6.156336 -3.633545 -22.781675 1.173659 5.625951 -7.249990 0.957521 2.204673 -18.727638 6.760717 -12.023324 17.104527 4.943106 0.856370
-1.769414 -6.933556 -0.633222 -6.324549 14.121934 -6.981315 19.690849 3.775901 -15.375485 -16.045927 -9.382422 -7.306182 -14.927905 -5.152686 10.862254 8.175720 6.183950 -3.614233 -22.776632 1.212185 5.632929 -7.220023 0.986012 2.207440 -18.754742 6.746600 -12.002591 17.108074 4.936380 0.900998
