-9.135974 -20.019529 1.086193 -2.403025 22.997471 -7.510705 8.966261 13.609813 -7.649046 3.298841 -18.572792 5.755166 -12.067426 -20.319286 11.168356 6.980487 7.172194 -3.985865 -10.362264 -6.665855 9.292606 10.114524 -7.603925 5.999547 -8.586606 0.662438 -17.995468 9.940889 -1.410901 4.369147
-9.564196 -19.940050 0.709760 -2.155503 23.179523 -7.477937 8.957581 13.546413 -8.034333 3.378145 -18.467041 5.685742 -11.673874 -20.341120 11.296147 7.108724 7.360425 -4.404912 -10.453551 -6.655351 9.467238 10.090948 -7.412198 5.731231 -8.575839 0.733620 -18.312916 9.897863 -1.369729 4.439345
-9.944412 -19.883703 0.372153 -1.901801 23.396618 -7.456020 8.906168 13.554622 -8.378516 3.501360 -18.268021 5.549644 -11.174283 -20.362297 11.465208 7.265949 7.574535 -4.983766 -10.563878 -6.742614 9.562840 10.108548 -7.266741 5.593951 -8.576072 0.783542 -18.461353 9.865849 -1.351889 4.572901
-10.486992 -19.775467 0.264536 -1.395804 23.328125 -7.164038 8.889013 14.113697 -8.917893 3.276870 -17.358864 5.221404 -10.709834 -20.718288 11.280880 8.195154 7.325136 -6.024301 -10.833901 -7.042293 9.697244 9.920829 -7.333486 5.576487 -8.338563 1.039689 -18.619408 9.860403 -1.203337 4.365273
-11.224892 -20.166807 0.374119 -0.698345 22.936441 -6.580800 9.143415 14.959645 -9.691409 2.626699 -15.927994 4.814745 -11.227013 -21.274788 10.519991 9.619316 6.251310 -6.577092 -10.895562 -7.646587 10.021423 9.127040 -7.926083 5.545156 -7.444752 1.790112 -19.113777 9.867294 -0.724002 3.270630
-12.377266 -20.863153 0.092793 -0.150636 22.700764 -5.997723 9.645100 15.382527 -10.647172 2.013220 -14.773988 4.534755 -11.661345 -21.768345 9.949994 10.739626 5.580576 -7.108738 -11.096571 -8.124760 10.446975 8.658673 -8.181292 5.499818 -6.906794 2.290613 -19.532013 9.869455 -0.401876 2.521575
-12.824690 -20.782873 -0.534262 0.142851 22.847109 -5.779804 9.618058 16.088484 -11.357945 1.764133 -14.399316 4.347677 -11.648005 -21.954161 9.880681 10.883492 5.650784 -7.671321 -11.529510 -8.840054 10.708026 8.428802 -8.232576 5.399077 -6.793537 2.519362 -19.892723 9.745852 -0.243140 2.189814
-12.592693 -20.259291 -1.403819 -0.025370 23.283184 -5.588350 9.162147 17.163054 -11.817957 1.664154 -14.244009 4.138973 -11.626438 -22.088688 9.784299 10.736258 5.602411 -8.186061 -11.830311 -9.913099 10.804388 8.156981 -8.447082 5.338899 -6.811057 2.601483 -20.197882 9.508081 -0.109304 1.868524
-12.261169 -19.671530 -1.841326 -0.051783 23.672611 -5.510717 8.687396 18.088863 -12.106798 1.567010 -14.163731 3.919879 -11.312821 -22.072449 9.863400 10.593834 5.856327 -8.917638 -12.091907 -10.822215 10.898628 7.998954 -8.589546 5.279141 -6.809022 2.607675 -20.432621 9.341739 -0.063854 1.689652
-12.035905 -19.364719 -1.842540 -0.166381 23.872601 -5.545375 8.420855 18.467022 -12.075025 1.508758 -14.241344 3.874913 -11.355670 -22.001842 9.882859 10.411473 5.935448 -9.004281 -12.103042 -11.188776 10.937407 7.965655 -8.634067 5.196825 -6.862534 2.538188 -20.626909 9.202438 -0.134743 1.719159
-12.214253 -19.473429 -1.627866 -0.245544 23.769592 -5.542805 8.449863 18.616186 -11.998269 1.319579 -14.160236 3.934558 -11.507166 -22.074684 9.721595 10.537465 5.721699 -9.162610 -12.131003 -11.456188 11.033448 7.970985 -8.587643 5.117297 -6.821550 2.566875 -20.755487 9.180113 -0.138986 1.745001
-11.816105 -19.977091 0.604159 -1.327010 22.287716 -5.627128 8.265289 19.984118 -10.277725 -0.138750 -13.654150 4.122916 -13.564033 -22.487432 8.160400 11.379673 3.103748 -8.446918 -11.802691 -13.054570 11.200440 7.568502 -9.477613 6.101658 -6.163945 2.641297 -20.272217 9.322503 0.115829 0.298787
-9.405977 -19.693701 5.485913 -1.946462 19.377649 -6.506349 7.789203 23.075844 -7.227748 -2.246342 -11.906342 3.778065 -18.041454 -22.981451 5.750785 11.352724 -1.332703 -4.853158 -11.536530 -15.351883 10.606850 6.126575 -12.153225 8.669076 -5.056798 2.550268 -18.856972 9.840525 0.853446 -3.994255
-5.020231 -18.190092 10.202093 -4.922138 16.373573 -6.904402 7.573241 25.208294 -4.179246 -4.570986 -9.764013 3.382016 -24.441948 -21.159519 2.363059 11.335162 -4.599135 -0.272527 -11.831822 -18.373732 7.500405 3.136667 -16.444212 11.619082 -5.288499 5.240679 -15.980872 8.410377 2.528319 -5.721275
-0.673192 -16.060255 14.960790 -8.027300 9.126153 -14.801422 12.724018 22.359982 -2.319980 -9.074260 -8.797984 5.516359 -33.683876 -12.142184 -1.280397 16.276360 -1.314631 1.495153 -7.371948 -18.963085 -0.143315 2.207308 -22.044249 17.278139 -9.805212 8.572552 -11.244639 1.657182 0.252046 -4.291551
1.473693 -17.888786 15.983956 -16.882542 7.617825 -15.480547 9.509748 16.728664 5.500103 -9.799472 -8.161209 7.530475 -37.343887 -8.197785 -1.959982 11.367052 5.296966 7.665485 -7.716425 -9.933763 0.427863 5.155422 -18.481134 19.261978 -12.291217 11.876046 -3.605371 3.637198 4.311040 -2.171602
2.782084 -19.498419 8.873590 -22.515078 10.194339 -11.550967 3.404883 8.974707 5.219439 -11.848415 -12.453500 10.258710 -36.014091 -10.711835 -1.344917 6.434714 12.878335 8.425909 -6.202721 -1.456309 2.913692 8.680511 -13.679105 17.024775 -17.487902 9.666911 3.095443 6.834476 7.986269 3.332601
-0.056331 -17.486261 5.956021 -24.228689 12.284668 -10.461046 0.571199 4.282927 3.688751 -13.665350 -17.874027 9.862004 -34.490063 -6.445006 1.354953 6.273314 17.766991 9.604796 -2.195226 0.019800 3.198595 10.845880 -12.956072 14.130301 -20.673023 6.828523 4.302364 7.258187 7.117789 6.923870
-2.321217 -15.979069 1.369531 -25.304281 15.003497 -11.158625 -0.969597 1.379748 1.424813 -13.032604 -23.520012 7.541135 -27.861176 -2.172055 6.182170 7.129183 18.893488 10.048953 -1.006289 -0.857085 3.192652 11.127418 -12.261658 10.503354 -21.708302 4.991250 3.563496 8.442043 6.363492 11.709391
-3.336221 -15.595980 -0.613017 -25.005903 15.626035 -11.644019 -1.095203 -0.210395 -0.136625 -12.978533 -25.491415 7.116524 -25.556971 -0.280317 6.820607 7.754651 18.298855 10.670423 -1.467984 -1.693939 2.622964 11.048291 -11.936226 8.753079 -22.133961 4.811460 2.804623 8.383602 5.855076 13.825332
-3.445143 -15.470967 -0.818522 -24.922445 15.773067 -11.613743 -1.144835 -0.339829 -0.332523 -12.935959 -25.809811 7.256491 -25.317295 0.137502 6.771671 7.996358 18.125769 10.506180 -1.574536 -1.827206 2.543514 11.121043 -11.918435 8.449531 -22.160702 4.814259 2.752821 8.322283 5.719460 13.964993
-3.488171 -15.351320 -0.657362 -25.143862 15.809645 -11.776686 -1.236870 -0.704650 -0.190125 -12.884058 -26.257051 7.636971 -24.993750 0.740086 6.980112 8.139011 17.848635 10.411991 -1.628443 -1.808313 2.061131 11.298738 -12.073975 8.284140 -22.251141 4.789404 2.790048 8.236681 5.406327 13.608835
-3.565718 -15.034784 -0.372770 -25.383455 15.942443 -11.858997 -1.347865 -1.201524 -0.037295 -12.709139 -26.603107 8.171533 -24.587654 1.810029 7.325331 8.676605 17.558098 9.779840 -1.816588 -1.889976 1.676883 11.651731 -12.184495 8.096242 -22.168983 4.608154 2.806775 8.359602 5.075253 13.091063
-3.716221 -14.671719 0.057310 -25.656536 16.164028 -11.737082 -1.558365 -1.873637 0.171866 -12.557389 -26.994108 8.722511 -23.946800 2.762789 7.347147 9.548292 16.983934 8.798742 -2.104117 -1.966670 1.235963 12.244212 -12.476931 7.667508 -22.398760 4.243362 2.863025 8.160448 4.570094 12.549545
-3.895544 -14.476166 0.582380 -25.649597 16.344189 -11.198412 -1.555308 -2.475944 0.284745 -12.230808 -26.710993 9.624944 -23.569567 3.321310 7.024382 10.594511 16.553963 7.248166 -2.593895 -1.486349 0.670462 13.483575 -12.544276 7.613697 -22.359713 3.708034 3.016344 7.989090 3.492310 11.426092
-3.906455 -14.528685 1.128945 -25.092505 16.501629 -10.455431 -1.434853 -3.163294 0.257142 -11.806385 -26.296345 10.505092 -23.057611 3.732491 6.866677 11.794704 16.127375 6.033356 -2.814878 -0.622989 -0.264073 14.297313 -12.043627 8.041364 -22.205986 3.399600 2.989572 8.172014 2.646073 10.453701
-3.747339 -14.459449 1.554363 -24.181707 16.752617 -9.841730 -1.415843 -3.741434 -0.004073 -11.549221 -25.615433 11.319821 -22.622440 3.606794 7.595649 12.523785 16.966902 4.643131 -2.969832 0.670959 -0.558135 15.477710 -11.205072 8.005128 -22.998913 2.664385 3.117642 8.037928 1.886826 9.684320
-3.529939 -14.652098 1.598125 -23.367510 17.035538 -9.270329 -1.326308 -3.992775 -0.360144 -11.264013 -25.103451 11.072504 -22.037167 3.323163 8.031363 12.889328 17.735600 3.861484 -3.303566 0.997715 -0.263761 15.821399 -10.707701 7.669051 -23.391996 2.288005 3.114516 8.126099 1.773957 9.588522
-3.438760 -14.880853 1.233165 -22.856840 17.447044 -8.984395 -1.406342 -4.271461 -0.630559 -11.139406 -25.439272 10.964199 -21.121498 3.448961 8.220041 13.049734 18.763491 3.060381 -3.561526 1.041153 0.079496 16.032722 -10.128120 7.408642 -23.610447 2.120501 3.022503 8.345787 1.811520 9.934806
-3.297176 -14.899961 0.975576 -22.730021 17.612202 -8.882959 -1.529614 -4.444895 -0.701192 -11.148308 -25.608574 10.716100 -20.792812 3.177027 8.102699 13.055611 19.057592 2.772937 -3.510855 0.988006 0.682314 16.213852 -9.550919 7.385463 -23.752693 1.943104 3.119209 8.632942 1.957621 10.071256
-3.298880 -14.908506 0.876991 -22.652771 17.665688 -8.843510 -1.539607 -4.477260 -0.778563 -11.120031 -25.653450 10.707203 -20.717163 3.141113 8.073345 13.029435 19.156340 2.754263 -3.547953 1.067348 0.783066 16.222713 -9.470047 7.375412 -23.745476 1.898568 3.104108 8.669813 1.967982 10.049886
-3.267446 -14.980833 0.405158 -22.250937 17.901348 -8.696455 -1.558681 -4.676091 -1.217550 -10.994909 -25.758522 10.695759 -20.358519 3.032832 8.180406 13.052773 19.357115 2.453394 -3.699326 1.187410 0.805380 16.288790 -9.243317 7.309331 -23.794451 1.870212 2.989468 8.605547 1.881078 10.000286
-3.148520 -14.986759 -0.391225 -21.613142 18.294401 -8.572369 -1.576460 -5.025900 -1.997838 -10.847040 -26.086060 10.387750 -19.505741 2.773024 8.417800 12.815827 20.478922 1.929670 -3.891343 1.535619 1.161584 16.577322 -8.462154 7.069708 -23.931049 1.705034 2.608479 8.551449 1.685259 9.954951
-2.892626 -14.461527 -1.690424 -21.128139 19.166645 -8.675652 -1.884522 -5.372244 -3.037448 -10.579140 -26.395117 10.160279 -18.282284 2.027565 8.768315 12.336418 21.482565 1.016032 -4.350646 2.071261 1.778659 16.735435 -7.566557 6.861326 -23.969387 1.485701 2.260180 8.774217 1.723950 9.764520
-1.666693 -14.325100 -3.256200 -20.345953 20.402096 -8.134249 -2.423688 -5.646871 -3.880145 -9.970541 -26.808414 9.894572 -16.824890 0.658115 9.137478 11.267076 22.839909 -0.141830 -4.825060 2.627368 2.538151 17.133665 -6.380402 6.727540 -23.939613 1.272969 1.639057 8.838776 1.531598 9.094442
-0.988961 -13.959587 -4.420834 -19.378122 21.919748 -7.769381 -2.754918 -5.704779 -4.710633 -9.284044 -27.281052 9.055367 -15.047588 -0.724580 8.764908 10.649370 23.559696 -1.219100 -5.667947 2.153345 3.906774 17.538389 -5.044837 6.553781 -23.846027 1.282793 0.845967 8.872992 1.757785 8.403536
0.532308 -13.191513 -4.967122 -18.567886 23.461544 -8.089383 -3.634583 -5.966121 -4.778889 -8.179390 -27.475567 7.946679 -13.170810 -2.035353 8.222491 10.607451 23.174669 -2.191203 -6.581394 1.022129 5.481271 17.681005 -3.708006 6.337677 -23.471277 1.628392 -0.150781 8.993099 2.315103 8.333697
-10.285532 -19.834970 0.030618 -10.781686 30.088303 -2.609378 4.597075 0.376862 0.285712 9.663398 -26.219063 5.965428 -9.553166 -10.931552 12.348165 14.238321 17.032003 -5.461921 -2.303638 2.602566 2.832951 15.384992 -5.774778 9.562419 -17.190630 -0.568241 -10.475075 6.730108 -6.189519 9.242786
-8.605904 -18.531916 1.054448 -8.480793 30.488445 -2.305727 5.719602 2.441417 -1.070648 10.498033 -25.307680 4.418459 -7.035520 -12.609062 12.838478 14.596178 15.143387 -5.196245 -3.563411 2.574994 3.461893 15.864829 -4.459390 9.979634 -15.757138 -0.369078 -12.032993 7.030063 -6.684126 8.140854
-5.751764 -18.397371 1.310823 -6.831044 30.304508 -1.491842 6.442150 4.601650 -2.151974 11.532583 -23.187870 2.388862 -5.086115 -15.104831 13.461700 14.617088 14.123509 -4.622586 -4.782483 3.229967 4.217285 16.061169 -3.239119 10.495620 -14.357707 0.148840 -13.341663 7.273564 -6.969099 6.734546
-1.113237 -18.571470 2.723075 -3.863426 26.890722 -5.137301 7.990408 4.623816 -4.731813 8.602237 -20.868456 6.598564 -5.298812 -18.900902 15.412662 8.406597 10.591084 -4.163381 -9.942010 3.069545 8.002373 18.199226 -2.766786 9.788785 -11.366052 -2.535237 -13.741175 9.412002 -6.241711 5.980450
1.151745 -17.743788 5.264957 -3.216923 25.562840 -5.660576 9.178892 6.048645 -4.052910 8.896171 -19.477089 5.553664 -5.371027 -21.312988 14.623549 7.907051 8.058926 -2.730170 -10.830876 2.043733 8.215645 17.676149 -3.031533 10.523513 -10.228909 -2.097127 -14.687510 9.330375 -6.204200 4.110278
2.840001 -17.202005 7.533174 -2.980515 24.453091 -6.513062 10.365223 7.576426 -3.018795 9.423977 -18.200300 4.755731 -5.794518 -23.138626 14.383777 7.744442 4.943316 -0.467196 -11.244076 2.493083 8.648569 16.925306 -3.271146 11.156211 -8.952847 -1.324365 -15.457547 9.218384 -5.856945 2.385492
4.794136 -17.358160 9.161355 -2.116072 23.337091 -6.904465 11.847557 9.247440 -2.587591 9.734667 -17.644180 4.513808 -6.452734 -24.804663 13.436210 7.986523 1.540328 2.969400 -10.844224 4.313873 8.934240 15.915160 -3.350460 12.027917 -7.956781 -0.692708 -16.021217 9.336798 -5.379450 1.154375
6.248823 -17.707926 10.199567 -1.518581 22.706978 -6.722396 12.551569 10.721435 -2.552664 9.631937 -17.110376 4.280518 -7.505959 -25.492451 12.984661 7.727073 0.323357 5.170350 -10.395558 5.043315 9.138174 14.888453 -3.668416 12.817524 -7.359264 -0.122030 -16.216053 9.380604 -4.782604 0.365334
6.463311 -18.022593 10.685008 -1.234793 21.869499 -6.889377 13.071420 12.230175 -2.791824 9.238588 -16.519402 3.994348 -8.886373 -25.494102 12.962831 6.985725 0.440612 5.715090 -10.244019 3.867029 9.056279 14.075196 -4.202342 13.206261 -6.872628 0.082200 -16.122141 9.837400 -4.251366 -0.155540
5.636182 -18.451191 10.738507 -1.475708 21.052599 -7.423265 13.551247 13.714568 -2.756852 8.765371 -16.032219 3.645091 -10.037683 -25.615191 13.021464 6.238465 0.527368 6.103325 -10.223783 2.619669 8.916140 13.407060 -4.831237 13.403596 -6.653613 0.223719 -15.790341 10.123530 -3.755579 -0.396411
4.752583 -18.876621 10.376690 -1.937562 20.488495 -7.956570 13.803930 14.919816 -2.689631 8.250176 -15.706287 3.542612 -10.979881 -25.703537 12.873537 5.825054 0.448432 6.293664 -10.175603 1.691535 8.768421 12.869023 -5.379922 13.552070 -6.665503 0.351383 -15.275231 10.329526 -3.293128 -0.311603
4.071835 -19.216135 9.972785 -2.336017 20.195068 -8.249773 13.722816 15.630278 -2.717940 7.854642 -15.549969 3.507508 -11.609046 -25.727962 12.728179 5.516705 0.402034 6.431405 -10.096634 1.167240 8.666006 12.517493 -5.743293 13.663255 -6.694377 0.449943 -14.926060 10.438694 -3.008307 -0.204599
3.740587 -19.433413 9.759307 -2.528073 20.031544 -8.378221 13.666805 15.889098 -2.750961 7.676151 -15.453258 3.474312 -11.931265 -25.742477 12.636962 5.419515 0.386349 6.497842 -10.050588 0.938558 8.590969 12.345123 -5.943335 13.653995 -6.727982 0.503967 -14.719619 10.494536 -2.840957 -0.064215
