6.656905 -6.347133 4.812152 -12.001271 12.617721 -7.512344 17.549326 3.282116 -7.606819 -15.646187 -9.636322 -5.679171 -21.690342 -4.106495 8.616834 7.623283 3.510109 3.722175 -19.120270 4.444090 2.778247 -6.641570 -2.276926 7.303040 -19.283230 5.709679 -3.969538 18.785448 5.240444 1.811341
6.726394 -6.293015 4.870952 -12.133460 12.629945 -7.547305 17.477657 3.225432 -7.487887 -15.659995 -9.618254 -5.616447 -21.836109 -4.099468 8.520370 7.662597 3.429650 3.879067 -19.043646 4.591255 2.721006 -6.684469 -2.383383 7.343788 -19.258217 5.720999 -3.826538 18.838699 5.287786 1.842751
6.831992 -6.209772 4.974386 -12.338190 12.625087 -7.609962 17.378513 3.158361 -7.301087 -15.689736 -9.580202 -5.534533 -22.081184 -4.079335 8.398142 7.698346 3.289828 4.116687 -18.936213 4.761714 2.641524 -6.772679 -2.576382 7.420935 -19.204662 5.737310 -3.622764 18.902637 5.361253 1.856847
7.020336 -6.091210 5.140864 -12.685505 12.605414 -7.718900 17.255569 3.031152 -6.994000 -15.731033 -9.556629 -5.418326 -22.429277 -4.037108 8.223542 7.725132 3.085021 4.467686 -18.785852 4.969549 2.536701 -6.855062 -2.814299 7.511100 -19.145010 5.741454 -3.299722 19.019417 5.457615 1.963899
7.206464 -6.010580 5.261562 -13.018226 12.592149 -7.876733 17.144577 2.824745 -6.683757 -15.757090 -9.525187 -5.213782 -22.891365 -3.952127 7.969457 7.861892 2.803674 4.951509 -18.544825 5.407067 2.447011 -6.920056 -3.000732 7.582786 -19.099802 5.745212 -3.035895 19.106804 5.527187 2.084720
7.364059 -5.926316 5.473384 -13.368469 12.545202 -7.980108 17.060509 2.830131 -6.394308 -15.876602 -9.445756 -5.087399 -23.336584 -3.965673 7.701913 7.863466 2.394950 5.427930 -18.424225 5.570479 2.367187 -7.029510 -3.244693 7.715614 -19.009457 5.767826 -2.704052 19.221596 5.632854 2.187969
7.477843 -5.951766 5.907351 -13.661965 12.434339 -8.034973 17.014542 3.005540 -5.983645 -15.999033 -9.407187 -4.934787 -23.782417 -3.927637 7.420501 7.974314 1.983134 5.965742 -18.246237 5.935339 2.271696 -7.198666 -3.621166 7.903100 -18.855642 5.805431 -2.340177 19.320438 5.765719 2.183725
7.578781 -5.941724 6.334682 -13.981247 12.329206 -8.030521 16.940533 3.258521 -5.586028 -16.138866 -9.425210 -4.858792 -24.214138 -3.898522 7.133416 7.933799 1.520527 6.470634 -18.140493 5.954179 2.271273 -7.318957 -3.809850 8.028730 -18.729568 5.827262 -2.132705 19.398117 5.846164 2.207722
7.537698 -5.965809 6.693590 -14.163857 12.110368 -7.988308 17.066418 3.439421 -5.391155 -16.286835 -9.464063 -4.828217 -24.686855 -3.880878 6.863716 7.847558 1.118013 7.032816 -17.981913 5.968347 2.210449 -7.505708 -4.184712 8.295810 -18.509729 5.838592 -1.876853 19.423754 5.903734 2.091843
7.561373 -5.905870 6.968400 -14.337141 12.009400 -8.014021 17.051994 3.635033 -5.145586 -16.356424 -9.487049 -4.829950 -25.074451 -3.859900 6.760838 7.650176 0.819501 7.590741 -17.841322 5.920298 2.258369 -7.671662 -4.441648 8.572939 -18.324692 5.858144 -1.899985 19.308025 5.884964 1.814191
7.822250 -5.885105 7.014285 -14.583463 11.913009 -8.038235 16.822071 3.893370 -4.850580 -16.461229 -9.575986 -4.830760 -25.422756 -3.758219 6.610152 7.524770 0.513567 8.076366 -17.739492 5.815781 2.159713 -7.790319 -4.696156 8.808793 -18.192160 5.900396 -1.727181 19.316124 5.908753 1.675215
8.221121 -5.787479 6.956542 -14.897174 11.778186 -8.001515 16.625853 4.101932 -4.647925 -16.595385 -9.614008 -4.827789 -25.897976 -3.666694 6.471747 7.398355 0.263878 8.545699 -17.574907 5.637887 2.046308 -7.912474 -4.987964 9.185248 -18.125366 5.916018 -1.749884 19.095900 5.819601 1.192738
8.617146 -5.754579 6.986611 -15.180383 11.704892 -7.947616 16.430382 4.282872 -4.358909 -16.623747 -9.633986 -4.875966 -26.290737 -3.655447 6.350029 7.187282 0.011513 8.880699 -17.512884 5.258960 1.901379 -8.063853 -5.338181 9.525910 -18.091106 5.937708 -1.697925 18.912746 5.772172 0.823302
8.952738 -5.755332 7.017316 -15.335884 11.578156 -7.847908 16.265169 4.489974 -4.157530 -16.671713 -9.598557 -4.896661 -26.882103 -3.623672 6.081796 7.163483 -0.389124 9.324670 -17.311831 4.879231 1.799384 -8.108090 -5.514914 9.847601 -18.144955 5.904518 -1.819062 18.632027 5.623622 0.367616
9.116749 -5.867204 7.111316 -15.537344 11.471147 -7.725236 16.182518 4.672199 -3.927600 -16.711063 -9.562294 -4.927678 -27.234894 -3.617419 5.956316 7.124543 -0.650776 9.610766 -17.213247 4.647592 1.593452 -8.236364 -5.867126 10.270498 -18.198584 5.897695 -1.814980 18.323120 5.491645 -0.074228
9.193977 -5.925004 7.272858 -15.691043 11.361478 -7.686235 16.131851 4.767437 -3.715291 -16.782446 -9.547119 -4.972801 -27.482481 -3.595395 5.865222 7.152380 -0.791781 9.777683 -17.111357 4.447149 1.460766 -8.289758 -6.086852 10.522801 -18.221285 5.899716 -1.759164 18.155901 5.418044 -0.260993
9.212955 -5.955513 7.432259 -15.750793 11.263721 -7.618985 16.130314 4.956786 -3.629771 -16.868687 -9.487986 -4.988526 -27.772858 -3.611085 5.770087 7.154154 -0.913025 9.901169 -17.006994 4.252334 1.357566 -8.381518 -6.289263 10.727819 -18.237354 5.902552 -1.811046 17.976437 5.348445 -0.526227
9.217873 -6.031922 7.603807 -15.742359 11.167055 -7.619954 16.167530 5.045490 -3.532438 -16.906164 -9.433133 -4.989257 -27.923492 -3.631688 5.667227 7.194800 -1.049069 9.986094 -16.972242 4.191027 1.307847 -8.421403 -6.404792 10.876725 -18.256214 5.892633 -1.890020 17.809870 5.277070 -0.735490
9.227173 -6.073288 7.690312 -15.795195 11.126945 -7.566970 16.160938 5.133825 -3.471748 -16.952814 -9.397541 -4.991428 -28.027767 -3.642573 5.605814 7.214204 -1.128369 10.038938 -16.947725 4.142010 1.276057 -8.460716 -6.491567 10.963412 -18.257580 5.900725 -1.904236 17.736818 5.256224 -0.832679
9.229198 -6.064359 7.741377 -15.792777 11.099325 -7.565970 16.169300 5.146648 -3.455683 -16.973280 -9.368237 -4.992908 -28.063719 -3.664794 5.564470 7.264952 -1.207106 10.049976 -16.940401 4.125261 1.276371 -8.469035 -6.505437 10.972517 -18.256489 5.905578 -1.909940 17.722771 5.255963 -0.836883
9.225529 -6.078575 7.922196 -15.833065 11.011792 -7.470599 16.188183 5.268047 -3.401279 -17.048056 -9.313578 -5.007780 -28.136574 -3.697634 5.472961 7.352377 -1.367847 10.075496 -16.935793 4.037304 1.228169 -8.543578 -6.662704 11.110101 -18.261566 5.917966 -1.949343 17.583817 5.227295 -1.042704
9.231399 -6.131485 8.399560 -15.883101 10.774831 -7.299163 16.254105 5.640317 -3.235861 -17.240736 -9.149076 -5.044552 -28.465954 -3.767671 5.304213 7.419247 -1.556673 10.079602 -16.876734 3.709411 1.084633 -8.725757 -7.047860 11.418622 -18.230221 5.967875 -1.979957 17.300297 5.166088 -1.364635
9.243390 -6.087866 9.275020 -15.919550 10.329741 -6.955183 16.413467 6.137778 -3.034000 -17.546755 -8.822487 -4.992305 -29.242249 -3.876662 4.839499 7.665804 -2.128992 10.074111 -16.627306 3.097905 0.965609 -8.941614 -7.490473 11.610742 -18.266727 5.947856 -2.244668 16.854235 5.023677 -1.728938
9.426003 -5.934596 10.924607 -15.845330 9.464114 -6.651433 16.845398 6.851462 -2.764441 -18.090559 -8.301228 -4.781458 -30.053875 -4.190317 4.032628 8.256561 -3.180574 9.724790 -16.524523 2.460344 0.899062 -9.528316 -8.347440 11.689316 -17.995026 6.097772 -2.522629 16.476374 5.098845 -2.076777
9.279339 -6.386408 12.555915 -15.283304 8.156535 -6.803517 17.705280 7.775593 -2.480097 -18.680674 -7.628953 -3.947892 -31.146103 -4.920953 2.918842 9.134575 -4.475506 8.941006 -16.360596 2.426764 0.812351 -10.465570 -9.560008 11.684068 -17.390781 6.577020 -2.302448 16.451454 5.630735 -2.002503
10.064762 -7.435694 12.921573 -15.300855 7.109029 -6.917976 17.746687 9.104127 -1.953497 -19.537306 -6.869018 -3.025504 -32.040287 -5.888165 1.941458 9.491964 -5.459496 8.085799 -16.717369 2.775286 0.594813 -11.690551 -11.059911 11.621137 -16.358000 7.326326 -1.501669 16.980022 6.611819 -1.698807
12.209085 -9.292068 11.075810 -15.538612 4.885882 -7.682021 17.968925 11.494693 -2.341738 -21.663946 -6.131912 -3.686146 -32.393295 -6.149817 0.947418 10.516188 -7.165339 8.097862 -16.672323 0.927972 0.168920 -12.939541 -12.568624 11.884394 -14.847891 7.971585 -1.477028 17.228910 6.762862 -1.323828
10.562773 -11.843336 8.555644 -15.581546 5.278634 -10.507943 16.521332 14.517710 -0.151459 -21.063349 -6.332535 -6.158966 -32.394344 -2.489064 0.501668 15.567005 -7.975230 7.974608 -14.254237 -2.907016 -1.322954 -14.536614 -15.332786 12.920932 -13.567653 8.217606 -2.881105 15.642673 5.133751 -0.638196
8.974955 -11.293545 9.616563 -13.501184 7.123492 -11.100750 14.614203 17.132053 0.448639 -20.378426 -5.956347 -7.218032 -33.863411 -1.463968 0.569277 17.441669 -7.764690 7.083453 -12.442891 -6.647944 -2.516230 -15.858482 -17.489019 14.259522 -12.965703 8.727565 -5.054244 13.162947 3.300959 -0.762530
8.928236 -10.327604 13.840596 -10.653116 8.504691 -10.870676 13.403289 21.766766 0.787678 -20.319534 -5.386928 -8.227265 -34.417709 -2.386775 1.455376 17.232552 -7.653412 5.822770 -11.991458 -10.460747 -3.026682 -16.181364 -18.848015 15.793887 -13.339712 8.739209 -7.284678 10.157970 1.311217 -1.666687
6.045775 -9.254015 18.342813 -7.939609 8.745442 -13.320952 14.989834 24.352638 1.887270 -18.972073 -5.223081 -8.535162 -33.645424 -4.347961 1.771412 18.081532 -9.432017 4.334440 -11.846545 -12.310627 -3.460439 -15.995162 -19.704411 16.963430 -13.690478 8.024787 -8.803371 8.223599 -0.488096 -2.993582
1.519668 -9.780388 17.782925 -7.266746 8.471463 -13.321476 16.283333 24.666193 1.646715 -17.807634 -5.638412 -8.324836 -32.099728 -5.891881 1.237806 19.481594 -12.059674 2.449245 -12.148597 -13.249253 -3.030003 -16.225559 -20.100996 16.972132 -12.274794 7.362680 -10.076121 8.361803 -1.151945 -3.570785
-3.303448 -11.060444 16.093210 -8.755917 8.621887 -10.902687 15.387703 25.243717 1.332615 -18.088068 -5.766634 -7.497954 -30.815390 -7.327415 0.386500 20.010933 -14.462050 0.030380 -13.034463 -14.340896 -2.096280 -16.534945 -20.196459 16.899599 -10.452024 6.816226 -10.980521 9.023677 -1.252620 -4.870457
-4.825489 -10.885550 15.561085 -9.628633 8.889956 -7.787964 14.757748 26.420065 0.659325 -19.321991 -6.197514 -6.814553 -29.971624 -8.970775 -0.076138 18.506466 -16.019802 -1.070945 -14.460835 -15.773084 -1.103496 -16.782434 -20.109613 16.443642 -9.424481 6.491642 -12.105346 9.059003 -1.335395 -6.660311
-5.504798 -7.865110 15.990743 -11.188377 10.440696 -5.887394 12.831046 30.247965 0.154166 -19.629295 -7.039156 -6.804324 -28.386509 -9.990798 0.406389 16.876312 -16.745518 -1.650976 -15.726543 -17.138165 -0.412036 -16.140045 -19.224451 15.268571 -9.382459 5.307804 -13.260528 9.418461 -1.909964 -8.194986
-5.370450 -6.114964 14.837430 -13.056400 13.137025 -1.757342 10.596097 31.348827 -0.416055 -18.624802 -7.526682 -7.463966 -27.308567 -11.015723 1.038061 15.470856 -16.692371 -1.740312 -16.380791 -18.481892 -0.275552 -15.347784 -18.515223 14.209030 -9.963309 3.856897 -14.038301 9.884499 -2.710790 -9.216470
-5.503963 -5.245166 13.435907 -13.695002 15.919927 -0.067145 8.627207 31.333324 -0.306954 -17.078176 -8.003601 -8.139691 -26.229088 -11.758400 1.324495 14.640616 -17.213348 -1.509918 -16.887972 -19.718811 0.054680 -14.894553 -17.636499 13.058958 -9.735848 2.825580 -14.662021 10.926479 -3.065193 -9.600096
-6.274859 -5.164097 12.514183 -14.180170 17.482239 -0.054694 7.697946 30.930965 0.540979 -15.795833 -8.283670 -8.631492 -25.604652 -12.110986 1.425613 13.705540 -17.013271 -0.976846 -17.271055 -20.119305 0.028481 -14.728800 -17.034300 12.311849 -9.594974 2.278422 -15.011431 11.654562 -3.260473 -9.873925
-6.438265 -4.594616 12.236750 -13.879481 18.275120 -0.249531 7.408230 30.760860 0.665717 -14.893490 -8.568792 -9.089983 -24.935156 -12.160601 1.575853 13.414433 -16.816793 -0.942755 -17.470419 -20.398750 -0.077473 -14.502128 -16.453810 11.831351 -9.635484 1.922293 -15.171807 12.069063 -3.406771 -9.967001
-6.548000 -4.566740 12.006607 -13.753977 18.588091 -0.378007 7.337894 30.656324 0.655310 -14.593723 -8.552670 -9.216189 -24.764400 -12.308854 1.625321 13.099448 -16.696598 -0.922790 -17.684889 -20.418221 -0.085560 -14.431149 -16.244791 11.647847 -9.618597 1.891155 -15.285063 12.169999 -3.434534 -9.923720
-6.572429 -4.550255 11.988524 -13.807825 18.545910 -0.349923 7.301984 30.781078 0.625263 -14.677318 -8.561460 -9.221272 -24.761408 -12.326842 1.630512 13.150178 -16.718809 -0.982880 -17.667391 -20.472101 -0.070351 -14.482615 -16.328873 11.711780 -9.580629 1.895730 -15.271337 12.181847 -3.411428 -10.004768
-6.524755 -4.565611 11.997418 -13.911224 18.514030 -0.137898 7.181949 31.063435 0.570818 -14.890950 -8.505749 -9.220479 -24.796997 -12.341453 1.593152 13.358465 -16.814760 -1.123251 -17.671881 -20.584866 0.014210 -14.502844 -16.349369 11.774606 -9.564172 1.935841 -15.316734 12.130975 -3.378247 -10.102392
-6.527021 -4.634894 11.999684 -14.069216 18.414455 0.048089 7.124100 31.382036 0.432020 -15.253975 -8.397375 -9.168983 -24.991608 -12.368295 1.560955 13.594314 -16.833536 -1.294332 -17.615316 -20.659931 0.231193 -14.568646 -16.337234 11.800184 -9.451619 2.012172 -15.440448 12.138292 -3.278863 -10.202676
-6.779759 -4.869789 11.873079 -14.053390 18.301991 0.238588 7.057671 31.899521 0.112625 -15.752152 -8.085397 -9.129352 -25.192978 -12.557872 1.564422 13.646316 -16.736444 -1.614193 -17.776339 -20.751421 0.549294 -14.683789 -16.374683 11.888181 -9.324104 2.139701 -15.588339 12.067505 -3.123578 -10.307576
-6.967256 -5.204628 11.602298 -13.997896 18.063652 0.367472 7.093293 32.234726 -0.289771 -16.335459 -7.809101 -9.119440 -25.200180 -12.696499 1.645825 13.884401 -16.692354 -2.079955 -17.910023 -20.862213 0.865377 -14.772931 -16.423422 12.034429 -9.213841 2.285825 -15.680544 11.999552 -2.933679 -10.568089
-7.255935 -5.734375 11.151552 -13.723907 17.916153 0.489436 7.166447 32.388840 -0.759259 -16.796583 -7.433748 -9.019293 -25.238476 -13.073026 1.649381 14.124574 -16.827908 -2.727984 -18.145323 -21.040535 1.197258 -14.812962 -16.295652 12.031601 -9.127635 2.457923 -15.837715 11.982183 -2.735467 -10.768273
-7.719921 -6.329256 10.907562 -13.360059 17.709730 0.810447 7.309823 32.707737 -1.302550 -17.331282 -7.128980 -8.934422 -25.253185 -13.305141 1.571558 14.699900 -16.973644 -3.491592 -18.237360 -21.135086 1.659472 -14.907521 -16.219379 12.089208 -9.034888 2.778101 -16.043114 11.826147 -2.443739 -10.929436
-8.358413 -7.250781 10.579915 -12.794924 17.308983 0.900054 7.669983 32.741287 -1.840155 -17.847237 -6.645739 -8.843141 -25.392342 -13.555799 1.589935 15.293762 -16.886484 -4.197511 -18.127140 -20.935616 2.109252 -15.076234 -16.088171 12.075280 -8.901525 3.194722 -16.348385 11.672613 -2.140121 -11.078723
-8.927396 -8.555906 10.151003 -12.235146 16.621429 1.060294 8.297535 32.368690 -2.357648 -18.431475 -6.054694 -8.764208 -25.423214 -13.844993 1.574844 15.864698 -16.783714 -4.889971 -18.162800 -20.657841 2.759267 -15.265344 -15.861230 12.131836 -8.487672 3.637040 -16.654232 11.719458 -1.776089 -11.197014
-9.801758 -10.092200 9.693624 -11.407032 15.722402 1.053291 9.090127 32.061302 -2.941839 -18.998987 -5.542200 -8.758733 -25.303078 -13.991923 1.517169 16.635559 -16.872953 -5.669368 -18.148342 -20.624706 3.246204 -15.506333 -15.629672 12.116698 -8.073368 4.130843 -16.868055 11.756343 -1.387056 -11.125336
-10.589462 -11.198727 9.494781 -10.635355 14.941266 1.061456 9.826912 31.782665 -3.499419 -19.359505 -4.887003 -8.700244 -25.286461 -14.091863 1.187450 17.757689 -17.178574 -6.549478 -18.177126 -20.625549 3.721338 -15.875005 -15.528094 12.236901 -7.356815 4.738043 -17.029583 11.968256 -0.958366 -11.120033
-11.463816 -12.148595 9.476794 -9.928484 13.906278 0.860332 10.769844 31.484173 -4.047162 -19.788538 -4.445146 -8.682750 -25.029696 -14.043309 0.835139 18.961491 -17.470089 -7.342510 -18.261240 -20.485638 4.120134 -16.239450 -15.537155 12.405867 -6.856673 5.323655 -17.177921 11.922894 -0.592923 -11.091028
-12.325082 -12.982887 9.508430 -9.206604 13.016953 0.872212 11.747858 30.948868 -4.730469 -20.137003 -4.127697 -8.798042 -24.821350 -13.840585 0.688475 19.930603 -17.402502 -7.924224 -18.138279 -20.365143 4.592794 -16.546438 -15.440142 12.474976 -6.283770 5.838663 -17.354294 11.994640 -0.259687 -10.942657
-13.103364 -13.734097 9.535960 -8.641167 12.220193 1.034090 12.685869 30.420986 -5.332096 -20.424553 -3.900380 -8.820117 -24.815519 -13.771424 0.505395 20.660780 -17.330349 -8.300688 -17.840771 -20.075409 4.929323 -16.774649 -15.380762 12.570765 -5.789375 6.282321 -17.568188 11.921907 -0.092983 -10.576072
-13.755787 -14.451508 9.494935 -8.152566 11.626015 1.336353 13.445099 29.856194 -5.799113 -20.612055 -3.633558 -8.802407 -24.774218 -13.655816 0.291831 21.580185 -17.333937 -8.754581 -17.514706 -19.766521 5.095173 -16.991697 -15.392992 12.665734 -5.246100 6.617901 -17.655809 12.016038 -0.018189 -10.165407
-14.245464 -14.884886 9.478291 -7.849561 11.244805 1.576550 13.994727 29.384941 -6.186615 -20.744764 -3.499151 -8.815548 -24.706453 -13.457885 0.064966 22.564968 -17.414103 -9.222964 -17.091192 -19.538324 5.193172 -17.161343 -15.438776 12.683827 -4.829463 6.808235 -17.736504 12.128157 0.000020 -9.778487
-14.553301 -15.181103 9.698461 -7.542276 10.889855 1.681944 14.437293 29.100067 -6.392825 -20.847185 -3.531363 -8.951120 -24.380592 -13.428180 0.135137 23.388256 -17.503599 -9.497643 -16.716501 -19.332817 5.205300 -17.239485 -15.485189 12.670955 -4.692060 6.923122 -17.849276 12.041803 -0.061638 -9.383844
-14.744642 -15.402787 9.970885 -7.244760 10.696332 1.786396 14.756861 28.812649 -6.491215 -20.869036 -3.529583 -9.019162 -24.244469 -13.376305 0.178306 23.879210 -17.521719 -9.631101 -16.510462 -19.238377 5.231360 -17.237144 -15.397207 12.652304 -4.527650 7.060919 -17.911137 12.073374 -0.105571 -8.943432
-14.900196 -15.389296 10.234235 -7.089182 10.566101 1.794255 14.972780 28.654943 -6.600290 -20.939316 -3.555619 -9.138153 -24.159451 -13.256488 0.295856 24.002327 -17.361841 -9.559678 -16.472849 -19.185226 5.209936 -17.206430 -15.337296 12.661704 -4.411382 7.088101 -17.928785 12.140251 -0.180843 -8.719209
-14.935218 -15.359843 10.297454 -7.068327 10.538084 1.734926 15.014796 28.604404 -6.618213 -20.961454 -3.581007 -9.224361 -24.096834 -13.204045 0.396404 24.075979 -17.257914 -9.534503 -16.396868 -19.181915 5.218171 -17.198465 -15.299520 12.649072 -4.390729 7.098395 -17.929569 12.178301 -0.190299 -8.631977
-14.939754 -15.358703 10.297825 -7.071787 10.537339 1.729748 15.014828 28.606472 -6.617098 -20.962107 -3.579831 -9.224279 -24.088264 -13.211547 0.396156 24.071253 -17.266665 -9.538730 -16.410294 -19.187630 5.212546 -17.200203 -15.313616 12.650877 -4.393086 7.096668 -17.934061 12.167677 -0.196501 -8.626216
-14.939680 -15.358727 10.299169 -7.070846 10.536441 1.730182 15.015859 28.606495 -6.617093 -20.962662 -3.579831 -9.224279 -24.088264 -13.211547 0.396156 24.071253 -17.266665 -9.538730 -16.410294 -19.187630 5.212546 -17.200203 -15.313616 12.650877 -4.393086 7.096668 -17.934061 12.167677 -0.196501 -8.626216
-14.939680 -15.358727 10.299169 -7.070846 10.536441 1.730182 15.015859 28.606495 -6.617093 -20.962662 -3.579831 -9.224279 -24.088264 -13.211547 0.396156 24.071253 -17.266665 -9.538730 -16.410294 -19.187630 5.212546 -17.200203 -15.313616 12.650877 -4.393086 7.096668 -17.934061 12.167677 -0.196501 -8.626216
-14.939680 -15.358727 10.299169 -7.070846 10.536441 1.730182 15.015859 28.606495 -6.617093 -20.962662 -3.579831 -9.224279 -24.088264 -13.211547 0.396156 24.071253 -17.266665 -9.538730 -16.410294 -19.187630 5.212546 -17.200203 -15.313616 12.650877 -4.393086 7.096668 -17.934061 12.167677 -0.196501 -8.626216
-14.939680 -15.358727 10.299169 -7.070846 10.536441 1.730182 15.015859 28.606495 -6.617093 -20.962662 -3.579831 -9.224279 -24.088264 -13.211547 0.396156 24.071253 -17.266665 -9.538730 -16.410294 -19.187630 5.212864 -17.199669 -15.313644 12.651223 -4.392737 7.097002 -17.933973 12.167397 -0.196466 -8.626566
-14.939680 -15.358727 10.299169 -7.070846 10.536441 1.730182 15.015859 28.606495 -6.617093 -20.962662 -3.579831 -9.224279 -24.088264 -13.211547 0.396156 24.071253 -17.266665 -9.538730 -16.410294 -19.187630 5.212864 -17.199669 -15.313644 12.651223 -4.392737 7.097002 -17.933973 12.167397 -0.196466 -8.626566
-14.955291 -15.355424 10.300317 -7.073463 10.524436 1.704422 15.026597 28.601414 -6.620184 -20.967722 -3.577109 -9.218918 -24.084154 -13.213164 0.396166 24.057436 -17.270538 -9.533710 -16.426397 -19.195370 5.203356 -17.197973 -15.323318 12.656138 -4.397317 7.096818 -17.939178 12.154676 -0.206326 -8.620355
-14.943763 -15.359197 10.295875 -7.074901 10.534892 1.723586 15.017565 28.596569 -6.614162 -20.962973 -3.576552 -9.221365 -24.085289 -13.210486 0.395427 24.062775 -17.270542 -9.531924 -16.421328 -19.195351 5.205668 -17.202070 -15.324827 12.653876 -4.394646 7.101206 -17.941061 12.154957 -0.201896 -8.618166
-14.942248 -15.359178 10.294934 -7.073888 10.535695 1.723994 15.017036 28.596472 -6.614645 -20.962778 -3.578315 -9.221343 -24.090435 -13.206483 0.395701 24.064011 -17.266157 -9.528790 -16.415327 -19.191162 5.208901 -17.201422 -15.316924 12.652053 -4.392233 7.102043 -17.937649 12.162222 -0.198036 -8.621098
-14.940911 -15.357257 10.300326 -7.072600 10.535060 1.726649 15.016268 28.597071 -6.613143 -20.965618 -3.581979 -9.225177 -24.089216 -13.209525 0.388925 24.065132 -17.262938 -9.526864 -16.414961 -19.190832 5.209633 -17.198927 -15.317697 12.651073 -4.390880 7.103723 -17.936569 12.162226 -0.197857 -8.620350
-14.942230 -15.356897 10.301229 -7.073499 10.534351 1.725689 15.016628 28.597637 -6.612783 -20.965940 -3.581348 -9.225276 -24.083481 -13.214011 0.388919 24.063007 -17.268431 -9.529474 -16.422310 -19.194729 5.206538 -17.199453 -15.325890 12.652481 -4.393147 7.102100 -17.939144 12.155491 -0.201782 -8.617569
-14.942353 -15.356887 10.299895 -7.074479 10.535231 1.725255 15.015619 28.597607 -6.612750 -20.965403 -3.581348 -9.225276 -24.083481 -13.214011 0.388919 24.063007 -17.268431 -9.529474 -16.422310 -19.194729 5.206538 -17.199453 -15.325890 12.652481 -4.393147 7.102100 -17.939144 12.155491 -0.201782 -8.617569
-14.942731 -15.356858 10.301026 -7.074029 10.535586 1.725510 15.015514 28.596844 -6.611935 -20.966476 -3.583637 -9.227520 -24.081928 -13.215479 0.384645 24.062826 -17.265123 -9.529209 -16.422306 -19.194763 5.209371 -17.194368 -15.326791 12.652016 -4.389515 7.102503 -17.937847 12.154307 -0.202490 -8.622576
-14.940123 -15.352013 10.304873 -7.069745 10.533331 1.725975 15.017798 28.597694 -6.617057 -20.967712 -3.582171 -9.225877 -24.088352 -13.201159 0.387878 24.057804 -17.249830 -9.522162 -16.424366 -19.201204 5.214777 -17.193335 -15.325122 12.650220 -4.390343 7.102691 -17.941935 12.153111 -0.199806 -8.618427
-6.067729 -14.576385 10.050605 -1.977179 7.518892 6.094595 17.178478 27.088968 -13.574669 -22.456217 3.130290 -6.177882 -28.229290 -8.138951 4.903667 17.924118 -11.642133 -10.170156 -21.813204 -16.887379 5.608829 -13.509206 -15.141223 10.643816 -6.714193 12.683793 -15.394467 10.518597 5.202309 -9.449724
-6.067729 -14.576385 10.050605 -1.977179 7.518892 6.094595 17.178478 27.088968 -13.574669 -22.456217 3.130290 -6.177882 -28.229290 -8.138951 4.903667 17.924118 -11.642133 -10.170156 -21.813204 -16.887379 5.608829 -13.509206 -15.141223 10.643816 -6.714193 12.683793 -15.394467 10.518597 5.202309 -9.449724
-6.067729 -14.576385 10.050605 -1.977179 7.518892 6.094595 17.178478 27.088968 -13.574669 -22.456217 3.130290 -6.177882 -28.229290 -8.138951 4.903667 17.924118 -11.642133 -10.170156 -21.813204 -16.887379 5.608829 -13.509206 -15.141223 10.643816 -6.714193 12.683793 -15.394467 10.518597 5.202309 -9.449724
-6.067729 -14.576385 10.050605 -1.977179 7.518892 6.094595 17.178478 27.088968 -13.574669 -22.456217 3.130290 -6.177882 -28.229290 -8.138951 4.903667 17.924118 -11.642133 -10.170156 -21.813204 -16.887379 5.608829 -13.509206 -15.141223 10.643816 -6.714193 12.683793 -15.394467 10.518597 5.202309 -9.449724
-6.067729 -14.576385 10.050605 -1.977179 7.518892 6.094595 17.178478 27.088968 -13.574669 -22.456217 3.130290 -6.177882 -28.229290 -8.138951 4.903667 17.924118 -11.642133 -10.170156 -21.813204 -16.887379 5.608829 -13.509206 -15.141223 10.643816 -6.714193 12.683793 -15.394467 10.518597 5.202309 -9.449724
-6.787251 -14.250241 10.914014 -1.561754 8.061640 6.722403 16.923615 26.545816 -12.922440 -23.625328 1.980059 -9.298247 -27.957113 -9.517488 0.773943 17.997272 -7.621311 -8.388317 -21.356127 -16.449238 5.326023 -17.439587 -13.754847 11.095120 -9.279277 11.112891 -16.312189 10.784582 4.626307 -9.052348
-6.808716 -14.314470 11.093288 -1.612213 7.933448 6.767900 16.771629 26.515320 -12.831204 -23.908564 2.130474 -9.574454 -28.019173 -9.506209 0.528376 17.891279 -7.141431 -8.234623 -21.393230 -16.588655 5.464925 -17.308390 -13.675434 10.964058 -9.286292 10.962374 -16.313334 10.797174 4.684298 -9.100821
-6.765547 -14.217162 10.991620 -1.651880 8.078691 6.991118 16.743832 26.445980 -12.866248 -23.971014 2.180593 -9.646857 -28.043816 -9.474547 0.498059 17.744946 -6.948297 -8.126826 -21.493078 -16.531139 5.515436 -17.528570 -13.576263 10.956483 -9.490417 10.943922 -16.328779 10.811900 4.714016 -9.048656
-6.698187 -14.252300 10.931867 -1.636116 8.087537 6.948505 16.744860 26.459414 -12.872293 -23.972216 2.144492 -9.631437 -28.010635 -9.446851 0.554366 17.774799 -7.070567 -8.136662 -21.506050 -16.493599 5.532411 -17.568453 -13.571276 10.972419 -9.506948 10.974421 -16.346977 10.801769 4.726696 -9.003778
-6.678787 -14.269913 10.918165 -1.621394 8.078287 6.936072 16.735006 26.459633 -12.880213 -23.983854 2.117410 -9.627428 -28.003536 -9.435597 0.539242 17.784309 -7.091483 -8.122053 -21.507774 -16.514093 5.561754 -17.580576 -13.572985 10.979914 -9.507648 11.009997 -16.373238 10.774487 4.746566 -8.988932
-6.678694 -14.270538 10.917844 -1.621734 8.078469 6.937199 16.734655 26.459858 -12.880287 -23.984156 2.117283 -9.627434 -28.003765 -9.435562 0.539151 17.784828 -7.091788 -8.122199 -21.507059 -16.514194 5.561982 -17.582598 -13.573069 10.979625 -9.507791 11.009583 -16.374426 10.774890 4.746390 -8.987341
-6.673191 -14.270375 10.912642 -1.624084 8.080913 6.933689 16.734915 26.460184 -12.878689 -23.982435 2.112820 -9.617029 -28.000458 -9.416638 0.560694 17.790619 -7.133358 -8.126578 -21.511168 -16.523947 5.560568 -17.585394 -13.573063 10.979371 -9.509749 11.008410 -16.374414 10.775853 4.746347 -8.987143
-6.678256 -14.270055 10.918036 -1.621666 8.078090 6.936195 16.734941 26.459551 -12.880129 -23.984249 2.117410 -9.627428 -28.003536 -9.435597 0.539242 17.784309 -7.091483 -8.122053 -21.507774 -16.514093 5.562039 -17.582197 -13.573096 10.979739 -9.507774 11.010235 -16.374088 10.774817 4.746786 -8.987907
-6.678181 -14.270012 10.917926 -1.621851 8.078071 6.936111 16.734753 26.459682 -12.880067 -23.984362 2.117168 -9.628955 -28.001997 -9.434428 0.539352 17.786324 -7.092725 -8.120864 -21.507824 -16.513668 5.561888 -17.581839 -13.571774 10.978126 -9.509360 11.009515 -16.374407 10.775064 4.746737 -8.987272
-6.678068 -14.266296 10.895047 -1.636591 8.078604 6.929976 16.751909 26.464993 -12.888950 -23.954800 2.129171 -9.613464 -28.001570 -9.408044 0.592301 17.785828 -7.145720 -8.127013 -21.513973 -16.513767 5.553202 -17.576536 -13.571170 10.981041 -9.508367 10.997476 -16.363329 10.784134 4.739269 -8.995595
-6.695235 -14.255960 10.904813 -1.645815 8.082972 6.940397 16.758888 26.463017 -12.885530 -23.947922 2.158623 -9.620330 -28.006279 -9.430293 0.590917 17.765251 -7.088247 -8.134028 -21.512341 -16.501572 5.541455 -17.577179 -13.572667 10.974913 -9.509070 10.982652 -16.357346 10.796037 4.733459 -8.997837
-6.695846 -14.255831 10.905323 -1.645691 8.082597 6.940459 16.759106 26.463053 -12.885494 -23.947977 2.157631 -9.621274 -28.005541 -9.431911 0.589425 17.764841 -7.087222 -8.131727 -21.512489 -16.502031 5.542282 -17.576675 -13.572109 10.975816 -9.508759 10.983816 -16.357252 10.796158 4.733918 -8.998100
-6.695846 -14.255831 10.905323 -1.645691 8.082597 6.940459 16.759106 26.463053 -12.885494 -23.947977 2.157631 -9.621274 -28.005541 -9.431911 0.589425 17.764841 -7.087222 -8.131727 -21.512489 -16.502031 5.542282 -17.576675 -13.572109 10.975816 -9.508759 10.983816 -16.357252 10.796158 4.733918 -8.998100
-6.695846 -14.255831 10.905323 -1.645691 8.082597 6.940459 16.759106 26.463053 -12.885494 -23.947977 2.157631 -9.621274 -28.005541 -9.431911 0.589425 17.764841 -7.087222 -8.131727 -21.512489 -16.502031 5.541968 -17.577181 -13.572084 10.975466 -9.509099 10.983488 -16.357338 10.796429 4.733890 -8.997756
-6.695846 -14.255831 10.905323 -1.645691 8.082597 6.940459 16.759106 26.463053 -12.885494 -23.947977 2.157631 -9.621274 -28.005541 -9.431911 0.589425 17.764841 -7.087222 -8.131727 -21.512489 -16.502031 5.542282 -17.576675 -13.572109 10.975816 -9.508759 10.983816 -16.357252 10.796158 4.733918 -8.998100
-6.688971 -14.256966 10.896199 -1.648805 8.083611 6.936335 16.760479 26.466257 -12.887247 -23.943354 2.164554 -9.606496 -28.015347 -9.404374 0.629173 17.777573 -7.143043 -8.145933 -21.515137 -16.503969 5.557311 -17.573832 -13.571181 10.981904 -9.506618 11.001368 -16.363895 10.780977 4.740752 -8.995708
-6.688971 -14.256966 10.896199 -1.648805 8.083611 6.936335 16.760479 26.466257 -12.887247 -23.943354 2.165015 -9.606504 -28.015518 -9.404077 0.630226 17.777561 -7.143120 -8.146207 -21.515171 -16.503262 5.557111 -17.576216 -13.571138 10.981545 -9.507667 11.001143 -16.364532 10.781576 4.741000 -8.994695
-6.688971 -14.256966 10.896199 -1.648805 8.083611 6.936335 16.760479 26.466257 -12.887247 -23.943354 2.165015 -9.606504 -28.015518 -9.404077 0.630226 17.777561 -7.143120 -8.146207 -21.515171 -16.503262 5.557430 -17.575670 -13.571167 10.981891 -9.507314 11.001479 -16.364445 10.781295 4.741037 -8.995048
-6.677128 -14.263230 10.897973 -1.638378 8.081662 6.928338 16.749632 26.463953 -12.884757 -23.956652 2.128906 -9.609811 -27.999653 -9.405059 0.593710 17.784821 -7.145482 -8.128800 -21.514151 -16.522720 5.554276 -17.577402 -13.571456 10.979983 -9.507468 10.997708 -16.364944 10.783957 4.740430 -8.995710
-6.677128 -14.263230 10.897973 -1.638378 8.081662 6.928338 16.749632 26.463953 -12.884757 -23.956652 2.128906 -9.609811 -27.999653 -9.405059 0.593710 17.784821 -7.145482 -8.128800 -21.514151 -16.522720 5.554276 -17.577402 -13.571456 10.979983 -9.507468 10.997708 -16.364944 10.783957 4.740430 -8.995710
-6.677128 -14.263230 10.897973 -1.638378 8.081662 6.928338 16.749632 26.463953 -12.884757 -23.956652 2.128906 -9.609811 -27.999653 -9.405059 0.593710 17.784821 -7.145482 -8.128800 -21.514151 -16.522720 5.553957 -17.577944 -13.571428 10.979638 -9.507821 10.997371 -16.365030 10.784237 4.740392 -8.995358
