26.882582 0.408127 5.394370 3.779078 22.329510 -12.513836 14.077740 -6.235138 -3.833446 -21.135260 -23.573797 -13.276484 -0.713125 -8.747926 9.933668 -0.476925 1.548793 15.629492 -24.750174 6.463615 4.182120 12.425975 -7.298453 12.498561 -19.606955 5.632998 -3.313884 5.739983 0.987563 -18.164368
26.156309 0.465675 4.933547 3.221270 22.562265 -12.121022 13.561795 -5.653630 -4.030721 -21.430893 -24.127583 -13.100361 -0.927193 -8.534923 9.204320 -0.312015 2.057927 15.583463 -24.627859 6.220923 4.028983 12.265633 -7.908074 11.896364 -19.472237 5.605354 -3.205728 6.125212 1.130823 -17.865425
24.742779 0.409077 4.107193 2.310491 22.780411 -11.567253 12.631490 -4.625716 -4.494669 -21.938282 -24.665234 -12.828517 -1.459581 -8.314176 7.812758 0.291121 2.737097 15.106337 -24.372999 5.750801 4.081208 12.318515 -8.750107 10.686048 -19.173134 5.592371 -3.197514 6.615762 1.427023 -17.329689
22.759893 0.560206 2.769917 1.148304 23.023695 -10.746974 11.552852 -3.323781 -5.242242 -22.302942 -25.426947 -12.502315 -1.987922 -8.090815 5.818669 0.996428 3.964775 14.434207 -23.969423 5.102745 4.104223 12.097049 -9.699320 9.198218 -18.864901 5.692484 -3.332036 7.051953 1.947338 -16.593689
21.359873 0.524211 2.054115 -0.049366 23.440098 -9.509251 10.084881 -2.484300 -5.795369 -23.046757 -26.089800 -12.133941 -2.825128 -7.812751 3.957403 1.385654 4.985370 14.005143 -23.420181 4.224550 4.279381 12.144691 -10.687206 7.548468 -18.222267 5.656157 -3.558643 7.622906 2.195965 -16.304470
20.081465 0.274534 1.379055 -0.736074 23.512863 -8.680501 8.400913 -1.802381 -6.643469 -23.904596 -26.471014 -12.202534 -3.565121 -7.774879 2.309891 1.688412 5.835153 13.595102 -22.987799 3.748625 4.334326 11.803790 -11.449699 6.430549 -17.367649 5.673931 -3.429522 8.468093 2.405528 -15.865047
18.891100 0.322137 1.226970 -1.249491 23.424541 -7.614551 7.456485 -1.713533 -7.068392 -24.227833 -26.854986 -12.039701 -4.434817 -7.550149 1.089231 1.647774 6.410038 13.540392 -22.526499 3.422928 4.480121 11.386266 -11.965964 5.077788 -16.453384 5.532412 -3.306603 9.607415 2.382527 -15.393259
17.596321 0.333471 1.280616 -1.439112 23.373768 -6.715363 6.640859 -1.505064 -7.625945 -24.518835 -26.871229 -11.999090 -5.297590 -7.724546 -0.073079 1.694780 6.713516 13.393474 -22.298655 3.250122 4.385367 11.202490 -12.277319 4.540441 -15.915738 5.426213 -2.925083 10.360217 2.209397 -15.153368
16.490053 0.416850 1.434985 -1.826146 23.201893 -6.314875 6.330154 -1.230832 -7.813752 -24.563700 -26.561060 -11.976686 -6.045661 -7.979435 -0.778623 1.624934 6.873812 13.351091 -22.097244 3.206218 4.370554 11.258390 -12.213284 4.041753 -15.666257 5.570813 -2.824154 10.766430 2.189153 -14.446228
15.706702 0.469310 1.588212 -2.056982 23.052048 -6.087442 6.312134 -1.058047 -7.931381 -24.511171 -26.273293 -11.935714 -6.494262 -8.178166 -1.126599 1.639312 7.137568 13.249047 -21.945848 3.161452 4.299584 11.192497 -12.208944 3.757454 -15.458423 5.668953 -2.826185 11.037094 2.246180 -14.014193
15.768116 0.480312 1.513476 -2.075498 23.142429 -6.052383 6.289737 -1.063845 -7.938885 -24.507021 -26.248558 -11.922406 -6.482646 -8.149380 -0.993119 1.578683 7.137780 13.297361 -21.915771 3.294171 4.417164 11.095155 -12.168527 3.755880 -15.568172 5.651776 -2.893639 10.941246 2.267080 -14.089068
16.221853 1.399055 1.281532 -2.954646 23.986633 -6.694776 6.548182 -1.145641 -7.813986 -23.029409 -25.711355 -11.664588 -6.199389 -7.771618 0.522532 1.174065 7.979012 12.804432 -21.924879 4.660410 4.516667 10.855247 -11.767954 4.061013 -16.240673 5.414770 -3.229551 10.369219 2.293842 -14.715942
14.955407 3.077017 0.437428 -3.587090 24.309793 -8.853276 8.106423 -0.868011 -9.298845 -18.630255 -24.829639 -10.369772 -5.620159 -7.269864 3.690984 0.785080 8.599414 12.335263 -22.098387 6.486944 5.097044 11.899499 -9.590165 4.212529 -17.971270 5.939425 -4.236441 9.053551 2.699097 -13.054768
14.895817 4.435386 -2.007557 -3.889008 24.847878 -10.498941 9.017788 0.638822 -12.472999 -14.144136 -24.767311 -8.799735 -4.259920 -6.891136 7.238966 -0.214978 10.066737 10.094434 -23.005648 7.916230 6.464853 12.540366 -7.378335 5.440861 -19.351032 6.393498 -4.567309 6.785768 2.444159 -12.136771
13.809040 4.467555 -4.459069 -4.497808 24.398596 -11.663746 10.249868 1.236710 -15.801964 -9.929015 -22.374313 -6.512517 -2.524781 -5.465056 14.033666 0.094993 10.535815 6.991952 -22.902494 9.118980 5.507998 12.456172 -4.548622 6.552833 -20.739117 5.566732 -5.119724 7.327579 1.298233 -11.235185
12.889851 4.353238 -4.932128 -5.995990 25.090862 -10.728403 14.314845 -1.217622 -16.969379 -4.765486 -19.412193 -4.545126 -1.365566 -4.980557 18.827425 1.272518 10.847427 3.805376 -23.307276 8.782411 4.133621 13.011352 -0.304389 8.145303 -20.684114 5.452646 -5.532235 9.644667 0.850970 -8.447009
12.322187 3.162088 -3.331300 -5.523618 23.704674 -11.325899 20.022797 -3.676496 -17.354519 -0.642397 -17.269650 -4.790051 1.804484 -7.289274 19.486910 3.210987 10.830901 1.722728 -25.163118 7.159190 3.784776 12.564198 2.912654 8.164573 -20.344828 5.983795 -6.280227 11.087529 1.287647 -5.507370
11.867069 0.772292 0.283970 -5.305591 20.466309 -11.223400 22.641129 -3.709106 -16.236006 -0.577637 -15.532503 -6.881977 1.301739 -9.025735 16.929916 5.373289 8.980668 3.020998 -25.059263 5.842346 4.400016 11.079874 4.739578 8.208924 -19.648172 6.626625 -7.080331 12.440742 1.887325 -3.750080
13.144526 -0.279665 4.395122 -3.881495 17.999035 -9.603502 23.365639 -3.644818 -15.392325 -1.547021 -15.048009 -8.247763 0.436560 -10.687016 13.872981 6.129298 6.532958 5.644744 -24.771042 5.176775 4.205668 10.341630 5.056006 8.179631 -18.887615 6.411263 -6.863130 13.904736 1.919615 -3.399594
13.815861 -0.549128 6.516776 -3.407005 16.915361 -8.932555 23.778860 -3.293044 -14.582353 -2.029360 -14.495440 -8.545453 -0.750736 -11.421878 12.366340 6.689447 4.687055 6.884273 -24.475710 5.142669 3.854418 9.971099 5.413616 8.177085 -17.978203 6.435567 -7.088654 14.956331 2.118579 -3.315104
13.953711 -0.544809 6.905431 -3.356013 16.764091 -8.960073 23.922394 -3.167949 -14.404220 -2.071266 -14.389950 -8.557643 -1.050203 -11.554752 12.029035 6.789587 4.299586 7.125718 -24.424839 5.108140 3.826136 9.853911 5.384360 8.173954 -17.885941 6.471401 -7.100602 15.054766 2.152554 -3.315344
14.191781 -0.598999 7.238490 -3.248178 16.559626 -8.962276 24.154858 -2.928136 -14.297601 -2.115775 -14.365827 -8.620934 -1.404320 -11.692586 11.645243 6.724543 4.057736 7.552603 -24.348997 5.010297 3.824844 9.700591 5.596652 8.321853 -17.638186 6.606988 -7.406769 15.385138 2.306922 -3.316343
14.506544 -0.657887 7.652887 -2.982054 16.179790 -8.994820 24.529343 -2.375224 -14.229487 -2.138633 -14.276533 -8.616435 -2.152970 -11.830416 11.081598 6.636142 3.569461 8.272079 -24.142252 4.781781 3.686377 9.044027 5.799266 8.427365 -17.176544 6.850948 -7.846483 15.984206 2.584630 -3.161482
14.874157 -0.793655 7.981958 -2.600996 15.717976 -8.996073 24.906094 -1.675003 -14.299890 -2.117736 -14.143563 -8.712400 -2.979313 -12.087873 10.445971 6.516816 2.949513 9.206123 -24.008482 4.674950 3.615499 8.467624 5.927984 8.667438 -16.394686 7.121869 -8.095214 16.498924 2.835186 -3.476580
15.806540 -0.565401 8.446927 -1.971252 15.435652 -9.247933 25.133999 -0.760464 -14.274174 -2.106314 -13.938458 -8.977626 -3.725828 -12.665465 9.777463 6.094275 2.502946 10.323928 -23.942829 4.668314 3.420748 7.720526 6.014724 9.191110 -15.434319 7.353866 -8.129331 17.210596 3.187847 -3.378526
17.076618 -0.117737 9.392527 -0.924872 15.014375 -9.449549 25.376518 0.556018 -14.533038 -2.072063 -13.524883 -9.215900 -4.479268 -13.433640 9.526622 5.217065 1.962729 11.976779 -23.910707 4.792717 3.166035 7.194812 6.233945 9.840458 -14.509989 7.430904 -8.297465 18.034374 3.489103 -3.029781
17.733648 0.218348 10.355844 -0.221116 14.755609 -9.770696 25.830025 2.165635 -14.767639 -2.108721 -13.664753 -9.318023 -5.419483 -13.607183 9.250279 4.402246 1.891022 13.019765 -23.888182 3.958551 2.903822 6.702361 6.610656 10.772832 -13.551355 7.677765 -8.723896 19.273266 3.839700 -2.316179
17.565554 0.103140 10.560872 0.149988 14.489320 -10.174121 26.397045 3.506510 -15.084628 -2.129922 -13.831877 -9.600007 -6.109547 -13.841222 9.166620 3.587103 2.096587 13.562640 -24.082151 3.154277 2.589842 6.716490 6.564158 11.244163 -13.342604 7.516597 -8.403920 20.077253 4.006040 -1.689878
17.337431 -0.083888 10.352639 0.180649 14.415862 -10.336153 26.646759 4.114674 -15.259239 -2.227355 -13.941104 -9.736909 -6.438840 -14.040286 9.106559 3.056435 2.250060 13.774913 -24.251535 2.687390 2.288035 6.731147 6.247880 11.540763 -13.282743 7.330164 -7.820752 20.536818 4.166411 -1.122716
17.113493 -0.036685 9.988429 0.053050 14.489217 -10.434269 26.467369 4.265408 -15.333957 -2.281475 -13.936302 -9.826114 -6.460706 -14.146016 9.090325 2.746429 2.360648 13.894773 -24.322023 2.656789 2.135515 6.659734 6.108083 11.644456 -13.296391 7.262378 -7.495248 20.709442 4.254557 -0.767776
17.098658 -0.028877 9.945168 0.050177 14.505483 -10.450105 26.446865 4.261504 -15.349046 -2.277886 -13.911362 -9.849279 -6.459166 -14.180301 9.098977 2.704765 2.393116 13.904497 -24.336386 2.658336 2.093895 6.647135 6.080455 11.633855 -13.310920 7.253345 -7.455923 20.738590 4.262709 -0.703777
17.074425 -0.001713 10.016986 0.050328 14.512978 -10.420586 26.407154 4.209355 -15.319030 -2.304341 -13.950588 -9.836745 -6.441698 -14.111082 9.095558 2.785039 2.380977 13.837561 -24.326139 2.638503 2.165855 6.731664 6.146100 11.592238 -13.306479 7.263359 -7.577700 20.661285 4.208734 -0.863639
17.093006 0.020959 10.202421 0.120847 14.529412 -10.408700 26.407890 4.014693 -15.278785 -2.275857 -14.056789 -9.742739 -6.384506 -13.947398 9.032754 3.059437 2.340815 13.659436 -24.259581 2.639187 2.241305 6.829244 6.236134 11.442080 -13.328118 7.292187 -7.815530 20.546864 4.129488 -1.077601
17.200628 0.056651 10.453719 0.182435 14.562781 -10.310407 26.363291 3.587574 -15.207274 -2.201720 -14.071758 -9.619811 -6.214072 -13.775231 9.020879 3.502262 2.123526 13.557254 -24.124805 2.901595 2.379763 6.938637 6.497291 11.118037 -13.314792 7.372462 -8.255593 20.366772 3.994669 -1.423979
17.371340 0.203494 10.496724 0.019872 14.739822 -10.196051 26.024887 2.867989 -14.994298 -2.124717 -14.127206 -9.445512 -5.806110 -13.552011 9.076657 4.025764 1.880134 13.408440 -23.979647 3.447060 2.498826 6.982433 6.694971 10.807412 -13.369464 7.454844 -8.621973 20.100929 3.859016 -1.709354
17.753214 0.366062 10.476437 -0.372592 15.033157 -10.010736 25.689566 1.847349 -14.585939 -1.994752 -14.133678 -9.150115 -5.261592 -13.349843 9.078768 4.716648 1.572266 13.089354 -23.790068 4.167363 2.613500 6.957613 6.852782 10.335628 -13.519423 7.509639 -8.922565 19.787039 3.689141 -1.944235
17.918787 0.396854 10.314960 -0.952480 15.377044 -9.746346 25.191715 0.595125 -14.077090 -1.958484 -14.259630 -8.892207 -4.427277 -13.251523 9.186994 5.479712 1.410432 12.473010 -23.739359 5.052911 2.692090 7.099790 6.807766 9.780255 -13.984839 7.496272 -8.868252 19.122519 3.501190 -2.149617
18.968784 1.300576 4.689369 -11.600323 10.344370 -6.553930 25.691832 -3.289083 -13.535983 -13.755413 -6.216335 -3.550645 -12.229892 -11.084214 14.653891 8.548506 -5.970922 -0.223635 -24.381392 14.558925 4.508841 1.245571 3.852686 7.906140 -16.948435 10.280417 -6.179247 16.458324 4.186182 -4.600945
18.163763 1.430828 3.616245 -12.361240 10.964158 -6.814997 25.076942 -4.652485 -13.593491 -13.551668 -6.865917 -3.490640 -11.140288 -10.449733 15.302226 8.521090 -4.359166 -2.137996 -24.691183 13.837552 4.403451 2.103366 4.026671 7.230070 -17.302042 9.984422 -5.928556 16.460011 3.943821 -4.186721
16.775499 1.329580 2.743436 -12.783838 11.453412 -6.696332 24.374001 -5.964916 -13.959244 -13.705930 -7.859863 -3.230929 -10.052589 -9.208364 16.180540 8.056415 -1.607807 -4.430982 -24.967733 12.203003 4.257216 3.064313 4.153162 6.629197 -17.929176 9.559550 -5.452709 16.414555 3.645854 -3.619038
11.392900 -4.039151 4.262863 -7.979401 16.387362 -4.794906 20.853113 -4.380525 -9.868702 -10.451138 -10.725925 -8.600651 -8.154620 -6.555068 13.401225 10.917753 5.794454 -2.787813 -22.530863 9.590277 5.187121 0.780286 4.704775 6.221873 -20.450460 5.124195 -7.070412 16.322659 1.707384 -1.892038
10.583714 -4.645270 2.139858 -8.017592 17.611732 -3.331066 19.926888 -5.507964 -10.785330 -10.645363 -11.866600 -7.980675 -7.651640 -5.348732 13.731799 10.999504 8.068909 -3.812520 -22.083010 9.633153 5.362388 1.334058 4.996813 5.641627 -21.516857 4.661140 -6.633200 16.213312 1.648714 -0.606550
9.212936 -4.896598 0.465179 -8.131788 18.376129 -2.647596 18.863029 -6.056843 -11.808363 -11.034883 -12.963108 -7.225265 -7.518979 -4.034167 13.944071 11.331213 9.998297 -4.572801 -21.424603 9.995374 5.191571 1.974996 4.937324 5.035711 -22.314224 4.313494 -5.994894 16.142178 1.597431 0.772252
7.127030 -4.523086 -1.081011 -8.534255 19.314053 -3.371458 18.119600 -6.456988 -12.703374 -10.920231 -13.951938 -6.059270 -7.985713 -2.463909 13.960571 11.791511 10.784767 -5.131508 -20.693819 10.303661 5.014059 2.565354 4.760068 4.740498 -23.064754 3.923521 -5.307519 15.998634 1.521210 1.863453
5.316457 -4.236353 -2.096170 -9.501775 19.863230 -4.333526 17.473137 -7.107314 -12.795601 -10.967136 -15.141127 -4.938359 -8.609031 -1.159545 13.709039 12.042270 11.037219 -5.367671 -19.985338 10.652672 4.649694 2.909491 4.354683 4.479194 -23.696480 3.521880 -4.506128 16.023689 1.510496 2.908684
3.565425 -4.627858 -2.352062 -10.270532 19.750160 -5.047747 17.193958 -7.950089 -12.620785 -11.299622 -16.615290 -3.910203 -9.421893 0.061590 13.087111 11.815763 11.627561 -5.250883 -19.285728 10.321638 4.254206 3.077869 3.900105 4.078237 -24.033800 3.261537 -3.971268 16.063869 1.503347 3.324629
2.059393 -5.087770 -2.397838 -11.067871 19.364750 -5.712421 17.199778 -8.791801 -12.270614 -11.686073 -17.563421 -3.063680 -10.178863 1.031267 12.780077 11.676438 11.985602 -5.297280 -18.707317 10.168090 3.876684 3.073405 3.475337 3.741297 -24.354252 3.068800 -3.584282 16.069231 1.562018 3.777565
1.110561 -5.521067 -2.686990 -11.863617 19.181261 -6.104542 16.987823 -9.479357 -11.855624 -11.971437 -18.115345 -2.468885 -10.883110 1.845389 12.653138 11.584223 12.422903 -5.260592 -18.252157 10.184235 3.556185 3.055563 2.974725 3.714322 -24.721813 2.975968 -3.090303 15.903097 1.631841 4.134106
0.648027 -5.862072 -2.986822 -12.316753 19.170851 -6.212023 16.756336 -9.914473 -11.637096 -12.118133 -18.372269 -2.121247 -11.339959 2.315326 12.607509 11.523934 12.806293 -5.256495 -17.972372 10.254383 3.404694 2.963066 2.747577 3.657664 -24.850838 2.925650 -2.843034 15.945559 1.721846 4.360793
0.363169 -6.060784 -3.102048 -12.535507 19.117786 -6.308369 16.670277 -10.061015 -11.506215 -12.239867 -18.519066 -1.946186 -11.650157 2.601192 12.563473 11.486782 13.083830 -5.247091 -17.783506 10.291592 3.270429 2.924755 2.550508 3.646818 -24.983175 2.896931 -2.621553 15.940806 1.765913 4.552794
