3.806922 -19.436115 9.812119 -2.494841 20.025978 -8.352285 13.712453 15.884083 -2.749443 7.705187 -15.482256 3.478608 -11.880951 -25.744902 12.639645 5.426895 0.380743 6.502449 -10.057113 0.966393 8.607449 12.339488 -5.912156 13.693364 -6.712672 0.508340 -14.734952 10.497299 -2.844199 -0.091680
4.596446 -19.216867 10.315123 -2.035201 20.174889 -8.098744 14.010044 15.480620 -2.749889 8.088311 -15.550058 3.455869 -11.335979 -25.874258 12.810081 5.576241 0.249143 6.626892 -10.155249 1.451005 8.734055 12.588490 -5.616521 13.726567 -6.657875 0.435693 -15.022877 10.423355 -3.063012 -0.293511
5.872633 -18.558924 10.872226 -1.214734 20.791552 -7.525723 13.937767 14.399055 -2.866475 8.773195 -15.649984 3.323810 -10.138756 -26.068363 13.233106 5.760420 0.367711 6.601961 -10.370775 2.435572 9.006881 13.163175 -4.902433 13.678350 -6.679309 0.366618 -15.591553 10.124714 -3.495898 -0.367449
6.807164 -17.722746 10.901679 -0.444268 21.853691 -7.067847 13.338331 12.957452 -3.251321 9.430325 -16.042324 3.297784 -8.550042 -26.368092 13.252052 6.251650 0.234321 6.513604 -10.577870 3.927957 9.331275 13.826570 -4.161821 13.688505 -6.957623 0.294105 -16.011900 9.576744 -4.011046 -0.447595
6.462510 -17.380625 10.128115 -0.231546 22.792233 -7.101862 12.852747 11.249816 -3.561131 9.971353 -16.481945 3.082040 -6.816175 -26.818436 13.429025 6.410778 0.251855 6.191149 -11.081751 4.936219 9.521469 14.855302 -3.369027 13.409904 -7.501340 -0.048698 -16.220821 9.093257 -4.584223 -0.150691
5.548585 -17.034761 9.609598 -0.154433 23.573694 -6.931108 12.931235 9.868958 -3.761472 10.551418 -17.270239 2.908634 -5.647634 -26.440411 13.664693 6.438463 1.341615 4.698799 -11.575160 4.435836 9.552362 15.780292 -3.098508 12.960448 -8.130171 -0.382794 -16.210426 8.898026 -5.034768 0.248905
4.731200 -16.463392 8.857572 -0.320214 24.563007 -6.170148 12.733446 8.855598 -4.179748 11.092896 -17.725033 2.881261 -4.981860 -25.680559 14.518783 6.169329 2.940431 3.107683 -12.016589 3.547838 9.686400 16.661655 -2.889161 12.755218 -8.898171 -0.675495 -16.114994 8.449686 -5.467997 0.468621
3.987015 -16.254999 8.051463 -0.406947 25.273682 -5.860093 12.250018 8.151744 -4.636094 11.143160 -18.219296 2.714149 -4.052548 -25.100185 15.207960 5.777329 4.646899 1.881464 -12.343129 3.111200 9.709900 17.409567 -2.993555 12.598222 -9.530881 -0.997516 -15.889018 7.962716 -5.855991 0.505848
3.223716 -16.417891 7.223353 -0.478894 25.712734 -6.135288 12.026466 7.507451 -4.969768 11.111674 -18.460049 2.727863 -3.269477 -24.747238 15.780818 5.775284 5.454837 0.983245 -12.569436 3.111354 9.722612 17.818789 -2.946778 12.590286 -9.970417 -1.254987 -15.685786 7.633197 -6.164995 0.524800
2.929455 -16.458355 6.559478 -0.678543 26.009520 -6.260043 11.859156 7.168535 -5.119426 11.193974 -18.600988 2.798705 -2.874653 -24.491282 16.157545 5.798023 5.723265 0.576717 -12.666676 3.180451 9.698957 17.918135 -2.969856 12.590278 -10.255610 -1.429634 -15.546149 7.470298 -6.329569 0.579968
2.830004 -16.466648 6.209304 -0.690860 26.164608 -6.351942 11.804150 7.012703 -5.234674 11.256512 -18.649544 2.815688 -2.586473 -24.404919 16.447573 5.760536 5.903098 0.367047 -12.750321 3.222205 9.721108 17.944313 -2.968424 12.613870 -10.423999 -1.485405 -15.489091 7.339702 -6.405002 0.563420
2.660202 -16.250948 4.090380 -0.961971 27.262205 -6.980245 11.633445 6.672993 -5.798775 11.934011 -18.991589 2.834032 -1.534447 -23.874260 17.921925 5.150971 7.268203 -0.363362 -13.146310 3.328463 9.987659 18.135035 -2.800417 12.728621 -11.255752 -1.639661 -15.292350 6.652571 -6.630890 0.638633
2.312298 -15.517353 1.364140 -1.200887 29.212364 -10.183521 9.649433 6.857668 -6.287208 11.810946 -20.684605 3.870590 -0.212743 -22.363583 19.593052 4.298290 8.865314 -1.016968 -13.415137 3.434789 10.229136 18.581419 -2.601341 13.063991 -12.105966 -1.891922 -14.692563 5.725662 -7.184600 0.382111
3.897603 -9.085608 -1.444431 -2.646755 33.212204 -24.829416 10.162379 4.066539 -3.147124 15.111576 -24.746819 7.798919 1.692200 -16.874264 25.448774 2.196069 5.725375 -2.443232 -14.783064 5.332351 9.614549 20.952616 -4.821045 12.669913 -11.973526 -3.820709 -12.681177 5.604851 -9.205846 -2.470438
6.305861 -5.813793 -1.621719 -0.769189 37.349510 -22.944437 4.398204 4.526143 -1.796639 10.043676 -28.504745 7.491241 0.468513 -14.730186 23.692711 -0.030769 5.111655 -1.217676 -14.110502 7.066283 10.327345 20.867460 -7.547207 11.477187 -11.764371 -4.571044 -11.406306 5.208243 -9.457101 -4.071141
7.657236 -5.831695 0.405779 2.835336 37.017338 -21.509029 0.411762 7.070590 -1.002103 3.860656 -30.830423 5.265066 -0.271206 -15.233994 20.795778 -1.288511 3.361513 2.415246 -13.556207 7.613314 11.017502 19.272177 -10.902147 10.106417 -11.689018 -3.653577 -10.162072 4.279150 -8.322348 -5.152412
8.309105 -8.127804 1.951825 4.416697 35.086746 -16.840654 0.991128 7.064810 1.624550 -1.261825 -32.165340 1.729486 -2.222656 -17.224487 15.085585 -1.573690 2.623671 5.087369 -13.863168 6.849094 11.248245 18.209703 -14.087927 9.912346 -11.583551 -2.127100 -9.150487 2.881405 -6.963596 -5.983719
9.016087 -11.388415 4.057768 5.473975 34.186409 -13.352468 0.432776 7.130722 3.824298 -6.537102 -33.148624 -1.733289 -4.212380 -18.110758 11.204381 -0.852575 3.224240 8.255399 -12.316415 5.685688 10.924936 17.029074 -16.044708 9.654300 -10.781133 -1.961246 -8.531576 3.669152 -6.652836 -6.750583
11.119383 -14.544596 3.372956 6.907408 33.786911 -9.758373 -2.406700 8.697826 3.899528 -11.686525 -33.424198 -4.857434 -6.093068 -18.760948 8.442680 -1.943941 6.141745 9.649899 -10.767329 3.401254 10.438341 15.031200 -18.273899 9.791406 -9.183104 -2.181841 -7.702982 5.364336 -6.341935 -7.541863
11.332483 -16.372845 3.604308 8.371831 32.896614 -8.355825 -3.849430 9.513857 3.452647 -14.589687 -33.983753 -5.576063 -6.550397 -19.113113 6.489539 -2.028821 6.343285 9.922614 -10.529061 2.115211 10.331733 14.736836 -18.938477 9.743249 -8.473927 -2.139872 -7.407968 6.123413 -6.202588 -7.134108
11.082500 -16.369938 3.785690 8.341930 32.767891 -8.245342 -3.754474 9.482767 3.461771 -14.561548 -33.951252 -5.545409 -6.559446 -19.145277 6.248915 -1.973762 6.309532 9.780026 -10.580466 2.037518 10.275556 14.756598 -18.977034 9.762579 -8.389894 -2.102130 -7.392015 6.193650 -6.171897 -7.064852
11.844633 -16.478380 3.514632 8.481140 32.849491 -8.522868 -3.633472 9.404939 3.657864 -14.583702 -34.219112 -5.638182 -6.162592 -18.954794 6.536346 -1.929152 5.917042 9.920180 -10.724901 2.157975 10.355832 14.788854 -18.941254 10.072210 -8.641154 -2.253568 -7.328470 5.935182 -6.306968 -7.498021
12.963629 -16.713507 3.132308 9.044652 33.049484 -9.065599 -3.098561 9.143005 3.904920 -14.602895 -34.479389 -5.808374 -5.467727 -18.725071 7.127926 -1.756777 5.560528 10.013236 -10.938321 2.415692 10.412511 14.772493 -18.916460 10.572675 -8.967593 -2.399556 -7.326163 5.510178 -6.424607 -8.246784
14.368567 -16.890738 2.848909 9.549681 33.179554 -9.933427 -1.757072 8.760077 4.614459 -14.352194 -34.664471 -5.901498 -4.509622 -18.570620 7.992578 -1.602508 4.652158 10.305094 -11.196354 2.700159 10.480865 14.983043 -18.586643 11.237203 -9.524054 -2.431668 -7.367903 4.896591 -6.539526 -8.626074
15.422058 -17.047607 2.671270 9.805484 33.053310 -11.261079 0.112813 8.441224 5.239943 -13.522310 -34.299347 -5.968536 -3.784444 -18.456219 9.251788 -1.433849 3.517293 10.525168 -11.624084 3.276911 10.417176 15.347783 -18.052099 12.412433 -10.242058 -2.310670 -7.212993 4.116875 -6.619534 -9.118925
16.154896 -16.998964 2.595477 9.892388 32.904926 -11.986228 2.525981 7.847949 5.927643 -12.241920 -33.818920 -5.888990 -3.207366 -18.220432 10.948625 -1.526604 2.252319 11.225551 -12.026474 4.114363 10.463299 15.882862 -17.215864 13.627078 -10.832721 -2.176306 -7.181207 3.325674 -6.867131 -9.809696
17.486450 -17.082037 2.786396 10.450317 32.454895 -13.454556 4.603148 6.903959 6.694014 -10.938442 -33.322926 -6.198015 -2.374370 -18.227312 12.619325 -1.823223 1.321251 11.655766 -12.552517 5.077641 10.412392 16.188555 -16.405893 14.990631 -11.335656 -2.103253 -6.810943 2.850072 -7.066019 -10.212969
19.310579 -17.102985 3.953909 10.927663 32.246933 -14.450474 6.115477 5.363921 7.833099 -10.120481 -32.868572 -6.465658 -1.719687 -18.333668 14.229359 -2.498928 0.172207 12.330237 -13.014519 5.588181 10.587517 16.586405 -15.472479 16.215014 -11.490119 -2.155124 -6.661220 2.496040 -7.445932 -10.856755
20.684647 -17.134262 4.721969 11.512403 32.004173 -15.043010 7.280244 3.997248 8.567922 -9.473972 -32.574306 -6.250769 -1.010835 -18.127022 16.022415 -3.175802 -0.260464 12.461725 -13.441215 5.981928 10.730923 16.691435 -14.735224 17.256042 -11.663440 -2.153415 -6.540646 2.168845 -7.580564 -11.387491
21.447512 -17.342913 5.216347 12.092743 31.691774 -15.411494 7.808271 3.151581 8.878901 -9.293941 -32.018421 -6.161703 -0.772900 -18.111023 17.117764 -3.388545 -0.769452 12.406814 -13.623430 6.253710 10.953088 16.922735 -14.245516 17.786032 -11.761207 -2.125162 -6.486283 1.862120 -7.679669 -11.660667
21.547773 -17.341213 5.267440 12.157529 31.679543 -15.477514 7.867669 3.053336 8.908284 -9.247432 -31.898508 -6.108610 -0.765217 -18.074642 17.321331 -3.428010 -0.823353 12.348624 -13.636441 6.293862 10.996956 16.992453 -14.131626 17.854866 -11.785567 -2.132111 -6.502113 1.801020 -7.713534 -11.669279
21.548422 -17.342295 5.266831 12.160769 31.679958 -15.479596 7.867336 3.049112 8.904809 -9.245380 -31.898087 -6.106596 -0.761236 -18.071648 17.318729 -3.432698 -0.816033 12.349862 -13.634985 6.290328 10.997665 16.992189 -14.132431 17.853163 -11.783765 -2.132457 -6.501792 1.801410 -7.713438 -11.669863
21.548681 -17.340662 5.267203 12.160585 31.680271 -15.477089 7.865855 3.050368 8.905331 -9.246829 -31.898083 -6.107950 -0.762008 -18.072670 17.321136 -3.431961 -0.818401 12.350973 -13.635501 6.290854 10.997709 16.991896 -14.133396 17.853193 -11.783270 -2.132792 -6.501210 1.802576 -7.713446 -11.669735
21.548792 -17.340963 5.266909 12.160686 31.680271 -15.476826 7.865781 3.050360 8.905169 -9.246988 -31.897383 -6.107239 -0.762193 -18.072901 17.320999 -3.431683 -0.818878 12.350352 -13.635686 6.291033 10.997709 16.991896 -14.133396 17.853193 -11.783270 -2.132792 -6.501210 1.802576 -7.713446 -11.669735
21.548792 -17.340963 5.266909 12.160686 31.680271 -15.476826 7.865781 3.050360 8.905169 -9.246988 -31.898083 -6.107950 -0.762008 -18.072670 17.321136 -3.431961 -0.818401 12.350973 -13.635501 6.290854 10.997709 16.991896 -14.133396 17.853193 -11.783270 -2.132792 -6.501210 1.802576 -7.713446 -11.669735
21.549377 -17.341957 5.265665 12.163261 31.681297 -15.479967 7.866780 3.051063 8.904065 -9.247156 -31.897022 -6.107704 -0.760932 -18.071901 17.319653 -3.432732 -0.816262 12.350694 -13.634661 6.290806 10.992489 17.000845 -14.119102 17.860754 -11.783824 -2.125869 -6.508282 1.799508 -7.710596 -11.662919
21.549166 -17.341818 5.265954 12.163199 31.681034 -15.480678 7.867113 3.051194 8.904401 -9.247205 -31.897690 -6.108148 -0.760892 -18.071552 17.319939 -3.433045 -0.815731 12.351192 -13.634427 6.290527 10.993803 17.000994 -14.119549 17.860991 -11.783661 -2.125261 -6.508190 1.799130 -7.709752 -11.662194
20.279020 -16.669016 6.036599 11.650517 34.550617 -8.272194 4.149709 1.466261 10.653628 -6.800977 -29.114777 -10.132074 -0.265096 -17.986242 16.419851 4.968311 -2.198406 10.424369 -9.351011 8.267616 5.548153 14.003284 -12.423483 17.437681 -14.038259 -0.799564 -9.146566 1.354470 -9.063748 -12.903215
20.279020 -16.669016 6.036599 11.650517 34.550617 -8.272194 4.149709 1.466261 10.653628 -6.800977 -29.114777 -10.132074 -0.265096 -17.986242 16.419851 4.968311 -2.198406 10.424369 -9.351011 8.267616 5.548153 14.003284 -12.423483 17.437681 -14.038259 -0.799564 -9.146566 1.354470 -9.063748 -12.903215
20.279020 -16.669016 6.036599 11.650517 34.550617 -8.272194 4.149709 1.466261 10.653628 -6.800977 -29.114777 -10.132074 -0.265096 -17.986242 16.419851 4.968311 -2.198406 10.424369 -9.351011 8.267616 5.548153 14.003284 -12.423483 17.437681 -14.038259 -0.799564 -9.146566 1.354470 -9.063748 -12.903215
21.063528 -14.955905 6.099229 11.373978 33.808300 -9.279949 5.291666 0.781098 8.967011 -8.457975 -27.928770 -7.173059 -1.333998 -20.891544 15.133822 -0.370200 -2.740420 10.294689 -13.494407 10.175858 8.416315 14.446855 -12.340884 17.293116 -13.847021 -3.799066 -8.584449 2.387542 -8.381759 -12.282928
21.034822 -15.024935 6.049570 11.567423 33.522305 -9.437531 5.524570 0.784126 8.713642 -8.733286 -27.957458 -7.051158 -1.409936 -20.824699 15.073296 -0.365989 -2.790839 10.260398 -13.548594 10.169378 8.371726 14.625710 -12.308995 17.405069 -13.865809 -3.972319 -8.761315 2.234787 -8.731811 -12.032926
21.031050 -15.030682 6.050535 11.571850 33.520546 -9.436176 5.526413 0.786242 8.713326 -8.732899 -27.958073 -7.052087 -1.409780 -20.824425 15.074216 -0.363493 -2.791093 10.260371 -13.545848 10.168938 8.366602 14.630824 -12.306355 17.408913 -13.863256 -3.972327 -8.769167 2.231002 -8.744725 -12.029961
21.032532 -15.029789 6.050354 11.571445 33.517876 -9.434965 5.527789 0.785230 8.711026 -8.736308 -27.957911 -7.051022 -1.408157 -20.822525 15.073586 -0.364844 -2.789902 10.258897 -13.550108 10.168727 8.361502 14.628712 -12.307711 17.408875 -13.864955 -3.969749 -8.772580 2.226338 -8.745982 -12.029490
21.031649 -15.029842 6.051520 11.572151 33.516731 -9.435249 5.528632 0.785663 8.710231 -8.737488 -27.959591 -7.050776 -1.407210 -20.823404 15.070547 -0.365994 -2.788537 10.260327 -13.550851 10.167696 8.362576 14.626590 -12.308739 17.407804 -13.864482 -3.968794 -8.774098 2.225960 -8.745021 -12.028757
21.031649 -15.029842 6.051520 11.572151 33.516731 -9.435249 5.528632 0.785663 8.710231 -8.737488 -27.959591 -7.050776 -1.407210 -20.823404 15.070547 -0.365994 -2.788537 10.260327 -13.550851 10.167696 8.362576 14.626590 -12.308739 17.407804 -13.864482 -3.968794 -8.774098 2.225960 -8.745021 -12.028757
21.031649 -15.029842 6.051520 11.572151 33.516731 -9.435249 5.528632 0.785663 8.710231 -8.737488 -27.959591 -7.050776 -1.407210 -20.823404 15.070547 -0.365994 -2.788537 10.260327 -13.550851 10.167696 8.362576 14.626590 -12.308739 17.407804 -13.864482 -3.968794 -8.774098 2.225960 -8.745021 -12.028757
21.031649 -15.029842 6.051520 11.572151 33.516731 -9.435249 5.528632 0.785663 8.710231 -8.737488 -27.959591 -7.050776 -1.407210 -20.823404 15.070547 -0.365994 -2.788537 10.260327 -13.550851 10.167696 8.362576 14.626590 -12.308739 17.407804 -13.864482 -3.968794 -8.774098 2.225960 -8.745021 -12.028757
21.031649 -15.029842 6.051520 11.572151 33.516731 -9.435249 5.528632 0.785663 8.710231 -8.737488 -27.959591 -7.050776 -1.407210 -20.823404 15.070547 -0.365994 -2.788537 10.260327 -13.550851 10.167696 8.362576 14.626590 -12.308739 17.407804 -13.864482 -3.968794 -8.774098 2.225960 -8.745021 -12.028757
21.031649 -15.029842 6.051520 11.572151 33.516731 -9.435249 5.528632 0.785663 8.710231 -8.737488 -27.959591 -7.050776 -1.407210 -20.823404 15.070547 -0.365994 -2.788537 10.260327 -13.550851 10.167696 8.362576 14.626590 -12.308739 17.407804 -13.864482 -3.968794 -8.774098 2.225960 -8.745021 -12.028757
