0.268830 -6.147069 -3.197991 -12.613105 19.121475 -6.363364 16.661694 -10.182874 -11.452315 -12.271393 -18.582764 -1.872040 -11.691951 2.712834 12.605371 11.460148 13.235743 -5.248951 -17.719568 10.379886 3.187133 2.971446 2.487202 3.683877 -25.091518 2.874542 -2.502812 15.895601 1.754363 4.613094
0.150930 -6.199531 -3.343269 -12.719512 19.176392 -6.424072 16.553032 -10.242535 -11.391076 -12.361380 -18.647432 -1.738690 -11.870295 2.891377 12.632201 11.462690 13.436131 -5.277095 -17.591753 10.513474 3.107634 2.976898 2.370093 3.660599 -25.171024 2.843736 -2.392746 15.889435 1.760214 4.689512
-0.112408 -6.260405 -3.594572 -12.972870 19.242863 -6.641456 16.412525 -10.503193 -11.227431 -12.446159 -18.709991 -1.531546 -12.129535 3.191456 12.705812 11.539717 13.792090 -5.364842 -17.390673 10.774732 2.989401 3.111234 2.198494 3.611066 -25.396254 2.773340 -2.222449 15.767933 1.706226 4.748797
-0.436742 -6.331301 -3.883992 -13.342434 19.239159 -6.917549 16.176964 -10.696417 -10.984797 -12.721369 -18.889839 -1.239194 -12.449597 3.597364 12.765677 11.549072 14.270751 -5.427593 -17.123531 11.016103 2.824404 3.220329 1.994228 3.555570 -25.594604 2.700719 -2.019151 15.721127 1.667099 4.890747
-0.832933 -6.335592 -4.015363 -13.605846 19.156178 -7.215332 15.945364 -10.857893 -10.788583 -13.093221 -19.199129 -0.909678 -12.711492 4.170359 12.879077 11.586994 14.913346 -5.519026 -16.778900 11.401278 2.717280 3.309576 1.742762 3.459548 -25.801035 2.630510 -1.896423 15.602157 1.640388 4.933744
-1.276158 -6.221323 -3.931078 -13.857910 18.953979 -7.592959 15.616091 -10.771354 -10.647616 -13.540248 -19.494572 -0.567275 -13.069167 4.692644 12.943414 11.538706 15.428137 -5.564099 -16.450136 11.853518 2.556604 3.205530 1.252221 3.405917 -25.950369 2.547256 -1.664072 15.547920 1.677683 5.123577
-1.731092 -6.136866 -3.675372 -14.075506 18.749439 -7.897221 15.185920 -10.628455 -10.460935 -14.065086 -19.607880 -0.303538 -13.509933 4.945222 13.027236 11.319870 15.755889 -5.488920 -16.227270 12.223087 2.348759 3.044821 0.631249 3.319769 -26.104774 2.519950 -1.420690 15.409504 1.749666 5.434840
-2.207198 -6.107436 -3.294427 -14.477286 18.320938 -8.083740 14.658449 -10.092906 -10.240088 -14.710539 -20.014723 0.063344 -13.952147 5.388067 12.999197 10.991423 16.176250 -5.128325 -15.923320 12.621520 2.108870 2.791407 -0.069012 3.121658 -26.270304 2.471046 -1.210298 15.284777 1.849174 5.770815
-2.582018 -5.880237 -2.938239 -14.926170 18.018772 -8.286049 14.104148 -9.668400 -9.945086 -15.264394 -20.501747 0.454685 -14.729793 5.961806 12.787017 10.564180 16.421829 -4.609826 -15.543009 12.862432 1.926576 2.599126 -0.730887 2.904610 -26.512768 2.399400 -1.020965 15.124754 1.973395 6.092586
-2.751951 -5.876297 -2.859808 -15.536568 17.903971 -8.252523 13.569907 -9.290218 -9.642814 -15.728034 -20.635864 0.655295 -15.302413 6.226223 12.653979 10.323962 16.454885 -4.118600 -15.291627 13.026443 1.706789 2.219002 -1.380760 2.686630 -26.724545 2.314961 -0.763143 15.066078 2.160345 6.411279
-2.808527 -5.703860 -2.886506 -16.039288 18.053698 -8.313534 12.757142 -8.840152 -9.483708 -16.062788 -21.004559 0.872796 -15.928512 6.501351 12.287968 10.059517 16.224716 -3.448110 -15.048184 13.333086 1.525046 1.894704 -1.983762 2.364880 -26.811558 2.272034 -0.564498 15.045447 2.316301 6.618012
-2.809250 -5.676290 -2.978375 -16.675896 18.003719 -8.360991 11.956505 -8.291166 -9.236196 -16.498777 -21.309624 1.077000 -16.455414 6.582825 11.816140 9.778864 15.856418 -2.725621 -14.897304 13.544713 1.379227 1.479941 -2.693141 1.916607 -26.867037 2.308222 -0.500814 14.953292 2.501606 6.845012
-2.681207 -5.617543 -3.115608 -17.263403 17.962730 -8.269595 11.244541 -7.669685 -9.086190 -16.893713 -21.686447 1.167392 -16.998676 6.524997 11.273098 9.244324 15.453506 -1.878226 -14.796971 13.644903 1.321269 1.163344 -3.100610 1.600306 -26.817135 2.367313 -0.453025 15.016591 2.682672 7.261484
-2.626545 -5.611014 -3.301903 -17.584986 17.979057 -8.049631 10.777777 -7.092802 -9.101834 -17.173304 -21.908421 1.197595 -17.331894 6.479465 10.935099 8.905234 15.098294 -1.262052 -14.790555 13.504681 1.230731 0.814860 -3.520575 1.430488 -26.736624 2.421104 -0.334645 15.063667 2.761627 7.580712
-2.443965 -5.656652 -3.504537 -17.879749 17.959646 -7.862386 10.298378 -6.694505 -9.059059 -17.513124 -21.904049 1.253048 -17.802303 6.239464 10.610060 8.611814 14.695172 -0.664549 -14.758330 13.547854 1.118180 0.562343 -3.866767 1.290339 -26.747803 2.425477 -0.153156 15.119741 2.819487 7.923526
-2.348985 -5.585444 -3.645498 -18.066923 17.972727 -7.951264 9.944781 -6.293892 -9.070887 -17.744284 -21.868341 1.230164 -18.194191 5.994504 10.267817 8.380938 14.155766 -0.103886 -14.778866 13.492404 1.116089 0.426737 -4.173814 1.111344 -26.712141 2.486347 -0.102657 15.069234 2.893006 8.147738
-2.453202 -5.583052 -3.629084 -18.207117 17.910069 -7.948008 9.715029 -5.977745 -9.051221 -18.017004 -21.892891 1.227965 -18.535418 5.932107 10.009691 8.222582 13.855508 0.311712 -14.731091 13.408876 1.173080 0.268121 -4.325741 0.979059 -26.665480 2.552463 -0.152960 15.030396 2.956046 8.330471
-2.459449 -5.602157 -3.628440 -18.328369 17.851721 -7.950839 9.523333 -5.750959 -8.981455 -18.210608 -21.877405 1.225686 -18.752285 5.876161 9.855354 8.146474 13.613139 0.568979 -14.717016 13.347123 1.157324 0.062030 -4.495043 0.917261 -26.619328 2.589329 -0.119165 15.058898 3.016937 8.549080
-2.462190 -5.590125 -3.611437 -18.383677 17.832630 -7.981049 9.405416 -5.557643 -8.928564 -18.297510 -21.922665 1.219783 -18.851128 5.826552 9.749686 8.078564 13.489717 0.740474 -14.709960 13.267594 1.149730 -0.047563 -4.590414 0.890090 -26.573570 2.619103 -0.108587 15.074059 3.054155 8.645304
-2.462633 -5.567061 -3.596622 -18.413034 17.841785 -7.989172 9.360273 -5.542488 -8.902043 -18.323442 -21.918655 1.206629 -18.896770 5.811018 9.717999 8.056162 13.442486 0.787575 -14.715017 13.228881 1.132716 -0.077910 -4.643223 0.878383 -26.569469 2.621168 -0.093376 15.076382 3.061974 8.693663
-2.326713 -5.301137 -3.612494 -18.264194 18.122444 -8.109003 9.303749 -5.695080 -8.965680 -18.104345 -22.156399 1.119051 -18.436165 5.775113 9.744025 8.112612 13.610866 0.559149 -14.775915 13.335549 1.271022 0.139422 -4.500396 0.731938 -26.637070 2.563580 -0.274148 14.985770 2.980900 8.385687
-1.529371 -4.764353 -3.985624 -17.838800 18.953291 -8.280857 9.055380 -6.180783 -9.225530 -17.385029 -22.960691 0.993632 -17.280884 5.856613 9.629518 8.300978 13.882087 0.078333 -14.919969 13.511604 1.608737 0.735426 -4.156858 0.457144 -26.824715 2.483151 -0.720119 14.604841 2.753829 7.546855
-0.414129 -3.931049 -4.705091 -17.236963 20.208784 -8.988068 8.912798 -7.025179 -9.441726 -16.354746 -23.740288 0.978863 -15.092166 5.472466 9.881880 8.516233 13.881542 -0.840199 -15.581647 14.188812 2.423737 1.863238 -3.460807 0.133979 -26.994331 2.469318 -1.387154 13.987223 2.580391 6.443598
0.554419 -2.764396 -5.210180 -15.879900 21.708252 -9.529508 9.395683 -8.134047 -10.298809 -14.706636 -24.124470 0.767719 -12.343421 4.643841 10.135192 9.167882 13.364945 -1.463104 -16.475948 14.836402 3.541768 4.380966 -2.011577 0.036295 -27.203175 2.771719 -2.430065 12.697957 2.112229 4.492719
1.183291 -1.285298 -5.037671 -13.357695 23.198881 -9.800949 10.258056 -8.654596 -11.980386 -12.655807 -23.666702 -0.082799 -9.056334 3.228058 11.471894 9.468773 13.042607 -1.686557 -17.644537 15.492781 4.915377 7.097167 -0.289135 0.537691 -26.763195 3.600217 -3.436991 11.285460 1.576580 2.765007
3.753764 -0.953138 -5.390288 -9.963627 23.595566 -11.825127 10.730974 -7.227716 -14.236525 -10.706921 -23.202166 0.106973 -6.239452 2.414705 14.261723 9.336449 9.269645 -1.049826 -19.295500 15.199762 6.656125 9.993512 0.008304 1.661888 -25.293730 6.004963 -4.859683 9.013475 2.108206 1.138573
8.436569 -1.357810 -6.065139 -6.548460 22.546513 -15.154415 12.253471 -5.140426 -15.792937 -9.552054 -25.122723 0.874864 -1.774657 1.560189 16.538231 8.393988 1.708821 2.188464 -21.486721 11.679970 7.718493 13.865862 -0.643860 3.975432 -22.539009 8.395425 -5.099641 7.228105 2.582948 -1.151129
13.794092 -0.280742 -5.859549 -3.862051 22.168287 -17.138050 13.551679 -4.591716 -16.169823 -8.291592 -23.156656 -1.195449 1.010817 -0.512436 21.128954 5.705738 -0.041070 4.436917 -23.300776 9.956193 7.395318 15.657001 -0.126950 8.374125 -20.682884 9.643924 -3.581818 6.041314 2.201591 -3.048217
17.067755 0.872962 -6.788453 -3.061128 22.489590 -19.247103 15.779563 -3.143384 -16.822269 -5.338354 -20.826710 -1.768965 1.641042 -0.572708 26.074802 3.433935 1.674886 3.820780 -24.534052 7.279832 6.752342 15.415025 0.738062 12.313458 -19.691326 8.770463 -2.714274 6.720922 1.321458 -6.105067
20.276812 1.462659 -7.767203 -2.778586 22.621567 -19.011780 19.372509 -1.185963 -17.416441 -1.077823 -17.001503 -1.797936 1.584002 -0.955073 30.805336 0.453086 3.136081 3.222818 -26.010820 4.927681 5.577472 14.192753 1.442222 14.931223 -19.298695 8.089767 -2.983639 6.935491 1.088889 -8.653189
21.066015 -0.314061 -7.613981 -1.257722 20.847879 -19.314138 24.053440 -0.307203 -18.099819 1.162075 -13.034395 -1.820096 0.426925 -2.181093 34.005352 -2.840554 4.514156 3.053817 -27.621494 2.473174 4.648467 10.526254 1.777540 18.402296 -20.582876 8.317304 -2.974597 6.910077 1.354852 -8.240295
19.969671 -3.703401 -7.215907 -0.379118 17.923231 -21.107306 28.664165 -1.996760 -17.784962 1.897489 -10.404551 -1.351836 -2.023277 -3.162261 35.126637 -4.137454 3.533358 3.136181 -28.585711 0.469804 4.535336 6.797242 2.332105 20.491596 -22.247522 9.520685 -4.428116 5.277063 2.910797 -6.344820
18.668856 -7.608355 -6.999815 -1.175853 14.473888 -20.535799 31.372795 -3.598499 -17.135223 1.293440 -8.206692 0.860886 -5.865017 -2.249915 35.618839 -3.928426 2.223685 2.487240 -27.624640 -0.695683 4.820985 2.951140 2.665481 21.484793 -22.851246 10.842953 -5.764297 4.569043 4.397231 -4.354809
16.210844 -11.010939 -6.182630 -2.699276 11.031692 -19.573347 33.241093 -5.502794 -16.098156 0.405501 -5.504528 3.505847 -9.780505 -0.850093 37.173054 -2.958781 0.702365 2.578433 -25.980795 -1.099822 4.271914 -0.242259 4.622818 20.014978 -22.917889 10.884730 -8.141574 6.396432 5.330653 -1.900477
13.267212 -13.083170 -5.593608 -3.702411 9.001287 -19.212320 35.038826 -6.197381 -15.913428 0.465239 -4.028876 4.658321 -12.200465 -0.541709 37.875713 -2.789578 -0.008696 3.136343 -25.148462 -1.682089 3.661752 -3.082228 7.481562 18.371103 -23.064049 11.103020 -11.146909 8.223416 6.341226 1.973489
10.884779 -14.177005 -4.834832 -4.498942 7.766780 -19.598988 36.116600 -6.015097 -15.680548 0.405941 -3.024723 5.335346 -14.418719 -0.125535 38.653393 -2.977204 -0.037299 3.774080 -24.422426 -1.962398 3.363254 -6.091687 9.123804 17.672262 -23.289305 11.754308 -13.035153 9.147884 7.385010 5.566865
8.790099 -14.771961 -4.166682 -4.717729 7.235595 -20.539629 37.464691 -5.532900 -15.913478 0.565624 -2.441208 5.852366 -16.770546 0.529094 38.559109 -2.850026 -0.099912 4.688158 -23.425333 -2.192550 3.140471 -7.952304 9.893507 16.468840 -23.387724 11.661088 -13.991437 10.755419 8.113414 8.034206
7.526402 -15.208249 -4.007755 -4.819069 6.630214 -21.410244 38.501812 -5.090806 -15.942761 0.772788 -1.743335 6.009685 -18.590157 0.823110 38.385853 -2.911622 0.131615 5.725607 -22.609316 -2.036622 3.106014 -8.645340 9.798265 15.757408 -23.081177 11.547627 -14.093007 11.510138 8.514518 9.065417
6.614232 -15.571478 -3.979964 -4.955712 6.228282 -21.714411 38.978638 -4.709676 -16.033424 0.738907 -1.057663 5.938555 -19.801846 0.959678 38.383656 -3.116046 0.340987 6.463637 -22.059589 -1.725482 3.123516 -8.936744 10.187788 14.999792 -22.726715 11.237029 -14.150129 12.533951 8.679547 10.030760
6.321348 -15.676235 -3.950869 -5.010101 6.066145 -21.779917 39.026154 -4.551219 -16.026377 0.646406 -0.869480 5.818489 -20.169083 0.938525 38.271423 -3.065578 0.352184 6.757092 -21.886015 -1.561314 3.109707 -8.942924 10.270540 14.819667 -22.555786 11.130688 -14.059646 12.857226 8.679717 10.212452
6.270160 -15.642546 -3.905185 -5.063714 6.057362 -21.845472 39.096577 -4.528473 -15.983117 0.689496 -0.832610 5.787686 -20.188278 0.935638 38.288376 -3.069873 0.361216 6.768252 -21.875166 -1.543699 3.137020 -8.929696 10.253942 14.803033 -22.511694 11.163778 -14.060561 12.866693 8.704959 10.237675
6.183528 -15.648317 -3.797389 -5.134924 5.996847 -21.851063 39.264954 -4.439926 -15.918481 0.741346 -0.689164 5.665155 -20.299721 0.895958 38.249256 -3.081343 0.403731 6.877319 -21.810793 -1.454033 3.259942 -8.983330 10.256592 14.694018 -22.364906 11.263757 -14.073586 12.967371 8.820348 10.430248
6.083428 -15.651294 -3.579610 -5.238285 5.915647 -21.880777 39.532295 -4.317850 -15.805991 0.817483 -0.406038 5.384468 -20.512955 0.738002 38.169109 -3.113756 0.429696 7.191605 -21.710028 -1.249604 3.390038 -8.911230 10.239984 14.475831 -22.117523 11.318110 -14.061174 13.221287 8.900202 10.563292
5.944681 -15.784318 -3.336612 -5.329492 5.699613 -21.806562 39.948158 -4.155020 -15.699578 0.861093 -0.124400 5.057657 -20.797104 0.524517 37.914021 -3.171333 0.456336 7.568291 -21.561455 -1.087384 3.546557 -9.009862 10.166372 14.295767 -21.894875 11.431872 -14.029312 13.523373 9.051320 10.803279
5.796246 -15.912378 -2.970446 -5.405727 5.474305 -21.705019 40.496384 -3.977523 -15.578208 0.939614 0.225412 4.741513 -21.282831 0.307163 37.557087 -3.187554 0.495257 8.014806 -21.329020 -0.879357 3.716847 -8.835837 10.274817 13.934987 -21.297794 11.451412 -13.930301 14.223592 9.158280 10.956196
5.585674 -16.009993 -2.565614 -5.488744 5.236485 -21.495501 40.939514 -3.861498 -15.418343 0.958979 0.623054 4.433162 -21.872078 0.025445 37.184608 -3.152724 0.499901 8.459539 -21.118057 -0.666920 3.766902 -8.845014 10.189831 13.741575 -20.785988 11.594220 -13.747699 14.787022 9.357138 11.209869
5.334319 -16.253265 -2.179358 -5.474128 4.886949 -21.070337 41.414165 -3.687785 -15.330080 0.846971 1.062261 3.982758 -22.459335 -0.457871 36.729809 -3.164999 0.471426 9.054928 -20.938189 -0.437134 3.819008 -8.719453 10.146926 13.565660 -19.990997 11.729913 -13.407077 15.556927 9.527881 11.355482
5.104506 -16.562441 -1.624778 -5.389307 4.391998 -20.451212 42.010342 -3.460364 -15.186125 0.656001 1.517351 3.532397 -23.020504 -1.003986 36.175308 -3.215230 0.423866 9.704295 -20.791349 -0.185036 3.828899 -8.611059 9.908239 13.725579 -19.187975 12.062253 -13.016704 16.194981 9.758356 11.330413
4.869372 -16.856256 -1.118408 -5.348379 3.863431 -19.541101 42.532700 -3.303512 -14.992929 0.460104 1.948518 2.835281 -23.683109 -1.713546 35.237160 -3.202738 0.314208 10.666833 -20.639521 0.087968 3.767800 -8.339056 9.562750 13.818871 -18.286095 12.236548 -12.408609 16.918816 9.889996 11.040135
4.629784 -17.099802 -0.799026 -5.438270 3.423235 -18.664900 42.800034 -3.078712 -14.840938 0.228241 2.318831 2.340846 -24.432333 -2.345162 34.431805 -3.139938 0.276153 11.606187 -20.451643 0.282317 3.649643 -7.958306 9.239278 13.781106 -17.339563 12.294464 -11.844770 17.889832 10.021046 10.618389
4.495709 -17.458513 -0.681262 -5.528157 2.914793 -17.718346 42.932510 -2.698147 -14.749018 -0.093097 2.710070 1.815561 -25.216625 -2.948452 33.573494 -3.197006 0.331472 12.773232 -20.144049 0.435320 3.492100 -7.785275 8.745088 13.818851 -16.636711 12.403008 -11.274462 18.832382 10.152113 10.296992
4.353492 -17.953100 -0.771862 -5.536060 2.424139 -16.705441 42.995983 -2.242234 -14.861074 -0.475628 2.905388 1.547762 -25.869576 -3.302145 32.910007 -3.267517 0.293183 13.887027 -19.796377 0.468676 3.389960 -8.001903 7.916433 14.091863 -16.172127 12.655975 -10.684514 19.201118 10.400725 10.026912
4.239780 -18.270899 -0.782730 -5.674468 2.097894 -15.760015 42.889297 -1.750396 -14.942025 -0.848797 2.992049 1.297695 -26.420555 -3.735622 32.169617 -3.153436 0.115831 14.797478 -19.582626 0.575233 3.391662 -8.438743 7.368257 14.667225 -15.855322 13.032651 -10.168466 19.215397 10.666863 9.963734
4.141931 -18.545858 -0.772011 -5.730082 1.791752 -15.018040 42.703979 -1.305982 -15.069904 -1.242480 3.066438 1.143878 -26.894403 -4.162919 31.343746 -3.036970 -0.000774 15.601838 -19.357559 0.641192 3.279641 -8.693774 6.982361 15.226578 -15.724515 13.223250 -9.633464 19.023258 10.741101 10.003186
4.090107 -18.831842 -0.670286 -5.789013 1.449879 -14.433434 42.424530 -0.909395 -15.178688 -1.675393 3.109554 1.021532 -27.280426 -4.535102 30.549454 -2.907264 -0.041698 16.157436 -19.164480 0.660766 3.170971 -8.882721 6.596717 15.590330 -15.517006 13.406446 -9.197593 18.889664 10.814898 10.011126
4.076333 -19.040697 -0.418257 -5.863264 1.171915 -13.929558 42.115257 -0.567653 -15.254695 -2.089660 3.080408 0.945460 -27.548294 -4.804819 29.967670 -2.757241 -0.118459 16.571720 -19.042282 0.681169 3.148388 -8.942379 6.194352 15.804196 -15.373678 13.501874 -8.804687 18.735350 10.844979 9.954292
4.011401 -19.169481 -0.135819 -5.903711 0.942777 -13.543653 41.756355 -0.219253 -15.325008 -2.517824 2.963558 0.936404 -27.687973 -5.010835 29.386120 -2.567251 -0.152651 16.723484 -18.963570 0.618363 3.094894 -9.091432 5.890233 15.990163 -15.338920 13.572827 -8.556215 18.608704 10.873116 9.994053
3.958615 -19.240786 0.069429 -5.925097 0.826922 -13.221682 41.484310 0.054631 -15.399613 -2.810570 2.876377 0.899116 -27.689739 -5.186992 28.928165 -2.454826 -0.150408 16.778971 -18.943258 0.570410 3.067256 -9.203324 5.803984 16.072172 -15.345078 13.566731 -8.416728 18.602356 10.848683 10.009256
3.846965 -19.218487 0.222633 -5.971631 0.779393 -13.057006 41.325264 0.253296 -15.432267 -2.966980 2.799423 0.893960 -27.742138 -5.305744 28.614037 -2.326556 -0.199215 16.844900 -18.915594 0.535421 3.047495 -9.228296 5.674800 16.077360 -15.313575 13.548970 -8.316885 18.580933 10.838177 9.914386
3.836615 -19.212221 0.255387 -5.983176 0.778107 -13.025270 41.283443 0.292735 -15.442866 -2.995713 2.800653 0.903011 -27.770170 -5.325372 28.562317 -2.300378 -0.224052 16.870571 -18.902441 0.523121 3.035102 -9.228678 5.634046 16.083538 -15.299620 13.541158 -8.283775 18.588243 10.829005 9.880180
3.931105 -19.261286 0.233513 -5.968079 0.760014 -12.975288 41.323830 0.228731 -15.432260 -2.955694 2.792216 0.827515 -27.668919 -5.395122 28.587305 -2.314742 -0.228556 16.907345 -18.962776 0.575251 3.083589 -9.273752 5.606219 16.153374 -15.286777 13.574952 -8.279646 18.533497 10.849214 9.802641
4.259501 -19.421303 0.155915 -5.926714 0.727083 -12.919144 41.487831 -0.005351 -15.386137 -2.779670 2.849873 0.598692 -27.433985 -5.661860 28.802517 -2.363332 -0.336700 17.096981 -19.159113 0.764489 3.237281 -9.398281 5.585734 16.344782 -15.273850 13.702159 -8.340695 18.392511 10.906257 9.677266
4.885857 -19.544586 0.235428 -5.746720 0.741968 -12.845133 41.794224 -0.417777 -15.276777 -2.435630 2.913523 0.364927 -27.075174 -5.972536 29.154350 -2.413062 -0.492514 17.288952 -19.394609 1.059208 3.473317 -9.492909 5.588922 16.757240 -15.294087 13.873855 -8.356724 18.165474 10.928571 9.366229
5.825063 -19.674940 0.438553 -5.424469 0.915367 -12.653223 42.131012 -1.063219 -15.195315 -1.945817 2.979974 0.077772 -26.358084 -6.510051 29.537125 -2.537814 -0.612024 17.311136 -19.766232 1.497445 3.799192 -9.703947 5.735058 17.337816 -15.407901 14.127879 -8.524781 17.784687 10.961715 9.003027
7.000072 -19.574562 0.679115 -5.077703 1.253196 -12.540897 42.425316 -1.904068 -15.071157 -1.227474 3.053202 -0.049573 -25.348053 -6.923772 30.218615 -2.713541 -0.605894 16.919262 -20.193460 1.957128 4.196105 -9.960421 6.103524 17.869249 -15.705022 14.353500 -8.744298 17.258163 10.987247 8.898592
8.291123 -19.312056 1.119994 -4.725152 1.762035 -12.653982 42.702324 -2.579540 -15.056527 -0.332194 2.993446 -0.241016 -23.862946 -7.426048 31.108337 -3.000813 -0.298846 16.308311 -20.776299 2.425321 4.461744 -9.915093 6.320421 18.612070 -15.815512 14.377178 -8.688726 16.648777 10.800860 8.189199
9.794249 -18.849337 1.730955 -4.074969 2.159383 -13.055362 43.189552 -3.012596 -15.037833 0.721644 2.828462 -0.375141 -21.949417 -7.840456 32.193577 -3.223926 -0.272107 15.681993 -21.446459 3.203911 4.862009 -9.697885 6.282993 19.297434 -16.154947 14.552195 -8.654139 15.361861 10.523417 7.394095
10.838999 -18.134958 2.383922 -3.134770 2.733819 -13.823215 43.314224 -3.653798 -15.153735 1.535578 2.482413 -0.358019 -20.084261 -8.234407 33.129887 -3.413580 -0.367111 15.101873 -22.095572 3.851886 5.539213 -8.603294 6.535746 19.970976 -16.807491 14.540477 -8.734117 13.566144 9.836870 6.159416
11.558325 -17.170994 2.949520 -2.015356 3.517946 -13.972761 43.008846 -4.092187 -15.687046 2.144880 1.956446 -0.167931 -18.008007 -8.591760 33.879917 -3.426015 -0.565512 14.360687 -22.810221 4.362714 6.261387 -7.640217 6.989270 20.818724 -17.870728 14.579799 -9.080620 11.502985 9.093158 5.264921
12.153500 -15.867024 3.580667 -0.635936 4.581429 -13.542580 42.465412 -4.164881 -16.531830 2.630148 1.258724 0.074063 -15.853478 -9.217597 33.990032 -2.758192 -0.862044 13.356468 -23.439535 4.992560 6.888991 -6.519934 7.375326 21.008900 -18.665997 14.366260 -9.503093 9.937928 8.241416 4.000526
12.600903 -14.318801 3.732964 0.857349 5.976027 -12.773510 41.662003 -4.130611 -17.741856 3.063069 0.044854 0.499572 -14.216172 -8.923687 33.758892 -1.920901 -0.754000 12.230474 -23.692541 5.043156 7.128887 -5.144853 7.332387 20.697058 -19.308355 14.117248 -9.697665 8.666836 7.251287 2.739506
12.456524 -13.192242 3.708148 1.796700 7.035995 -11.518496 40.518436 -4.565040 -18.773436 2.899534 -0.831229 0.693714 -12.463424 -8.710416 33.372501 -1.068221 -0.773770 11.396838 -23.859945 5.528179 7.131980 -4.750449 7.152313 20.741831 -20.384371 14.332891 -9.647222 7.199980 6.612957 2.568217
12.386747 -12.364065 3.673789 2.017222 7.890266 -10.524617 38.847576 -5.346080 -18.756424 2.076649 -1.449780 0.650880 -10.499136 -8.415914 32.417164 0.352850 -0.964071 10.017251 -23.883154 6.189964 6.863039 -3.719674 6.810095 20.396210 -21.248220 14.093107 -9.515079 5.871566 6.007544 1.986024
12.525017 -11.344282 3.255005 0.949389 8.967264 -10.357367 37.325119 -6.586615 -18.045551 2.164837 -2.696578 0.518878 -8.862152 -8.238114 30.318958 1.866011 -1.124959 9.062214 -23.739187 6.558174 6.732529 -1.828595 6.531025 19.968748 -21.158173 13.619187 -8.991313 5.749757 5.339522 0.606539
21.978498 -0.942929 2.969030 -7.714411 9.225464 -4.892164 30.140244 -4.925491 -15.228454 -12.390776 -4.180356 -5.931886 -10.877053 -13.268388 18.244513 4.637106 -3.801216 0.859186 -26.369028 13.339358 6.062273 -1.732452 6.076123 9.998452 -18.793339 10.973313 -8.701067 14.762936 4.847085 -4.346316
21.182474 -0.057374 2.772514 -8.524721 10.526338 -4.763989 28.173899 -5.330389 -15.323113 -12.800183 -5.611875 -5.809955 -9.548908 -12.927659 16.845676 5.406898 -3.129945 -0.426238 -26.324549 13.377500 5.881295 0.199729 5.471457 8.838326 -18.996393 10.337897 -7.864812 14.807613 4.250380 -4.761107
19.918644 0.637871 2.221185 -9.504103 11.482427 -5.272295 26.916000 -6.034195 -15.171814 -12.892037 -6.722956 -5.437967 -8.399669 -12.069321 16.416988 5.863358 -1.752308 -2.170973 -26.232605 12.961152 5.588026 1.857151 4.647167 7.807638 -18.963728 9.972665 -7.052722 14.803986 3.811020 -4.718103
17.921585 1.363185 1.988958 -10.499609 12.158795 -5.393235 25.623274 -6.435577 -15.563684 -12.855411 -7.947190 -4.721189 -7.865304 -10.666907 16.799599 6.407989 -0.276722 -3.791980 -26.083719 12.184589 5.106475 3.024329 4.445901 7.203520 -18.753723 9.629985 -6.130176 15.220823 3.520273 -4.193686
16.055096 1.359695 1.332117 -12.208796 12.202781 -5.802640 24.009331 -7.379251 -15.440682 -13.388151 -9.267616 -3.202964 -8.555455 -8.570704 16.473402 7.501185 0.477009 -4.886087 -25.057175 11.805541 4.464391 3.903043 4.241078 6.284531 -18.733192 9.143332 -5.070230 15.928908 3.356485 -3.081372
10.350721 -3.105609 2.248756 -9.503424 16.336864 -4.530843 20.809223 -5.484834 -11.695716 -11.704822 -11.348104 -7.028443 -8.512389 -5.586327 13.425587 11.104483 6.653720 -4.342571 -22.283035 10.014671 4.369655 0.887123 4.918912 5.462201 -21.399406 5.680058 -6.183369 16.673111 2.150230 -0.765826
6.016288 -4.767293 1.339771 -8.518349 17.102619 -4.191265 19.622471 -4.349757 -12.482505 -11.016055 -11.925679 -6.020992 -9.706532 -3.418763 13.502229 12.532627 8.210917 -5.429200 -20.776648 9.929316 4.305298 0.962816 4.477528 4.614416 -21.670567 4.483595 -6.059576 17.003914 1.931031 1.535037
4.133041 -6.508466 -0.873871 -10.417637 16.930763 -3.300154 18.749386 -4.552015 -12.128031 -11.603943 -12.668861 -4.725899 -11.318372 -1.835008 12.995793 13.136824 8.827800 -5.992853 -19.729734 9.508245 3.931602 0.269254 4.087698 3.973166 -22.282259 4.116561 -5.149970 17.650091 2.303188 4.028488
1.778604 -7.648338 -1.547648 -11.951750 16.052593 -4.251557 18.752125 -4.687185 -11.369981 -13.324883 -13.605042 -3.588525 -13.702165 0.230973 12.438367 12.877914 9.825828 -5.996705 -18.737085 8.138430 3.255300 -0.332838 3.208209 3.750962 -22.597485 3.944888 -4.226203 18.118542 2.658534 5.754035
0.255026 -8.553871 -0.789145 -12.732374 14.917554 -5.337176 18.833509 -4.932160 -10.572696 -14.817975 -14.126117 -3.126096 -15.598251 1.328744 12.035730 12.002233 10.532470 -5.630625 -18.110529 6.907494 2.778416 -1.216946 1.898060 4.277751 -22.775826 3.915811 -3.417057 17.924355 3.137289 6.617504
0.065758 -9.690889 -0.870629 -13.412683 13.845533 -5.762477 18.157980 -4.505024 -10.045838 -15.363443 -14.082872 -2.840351 -17.296562 2.126050 11.714511 11.509012 11.004304 -4.955870 -17.568552 6.413520 2.367050 -1.686923 0.991864 4.799422 -22.817451 3.690373 -2.741034 17.852001 3.216822 6.561794
0.598992 -10.633284 -0.807101 -13.860785 13.045175 -5.782327 18.290575 -4.115269 -9.162247 -15.429341 -13.718340 -2.767650 -18.734329 2.393094 11.451655 11.123154 11.098379 -3.727487 -17.092283 6.619822 1.726802 -1.956342 0.354882 5.435666 -22.980217 3.573133 -2.026164 17.839720 3.199882 6.509313
1.074427 -11.158310 -0.845997 -14.391743 12.230642 -6.140163 18.302279 -3.620857 -8.526588 -16.094204 -12.734128 -2.968397 -19.994038 2.001052 11.340127 10.579977 11.079907 -2.415304 -16.814655 6.914688 1.158973 -2.592329 -0.187141 5.978287 -23.015324 3.744180 -1.471944 18.027519 3.468502 6.579309
1.684173 -11.095388 -0.572907 -14.464367 11.629561 -6.687887 18.210505 -2.920886 -8.153326 -16.737680 -11.940563 -3.210888 -21.125225 1.255071 10.730002 10.067356 10.534476 -1.201231 -16.768391 6.913237 0.915743 -3.482502 -0.698082 6.527587 -22.620144 4.005888 -1.366324 18.432320 3.832565 6.287046
2.529093 -10.779117 0.179923 -14.598533 11.428332 -7.234109 18.016220 -2.026319 -7.627569 -16.883186 -11.580582 -3.256022 -22.146683 0.821064 10.178591 9.558173 9.789748 -0.024345 -16.739573 6.939216 0.897002 -4.278906 -1.174511 7.048235 -22.054878 4.394392 -1.468975 18.787291 4.195942 5.469464
3.310263 -10.045936 1.257300 -14.426966 11.389571 -7.198321 17.916103 -1.122983 -7.421441 -16.782101 -10.844141 -3.584824 -22.685699 -0.310037 9.724022 9.061510 8.805559 0.961503 -17.069550 6.908586 0.741040 -4.823262 -1.846718 7.472781 -21.512463 4.514277 -1.144561 19.118746 4.444128 4.789606
4.074187 -9.453326 2.160323 -14.416607 11.162118 -7.105375 18.022408 -0.426711 -7.303114 -16.980288 -10.325130 -3.804997 -23.150017 -1.177917 9.236544 8.871542 7.657018 2.035800 -17.289164 7.031446 0.844016 -5.408001 -2.492550 7.686933 -20.876291 4.784466 -1.098118 19.220730 4.767924 4.075997
5.053032 -8.950531 3.073686 -14.009109 11.134993 -7.565440 18.177729 0.209086 -6.954743 -16.714184 -10.002872 -4.058339 -23.148266 -2.028960 8.681636 8.884405 6.089811 3.162891 -17.541605 7.323390 1.334162 -5.845258 -2.790497 7.690674 -20.276600 5.049995 -1.345772 19.362103 5.107574 3.515863
5.665496 -8.330251 4.006633 -13.720848 11.399480 -8.123549 18.263435 0.537894 -6.555165 -16.223478 -9.774921 -4.365700 -23.013885 -2.732222 8.319241 8.807393 4.725111 4.225801 -17.803391 7.526344 1.674514 -6.302101 -3.051532 7.593813 -19.816341 5.407445 -1.568830 19.487274 5.437039 3.325871
6.248302 -7.484018 4.954324 -13.731218 11.813170 -8.327569 18.038132 0.987119 -6.175803 -15.857816 -9.698223 -4.514850 -22.917423 -3.106983 8.096328 8.740812 3.838267 4.808764 -17.906382 7.573856 2.028013 -6.696404 -3.076629 7.331067 -19.425468 5.693964 -1.924052 19.667654 5.741347 3.224876
6.772612 -6.781564 5.575143 -13.515451 12.042741 -8.228943 17.761749 1.700381 -6.095396 -15.744431 -9.620167 -4.629230 -23.169565 -3.382200 7.953881 8.565057 3.162158 5.211905 -17.897039 7.169844 2.198125 -6.861635 -3.031498 7.295579 -19.231892 5.811969 -2.237563 19.622116 5.806606 2.997935
7.115367 -6.231455 5.691935 -13.614908 12.340964 -8.077990 17.260166 2.387709 -6.080082 -15.861935 -9.537574 -4.839368 -23.297581 -3.682043 7.793921 8.215831 2.661028 5.410601 -18.159489 6.446836 2.302312 -6.992047 -3.143930 7.489940 -19.095787 5.834128 -2.466308 19.448601 5.769626 2.582239
7.337155 -5.922251 5.527321 -13.448853 12.519008 -7.902769 17.053015 2.950728 -6.341534 -15.884983 -9.394317 -5.061802 -23.518414 -3.945817 7.689051 7.825743 2.301687 5.524619 -18.367006 5.564080 2.376279 -7.081675 -3.340785 7.803669 -18.927376 5.761300 -2.731085 19.175240 5.612940 2.044249
7.490728 -5.922842 5.487017 -13.216934 12.442268 -7.679252 17.064247 3.486661 -6.541728 -15.966468 -9.358612 -5.199368 -23.605747 -4.029724 7.627316 7.634069 2.207503 5.516531 -18.447504 4.998328 2.475040 -7.080133 -3.337977 7.947656 -18.873550 5.704174 -2.990983 18.991995 5.493068 1.701502
7.516057 -5.959741 5.437420 -13.077273 12.408579 -7.562648 17.086433 3.726544 -6.649583 -15.973114 -9.319206 -5.273093 -23.659031 -4.107706 7.575526 7.545405 2.079752 5.479132 -18.519283 4.660515 2.538677 -7.050794 -3.253436 7.953100 -18.887621 5.694257 -3.199116 18.886353 5.424653 1.542370
7.499845 -5.988288 5.453976 -13.042212 12.369038 -7.518311 17.109440 3.832048 -6.676645 -16.001970 -9.315692 -5.310365 -23.623531 -4.122504 7.591187 7.517892 2.088645 5.437494 -18.553078 4.567128 2.554141 -7.063073 -3.263245 7.972122 -18.871902 5.692715 -3.239231 18.860558 5.414824 1.485017
