-6.007020 -21.458347 -2.576111 -4.969654 29.845953 -3.623642 8.244427 -2.802882 0.853693 -0.081388 -21.486259 5.136409 -8.457473 -0.553258 9.315880 9.793554 17.743164 -0.249896 -17.321756 -0.451030 6.365678 18.292707 -5.550426 8.241258 -15.054372 -3.398378 -10.769558 8.021975 -6.023108 9.794094
-6.433521 -21.567736 -2.954660 -5.358318 29.942707 -3.922065 8.012002 -3.160835 1.096726 -0.257041 -21.646778 5.537735 -8.894749 -0.098501 9.337372 9.914839 18.328505 -0.293709 -16.967516 -0.148443 6.211627 18.157579 -5.906311 8.128077 -15.438171 -3.503497 -10.469583 7.836994 -6.068790 9.963438
-7.165021 -21.696115 -3.395158 -6.027412 29.814011 -4.463476 7.533669 -3.551312 1.554844 -0.905769 -22.007746 6.312793 -9.506457 0.880671 9.761966 9.901952 19.485216 -0.264482 -16.374393 0.400397 6.014739 17.842661 -6.533112 7.928141 -15.917678 -3.726114 -10.049623 7.585964 -6.188480 10.167055
-8.161403 -21.465876 -3.054315 -6.520766 29.379101 -5.215193 6.798433 -3.290643 1.861064 -1.882843 -22.455399 6.999813 -10.184189 1.500068 9.813815 9.650949 20.363522 0.009528 -15.846105 1.176584 5.601611 17.344961 -7.474484 7.677682 -16.308289 -3.968378 -9.465495 7.683284 -6.106206 10.716898
-9.058739 -21.238791 -2.200244 -7.263422 28.647869 -5.569613 5.759271 -2.389916 2.408957 -3.011303 -23.071461 7.999631 -11.335416 2.388302 9.874066 9.041232 20.660429 1.040530 -15.168532 1.933168 5.157166 16.843355 -8.611456 7.128247 -16.680386 -4.218235 -9.105815 7.844009 -5.870917 11.308048
-9.132010 -21.163874 -2.229225 -8.293840 28.763081 -5.489739 4.289883 -1.494702 2.909672 -3.717393 -23.651119 8.588265 -12.501953 2.678774 8.990755 8.714069 20.326780 2.364117 -14.616473 2.489475 4.641248 16.345303 -9.733429 6.442294 -16.996878 -4.344520 -8.924113 7.862080 -5.662716 11.533236
-8.766670 -21.205652 -2.590355 -9.488052 28.764162 -5.369481 2.604485 -0.286958 3.411731 -4.482180 -24.285341 8.859424 -13.631805 2.575544 7.757047 8.032160 19.656612 3.875950 -14.346736 2.975633 4.249530 15.722983 -10.843596 5.768738 -17.148939 -4.258271 -8.739482 7.858015 -5.252558 12.010563
-8.410688 -21.402452 -3.044202 -10.149065 28.726376 -4.979907 1.583257 0.695632 3.549199 -5.122716 -24.691477 9.002593 -14.494308 2.281775 6.848485 7.454117 18.983280 4.978159 -14.299551 2.823380 3.869659 15.203544 -11.714014 5.386933 -17.255383 -4.130056 -8.335315 7.884242 -4.924325 12.553745
-8.417936 -21.373083 -3.125470 -10.433854 28.620604 -4.994856 0.997469 1.382949 3.576789 -5.642084 -24.984785 9.132798 -15.163365 2.043850 6.172889 7.013175 18.270378 5.868868 -14.305826 2.685729 3.791383 14.905725 -12.130507 5.146218 -17.248489 -3.999627 -8.268136 7.817580 -4.739408 12.874262
-8.413693 -21.391228 -3.082016 -10.573274 28.527884 -5.050797 0.752143 1.767601 3.703469 -5.898116 -25.150215 9.179730 -15.463091 1.926839 5.782445 6.857422 17.859802 6.334758 -14.317603 2.516498 3.699118 14.667422 -12.373783 5.092596 -17.242897 -3.892918 -8.143972 7.836378 -4.584452 13.085652
-8.167994 -21.140785 -3.224486 -10.450648 28.860256 -5.150315 0.560119 1.694387 3.623677 -5.745908 -25.264509 9.086310 -15.078518 1.879907 5.910797 6.913035 17.948040 6.127617 -14.375180 2.605977 3.854614 14.776720 -12.288507 4.950257 -17.275709 -3.920993 -8.395023 7.695197 -4.664192 12.839840
-6.494102 -19.700205 -4.394860 -9.463439 30.992464 -6.068635 0.201257 0.447986 2.953033 -4.088017 -25.843529 8.924682 -12.154311 1.678542 7.111247 7.488857 17.894945 5.068925 -15.016576 3.702306 5.320215 15.680739 -11.234661 4.405598 -17.568424 -4.165510 -9.964902 6.636663 -5.317841 10.975147
-5.059311 -16.636095 -4.634669 -5.661043 34.180679 -6.826971 1.614864 -1.296986 0.254297 -0.376758 -25.320271 6.839901 -6.194172 0.363182 9.774754 8.301138 16.291594 3.095598 -17.285973 7.157862 7.670903 17.983503 -8.388487 5.337241 -17.434086 -4.639503 -12.028924 4.978084 -7.234956 7.864519
2.463385 -16.883173 -5.572830 1.200656 33.567352 -11.946972 3.599728 1.932833 -3.539840 2.629100 -17.737379 0.050927 -5.670004 -3.443644 18.107506 2.854417 20.006630 2.765506 -19.653528 12.568794 5.243410 14.790205 -4.793472 12.003991 -18.135530 -6.907842 -13.398177 4.793846 -10.724116 0.634880
11.264849 -14.362728 -6.254065 4.324964 33.210800 -16.510935 7.413560 3.900849 -4.412261 6.787865 -12.541251 -6.187142 -4.170699 -6.164297 23.385586 -1.320913 20.186136 2.576233 -22.709089 11.076970 5.004455 13.331881 -1.911969 19.183466 -18.410332 -6.969592 -12.608046 3.740225 -12.091266 -3.765435
15.342693 -15.694098 -7.291633 6.349116 31.425579 -16.671595 15.831576 6.743402 -5.996307 13.141356 -11.180279 -12.183781 1.136105 -10.423917 24.907545 -4.595598 12.108585 5.076042 -28.964575 6.720267 7.369507 9.890119 4.017504 21.110670 -17.999722 -4.987524 -15.759541 5.081025 -9.398694 -1.791776
12.506636 -22.730999 -6.511992 6.283411 25.178951 -17.967981 23.064053 3.688262 -5.040543 13.418711 -8.986061 -10.120997 -3.756321 -8.165880 26.181568 -3.733543 4.399380 7.543473 -28.527922 1.840727 8.383018 4.689083 5.282248 20.093582 -17.028042 -2.444921 -17.633522 7.714808 -5.186053 3.859967
7.145777 -27.911890 -5.001336 3.862400 19.585495 -16.461702 26.881117 0.988989 -4.000445 12.421789 -9.073195 -4.323973 -9.172919 -4.884543 26.733664 0.178184 0.141574 6.229527 -26.061562 -2.501324 8.250690 2.337583 6.131108 18.467571 -14.503065 -1.065216 -17.769783 11.145238 -3.396714 7.637011
2.603590 -29.557692 -3.543154 2.806044 17.777790 -17.725311 29.368797 1.615524 -4.070384 12.454914 -6.938291 -1.168860 -14.184880 -1.287201 30.315838 -1.857972 0.896639 6.752276 -24.004198 -4.679128 7.763542 -1.313308 6.528888 17.732803 -13.626387 0.141290 -18.528263 13.590817 -1.759867 11.873619
0.434167 -30.373945 -3.374990 2.556621 16.774136 -18.901049 30.873173 2.450183 -4.182135 12.634086 -5.759381 -0.152407 -17.314240 -0.222405 30.472548 -2.346260 1.691013 7.361055 -22.508602 -5.120087 7.234257 -2.605061 6.428970 17.353924 -13.033339 0.176483 -18.214462 15.336879 -1.181308 13.487059
0.092923 -30.448071 -3.303563 2.446867 16.604824 -19.033054 30.988018 2.633766 -4.129288 12.586969 -5.544720 -0.012620 -17.746853 -0.110524 30.542444 -2.296111 1.646216 7.445601 -22.314680 -5.040145 7.181632 -2.725769 6.402276 17.307013 -12.905562 0.171385 -18.109390 15.548454 -1.114432 13.644260
-0.095458 -30.455513 -2.977218 2.272645 16.462090 -19.067413 31.425522 2.843138 -3.953995 12.713171 -5.256035 0.182530 -18.139591 -0.228618 30.800880 -2.068540 1.353754 7.497064 -22.281872 -4.887578 7.365594 -2.881445 6.181451 17.323652 -12.734468 0.402391 -18.113773 15.533442 -0.874972 13.719915
-0.383395 -30.716375 -2.368562 2.104826 16.019905 -18.890875 32.390717 3.182372 -3.727426 12.834023 -4.155821 0.423688 -18.992447 -0.395673 31.295256 -2.052620 0.983960 8.022614 -21.865980 -4.178217 7.626203 -3.418424 5.933237 17.317099 -12.431691 0.736514 -18.080788 15.755619 -0.466322 14.114941
-0.846626 -31.055885 -1.574345 2.038595 15.432142 -18.257118 33.309631 3.471367 -3.479022 12.741496 -1.960649 0.586125 -20.464535 -0.853008 31.908613 -2.297852 0.688155 8.942467 -21.123686 -2.753205 7.889303 -3.974095 5.743213 17.102587 -11.931371 1.092427 -18.021397 16.136000 0.005483 14.710940
-1.309529 -31.659971 -0.515061 2.163204 14.409338 -16.728319 34.426598 3.855936 -3.140478 12.355419 0.776947 -0.317379 -22.296577 -1.878583 32.632408 -2.925668 -0.011251 11.861297 -20.515224 -0.426486 8.239578 -4.450700 5.679559 17.023403 -11.256024 1.616160 -17.837727 16.695871 0.516717 15.526207
-1.681131 -32.262054 -0.079497 1.982965 13.461351 -14.905703 34.825317 4.461009 -2.896585 11.802273 2.630315 -0.949273 -24.768505 -3.200752 32.374550 -3.084242 -0.747681 14.900554 -20.105947 1.527194 8.319997 -5.014677 5.257835 16.873133 -10.634221 1.970212 -17.493156 17.321041 0.936554 16.155754
-1.932175 -33.076340 -0.184132 1.836410 12.646976 -12.948601 34.778000 5.410824 -3.087108 11.049166 3.562695 -2.830023 -26.682335 -5.274700 30.257351 -3.215060 -0.769979 18.151043 -19.650587 2.645042 8.335803 -5.436474 4.701533 16.632513 -9.929893 2.090509 -17.162970 17.978405 1.183412 16.191063
-2.081187 -33.638187 -0.072629 1.721235 11.999566 -11.622801 34.312248 6.252820 -3.322361 10.223538 3.906355 -4.093584 -27.677292 -6.815008 27.810818 -3.080368 -0.555011 20.006855 -19.144503 2.996399 8.338651 -5.422027 4.198188 16.390661 -9.283620 2.064576 -16.790771 18.437975 1.221667 15.922058
-2.156918 -33.977356 0.459456 1.605966 11.494108 -10.734036 33.641441 6.944302 -3.466845 9.382870 3.935829 -5.093815 -27.977732 -7.627226 26.558762 -3.080435 -0.351394 21.317394 -18.808714 3.279907 8.246667 -5.433440 3.868890 16.194937 -8.992410 1.985714 -16.555088 18.732246 1.208580 15.867754
-2.320105 -34.026871 0.816871 1.537922 11.331319 -10.247597 33.209396 7.417294 -3.573663 8.934209 3.868859 -5.596273 -27.981785 -7.991192 25.661736 -3.178523 -0.253333 22.051680 -18.594191 3.410810 8.168797 -5.413463 3.690771 16.084694 -8.792789 1.915483 -16.430956 18.895451 1.183772 15.790054
-2.236523 -34.069622 0.827510 1.541062 11.311496 -10.165329 33.208496 7.392191 -3.574336 8.944825 3.881219 -5.739676 -27.907570 -8.092882 25.613331 -3.232706 -0.234108 22.218884 -18.608160 3.477388 8.204024 -5.419317 3.709409 16.115395 -8.756358 1.930711 -16.428314 18.921928 1.184060 15.745476
-1.282547 -34.349937 0.832230 1.764682 11.293328 -10.035141 33.679985 6.744109 -3.420033 9.464287 3.980214 -6.431632 -27.221565 -8.701125 25.835838 -3.476682 -0.157191 22.681692 -18.873051 3.796194 8.560091 -5.449254 4.033157 16.587929 -8.697717 2.173205 -16.556015 18.908266 1.182687 15.504974
0.833440 -34.376938 1.278846 2.438242 11.805388 -9.732526 34.310665 5.258366 -3.214365 10.673401 4.272791 -7.486019 -25.076328 -9.437676 26.538910 -4.233489 0.190594 22.516609 -19.278128 4.412295 9.232621 -5.409119 4.777204 17.585070 -8.686592 2.571126 -16.884180 18.588484 1.156841 14.868790
3.625219 -33.645840 2.337926 3.446198 12.710246 -10.249819 35.079090 4.145895 -3.182559 12.621922 3.683907 -9.730317 -20.736027 -10.538531 27.018219 -5.218626 0.793369 22.256180 -20.205048 5.251865 9.776236 -4.355010 6.014252 18.758970 -8.571957 2.501843 -17.095041 17.940294 0.720031 13.295719
5.356397 -31.930239 3.647969 5.568964 14.057933 -11.171467 34.934353 3.036938 -3.857691 14.045175 0.567840 -11.924706 -15.369348 -12.216290 25.212769 -4.280499 0.783605 21.173471 -21.982944 4.997802 10.631126 -1.863195 7.163700 19.496046 -9.608683 1.961511 -17.575569 16.158585 -0.531631 11.062429
6.484285 -29.326643 4.252529 8.401207 16.522400 -10.044518 33.488037 3.047590 -5.848115 14.983168 -2.314814 -12.580487 -10.188592 -13.122499 22.129301 -2.238682 0.267089 18.712929 -23.487907 5.251019 11.470694 0.627499 7.855340 18.503647 -9.952912 1.270713 -18.685389 14.648258 -2.144418 9.221802
6.415847 -27.463945 4.373659 9.546897 18.423567 -7.702134 30.599527 1.669608 -6.594679 14.088848 -4.539467 -13.272597 -6.305038 -13.030776 19.332285 0.396802 0.705468 16.716711 -24.070494 6.737940 12.002222 2.831245 8.443365 16.407125 -10.577039 0.281265 -19.853365 13.250948 -3.571910 9.233269
13.035213 -24.322443 3.862234 3.534132 25.484718 0.565387 16.849524 5.522775 3.816577 6.351285 -9.154059 -3.397069 -6.056479 -20.379225 9.993878 1.258484 4.273102 10.747289 -26.140093 4.395204 8.400354 12.197522 -0.114663 15.258132 -9.849351 4.594716 -18.614342 6.421201 -3.891642 1.211271
10.757298 -22.704897 3.192845 1.803200 27.718826 0.283327 13.931791 4.290267 3.848039 6.121484 -11.203058 -2.450814 -4.655439 -19.323132 6.953567 2.841946 6.848680 6.893930 -25.594152 3.184864 7.550994 14.690814 -1.750735 13.565098 -10.570979 2.714835 -17.178816 6.259325 -5.774327 -0.168330
7.652856 -22.413445 1.595543 -0.970702 28.532295 -0.160314 10.718984 2.911348 3.659130 5.730254 -12.715046 -1.165191 -5.208974 -16.403456 6.037245 4.620481 11.103738 2.362734 -24.369080 2.116797 5.816147 15.709540 -2.166596 12.463548 -11.090379 1.333196 -15.686915 7.447527 -6.801369 1.567089
0.582492 -20.659956 1.544325 -0.943968 28.252800 -0.461704 10.551270 2.577395 0.145507 1.328225 -15.758776 1.393820 -5.647411 -6.764634 10.272925 10.082895 12.777747 0.209180 -20.634153 -1.294562 7.635440 16.954664 -3.296464 9.067424 -10.764726 -2.121779 -14.108559 10.065143 -5.548316 6.721601
-3.860236 -23.189543 -1.443648 -4.175603 26.716648 -1.531930 10.281775 2.604054 0.749511 -1.385148 -17.506697 3.813521 -9.873612 -2.732238 8.957863 10.858800 14.583158 -0.812108 -18.365110 -3.166379 6.430621 15.649671 -4.915993 7.685279 -12.063418 -2.250608 -12.185823 10.957821 -4.583629 10.834038
-5.867123 -24.757372 -0.820927 -5.869337 24.632616 -3.043779 9.778185 2.928945 1.814563 -3.262935 -18.062641 4.590400 -13.661351 -0.796691 8.017872 9.719201 15.994386 0.219864 -17.158260 -4.656669 5.287502 14.130115 -6.970941 8.565841 -12.803987 -1.717389 -9.770559 11.157928 -3.074344 11.779226
-5.456148 -25.746107 -0.320038 -7.005445 23.158939 -3.551638 9.994580 3.969384 3.451746 -3.690755 -17.144077 4.588721 -16.625477 -0.730385 7.083549 8.957045 15.901376 2.784986 -16.203993 -3.987153 4.169034 13.282291 -8.917650 9.571787 -13.393290 -1.554229 -7.650389 10.865463 -2.563477 11.379129
-3.576422 -25.420528 0.266858 -7.513373 22.507912 -4.483189 9.597208 5.475842 4.322692 -4.449822 -15.970125 4.318303 -19.069054 -1.821992 5.630784 8.021291 14.732533 5.148475 -16.057491 -3.863500 3.675237 12.463652 -10.359148 10.663142 -12.401483 -1.255911 -7.574764 11.154293 -2.265767 10.206510
-3.163022 -24.438492 2.429144 -7.349185 21.837181 -4.593791 10.005081 7.160758 4.657498 -4.702224 -14.737791 3.787614 -20.051033 -3.827804 4.690831 7.343671 12.509973 7.273252 -16.623842 -3.795814 3.320355 12.025521 -11.510559 11.614789 -11.212455 -1.129227 -7.231824 11.674788 -2.117161 8.087661
-1.477339 -23.085663 4.417985 -7.025080 22.158508 -5.876718 10.085350 8.269985 5.692259 -3.891566 -14.181606 3.232487 -19.903122 -5.383329 3.775254 7.300460 9.582861 9.435295 -17.132500 -3.278172 3.819875 11.117371 -12.029406 11.636109 -10.133231 -0.461215 -7.430968 12.171705 -1.383486 6.949068
0.419862 -21.456079 5.967144 -6.259184 22.959518 -6.147917 9.322703 9.288571 6.078598 -3.393591 -14.014717 2.943390 -20.054752 -6.060529 3.391845 7.036601 8.094056 10.441825 -17.229872 -3.616782 4.029480 10.301241 -12.253826 11.248273 -9.649514 0.056196 -7.940541 12.406202 -0.857008 6.350865
1.051850 -20.768150 6.062140 -6.124301 23.285091 -5.733168 8.704832 10.564226 5.871111 -3.618779 -13.789103 2.510811 -20.403481 -6.624422 3.126146 6.297064 7.234200 10.754668 -17.699831 -5.223183 4.235907 9.915722 -12.552511 11.517573 -9.327869 0.135845 -8.415363 12.196777 -0.777907 5.180470
1.359537 -20.824125 5.907454 -5.770732 23.108826 -5.335320 8.813250 11.224696 5.467923 -3.788813 -13.675211 2.305167 -20.561708 -6.783049 3.055249 6.006376 7.019478 10.690515 -17.853003 -6.108395 4.561239 9.867763 -12.450518 11.501001 -9.248782 0.144938 -8.934445 11.950963 -0.815969 4.673330
