12.289064 -6.221458 8.459363 -5.672382 11.689712 -5.808372 24.844437 5.329292 -9.157022 -12.597393 -10.744063 -2.295327 -11.327315 -13.149638 8.003168 5.412326 4.455382 11.930047 -21.694801 -2.255392 10.163074 -2.895718 -3.321534 14.156265 -11.311959 -3.060327 -13.111871 14.364164 -5.385135 2.738938
12.553949 -6.122358 8.631961 -5.523821 11.752698 -5.710258 24.904087 5.257883 -9.162538 -12.480645 -10.762601 -2.328540 -11.123026 -13.199831 8.078175 5.445285 4.435904 11.947825 -21.732401 -2.116611 10.226238 -2.814677 -3.238657 14.184661 -11.290004 -3.058088 -13.213023 14.334751 -5.453008 2.671885
13.056418 -5.948352 8.933111 -5.224296 11.807714 -5.503016 25.018311 5.047947 -9.168681 -12.249319 -10.818955 -2.336343 -10.746173 -13.285377 8.186159 5.643855 4.269032 12.009852 -21.767532 -1.796594 10.323299 -2.656860 -3.112021 14.184951 -11.283232 -3.065230 -13.367642 14.267879 -5.563049 2.587993
13.645401 -5.657517 9.167638 -4.913903 11.958970 -5.215182 24.984932 4.685022 -9.192479 -11.958720 -10.859249 -2.401852 -10.237000 -13.341567 8.395559 5.792099 4.283275 11.980241 -21.842916 -1.431113 10.443012 -2.418903 -2.920941 14.136113 -11.299184 -3.101994 -13.560042 14.137692 -5.726014 2.520244
14.295575 -5.280346 9.304133 -4.617235 12.273776 -4.963195 24.778324 4.128921 -9.231527 -11.652646 -10.960814 -2.432421 -9.563733 -13.393970 8.593587 5.960491 4.346202 11.904452 -21.897129 -0.857725 10.607257 -2.102975 -2.638073 14.136901 -11.319347 -3.136711 -13.799583 13.937641 -5.961655 2.425543
14.862198 -4.988701 9.292535 -4.436970 12.572867 -4.676694 24.609352 3.441879 -9.283956 -11.301702 -11.185644 -2.342051 -8.907886 -13.480819 8.515144 6.350825 4.185917 11.854549 -21.877420 -0.227255 10.742296 -1.710866 -2.367912 14.050759 -11.358764 -3.228390 -14.009480 13.691139 -6.231299 2.288794
15.329666 -4.711944 8.930232 -4.346338 13.038915 -4.410849 24.357286 2.549148 -9.372128 -10.923881 -11.371014 -2.436267 -7.983717 -13.647311 8.593959 6.617337 4.159208 11.704141 -21.972946 0.528324 10.893757 -1.215353 -2.055274 13.948159 -11.468836 -3.348860 -14.141116 13.359158 -6.510732 2.207140
15.521567 -4.476897 8.274249 -4.455213 13.687545 -4.172728 24.071888 1.465563 -9.468264 -10.522988 -11.562839 -2.485128 -7.151854 -13.951465 8.555873 6.809766 4.077643 11.572572 -22.116236 1.143441 11.019310 -0.649684 -1.694139 13.708529 -11.632791 -3.514829 -14.320272 13.072517 -6.827644 2.275044
15.405548 -4.307333 7.580575 -4.606325 14.231155 -4.204456 23.814548 0.642889 -9.639085 -10.133071 -11.815750 -2.654706 -6.244004 -14.129607 8.755523 6.879744 4.158061 11.271058 -22.354897 1.438324 11.117167 -0.050385 -1.491828 13.487920 -11.849666 -3.721103 -14.399109 12.782993 -7.126457 2.210476
15.261635 -4.191531 6.990647 -4.824234 14.754410 -4.201436 23.621540 -0.146584 -9.712451 -9.883240 -12.137032 -2.800122 -5.553926 -14.103290 8.857909 6.981442 4.623920 10.508335 -22.611986 1.311019 11.153732 0.330783 -1.413913 13.207690 -12.113960 -3.904046 -14.514221 12.603466 -7.354817 2.263504
15.103022 -4.056290 6.561062 -4.833544 15.236859 -4.059391 23.480574 -0.891589 -9.880263 -9.688215 -12.616344 -2.886650 -4.950381 -13.825215 9.030431 6.915565 5.240024 9.696424 -22.852755 0.878862 11.183658 0.781359 -1.333477 12.953399 -12.452950 -4.148865 -14.624217 12.417397 -7.642952 2.302788
15.027330 -3.978020 6.321011 -4.676049 15.593755 -3.820238 23.316429 -1.579330 -10.103080 -9.613657 -12.900482 -2.927835 -4.487347 -13.502448 9.538148 6.749177 5.930835 8.894666 -23.093134 0.424033 11.206617 1.205449 -1.276143 12.701327 -12.862774 -4.372801 -14.714231 12.184299 -7.898368 2.375093
14.753872 -3.942738 5.947197 -4.553813 15.960496 -3.600231 23.055470 -2.226268 -10.461905 -9.521065 -13.137397 -2.982389 -4.180511 -13.172374 9.923335 6.614565 6.798742 8.069707 -23.304333 -0.124268 11.279543 1.708752 -1.238324 12.537670 -13.204434 -4.572495 -14.750379 11.876354 -8.147697 2.352015
14.389224 -3.880059 5.534819 -4.550133 16.299709 -3.484050 22.724514 -2.705578 -10.852286 -9.393999 -13.456485 -3.045293 -3.690564 -12.793256 10.338418 6.421807 7.723051 7.330022 -23.465721 -0.453639 11.284336 2.097832 -1.205767 12.398852 -13.552024 -4.779298 -14.757854 11.637375 -8.347302 2.417371
14.156654 -3.802313 5.138939 -4.580817 16.662083 -3.439137 22.420555 -3.068670 -11.165996 -9.287650 -13.704809 -3.202648 -3.173118 -12.648250 10.632112 6.199430 8.486324 6.828660 -23.633091 -0.655515 11.264545 2.466448 -1.238003 12.303323 -13.837611 -4.956384 -14.649112 11.429356 -8.504614 2.453084
13.948361 -3.831089 4.684128 -4.603764 16.926069 -3.481406 22.161034 -3.463589 -11.398973 -9.234884 -13.827210 -3.169984 -2.765487 -12.421132 11.025716 6.187041 8.923568 6.296072 -23.739046 -0.725837 11.269810 2.778640 -1.237888 12.220977 -14.016093 -5.073044 -14.597178 11.261338 -8.614814 2.491878
13.822884 -3.852547 4.297232 -4.678465 17.118797 -3.590164 21.958096 -3.724683 -11.507943 -9.203850 -13.948042 -3.232485 -2.403968 -12.327709 11.209430 6.175544 9.284935 5.979852 -23.837389 -0.697472 11.255726 2.992479 -1.228382 12.168135 -14.170735 -5.179171 -14.542753 11.149868 -8.715844 2.558364
13.730109 -3.837710 3.962369 -4.794027 17.294638 -3.655116 21.733522 -3.885230 -11.586572 -9.220683 -14.058385 -3.208220 -2.169101 -12.187453 11.396256 6.196458 9.439528 5.779897 -23.873152 -0.652160 11.224133 3.102217 -1.278647 12.117026 -14.265451 -5.260309 -14.510468 11.089537 -8.762963 2.604783
13.660215 -3.829714 3.722538 -4.790826 17.411606 -3.683902 21.634396 -4.016779 -11.690341 -9.194003 -14.098140 -3.184691 -2.011161 -12.075759 11.589211 6.204399 9.546777 5.595390 -23.916574 -0.656331 11.230858 3.181349 -1.310731 12.080615 -14.361515 -5.314338 -14.499999 11.021784 -8.789571 2.630777
13.649330 -3.819913 3.635899 -4.813104 17.460758 -3.701278 21.597425 -4.067576 -11.706208 -9.180839 -14.120034 -3.172580 -1.956459 -12.039865 11.632396 6.215879 9.592154 5.527859 -23.924749 -0.668865 11.226143 3.201892 -1.306702 12.059685 -14.386357 -5.330409 -14.495238 11.013500 -8.798305 2.655001
13.667439 -3.808015 3.365671 -4.814205 17.588154 -3.756010 21.522331 -4.183363 -11.772686 -9.155302 -14.155854 -3.182678 -1.721259 -11.990710 11.886003 6.166489 9.724561 5.401028 -23.989679 -0.635357 11.248510 3.230284 -1.330270 12.022946 -14.475661 -5.372480 -14.545036 10.941010 -8.805728 2.645357
13.698416 -3.767517 2.595778 -4.832376 17.910503 -3.894139 21.391176 -4.423617 -11.961242 -9.068484 -14.178869 -3.180380 -1.280578 -11.796900 12.545543 6.054664 10.101510 5.063512 -24.124052 -0.573914 11.316111 3.382318 -1.411972 11.934896 -14.702690 -5.466686 -14.635695 10.719388 -8.827889 2.561648
13.619134 -3.597198 1.532435 -4.780450 18.377882 -4.293609 21.041901 -4.532850 -12.385005 -8.940594 -14.501467 -3.226068 -0.661804 -11.446368 13.378280 5.630949 11.093169 4.652588 -24.326836 -0.615551 11.359737 3.601509 -1.382623 11.841084 -15.164361 -5.651366 -14.728471 10.405941 -8.911860 2.654607
13.297029 -3.027678 0.249427 -4.715599 19.145245 -4.923483 20.211143 -4.311925 -13.006660 -8.769089 -15.148384 -2.872841 -0.141044 -11.008973 13.979810 5.296780 12.291184 4.164626 -24.372255 -0.694159 11.438646 3.918888 -1.516333 11.753901 -15.582939 -5.847754 -14.683421 10.005527 -9.027536 2.518388
13.067462 -2.005145 -0.716793 -4.716566 20.298643 -5.691652 18.998997 -3.875651 -13.503737 -8.657804 -16.230492 -2.162493 0.586697 -10.068223 15.059810 4.826084 12.647737 3.862680 -24.445299 -0.621265 11.293449 4.399120 -1.573335 11.741120 -16.011024 -6.111472 -14.531212 9.551766 -9.220821 2.387259
13.137335 -1.054198 -0.221157 -3.131884 21.479465 -5.939203 16.710293 -4.043692 -14.120462 -10.145226 -18.183411 0.013857 1.668140 -7.475042 18.325832 4.228971 11.093831 2.711252 -25.133612 -0.343776 11.247593 5.015378 -1.030358 12.045831 -17.525213 -5.806116 -15.894561 7.120133 -8.921541 2.214536
13.291409 -0.142012 0.863767 -0.639453 22.509609 -5.576826 14.196923 -4.325113 -15.077819 -11.977182 -20.408375 1.973924 2.435513 -4.742392 20.812626 3.006131 9.333989 2.044327 -25.545759 1.234556 10.718680 5.632707 -0.955295 12.588061 -19.237043 -5.698741 -16.695311 4.740909 -9.063796 1.967000
13.575122 1.056486 1.310949 0.989296 23.641701 -5.802873 12.033171 -3.472568 -16.217705 -13.234896 -22.754871 2.210205 2.079885 -3.522235 19.979767 1.814979 8.985567 2.058843 -25.324448 2.036981 9.459805 5.758088 -2.080137 12.640775 -20.589153 -6.737040 -16.827431 4.189560 -9.715282 0.945830
13.454052 1.857768 0.498930 1.972193 24.229160 -6.135119 10.730295 -2.515748 -17.182934 -13.972020 -24.354204 1.728364 1.099301 -2.698351 19.099247 0.801550 8.893597 3.240782 -24.559929 3.106037 8.295312 6.331320 -3.583185 12.106757 -21.351135 -7.784178 -17.227854 3.642433 -10.122155 -0.950972
13.743702 3.040322 -0.616020 2.636698 25.101156 -6.743339 9.026520 -1.292844 -18.076735 -14.607157 -26.158089 0.623405 0.771432 -2.904799 17.136503 0.184398 8.263325 5.552981 -24.043671 3.831271 7.356073 7.197207 -5.772377 11.077497 -20.317987 -8.484294 -16.544794 4.294326 -10.275906 -3.326731
13.883524 4.743950 -0.689064 2.425362 25.996956 -7.198469 7.178328 0.151402 -17.795580 -15.661847 -26.562191 -0.543568 -0.038548 -3.103425 15.992611 -0.710242 7.361173 7.385987 -23.915081 4.010589 6.830070 8.764314 -8.666257 10.454286 -18.861744 -8.270890 -14.957003 4.300327 -10.150064 -6.081390
14.655869 5.895318 0.494336 1.377172 26.325394 -6.572884 5.930951 0.576125 -15.780261 -16.975595 -26.442833 -2.058574 -0.579285 -3.744016 13.876407 -1.395655 6.707047 8.180687 -24.613554 4.346625 6.413846 9.652303 -11.312668 10.254815 -17.938107 -7.601085 -14.247597 3.794404 -9.708583 -8.257944
15.426100 5.869879 2.394142 0.634629 26.327795 -4.852694 5.325930 0.216457 -13.126201 -18.904200 -27.872503 -4.205384 -1.608716 -4.950205 10.219319 -1.299292 6.472891 10.060296 -24.769083 3.284147 6.599496 10.844330 -13.212189 10.573730 -17.109505 -6.817975 -12.855231 3.213234 -9.336417 -10.021512
16.102640 4.997172 3.662893 0.135134 26.313690 -3.652328 5.057893 -1.008813 -10.910817 -21.165102 -28.623196 -5.639727 -2.920759 -5.252317 7.563753 -0.538020 6.351898 11.619791 -24.192238 2.678319 6.664448 11.480646 -14.367760 10.329014 -15.741382 -6.644274 -12.107615 4.045133 -9.015783 -10.976455
17.293276 4.537464 4.950278 -0.244065 26.414459 -3.228590 4.187896 -1.840702 -9.082346 -23.274935 -28.533405 -7.763173 -3.828513 -5.498731 6.298463 -0.649435 7.370376 13.464950 -23.328230 2.062949 6.825830 11.440638 -15.595654 9.875803 -14.251359 -6.663986 -10.993002 5.364628 -8.666849 -10.765665
18.325979 3.906953 5.753106 -1.032135 25.950249 -2.703724 3.597838 -1.906919 -7.595362 -24.780210 -27.966906 -9.725654 -5.318720 -6.087362 5.133421 -0.985310 9.149049 14.373397 -22.360682 1.109967 6.954495 11.100949 -17.025288 9.734150 -12.668046 -6.271046 -9.801347 6.459356 -8.071984 -10.284212
18.673832 3.400016 6.071957 -1.348910 25.344835 -2.404080 2.895035 -1.491590 -6.831457 -25.871902 -28.482113 -11.046062 -5.608971 -6.337482 3.647823 -1.689826 10.413613 14.869079 -21.872627 -0.154754 6.444680 10.917928 -18.173943 9.712161 -11.376038 -5.948874 -9.128348 7.217554 -7.976021 -10.693430
18.675613 3.213727 6.567805 -1.639100 24.737398 -2.224731 2.694566 -1.198109 -6.285093 -26.244932 -29.113686 -11.627033 -5.575309 -6.611345 2.360008 -1.707004 10.642553 14.984532 -21.770052 -1.104839 6.451861 11.306304 -18.738056 9.698644 -10.424472 -5.820217 -8.419105 7.779359 -7.952859 -10.893492
18.355907 2.983781 6.747615 -1.696832 24.340513 -2.189945 2.753675 -1.136025 -6.192814 -26.380384 -29.079725 -11.782094 -5.889155 -6.674609 1.851869 -1.681359 10.745392 15.028135 -21.648567 -1.368945 6.347538 11.576275 -19.375036 9.705875 -10.054273 -5.756383 -7.961636 8.037472 -7.975712 -10.903870
18.189138 2.961134 6.883121 -1.742342 24.203129 -2.147321 2.884029 -1.093453 -6.175337 -26.329147 -29.019207 -11.729548 -5.903508 -6.716403 1.593549 -1.583808 10.745511 14.837031 -21.681273 -1.436705 6.278372 11.628443 -19.511396 9.757094 -9.937648 -5.686610 -7.831172 8.115194 -7.926444 -10.853007
18.251234 2.937007 6.870528 -1.725034 24.206537 -2.171038 2.896098 -1.133144 -6.137313 -26.350121 -29.064543 -11.752282 -5.876301 -6.692155 1.633824 -1.617205 10.735711 14.869011 -21.701788 -1.442254 6.292167 11.658839 -19.492771 9.790333 -9.977164 -5.698691 -7.844877 8.048194 -7.955884 -10.900354
18.532495 2.874624 6.801191 -1.638190 24.223415 -2.246575 2.953823 -1.218743 -6.048733 -26.395508 -29.127542 -11.808259 -5.732765 -6.634952 1.770168 -1.604753 10.572257 14.928477 -21.752083 -1.396129 6.310691 11.675632 -19.462816 9.836003 -10.041998 -5.736780 -7.897917 7.963171 -7.977084 -11.042089
19.065830 2.818695 6.713817 -1.453443 24.292574 -2.390965 3.049667 -1.372203 -5.894166 -26.497906 -29.321060 -11.843379 -5.506962 -6.511803 1.896792 -1.595547 10.320816 15.034383 -21.844263 -1.331002 6.390715 11.714189 -19.380365 10.032029 -10.188312 -5.799301 -7.862767 7.804479 -8.017947 -11.243049
19.591211 2.714868 6.633565 -1.171288 24.376678 -2.477145 3.245343 -1.555855 -5.748667 -26.629862 -29.429592 -11.940185 -5.274352 -6.352259 2.139213 -1.499356 10.165026 15.018397 -21.931643 -1.230903 6.431426 11.668128 -19.279207 10.337798 -10.320086 -5.842647 -7.901369 7.625037 -8.028083 -11.556651
20.251230 2.587264 6.498428 -0.864638 24.459826 -2.667485 3.586781 -1.780811 -5.579628 -26.708902 -29.609901 -12.007869 -4.820851 -6.289947 2.464640 -1.457744 9.917006 15.162299 -22.057775 -1.084130 6.448010 11.702282 -19.231527 10.467975 -10.557300 -5.932747 -7.990069 7.371380 -8.103385 -11.890122
20.999617 2.469353 6.442605 -0.531337 24.529236 -2.900937 3.996506 -1.964923 -5.284339 -26.812817 -29.784420 -12.093180 -4.370232 -6.184889 2.856639 -1.431755 9.588271 15.346989 -22.148289 -0.960451 6.459274 11.847861 -18.922503 10.689233 -10.788888 -5.899979 -8.184144 7.098307 -8.160081 -12.115368
21.753077 2.413126 6.313903 -0.310797 24.669205 -3.177107 4.456198 -2.149918 -4.968759 -26.848677 -29.784058 -12.083185 -3.925722 -6.158427 3.301127 -1.356801 9.008338 15.477111 -22.302782 -0.819390 6.502989 11.884665 -18.741980 10.953919 -11.240002 -5.979378 -8.263550 6.775416 -8.210622 -12.285229
22.552561 2.419993 6.172977 -0.014497 24.895588 -3.541022 4.942750 -2.513576 -4.639172 -26.805046 -29.758482 -12.061448 -3.540482 -6.104116 3.761255 -1.251122 8.280803 15.650419 -22.493887 -0.607624 6.527319 12.040886 -18.326649 11.453887 -11.729234 -6.007887 -8.299905 6.424608 -8.280600 -12.575788
23.377508 2.400431 6.210604 0.293198 25.034931 -3.887590 5.640013 -2.927178 -4.184937 -26.701857 -29.442888 -12.144135 -3.202223 -6.033163 4.560876 -1.211943 7.852423 15.727047 -22.730661 -0.253505 6.339716 12.016795 -17.997049 11.961507 -12.177198 -6.102145 -8.328246 6.225014 -8.346042 -12.794865
24.027559 2.436912 6.268198 0.591548 25.189140 -4.148584 6.469294 -3.379121 -3.803312 -26.428793 -29.157898 -12.091151 -2.846658 -5.917895 5.499955 -1.309373 7.206595 16.065273 -22.958567 0.171636 6.206244 11.972710 -17.581348 12.500434 -12.632399 -6.279407 -8.394275 6.092184 -8.511141 -13.146717
24.556992 2.281785 6.201544 0.954626 25.178520 -4.341033 7.334542 -3.798520 -3.514591 -26.209841 -29.039953 -12.025213 -2.616001 -5.786079 6.259130 -1.380703 6.544916 16.430796 -23.156187 0.565969 6.103433 11.974814 -16.800306 13.133257 -13.004642 -6.369551 -8.580619 5.950969 -8.719541 -13.309990
25.209740 2.094241 6.152725 1.461484 25.030998 -4.693042 8.079434 -4.235521 -3.275756 -25.968370 -28.886564 -12.165822 -2.177977 -5.897478 7.021781 -1.614288 6.141720 16.663750 -23.453711 1.066562 5.810406 11.881070 -16.397709 13.802439 -13.474851 -6.540091 -8.449933 5.751017 -8.909547 -13.533476
26.043428 1.874311 6.158742 2.215788 24.849030 -5.248744 8.816809 -4.727241 -3.103781 -25.664913 -28.564964 -12.309000 -1.791138 -5.880503 7.922664 -1.770015 5.531482 16.870701 -23.721697 1.491608 5.765234 11.800389 -15.818666 14.719519 -13.813731 -6.642295 -8.356753 5.463020 -9.182088 -14.090537
26.913256 1.680826 6.432617 2.954319 24.617805 -5.984977 9.342876 -5.090907 -2.911210 -25.499605 -28.243824 -12.476995 -1.451734 -5.946244 8.939977 -2.150018 4.931366 17.191675 -23.954947 1.833699 5.744470 11.733846 -15.237769 15.388855 -14.069004 -6.775855 -8.362706 5.347078 -9.444566 -14.425876
27.878183 1.486392 6.886002 3.808511 24.376278 -6.577805 9.993982 -5.665157 -2.674509 -25.303402 -28.189114 -12.507737 -1.137854 -6.035676 9.566670 -2.508713 4.343744 17.523861 -24.166174 1.987223 5.823596 11.837672 -14.639793 16.113352 -14.212116 -6.877473 -8.361099 5.175567 -9.727539 -14.821175
28.636129 1.366341 7.240964 4.597278 24.185303 -6.992188 10.664953 -6.254776 -2.540332 -25.039244 -28.158569 -12.330267 -0.732115 -5.965590 10.433482 -2.971177 4.076527 17.637365 -24.415503 2.199972 5.923919 11.770614 -14.105886 16.794102 -14.448220 -6.936934 -8.311534 4.984957 -9.883192 -15.095144
29.154785 1.334269 7.326281 5.152051 24.157539 -7.467994 10.920588 -6.720520 -2.591142 -24.807293 -27.980427 -12.246856 -0.421533 -5.882105 11.351899 -3.265232 3.836318 17.660774 -24.609724 2.379239 5.894226 11.588140 -13.878592 17.319906 -14.666297 -6.938997 -8.296935 4.799695 -9.962976 -15.335711
29.465704 1.202393 7.497250 5.545722 24.025459 -7.756072 11.204101 -7.122298 -2.610789 -24.625462 -27.704784 -12.179372 -0.258413 -5.879339 12.000911 -3.430370 3.560743 17.645691 -24.734827 2.534677 5.916231 11.639352 -13.645131 17.690966 -14.779366 -6.927181 -8.277915 4.629363 -10.031957 -15.570055
29.774786 1.154354 7.673934 5.787132 24.003376 -7.896028 11.355076 -7.441735 -2.540891 -24.551939 -27.456024 -12.142537 -0.171404 -5.854113 12.471475 -3.489627 3.321033 17.613186 -24.794979 2.653636 5.964884 11.563380 -13.322322 18.004896 -14.928121 -6.997584 -8.289668 4.534907 -10.142279 -15.642269
29.860434 1.162524 7.708239 5.840539 24.007973 -7.950197 11.419791 -7.520385 -2.534994 -24.483622 -27.342709 -12.086216 -0.163036 -5.820718 12.671960 -3.539127 3.259800 17.555794 -24.813576 2.692050 5.993953 11.589038 -13.198236 18.073198 -14.963194 -7.015765 -8.317475 4.501352 -10.177824 -15.640198
29.860434 1.162524 7.708239 5.840539 24.007973 -7.950197 11.419791 -7.520385 -2.534994 -24.483622 -27.342701 -12.086289 -0.162949 -5.820733 12.671941 -3.539159 3.259790 17.555813 -24.813612 2.692066 5.993755 11.589067 -13.198071 18.073553 -14.963202 -7.015657 -8.317334 4.501400 -10.177896 -15.640215
29.860701 1.162683 7.708171 5.840011 24.008142 -7.950351 11.419759 -7.520533 -2.534760 -24.483324 -27.342670 -12.086167 -0.163072 -5.820721 12.671966 -3.539102 3.259773 17.555740 -24.813570 2.692070 5.993755 11.589067 -13.198071 18.073553 -14.963202 -7.015657 -8.317334 4.501400 -10.177896 -15.640215
29.861090 1.161171 7.709742 5.839411 24.007614 -7.950276 11.420683 -7.522858 -2.533183 -24.484001 -27.342289 -12.084344 -0.158827 -5.817853 12.669250 -3.543665 3.266826 17.557007 -24.812141 2.688531 5.997826 11.584851 -13.195930 18.073479 -14.967503 -7.016684 -8.320436 4.501016 -10.176661 -15.638762
29.861187 1.161049 7.708908 5.839912 24.007515 -7.950619 11.420301 -7.521812 -2.533918 -24.484028 -27.341587 -12.084985 -0.159784 -5.819107 12.671520 -3.542648 3.263981 17.557497 -24.812841 2.689236 5.997630 11.582889 -13.195929 18.074980 -14.968238 -7.017001 -8.320188 4.501818 -10.176884 -15.639289
29.861145 1.160984 7.709292 5.839084 24.007874 -7.950436 11.419989 -7.522209 -2.533458 -24.484169 -27.342287 -12.085696 -0.159598 -5.818874 12.671657 -3.542926 3.264457 17.558117 -24.812656 2.689056 5.997630 11.582889 -13.195929 18.074980 -14.968238 -7.017001 -8.320188 4.501818 -10.176884 -15.639289
29.861145 1.160984 7.709292 5.839084 24.007874 -7.950436 11.419989 -7.522209 -2.533458 -24.484169 -27.342287 -12.085696 -0.159598 -5.818874 12.671657 -3.542926 3.264457 17.558117 -24.812656 2.689056 5.997630 11.582889 -13.195929 18.074980 -14.968238 -7.017001 -8.320188 4.501818 -10.176884 -15.639289
29.861145 1.160984 7.709292 5.839084 24.007874 -7.950436 11.419989 -7.522209 -2.533458 -24.484169 -27.341587 -12.084985 -0.159784 -5.819107 12.671520 -3.542648 3.263981 17.557497 -24.812841 2.689236 5.997630 11.582889 -13.195929 18.074980 -14.968238 -7.017001 -8.320188 4.501818 -10.176884 -15.639289
29.861145 1.160984 7.709292 5.839084 24.007874 -7.950436 11.419989 -7.522209 -2.533458 -24.484169 -27.342287 -12.085696 -0.159598 -5.818874 12.671657 -3.542926 3.264457 17.558117 -24.812656 2.689056 5.997630 11.582889 -13.195929 18.074980 -14.968238 -7.017001 -8.320188 4.501818 -10.176884 -15.639289
29.861145 1.160984 7.709292 5.839084 24.007874 -7.950436 11.419989 -7.522209 -2.533458 -24.484169 -27.342287 -12.085696 -0.159598 -5.818874 12.671657 -3.542926 3.264457 17.558117 -24.812656 2.689056 5.997630 11.582889 -13.195929 18.074980 -14.968238 -7.017001 -8.320188 4.501818 -10.176884 -15.639289
29.861145 1.160984 7.709292 5.839084 24.007874 -7.950436 11.419989 -7.522209 -2.533458 -24.484169 -27.342287 -12.085696 -0.159598 -5.818874 12.671657 -3.542926 3.264457 17.558117 -24.812656 2.689056 5.997630 11.582889 -13.195929 18.074980 -14.968238 -7.017001 -8.320188 4.501818 -10.176884 -15.639289
29.863197 1.152997 7.698720 5.846059 24.009027 -7.948262 11.425054 -7.521630 -2.544822 -24.484447 -27.341227 -12.085450 -0.158522 -5.818108 12.670172 -3.543697 3.266598 17.557840 -24.811815 2.689011 5.998277 11.583784 -13.197632 18.073641 -14.967421 -7.017019 -8.319194 4.500500 -10.176745 -15.639434
29.863796 1.150924 7.699679 5.846566 24.007568 -7.947475 11.425274 -7.522118 -2.544924 -24.485201 -27.339159 -12.087116 -0.157911 -5.819394 12.670594 -3.543349 3.266384 17.559040 -24.811216 2.689828 5.998032 11.584811 -13.196920 18.073589 -14.967146 -7.016654 -8.319407 4.501061 -10.176749 -15.639154
29.862883 1.152771 7.699170 5.845756 24.009216 -7.947927 11.424776 -7.521876 -2.544596 -24.484884 -27.341892 -12.085895 -0.158482 -5.817759 12.670457 -3.544011 3.267128 17.558336 -24.811583 2.688732 5.998334 11.584590 -13.197699 18.073442 -14.967184 -7.016857 -8.319203 4.500220 -10.176723 -15.639633
29.864799 1.151441 7.701061 5.846623 24.007290 -7.946173 11.424940 -7.521986 -2.544188 -24.485077 -27.329178 -12.076688 -0.157054 -5.823664 12.664253 -3.538003 3.256660 17.550930 -24.815748 2.694327 5.996971 11.590304 -13.206434 18.079145 -14.960553 -7.012971 -8.313025 4.500480 -10.174478 -15.641096
29.854456 6.576168 4.418979 -0.267445 18.279360 -13.193710 16.989166 -9.423326 -8.349803 -25.515989 -23.108566 -10.099230 -1.540915 -12.114627 8.934687 -3.435677 -0.529290 14.364098 -26.574211 8.715703 5.546669 13.967875 -12.423822 17.442728 -14.044942 -0.797540 -9.148118 1.348418 -9.060689 -12.905760
29.854456 6.576168 4.418979 -0.267445 18.279360 -13.193710 16.989166 -9.423326 -8.349803 -25.515989 -23.108566 -10.099230 -1.540915 -12.114627 8.934687 -3.435677 -0.529290 14.364098 -26.574211 8.715703 5.546669 13.967875 -12.423822 17.442728 -14.044942 -0.797540 -9.148118 1.348418 -9.060689 -12.905760
29.854456 6.576168 4.418979 -0.267445 18.279360 -13.193710 16.989166 -9.423326 -8.349803 -25.515989 -23.108566 -10.099230 -1.540915 -12.114627 8.934687 -3.435677 -0.529290 14.364098 -26.574211 8.715703 5.546669 13.967875 -12.423822 17.442728 -14.044942 -0.797540 -9.148118 1.348418 -9.060689 -12.905760
29.854456 6.576168 4.418979 -0.267445 18.279360 -13.193710 16.989166 -9.423326 -8.349803 -25.515989 -23.108566 -10.099230 -1.540915 -12.114627 8.934687 -3.435677 -0.529290 14.364098 -26.574211 8.715703 5.546669 13.967875 -12.423822 17.442728 -14.044942 -0.797540 -9.148118 1.348418 -9.060689 -12.905760
29.854456 6.576168 4.418979 -0.267445 18.279360 -13.193710 16.989166 -9.423326 -8.349803 -25.515989 -23.108566 -10.099230 -1.540915 -12.114627 8.934687 -3.435677 -0.529290 14.364098 -26.574211 8.715703 5.546669 13.967875 -12.423822 17.442728 -14.044942 -0.797540 -9.148118 1.348418 -9.060689 -12.905760
27.483397 2.029474 5.321422 2.917961 21.323055 -12.968680 14.895908 -6.917032 -4.964486 -22.146898 -23.470749 -12.539576 -0.829445 -8.919374 10.165083 -0.873339 0.931473 15.331855 -25.087423 6.867343 7.813397 14.275947 -12.264006 17.344736 -13.843554 -3.106609 -8.901822 2.102234 -8.606932 -12.499518
26.923769 0.610748 5.483174 3.825574 22.100153 -13.047207 14.396089 -6.387084 -3.918724 -21.177649 -23.453861 -13.013907 -0.785419 -8.540174 10.408252 -0.477113 1.252394 15.508448 -24.706308 6.560828 8.445029 14.307065 -12.311235 17.303268 -13.870833 -3.750621 -8.651503 2.328171 -8.335108 -12.272039
26.949963 0.339089 5.450250 3.890040 22.361189 -12.555859 14.117769 -6.282069 -3.776694 -21.029955 -23.399746 -13.032306 -0.823995 -8.569033 10.444428 -0.483578 1.333604 15.460975 -24.700907 6.555844 8.412921 14.443533 -12.290504 17.394945 -13.900109 -3.917194 -8.836802 2.167322 -8.655222 -12.026960
26.959358 0.401934 5.446067 3.858084 22.324495 -12.580238 14.138959 -6.297123 -3.815665 -21.070898 -23.390482 -13.032349 -0.822743 -8.561845 10.436967 -0.496432 1.318887 15.470902 -24.728119 6.553162 8.407606 14.459481 -12.282360 17.412699 -13.898469 -3.918202 -8.843476 2.158298 -8.679393 -12.023540
26.964973 0.416611 5.442816 3.846648 22.324890 -12.575558 14.136131 -6.300870 -3.822354 -21.078384 -23.388969 -13.030145 -0.824538 -8.560374 10.433401 -0.502215 1.317261 15.473825 -24.736725 6.553041 8.400530 14.464111 -12.279490 17.415295 -13.896641 -3.916831 -8.850876 2.154536 -8.691725 -12.020181
26.965052 0.416754 5.442830 3.846774 22.324615 -12.575001 14.136248 -6.300736 -3.822797 -21.078604 -23.389061 -13.030180 -0.824653 -8.559943 10.433133 -0.501477 1.316870 15.473590 -24.736059 6.552734 8.402483 14.464595 -12.279719 17.416542 -13.895914 -3.918211 -8.851327 2.154513 -8.692307 -12.020575
26.965101 0.416708 5.442546 3.846209 22.324520 -12.576882 14.136715 -6.301345 -3.822425 -21.078773 -23.388969 -13.030145 -0.824538 -8.560374 10.433401 -0.502215 1.317261 15.473825 -24.736725 6.553041 8.399925 14.463874 -12.280048 17.416056 -13.897031 -3.916625 -8.851287 2.153473 -8.692250 -12.019972
26.970839 0.420906 5.434716 3.842691 22.325678 -12.572561 14.136049 -6.301036 -3.828087 -21.079546 -23.388744 -13.029899 -0.825135 -8.560857 10.433148 -0.501545 1.316951 15.473053 -24.735516 6.552417 8.397237 14.462446 -12.281047 17.416483 -13.897870 -3.915470 -8.854604 2.149806 -8.693508 -12.020092
26.971010 0.420332 5.434597 3.842794 22.325975 -12.572025 14.135555 -6.300639 -3.827547 -21.079264 -23.388336 -13.031213 -0.824139 -8.560472 10.432509 -0.499312 1.315158 15.473965 -24.735474 6.553185 8.397237 14.462446 -12.281047 17.416483 -13.897870 -3.915470 -8.854604 2.149806 -8.693508 -12.020092
26.973589 0.421406 5.434681 3.843128 22.327272 -12.573956 14.138807 -6.303556 -3.825925 -21.077055 -23.390173 -13.031560 -0.822550 -8.561276 10.429978 -0.499990 1.316583 15.475400 -24.735857 6.551859 8.397141 14.461931 -12.280547 17.416903 -13.898245 -3.915390 -8.854686 2.149499 -8.693357 -12.019685
26.973589 0.421406 5.434681 3.843128 22.327272 -12.573956 14.138807 -6.303556 -3.825925 -21.077055 -23.390173 -13.031560 -0.822550 -8.561276 10.429978 -0.499990 1.316583 15.475400 -24.735857 6.551859 8.397141 14.461931 -12.280547 17.416903 -13.898245 -3.915390 -8.854686 2.149499 -8.693357 -12.019685
26.973589 0.421406 5.434681 3.843128 22.327272 -12.573956 14.138807 -6.303556 -3.825925 -21.077055 -23.390173 -13.031560 -0.822550 -8.561276 10.429978 -0.499990 1.316583 15.475400 -24.735857 6.551859 8.397141 14.461931 -12.280547 17.416903 -13.898245 -3.915390 -8.854686 2.149499 -8.693357 -12.019685
26.973589 0.421406 5.434681 3.843128 22.327272 -12.573956 14.138807 -6.303556 -3.825925 -21.077055 -23.390173 -13.031560 -0.822550 -8.561276 10.429978 -0.499990 1.316583 15.475400 -24.735857 6.551859 8.397141 14.461931 -12.280547 17.416903 -13.898245 -3.915390 -8.854686 2.149499 -8.693357 -12.019685
26.973589 0.421406 5.434681 3.843128 22.327272 -12.573956 14.138807 -6.303556 -3.825925 -21.077055 -23.390173 -13.031560 -0.822550 -8.561276 10.429978 -0.499990 1.316583 15.475400 -24.735857 6.551859 8.397141 14.461931 -12.280547 17.416903 -13.898245 -3.915390 -8.854686 2.149499 -8.693357 -12.019685
26.973589 0.421406 5.434681 3.843128 22.327272 -12.573956 14.138807 -6.303556 -3.825925 -21.077055 -23.390173 -13.031560 -0.822550 -8.561276 10.429978 -0.499990 1.316583 15.475400 -24.735857 6.551859 8.397141 14.461931 -12.280547 17.416903 -13.898245 -3.915390 -8.854686 2.149499 -8.693357 -12.019685
26.973589 0.421406 5.434681 3.843128 22.327272 -12.573956 14.138807 -6.303556 -3.825925 -21.077055 -23.390173 -13.031560 -0.822550 -8.561276 10.429978 -0.499990 1.316583 15.475400 -24.735857 6.551859 8.397141 14.461931 -12.280547 17.416903 -13.898245 -3.915390 -8.854686 2.149499 -8.693357 -12.019685
26.973589 0.421406 5.434681 3.843128 22.327272 -12.573956 14.138807 -6.303556 -3.825925 -21.077055 -23.390173 -13.031560 -0.822550 -8.561276 10.429978 -0.499990 1.316583 15.475400 -24.735857 6.551859 8.397141 14.461931 -12.280547 17.416903 -13.898245 -3.915390 -8.854686 2.149499 -8.693357 -12.019685
26.973589 0.421406 5.434681 3.843128 22.327272 -12.573956 14.138807 -6.303556 -3.825925 -21.077055 -23.390173 -13.031560 -0.822550 -8.561276 10.429978 -0.499990 1.316583 15.475400 -24.735857 6.551859 8.397141 14.461931 -12.280547 17.416903 -13.898245 -3.915390 -8.854686 2.149499 -8.693357 -12.019685
26.973589 0.421406 5.434681 3.843128 22.327272 -12.573956 14.138807 -6.303556 -3.825925 -21.077055 -23.390173 -13.031560 -0.822550 -8.561276 10.429978 -0.499990 1.316583 15.475400 -24.735857 6.551859 8.397141 14.461931 -12.280547 17.416903 -13.898245 -3.915390 -8.854686 2.149499 -8.693357 -12.019685
26.973589 0.421406 5.434681 3.843128 22.327272 -12.573956 14.138807 -6.303556 -3.825925 -21.077055 -23.390173 -13.031560 -0.822550 -8.561276 10.429978 -0.499990 1.316583 15.475400 -24.735857 6.551859 8.397141 14.461931 -12.280547 17.416903 -13.898245 -3.915390 -8.854686 2.149499 -8.693357 -12.019685
26.973589 0.421406 5.434681 3.843128 22.327272 -12.573956 14.138807 -6.303556 -3.825925 -21.077055 -23.390173 -13.031560 -0.822550 -8.561276 10.429978 -0.499990 1.316583 15.475400 -24.735857 6.551859 8.397141 14.461931 -12.280547 17.416903 -13.898245 -3.915390 -8.854686 2.149499 -8.693357 -12.019685
