-1.847414 -6.906126 -0.692496 -6.278600 14.124774 -6.969695 19.690470 3.793276 -15.438300 -16.047142 -9.350557 -7.319467 -14.914707 -5.157866 10.869835 8.172600 6.185978 -3.644889 -22.771420 1.202678 5.636417 -7.217058 0.986686 2.205518 -18.756596 6.746941 -12.000633 17.103603 4.937504 0.908277
-2.201313 -6.856128 -1.010322 -6.023751 14.246611 -6.931174 19.712627 3.818590 -15.819541 -16.032841 -9.275184 -7.387565 -14.521775 -5.198835 10.986497 8.287746 6.358555 -4.028810 -22.868769 1.198688 5.741809 -7.219446 1.125767 1.919433 -18.774462 6.798021 -12.224366 17.092541 4.971591 1.022796
-2.484600 -6.841732 -1.362692 -5.793173 14.360675 -6.896696 19.712055 3.817032 -16.209209 -16.012140 -9.153716 -7.524854 -14.022125 -5.238003 11.121083 8.470905 6.520382 -4.532598 -22.971586 1.111138 5.848267 -7.176722 1.259304 1.748100 -18.808075 6.799513 -12.358836 17.058399 4.971324 1.140410
-2.980047 -6.828930 -1.505688 -5.307323 14.187436 -6.604062 19.696678 4.441870 -16.757635 -16.304556 -8.402287 -7.775192 -13.571958 -5.530849 11.026194 9.400973 6.239413 -5.483027 -23.105246 0.802261 6.044406 -7.269783 1.175700 1.849648 -18.506001 6.879086 -12.517804 16.986883 4.944776 0.932203
-3.680167 -7.248098 -1.427120 -4.543057 13.912763 -6.028337 19.789928 5.422972 -17.413631 -16.760349 -7.199308 -8.041984 -14.200954 -5.935253 10.392678 10.834591 5.237839 -5.888663 -22.820042 0.290166 6.439087 -7.836997 0.634391 2.136620 -17.474007 7.206167 -13.115692 16.862455 4.925629 -0.180308
-4.807331 -7.909162 -1.680000 -3.767205 13.878242 -5.454657 20.083456 6.063642 -18.339973 -17.182224 -6.198083 -8.238638 -14.604232 -6.387602 10.030252 11.942854 4.634844 -6.353107 -22.846846 -0.078528 6.900064 -8.134098 0.459488 2.390520 -16.841280 7.493652 -13.700831 16.717752 4.929869 -0.937522
-5.286489 -7.828874 -2.336259 -3.411302 14.174832 -5.206025 19.942965 6.752854 -19.008944 -17.306360 -5.862418 -8.373853 -14.593553 -6.678410 10.094154 12.102034 4.779094 -6.814508 -23.151886 -0.469683 7.027496 -8.304719 0.397097 2.339680 -16.722090 7.710691 -14.132504 16.537477 4.937757 -1.184465
-5.132978 -7.240850 -3.101765 -3.574363 14.649875 -5.008875 19.490177 7.734442 -19.439180 -17.384607 -5.699361 -8.421245 -14.640155 -7.000431 9.911304 11.850204 4.665022 -7.290640 -23.530973 -1.230857 6.928130 -8.596143 0.146306 2.238404 -16.684414 7.884676 -14.490047 16.311150 4.950645 -1.333020
-4.849152 -6.699646 -3.484625 -3.683669 15.019102 -4.946049 19.071629 8.548756 -19.671921 -17.491964 -5.662563 -8.559025 -14.365106 -7.096375 9.899107 11.603127 4.821864 -7.897374 -23.921129 -2.016060 6.774583 -8.843532 -0.094440 2.145786 -16.647486 8.014636 -14.796460 16.107849 4.910287 -1.445598
-4.649377 -6.425534 -3.499209 -3.801120 15.208225 -4.997126 18.808136 8.975655 -19.622849 -17.550917 -5.766833 -8.589417 -14.413377 -7.044262 9.910114 11.404394 4.886908 -7.960261 -23.937914 -2.347911 6.696273 -8.929896 -0.158409 1.998215 -16.706690 8.032935 -15.016454 15.976531 4.845869 -1.358956
-4.821611 -6.572128 -3.296138 -3.858348 15.150661 -4.978357 18.789209 9.165199 -19.507626 -17.708984 -5.625888 -8.548388 -14.582845 -7.120121 9.738957 11.559141 4.721023 -8.128139 -23.970686 -2.587379 6.664486 -8.949247 -0.188474 1.935566 -16.687107 8.074039 -15.166696 15.897987 4.761839 -1.336649
-4.103950 -7.018313 -1.135813 -4.850068 14.048057 -5.261429 18.368134 10.608635 -17.644878 -18.837265 -4.511707 -8.460303 -16.919479 -7.832964 7.975689 12.329408 2.247407 -7.406372 -23.768496 -4.049565 6.309986 -9.464583 -1.566626 3.340187 -15.844671 8.220735 -14.957424 15.530630 4.383004 -2.759517
-0.950014 -5.925735 4.204391 -4.563927 11.814960 -6.932277 18.069599 13.918230 -15.077441 -20.519945 -2.654032 -8.995914 -21.285484 -8.834373 5.850551 12.029221 -2.018886 -3.659049 -23.052774 -6.202370 6.162426 -10.451566 -3.875885 6.472456 -14.384330 8.290011 -13.699691 15.473428 4.675613 -6.644570
2.657013 -6.754011 10.120912 -5.424679 11.553611 -4.244977 16.258942 16.931803 -9.943792 -20.257139 0.189260 -9.031323 -27.381935 -11.200541 4.160250 10.085661 -5.105814 0.194490 -22.331553 -7.850671 6.032845 -12.752944 -7.828815 9.672900 -13.422689 9.046348 -11.696265 14.484461 5.912810 -8.532337
4.439992 -16.670237 13.230420 -7.117055 8.349473 7.275890 11.734100 17.474747 -3.891424 -22.969769 2.361824 -6.199932 -38.135895 -13.448594 6.195331 4.524128 1.592181 4.206999 -14.852845 -3.715521 6.255497 -13.504784 -12.015303 10.536133 -18.460871 7.151175 -9.177472 10.739677 7.186599 -5.045591
9.545094 -21.639338 16.309341 -12.738991 9.315131 4.105819 8.104717 11.926585 7.704369 -19.155027 -3.125139 1.585000 -42.049072 -15.220363 4.275567 1.181808 -0.571308 8.647248 -10.377484 6.982974 2.506196 -13.841648 -16.538130 9.523405 -19.165930 5.926157 -3.327093 12.952623 7.075609 3.026444
12.317422 -25.444647 11.252953 -14.580924 7.725915 -7.281715 12.893025 3.303698 9.711123 -16.950277 -12.065788 4.883244 -38.638878 -11.977672 2.059912 4.086095 -1.317959 9.885100 -7.195126 13.339820 0.158454 -10.123700 -16.901060 9.632793 -19.994724 5.087059 2.569406 13.809566 5.636348 8.327524
7.194365 -23.425320 5.926856 -16.965120 8.400163 -13.871130 16.005054 -2.255933 7.646445 -14.752845 -17.688261 5.801019 -36.113838 -5.013101 3.122527 7.140289 3.017038 9.117496 -4.290253 14.952966 -0.574107 -5.746186 -16.048019 9.836536 -22.763628 3.282326 3.114615 10.715903 2.479745 9.936703
3.047603 -19.098848 -0.031795 -21.826313 13.542965 -15.064682 13.841053 -5.012790 6.056499 -11.613317 -22.262165 4.845314 -31.615240 -0.227189 5.154741 8.903620 6.765249 8.911598 -2.727760 15.690037 -0.660571 -3.447302 -14.742903 7.917661 -25.506313 1.390691 1.903799 9.484991 1.017035 11.407498
1.259965 -18.003286 -3.226722 -24.920240 14.740849 -13.897764 12.690692 -7.064760 5.689363 -10.926461 -24.531265 4.860766 -29.567936 2.427620 6.363845 9.188298 7.846068 8.459961 -2.439019 15.736320 -0.665608 -2.248245 -14.008049 6.878501 -26.422150 -0.070797 1.156613 9.611071 0.029180 11.660132
1.214535 -17.896381 -3.494693 -25.087357 14.970732 -13.596966 12.472021 -7.306718 5.657474 -10.884557 -24.858068 4.975006 -29.444031 2.831646 6.428464 9.285144 7.958296 8.230586 -2.375829 15.662204 -0.643117 -2.064878 -13.801136 6.745975 -26.478535 -0.233112 1.150299 9.763309 -0.082329 11.651648
1.338110 -17.956701 -3.762923 -25.561867 15.364217 -13.068079 11.885819 -7.561329 5.906193 -11.052745 -24.934340 4.963127 -29.283791 3.234201 6.489357 9.531376 8.046886 8.171813 -2.376254 15.756822 -0.670864 -1.929217 -13.647178 6.776254 -26.533054 -0.267551 1.295016 9.866314 -0.109505 11.682665
1.830916 -17.865551 -3.917393 -25.670544 16.270660 -12.302853 11.001990 -8.183689 6.289894 -11.169907 -25.114971 5.092856 -29.037384 3.896060 6.579391 10.031665 8.144405 7.922828 -2.382586 15.881825 -0.745626 -1.760700 -13.349436 6.757858 -26.524767 -0.342972 1.608777 10.280199 -0.099092 11.809790
2.275967 -18.064379 -3.752785 -25.740244 16.831554 -11.249331 9.630621 -8.788322 6.780261 -12.089926 -25.314522 5.341086 -28.616684 4.332047 6.740321 10.509336 8.032655 7.438738 -2.505073 15.983130 -0.926539 -1.602983 -13.187874 6.626370 -26.554565 -0.328380 1.800108 10.465279 -0.156349 12.062115
2.043993 -18.355642 -2.531633 -24.923672 16.720074 -10.122649 8.803987 -9.667248 7.401051 -12.764816 -25.430374 5.620855 -27.976280 4.579398 6.752995 11.189190 7.603977 6.880082 -2.851200 16.189722 -1.189888 -1.604672 -13.042630 6.513368 -26.450634 -0.193617 1.726891 10.536987 -0.305696 12.019764
1.114472 -18.860018 -1.389886 -23.899427 16.672028 -8.628177 8.294153 -10.257721 7.282700 -12.797513 -25.491552 6.047741 -27.360828 4.685996 6.809823 11.890892 7.382509 6.001082 -3.279030 16.392555 -1.286399 -1.536854 -12.677938 6.332033 -26.341270 -0.090941 1.626363 10.769388 -0.412310 11.959998
0.623493 -18.966803 -0.275685 -21.960855 17.332653 -8.503247 8.209192 -10.735398 6.886376 -13.171877 -25.485685 6.452049 -26.675339 4.702192 6.917301 12.729226 7.350009 4.893539 -3.657302 16.859955 -1.029242 -1.436733 -12.164259 5.701383 -26.164255 -0.012687 1.309115 11.162609 -0.393389 11.970106
0.135925 -19.153280 0.268356 -20.469141 17.310921 -8.847288 8.052177 -10.745262 6.126359 -13.131060 -25.312033 6.547405 -26.097975 4.231369 6.948808 13.115689 7.103049 4.114680 -4.084745 17.059540 -0.911898 -1.511291 -11.816992 5.123528 -26.006872 0.073642 0.914046 11.443719 -0.427559 12.047649
0.411110 -19.496702 0.234266 -19.211355 17.541876 -9.022956 8.039059 -10.800353 5.620915 -12.914917 -25.344728 6.765173 -25.529079 3.843524 7.148317 13.243486 7.130693 3.387656 -4.374449 17.342051 -0.784194 -1.400980 -11.493690 4.715305 -26.062748 0.030084 0.741607 11.555639 -0.428028 12.249170
0.454346 -19.304287 0.123007 -19.099817 17.679634 -9.352022 8.074526 -10.637800 5.325709 -12.552372 -25.661263 6.884823 -25.289246 3.797753 7.113987 13.082705 7.317013 3.074339 -4.488291 17.331280 -0.725863 -1.454675 -11.337031 4.574057 -26.082239 0.082370 0.642352 11.612310 -0.372718 12.288378
0.470986 -19.265224 0.122207 -19.027807 17.756226 -9.367717 8.024502 -10.647530 5.299093 -12.558006 -25.704224 6.877959 -25.243059 3.774336 7.137967 13.026400 7.399642 2.993133 -4.517353 17.276251 -0.694239 -1.464356 -11.302923 4.519345 -26.070490 0.074749 0.616706 11.643000 -0.354670 12.320000
0.088443 -19.158358 -0.185687 -18.544018 17.976362 -9.788803 8.151270 -10.705662 4.748717 -12.571865 -25.873722 6.919947 -24.917521 3.611952 7.203432 12.953260 7.521109 2.502900 -4.716767 17.164864 -0.642603 -1.466442 -11.251128 4.363777 -26.082161 0.064152 0.561930 11.671021 -0.329625 12.353079
0.212912 -18.902842 -0.562240 -18.129091 18.200535 -10.180420 8.370127 -11.090261 4.267582 -12.384491 -26.336029 7.025180 -24.326797 3.255504 7.289664 12.475721 7.907214 1.981565 -5.007093 17.256136 -0.479936 -1.308064 -10.805990 3.901255 -26.099136 0.043820 0.126859 11.667495 -0.413556 12.278465
0.178908 -18.609591 -1.491998 -17.168760 18.586245 -10.574353 8.968969 -11.392955 3.039216 -12.424888 -26.786800 7.010209 -23.431011 2.641832 7.543955 11.677450 8.255370 1.452371 -5.532182 17.418903 -0.245750 -1.068473 -10.260592 3.400837 -26.018366 0.004301 -0.294666 11.753635 -0.536906 12.168867
-0.196394 -17.958357 -3.102485 -15.874714 19.468361 -11.468496 9.383938 -11.853018 1.170117 -11.706354 -26.967781 6.706977 -22.112083 1.859207 7.634025 11.437092 8.577882 0.384142 -6.103439 17.394588 0.380051 -0.734983 -9.481121 2.809283 -25.767130 0.000711 -0.937521 11.808344 -0.721273 11.997940
-0.377761 -17.713453 -4.524930 -14.913575 20.406952 -11.905544 10.905130 -13.787348 -0.217672 -10.234125 -26.534317 5.810977 -20.571835 0.920763 7.817293 11.510197 8.331815 -0.463181 -6.887733 16.818722 1.356514 -0.254435 -8.843237 1.972460 -25.504841 -0.039787 -1.854837 11.560902 -0.939733 11.462468
1.168401 -17.780172 -5.185561 -13.854765 21.120977 -11.637110 12.185165 -15.501571 -0.977655 -8.323695 -27.057362 5.527173 -18.897535 0.354715 7.955871 11.071008 8.117821 -0.526695 -7.449906 16.980179 2.086001 0.382107 -8.104675 0.926583 -25.510151 -0.220212 -2.994034 11.285451 -1.195180 10.447350
3.370245 -1.377362 -6.001150 -18.383902 13.640819 -8.358058 20.228960 -13.519129 -16.168198 -15.354816 -17.433441 4.716960 -14.064751 2.184604 15.097030 8.392002 8.572799 -8.312028 -19.517860 12.241663 1.349012 6.154982 0.821362 3.833402 -23.649771 6.396290 1.078790 15.742884 3.352887 4.908395
5.160508 0.221887 -4.781681 -16.134005 14.104239 -7.671212 20.994801 -11.920537 -17.506691 -14.766052 -16.597542 3.317075 -11.629304 0.083499 15.188714 8.699871 6.666959 -8.247018 -20.851652 11.999062 2.278123 6.350764 2.172290 3.808976 -22.667656 6.704313 -0.422174 15.982034 3.216069 3.685669
8.380906 1.263415 -4.166438 -14.267171 14.860904 -6.187816 21.091316 -10.072617 -18.062954 -14.078549 -14.271221 1.363036 -9.829223 -2.289973 16.134918 8.874217 5.681531 -8.109288 -22.194162 12.407982 3.165583 6.114933 3.269137 4.195445 -21.547348 7.526263 -1.961351 16.035040 3.258691 2.166241
7.915413 -4.565620 0.212073 -8.309789 18.156734 -3.363984 18.743462 -5.654909 -12.446983 -11.065323 -13.001801 -6.603542 -8.238931 -3.387211 13.770653 11.752705 10.041879 -4.982140 -20.980917 10.042809 4.754820 2.211385 4.727171 4.936760 -22.257587 4.234788 -5.749106 16.242290 1.487993 1.004110
10.563066 -4.550805 2.647307 -8.222993 17.396729 -3.736269 20.064669 -5.087893 -10.393251 -10.698396 -11.457651 -7.973409 -8.110801 -5.527655 13.532278 11.133571 7.287705 -3.735379 -22.110498 9.552968 5.246061 0.922379 4.943578 5.728149 -21.193275 4.806143 -6.778550 16.434074 1.768921 -0.785801
12.479080 -4.310034 4.936758 -8.023920 16.145897 -4.856006 21.224602 -3.582795 -8.957355 -10.365990 -9.748009 -8.850713 -8.919493 -7.320122 13.234000 11.019264 4.034509 -1.993907 -22.658381 10.102935 5.499935 -0.122758 4.854971 6.579801 -20.056761 5.437856 -7.541626 16.496494 1.973535 -2.360955
14.354653 -4.107106 6.234651 -7.367158 15.339297 -4.992008 22.183281 -1.735549 -8.574475 -10.105882 -8.327377 -9.342123 -10.262007 -9.188709 12.099820 11.563366 0.191050 1.330607 -22.370054 12.279235 5.760713 -1.161828 4.631634 7.394962 -19.007404 5.997737 -8.100677 16.613853 2.310083 -3.445030
15.274159 -4.316051 7.634054 -6.337977 14.432287 -4.530622 22.996889 0.135809 -8.575831 -10.429617 -7.580103 -9.402921 -11.514644 -9.735717 11.710385 11.316140 -1.162888 3.353584 -22.026966 12.928580 5.906120 -2.059049 4.221806 8.218088 -18.358749 6.369260 -8.266222 16.724131 2.661397 -4.044487
14.865086 -4.688284 8.653026 -5.233308 13.288764 -4.469659 23.809269 1.856682 -9.124849 -10.914056 -6.933950 -9.576301 -13.060195 -9.834832 11.554855 10.450062 -1.246759 4.044198 -21.992586 11.730593 5.852798 -3.085297 3.493974 8.739198 -17.804741 6.674055 -8.327868 17.071474 3.115666 -4.105077
13.960260 -5.056300 9.007979 -4.937584 12.568716 -4.858568 24.262934 3.436994 -9.347675 -11.466932 -6.406811 -9.769968 -14.329912 -10.114214 11.529592 9.644073 -1.468305 4.610919 -22.121969 10.629163 5.773901 -3.819194 2.889910 9.079049 -17.510237 6.827840 -8.236249 17.298830 3.491690 -4.011344
13.038581 -5.552372 8.858596 -5.180935 12.092542 -5.373831 24.663834 4.620005 -9.331109 -11.974310 -6.038057 -9.826983 -15.240063 -10.377376 11.431869 9.104229 -1.859899 4.978380 -22.203058 9.851767 5.669906 -4.315516 2.434607 9.358011 -17.389439 6.848358 -7.975258 17.454714 3.752177 -3.754035
12.484272 -5.977041 8.559969 -5.549769 11.858657 -5.719079 24.769522 5.146178 -9.205875 -12.404879 -5.808523 -9.862557 -15.814801 -10.585179 11.298907 8.677296 -1.871456 5.197366 -22.180845 9.558252 5.557025 -4.632615 2.165062 9.539344 -17.335945 6.842476 -7.752510 17.536388 3.886882 -3.569233
12.219809 -6.227963 8.399964 -5.703304 11.689671 -5.854505 24.796200 5.339856 -9.172973 -12.625950 -5.729669 -9.895927 -16.052397 -10.680387 11.199992 8.504152 -1.864893 5.352718 -22.161219 9.383511 5.466983 -4.775613 2.004987 9.575295 -17.312067 6.805445 -7.626584 17.587736 3.954103 -3.444507
