26.971680 0.460187 5.291109 3.773187 22.463636 -12.499805 14.095557 -6.361026 -3.814359 -21.097919 -23.519413 -13.074948 -0.808373 -8.591841 10.231337 -0.451533 1.361742 15.531048 -24.728363 6.499759 8.327430 14.562317 -12.427181 17.339937 -13.837916 -3.960524 -8.749217 2.282320 -8.710220 -12.019646
26.193171 0.497221 4.905780 3.234869 22.623686 -12.133069 13.587064 -5.736124 -4.013223 -21.409567 -24.114473 -13.032317 -0.940097 -8.490201 9.311418 -0.304470 1.926941 15.551759 -24.619629 6.235388 8.231101 14.338914 -13.040142 16.743185 -13.666564 -3.942062 -8.722506 2.597091 -8.527407 -11.708794
24.749449 0.408680 4.104804 2.319802 22.787260 -11.562815 12.636702 -4.647146 -4.490484 -21.940859 -24.671152 -12.812314 -1.458343 -8.311427 7.835732 0.287632 2.700344 15.102220 -24.370100 5.759007 8.270798 14.278643 -13.904238 15.564213 -13.339535 -3.916255 -8.814427 3.014553 -8.244570 -11.162184
22.817225 0.624784 2.859882 1.173624 23.053669 -10.837390 11.522945 -3.294971 -5.239100 -22.282125 -25.424591 -12.497367 -2.026942 -8.066568 5.803928 0.991436 4.020913 14.408602 -23.944645 5.076030 8.328921 13.953740 -14.909116 14.059836 -12.970670 -3.778425 -9.031457 3.425663 -7.671317 -10.475935
21.568342 0.764239 2.389525 0.041394 23.474258 -9.845928 9.941025 -2.292443 -5.789795 -22.970270 -26.144621 -12.166979 -2.899108 -7.842674 3.831631 1.314342 5.357996 14.062183 -23.360325 4.045346 8.536307 14.014328 -15.854009 12.482864 -12.326159 -3.776553 -9.430255 3.827270 -7.395879 -10.191942
20.361755 0.667430 2.197457 -0.419264 23.466385 -9.067068 7.983300 -1.383186 -6.757178 -23.898092 -26.473797 -12.174613 -3.666164 -7.984245 2.210526 1.356748 6.862923 13.799729 -22.904554 2.956998 8.430729 13.876048 -16.663736 11.489882 -11.593010 -3.731615 -9.603326 4.362577 -7.141364 -9.960793
19.013277 0.716085 2.368518 -0.768670 23.307631 -7.991408 6.491589 -0.838787 -7.591560 -24.416431 -26.780590 -11.990005 -4.415989 -8.061454 0.987335 1.012813 8.309466 13.868711 -22.455215 2.096237 8.389384 13.797658 -17.263096 10.332150 -10.877141 -3.899811 -9.910602 5.024706 -7.093741 -9.770868
17.898743 0.943360 2.609293 -0.972184 23.255981 -7.607440 5.041345 -0.281097 -8.286492 -24.830559 -26.617228 -11.827666 -5.257074 -8.417209 -0.104772 0.883174 9.370290 13.684001 -22.181561 1.524724 8.310136 13.936465 -17.627922 9.630646 -10.311610 -3.851744 -9.962405 5.499005 -6.983444 -9.561510
16.853714 1.324581 3.100059 -1.438584 23.115524 -7.056702 4.392418 0.093976 -8.586828 -24.732248 -26.287296 -11.731803 -5.983914 -8.831433 -0.816262 0.775742 9.830190 13.764602 -21.940065 1.249038 8.231918 13.940922 -17.642603 9.198485 -10.079499 -3.703598 -10.048291 5.850724 -6.857541 -8.859070
16.105534 1.508984 3.364912 -1.698847 23.014091 -6.696221 4.135122 0.299256 -8.862309 -24.553858 -26.012627 -11.587337 -6.392788 -9.085471 -1.118066 0.758313 10.223278 13.773133 -21.735647 1.083209 8.130238 13.899192 -17.650541 8.899602 -9.884904 -3.591802 -10.143668 6.118574 -6.730747 -8.379629
16.217075 1.510848 3.233465 -1.688487 23.140230 -6.729637 4.095202 0.286992 -8.898717 -24.556185 -26.023598 -11.548997 -6.356009 -9.057630 -1.004728 0.696332 10.162613 13.885995 -21.708143 1.129605 8.149711 13.884762 -17.612543 8.882536 -9.940289 -3.592857 -10.214440 6.079387 -6.698986 -8.412315
16.664118 2.383226 2.670905 -2.245201 24.101198 -7.751680 4.528800 0.038616 -8.983086 -23.028223 -25.821564 -11.199386 -5.910040 -8.648707 0.205196 0.350588 10.770873 13.525101 -21.788214 2.142566 8.393902 13.836216 -16.930866 9.018291 -10.662089 -3.372646 -10.523892 5.365678 -6.540889 -8.333269
14.419658 4.788603 2.200282 -3.453951 24.769608 -8.861925 6.540844 0.022958 -10.092456 -18.206121 -24.928314 -10.440949 -5.570485 -7.943929 3.154916 -0.157959 11.686988 13.282735 -21.725586 4.722973 8.887234 14.579397 -14.763700 9.781449 -12.492623 -3.335835 -10.850249 4.065569 -6.707654 -7.287846
14.762356 6.057829 -0.644082 -2.887348 25.354828 -11.130638 7.369965 1.557998 -13.477588 -13.830710 -24.874825 -8.443326 -3.426947 -7.895605 7.151072 -0.973584 12.955159 10.762942 -22.769918 5.892702 8.643090 15.406054 -12.889791 11.115470 -14.357450 -3.483266 -11.204960 2.531107 -7.304001 -6.491299
14.246106 7.200185 -1.849296 -3.591763 25.242004 -12.136990 7.522894 2.071229 -17.118324 -9.085654 -23.557007 -6.430841 -1.085410 -6.606828 13.063253 -1.604903 14.695858 9.191362 -22.570223 6.059247 9.005011 15.727065 -9.362173 12.032424 -15.427587 -3.472873 -12.725623 2.271715 -7.957441 -4.195746
11.417127 6.481246 -1.594463 -6.939806 25.215813 -11.359454 13.480808 -0.650366 -16.286633 -4.380405 -20.652685 -4.902394 -2.045418 -5.654286 16.010220 1.680759 12.399077 6.413832 -22.528055 6.567663 9.919630 15.157340 -5.541938 13.630072 -16.045197 -3.397670 -13.787131 2.718250 -8.573372 -1.626268
10.163652 4.626194 -0.117413 -7.175756 23.405334 -13.970258 18.751883 -3.171403 -15.409902 -1.896883 -18.544191 -3.790575 -0.021772 -5.912445 16.803928 4.917573 9.247126 2.491989 -23.983095 5.164066 10.574356 15.678098 -2.848961 14.832053 -14.816777 -3.065623 -13.193297 4.150217 -9.020804 -0.458858
8.605659 -0.205646 0.893727 -6.896970 19.162868 -12.271194 21.504539 -2.811892 -15.266976 -2.761577 -15.462099 -5.135209 -0.465146 -7.398415 15.832162 7.032314 7.671735 2.376239 -23.776382 4.474148 10.637064 14.052192 -0.722125 14.813518 -13.801834 -3.189887 -13.303084 6.866181 -8.661100 1.437403
8.962297 -2.089619 5.323907 -5.703855 15.940618 -9.344852 23.090462 -3.145449 -14.392708 -3.897974 -13.536319 -6.020985 -1.669911 -8.782155 14.317373 8.279907 4.936449 3.294146 -23.791849 4.453165 10.193883 13.266301 -0.401449 14.864947 -12.452602 -3.366846 -13.223420 8.653481 -8.568529 1.289107
9.216365 -2.627780 7.476138 -5.560379 14.629281 -8.915062 23.932858 -3.134796 -13.425525 -4.438187 -13.275516 -6.092257 -2.512037 -9.241172 13.186658 8.753716 3.707437 3.883361 -23.700203 4.310525 9.976444 12.790179 -0.627542 14.789771 -11.537195 -3.371629 -13.229084 9.420418 -8.426712 1.002174
9.425299 -2.619549 7.958753 -5.324434 14.488215 -8.897964 23.975101 -3.043815 -13.356109 -4.497575 -13.252907 -6.183911 -2.761587 -9.373289 12.880003 8.726244 3.577393 4.107255 -23.704897 4.217147 9.951271 12.728068 -0.669096 14.788102 -11.403681 -3.363852 -13.226249 9.521975 -8.408552 0.921248
9.767726 -2.422453 8.942642 -4.978176 14.271564 -8.612941 24.186726 -2.798842 -13.024575 -4.541076 -13.093737 -6.237769 -3.082942 -9.671176 12.504856 8.869144 2.722651 4.591670 -23.680424 4.511431 9.881196 12.498816 -0.742550 14.745013 -11.238955 -3.291109 -13.328448 9.683555 -8.320123 0.830886
10.161175 -2.205257 9.842767 -4.960499 13.770917 -8.466779 24.527023 -1.990455 -12.663054 -4.653641 -12.827477 -6.306067 -3.799816 -10.218414 11.855119 9.102433 1.036054 5.793360 -23.539850 5.141709 9.852648 12.158366 -0.984154 14.805025 -11.014524 -3.130715 -13.402932 9.846807 -8.113405 0.581533
10.426361 -2.452830 11.182796 -4.830252 12.904011 -8.889085 25.128719 -1.052259 -11.939134 -4.819978 -12.107613 -6.106579 -5.091167 -10.816747 10.695486 10.060791 -1.979778 7.426338 -23.096327 6.840840 9.964009 11.757154 -1.268259 14.998097 -10.613710 -2.779694 -13.538596 9.956454 -7.766057 0.181956
9.211184 -2.179148 13.553479 -3.606006 12.099781 -10.105499 26.261383 0.343295 -11.350604 -5.273540 -11.103838 -6.053402 -6.466756 -11.370958 9.670775 11.187632 -5.062784 9.298715 -22.482321 9.063997 10.100951 11.244330 -1.706556 15.534297 -10.192481 -2.446058 -13.347769 9.841073 -7.412989 -0.496311
8.355511 -1.927838 15.355006 -2.074383 11.340686 -10.458776 27.627172 2.319456 -11.650811 -5.641414 -10.204674 -5.882770 -8.582133 -11.806443 8.525340 11.776790 -7.827930 11.420465 -21.803705 10.427857 10.168073 10.630194 -2.219939 16.265921 -9.847564 -2.196941 -12.928067 9.554438 -7.093344 -1.398203
4.850108 -1.431676 17.779713 0.057162 10.306634 -12.391595 29.560513 5.147995 -12.607551 -6.267778 -10.120316 -5.434155 -10.664451 -11.428436 7.592060 11.599918 -9.180617 12.566428 -21.326292 9.674170 10.176657 10.185522 -2.919548 16.859501 -9.615939 -1.953419 -12.520057 9.461259 -6.709948 -2.133166
2.797676 -2.130298 17.558666 -0.219809 9.439942 -13.614410 30.261463 7.086381 -12.997197 -7.174600 -10.229610 -5.281122 -12.446360 -11.342443 6.887722 10.844332 -9.736555 13.547323 -21.157906 8.223014 10.192734 9.938378 -3.336904 17.252094 -9.570327 -1.842580 -12.257277 9.533998 -6.393711 -2.527065
1.526965 -3.075885 16.426006 -1.272347 9.114964 -14.149616 30.158773 7.818795 -13.032682 -8.056886 -10.340843 -5.089798 -13.668042 -11.588274 6.185221 10.316233 -9.726460 13.868987 -21.031597 6.989271 10.205157 9.945289 -3.667758 17.452864 -9.594463 -1.820046 -11.889587 9.461533 -6.216984 -2.789463
0.386175 -3.274174 16.232529 -1.311733 8.962387 -14.413033 30.263252 8.232408 -13.238599 -8.410282 -10.489975 -4.919048 -14.230163 -11.582191 5.841045 9.873505 -9.267433 13.874721 -20.992655 6.095464 10.190931 9.940623 -3.725061 17.513292 -9.672407 -1.819238 -11.683266 9.381422 -6.164752 -2.779211
0.323648 -3.292420 16.179483 -1.320580 8.962115 -14.415377 30.276840 8.223816 -13.256398 -8.421741 -10.485413 -4.902148 -14.305918 -11.590484 5.811770 9.826216 -9.233897 13.909063 -20.986778 5.996340 10.180065 9.959402 -3.737267 17.492571 -9.680571 -1.835886 -11.668010 9.378599 -6.175162 -2.783129
0.517943 -3.171723 16.185619 -1.324679 9.066656 -14.411271 30.177176 8.086592 -13.209384 -8.342664 -10.455894 -4.968423 -14.039780 -11.573190 5.934067 9.968826 -9.366361 13.826919 -21.025549 6.269114 10.187790 9.959640 -3.713465 17.467373 -9.658164 -1.836642 -11.751732 9.401464 -6.200226 -2.786280
1.055864 -3.029337 16.200890 -1.250326 9.264709 -14.271220 30.141537 7.522780 -13.133003 -8.105260 -10.472971 -4.986540 -13.614398 -11.391255 6.185344 10.319329 -9.494086 13.643126 -21.022861 6.771534 10.191334 10.011955 -3.687551 17.377148 -9.651757 -1.860248 -11.880346 9.419597 -6.264789 -2.787642
2.089655 -2.581624 16.576172 -0.970867 9.528327 -13.809486 30.059883 6.876160 -13.039227 -7.558460 -10.538224 -4.926798 -13.072280 -11.019689 6.492337 10.818459 -9.623312 13.429461 -20.965532 7.375334 10.182795 10.110885 -3.531081 17.170059 -9.596315 -1.935042 -12.148810 9.465815 -6.430185 -2.745496
3.486866 -2.246282 16.814379 -1.184612 9.912321 -13.129906 29.650812 5.675093 -12.634670 -7.018082 -10.576941 -4.921252 -12.255988 -10.665458 6.901862 11.352791 -9.296478 12.758574 -20.991873 8.171221 10.156242 10.220214 -3.306926 16.944763 -9.561715 -2.028316 -12.402425 9.469727 -6.655370 -2.650411
4.587838 -2.160091 16.720860 -1.491952 10.336350 -12.277325 29.006821 4.141641 -12.184817 -6.499046 -10.774899 -4.704324 -11.066840 -10.365394 7.306398 12.155367 -8.800379 11.686540 -20.968081 9.031542 10.191471 10.584784 -2.893690 16.677801 -9.553580 -2.172471 -12.608655 9.422747 -6.988330 -2.464912
5.591418 -2.234004 16.184738 -2.198436 10.867477 -11.850990 28.620371 2.381495 -11.665927 -6.141407 -11.045502 -4.537333 -9.930230 -10.270984 7.677049 12.934003 -8.311938 10.769931 -20.973955 9.714420 10.171366 10.943039 -2.388535 16.268621 -9.689742 -2.345182 -12.818848 9.397497 -7.346999 -1.927809
13.640204 5.238553 8.991487 -15.398156 9.110039 -7.576628 25.114664 0.076164 -18.146511 -5.316354 -11.415463 -0.872061 -7.720950 -18.644135 3.770308 5.117019 4.823755 8.756553 -23.264545 5.146170 6.262695 13.514421 -2.693197 13.593553 -8.928390 2.670009 -16.620365 7.767862 -5.567195 -0.476852
12.450048 5.514646 8.138094 -15.935926 9.624013 -7.576798 24.509022 -0.985859 -18.296698 -5.280235 -11.867595 -0.932619 -6.721610 -18.159246 4.342187 5.102109 6.205688 6.761244 -23.700260 4.224954 6.038605 14.197455 -2.532701 13.071046 -9.505710 2.227377 -16.399837 7.711333 -6.014642 0.162647
10.927341 5.815055 7.056434 -16.588291 10.400184 -7.223618 23.426281 -2.012424 -18.622663 -5.550518 -12.264477 -0.976476 -6.078926 -17.200335 5.139862 4.908535 8.577635 4.193902 -24.080336 2.769192 5.777821 14.820330 -2.470974 12.530389 -10.242139 1.765522 -16.038067 7.720509 -6.412124 1.050653
7.690421 -1.868791 6.416476 -10.200006 14.120190 -9.463444 18.648983 -0.316598 -16.042879 -3.054242 -14.439609 -1.093803 -4.320948 -9.912386 10.313445 8.192902 10.348014 3.173713 -22.419519 -1.602082 8.452343 17.109400 -3.131855 10.753390 -9.507241 -1.560796 -14.894195 9.506743 -5.720146 2.980663
6.673944 -2.428783 4.553578 -10.745277 15.181108 -8.201189 17.793768 -1.481816 -16.655937 -2.995752 -15.426392 -0.431093 -4.001566 -8.921731 10.321935 8.482906 12.473114 1.778442 -21.940832 -1.734060 8.298298 18.055639 -2.835610 10.603804 -10.538892 -2.284712 -14.551557 9.164222 -6.405417 4.238395
5.096642 -2.823935 2.765471 -11.187277 15.969562 -8.097366 17.088030 -2.392588 -17.262846 -3.330554 -16.391874 0.331745 -3.900125 -7.431999 10.910048 8.883018 14.254674 0.813721 -21.290621 -1.167082 8.117515 18.522997 -2.624799 10.227883 -11.302979 -2.626033 -14.054711 9.094116 -6.626292 5.682449
3.164813 -2.733572 1.548893 -11.630526 16.628109 -8.964868 16.477287 -3.078766 -17.610546 -3.547403 -17.322872 1.329759 -4.311601 -5.818886 11.074508 9.400016 15.007607 0.230041 -20.545040 -0.761461 7.941569 18.892149 -2.939068 9.886136 -12.249773 -2.954949 -13.427649 8.715794 -6.782669 6.697866
1.474119 -2.370833 0.872240 -12.270615 17.170027 -9.803148 15.520503 -3.758313 -17.509264 -3.979827 -18.536907 2.306405 -4.965310 -4.323974 10.794000 9.752493 15.527010 -0.119108 -19.735209 -0.448423 7.631541 18.972893 -3.335463 9.632727 -13.062320 -3.105269 -12.744763 8.466433 -6.692929 7.781866
0.251055 -2.412928 0.770674 -13.064264 17.294415 -10.214436 14.835375 -4.703638 -16.936436 -4.447906 -19.812691 3.172296 -5.900118 -3.083947 10.114441 9.736010 15.991385 -0.096832 -19.005774 -0.661886 7.280739 18.856272 -3.924056 9.213661 -13.628266 -3.163240 -12.261949 8.191051 -6.550695 8.357849
-0.836732 -2.635411 0.835387 -13.908253 17.152653 -10.467611 14.625134 -5.751140 -16.280598 -4.886672 -20.596445 3.918321 -6.767682 -2.116801 9.745047 9.780020 16.350363 -0.253382 -18.384567 -0.705029 6.974156 18.648024 -4.391672 8.810258 -14.031363 -3.243291 -11.908551 8.187242 -6.394555 8.853567
-1.716949 -2.974524 0.512582 -14.688788 17.172764 -10.636842 14.230328 -6.560781 -15.879550 -5.229618 -21.042332 4.485724 -7.534219 -1.351225 9.552503 9.812459 16.857607 -0.261275 -17.911757 -0.630538 6.696416 18.537546 -4.848200 8.601415 -14.533513 -3.319262 -11.409202 8.078318 -6.256563 9.297361
-2.081595 -3.292037 0.193121 -15.146751 17.240150 -10.578929 13.865524 -7.049752 -15.649716 -5.410167 -21.282814 4.861137 -8.063250 -0.942815 9.365384 9.820714 17.271734 -0.256430 -17.591818 -0.553815 6.576077 18.376902 -5.202297 8.375874 -14.751280 -3.328650 -11.118316 8.075375 -6.083939 9.532826
-2.245345 -3.471717 0.038705 -15.372878 17.245642 -10.565992 13.686289 -7.251390 -15.510900 -5.533657 -21.409557 5.056333 -8.397166 -0.675902 9.307092 9.793551 17.601576 -0.249518 -17.392532 -0.530468 6.457991 18.278692 -5.458222 8.228222 -14.931828 -3.360284 -10.884852 8.075058 -5.996523 9.747303
