-3.411214 -5.623929 0.555971 -9.856746 12.058867 -10.318040 17.511072 6.237503 -19.610758 -9.061630 -14.165218 -1.774688 -15.236598 -17.640173 15.687472 8.445992 2.241191 -9.141029 -11.050842 4.091784 5.636417 -7.217058 0.986686 2.205518 -18.756596 6.746941 -12.000633 17.103603 4.937504 0.908277
-3.764423 -5.573055 0.235884 -9.608323 12.179738 -10.284359 17.542397 6.263528 -19.990803 -9.037889 -14.070683 -1.847972 -14.837901 -17.667486 15.797816 8.574512 2.434751 -9.553178 -11.141050 4.101678 5.741809 -7.219446 1.125767 1.919433 -18.774462 6.798021 -12.224366 17.092541 4.971591 1.022796
-4.059067 -5.548350 -0.116741 -9.397306 12.296456 -10.269234 17.558260 6.262943 -20.371876 -9.001616 -13.904367 -2.006077 -14.322972 -17.702305 15.916095 8.757021 2.634920 -10.118888 -11.249081 4.009731 5.848267 -7.176722 1.259304 1.748100 -18.808075 6.799513 -12.358836 17.058399 4.971324 1.140410
-4.564792 -5.527147 -0.258712 -8.909547 12.135325 -9.950417 17.543856 6.883247 -20.922611 -9.294446 -12.996093 -2.320912 -13.861325 -18.043158 15.748151 9.682254 2.379864 -11.159513 -11.517054 3.703243 6.044406 -7.269783 1.175700 1.849648 -18.506001 6.879086 -12.517804 16.986883 4.944776 0.932203
-5.235423 -5.974349 -0.195659 -8.126189 11.845573 -9.397301 17.613632 7.869265 -21.590551 -9.768688 -11.522088 -2.743681 -14.403188 -18.620358 14.992304 11.092999 1.373410 -11.717509 -11.575875 3.136563 6.439087 -7.836997 0.634391 2.136620 -17.474007 7.206167 -13.115692 16.862455 4.925629 -0.180308
-6.356790 -6.635672 -0.437696 -7.345008 11.810632 -8.816067 17.899574 8.510593 -22.511084 -10.201057 -10.346949 -3.009684 -14.840320 -19.101650 14.470157 12.193376 0.711693 -12.258047 -11.778138 2.658877 6.900064 -8.134098 0.459488 2.390520 -16.841280 7.493652 -13.700831 16.717752 4.929869 -0.937522
-6.835814 -6.555324 -1.093934 -6.989038 12.107236 -8.567426 17.758932 9.199841 -23.180126 -10.325180 -9.975693 -3.196232 -14.828570 -19.281139 14.402570 12.338957 0.784732 -12.820466 -12.206033 1.942274 7.027496 -8.304719 0.397097 2.339680 -16.722090 7.710691 -14.132504 16.537477 4.937757 -1.184465
-6.687083 -5.961977 -1.856161 -7.150722 12.583914 -8.369976 17.306435 10.183163 -23.611347 -10.400547 -9.817871 -3.402920 -14.811416 -19.411491 14.310412 12.191467 0.737043 -13.335616 -12.504971 0.870549 6.928130 -8.596143 0.146306 2.238404 -16.684414 7.884676 -14.490047 16.311150 4.950645 -1.333020
-6.434552 -5.413822 -2.212190 -7.256605 12.937401 -8.327546 16.924053 10.986969 -23.846516 -10.499266 -9.747795 -3.629461 -14.497231 -19.402889 14.361916 12.049079 1.001420 -14.057500 -12.762120 -0.036380 6.774583 -8.843532 -0.094440 2.145786 -16.647486 8.014636 -14.796460 16.107849 4.910287 -1.445598
-6.235431 -5.140266 -2.226601 -7.374130 13.126063 -8.378825 16.660452 11.414043 -23.797499 -10.558786 -9.833413 -3.671722 -14.540172 -19.339489 14.371737 11.860632 1.065862 -14.145217 -12.776208 -0.405850 6.696273 -8.929896 -0.158409 1.998215 -16.706690 8.032935 -15.016454 15.976531 4.845869 -1.358956
-6.407664 -5.286860 -2.023529 -7.431358 13.068500 -8.360057 16.641525 11.603585 -23.682272 -10.716854 -9.755426 -3.610985 -14.692460 -19.415264 14.205817 11.983842 0.846452 -14.303658 -12.805364 -0.673645 6.664486 -8.949247 -0.188474 1.935566 -16.687107 8.074039 -15.166696 15.897987 4.761839 -1.336649
-5.690011 -5.730373 0.139673 -8.424149 11.967713 -8.638605 16.218975 13.045903 -21.817562 -11.844491 -9.249668 -3.417633 -16.748541 -19.827267 12.650354 12.823111 -1.777312 -13.588325 -12.480815 -2.271770 6.309986 -9.464583 -1.566626 3.340187 -15.844671 8.220735 -14.957424 15.530630 4.383004 -2.759517
-2.532659 -4.643625 5.478871 -8.133484 9.730750 -10.315836 15.917075 16.356684 -19.251076 -13.533243 -7.475251 -3.763019 -21.236935 -20.323498 10.257774 12.796144 -6.192994 -10.015445 -12.214965 -4.556372 6.162426 -10.451566 -3.875885 6.472456 -14.384330 8.290011 -13.699691 15.473428 4.675613 -6.644570
1.098534 -5.474968 11.376544 -9.000476 9.492429 -7.593975 14.073098 19.376030 -14.111411 -13.267197 -5.331101 -4.175542 -27.595711 -18.504471 6.897962 12.773691 -9.475309 -5.430507 -12.535361 -7.585105 6.032845 -12.752944 -7.828815 9.672900 -13.422689 9.046348 -11.696265 14.484461 5.912810 -8.532337
2.857711 -15.376598 14.538440 -10.662630 6.284267 3.954306 9.580727 19.924885 -8.066067 -15.953051 -4.376750 -2.037293 -36.860973 -9.425359 3.235357 17.785667 -6.160994 -3.700652 -8.037261 -8.209311 6.255497 -13.504784 -12.015303 10.536133 -18.460871 7.151175 -9.177472 10.739677 7.186599 -5.045591
7.947637 -20.433338 17.777304 -16.089277 7.224301 0.890505 5.735821 14.390304 3.528133 -12.474339 -3.597020 -0.118616 -40.629822 -5.589565 2.624995 12.950362 0.482080 2.393374 -8.269622 1.107010 2.506196 -13.841648 -16.538130 9.523405 -19.165930 5.926157 -3.327093 12.952623 7.075609 3.026444
10.904879 -24.105474 12.835247 -17.335108 6.041592 -9.886505 9.004524 5.629250 5.501376 -11.460428 -8.600313 2.193891 -39.385414 -8.294380 2.004022 8.014672 8.246364 3.274331 -6.580250 9.702896 0.158454 -10.123700 -16.901060 9.632793 -19.994724 5.087059 2.569406 13.809566 5.636348 8.327524
5.492461 -22.189857 7.622155 -19.437185 6.605032 -16.194847 12.016828 0.373604 3.316990 -9.499458 -14.337838 1.257694 -37.498283 -4.206891 4.231529 7.719921 13.012791 5.059599 -2.564805 11.249558 -0.574107 -5.746186 -16.048019 9.836536 -22.763628 3.282326 3.114615 10.715903 2.479745 9.936703
1.126263 -17.676105 1.290287 -24.133677 11.731389 -18.009176 10.567097 -2.465908 1.368705 -5.420603 -20.231434 -0.926928 -30.620045 0.611640 9.247511 8.411114 14.538453 6.000692 -1.372578 10.207680 -0.660184 -3.446954 -14.739656 7.918882 -25.506100 1.391822 1.903097 9.484730 1.017088 11.408021
-0.793522 -16.088120 -1.813296 -27.751453 12.999320 -17.219902 9.004850 -4.556847 0.986764 -4.313859 -22.659424 -1.160949 -28.248003 2.389321 9.162739 9.248156 14.504218 6.412968 -1.684350 8.822058 -0.665608 -2.248245 -14.008049 6.878501 -26.422150 -0.070797 1.156613 9.611071 0.029180 11.660132
-0.891364 -15.962000 -2.036588 -27.945704 13.189920 -16.917826 8.769478 -4.783049 0.935123 -4.236300 -22.939209 -0.966468 -28.010138 2.830355 9.200101 9.514421 14.315269 6.199323 -1.777527 8.701148 -0.643117 -2.064878 -13.801136 6.745975 -26.478535 -0.233112 1.150299 9.763309 -0.082329 11.651648
-0.585894 -16.115843 -2.232858 -28.171469 13.491207 -16.408958 8.140979 -5.026401 1.128295 -4.456192 -23.299961 -0.616829 -27.839966 3.494697 9.460626 9.703303 13.959409 6.046112 -1.810729 8.848553 -0.670864 -1.929217 -13.647178 6.776254 -26.533054 -0.267551 1.295016 9.866314 -0.109505 11.682665
0.326707 -16.327822 -2.443591 -27.956043 14.210973 -15.669342 7.087885 -5.674064 1.548581 -4.835646 -23.526802 -0.082542 -27.635695 4.554912 9.818266 10.338340 13.519435 5.449548 -1.982687 8.931246 -0.745626 -1.760700 -13.349436 6.757858 -26.524767 -0.342972 1.608777 10.280199 -0.099092 11.809790
0.773494 -16.726082 -2.480967 -28.033003 14.691657 -14.526123 5.902160 -6.471834 1.956484 -5.598884 -23.654499 0.570484 -27.180178 5.659521 10.255263 11.363904 12.701526 4.505974 -2.251337 9.199748 -0.926539 -1.602983 -13.187874 6.626370 -26.554565 -0.328380 1.800108 10.465279 -0.156349 12.062115
0.868512 -17.239588 -1.466616 -27.771727 14.622853 -12.912111 5.083551 -7.314273 2.744246 -6.272919 -22.644901 1.581736 -27.165993 6.418811 11.084547 12.314154 12.045138 2.679700 -2.802868 10.203422 -1.189888 -1.604672 -13.042630 6.513368 -26.450634 -0.193617 1.726891 10.536987 -0.305696 12.019764
0.185341 -17.940617 -0.261908 -27.130089 14.647486 -10.851576 4.865335 -8.144171 3.159352 -6.602524 -22.123676 2.505002 -26.725927 7.132664 11.475097 13.338127 11.737397 1.486972 -3.117244 11.082408 -1.286399 -1.536854 -12.677938 6.332033 -26.341270 -0.090941 1.626363 10.769388 -0.412310 11.959998
-0.173559 -17.693094 0.884396 -25.180536 15.431074 -10.518283 5.008335 -8.825470 2.806962 -6.733882 -21.670996 3.485332 -26.149418 7.058455 12.328500 13.913470 12.705180 -0.018903 -3.282640 12.253811 -1.029242 -1.436733 -12.164259 5.701383 -26.164255 -0.012687 1.309115 11.162609 -0.393389 11.970106
-0.762225 -17.718117 1.550392 -23.665445 15.659036 -10.549936 4.978182 -8.728510 2.177304 -6.864192 -21.444103 3.200187 -25.517464 6.737374 12.338833 14.243678 13.844206 -1.098326 -3.675915 12.557581 -0.911898 -1.511291 -11.816992 5.123528 -26.006872 0.073642 0.914046 11.443719 -0.427559 12.047649
-0.618563 -17.980165 1.526080 -22.295790 16.022875 -10.764324 5.042814 -8.669464 1.673266 -6.637629 -21.894400 2.998496 -24.638802 6.764821 12.169598 14.332653 15.114323 -1.879904 -3.923478 12.644836 -0.784194 -1.400980 -11.493690 4.715305 -26.062748 0.030084 0.741607 11.555639 -0.428028 12.249170
-0.618009 -17.812962 1.479286 -22.120987 16.220070 -11.041278 5.103493 -8.519960 1.443237 -6.405466 -22.011604 2.647280 -24.383999 6.494884 11.949502 14.322665 15.539036 -2.070607 -3.874298 12.624405 -0.725863 -1.454675 -11.337031 4.574057 -26.082239 0.082370 0.642352 11.612310 -0.372718 12.288378
-0.620404 -17.764795 1.477977 -22.022577 16.288809 -10.985086 5.097505 -8.502505 1.404678 -6.405718 -22.055967 2.636589 -24.311440 6.473988 11.933720 14.286832 15.663515 -2.119083 -3.918017 12.705229 -0.694239 -1.464356 -11.302923 4.519345 -26.070490 0.074749 0.616706 11.643000 -0.354670 12.320000
-1.098337 -17.600594 1.146621 -21.433292 16.561884 -11.373875 5.211495 -8.544820 0.721742 -6.395538 -22.170036 2.647416 -23.923840 6.337908 11.994550 14.335101 15.827390 -2.498105 -4.080295 12.842106 -0.642603 -1.466442 -11.251128 4.363777 -26.082161 0.064152 0.561930 11.671021 -0.329625 12.353079
-1.057999 -17.304249 0.843962 -20.908075 16.816133 -11.786991 5.373365 -8.837493 0.059527 -6.167960 -22.519096 2.403288 -22.993711 5.969631 12.180076 14.115435 16.764599 -3.047795 -4.266932 13.212105 -0.479936 -1.308064 -10.805990 3.901255 -26.099136 0.043820 0.126859 11.667495 -0.413556 12.278465
-1.073550 -17.048908 -0.127821 -19.742294 17.102016 -12.228047 5.696021 -8.964616 -1.436509 -6.289274 -22.771444 2.285052 -21.709816 5.161602 12.677241 13.627406 17.576998 -3.912785 -4.781144 13.722524 -0.245750 -1.068473 -10.260592 3.400837 -26.018366 0.004301 -0.294666 11.753635 -0.536906 12.168867
-1.947098 -16.352919 -1.062266 -18.026703 18.051506 -13.285297 5.658508 -9.208160 -3.341819 -6.124571 -23.232130 2.043738 -20.170263 3.661568 12.923514 12.498178 18.827402 -4.846906 -5.266630 14.317840 0.380051 -0.734983 -9.481121 2.809283 -25.767130 0.000711 -0.937521 11.808344 -0.721273 11.997940
-2.696844 -15.859114 -2.391407 -17.136339 19.059536 -14.414863 6.920225 -11.081596 -4.925388 -4.452162 -23.718515 0.983204 -18.260769 2.061076 12.332023 11.828689 19.456497 -5.739120 -6.105269 13.859759 1.356514 -0.254435 -8.843237 1.972460 -25.504841 -0.039787 -1.854837 11.560902 -0.939733 11.462468
-1.459388 -15.704267 -3.010118 -16.671364 19.460802 -14.825611 8.688944 -12.746724 -5.448470 -1.905144 -24.017838 -0.485544 -16.307541 0.365708 11.205853 11.871098 19.003693 -6.338908 -7.079763 12.720085 2.086001 0.382107 -8.104675 0.926583 -25.510151 -0.220212 -2.994034 11.285451 -1.195180 10.447350
-0.868200 3.519805 -0.343285 -22.635332 13.617856 -7.968323 18.011505 -10.773999 -18.085052 -8.812051 -23.199188 4.498418 -12.261154 -3.674459 22.840626 15.677425 6.846996 -12.019089 -3.460976 11.830378 1.349012 6.154982 0.821362 3.833402 -23.649771 6.396290 1.078790 15.742884 3.352887 4.908395
0.348046 4.881610 0.954644 -20.342016 13.643254 -7.967323 19.418602 -8.884401 -19.439354 -8.109213 -22.418829 2.952720 -9.900742 -5.352505 22.814690 16.336876 5.217353 -11.842771 -4.641021 11.608178 2.278123 6.350764 2.172290 3.808976 -22.667656 6.704313 -0.422174 15.982034 3.216069 3.685669
2.876050 5.226227 1.213735 -18.558867 13.533438 -7.316798 20.194286 -6.530162 -20.732014 -7.040975 -20.005920 0.877206 -8.237579 -7.629559 23.438942 16.659294 4.117666 -11.346816 -5.813373 12.308254 3.165583 6.114933 3.269137 4.195445 -21.547348 7.526263 -1.961351 16.035040 3.258691 2.166241
4.323695 -2.754079 2.460982 -11.361269 15.743995 -8.779367 17.008514 -2.345850 -17.390488 -3.775291 -17.286972 -0.753184 -9.270316 -15.605986 18.183672 10.837421 6.390016 -9.535629 -10.021373 14.053799 4.754820 2.211385 4.727171 4.936760 -22.257587 4.234788 -5.749106 16.242290 1.487993 1.004110
6.678335 -2.266855 5.121640 -10.740419 14.915848 -8.459310 17.768272 -0.935208 -16.384212 -3.177444 -15.799101 -2.020945 -9.161721 -17.796667 17.985182 10.435663 3.552166 -8.384892 -11.001939 13.472322 5.246061 0.922379 4.943578 5.728149 -21.193275 4.806143 -6.778550 16.434074 1.768921 -0.785801
8.579444 -2.016088 7.314101 -10.330559 13.683322 -9.489838 18.925280 0.636474 -15.247355 -2.857513 -14.138137 -2.881435 -9.934541 -19.635036 17.740528 10.496037 0.319289 -6.827079 -11.429793 13.940928 5.499935 -0.122758 4.854971 6.579801 -20.056761 5.437856 -7.541626 16.496494 1.973535 -2.360955
10.710016 -2.208509 8.632197 -9.616337 12.681461 -9.867172 20.321262 2.202754 -14.815829 -2.444222 -12.893913 -3.447620 -11.098145 -21.693951 16.670164 10.980396 -3.580330 -3.594939 -11.138698 15.946676 5.760713 -1.161828 4.631634 7.394962 -19.007404 5.997737 -8.100677 16.613853 2.310083 -3.445030
12.077433 -2.486628 9.643970 -9.010324 12.060246 -9.701274 20.985453 3.720291 -14.761361 -2.485067 -12.134541 -3.640661 -12.285031 -22.413286 16.336571 10.683549 -4.960093 -1.561971 -10.780177 16.466862 5.906120 -2.059049 4.221806 8.218088 -18.358749 6.369260 -8.266222 16.724131 2.661397 -4.044487
12.135622 -2.796798 10.232112 -8.694956 11.212220 -9.868575 21.425610 5.253360 -14.939385 -2.835970 -11.552729 -3.815189 -13.723651 -22.541008 16.188606 9.942556 -5.110271 -1.009287 -10.664015 15.180314 5.852798 -3.085297 3.493974 8.739198 -17.804741 6.674055 -8.327868 17.071474 3.115666 -4.105077
11.562029 -3.339303 10.160686 -9.014534 10.445613 -10.277171 21.734116 6.684378 -14.831690 -3.303300 -11.033584 -3.987721 -14.988304 -22.819592 16.159851 9.289316 -5.413705 -0.548441 -10.671288 13.954467 5.773901 -3.819194 2.889910 9.079049 -17.510237 6.827840 -8.236249 17.298830 3.491690 -4.011344
10.800539 -3.831234 9.758441 -9.503255 9.908702 -10.734241 21.914284 7.850649 -14.715733 -3.806117 -10.711805 -4.003012 -15.915017 -22.988644 16.036644 8.909398 -5.844068 -0.282414 -10.639535 13.110474 5.669906 -4.315516 2.434607 9.358011 -17.389439 6.848358 -7.975258 17.454714 3.752177 -3.754035
10.161070 -4.190337 9.358432 -9.889767 9.617644 -11.000006 21.841785 8.531101 -14.750113 -4.203366 -10.511081 -4.031221 -16.472187 -23.147423 15.906702 8.603878 -5.906130 -0.135400 -10.564449 12.773126 5.557025 -4.632615 2.165062 9.539344 -17.335945 6.842476 -7.752510 17.536388 3.886882 -3.569233
9.849247 -4.408996 9.146588 -10.072397 9.454609 -11.118658 21.800671 8.775726 -14.797854 -4.382327 -10.434237 -4.071905 -16.691303 -23.246845 15.811795 8.476611 -5.932429 -0.004474 -10.531074 12.585961 5.466983 -4.775613 2.004987 9.575295 -17.312067 6.805445 -7.626584 17.587736 3.954103 -3.444507
