12.289064 -6.221458 8.459363 -5.672382 11.689712 -5.808372 24.844437 5.329292 -9.157022 -12.597393 -5.728794 -9.895449 -16.029263 -10.682116 11.209953 8.515478 -1.851426 5.331523 -22.163950 9.418297 5.500406 -4.774042 2.023532 9.607117 -17.301622 6.830863 -7.640224 17.572990 3.963451 -3.459040
12.553949 -6.122358 8.631961 -5.523821 11.752698 -5.710258 24.904087 5.257883 -9.162538 -12.480645 -5.758494 -9.927812 -15.887158 -10.695206 11.228845 8.593788 -1.867545 5.298235 -22.185308 9.532229 5.561121 -4.697357 2.117521 9.622064 -17.303350 6.857885 -7.715189 17.551876 3.928931 -3.546569
13.056418 -5.948352 8.933111 -5.224296 11.807714 -5.503016 25.018311 5.047947 -9.168681 -12.249319 -5.820717 -9.932784 -15.595120 -10.727064 11.298760 8.839454 -1.992877 5.274841 -22.212042 9.789067 5.654236 -4.551144 2.258332 9.601543 -17.333277 6.891837 -7.827877 17.497158 3.871861 -3.666783
13.645401 -5.657517 9.167638 -4.913903 11.958970 -5.215182 24.984932 4.685022 -9.192479 -11.958720 -5.951015 -10.002374 -15.136309 -10.664060 11.444201 8.983038 -1.879367 5.233739 -22.266865 9.981034 5.763294 -4.318118 2.478886 9.522814 -17.402584 6.901164 -7.961431 17.395163 3.775367 -3.780746
14.295575 -5.280346 9.304133 -4.617235 12.273776 -4.963195 24.778324 4.128921 -9.231527 -11.652646 -6.130951 -10.084088 -14.469761 -10.640677 11.551989 9.156311 -1.705471 5.155753 -22.299192 10.428844 5.910914 -4.016352 2.794360 9.477927 -17.500492 6.937251 -8.117947 17.228806 3.638875 -3.936277
14.862198 -4.988701 9.292535 -4.436970 12.572867 -4.676694 24.609352 3.441879 -9.283956 -11.301702 -6.291987 -10.066228 -13.831948 -10.663886 11.542365 9.504738 -1.747780 5.067101 -22.258394 11.073404 6.030629 -3.644737 3.090662 9.339610 -17.621403 6.916364 -8.238581 17.020596 3.471073 -4.128826
15.329666 -4.711944 8.930232 -4.346338 13.038915 -4.410849 24.357286 2.549148 -9.372128 -10.923881 -6.497780 -10.231615 -12.881189 -10.685726 11.686574 9.691620 -1.501250 4.838902 -22.318707 11.750326 6.169561 -3.174357 3.422842 9.197583 -17.795349 6.850214 -8.292232 16.729622 3.285458 -4.273473
15.521567 -4.476897 8.274249 -4.455213 13.687545 -4.172728 24.071888 1.465563 -9.468264 -10.522988 -6.676183 -10.382026 -11.979760 -10.919091 11.787760 9.822179 -1.381147 4.698922 -22.454432 12.428426 6.283424 -2.630632 3.823116 8.909919 -18.045446 6.762089 -8.382398 16.483252 3.090177 -4.305407
15.405548 -4.307333 7.580575 -4.606325 14.231155 -4.204456 23.814548 0.642889 -9.639085 -10.133071 -6.916764 -10.562151 -11.065179 -10.974649 12.035469 9.858828 -1.027372 4.357592 -22.625795 12.773860 6.375095 -2.032652 4.066463 8.650531 -18.331163 6.601161 -8.388484 16.237820 2.874262 -4.437945
15.261635 -4.191531 6.990647 -4.824234 14.754410 -4.201436 23.621540 -0.146584 -9.712451 -9.883240 -7.464514 -10.608681 -10.212205 -10.735195 12.251371 9.884497 -0.344850 3.610219 -22.849379 12.549114 6.407979 -1.625792 4.213141 8.320897 -18.665806 6.444588 -8.449805 16.110582 2.706901 -4.397725
15.103022 -4.056290 6.561062 -4.833544 15.236859 -4.059391 23.480574 -0.891589 -9.880263 -9.688215 -8.210340 -10.569592 -9.412612 -10.283366 12.386184 9.790314 0.456983 2.857871 -23.045261 11.970271 6.442235 -1.159198 4.357529 8.015003 -19.060684 6.226190 -8.511388 15.979279 2.487717 -4.360344
15.027330 -3.978020 6.321011 -4.676049 15.593755 -3.820238 23.316429 -1.579330 -10.103080 -9.613657 -8.652164 -10.574353 -8.729383 -9.950925 12.729504 9.558695 1.321481 2.151053 -23.236216 11.401133 6.462467 -0.733937 4.452155 7.729372 -19.494736 6.023031 -8.568622 15.788506 2.284141 -4.287701
14.753872 -3.942738 5.947197 -4.553813 15.960496 -3.600231 23.055470 -2.226268 -10.461905 -9.521065 -9.079638 -10.546433 -8.156731 -9.600612 13.080571 9.337227 2.304705 1.452525 -23.420198 10.752426 6.537527 -0.246601 4.521657 7.531247 -19.852634 5.857426 -8.569179 15.522032 2.101501 -4.305360
14.389224 -3.880059 5.534819 -4.550133 16.299709 -3.484050 22.724514 -2.705578 -10.852286 -9.393999 -9.624723 -10.515400 -7.477967 -9.325785 13.333419 9.134111 3.148976 0.998437 -23.567066 10.356268 6.555402 0.132255 4.577169 7.381101 -20.210339 5.674325 -8.552380 15.305511 1.948284 -4.235705
14.156654 -3.802313 5.138939 -4.580817 16.662083 -3.439137 22.420555 -3.068670 -11.165996 -9.287650 -9.964315 -10.566395 -6.848521 -9.181643 13.612819 8.910983 3.877143 0.618423 -23.704741 10.143128 6.547028 0.515363 4.577520 7.270247 -20.505772 5.487566 -8.429542 15.129316 1.810831 -4.199032
13.948361 -3.831089 4.684128 -4.603764 16.926069 -3.481406 22.161034 -3.463589 -11.398973 -9.234884 -10.130030 -10.514223 -6.392935 -9.004070 13.898610 8.866847 4.381281 0.161615 -23.777178 10.079423 6.557113 0.832834 4.596983 7.173759 -20.697784 5.366066 -8.364360 14.988047 1.722194 -4.167469
13.822884 -3.852547 4.297232 -4.678465 17.118797 -3.590164 21.958096 -3.724683 -11.507943 -9.203850 -10.347507 -10.556706 -5.999079 -8.923426 14.051183 8.823334 4.806935 -0.056620 -23.858700 10.100683 6.554164 1.049101 4.631678 7.109732 -20.858536 5.255499 -8.298923 14.906132 1.643139 -4.104752
13.730109 -3.837710 3.962369 -4.794027 17.294638 -3.655116 21.733522 -3.885230 -11.586572 -9.220683 -10.552307 -10.526256 -5.741894 -8.848661 14.108162 8.838366 5.057561 -0.175138 -23.877848 10.120705 6.527430 1.158193 4.600522 7.048535 -20.953121 5.175123 -8.265658 14.861083 1.606466 -4.055327
13.660215 -3.829714 3.722538 -4.790826 17.411606 -3.683902 21.634396 -4.016779 -11.690341 -9.194003 -10.641788 -10.491568 -5.574692 -8.759214 14.209765 8.840456 5.248710 -0.336140 -23.895372 10.115531 6.534351 1.235027 4.580451 7.010541 -21.044531 5.124920 -8.252801 14.801541 1.585421 -4.027453
13.649330 -3.819913 3.635899 -4.813104 17.460758 -3.701278 21.597425 -4.067576 -11.706208 -9.180839 -10.677012 -10.472621 -5.520773 -8.725524 14.243751 8.853795 5.303069 -0.394200 -23.895864 10.122378 6.532936 1.256998 4.587297 6.988846 -21.070206 5.107087 -8.246507 14.795990 1.578700 -4.003098
13.667439 -3.808015 3.365671 -4.814205 17.588154 -3.756010 21.522331 -4.183363 -11.772686 -9.155302 -10.720387 -10.459208 -5.320070 -8.676303 14.408553 8.823565 5.497016 -0.539380 -23.917145 10.188307 6.555123 1.287402 4.569283 6.950968 -21.159008 5.063987 -8.292290 14.730873 1.574382 -4.015604
13.698416 -3.767517 2.595778 -4.832376 17.910503 -3.894139 21.391176 -4.423617 -11.961242 -9.068484 -10.805237 -10.433475 -4.891667 -8.529531 14.779702 8.766851 5.980015 -0.859238 -23.939150 10.318890 6.627499 1.437806 4.500134 6.859422 -21.379845 4.963626 -8.385275 14.524235 1.558025 -4.095479
13.619134 -3.597198 1.532435 -4.780450 18.377882 -4.293609 21.041901 -4.532850 -12.385005 -8.940594 -11.270996 -10.526965 -4.090060 -8.328130 15.109317 8.425676 7.011782 -1.168537 -24.004377 10.290690 6.699563 1.635688 4.553037 6.739003 -21.822357 4.778739 -8.493690 14.240070 1.506108 -3.989184
13.297029 -3.027678 0.249427 -4.715599 19.145245 -4.923483 20.211143 -4.311925 -13.006660 -8.769089 -12.029169 -10.111373 -3.430291 -7.810081 15.475115 8.031273 8.232413 -1.793288 -24.010054 10.187709 6.794352 1.913697 4.427844 6.599046 -22.206993 4.591483 -8.474236 13.877010 1.438064 -4.111770
13.067462 -2.005145 -0.716793 -4.716566 20.298643 -5.691652 18.998997 -3.875651 -13.503737 -8.657804 -12.960327 -9.461492 -2.872213 -7.153096 15.924199 7.541800 8.989144 -2.125551 -23.981276 10.350904 6.656427 2.367420 4.400902 6.546650 -22.575687 4.359357 -8.368030 13.464212 1.298337 -4.285996
13.137335 -1.054198 -0.221157 -3.131884 21.479465 -5.939203 16.710293 -4.043692 -14.120462 -10.145226 -15.385427 -10.373321 -1.552653 -7.796191 13.243434 7.195470 10.713463 -1.078014 -23.833857 9.565938 6.626577 2.924171 4.906592 6.788972 -23.978308 4.715847 -9.801190 11.058380 1.666815 -4.534867
13.291409 -0.142012 0.863767 -0.639453 22.509609 -5.576826 14.196923 -4.325113 -15.077819 -11.977182 -17.826982 -11.975389 -0.444754 -9.038813 10.529693 6.309220 12.832061 0.610030 -23.733900 9.922754 6.129583 3.479927 4.913201 7.284001 -25.625658 4.859622 -10.617059 8.681509 1.591645 -4.824239
13.575122 1.056486 1.310949 0.989296 23.641701 -5.802873 12.033171 -3.472568 -16.217705 -13.234896 -20.057835 -13.146741 -0.249646 -10.091249 8.214652 4.684951 15.421809 2.873519 -23.308474 9.912477 4.864044 3.546001 3.618720 7.377193 -26.893608 3.899523 -10.761708 8.032061 0.940038 -5.985214
13.454052 1.857768 0.498930 1.972193 24.229160 -6.135119 10.730295 -2.515748 -17.182934 -13.972020 -22.023699 -12.827544 -0.379295 -10.462394 7.118701 2.839390 16.651556 5.197704 -22.837990 8.974372 3.735816 4.171075 2.047928 6.966031 -27.518639 2.736516 -11.208102 7.459007 0.357162 -7.937171
13.743702 3.040322 -0.616020 2.636698 25.101156 -6.743339 9.026520 -1.292844 -18.076735 -14.607157 -23.533739 -12.457820 -0.593811 -10.616936 6.103014 0.772815 17.195185 7.144906 -22.481829 8.100657 2.849648 5.045972 -0.257748 5.965132 -26.299974 1.705567 -10.597249 8.198415 -0.014478 -10.213078
13.883524 4.743950 -0.689064 2.425362 25.996956 -7.198469 7.178328 0.151402 -17.795580 -15.661847 -24.041330 -12.013467 -0.812773 -11.272399 4.508176 -0.288704 16.704260 8.712072 -22.562441 8.014637 2.416955 6.770679 -3.107483 5.300890 -24.762791 1.573111 -9.151014 8.236790 -0.126908 -12.740132
14.655869 5.895318 0.494336 1.377172 26.325394 -6.572884 5.930951 0.576125 -15.780261 -16.975595 -23.958801 -12.031649 -1.901910 -11.699133 2.882312 -0.562099 15.024043 10.742947 -22.829851 7.802790 2.120763 7.678998 -5.839034 5.101693 -23.626186 1.999954 -8.583747 7.753156 0.158792 -14.779539
15.426100 5.869879 2.394142 0.634629 26.327795 -4.852694 5.325930 0.216457 -13.126201 -18.904200 -24.238537 -12.417227 -3.173800 -11.586185 1.082711 -0.140370 13.300642 12.585906 -22.766081 7.747918 2.340882 8.852891 -7.896294 5.452394 -22.685129 2.657373 -7.188231 7.193024 0.447634 -16.479843
16.102640 4.997172 3.662893 0.135134 26.313690 -3.652328 5.057893 -1.008813 -10.910817 -21.165102 -24.196846 -12.687601 -4.407858 -11.499143 -0.435280 0.749187 11.508027 14.315082 -22.174810 7.154771 2.481052 9.506160 -9.165913 5.230293 -21.442062 2.855523 -6.365526 7.933646 0.832631 -17.422138
17.293276 4.537464 4.950278 -0.244065 26.414459 -3.228590 4.187896 -1.840702 -9.082346 -23.274935 -24.676708 -12.913842 -4.886817 -11.211639 -1.730236 1.850890 9.302533 15.541699 -21.671555 6.438152 2.638962 9.545655 -10.407005 4.887648 -20.077618 2.838987 -5.180735 9.170666 1.146149 -17.240408
18.325979 3.906953 5.753106 -1.032135 25.950249 -2.703724 3.597838 -1.906919 -7.595362 -24.780210 -24.734180 -13.240003 -5.296301 -11.328154 -2.449583 2.721647 7.832633 15.967155 -21.341066 5.547920 2.688575 9.180344 -11.894491 4.838320 -18.570333 3.264405 -3.887064 10.187109 1.689082 -16.622831
18.673832 3.400016 6.071957 -1.348910 25.344835 -2.404080 2.895035 -1.491590 -6.831457 -25.871902 -25.235258 -13.307706 -5.450085 -11.496980 -3.343161 3.159793 6.900925 16.164034 -21.300867 4.322993 2.197776 9.005582 -12.974986 4.896903 -17.278946 3.586321 -3.143749 10.939286 1.776892 -16.911755
18.675613 3.213727 6.567805 -1.639100 24.737398 -2.224731 2.694566 -1.198109 -6.285093 -26.244932 -25.510216 -13.486812 -5.607755 -11.560633 -3.707125 3.525602 6.226168 16.255907 -21.230179 3.478197 2.102623 9.403182 -13.488974 4.989690 -16.342434 3.736963 -2.382008 11.484525 1.733760 -17.031908
18.355907 2.983781 6.747615 -1.696832 24.340513 -2.189945 2.753675 -1.136025 -6.192814 -26.380384 -25.528078 -13.553735 -5.996366 -11.670016 -3.990852 3.755968 5.932793 16.226465 -21.106211 3.219835 1.924816 9.661519 -14.091537 5.055583 -15.979423 3.844311 -1.885289 11.743685 1.690788 -17.031052
18.189138 2.961134 6.883121 -1.742342 24.203129 -2.147321 2.884029 -1.093453 -6.175337 -26.329147 -25.506676 -13.561831 -6.093936 -11.657897 -4.066461 3.825539 5.976950 16.077415 -21.084871 3.109969 1.826101 9.733201 -14.198378 5.135610 -15.871854 3.917625 -1.758607 11.811969 1.705981 -16.966146
18.251234 2.937007 6.870528 -1.725034 24.206537 -2.171038 2.896098 -1.133144 -6.137313 -26.350121 -25.537338 -13.578728 -6.055799 -11.640885 -4.046052 3.803102 5.964319 16.081892 -21.118641 3.135095 1.843209 9.756161 -14.186191 5.162045 -15.908649 3.909552 -1.766195 11.751412 1.689112 -17.019173
18.532495 2.874624 6.801191 -1.638190 24.223415 -2.246575 2.953823 -1.218743 -6.048733 -26.395508 -25.580191 -13.606354 -5.909634 -11.563882 -3.868152 3.811502 5.762875 16.094662 -21.194624 3.175868 1.877379 9.768654 -14.161572 5.197909 -15.969843 3.866921 -1.821942 11.669844 1.681819 -17.167368
19.065830 2.818695 6.713817 -1.453443 24.292574 -2.390965 3.049667 -1.372203 -5.894166 -26.497906 -25.732344 -13.623091 -5.658573 -11.427961 -3.669656 3.814378 5.503291 16.123764 -21.319212 3.261374 1.977254 9.809173 -14.078314 5.377852 -16.106222 3.799420 -1.811660 11.512543 1.644908 -17.373701
19.591211 2.714868 6.633565 -1.171288 24.376678 -2.477145 3.245343 -1.555855 -5.748667 -26.629862 -25.835985 -13.632159 -5.372588 -11.243120 -3.349323 3.894591 5.257655 16.006762 -21.467903 3.306105 2.045067 9.780332 -13.981764 5.676310 -16.237803 3.734317 -1.873464 11.322107 1.628387 -17.678831
20.251230 2.587264 6.498428 -0.864638 24.459826 -2.667485 3.586781 -1.780811 -5.579628 -26.708902 -25.999613 -13.625949 -4.902855 -11.135399 -2.982712 3.945359 4.953837 16.041794 -21.648817 3.456807 2.097332 9.793088 -13.967357 5.786642 -16.457033 3.638193 -1.967724 11.074641 1.579720 -18.035400
20.999617 2.469353 6.442605 -0.531337 24.529236 -2.900937 3.996506 -1.964923 -5.284339 -26.812817 -26.140886 -13.617646 -4.441779 -10.953122 -2.542994 3.987550 4.535140 16.102898 -21.820925 3.627258 2.135330 9.942435 -13.663004 5.977918 -16.691067 3.665788 -2.174295 10.803594 1.548255 -18.280003
21.753077 2.413126 6.313903 -0.310797 24.669205 -3.177107 4.456198 -2.149918 -4.968759 -26.848677 -26.117245 -13.611688 -4.009474 -10.854833 -2.057378 4.057630 4.016407 16.110884 -22.025007 3.863791 2.201016 9.976433 -13.481130 6.226272 -17.127254 3.596322 -2.301044 10.469994 1.501193 -18.464373
22.552561 2.419993 6.172977 -0.014497 24.895588 -3.541022 4.942750 -2.513576 -4.639172 -26.805046 -26.122482 -13.537734 -3.636289 -10.822631 -1.757039 4.232895 3.197027 16.183365 -22.271765 4.088688 2.234556 10.167312 -13.054661 6.733231 -17.596468 3.534478 -2.406459 10.103268 1.385696 -18.768564
23.377508 2.400431 6.210604 0.293198 25.034931 -3.887590 5.640013 -2.927178 -4.184937 -26.701857 -25.923845 -13.575140 -3.230047 -10.848652 -1.252307 4.311038 2.673337 16.041183 -22.635107 4.391207 2.057438 10.145749 -12.746277 7.239982 -18.038372 3.419103 -2.468807 9.884239 1.300310 -18.972017
24.027559 2.436912 6.268198 0.591548 25.189140 -4.148584 6.469294 -3.379121 -3.803312 -26.428793 -25.762882 -13.598619 -2.776986 -10.795670 -0.452606 4.180276 2.036883 16.183838 -22.933289 4.785512 1.928702 10.114294 -12.346519 7.749838 -18.500792 3.210271 -2.565945 9.747103 1.118705 -19.321339
24.556992 2.281785 6.201544 0.954626 25.178520 -4.341033 7.334542 -3.798520 -3.514591 -26.209841 -25.742207 -13.689399 -2.497007 -10.817487 0.066927 4.039524 1.511797 16.398880 -23.189285 5.159079 1.831469 10.124313 -11.566769 8.375117 -18.869696 3.126563 -2.812277 9.580580 0.898511 -19.495398
25.209740 2.094241 6.152725 1.461484 25.030998 -4.693042 8.079434 -4.235521 -3.275756 -25.968370 -25.602570 -14.007426 -2.017740 -11.099893 0.673254 3.755198 1.220249 16.556982 -23.582067 5.645422 1.551497 10.025251 -11.180536 9.033723 -19.300085 2.946942 -2.739616 9.379412 0.686004 -19.695414
26.043428 1.874311 6.158742 2.215788 24.849030 -5.248744 8.816809 -4.727241 -3.103781 -25.664913 -25.332802 -14.355942 -1.583172 -11.242886 1.492516 3.531948 0.712192 16.752628 -23.921425 5.943929 1.513063 9.930702 -10.618629 9.938407 -19.634928 2.862332 -2.690470 9.057985 0.402548 -20.214050
26.913256 1.680826 6.432617 2.954319 24.617805 -5.984977 9.342876 -5.090907 -2.911210 -25.499605 -24.968246 -14.792907 -1.242854 -11.450947 2.507972 3.116675 0.299663 17.037155 -24.174452 6.292880 1.518185 9.832586 -10.079878 10.583095 -19.860708 2.732399 -2.735608 8.936930 0.158635 -20.555500
27.878183 1.486392 6.886002 3.808511 24.376278 -6.577805 9.993982 -5.665157 -2.674509 -25.303402 -24.716051 -15.082155 -1.002174 -11.623614 3.297306 2.764438 -0.166153 17.464191 -24.302362 6.498522 1.603262 9.907618 -9.496609 11.310858 -19.981590 2.661475 -2.766200 8.750299 -0.103027 -20.988029
28.636129 1.366341 7.240964 4.597278 24.185303 -6.992188 10.664953 -6.254776 -2.540332 -25.039244 -24.449200 -15.318608 -0.643890 -11.727799 4.122820 2.353341 -0.409978 17.849056 -24.432455 6.769431 1.695014 9.836019 -8.967510 12.023735 -20.194557 2.620485 -2.758757 8.521250 -0.283895 -21.260237
29.154785 1.334269 7.326281 5.152051 24.157539 -7.467994 10.920588 -6.720520 -2.591142 -24.807293 -24.186146 -15.559176 -0.329341 -11.800622 4.877647 2.093376 -0.633348 18.059116 -24.550814 6.946615 1.663825 9.645797 -8.757320 12.545490 -20.393641 2.626007 -2.767608 8.320458 -0.368165 -21.484438
29.465704 1.202393 7.497250 5.545722 24.025459 -7.756072 11.204101 -7.122298 -2.610789 -24.625462 -23.866133 -15.718822 -0.188326 -11.948247 5.380172 1.955744 -0.879549 18.171616 -24.608213 7.053989 1.701568 9.681376 -8.545626 12.926448 -20.472195 2.630239 -2.773344 8.135759 -0.444894 -21.705875
29.774786 1.154354 7.673934 5.787132 24.003376 -7.896028 11.355076 -7.441735 -2.540891 -24.551939 -23.642149 -15.826821 -0.083691 -12.052351 5.695604 1.903409 -1.079369 18.207859 -24.642788 7.115746 1.752250 9.599124 -8.226447 13.235543 -20.617460 2.565247 -2.791937 8.039433 -0.544751 -21.791101
29.860434 1.162524 7.708239 5.840539 24.007973 -7.950197 11.419791 -7.520385 -2.534994 -24.483622 -23.541298 -15.848682 -0.070396 -12.078408 5.807074 1.849568 -1.103713 18.193344 -24.647848 7.131678 1.782449 9.620586 -8.102665 13.300854 -20.650528 2.552176 -2.822489 8.005105 -0.571748 -21.795773
29.860434 1.162524 7.708239 5.840539 24.007973 -7.950197 11.419791 -7.520385 -2.534994 -24.483622 -23.541729 -15.849002 -0.070494 -12.078612 5.807083 1.850134 -1.104220 18.193562 -24.647575 7.131711 1.782251 9.620616 -8.102498 13.301211 -20.650534 2.552285 -2.822347 8.005154 -0.571819 -21.795792
29.860701 1.162683 7.708171 5.840011 24.008142 -7.950351 11.419759 -7.520533 -2.534760 -24.483324 -23.541729 -15.849002 -0.070494 -12.078612 5.807083 1.850134 -1.104220 18.193562 -24.647575 7.131711 1.782251 9.620616 -8.102498 13.301211 -20.650534 2.552285 -2.822347 8.005154 -0.571819 -21.795792
29.861090 1.161171 7.709742 5.839411 24.007614 -7.950276 11.420683 -7.522858 -2.533183 -24.484001 -23.540833 -15.845969 -0.076033 -12.080916 5.807198 1.849832 -1.105862 18.191385 -24.646055 7.127480 1.785979 9.615687 -8.101185 13.302835 -20.652538 2.552013 -2.826335 8.004432 -0.571512 -21.794529
29.861187 1.161049 7.708908 5.839912 24.007515 -7.950619 11.420301 -7.521812 -2.533918 -24.484028 -23.542561 -15.847817 -0.073586 -12.080291 5.807546 1.850740 -1.106981 18.192123 -24.645760 7.129055 1.785784 9.613725 -8.101185 13.304336 -20.653276 2.551696 -2.826088 8.005235 -0.571736 -21.795055
29.861145 1.160984 7.709292 5.839084 24.007874 -7.950436 11.419989 -7.522209 -2.533458 -24.484169 -23.541075 -15.845954 -0.074204 -12.081134 5.807701 1.848974 -1.104536 18.191051 -24.646601 7.127660 1.785784 9.613725 -8.101185 13.304336 -20.653276 2.551696 -2.826088 8.005235 -0.571736 -21.795055
29.861145 1.160984 7.709292 5.839084 24.007874 -7.950436 11.419989 -7.522209 -2.533458 -24.484169 -23.541075 -15.845954 -0.074204 -12.081134 5.807701 1.848974 -1.104536 18.191051 -24.646601 7.127660 1.785784 9.613725 -8.101185 13.304336 -20.653276 2.551696 -2.826088 8.005235 -0.571736 -21.795055
29.861145 1.160984 7.709292 5.839084 24.007874 -7.950436 11.419989 -7.522209 -2.533458 -24.484169 -23.541075 -15.845954 -0.074204 -12.081134 5.807701 1.848974 -1.104536 18.191051 -24.646601 7.127660 1.785784 9.613725 -8.101185 13.304336 -20.653276 2.551696 -2.826088 8.005235 -0.571736 -21.795055
29.861145 1.160984 7.709292 5.839084 24.007874 -7.950436 11.419989 -7.522209 -2.533458 -24.484169 -23.541075 -15.845954 -0.074204 -12.081134 5.807701 1.848974 -1.104536 18.191051 -24.646601 7.127660 1.785784 9.613725 -8.101185 13.304336 -20.653276 2.551696 -2.826088 8.005235 -0.571736 -21.795055
29.861145 1.160984 7.709292 5.839084 24.007874 -7.950436 11.419989 -7.522209 -2.533458 -24.484169 -23.541075 -15.845954 -0.074204 -12.081134 5.807701 1.848974 -1.104536 18.191051 -24.646601 7.127660 1.785784 9.613725 -8.101185 13.304336 -20.653276 2.551696 -2.826088 8.005235 -0.571736 -21.795055
29.861145 1.160984 7.709292 5.839084 24.007874 -7.950436 11.419989 -7.522209 -2.533458 -24.484169 -23.541075 -15.845954 -0.074204 -12.081134 5.807701 1.848974 -1.104536 18.191051 -24.646601 7.127660 1.785784 9.613725 -8.101185 13.304336 -20.653276 2.551696 -2.826088 8.005235 -0.571736 -21.795055
29.863197 1.152997 7.698720 5.846059 24.009027 -7.948262 11.425054 -7.521630 -2.544822 -24.484447 -23.537888 -15.843147 -0.083803 -12.084421 5.805635 1.852357 -1.105652 18.185989 -24.644457 7.128627 1.786430 9.614620 -8.102887 13.302999 -20.652458 2.551678 -2.825094 8.003917 -0.571598 -21.795200
29.863796 1.150924 7.699679 5.846566 24.007568 -7.947475 11.425274 -7.522118 -2.544924 -24.485201 -23.535774 -15.839797 -0.087329 -12.086465 5.807744 1.850164 -1.104231 18.184484 -24.645189 7.123981 1.786186 9.615646 -8.102176 13.302947 -20.652184 2.552042 -2.825307 8.004477 -0.571602 -21.794922
29.862883 1.152771 7.699170 5.845756 24.009216 -7.947927 11.424776 -7.521876 -2.544596 -24.484884 -23.536455 -15.841147 -0.084451 -12.085189 5.805780 1.850574 -1.103271 18.184860 -24.645346 7.127163 1.786488 9.615426 -8.102956 13.302798 -20.652222 2.551838 -2.825104 8.003637 -0.571574 -21.795399
29.864799 1.151441 7.701061 5.846623 24.007290 -7.946173 11.424940 -7.521986 -2.544188 -24.485077 -23.536987 -15.842400 -0.087514 -12.086125 5.807307 1.852698 -1.107630 18.185478 -24.644140 7.126327 1.785125 9.621140 -8.111691 13.308501 -20.645592 2.555725 -2.818926 8.003897 -0.569329 -21.796864
29.854456 6.576168 4.418979 -0.267445 18.279360 -13.193710 16.989166 -9.423326 -8.349803 -25.515989 -23.112980 -10.114163 -1.516312 -12.122656 8.925984 -3.455750 -0.507475 14.374885 -26.596754 8.711289 2.281894 11.591500 -7.337260 12.544297 -19.860538 7.936229 -2.094004 6.099139 2.179873 -19.159000
29.854456 6.576168 4.418979 -0.267445 18.279360 -13.193710 16.989166 -9.423326 -8.349803 -25.515989 -23.112980 -10.114163 -1.516312 -12.122656 8.925984 -3.455750 -0.507475 14.374885 -26.596754 8.711289 2.281894 11.591500 -7.337260 12.544297 -19.860538 7.936229 -2.094004 6.099139 2.179873 -19.159000
29.854456 6.576168 4.418979 -0.267445 18.279360 -13.193710 16.989166 -9.423326 -8.349803 -25.515989 -23.112980 -10.114163 -1.516312 -12.122656 8.925984 -3.455750 -0.507475 14.374885 -26.596754 8.711289 2.281894 11.591500 -7.337260 12.544297 -19.860538 7.936229 -2.094004 6.099139 2.179873 -19.159000
29.854456 6.576168 4.418979 -0.267445 18.279360 -13.193710 16.989166 -9.423326 -8.349803 -25.515989 -23.112980 -10.114163 -1.516312 -12.122656 8.925984 -3.455750 -0.507475 14.374885 -26.596754 8.711289 2.281894 11.591500 -7.337260 12.544297 -19.860538 7.936229 -2.094004 6.099139 2.179873 -19.159000
29.854456 6.576168 4.418979 -0.267445 18.279360 -13.193710 16.989166 -9.423326 -8.349803 -25.515989 -23.112980 -10.114163 -1.516312 -12.122656 8.925984 -3.455750 -0.507475 14.374885 -26.596754 8.711289 2.281894 11.591500 -7.337260 12.544297 -19.860538 7.936229 -2.094004 6.099139 2.179873 -19.159000
27.483397 2.029474 5.321422 2.917961 21.323055 -12.968680 14.895908 -6.917032 -4.964486 -22.146898 -23.520533 -12.724227 -0.738493 -9.061176 9.899827 -0.900375 1.115702 15.411027 -25.109819 6.844890 3.420808 12.253888 -7.176188 12.457438 -19.791744 6.446187 -2.936210 5.841628 1.296943 -18.609804
26.923769 0.610748 5.483174 3.825574 22.100153 -13.047207 14.396089 -6.387084 -3.918724 -21.177649 -23.492422 -13.205796 -0.703916 -8.677325 10.146759 -0.493629 1.417362 15.591211 -24.728491 6.536829 3.946615 12.452119 -7.257641 12.552955 -19.538946 5.655853 -3.321287 5.747730 0.839509 -18.226404
26.949963 0.339089 5.450250 3.890040 22.361189 -12.555859 14.117769 -6.282069 -3.776694 -21.029955 -23.451500 -13.236362 -0.729745 -8.722919 10.147130 -0.506840 1.527872 15.552905 -24.721519 6.522233 4.213215 12.489184 -7.191271 12.567739 -19.612688 5.590340 -3.365405 5.683583 0.923847 -18.171856
26.959358 0.401934 5.446067 3.858084 22.324495 -12.580238 14.138959 -6.297123 -3.815665 -21.070898 -23.447533 -13.239058 -0.725484 -8.721377 10.124124 -0.521038 1.520722 15.567695 -24.749428 6.512090 4.209847 12.485331 -7.180189 12.559573 -19.631281 5.625734 -3.346865 5.684985 0.954125 -18.182112
26.964973 0.416611 5.442816 3.846648 22.324890 -12.575558 14.136131 -6.300870 -3.822354 -21.078384 -23.446148 -13.236425 -0.727771 -8.719536 10.120056 -0.526604 1.518618 15.571103 -24.757898 6.512210 4.214840 12.483855 -7.180134 12.563018 -19.633614 5.630543 -3.342210 5.682466 0.960652 -18.182064
26.965052 0.416754 5.442830 3.846774 22.324615 -12.575001 14.136248 -6.300736 -3.822797 -21.078604 -23.446239 -13.236461 -0.727886 -8.719105 10.119790 -0.525868 1.518230 15.570871 -24.757233 6.511904 4.214476 12.483876 -7.180237 12.562957 -19.633032 5.630499 -3.342534 5.682608 0.960202 -18.181467
26.965101 0.416708 5.442546 3.846209 22.324520 -12.576882 14.136715 -6.301345 -3.822425 -21.078773 -23.446808 -13.236860 -0.727174 -8.719197 10.120079 -0.525456 1.517954 15.571338 -24.757177 6.512129 4.214127 12.483754 -7.180363 12.563085 -19.633135 5.630797 -3.342258 5.682580 0.960310 -18.181652
26.970839 0.420906 5.434716 3.842691 22.325678 -12.572561 14.136049 -6.301036 -3.828087 -21.079546 -23.446585 -13.236613 -0.727774 -8.719682 10.119826 -0.524786 1.517645 15.570567 -24.755968 6.511505 4.217007 12.484128 -7.180511 12.564849 -19.631773 5.629171 -3.342587 5.682187 0.959782 -18.180771
26.971010 0.420332 5.434597 3.842794 22.325975 -12.572025 14.135555 -6.300639 -3.827547 -21.079264 -23.446182 -13.237926 -0.726765 -8.719293 10.119191 -0.522549 1.515856 15.571466 -24.755926 6.512274 4.217185 12.484591 -7.179917 12.564290 -19.632336 5.628648 -3.342730 5.682340 0.959849 -18.180950
26.973589 0.421406 5.434681 3.843128 22.327272 -12.573956 14.138807 -6.303556 -3.825925 -21.077055 -23.442091 -13.236300 -0.727977 -8.714824 10.129835 -0.523033 1.512445 15.567550 -24.756777 6.517410 4.217800 12.484181 -7.179188 12.564646 -19.633194 5.628473 -3.342763 5.681918 0.960340 -18.180950
26.973589 0.421406 5.434681 3.843128 22.327272 -12.573956 14.138807 -6.303556 -3.825925 -21.077055 -23.442091 -13.236300 -0.727977 -8.714824 10.129835 -0.523033 1.512445 15.567550 -24.756777 6.517410 4.217088 12.484077 -7.179417 12.564712 -19.632711 5.628728 -3.342812 5.682034 0.960001 -18.180540
26.973589 0.421406 5.434681 3.843128 22.327272 -12.573956 14.138807 -6.303556 -3.825925 -21.077055 -23.442091 -13.236300 -0.727977 -8.714824 10.129835 -0.523033 1.512445 15.567550 -24.756777 6.517410 4.217800 12.484181 -7.179188 12.564646 -19.633194 5.628473 -3.342763 5.681918 0.960340 -18.180950
26.973589 0.421406 5.434681 3.843128 22.327272 -12.573956 14.138807 -6.303556 -3.825925 -21.077055 -23.442091 -13.236300 -0.727977 -8.714824 10.129835 -0.523033 1.512445 15.567550 -24.756777 6.517410 4.217800 12.484181 -7.179188 12.564646 -19.633194 5.628473 -3.342763 5.681918 0.960340 -18.180950
26.973589 0.421406 5.434681 3.843128 22.327272 -12.573956 14.138807 -6.303556 -3.825925 -21.077055 -23.442091 -13.236300 -0.727977 -8.714824 10.129835 -0.523033 1.512445 15.567550 -24.756777 6.517410 4.217800 12.484181 -7.179188 12.564646 -19.633194 5.628473 -3.342763 5.681918 0.960340 -18.180950
26.973589 0.421406 5.434681 3.843128 22.327272 -12.573956 14.138807 -6.303556 -3.825925 -21.077055 -23.442091 -13.236300 -0.727977 -8.714824 10.129835 -0.523033 1.512445 15.567550 -24.756777 6.517410 4.217800 12.484181 -7.179188 12.564646 -19.633194 5.628473 -3.342763 5.681918 0.960340 -18.180950
26.973589 0.421406 5.434681 3.843128 22.327272 -12.573956 14.138807 -6.303556 -3.825925 -21.077055 -23.442091 -13.236300 -0.727977 -8.714824 10.129835 -0.523033 1.512445 15.567550 -24.756777 6.517410 4.217800 12.484181 -7.179188 12.564646 -19.633194 5.628473 -3.342763 5.681918 0.960340 -18.180950
26.973589 0.421406 5.434681 3.843128 22.327272 -12.573956 14.138807 -6.303556 -3.825925 -21.077055 -23.442091 -13.236300 -0.727977 -8.714824 10.129835 -0.523033 1.512445 15.567550 -24.756777 6.517410 4.217800 12.484181 -7.179188 12.564646 -19.633194 5.628473 -3.342763 5.681918 0.960340 -18.180950
26.973589 0.421406 5.434681 3.843128 22.327272 -12.573956 14.138807 -6.303556 -3.825925 -21.077055 -23.442091 -13.236300 -0.727977 -8.714824 10.129835 -0.523033 1.512445 15.567550 -24.756777 6.517410 4.217800 12.484181 -7.179188 12.564646 -19.633194 5.628473 -3.342763 5.681918 0.960340 -18.180950
26.973589 0.421406 5.434681 3.843128 22.327272 -12.573956 14.138807 -6.303556 -3.825925 -21.077055 -23.442091 -13.236300 -0.727977 -8.714824 10.129835 -0.523033 1.512445 15.567550 -24.756777 6.517410 4.217800 12.484181 -7.179188 12.564646 -19.633194 5.628473 -3.342763 5.681918 0.960340 -18.180950
26.973589 0.421406 5.434681 3.843128 22.327272 -12.573956 14.138807 -6.303556 -3.825925 -21.077055 -23.442091 -13.236300 -0.727977 -8.714824 10.129835 -0.523033 1.512445 15.567550 -24.756777 6.517410 4.217800 12.484181 -7.179188 12.564646 -19.633194 5.628473 -3.342763 5.681918 0.960340 -18.180950
26.973589 0.421406 5.434681 3.843128 22.327272 -12.573956 14.138807 -6.303556 -3.825925 -21.077055 -23.442091 -13.236300 -0.727977 -8.714824 10.129835 -0.523033 1.512445 15.567550 -24.756777 6.517410 4.217800 12.484181 -7.179188 12.564646 -19.633194 5.628473 -3.342763 5.681918 0.960340 -18.180950
