-10.676749 -21.564837 11.503745 1.488252 14.219435 2.820340 12.458792 29.291765 -4.293195 -16.484444 -1.548084 -7.575242 -29.323917 -15.229951 3.252874 22.154608 -10.228092 -12.583500 -11.010930 -18.330109 5.553236 -17.588680 -13.605186 11.017392 -9.484612 10.983586 -16.377972 10.752249 4.714406 -8.994757
-10.443909 -21.224318 11.456171 1.356768 14.397218 2.760268 12.269123 29.424488 -4.288480 -16.444416 -1.441196 -7.357422 -29.503120 -15.498694 3.045469 21.851456 -10.453535 -12.626554 -11.131061 -18.385782 5.523586 -17.595440 -13.709785 11.101890 -9.491982 10.897590 -16.382191 10.690524 4.629189 -9.074021
-10.093062 -20.591290 11.422070 1.069188 14.710515 2.624456 11.910013 29.667820 -4.237845 -16.374699 -1.387162 -7.200143 -29.653679 -15.797771 2.917842 21.324921 -10.671167 -12.474908 -11.342061 -18.400654 5.357341 -17.618263 -13.923649 11.252843 -9.547811 10.786847 -16.361721 10.556663 4.447452 -9.139418
-9.632404 -19.756535 11.413617 0.744586 15.078641 2.336240 11.448601 29.912830 -4.122137 -16.272633 -1.375925 -6.900487 -29.965734 -15.870584 2.506391 20.595404 -10.896445 -12.292537 -11.749104 -18.464880 5.201809 -17.553453 -14.022835 11.320508 -9.612528 10.606853 -16.361423 10.536642 4.221039 -9.208229
-8.977957 -18.761950 11.511680 0.382909 15.472004 1.926064 10.906254 30.250275 -3.949005 -16.193048 -1.571219 -6.638904 -30.026751 -16.014870 2.176680 19.645866 -11.225345 -12.022749 -12.584256 -18.665096 4.846776 -17.517893 -14.249252 11.355607 -9.859765 10.452390 -16.397095 10.323170 3.933196 -9.246561
-8.157056 -17.684977 11.663787 -0.081720 15.951818 1.565826 10.274605 30.761734 -3.687541 -16.093851 -1.980555 -6.481586 -29.966602 -16.128656 2.158338 18.432783 -11.386117 -11.637464 -13.412196 -18.922426 4.512124 -17.410910 -14.441018 11.397969 -10.263968 10.263160 -16.401773 9.974705 3.620601 -9.173136
-7.383310 -16.735540 11.609250 -0.486207 16.615433 1.163389 9.489632 31.376390 -3.325716 -15.772916 -2.295612 -6.557835 -29.963066 -15.960382 2.099590 17.481125 -11.535124 -11.032571 -14.185189 -19.185059 4.201315 -17.177118 -14.508101 11.324775 -10.648879 9.992565 -16.355394 9.807196 3.325812 -9.270311
-6.484204 -16.016409 11.496865 -0.988684 17.220753 0.862420 8.675658 31.926281 -2.715178 -15.365677 -2.743683 -6.488110 -30.154652 -15.857391 2.164630 16.378620 -11.487095 -10.413997 -14.777986 -19.461048 3.772744 -17.038120 -14.760012 11.350918 -11.149426 9.777032 -16.186073 9.443383 3.047536 -9.305870
-5.453031 -15.224343 11.363616 -1.551486 17.969128 0.900053 7.787056 32.399433 -2.160544 -14.877216 -3.444021 -6.957609 -30.161133 -15.501760 2.701020 15.615220 -11.128055 -9.450224 -14.631920 -19.940929 3.299679 -16.879786 -14.923742 11.250802 -11.559096 9.462306 -16.049992 9.295630 2.773514 -9.417194
-4.386119 -14.306710 11.476624 -2.121703 18.488178 0.797063 7.176437 32.831223 -1.619489 -14.425733 -4.206174 -7.442518 -29.943714 -14.964405 3.276940 14.826211 -10.733986 -8.205556 -14.482837 -20.050756 2.721889 -16.712309 -15.152306 11.122375 -12.299904 9.088906 -15.836359 8.928165 2.493879 -9.375585
-3.158395 -13.171479 11.798863 -2.890709 19.047752 0.735371 6.531949 33.261135 -0.962943 -13.945287 -4.558247 -7.594546 -30.266024 -14.563642 3.371601 13.926026 -10.434247 -7.117013 -14.471112 -20.124674 2.152271 -16.567589 -15.433382 11.105763 -12.741093 8.718688 -15.614823 8.749065 2.181469 -9.481249
-2.190683 -12.346682 11.994186 -3.343881 19.456585 0.779926 6.138737 33.482716 -0.620858 -13.574844 -5.199350 -7.831883 -30.104702 -13.921092 3.501688 13.607886 -10.437366 -6.212682 -14.308389 -20.313015 1.558319 -16.467051 -15.769190 10.947448 -13.160905 8.238171 -15.321898 8.651255 1.884033 -9.270831
-1.164082 -11.718336 12.171775 -3.810126 19.821552 0.881549 5.878808 33.440975 -0.223665 -13.153444 -5.517946 -8.063392 -30.063713 -13.820733 3.695526 12.914316 -10.413365 -5.298953 -14.142936 -20.661625 1.038042 -16.415751 -16.080301 10.894532 -13.372716 7.795096 -14.971946 8.746338 1.651841 -9.141609
-0.383717 -11.172327 12.275867 -4.124122 19.991568 0.720065 5.846195 33.101326 0.025309 -12.807791 -5.723948 -8.389924 -30.204416 -13.533994 3.841335 12.658529 -10.234359 -4.301875 -13.707816 -20.851419 0.588304 -16.322962 -16.236078 10.787104 -13.599045 7.414577 -14.695357 8.852819 1.451462 -9.115954
0.198869 -10.751709 12.428657 -4.325672 20.091206 0.657443 5.843277 32.863575 0.179034 -12.636992 -5.765249 -8.641849 -30.313107 -13.405641 3.845195 12.317486 -10.111773 -3.392020 -13.477826 -20.753716 0.245535 -16.315701 -16.483595 10.818381 -13.781960 7.168421 -14.482701 8.785848 1.274751 -8.886973
0.592669 -10.456482 12.474381 -4.456808 20.177553 0.538854 5.836569 32.568729 0.352879 -12.415644 -5.760663 -8.730941 -30.622606 -13.373300 3.607752 12.017630 -10.134225 -2.649065 -13.324039 -20.767595 -0.183585 -16.185791 -16.544239 10.721069 -13.959844 6.866777 -14.389556 8.805865 0.951204 -8.598242
0.881098 -10.260656 12.427020 -4.488560 20.256325 0.356399 5.908652 32.112381 0.452851 -12.145710 -6.016066 -8.790757 -30.491016 -13.151823 3.563378 12.009860 -10.158029 -2.168154 -13.119889 -20.629658 -0.393499 -16.088840 -16.517183 10.602477 -14.075421 6.623175 -14.267345 8.917892 0.806864 -8.370283
0.969099 -10.234268 12.296762 -4.381752 20.294872 0.188747 5.981243 31.721008 0.462596 -11.964306 -6.066836 -8.880370 -30.314079 -13.024320 3.538787 11.742911 -10.101866 -1.843084 -13.327180 -20.597910 -0.506463 -15.970481 -16.450068 10.529662 -14.221274 6.431789 -14.174609 8.959900 0.695339 -8.217464
0.956130 -10.240994 12.169689 -4.306297 20.343483 0.051438 6.032256 31.458427 0.460866 -11.798207 -6.124927 -8.888587 -30.245844 -12.972112 3.549332 11.575294 -10.033399 -1.694963 -13.376290 -20.519283 -0.592983 -15.904424 -16.408197 10.463018 -14.278965 6.307687 -14.091280 9.055743 0.637439 -8.119404
0.966595 -10.246630 12.162937 -4.276000 20.358173 0.021808 6.051965 31.375519 0.470625 -11.748756 -6.103946 -8.896082 -30.245136 -12.917300 3.539471 11.503886 -9.973344 -1.599420 -13.427679 -20.445358 -0.636427 -15.818702 -16.304255 10.401481 -14.347211 6.271738 -14.060855 9.078996 0.593673 -8.007076
0.911331 -10.266056 12.324117 -4.492387 20.152657 0.118190 6.093758 31.426231 0.513140 -11.931763 -6.138198 -8.730931 -30.468479 -12.961899 3.463488 11.887600 -10.201913 -1.770689 -13.034558 -20.414364 -0.545336 -16.005142 -16.516413 10.554387 -14.254067 6.493124 -13.958367 9.013284 0.814588 -8.062080
0.604226 -10.651323 12.806401 -4.858829 19.673595 0.508096 6.181714 31.503727 0.752296 -12.258064 -5.871634 -8.401584 -31.029673 -13.148504 3.423309 12.436765 -10.477428 -2.195762 -12.498137 -20.118979 -0.216689 -16.371944 -16.769876 10.937222 -13.897662 7.088078 -13.784791 8.964327 1.331608 -8.168613
0.095783 -11.661789 13.186868 -5.211081 18.797733 1.044662 6.543346 30.882622 0.950594 -12.808880 -5.588842 -7.807072 -31.232262 -13.203906 3.197530 13.111948 -10.889048 -3.110255 -12.627316 -19.416773 0.342565 -16.526201 -16.554735 11.355180 -13.577863 7.696951 -13.149597 9.247474 2.114216 -8.021149
-0.771938 -13.436447 13.775022 -5.209839 17.251507 0.994493 7.596376 29.747398 1.515443 -13.329889 -4.608641 -6.889204 -32.151726 -14.222765 2.344498 13.949004 -11.415785 -3.982490 -12.278459 -18.078316 0.772514 -16.778841 -16.483965 11.972262 -13.242393 8.410162 -12.252161 9.600841 3.002194 -7.762400
-1.223768 -15.321959 14.293969 -4.620592 15.464032 0.717835 9.183947 28.335140 1.317710 -14.395704 -3.064457 -5.963253 -33.655212 -15.172795 0.947746 15.197289 -12.627017 -3.942552 -11.589150 -16.375357 1.332513 -16.885519 -16.369864 12.834718 -12.688600 8.689219 -11.264288 10.382660 3.782570 -7.778636
-0.831338 -17.094006 14.030709 -4.324842 14.013814 -0.194116 10.361315 26.849800 1.363785 -15.014439 -2.251958 -6.472120 -34.206821 -15.280793 0.985167 17.592800 -13.317958 -2.371400 -9.728374 -14.765284 2.335022 -16.581490 -15.756614 13.369489 -12.604806 8.642642 -10.154513 11.422064 4.878484 -8.356398
-0.754225 -19.607100 13.466660 -4.585153 13.034905 -0.964063 10.938313 26.163660 2.332094 -15.122790 -2.713473 -7.138178 -33.746887 -14.370345 2.145086 17.543278 -12.615879 -0.080697 -10.019653 -12.592088 3.097309 -16.010660 -15.103892 13.791922 -12.873239 8.599035 -8.672029 12.175874 5.944166 -9.119959
-0.346193 -21.005619 13.276638 -5.229263 12.146898 -1.975250 11.244803 24.710815 3.264977 -15.229801 -3.689944 -7.763830 -33.946320 -13.248102 4.060210 15.679668 -10.408344 3.131563 -9.815915 -10.136977 3.246649 -14.756936 -14.423714 14.583950 -13.976396 7.869979 -6.197517 12.930185 6.416376 -9.402085
0.905142 -22.368898 12.810361 -7.562789 10.805413 -0.541819 11.013636 22.888340 3.631144 -16.740360 -4.325821 -6.787272 -35.864941 -10.766191 4.584846 14.394362 -7.302315 3.953846 -8.807134 -9.198362 2.769939 -13.814384 -14.762783 16.086279 -14.811112 6.819564 -3.968508 12.991906 5.940383 -8.979853
1.185044 -24.270960 11.461529 -10.108470 9.150252 1.426904 11.931911 20.028559 3.565387 -17.973162 -6.654923 -4.226066 -36.454697 -7.836986 3.262938 14.441175 -7.158641 3.224819 -8.498300 -8.218979 1.690460 -13.389233 -16.029030 16.690451 -15.184102 5.681795 -2.626510 12.892824 4.941302 -7.388312
2.174665 -23.696772 10.969485 -13.106775 8.227419 1.263995 12.832418 17.027824 4.741389 -17.872150 -8.814306 -2.262095 -35.440754 -6.947203 1.922383 15.049570 -8.707500 3.625983 -8.994197 -5.248029 0.919105 -12.617379 -16.292391 16.466185 -15.356742 4.782156 -1.459501 13.363791 4.130833 -4.139334
4.833983 -22.376875 10.676197 -15.862674 8.099906 0.286283 12.859123 14.603634 6.049114 -17.295382 -10.295216 -1.048483 -33.086296 -7.995270 1.671520 13.842018 -9.514302 3.274081 -10.445835 -2.538735 0.578409 -11.890002 -15.808883 16.067814 -15.530966 4.347210 -0.108686 14.567167 4.092820 -1.314067
6.385182 -20.931044 10.863569 -17.120686 8.259942 -0.623439 12.982152 12.128279 6.334392 -16.850664 -11.711284 -0.789269 -31.018709 -8.693258 2.667727 13.009203 -9.001711 2.861280 -10.938858 -1.080167 0.184594 -11.224069 -15.247635 15.247842 -15.975837 3.796775 1.060669 15.875093 4.086190 1.171529
7.858108 -18.969397 11.226886 -17.727953 9.487510 -1.487933 12.415081 10.077926 6.658945 -15.903821 -12.941207 -1.003947 -29.771233 -8.135024 4.281697 12.213778 -6.922777 2.800838 -10.421769 -0.409961 0.027874 -10.513338 -14.295284 14.336556 -15.852619 3.146034 1.461579 17.217144 3.687823 2.969245
8.414293 -17.837299 11.138342 -18.020737 10.706292 -2.369352 12.239869 8.170921 6.761089 -15.076071 -13.625704 -1.979696 -28.549450 -7.214043 5.209603 12.051257 -6.293919 3.962055 -9.960649 -0.355446 0.053488 -9.989745 -13.522883 13.629422 -15.893203 2.795532 1.417430 17.837067 3.421394 4.031750
8.758342 -17.409628 10.670382 -18.419014 11.693313 -2.788074 11.693415 6.419090 7.186358 -14.345981 -14.333710 -2.565750 -27.436878 -6.704521 5.897913 11.350660 -6.125940 5.225173 -10.108367 0.158459 0.094068 -9.428939 -12.551988 12.850723 -16.075851 2.444582 1.290634 18.406645 3.221306 4.975332
9.371692 -17.000116 9.995336 -18.904396 12.790111 -3.261679 11.046655 4.961626 7.712979 -13.552346 -14.795456 -2.774140 -26.551807 -6.680691 6.457280 10.769058 -5.789298 5.722937 -10.508891 0.932690 0.367394 -9.021416 -11.702633 12.257483 -16.133327 2.331890 1.229030 18.923761 3.312108 5.713963
9.857773 -16.637873 9.140325 -19.130030 13.585617 -3.462615 10.665785 4.275601 7.620459 -13.027571 -14.962111 -2.934031 -26.082996 -6.827069 6.927762 10.421713 -5.297282 5.967393 -10.640647 1.584452 0.561182 -8.775862 -11.092550 11.916780 -16.109579 2.266639 1.137264 19.294857 3.380083 6.024385
9.897217 -16.571836 8.525537 -19.121454 13.999737 -3.559179 10.514615 4.056682 7.401609 -12.759284 -15.115409 -2.936745 -25.727036 -6.951897 7.092486 10.303023 -5.233424 6.050493 -10.777987 1.969297 0.717624 -8.560060 -10.633986 11.634471 -16.109280 2.218947 0.956937 19.441757 3.363785 6.206880
9.829689 -16.633413 8.259701 -19.191652 14.074275 -3.572735 10.476717 4.009452 7.322830 -12.745676 -15.162296 -2.957407 -25.606888 -6.990499 7.169408 10.210686 -5.174504 6.078517 -10.824759 2.057228 0.751302 -8.447629 -10.483118 11.576838 -16.132462 2.186815 0.940367 19.476818 3.342323 6.263795
9.838198 -16.636057 8.244044 -19.195169 14.077655 -3.568963 10.470871 3.996013 7.327203 -12.738609 -15.184092 -2.975079 -25.521273 -7.009575 7.236630 10.153282 -5.088525 6.071800 -10.856807 2.132373 0.740316 -8.440442 -10.488516 11.588399 -16.140785 2.182720 0.953213 19.468267 3.334300 6.264565
9.789555 -16.669420 8.201049 -19.112038 14.069103 -3.576427 10.502663 3.950692 7.270692 -12.727142 -15.237918 -2.976515 -25.407463 -7.014702 7.287199 10.123411 -5.028128 6.032847 -10.896250 2.205291 0.738998 -8.420512 -10.462707 11.574182 -16.156021 2.170281 0.944131 19.463676 3.319035 6.270321
9.763361 -16.673800 8.136514 -19.044184 14.076592 -3.550483 10.515580 3.938436 7.199296 -12.711695 -15.339334 -3.006673 -25.180098 -6.992171 7.368455 10.043531 -4.912072 5.933763 -11.028300 2.256164 0.744884 -8.405585 -10.438736 11.550303 -16.169563 2.159386 0.918541 19.448931 3.303429 6.273571
9.712278 -16.675413 8.065636 -18.884527 14.100875 -3.569191 10.560831 3.852700 7.089375 -12.654863 -15.515860 -2.978163 -24.863438 -6.883172 7.461799 10.053397 -4.759168 5.849241 -11.209215 2.495358 0.740611 -8.392526 -10.403303 11.477318 -16.188763 2.143669 0.888650 19.454758 3.291370 6.308692
9.717220 -16.671274 7.977922 -18.760485 14.129438 -3.619492 10.600519 3.764664 7.005886 -12.593103 -15.580138 -2.964482 -24.560427 -6.851406 7.551166 10.159199 -4.561225 5.598745 -11.362319 2.683395 0.737801 -8.384795 -10.394490 11.460052 -16.199442 2.137419 0.873271 19.441422 3.280838 6.312138
9.652605 -16.637945 7.877621 -18.619236 14.171590 -3.628480 10.647897 3.677072 6.868898 -12.529802 -15.579801 -2.959180 -24.277287 -6.832506 7.644832 10.414705 -4.393573 5.319069 -11.397668 2.942682 0.742198 -8.331729 -10.312667 11.366801 -16.234055 2.105789 0.840397 19.445919 3.252977 6.372653
9.588670 -16.590769 7.806723 -18.485312 14.219208 -3.652834 10.675051 3.602516 6.758174 -12.468123 -15.606762 -2.993569 -23.844343 -6.792682 8.004666 10.477215 -3.796711 4.777481 -11.507316 3.060865 0.739448 -8.296914 -10.246439 11.287137 -16.258415 2.080286 0.778765 19.432056 3.213629 6.397239
9.574753 -16.499125 7.774060 -18.365088 14.272341 -3.700036 10.703227 3.520751 6.672604 -12.377847 -15.482143 -3.075963 -23.480148 -6.902289 8.444348 10.334958 -3.026526 4.167658 -11.588529 3.065349 0.735856 -8.226895 -10.152341 11.188873 -16.306625 2.031391 0.733284 19.418848 3.160054 6.449636
9.611518 -16.401524 7.763387 -18.270523 14.323354 -3.744984 10.728178 3.432560 6.603226 -12.285728 -15.428431 -3.078478 -22.969744 -6.855415 8.656910 10.637259 -2.549984 3.445117 -11.669150 3.224046 0.723094 -8.174341 -10.097614 11.131206 -16.345673 1.989568 0.697283 19.391964 3.107833 6.472409
9.644532 -16.326174 7.752740 -18.213018 14.395632 -3.819542 10.742332 3.281383 6.621261 -12.142754 -15.499393 -3.106788 -22.466839 -6.697959 8.965048 10.711677 -1.789148 2.678096 -11.829621 3.211437 0.699531 -8.114301 -10.045671 11.087547 -16.391691 1.953559 0.678632 19.354156 3.058422 6.489706
9.670759 -16.267481 7.725397 -18.179081 14.465725 -3.891227 10.743151 3.158603 6.657740 -12.007309 -15.579199 -3.151569 -22.053843 -6.559812 9.206697 10.830096 -1.160159 1.968785 -11.899610 3.139886 0.640835 -8.085887 -10.060640 11.056140 -16.414227 1.944141 0.755500 19.368635 3.061513 6.544640
9.711061 -16.235754 7.791475 -18.172070 14.512923 -3.962623 10.746765 2.972629 6.767075 -11.879919 -15.659610 -3.200332 -21.511105 -6.581826 9.341414 11.050525 -0.799759 1.257881 -12.001273 3.095659 0.624693 -8.027974 -9.984024 10.957051 -16.451605 1.909435 0.664364 19.311974 2.996154 6.568797
9.752583 -16.191839 7.794822 -18.157488 14.604900 -4.054013 10.738326 2.763087 6.865661 -11.710375 -15.770103 -3.286028 -21.239302 -6.541605 9.449877 11.147138 -0.435980 0.776570 -12.012183 2.810805 0.567526 -8.031680 -10.024118 10.917377 -16.449158 1.912737 0.723930 19.325794 3.005457 6.635353
9.761342 -16.209637 7.747138 -18.149485 14.688886 -4.133696 10.721188 2.568980 6.969171 -11.559071 -15.892438 -3.362049 -20.838869 -6.582529 9.462206 11.174568 -0.308097 0.277422 -12.268306 2.373247 0.555052 -7.999450 -9.970907 10.850844 -16.484253 1.911857 0.710117 19.325005 2.992685 6.715220
9.762733 -16.218805 7.716691 -18.116159 14.741372 -4.188665 10.729150 2.408167 7.024476 -11.457190 -16.000412 -3.402492 -20.485607 -6.654828 9.500620 11.050028 -0.227171 -0.085228 -12.448710 2.007324 0.553808 -7.975589 -9.940500 10.779412 -16.492176 1.913854 0.761976 19.377815 3.020841 6.825353
9.760450 -16.230413 7.742894 -18.108374 14.746332 -4.215723 10.742411 2.337569 7.065850 -11.430880 -16.067345 -3.467638 -20.113667 -6.752934 9.524283 10.973684 -0.238049 -0.349450 -12.689920 1.710745 0.559165 -7.985395 -9.937958 10.752681 -16.479431 1.922360 0.758876 19.395605 3.036822 6.849228
9.742543 -16.245146 7.729339 -18.079306 14.757541 -4.221399 10.753769 2.270271 7.065531 -11.409715 -16.094339 -3.510212 -19.812725 -6.812904 9.551830 10.988779 -0.231348 -0.568390 -12.850601 1.557673 0.553828 -7.982366 -9.929117 10.725509 -16.486012 1.929662 0.788442 19.427753 3.057344 6.898697
9.740828 -16.243589 7.709493 -18.056826 14.777551 -4.220415 10.751442 2.254018 7.051064 -11.397800 -16.092140 -3.538392 -19.613369 -6.875929 9.569203 10.955089 -0.244388 -0.748113 -12.959007 1.359372 0.560297 -7.969886 -9.903450 10.695859 -16.493366 1.931052 0.798163 19.451872 3.067359 6.937290
9.743342 -16.243603 7.717354 -18.050390 14.784259 -4.223844 10.752686 2.241393 7.060903 -11.388654 -16.085022 -3.581964 -19.415798 -6.932442 9.578952 10.893114 -0.278344 -0.910072 -13.058352 1.139436 0.558968 -7.976047 -9.906393 10.681844 -16.491787 1.937300 0.809199 19.466103 3.079594 6.953884
9.737504 -16.248156 7.706481 -18.040903 14.788706 -4.223341 10.754950 2.230831 7.053843 -11.384402 -16.082003 -3.593415 -19.363329 -6.957579 9.568527 10.870390 -0.316752 -0.941519 -13.088370 1.074025 0.563779 -7.966341 -9.889288 10.670373 -16.499010 1.934863 0.803727 19.469164 3.076518 6.965691
9.749272 -16.240107 7.724756 -18.056194 14.783163 -4.226396 10.751390 2.240106 7.067167 -11.389398 -16.079496 -3.595067 -19.362514 -6.962288 9.555243 10.873549 -0.345050 -0.938966 -13.092039 1.056876 0.554232 -7.987764 -9.925779 10.690604 -16.483559 1.941841 0.821655 19.470224 3.087572 6.949272
9.757736 -16.236469 7.749367 -18.071196 14.777673 -4.238662 10.751833 2.234734 7.098005 -11.384096 -16.057127 -3.584491 -19.499851 -6.958909 9.514466 10.889055 -0.409048 -0.822084 -13.052327 1.102366 0.558400 -7.977884 -9.909464 10.679986 -16.491943 1.939832 0.821836 19.475157 3.087179 6.965818
9.767886 -16.234184 7.771801 -18.097433 14.762240 -4.241191 10.751468 2.248561 7.112781 -11.398135 -16.033123 -3.564802 -19.655773 -6.948007 9.428117 10.909892 -0.533464 -0.686974 -13.026864 1.124224 0.541901 -8.009945 -9.962992 10.704431 -16.463892 1.948258 0.855398 19.487583 3.106567 6.948700
9.804640 -16.220634 7.840651 -18.160475 14.736066 -4.260603 10.745187 2.275453 7.179729 -11.411238 -16.000975 -3.568036 -19.862831 -6.946246 9.353358 10.870304 -0.677707 -0.472927 -12.989417 1.119547 0.527146 -8.031134 -10.001179 10.716029 -16.446663 1.954373 0.906512 19.516716 3.132292 6.961707
9.825742 -16.209936 7.850058 -18.188683 14.729856 -4.262230 10.738948 2.315977 7.182168 -11.426684 -15.964067 -3.582804 -20.099358 -6.943515 9.267476 10.815307 -0.855481 -0.223479 -12.938513 1.091869 0.540334 -8.013438 -9.975803 10.719003 -16.458855 1.944844 0.886070 19.504993 3.116413 6.957340
9.862924 -16.184032 7.884132 -18.247242 14.719146 -4.259900 10.725658 2.395677 7.186591 -11.465426 -15.925234 -3.552290 -20.459408 -6.914132 9.179269 10.741904 -1.003190 0.052316 -12.770082 1.075437 0.538598 -8.028489 -10.000017 10.735294 -16.449274 1.943071 0.897830 19.511494 3.120063 6.942472
9.908419 -16.152433 7.919770 -18.317785 14.699195 -4.245513 10.703209 2.526586 7.182622 -11.530662 -15.823481 -3.586061 -20.672451 -6.973798 9.058599 10.747483 -1.263176 0.246776 -12.746044 1.012199 0.537252 -8.064427 -10.047527 10.754062 -16.422129 1.940218 0.902472 19.522451 3.131336 6.885857
9.965300 -16.134886 8.006353 -18.406172 14.662984 -4.223552 10.683732 2.699478 7.212641 -11.615742 -15.727110 -3.584110 -20.919743 -7.068932 8.920517 10.701928 -1.568528 0.485321 -12.663149 0.957886 0.538971 -8.092568 -10.105714 10.814689 -16.404078 1.953592 0.988349 19.568214 3.176801 6.870726
10.020919 -16.143417 8.038061 -18.520767 14.617772 -4.205079 10.658523 2.863374 7.233196 -11.721952 -15.694933 -3.580209 -21.088123 -7.136584 8.831857 10.635402 -1.789720 0.682190 -12.620606 0.915370 0.543064 -8.137309 -10.187243 10.908406 -16.368023 1.976721 1.109394 19.638952 3.242961 6.858332
10.055954 -16.183287 8.120961 -18.639658 14.527333 -4.181994 10.646589 3.017869 7.283971 -11.864620 -15.668882 -3.585778 -21.274651 -7.200959 8.644079 10.601142 -2.149748 0.797958 -12.633725 0.640868 0.578423 -8.159903 -10.191761 10.961836 -16.339153 1.992461 1.104943 19.651548 3.257828 6.813177
10.065860 -16.226362 8.149280 -18.776720 14.416957 -4.127270 10.607696 3.248801 7.332920 -12.044558 -15.569675 -3.579700 -21.645210 -7.226483 8.378009 10.677142 -2.597327 0.967114 -12.564511 0.364779 0.585141 -8.268267 -10.334829 11.137878 -16.273399 2.070806 1.231970 19.707546 3.358819 6.744552
10.001196 -16.371344 8.251746 -18.953203 14.252132 -3.974678 10.570621 3.557562 7.389190 -12.340117 -15.397478 -3.622698 -21.869881 -7.364255 8.196206 10.702984 -2.942496 0.989927 -12.535739 0.049414 0.601773 -8.409426 -10.535879 11.414292 -16.182243 2.165279 1.259685 19.644464 3.407949 6.554563
10.056710 -16.539780 8.511816 -19.257662 14.047273 -3.875738 10.505768 3.837588 7.660980 -12.631475 -15.134712 -3.645168 -22.080362 -7.506915 7.988233 10.943314 -3.228924 0.823036 -12.581080 -0.215578 0.613054 -8.553905 -10.720736 11.666020 -16.084946 2.271907 1.273805 19.579271 3.464741 6.360800
10.054801 -16.556925 8.790919 -19.553595 13.864373 -3.606706 10.392376 4.358449 7.826271 -12.968197 -14.814322 -3.708391 -22.233925 -7.691518 7.795942 11.214203 -3.529297 0.601091 -12.612464 -0.547205 0.584046 -8.720435 -10.989389 12.008536 -16.008698 2.376425 1.310162 19.457685 3.496510 6.111954
0.510259 -25.682922 4.975147 -7.168577 20.832466 -0.616798 8.286826 16.485399 6.197869 -3.738428 -12.557676 -1.537059 -24.567692 -12.156777 17.209190 13.968739 -7.290521 -1.347972 -3.826863 1.664043 1.210667 -5.507004 -7.461434 9.556558 -14.920877 9.693873 -2.303878 17.041214 6.875504 -4.153134
0.325546 -25.767214 5.235418 -6.848591 20.517643 -0.077372 8.395680 17.199125 5.966114 -4.011889 -12.035474 -1.679161 -24.836372 -12.358459 16.860870 14.356188 -7.733850 -1.543521 -4.025242 1.233556 1.298501 -5.946682 -7.740664 9.617859 -14.489110 10.003079 -2.838158 16.814087 6.935524 -4.676094
0.185832 -25.850590 5.374951 -6.357930 20.263575 0.395539 8.470491 17.929455 5.636585 -4.276518 -11.282594 -1.883625 -25.111431 -12.700704 16.411718 14.911620 -8.368984 -1.846232 -4.292749 0.707962 1.505265 -6.316946 -7.870369 9.698752 -14.013073 10.394456 -3.447067 16.590103 6.990630 -5.103513
0.211929 -25.834192 5.458285 -5.705197 20.137556 0.583370 8.587061 18.414093 5.256226 -4.376340 -10.584425 -1.981324 -25.357782 -13.077512 16.072187 15.359178 -8.923782 -2.077393 -4.352252 0.423442 1.711229 -6.627480 -7.976239 9.790313 -13.608046 10.727151 -4.008430 16.362976 7.014052 -5.457028
0.452702 -25.691278 5.205905 -5.123457 20.071562 0.760092 8.556150 18.923786 4.830054 -4.481651 -9.831585 -2.077955 -25.364166 -13.480649 15.784385 15.921219 -9.419671 -2.608267 -4.493086 0.134838 2.051092 -6.802882 -7.768988 9.568600 -13.285605 11.034211 -4.717025 16.266729 7.064816 -5.680933
1.266772 -22.631853 6.396396 -3.930201 20.865286 -0.034771 8.711512 18.659370 3.933422 -6.163935 -9.452691 -2.279679 -26.263542 -18.557468 10.086799 12.224400 -6.919563 -1.980590 -6.964046 1.352945 3.016662 -10.544140 -5.940738 9.260261 -15.312353 8.569307 -7.502258 16.510075 5.794283 -4.597058
2.327610 -21.022097 6.489531 -3.156533 20.982510 -0.840426 8.662653 19.152431 2.836834 -6.733972 -8.631406 -1.727130 -26.034786 -20.067455 9.678834 10.947096 -6.599671 -2.941990 -8.161515 1.542887 3.895193 -10.274288 -5.631388 8.880898 -14.878349 7.931339 -8.706066 16.284887 5.323668 -4.469461
2.825157 -20.391169 5.967309 -2.403186 21.272739 -1.316690 8.786685 19.730814 1.890964 -7.079597 -8.234364 -1.900194 -25.636034 -20.336708 9.623049 11.109226 -6.595728 -3.618933 -8.542557 1.095522 4.435258 -10.372047 -5.047141 8.481719 -14.982014 7.828804 -9.481987 16.323090 5.257643 -4.665635
2.868076 -19.898983 5.468301 -2.203920 21.958326 -1.525173 8.521988 20.136580 1.447780 -6.826482 -8.276620 -2.205144 -24.968599 -20.403343 9.973022 10.778236 -6.467665 -4.087244 -8.995052 0.573169 4.786540 -10.329099 -4.565842 8.034562 -14.966078 7.898430 -10.236587 16.294844 5.209449 -4.987184
2.216008 -19.652201 5.019895 -1.847443 22.467003 -1.794615 8.462424 20.015694 1.031485 -6.480738 -8.705280 -2.515561 -24.173698 -20.261559 10.405607 10.184557 -5.977081 -4.415622 -9.488725 -0.030078 5.097610 -10.185947 -4.104301 7.617743 -15.001171 7.910659 -10.765800 16.318745 5.181682 -5.130075
1.389205 -19.542942 4.330912 -1.624180 22.957565 -2.121522 8.434515 19.347103 0.760545 -5.955926 -9.338400 -2.726343 -23.409786 -19.946030 10.917688 9.449190 -5.257765 -4.592298 -10.037900 -0.408651 5.192619 -9.912365 -3.617305 7.190687 -15.222239 7.768392 -10.982974 16.465385 5.103060 -5.066205
0.442735 -19.520037 3.826448 -1.204921 23.275486 -2.350808 8.532461 18.904800 0.327818 -5.672643 -9.979689 -2.834207 -22.570522 -19.624533 11.435937 8.974907 -4.552544 -4.913671 -10.422873 -0.528528 5.231156 -9.670790 -3.171186 6.756083 -15.434831 7.650847 -11.169063 16.619108 5.038085 -4.927863
-0.574165 -19.732000 3.590004 -0.913761 23.533226 -2.606536 8.802137 18.239590 -0.053763 -5.530757 -10.690899 -2.727979 -22.128792 -19.248583 11.776122 8.622145 -3.883252 -4.857968 -10.395345 -0.137364 5.247496 -9.359635 -2.636662 6.168108 -15.776139 7.482924 -11.359849 16.777668 4.956050 -4.529582
-1.918185 -20.163260 3.615560 -0.491358 23.517254 -2.985134 9.320604 17.221027 -0.369897 -5.443133 -11.296284 -2.627784 -21.421806 -18.941723 12.122674 8.600112 -3.294309 -5.237954 -10.410261 0.185055 5.144439 -9.106687 -2.257273 5.715776 -16.163849 7.317683 -11.430914 16.847128 4.858995 -4.114790
-3.108698 -20.684050 3.546277 -0.151803 23.446394 -3.318770 9.875071 16.115570 -0.686692 -5.376962 -12.025373 -2.458926 -20.528778 -18.578842 12.640239 8.517393 -2.581992 -5.729609 -10.477281 0.623495 4.951844 -8.861445 -1.964426 5.322672 -16.578825 7.137627 -11.358413 16.904095 4.767726 -3.555824
-4.192405 -21.243925 3.589960 0.229887 23.307625 -3.574578 10.438208 15.135563 -0.965102 -5.376908 -12.586458 -2.345145 -19.879829 -18.319918 13.034754 8.424777 -1.900336 -6.022250 -10.470222 0.997646 4.949516 -8.691826 -1.570475 4.738359 -16.899637 7.041119 -11.555625 16.942822 4.769244 -3.004343
-5.003276 -21.740465 3.515516 0.431078 23.265713 -3.774796 10.904380 14.245167 -1.220533 -5.338541 -13.187336 -2.196529 -19.217419 -18.031742 13.459547 8.367899 -1.244707 -6.188574 -10.403195 1.599201 4.950768 -8.506718 -1.189237 4.276089 -17.212841 6.989686 -11.665091 16.961273 4.791117 -2.445618
-5.643330 -21.875818 3.059875 0.599510 23.380325 -3.861792 11.064640 13.544881 -1.515280 -5.113565 -13.510939 -2.083729 -18.681637 -17.911247 13.790590 8.345935 -0.713354 -6.422959 -10.469707 2.096410 4.934624 -8.290095 -0.818040 3.846807 -17.586594 6.951992 -11.683970 16.980724 4.820277 -1.791847
-6.170511 -21.934269 2.501646 0.657880 23.647898 -3.962667 11.203854 12.816174 -1.846719 -4.824289 -13.710953 -1.978611 -18.031099 -17.844654 14.126334 8.473547 -0.175703 -6.888677 -10.568963 2.598730 5.022266 -8.025351 -0.333326 3.331845 -17.954498 6.939878 -11.773078 17.021622 4.852843 -0.982826
-6.719164 -21.860826 1.829507 0.767808 23.996201 -4.055800 11.274405 12.159447 -2.252275 -4.491628 -13.915144 -1.877229 -17.144009 -17.741961 14.590223 8.509262 0.565738 -7.596174 -10.699826 3.112538 5.107667 -7.848186 -0.041273 3.049241 -18.169018 6.898139 -11.797652 17.047997 4.877900 -0.496935
-7.077704 -21.708925 1.207951 0.829494 24.345486 -4.132348 11.270569 11.708527 -2.606242 -4.201594 -14.009611 -1.820417 -16.500942 -17.679646 14.987668 8.464385 1.085839 -8.175400 -10.843890 3.414047 5.275518 -7.687458 0.287197 2.686936 -18.357204 6.893792 -11.962118 17.041552 4.909281 -0.015592
-7.388360 -21.571611 0.599782 1.011132 24.662575 -4.156778 11.245090 11.468554 -3.030428 -4.005523 -14.084051 -1.800497 -16.013138 -17.655891 15.275085 8.429287 1.530396 -8.544207 -10.915902 3.677537 5.381964 -7.565958 0.484996 2.508400 -18.471260 6.858251 -11.988753 17.056782 4.929811 0.286790
-7.568325 -21.449703 0.152524 1.140131 24.876745 -4.153197 11.212898 11.345465 -3.346683 -3.874623 -14.140738 -1.786807 -15.586191 -17.635551 15.511727 8.428908 1.907739 -8.871692 -10.990169 3.896277 5.471956 -7.435950 0.656472 2.421459 -18.560722 6.809325 -11.974393 17.074114 4.928314 0.509704
-7.576354 -21.379858 -0.071643 1.177160 24.980345 -4.176901 11.165306 11.231866 -3.439594 -3.782507 -14.188039 -1.777238 -15.398747 -17.639507 15.581665 8.438831 2.074833 -8.991807 -11.020395 3.984929 5.583380 -7.303066 0.876083 2.254767 -18.681923 6.775377 -12.021178 17.095030 4.935967 0.764179
-7.559961 -21.330763 -0.186394 1.183056 25.056150 -4.179955 11.135996 11.198864 -3.493855 -3.725620 -14.184730 -1.775761 -15.244722 -17.643614 15.659877 8.459547 2.206682 -9.130205 -11.065874 4.055644 5.625951 -7.249990 0.957521 2.204673 -18.727638 6.760717 -12.023324 17.104527 4.943106 0.856370
-7.456547 -21.334007 -0.150846 1.120290 25.067348 -4.186466 11.121468 11.179708 -3.425524 -3.700799 -14.195506 -1.757447 -15.257630 -17.640430 15.669903 8.448101 2.228308 -9.103549 -11.058728 4.109015 5.632929 -7.220023 0.986012 2.207440 -18.754742 6.746600 -12.002591 17.108074 4.936380 0.900998
