6.656905 -6.347133 4.812152 -12.001271 12.617721 -7.512344 17.549326 3.282116 -7.606819 -15.646187 -9.636322 -5.679171 -21.690342 -4.106495 8.616834 7.623283 3.510109 3.722175 -19.120270 4.444090 2.778247 -6.641570 -2.276926 7.303040 -19.283230 5.709679 -3.969538 18.785448 5.240444 1.811341
6.831992 -6.209772 4.974386 -12.338190 12.625087 -7.609962 17.378513 3.158361 -7.301087 -15.689736 -9.580202 -5.534533 -22.081184 -4.079335 8.398142 7.698346 3.289828 4.116687 -18.936213 4.761714 2.641524 -6.772679 -2.576382 7.420935 -19.204662 5.737310 -3.622764 18.902637 5.361253 1.856847
7.206464 -6.010580 5.261562 -13.018226 12.592149 -7.876733 17.144577 2.824745 -6.683757 -15.757090 -9.525187 -5.213782 -22.891365 -3.952127 7.969457 7.861892 2.803674 4.951509 -18.544825 5.407067 2.447011 -6.920056 -3.000732 7.582786 -19.099802 5.745212 -3.035895 19.106804 5.527187 2.084720
7.477843 -5.951766 5.907351 -13.661965 12.434339 -8.034973 17.014542 3.005540 -5.983645 -15.999033 -9.407187 -4.934787 -23.782417 -3.927637 7.420501 7.974314 1.983134 5.965742 -18.246237 5.935339 2.271696 -7.198666 -3.621166 7.903100 -18.855642 5.805431 -2.340177 19.320438 5.765719 2.183725
7.537698 -5.965809 6.693590 -14.163857 12.110368 -7.988308 17.066418 3.439421 -5.391155 -16.286835 -9.464063 -4.828217 -24.686855 -3.880878 6.863716 7.847558 1.118013 7.032816 -17.981913 5.968347 2.210449 -7.505708 -4.184712 8.295810 -18.509729 5.838592 -1.876853 19.423754 5.903734 2.091843
7.822250 -5.885105 7.014285 -14.583463 11.913009 -8.038235 16.822071 3.893370 -4.850580 -16.461229 -9.575986 -4.830760 -25.422756 -3.758219 6.610152 7.524770 0.513567 8.076366 -17.739492 5.815781 2.159713 -7.790319 -4.696156 8.808793 -18.192160 5.900396 -1.727181 19.316124 5.908753 1.675215
8.617146 -5.754579 6.986611 -15.180383 11.704892 -7.947616 16.430382 4.282872 -4.358909 -16.623747 -9.633986 -4.875966 -26.290737 -3.655447 6.350029 7.187282 0.011513 8.880699 -17.512884 5.258960 1.901379 -8.063853 -5.338181 9.525910 -18.091106 5.937708 -1.697925 18.912746 5.772172 0.823302
9.116749 -5.867204 7.111316 -15.537344 11.471147 -7.725236 16.182518 4.672199 -3.927600 -16.711063 -9.562294 -4.927678 -27.234894 -3.617419 5.956316 7.124543 -0.650776 9.610766 -17.213247 4.647592 1.593452 -8.236364 -5.867126 10.270498 -18.198584 5.897695 -1.814980 18.323120 5.491645 -0.074228
9.212955 -5.955513 7.432259 -15.750793 11.263721 -7.618985 16.130314 4.956786 -3.629771 -16.868687 -9.487986 -4.988526 -27.772858 -3.611085 5.770087 7.154154 -0.913025 9.901169 -17.006994 4.252334 1.357566 -8.381518 -6.289263 10.727819 -18.237354 5.902552 -1.811046 17.976437 5.348445 -0.526227
9.227173 -6.073288 7.690312 -15.795195 11.126945 -7.566970 16.160938 5.133825 -3.471748 -16.952814 -9.397541 -4.991428 -28.027767 -3.642573 5.605814 7.214204 -1.128369 10.038938 -16.947725 4.142010 1.276057 -8.460716 -6.491567 10.963412 -18.257580 5.900725 -1.904236 17.736818 5.256224 -0.832679
9.225529 -6.078575 7.922196 -15.833065 11.011792 -7.470599 16.188183 5.268047 -3.401279 -17.048056 -9.313578 -5.007780 -28.136574 -3.697634 5.472961 7.352377 -1.367847 10.075496 -16.935793 4.037304 1.228169 -8.543578 -6.662704 11.110101 -18.261566 5.917966 -1.949343 17.583817 5.227295 -1.042704
9.243390 -6.087866 9.275020 -15.919550 10.329741 -6.955183 16.413467 6.137778 -3.034000 -17.546755 -8.822487 -4.992305 -29.242249 -3.876662 4.839499 7.665804 -2.128992 10.074111 -16.627306 3.097905 0.965609 -8.941614 -7.490473 11.610742 -18.266727 5.947856 -2.244668 16.854235 5.023677 -1.728938
9.279339 -6.386408 12.555915 -15.283304 8.156535 -6.803517 17.705280 7.775593 -2.480097 -18.680674 -7.628953 -3.947892 -31.146103 -4.920953 2.918842 9.134575 -4.475506 8.941006 -16.360596 2.426764 0.812351 -10.465570 -9.560008 11.684068 -17.390781 6.577020 -2.302448 16.451454 5.630735 -2.002503
12.209085 -9.292068 11.075810 -15.538612 4.885882 -7.682021 17.968925 11.494693 -2.341738 -21.663946 -6.131912 -3.686146 -32.393295 -6.149817 0.947418 10.516188 -7.165339 8.097862 -16.672323 0.927972 0.168920 -12.939541 -12.568624 11.884394 -14.847891 7.971585 -1.477028 17.228910 6.762862 -1.323828
8.974955 -11.293545 9.616563 -13.501184 7.123492 -11.100750 14.614203 17.132053 0.448639 -20.378426 -5.956347 -7.218032 -33.863411 -1.463968 0.569277 17.441669 -7.764690 7.083453 -12.442891 -6.647944 -2.516230 -15.858482 -17.489019 14.259522 -12.965703 8.727565 -5.054244 13.162947 3.300959 -0.762530
6.045775 -9.254015 18.342813 -7.939609 8.745442 -13.320952 14.989834 24.352638 1.887270 -18.972073 -5.223081 -8.535162 -33.645424 -4.347961 1.771412 18.081532 -9.432017 4.334440 -11.846545 -12.310627 -3.460439 -15.995162 -19.704411 16.963430 -13.690478 8.024787 -8.803371 8.223599 -0.488096 -2.993582
-3.303448 -11.060444 16.093210 -8.755917 8.621887 -10.902687 15.387703 25.243717 1.332615 -18.088068 -5.766634 -7.497954 -30.815390 -7.327415 0.386500 20.010933 -14.462050 0.030380 -13.034463 -14.340896 -2.096280 -16.534945 -20.196459 16.899599 -10.452024 6.816226 -10.980521 9.023677 -1.252620 -4.870457
-5.504798 -7.865110 15.990743 -11.188377 10.440696 -5.887394 12.831046 30.247965 0.154166 -19.629295 -7.039156 -6.804324 -28.386509 -9.990798 0.406389 16.876312 -16.745518 -1.650976 -15.726543 -17.138165 -0.412036 -16.140045 -19.224451 15.268571 -9.382459 5.307804 -13.260528 9.418461 -1.909964 -8.194986
-5.503963 -5.245166 13.435907 -13.695002 15.919927 -0.067145 8.627207 31.333324 -0.306954 -17.078176 -8.003601 -8.139691 -26.229088 -11.758400 1.324495 14.640616 -17.213348 -1.509918 -16.887972 -19.718811 0.054680 -14.894553 -17.636499 13.058958 -9.735848 2.825580 -14.662021 10.926479 -3.065193 -9.600096
-6.438265 -4.594616 12.236750 -13.879481 18.275120 -0.249531 7.408230 30.760860 0.665717 -14.893490 -8.568792 -9.089983 -24.935156 -12.160601 1.575853 13.414433 -16.816793 -0.942755 -17.470419 -20.398750 -0.077473 -14.502128 -16.453810 11.831351 -9.635484 1.922293 -15.171807 12.069063 -3.406771 -9.967001
-6.572429 -4.550255 11.988524 -13.807825 18.545910 -0.349923 7.301984 30.781078 0.625263 -14.677318 -8.561460 -9.221272 -24.761408 -12.326842 1.630512 13.150178 -16.718809 -0.982880 -17.667391 -20.472101 -0.070351 -14.482615 -16.328873 11.711780 -9.580629 1.895730 -15.271337 12.181847 -3.411428 -10.004768
-6.527021 -4.634894 11.999684 -14.069216 18.414455 0.048089 7.124100 31.382036 0.432020 -15.253975 -8.397375 -9.168983 -24.991608 -12.368295 1.560955 13.594314 -16.833536 -1.294332 -17.615316 -20.659931 0.231193 -14.568646 -16.337234 11.800184 -9.451619 2.012172 -15.440448 12.138292 -3.278863 -10.202676
-6.967256 -5.204628 11.602298 -13.997896 18.063652 0.367472 7.093293 32.234726 -0.289771 -16.335459 -7.809101 -9.119440 -25.200180 -12.696499 1.645825 13.884401 -16.692354 -2.079955 -17.910023 -20.862213 0.865377 -14.772931 -16.423422 12.034429 -9.213841 2.285825 -15.680544 11.999552 -2.933679 -10.568089
-7.719921 -6.329256 10.907562 -13.360059 17.709730 0.810447 7.309823 32.707737 -1.302550 -17.331282 -7.128980 -8.934422 -25.253185 -13.305141 1.571558 14.699900 -16.973644 -3.491592 -18.237360 -21.135086 1.659472 -14.907521 -16.219379 12.089208 -9.034888 2.778101 -16.043114 11.826147 -2.443739 -10.929436
-8.927396 -8.555906 10.151003 -12.235146 16.621429 1.060294 8.297535 32.368690 -2.357648 -18.431475 -6.054694 -8.764208 -25.423214 -13.844993 1.574844 15.864698 -16.783714 -4.889971 -18.162800 -20.657841 2.759267 -15.265344 -15.861230 12.131836 -8.487672 3.637040 -16.654232 11.719458 -1.776089 -11.197014
-10.589462 -11.198727 9.494781 -10.635355 14.941266 1.061456 9.826912 31.782665 -3.499419 -19.359505 -4.887003 -8.700244 -25.286461 -14.091863 1.187450 17.757689 -17.178574 -6.549478 -18.177126 -20.625549 3.721338 -15.875005 -15.528094 12.236901 -7.356815 4.738043 -17.029583 11.968256 -0.958366 -11.120033
-12.325082 -12.982887 9.508430 -9.206604 13.016953 0.872212 11.747858 30.948868 -4.730469 -20.137003 -4.127697 -8.798042 -24.821350 -13.840585 0.688475 19.930603 -17.402502 -7.924224 -18.138279 -20.365143 4.592794 -16.546438 -15.440142 12.474976 -6.283770 5.838663 -17.354294 11.994640 -0.259687 -10.942657
-13.755787 -14.451508 9.494935 -8.152566 11.626015 1.336353 13.445099 29.856194 -5.799113 -20.612055 -3.633558 -8.802407 -24.774218 -13.655816 0.291831 21.580185 -17.333937 -8.754581 -17.514706 -19.766521 5.095173 -16.991697 -15.392992 12.665734 -5.246100 6.617901 -17.655809 12.016038 -0.018189 -10.165407
-14.553301 -15.181103 9.698461 -7.542276 10.889855 1.681944 14.437293 29.100067 -6.392825 -20.847185 -3.531363 -8.951120 -24.380592 -13.428180 0.135137 23.388256 -17.503599 -9.497643 -16.716501 -19.332817 5.205300 -17.239485 -15.485189 12.670955 -4.692060 6.923122 -17.849276 12.041803 -0.061638 -9.383844
-14.900196 -15.389296 10.234235 -7.089182 10.566101 1.794255 14.972780 28.654943 -6.600290 -20.939316 -3.555619 -9.138153 -24.159451 -13.256488 0.295856 24.002327 -17.361841 -9.559678 -16.472849 -19.185226 5.209936 -17.206430 -15.337296 12.661704 -4.411382 7.088101 -17.928785 12.140251 -0.180843 -8.719209
-14.939754 -15.358703 10.297825 -7.071787 10.537339 1.729748 15.014828 28.606472 -6.617098 -20.962107 -3.579831 -9.224279 -24.088264 -13.211547 0.396156 24.071253 -17.266665 -9.538730 -16.410294 -19.187630 5.212546 -17.200203 -15.313616 12.650877 -4.393086 7.096668 -17.934061 12.167677 -0.196501 -8.626216
-14.939680 -15.358727 10.299169 -7.070846 10.536441 1.730182 15.015859 28.606495 -6.617093 -20.962662 -3.579831 -9.224279 -24.088264 -13.211547 0.396156 24.071253 -17.266665 -9.538730 -16.410294 -19.187630 5.212546 -17.200203 -15.313616 12.650877 -4.393086 7.096668 -17.934061 12.167677 -0.196501 -8.626216
-14.939680 -15.358727 10.299169 -7.070846 10.536441 1.730182 15.015859 28.606495 -6.617093 -20.962662 -3.579831 -9.224279 -24.088264 -13.211547 0.396156 24.071253 -17.266665 -9.538730 -16.410294 -19.187630 5.212864 -17.199669 -15.313644 12.651223 -4.392737 7.097002 -17.933973 12.167397 -0.196466 -8.626566
-14.955291 -15.355424 10.300317 -7.073463 10.524436 1.704422 15.026597 28.601414 -6.620184 -20.967722 -3.577109 -9.218918 -24.084154 -13.213164 0.396166 24.057436 -17.270538 -9.533710 -16.426397 -19.195370 5.203356 -17.197973 -15.323318 12.656138 -4.397317 7.096818 -17.939178 12.154676 -0.206326 -8.620355
-14.942248 -15.359178 10.294934 -7.073888 10.535695 1.723994 15.017036 28.596472 -6.614645 -20.962778 -3.578315 -9.221343 -24.090435 -13.206483 0.395701 24.064011 -17.266157 -9.528790 -16.415327 -19.191162 5.208901 -17.201422 -15.316924 12.652053 -4.392233 7.102043 -17.937649 12.162222 -0.198036 -8.621098
-14.942230 -15.356897 10.301229 -7.073499 10.534351 1.725689 15.016628 28.597637 -6.612783 -20.965940 -3.581348 -9.225276 -24.083481 -13.214011 0.388919 24.063007 -17.268431 -9.529474 -16.422310 -19.194729 5.206538 -17.199453 -15.325890 12.652481 -4.393147 7.102100 -17.939144 12.155491 -0.201782 -8.617569
-14.942731 -15.356858 10.301026 -7.074029 10.535586 1.725510 15.015514 28.596844 -6.611935 -20.966476 -3.583637 -9.227520 -24.081928 -13.215479 0.384645 24.062826 -17.265123 -9.529209 -16.422306 -19.194763 5.209371 -17.194368 -15.326791 12.652016 -4.389515 7.102503 -17.937847 12.154307 -0.202490 -8.622576
-6.067729 -14.576385 10.050605 -1.977179 7.518892 6.094595 17.178478 27.088968 -13.574669 -22.456217 3.130290 -6.177882 -28.229290 -8.138951 4.903667 17.924118 -11.642133 -10.170156 -21.813204 -16.887379 5.608829 -13.509206 -15.141223 10.643816 -6.714193 12.683793 -15.394467 10.518597 5.202309 -9.449724
-6.067729 -14.576385 10.050605 -1.977179 7.518892 6.094595 17.178478 27.088968 -13.574669 -22.456217 3.130290 -6.177882 -28.229290 -8.138951 4.903667 17.924118 -11.642133 -10.170156 -21.813204 -16.887379 5.608829 -13.509206 -15.141223 10.643816 -6.714193 12.683793 -15.394467 10.518597 5.202309 -9.449724
-6.067729 -14.576385 10.050605 -1.977179 7.518892 6.094595 17.178478 27.088968 -13.574669 -22.456217 3.130290 -6.177882 -28.229290 -8.138951 4.903667 17.924118 -11.642133 -10.170156 -21.813204 -16.887379 5.608829 -13.509206 -15.141223 10.643816 -6.714193 12.683793 -15.394467 10.518597 5.202309 -9.449724
-6.808716 -14.314470 11.093288 -1.612213 7.933448 6.767900 16.771629 26.515320 -12.831204 -23.908564 2.130474 -9.574454 -28.019173 -9.506209 0.528376 17.891279 -7.141431 -8.234623 -21.393230 -16.588655 5.464925 -17.308390 -13.675434 10.964058 -9.286292 10.962374 -16.313334 10.797174 4.684298 -9.100821
-6.698187 -14.252300 10.931867 -1.636116 8.087537 6.948505 16.744860 26.459414 -12.872293 -23.972216 2.144492 -9.631437 -28.010635 -9.446851 0.554366 17.774799 -7.070567 -8.136662 -21.506050 -16.493599 5.532411 -17.568453 -13.571276 10.972419 -9.506948 10.974421 -16.346977 10.801769 4.726696 -9.003778
-6.678694 -14.270538 10.917844 -1.621734 8.078469 6.937199 16.734655 26.459858 -12.880287 -23.984156 2.117283 -9.627434 -28.003765 -9.435562 0.539151 17.784828 -7.091788 -8.122199 -21.507059 -16.514194 5.561982 -17.582598 -13.573069 10.979625 -9.507791 11.009583 -16.374426 10.774890 4.746390 -8.987341
-6.678256 -14.270055 10.918036 -1.621666 8.078090 6.936195 16.734941 26.459551 -12.880129 -23.984249 2.117410 -9.627428 -28.003536 -9.435597 0.539242 17.784309 -7.091483 -8.122053 -21.507774 -16.514093 5.562039 -17.582197 -13.573096 10.979739 -9.507774 11.010235 -16.374088 10.774817 4.746786 -8.987907
-6.678068 -14.266296 10.895047 -1.636591 8.078604 6.929976 16.751909 26.464993 -12.888950 -23.954800 2.129171 -9.613464 -28.001570 -9.408044 0.592301 17.785828 -7.145720 -8.127013 -21.513973 -16.513767 5.553202 -17.576536 -13.571170 10.981041 -9.508367 10.997476 -16.363329 10.784134 4.739269 -8.995595
-6.695846 -14.255831 10.905323 -1.645691 8.082597 6.940459 16.759106 26.463053 -12.885494 -23.947977 2.157631 -9.621274 -28.005541 -9.431911 0.589425 17.764841 -7.087222 -8.131727 -21.512489 -16.502031 5.542282 -17.576675 -13.572109 10.975816 -9.508759 10.983816 -16.357252 10.796158 4.733918 -8.998100
-6.695846 -14.255831 10.905323 -1.645691 8.082597 6.940459 16.759106 26.463053 -12.885494 -23.947977 2.157631 -9.621274 -28.005541 -9.431911 0.589425 17.764841 -7.087222 -8.131727 -21.512489 -16.502031 5.541968 -17.577181 -13.572084 10.975466 -9.509099 10.983488 -16.357338 10.796429 4.733890 -8.997756
-6.688971 -14.256966 10.896199 -1.648805 8.083611 6.936335 16.760479 26.466257 -12.887247 -23.943354 2.164554 -9.606496 -28.015347 -9.404374 0.629173 17.777573 -7.143043 -8.145933 -21.515137 -16.503969 5.557311 -17.573832 -13.571181 10.981904 -9.506618 11.001368 -16.363895 10.780977 4.740752 -8.995708
-6.688971 -14.256966 10.896199 -1.648805 8.083611 6.936335 16.760479 26.466257 -12.887247 -23.943354 2.165015 -9.606504 -28.015518 -9.404077 0.630226 17.777561 -7.143120 -8.146207 -21.515171 -16.503262 5.557430 -17.575670 -13.571167 10.981891 -9.507314 11.001479 -16.364445 10.781295 4.741037 -8.995048
-6.677128 -14.263230 10.897973 -1.638378 8.081662 6.928338 16.749632 26.463953 -12.884757 -23.956652 2.128906 -9.609811 -27.999653 -9.405059 0.593710 17.784821 -7.145482 -8.128800 -21.514151 -16.522720 5.554276 -17.577402 -13.571456 10.979983 -9.507468 10.997708 -16.364944 10.783957 4.740430 -8.995710
