-12.284109 -20.284260 12.812057 -2.079538 12.143449 -0.489133 10.313435 31.717930 -8.454359 -9.476439 -1.545325 -7.574553 -29.323460 -15.229246 3.257714 22.153669 -10.226550 -12.585208 -11.011581 -18.331070 7.966892 -18.225399 -17.597174 11.940316 -6.237807 6.316902 -19.570477 9.035672 0.881002 -3.904730
-12.046932 -19.944777 12.762574 -2.213677 12.319298 -0.553355 10.135063 31.849346 -8.447646 -9.424475 -1.438338 -7.356648 -29.502712 -15.497899 3.050499 21.850544 -10.452043 -12.628324 -11.131705 -18.386763 8.070254 -18.271021 -17.598364 11.911597 -6.481275 6.324480 -19.538803 8.927732 1.102896 -4.366360
-11.699902 -19.315128 12.727746 -2.502196 12.630748 -0.688035 9.777539 32.089825 -8.396863 -9.355478 -1.384072 -7.199111 -29.653448 -15.797265 2.922834 21.323565 -10.669057 -12.476285 -11.342559 -18.401646 8.243805 -18.287302 -17.546669 12.046080 -6.855008 6.312604 -19.502451 8.752636 1.386405 -5.302979
-11.237673 -18.484861 12.715993 -2.833178 12.995236 -0.979505 9.321038 32.335415 -8.278604 -9.249342 -1.373024 -6.899677 -29.965349 -15.869746 2.511510 20.594507 -10.894978 -12.294335 -11.749745 -18.465874 8.368923 -18.235586 -17.410101 12.062266 -7.010678 6.303420 -19.448130 8.805590 1.582242 -5.820520
-10.596557 -17.475052 12.808066 -3.214604 13.401805 -1.418633 8.783238 32.670567 -8.093186 -9.159039 -1.568457 -6.638221 -30.026293 -16.014164 2.181520 19.644928 -11.223800 -12.024455 -12.584906 -18.666052 8.282691 -17.969599 -17.232162 12.072803 -7.669907 6.250338 -19.326094 8.455724 1.635985 -6.327671
-9.782577 -16.393030 12.966092 -3.677492 13.886662 -1.756246 8.148933 33.180969 -7.833534 -9.061681 -1.977765 -6.480872 -29.966160 -16.127922 2.163239 18.431854 -11.384591 -11.639188 -13.412846 -18.923391 8.058790 -17.709520 -17.168964 12.077416 -8.437028 6.068837 -19.173378 8.209722 1.633852 -7.025626
-9.014069 -15.439346 12.905856 -4.082963 14.557160 -2.156058 7.367682 33.793385 -7.473764 -8.741050 -2.292852 -6.557148 -29.962608 -15.959674 2.104432 17.480186 -11.533582 -11.034275 -14.185841 -19.186014 7.709946 -17.271597 -16.881243 11.935669 -9.270020 5.608876 -18.993813 8.279149 1.466078 -7.662184
-8.106696 -14.730640 12.795604 -4.580387 15.152490 -2.457684 6.541635 34.345951 -6.867662 -8.342708 -2.740847 -6.487354 -30.154232 -15.856611 2.169622 16.377705 -11.485594 -10.415751 -14.778632 -19.462025 6.991358 -16.922163 -16.974140 11.942021 -10.108989 5.045483 -18.613508 8.278496 1.115930 -8.112509
-7.055622 -13.953876 12.646412 -5.131667 15.895483 -2.440142 5.639934 34.823483 -6.322105 -7.866533 -3.440936 -6.956627 -30.160982 -15.500702 2.706468 15.614538 -11.127325 -9.452372 -14.632662 -19.941425 6.183071 -16.458012 -17.062769 11.695230 -10.720817 4.222935 -18.337276 8.548946 0.496492 -8.068530
-5.982912 -13.036502 12.770261 -5.696557 16.414116 -2.535577 5.021731 35.255928 -5.775240 -7.425540 -4.203362 -7.441812 -29.943266 -14.963655 3.281899 14.825278 -10.732504 -8.207287 -14.483493 -20.051731 5.031102 -16.067305 -17.331539 11.231251 -11.415689 3.351048 -18.103868 8.786636 -0.276032 -7.957862
-4.755288 -11.901155 13.091983 -6.465992 16.974369 -2.599102 4.377096 35.686222 -5.118030 -6.944669 -4.555435 -7.593841 -30.265575 -14.562894 3.376560 13.925096 -10.432765 -7.118744 -14.471768 -20.125650 3.981252 -15.851665 -17.816858 11.086429 -11.919469 2.774121 -17.764086 8.779996 -0.883349 -7.916977
-3.776423 -11.067434 13.292432 -6.913803 17.388210 -2.556145 3.978333 35.905537 -4.775973 -6.571429 -5.196538 -7.831178 -30.104252 -13.920344 3.506647 13.606955 -10.435883 -6.214412 -14.309044 -20.313990 2.909584 -15.701654 -18.221209 10.952743 -12.310653 2.338698 -17.276184 8.850151 -1.345902 -7.765621
-2.745060 -10.440438 13.470979 -7.380736 17.751762 -2.455221 3.719790 35.861568 -4.378295 -6.151384 -5.515134 -8.062686 -30.063263 -13.819983 3.700485 12.913384 -10.411884 -5.300683 -14.143590 -20.662601 2.031084 -15.696888 -18.582998 10.970858 -12.409245 1.949069 -16.901457 9.024480 -1.753843 -7.812840
-1.962849 -9.897120 13.569127 -7.700936 17.919300 -2.626943 3.696481 35.524639 -4.129941 -5.796220 -5.721067 -8.389134 -30.204020 -13.533177 3.846412 12.657627 -10.232881 -4.303661 -13.708461 -20.852407 1.433667 -15.784735 -18.878164 10.822141 -12.349166 1.641385 -16.633583 9.335864 -1.978101 -7.460173
-1.383322 -9.473768 13.727890 -7.897233 18.021347 -2.680748 3.682877 35.285694 -3.975434 -5.635624 -5.762469 -8.641173 -30.312637 -13.404923 3.850091 12.316545 -10.110274 -3.393730 -13.478485 -20.754683 1.048813 -15.897290 -19.164574 10.737200 -12.160044 1.481178 -16.479080 9.543581 -2.178420 -7.174302
-0.981010 -9.183753 13.761765 -8.033030 18.103144 -2.810396 3.686148 34.992790 -3.805493 -5.405726 -5.757896 -8.730248 -30.622154 -13.372585 3.612603 12.016693 -10.132688 -2.650774 -13.324689 -20.768555 0.607596 -15.975772 -19.337521 10.505771 -11.824792 1.424590 -16.403347 9.842810 -2.435598 -6.628349
-0.696423 -8.985989 13.719975 -8.065758 18.183516 -2.989362 3.757731 34.536137 -3.702545 -5.136058 -6.013300 -8.790067 -30.490564 -13.151109 3.568233 12.008923 -10.156492 -2.169864 -13.120540 -20.630615 0.287503 -15.947610 -19.364862 10.535908 -11.741928 1.450153 -16.226120 9.921131 -2.582401 -6.495595
-0.608421 -8.959600 13.589717 -7.958949 18.222065 -3.157015 3.830321 34.144764 -3.692801 -4.954654 -6.064070 -8.879678 -30.313627 -13.023604 3.543642 11.741975 -10.100328 -1.844793 -13.327829 -20.598869 0.098727 -15.941007 -19.468838 10.545331 -11.645450 1.477033 -16.120686 9.935356 -2.714330 -6.232083
-0.622044 -8.966883 13.462818 -7.883569 18.270212 -3.294527 3.881225 33.882355 -3.694583 -4.789125 -6.122131 -8.887866 -30.245407 -12.971368 3.554247 11.574364 -10.031878 -1.696692 -13.376940 -20.520250 0.037934 -15.905446 -19.416643 10.460078 -11.655845 1.475171 -16.121613 9.970802 -2.774551 -6.052458
-0.611579 -8.972519 13.456067 -7.853271 18.284903 -3.324156 3.900936 33.799446 -3.684824 -4.739675 -6.101151 -8.895361 -30.244699 -12.916556 3.544386 11.502957 -9.971822 -1.601149 -13.428329 -20.446327 -0.007793 -15.852245 -19.328680 10.361663 -11.674452 1.480762 -16.134752 10.007796 -2.807765 -5.959217
-0.666842 -8.991945 13.617247 -8.069658 18.079388 -3.227773 3.942729 33.850163 -3.642310 -4.922680 -6.135402 -8.730208 -30.468040 -12.961155 3.468404 11.886672 -10.200389 -1.772418 -13.035208 -20.415333 0.043266 -15.966334 -19.517996 10.551051 -11.701358 1.544157 -16.006346 9.887741 -2.655477 -6.122816
-0.973581 -9.379780 14.089240 -8.437002 17.594721 -2.840756 4.035136 33.934929 -3.408803 -5.252618 -5.868868 -8.400893 -31.029221 -13.147788 3.428162 12.435826 -10.475892 -2.197472 -12.498790 -20.119936 0.346729 -16.112726 -19.761667 11.029032 -11.889547 1.710255 -15.773868 9.544015 -2.244075 -6.547865
-1.484097 -10.386347 14.473330 -8.788105 16.721134 -2.299722 4.397488 33.311527 -3.209330 -5.801613 -5.585804 -7.806100 -31.231993 -13.203450 3.202443 13.110571 -10.886948 -3.111583 -12.627827 -19.417751 0.785952 -15.970599 -19.522009 11.796865 -12.192508 2.254793 -15.244601 9.128177 -1.681469 -6.768816
-2.362561 -12.172700 15.055834 -8.791128 15.168036 -2.343757 5.455799 32.176559 -2.646270 -6.327734 -4.605813 -6.888472 -32.151291 -14.221997 2.349488 13.948080 -11.414313 -3.984225 -12.279111 -18.079283 1.856256 -16.200830 -19.400265 12.817879 -11.606438 3.090623 -14.774322 8.819155 -0.911682 -6.017323
-2.808577 -14.062628 15.571851 -8.194775 13.377835 -2.627781 7.042720 30.765350 -2.845920 -7.397030 -3.061563 -5.962495 -33.654793 -15.171973 0.952914 15.196371 -12.625664 -3.944294 -11.589814 -16.376335 2.800896 -17.165159 -19.717690 14.527982 -9.977151 5.166698 -14.054614 8.258787 0.218774 -4.757007
-2.426585 -15.824104 15.322652 -7.895719 11.939768 -3.523603 8.208639 29.273739 -2.794433 -8.014383 -2.249178 -6.471446 -34.206352 -15.280078 0.990061 17.591860 -13.316457 -2.373111 -9.729032 -14.766251 2.616187 -17.660795 -20.170393 15.280906 -8.827491 6.002486 -13.498981 8.307629 0.216120 -2.875892
-2.335159 -18.330507 14.756778 -8.150755 10.958472 -4.287393 8.787734 28.603058 -1.836961 -8.122558 -2.710692 -7.137504 -33.746422 -14.369627 2.149980 17.542337 -12.614379 -0.082408 -10.020310 -12.593053 1.644237 -16.068851 -18.721706 15.238401 -10.176522 5.178391 -12.431796 9.335142 -0.503629 -2.531049
-1.941716 -19.731798 14.559009 -8.789209 10.072650 -5.302538 9.091887 27.166014 -0.910857 -8.228980 -3.687165 -7.763156 -33.945854 -13.247385 4.065104 15.678726 -10.406844 3.129852 -9.816573 -10.137943 0.790476 -13.091081 -16.551634 16.209227 -12.911881 4.376482 -10.549623 9.628185 -1.179003 -4.404932
-0.687646 -21.089725 14.089433 -11.128291 8.731549 -3.874605 8.860133 25.338562 -0.544913 -9.740093 -4.323041 -6.786597 -35.864475 -10.765475 4.589741 14.393420 -7.300815 3.952136 -8.807791 -9.199329 0.122072 -12.625142 -16.647110 16.310907 -13.330642 4.323377 -9.823190 9.756310 -1.443384 -4.299343
-0.391958 -23.000227 12.728673 -13.669197 7.077432 -1.904099 9.771749 22.468887 -0.617768 -10.978365 -6.652143 -4.225392 -36.454227 -7.836269 3.267833 14.440233 -7.157141 3.223109 -8.498956 -8.219945 -0.414251 -13.565252 -17.726828 14.416009 -12.492854 4.164569 -7.382209 13.116119 0.445338 -3.110787
0.599665 -22.427652 12.239047 -16.661919 6.151258 -2.081663 10.669924 19.474289 0.560193 -10.877961 -8.811459 -2.261393 -35.440300 -6.946431 1.927455 15.048636 -8.706119 3.624264 -8.994864 -5.249003 0.123837 -14.232787 -17.537867 11.630864 -11.060700 3.539085 -5.093638 17.697788 2.627759 -1.472682
3.252483 -21.100889 11.944722 -19.416168 6.018658 -3.067164 10.701506 17.051332 1.859981 -10.305898 -10.292467 -1.047821 -33.085823 -7.994576 1.676339 13.841072 -9.512753 3.272376 -10.446489 -2.539700 0.793735 -13.747930 -16.100058 10.516198 -11.076987 3.311902 -4.033865 19.376375 3.621956 0.168283
4.832690 -19.674006 12.096738 -20.693388 6.185426 -3.972794 10.813591 14.584483 2.151080 -9.856454 -11.708518 -0.788577 -31.018257 -8.692544 2.672580 13.008265 -9.000174 2.859569 -10.939509 -1.081125 0.985967 -12.899235 -14.787390 9.828633 -12.532760 2.766492 -3.842639 19.389256 3.655658 1.268391
6.306848 -17.705282 12.474757 -21.298353 7.411965 -4.827846 10.245897 12.528082 2.477923 -8.910639 -12.938381 -1.003215 -29.770798 -8.134256 4.286689 12.212851 -6.921306 2.799103 -10.422421 -0.410929 0.975082 -11.839252 -13.379094 9.726358 -14.725415 2.187782 -4.354542 18.008831 3.114264 1.426427
6.871189 -16.581968 12.364314 -21.591461 8.633458 -5.729525 10.065744 10.615232 2.578227 -8.081664 -13.622936 -1.979004 -28.549000 -7.213327 5.214458 12.050320 -6.292381 3.960345 -9.961299 -0.356403 0.311058 -10.673890 -12.272669 10.225680 -16.526995 1.511646 -4.909919 16.642445 1.894665 0.675499
7.217480 -16.148085 11.900274 -21.991514 9.623345 -6.149736 9.514647 8.864801 3.006657 -7.353913 -14.330945 -2.565058 -27.436422 -6.703807 5.902764 11.349722 -6.124403 5.223463 -10.109017 0.157501 0.018149 -9.961654 -11.474178 10.622512 -17.158669 1.193302 -4.911148 16.268665 1.408916 0.077996
7.808386 -15.744184 11.230004 -22.464846 10.713690 -6.618026 8.868780 7.416122 3.525156 -6.570181 -14.792690 -2.773448 -26.551353 -6.679977 6.462132 10.768120 -5.787760 5.721227 -10.509542 0.931731 0.016532 -9.493587 -10.920310 10.871011 -17.302608 0.992114 -4.553310 16.490191 1.339477 0.010600
8.299248 -15.388531 10.373486 -22.685617 11.505106 -6.824738 8.484686 6.730196 3.431136 -6.051497 -14.959314 -2.933307 -26.082561 -6.826324 6.932677 10.420786 -5.295762 5.965667 -10.641294 1.583481 0.169849 -9.140786 -10.351106 10.892213 -17.125248 1.010302 -4.132202 17.051113 1.461538 0.283565
8.341521 -15.322188 9.758015 -22.674685 11.918025 -6.923172 8.335732 6.511355 3.211835 -5.781557 -15.112616 -2.936022 -25.726601 -6.951152 7.097402 10.302095 -5.231904 6.048765 -10.778634 1.968328 0.357837 -8.873946 -9.928799 10.546766 -17.182270 0.865556 -4.009005 17.390427 1.564040 0.677614
8.266318 -15.377818 9.497954 -22.750263 11.997738 -6.925157 8.300375 6.462123 3.136319 -5.763438 -15.159500 -2.956685 -25.606451 -6.989753 7.174324 10.209757 -5.172983 6.076788 -10.825408 2.056261 0.368017 -8.820437 -9.855091 10.476404 -17.102772 0.877954 -3.891207 17.544785 1.588419 0.912131
8.278603 -15.382374 9.476901 -22.752844 11.999439 -6.924904 8.295046 6.449036 3.137876 -5.756128 -15.181299 -2.974358 -25.520834 -7.008830 7.241544 10.152352 -5.087003 6.070069 -10.857455 2.131406 0.398215 -8.745675 -9.763136 10.446082 -17.125172 0.845032 -3.894559 17.570545 1.571972 0.946128
8.230124 -15.415714 9.433900 -22.669657 11.990889 -6.932371 8.326689 6.403740 3.081301 -5.744671 -15.235123 -2.975795 -25.407024 -7.013958 7.292113 10.122482 -5.026606 6.031118 -10.896898 2.204325 0.461951 -8.690482 -9.651062 10.440726 -16.995646 0.882518 -3.835731 17.715126 1.590089 1.056139
8.203931 -15.420045 9.369352 -22.601767 11.998420 -6.906532 8.339593 6.391503 3.009869 -5.729198 -15.336538 -3.005953 -25.179663 -6.991426 7.373368 10.042603 -4.910550 5.932034 -11.028950 2.255197 0.616883 -8.562520 -9.410898 10.406127 -16.756510 0.930767 -3.743153 17.980783 1.631117 1.281733
8.152826 -15.421610 9.298526 -22.442118 12.022699 -6.925303 8.384846 6.305789 2.899993 -5.672348 -15.513063 -2.977442 -24.863003 -6.882428 7.466712 10.052468 -4.757646 5.847510 -11.209866 2.494392 0.810891 -8.491834 -9.188821 10.186376 -16.505129 0.945996 -3.765135 18.263462 1.704681 1.531622
8.157766 -15.417474 9.210811 -22.318077 12.051263 -6.975604 8.424533 6.217751 2.816503 -5.610589 -15.577344 -2.963762 -24.559990 -6.850662 7.556080 10.158270 -4.559703 5.597015 -11.362967 2.682428 0.952917 -8.406474 -9.001917 9.876879 -16.331558 0.874693 -3.742016 18.579031 1.789860 1.778978
8.091650 -15.384068 9.110732 -22.178453 12.093748 -6.984287 8.470881 6.129979 2.679816 -5.548241 -15.577003 -2.958459 -24.276852 -6.831763 7.649745 10.413776 -4.392052 5.317340 -11.398318 2.941716 1.282499 -8.296716 -8.627588 9.174638 -16.006866 0.812550 -3.982085 19.090446 1.872655 2.250763
8.025994 -15.337221 9.039542 -22.046515 12.141663 -7.007061 8.496963 6.054269 2.568608 -5.488469 -15.603967 -2.992848 -23.843908 -6.791938 8.009580 10.476287 -3.795189 4.775751 -11.507964 3.059898 1.457653 -8.269202 -8.430166 8.406835 -15.848330 0.677613 -4.216044 19.558470 1.935077 2.623777
8.012568 -15.247329 9.004524 -21.926228 12.194246 -7.049013 8.526059 5.968334 2.479329 -5.401470 -15.479347 -3.075242 -23.479712 -6.901546 8.449261 10.334028 -3.025004 4.165929 -11.589177 3.064383 1.552471 -8.430320 -8.448109 7.577819 -15.800782 0.575541 -4.608784 19.822250 2.022864 2.871819
8.049332 -15.149728 8.993854 -21.831661 12.245259 -7.093961 8.551009 5.880144 2.409951 -5.309350 -15.425634 -3.077758 -22.969307 -6.854671 8.661823 10.636330 -2.548461 3.443388 -11.669799 3.223080 1.621416 -8.472568 -8.317437 6.796446 -15.768501 0.502947 -4.929113 20.101740 2.083498 3.323059
8.083042 -15.073851 8.982929 -21.774029 12.318048 -7.168313 8.565255 5.728774 2.427922 -5.165812 -15.496629 -3.106096 -22.466385 -6.697243 8.969899 10.710738 -1.787611 2.676386 -11.830272 3.210479 1.587041 -8.569383 -8.165860 5.855711 -16.021452 0.409363 -5.686938 20.129240 2.031376 3.421474
8.109269 -15.015160 8.955585 -21.740093 12.388140 -7.239999 8.566073 5.605992 2.464402 -5.030367 -15.576434 -3.150877 -22.053389 -6.559098 9.211549 10.829159 -1.158622 1.967075 -11.900259 3.138927 1.580877 -8.621835 -8.141978 5.105783 -16.134945 0.279493 -5.884628 20.419413 2.127647 3.850844
8.149572 -14.983431 9.021663 -21.733080 12.435338 -7.311394 8.569689 5.420018 2.573735 -4.902977 -15.656844 -3.199641 -21.510651 -6.581111 9.346267 11.049587 -0.798222 1.256171 -12.001924 3.094701 1.487889 -8.585723 -7.973941 4.361332 -16.527327 0.040351 -6.470808 20.395594 2.021918 3.838670
8.191092 -14.939517 9.025010 -21.718496 12.527315 -7.402785 8.561250 5.210476 2.672322 -4.733435 -15.767337 -3.285337 -21.238846 -6.540891 9.454728 11.146200 -0.434442 0.774860 -12.012836 2.809849 1.451896 -8.682090 -7.978059 4.126191 -16.693178 0.026513 -6.876938 20.200638 1.978709 3.694318
8.199852 -14.957314 8.977326 -21.710499 12.611302 -7.482468 8.544111 5.016369 2.775833 -4.582128 -15.889673 -3.361357 -20.838415 -6.581814 9.467056 11.173632 -0.306559 0.275712 -12.268956 2.372290 1.383342 -8.767497 -7.998680 3.869850 -16.968922 -0.039464 -7.300193 19.976677 1.904495 3.587563
8.201234 -14.966516 8.946912 -21.677210 12.663743 -7.537352 8.552087 4.855546 2.831190 -4.480267 -15.997646 -3.401801 -20.485155 -6.654113 9.505473 11.049091 -0.225634 -0.086939 -12.449361 2.006366 1.366671 -8.862444 -8.033183 3.627112 -17.168251 -0.108431 -7.722631 19.758856 1.862684 3.466696
8.198969 -14.978159 8.973076 -21.669418 12.668706 -7.564363 8.565348 4.784931 2.872530 -4.453971 -16.064579 -3.466947 -20.113213 -6.752218 9.529135 10.972747 -0.236511 -0.351161 -12.690572 1.709787 1.375655 -8.966172 -7.946021 3.335456 -17.311657 -0.092419 -8.243197 19.532120 1.830108 3.371551
8.181062 -14.992891 8.959520 -21.640348 12.679915 -7.570039 8.576706 4.717634 2.872211 -4.432806 -16.091574 -3.509521 -19.812271 -6.812188 9.556683 10.987841 -0.229810 -0.570101 -12.851251 1.556715 1.382417 -9.049405 -7.936682 3.132813 -17.411551 -0.118729 -8.524714 19.411528 1.844924 3.341622
8.179347 -14.991333 8.939675 -21.617868 12.699924 -7.569055 8.574377 4.701381 2.857744 -4.420893 -16.089373 -3.537701 -19.612915 -6.875215 9.574058 10.954151 -0.242850 -0.749824 -12.959659 1.358415 1.375526 -9.086934 -7.956665 3.147944 -17.434969 -0.143186 -8.674384 19.262400 1.811702 3.232991
8.181846 -14.991321 8.947568 -21.611441 12.706632 -7.572521 8.575624 4.688770 2.867611 -4.411735 -16.082258 -3.581272 -19.415344 -6.931726 9.583804 10.892176 -0.276807 -0.911782 -13.059002 1.138477 1.366495 -9.121879 -7.969252 3.121733 -17.453701 -0.163551 -8.806140 19.160046 1.785618 3.171081
8.176007 -14.995872 8.936694 -21.601955 12.711078 -7.572020 8.577888 4.678207 2.860552 -4.407483 -16.079237 -3.592724 -19.362875 -6.956865 9.573379 10.869451 -0.315214 -0.943229 -13.089019 1.073067 1.365756 -9.129566 -7.972770 3.117127 -17.455084 -0.166645 -8.827455 19.143875 1.783229 3.162744
8.187775 -14.987823 8.954968 -21.617241 12.705534 -7.575074 8.574329 4.687482 2.873875 -4.412480 -16.076731 -3.594375 -19.362061 -6.961572 9.560094 10.872610 -0.343512 -0.940677 -13.092690 1.055919 1.352980 -9.137780 -7.991853 3.122241 -17.462635 -0.174711 -8.829372 19.133921 1.779344 3.140825
8.196240 -14.984186 8.979583 -21.632246 12.700044 -7.587340 8.574771 4.682110 2.904713 -4.407176 -16.054361 -3.583800 -19.499395 -6.958195 9.519318 10.888119 -0.407509 -0.823794 -13.052978 1.101409 1.327932 -9.134624 -8.021292 3.174755 -17.478062 -0.181207 -8.775605 19.136562 1.781316 3.094209
8.206400 -14.981918 9.001998 -21.658480 12.684615 -7.589846 8.574404 4.695929 2.919472 -4.421223 -16.030357 -3.564110 -19.655319 -6.947291 9.432969 10.908955 -0.531926 -0.688685 -13.027514 1.123267 1.310950 -9.129012 -8.042616 3.256718 -17.485476 -0.184233 -8.716699 19.128895 1.780475 3.004939
8.243152 -14.968368 9.070846 -21.721521 12.658441 -7.609259 8.568123 4.722821 2.986422 -4.434326 -15.998209 -3.567345 -19.862379 -6.945531 9.358211 10.869366 -0.676169 -0.474637 -12.990067 1.118589 1.264848 -9.135430 -8.085846 3.327454 -17.515368 -0.201080 -8.689781 19.089621 1.766272 2.908093
8.264255 -14.957670 9.080254 -21.749727 12.652228 -7.610886 8.561885 4.763345 2.988860 -4.449772 -15.961303 -3.582114 -20.098904 -6.942800 9.272329 10.814369 -0.853943 -0.225190 -12.939163 1.090911 1.197312 -9.144353 -8.139418 3.425914 -17.560936 -0.228169 -8.688443 19.000732 1.734122 2.762603
8.301437 -14.931767 9.114326 -21.808289 12.641519 -7.608556 8.548595 4.843045 2.993282 -4.488513 -15.922469 -3.551598 -20.458954 -6.913418 9.184121 10.740967 -1.001652 0.050606 -12.770732 1.074479 1.174764 -9.091926 -8.189888 3.598106 -17.561220 -0.242890 -8.499587 19.040073 1.728007 2.656985
8.346931 -14.900168 9.149965 -21.878834 12.621568 -7.594170 8.526146 4.973954 2.989315 -4.553750 -15.820714 -3.585369 -20.671999 -6.973083 9.063452 10.746546 -1.261638 0.245066 -12.746696 1.011242 1.134898 -9.056682 -8.244904 3.713456 -17.587292 -0.285408 -8.357290 19.058613 1.717380 2.577027
8.403803 -14.882602 9.236567 -21.967218 12.585357 -7.572231 8.506670 5.146855 3.019350 -4.638823 -15.724346 -3.583419 -20.919289 -7.068216 8.925369 10.700989 -1.566990 0.483611 -12.663799 0.956928 1.025167 -9.065436 -8.403525 3.892821 -17.680363 -0.381640 -8.225702 18.971886 1.684234 2.359625
8.459435 -14.891159 9.268250 -22.081812 12.540146 -7.553726 8.481460 5.310739 3.039882 -4.745041 -15.692167 -3.579517 -21.087667 -7.135868 8.836709 10.634464 -1.788183 0.680480 -12.621257 0.914412 0.963926 -9.087088 -8.562870 4.115930 -17.692915 -0.436660 -8.123499 18.871738 1.657466 2.099274
8.495115 -14.934027 9.345236 -22.199251 12.448994 -7.535546 8.468677 5.463150 3.087630 -4.886482 -15.666114 -3.585086 -21.274197 -7.200243 8.648932 10.600204 -2.148211 0.796247 -12.634374 0.639911 0.916626 -9.013729 -8.637194 4.382367 -17.730925 -0.493141 -7.888216 18.824652 1.633021 1.908722
8.508327 -14.977188 9.373160 -22.332703 12.337865 -7.481625 8.432089 5.694531 3.135997 -5.064252 -15.566908 -3.579008 -21.644758 -7.225767 8.382864 10.676205 -2.595790 0.965403 -12.565162 0.363822 0.985011 -8.965621 -8.516823 4.492972 -17.718800 -0.472571 -8.022605 18.684891 1.581319 1.742984
8.443687 -15.122164 9.475560 -22.509136 12.173085 -7.329077 8.394997 6.003288 3.192185 -5.359804 -15.394710 -3.622007 -21.869429 -7.363539 8.201060 10.702045 -2.940959 0.988217 -12.536387 0.048457 0.986398 -9.055299 -8.654945 4.652808 -17.687000 -0.474425 -8.148902 18.517540 1.550735 1.444087
8.506206 -15.297792 9.729460 -22.816391 11.960997 -7.256344 8.332310 6.285497 3.465382 -5.648323 -15.131949 -3.644479 -22.079905 -7.506204 7.993077 10.942375 -3.227383 0.821328 -12.581731 -0.216536 1.101709 -9.235945 -8.747849 4.739791 -17.511227 -0.329590 -8.418990 18.334192 1.590590 1.263897
8.503450 -15.312700 10.011557 -23.112259 11.778865 -6.993830 8.217848 6.811418 3.635189 -5.980896 -14.811560 -3.707702 -22.233471 -7.690806 7.800787 11.213264 -3.527756 0.599383 -12.613113 -0.548162 1.305138 -9.480319 -8.825998 4.721915 -17.290323 -0.163063 -8.938052 18.111019 1.639516 1.006291
-3.166758 -21.820894 7.800155 -12.169521 20.947636 -0.060299 7.468080 18.756310 3.785661 3.900813 -12.560355 -1.542295 -24.564133 -12.161879 17.200569 13.968019 -7.285819 -1.340080 -3.826243 1.659522 4.962784 -3.514792 -11.172747 12.618328 -9.652875 2.394620 -8.936457 13.780273 -2.170353 2.567481
-3.351472 -21.905184 8.060428 -11.849533 20.632812 0.479126 7.576934 19.470032 3.553904 3.627351 -12.038153 -1.684397 -24.832811 -12.363560 16.852249 14.355469 -7.729149 -1.535629 -4.024622 1.229034 5.259657 -3.812087 -11.265938 12.642290 -9.360673 2.659352 -9.325384 13.643163 -1.997293 2.194448
-3.491186 -21.988560 8.199960 -11.358873 20.378746 0.952038 7.651745 20.200363 3.224376 3.362723 -11.285273 -1.888861 -25.107868 -12.705804 16.403097 14.910900 -8.364282 -1.838340 -4.292129 0.703440 5.659684 -4.153630 -11.312489 12.605298 -8.972061 2.987956 -9.852777 13.509079 -1.777677 1.769990
-3.464778 -21.972107 8.283719 -10.706164 20.252352 1.139889 7.768593 20.684929 2.844156 3.262551 -10.587104 -1.986561 -25.354221 -13.082612 16.063566 15.358456 -8.919082 -2.069501 -4.351632 0.418920 6.021176 -4.460393 -11.366096 12.585097 -8.674081 3.258731 -10.333893 13.359021 -1.573991 1.343995
-3.224005 -21.829187 8.031340 -10.124426 20.186357 1.316611 7.737682 21.194624 2.417984 3.157240 -9.834264 -2.083192 -25.360607 -13.485749 15.775764 15.920502 -9.414969 -2.600374 -4.492466 0.130317 6.405701 -4.603401 -11.167109 12.445072 -8.352719 3.458431 -10.978671 13.277416 -1.517469 1.025527
-0.432018 -21.200182 7.870422 -7.501408 18.965763 -3.048924 6.646913 21.058668 -0.070926 0.775621 -9.454492 -2.278995 -26.259960 -18.557610 10.086101 12.223263 -6.918167 -1.978763 -6.964367 1.347259 7.892768 -8.962079 -10.157249 12.752109 -10.010417 0.166707 -12.363008 14.231009 -1.576760 0.917485
0.940735 -19.805914 7.598385 -6.527628 18.935261 -4.290220 6.579947 21.533907 -1.376506 0.202678 -8.636470 -1.730741 -26.027609 -20.071774 9.670509 10.945603 -6.593642 -2.936584 -8.161644 1.537381 8.706100 -8.887591 -10.073150 12.301171 -9.803067 -0.585608 -12.942288 14.327353 -1.494992 0.641183
1.378688 -19.241899 7.182697 -5.857143 19.122845 -4.809326 6.566696 22.175886 -2.340669 -0.168282 -8.231330 -1.898517 -25.637051 -20.334558 9.629668 11.108763 -6.598737 -3.619732 -8.542979 1.095387 8.976345 -8.793653 -9.571355 12.091589 -9.844610 -0.998321 -13.940707 14.205132 -2.103093 0.597597
1.291594 -18.654797 6.700931 -5.777507 19.852146 -4.950946 6.397043 22.573807 -2.731279 0.185455 -8.273869 -2.204939 -24.967892 -20.402838 9.977494 10.777203 -6.465312 -4.089016 -8.995689 0.572122 9.386560 -8.604301 -9.054455 11.700805 -9.828492 -1.120501 -14.759972 14.132257 -2.331846 0.346364
0.614506 -18.387915 6.267135 -5.441994 20.367977 -5.205159 6.367020 22.448418 -3.129449 0.551813 -8.702401 -2.515304 -24.172951 -20.261103 10.410199 10.183588 -5.974846 -4.417466 -9.489364 -0.030996 9.712604 -8.308824 -8.587286 11.326753 -9.868737 -1.344570 -15.402392 14.076084 -2.609107 0.189089
-0.201584 -18.270121 5.583077 -5.213612 20.863319 -5.533619 6.333835 21.777630 -3.400386 1.079333 -9.335522 -2.726085 -23.409040 -19.945574 10.922282 9.448223 -5.255530 -4.594142 -10.038541 -0.409569 9.820829 -7.902174 -8.142918 10.978606 -10.061433 -1.716730 -15.764622 14.082708 -2.970873 0.244616
-1.158436 -18.237913 5.086362 -4.794644 21.187073 -5.749155 6.432489 21.334595 -3.832932 1.363128 -9.976804 -2.833930 -22.569790 -19.624065 11.440543 8.973943 -4.550310 -4.915520 -10.423511 -0.529445 9.995957 -7.549503 -7.752540 10.636657 -10.200331 -2.085973 -16.169827 14.029487 -3.332148 0.307950
-2.164329 -18.458673 4.842461 -4.502893 21.439262 -6.018726 6.701153 20.669989 -4.214690 1.504665 -10.688021 -2.727721 -22.128048 -19.248125 11.780713 8.621176 -3.881016 -4.859812 -10.395984 -0.138282 10.107513 -7.162838 -7.345998 10.173288 -10.480187 -2.485398 -16.459141 13.989630 -3.647794 0.607182
-3.508352 -18.889933 4.868018 -4.080496 21.423290 -6.397324 7.219617 19.651424 -4.530824 1.592285 -11.293406 -2.627527 -21.421064 -18.941267 12.127266 8.599144 -3.292074 -5.239798 -10.410902 0.184137 10.066327 -6.823504 -7.054840 9.845040 -10.830297 -2.836284 -16.508327 13.954391 -3.905150 0.980848
-4.719886 -19.385849 4.842729 -3.737610 21.377501 -6.649512 7.732531 18.544870 -4.843746 1.631303 -12.022491 -2.458197 -20.528238 -18.578146 12.645335 8.516484 -2.580538 -5.731420 -10.477956 0.622697 9.960457 -6.535570 -6.816222 9.609179 -11.158725 -3.125766 -16.427126 13.921292 -4.093985 1.491274
-5.776070 -19.967348 4.877847 -3.333667 21.225052 -6.926462 8.277306 17.567774 -5.130730 1.610573 -12.583674 -2.344450 -19.879375 -18.319195 13.039639 8.423842 -1.898805 -6.023976 -10.470871 0.996674 10.039148 -6.324802 -6.434707 9.086927 -11.449748 -3.189029 -16.631584 13.885565 -4.156537 2.141050
-6.587151 -20.463175 4.801940 -3.134269 21.184744 -7.126452 8.744607 16.677202 -5.386222 1.650769 -13.184521 -2.195823 -19.216969 -18.030993 13.464512 8.366968 -1.243231 -6.190308 -10.403852 1.598226 10.144517 -6.141230 -5.991480 8.610388 -11.721522 -3.134924 -16.782320 13.860268 -4.120316 2.920311
-7.227185 -20.598528 4.346295 -2.965816 21.299351 -7.213454 8.904881 15.976919 -5.680973 1.875757 -13.508124 -2.083023 -18.681187 -17.910498 13.795555 8.345004 -0.711878 -6.424693 -10.470365 2.095435 10.226261 -5.954787 -5.558810 8.232574 -11.988343 -3.107784 -16.839344 13.852009 -4.085287 3.717654
-7.754329 -20.656979 3.788064 -2.907406 21.566917 -7.314337 9.044121 15.248219 -6.012418 2.165059 -13.708138 -1.977905 -18.030649 -17.843903 14.131302 8.472616 -0.174227 -6.890410 -10.569619 2.597754 10.347847 -5.743453 -5.065268 7.776634 -12.251956 -3.063392 -16.970684 13.844923 -4.060921 4.600379
-8.303036 -20.583532 3.115930 -2.797538 21.915230 -7.407458 9.114633 14.591480 -6.417964 2.497684 -13.912328 -1.876523 -17.143559 -17.741211 14.595189 8.508331 0.567214 -7.597908 -10.700482 3.111564 10.442325 -5.615232 -4.763451 7.522507 -12.401073 -3.046307 -17.029633 13.848819 -4.034619 5.147936
-8.678001 -20.418015 2.507351 -2.735730 22.274364 -7.462804 9.111287 14.136026 -6.767309 2.787113 -14.006622 -1.819712 -16.500540 -17.678780 14.992887 8.463477 1.087353 -8.177249 -10.844549 3.413110 10.599955 -5.496336 -4.410943 7.190434 -12.563075 -2.971858 -17.210590 13.821283 -3.995909 5.696268
-8.988657 -20.280699 1.899182 -2.554089 22.591448 -7.487233 9.085808 13.896054 -7.191497 2.983187 -14.081062 -1.799791 -16.012733 -17.655025 15.280306 8.428377 1.531911 -8.546055 -10.916563 3.676601 10.673420 -5.418602 -4.196082 7.052585 -12.651664 -2.934651 -17.268112 13.816366 -3.978407 6.031308
-9.168455 -20.158772 1.451913 -2.425035 22.805622 -7.483647 9.053466 13.772987 -7.507819 3.114069 -14.137750 -1.786100 -15.585786 -17.634684 15.516946 8.427999 1.909254 -8.873542 -10.990829 3.895341 10.732347 -5.340080 -4.027898 6.982497 -12.715010 -2.913249 -17.298019 13.814291 -3.975826 6.284276
-9.186346 -20.085367 1.223768 -2.398365 22.906727 -7.510213 9.016965 13.661122 -7.603951 3.219651 -14.185278 -1.776549 -15.398290 -17.638800 15.586503 8.437892 2.076378 -8.993515 -11.021045 3.983969 10.825333 -5.253868 -3.815518 6.829360 -12.801562 -2.883042 -17.387722 13.815373 -3.959822 6.568253
-9.169950 -20.036278 1.109017 -2.392464 22.982533 -7.513268 8.987658 13.628120 -7.658213 3.276541 -14.181969 -1.775071 -15.244266 -17.642906 15.664714 8.458607 2.208225 -9.131911 -11.066525 4.054683 10.830940 -5.216409 -3.754509 6.801810 -12.843596 -2.868926 -17.355925 13.833857 -3.946511 6.694695
-9.066545 -20.039522 1.144566 -2.455239 22.993732 -7.519776 8.973124 13.608963 -7.589880 3.301357 -14.192745 -1.756757 -15.257174 -17.639725 15.674741 8.447161 2.229851 -9.105256 -11.059378 4.108054 10.814138 -5.189949 -3.739987 6.808442 -12.871842 -2.870940 -17.300867 13.852882 -3.944604 6.767651
