26.971680 0.460187 5.291109 3.773187 22.463636 -12.499805 14.095557 -6.361026 -3.814359 -21.097919 -28.151949 -7.290434 -1.294901 -21.016068 14.577727 -0.357145 -2.563459 10.415475 -13.569173 10.076607 4.182120 12.425975 -7.298453 12.498561 -19.606955 5.632998 -3.313884 5.739983 0.987563 -18.164368
26.193171 0.497221 4.905780 3.234869 22.623686 -12.133069 13.587064 -5.736124 -4.013223 -21.409567 -28.737595 -7.099981 -1.496437 -20.791748 13.871217 -0.203670 -2.059429 10.376590 -13.449791 9.836839 4.028983 12.265633 -7.908074 11.896364 -19.472237 5.605354 -3.205728 6.125212 1.130823 -17.865425
24.749449 0.408680 4.104804 2.319802 22.787260 -11.562815 12.636702 -4.647146 -4.490484 -21.940859 -29.361546 -6.780812 -2.021681 -20.624201 12.470762 0.321380 -1.455255 9.903487 -13.210631 9.366179 4.081208 12.318515 -8.750107 10.686048 -19.173134 5.592371 -3.197514 6.615762 1.427023 -17.329689
22.817225 0.624784 2.859882 1.173624 23.053669 -10.837390 11.522945 -3.294971 -5.239100 -22.282125 -30.194626 -6.387999 -2.558299 -20.448456 10.512425 0.957422 -0.252664 9.214255 -12.785865 8.705641 4.104223 12.097049 -9.699320 9.198218 -18.864901 5.692484 -3.332036 7.051953 1.947338 -16.593689
21.568342 0.764239 2.389525 0.041394 23.474258 -9.845928 9.941025 -2.292443 -5.789795 -22.970270 -30.875832 -5.995597 -3.406759 -20.257229 8.644118 1.251174 0.691849 8.797914 -12.274432 7.789264 4.279381 12.144691 -10.687206 7.548468 -18.222267 5.656157 -3.558643 7.622906 2.195965 -16.304470
20.361755 0.667430 2.197457 -0.419264 23.466385 -9.067068 7.983300 -1.383186 -6.757178 -23.898092 -31.333488 -6.024173 -4.140767 -20.205549 6.997673 1.476441 1.498845 8.392368 -11.867590 7.292273 4.334326 11.803790 -11.449699 6.430549 -17.367649 5.673931 -3.429522 8.468093 2.405528 -15.865047
19.013277 0.716085 2.368518 -0.768670 23.307631 -7.991408 6.491589 -0.838787 -7.591560 -24.416431 -31.742292 -5.854818 -5.011879 -19.966986 5.778029 1.411552 2.045984 8.366395 -11.410241 6.952389 4.480121 11.386266 -11.965964 5.077788 -16.453384 5.532412 -3.306603 9.607415 2.382527 -15.393259
17.898743 0.943360 2.609293 -0.972184 23.255981 -7.607440 5.041345 -0.281097 -8.286492 -24.830559 -31.747086 -5.796954 -5.937565 -20.164124 4.587527 1.405656 2.348960 8.242343 -11.169161 6.760824 4.385367 11.202490 -12.277319 4.540441 -15.915738 5.426213 -2.925083 10.360217 2.209397 -15.153368
16.853714 1.324581 3.100059 -1.438584 23.115524 -7.056702 4.392418 0.093976 -8.586828 -24.732248 -31.464138 -5.769695 -6.693886 -20.425064 3.857499 1.301576 2.464388 8.236674 -10.969081 6.705896 4.370554 11.258390 -12.213284 4.041753 -15.666257 5.570813 -2.824154 10.766430 2.189153 -14.446228
16.105534 1.508984 3.364912 -1.698847 23.014091 -6.696221 4.135122 0.299256 -8.862309 -24.553858 -31.165365 -5.727274 -7.170294 -20.633625 3.484734 1.293510 2.704647 8.159356 -10.815839 6.652677 4.299584 11.192497 -12.208944 3.757454 -15.458423 5.668953 -2.826185 11.037094 2.246180 -14.014193
16.217075 1.510848 3.233465 -1.688487 23.140230 -6.729637 4.095202 0.286992 -8.898717 -24.556185 -31.158566 -5.714536 -7.136467 -20.589863 3.640775 1.242144 2.729063 8.191113 -10.787710 6.789408 4.417164 11.095155 -12.168527 3.755880 -15.568172 5.651776 -2.893639 10.941246 2.267080 -14.089068
16.664118 2.383226 2.670905 -2.245201 24.101198 -7.751680 4.528800 0.038616 -8.983086 -23.028223 -30.668779 -5.464191 -6.669117 -20.206251 5.315328 0.936785 3.694834 7.571566 -10.803540 8.239230 4.516667 10.855247 -11.767954 4.061013 -16.240673 5.414770 -3.229551 10.369219 2.293842 -14.715942
14.419658 4.788603 2.200282 -3.453951 24.769608 -8.861925 6.540844 0.022958 -10.092456 -18.206121 -29.460918 -4.325982 -5.991926 -19.901445 8.600274 0.585920 4.456995 7.116150 -11.067298 10.133891 5.097044 11.899499 -9.590165 4.212529 -17.971270 5.939425 -4.236441 9.053551 2.699097 -13.054768
14.762356 6.057829 -0.644082 -2.887348 25.354828 -11.130638 7.369965 1.557998 -13.477588 -13.830710 -29.081638 -2.846531 -4.853986 -19.185558 12.105081 -0.472509 6.209063 5.095793 -12.083253 11.505539 6.464853 12.540366 -7.378335 5.440861 -19.351032 6.393498 -4.567309 6.785768 2.444159 -12.136771
14.246106 7.200185 -1.849296 -3.591763 25.242004 -12.136990 7.522894 2.071229 -17.118324 -9.085654 -26.655155 -0.700774 -2.744995 -17.605423 18.833111 -0.469371 6.530555 2.004440 -12.536425 12.735475 5.507998 12.456172 -4.548622 6.552833 -20.739117 5.566732 -5.119724 7.327579 1.298233 -11.235185
11.417127 6.481246 -1.594463 -6.939806 25.215813 -11.359454 13.480808 -0.650366 -16.286633 -4.380405 -23.560589 1.217992 -1.998676 -17.026882 23.423637 0.432623 7.063502 -0.648467 -12.853180 12.746137 4.133621 13.011352 -0.304389 8.145303 -20.684114 5.452646 -5.532235 9.644667 0.850970 -8.447009
10.163652 4.626194 -0.117413 -7.175756 23.405334 -13.970258 18.751883 -3.171403 -15.409902 -1.896883 -21.606245 1.042757 1.048180 -19.413385 24.113403 2.387938 7.221660 -2.757049 -14.408657 11.238858 3.784776 12.564198 2.912654 8.164573 -20.344828 5.983795 -6.280227 11.087529 1.287647 -5.507370
8.605659 -0.205646 0.893727 -6.896970 19.162868 -12.271194 21.504539 -2.811892 -15.266976 -2.761577 -19.969137 -0.827938 0.470026 -21.311363 21.440496 4.813521 5.182459 -1.857818 -14.059251 9.880174 4.400016 11.079874 4.739578 8.208924 -19.648172 6.626625 -7.080331 12.440742 1.887325 -3.750080
8.962297 -2.089619 5.323907 -5.703855 15.940618 -9.344852 23.090462 -3.145449 -14.392708 -3.897974 -19.480980 -2.128950 -0.513358 -23.116648 18.384790 5.637541 2.708073 0.624864 -13.612749 9.132250 4.205668 10.341630 5.056006 8.179631 -18.887615 6.411263 -6.863130 13.904736 1.919615 -3.399594
9.216365 -2.627780 7.476138 -5.560379 14.629281 -8.915062 23.932858 -3.134796 -13.425525 -4.438187 -18.973232 -2.466869 -1.669802 -23.901602 16.900511 6.259882 0.811511 1.846577 -13.240221 9.050787 3.854418 9.971099 5.413616 8.177085 -17.978203 6.435567 -7.088654 14.956331 2.118579 -3.315104
9.425299 -2.619549 7.958753 -5.324434 14.488215 -8.897964 23.975101 -3.043815 -13.356109 -4.497575 -18.877766 -2.491263 -1.966780 -24.042278 16.569534 6.357114 0.419566 2.099956 -13.178982 8.997853 3.826136 9.853911 5.384360 8.173954 -17.885941 6.471401 -7.100602 15.054766 2.152554 -3.315344
9.767726 -2.422453 8.942642 -4.978176 14.271564 -8.612941 24.186726 -2.798842 -13.024575 -4.541076 -18.857553 -2.567222 -2.327833 -24.199604 16.187222 6.294659 0.164140 2.542203 -13.087367 8.885431 3.824844 9.700591 5.596652 8.321853 -17.638186 6.606988 -7.406769 15.385138 2.306922 -3.316343
10.161175 -2.205257 9.842767 -4.960499 13.770917 -8.466779 24.527023 -1.990455 -12.663054 -4.653641 -18.766796 -2.593734 -3.094992 -24.388924 15.627595 6.181183 -0.335598 3.298066 -12.858988 8.635738 3.686377 9.044027 5.799266 8.427365 -17.176544 6.850948 -7.846483 15.984206 2.584630 -3.161482
10.426361 -2.452830 11.182796 -4.830252 12.904011 -8.889085 25.128719 -1.052259 -11.939134 -4.819978 -18.697525 -2.706538 -3.882602 -24.741722 15.012709 6.042791 -1.014210 4.230959 -12.694051 8.494268 3.615499 8.467624 5.927984 8.667438 -16.394686 7.121869 -8.095214 16.498924 2.835186 -3.476580
9.211184 -2.179148 13.553479 -3.606006 12.099781 -10.105499 26.261383 0.343295 -11.350604 -5.273540 -18.554436 -3.009639 -4.553849 -25.402493 14.397000 5.628148 -1.499721 5.314087 -12.608073 8.416027 3.420748 7.720526 6.014724 9.191110 -15.434319 7.353866 -8.129331 17.210596 3.187847 -3.378526
8.355511 -1.927838 15.355006 -2.074383 11.340686 -10.458776 27.627172 2.319456 -11.650811 -5.641414 -18.196106 -3.270404 -5.180132 -26.229897 14.213929 4.844490 -2.122827 6.880942 -12.536618 8.484415 3.166035 7.194812 6.233945 9.840458 -14.509989 7.430904 -8.297465 18.034374 3.489103 -3.029781
4.850108 -1.431676 17.779713 0.057162 10.306634 -12.391595 29.560513 5.147995 -12.607551 -6.267778 -18.401005 -3.354084 -6.025595 -26.401661 13.947013 4.179497 -2.297589 7.826316 -12.440883 7.607209 2.903822 6.702361 6.610656 10.772832 -13.551355 7.677765 -8.723896 19.273266 3.839700 -2.316179
2.797676 -2.130298 17.558666 -0.219809 9.439942 -13.614410 30.261463 7.086381 -12.997197 -7.174600 -18.607063 -3.607461 -6.669020 -26.523205 13.892318 3.554474 -2.110438 8.251657 -12.524102 6.740039 2.589842 6.716490 6.564158 11.244163 -13.342604 7.516597 -8.403920 20.077253 4.006040 -1.689878
1.526965 -3.075885 16.426006 -1.272347 9.114964 -14.149616 30.158773 7.818795 -13.032682 -8.056886 -18.716125 -3.759230 -6.952551 -26.641479 13.885929 3.190867 -1.933483 8.386034 -12.592303 6.259169 2.288035 6.731147 6.247880 11.540763 -13.282743 7.330164 -7.820752 20.536818 4.166411 -1.122716
0.386175 -3.274174 16.232529 -1.311733 8.962387 -14.413033 30.263252 8.232408 -13.238599 -8.410282 -18.706913 -3.869799 -6.943683 -26.721558 13.900777 2.974093 -1.805307 8.462311 -12.608024 6.233541 2.135515 6.659734 6.108083 11.644456 -13.296391 7.262378 -7.495248 20.709442 4.254557 -0.767776
0.323648 -3.292420 16.179483 -1.320580 8.962115 -14.415377 30.276840 8.223816 -13.256398 -8.421741 -18.680000 -3.896631 -6.937897 -26.752928 13.914168 2.941173 -1.767770 8.469226 -12.618051 6.236521 2.093895 6.647135 6.080455 11.633855 -13.310920 7.253345 -7.455923 20.738590 4.262709 -0.703777
0.517943 -3.171723 16.185619 -1.324679 9.066656 -14.411271 30.177176 8.086592 -13.209384 -8.342664 -18.721041 -3.879208 -6.929848 -26.694862 13.901263 2.992339 -1.785737 8.414336 -12.622760 6.213616 2.165855 6.731664 6.146100 11.592238 -13.306479 7.263359 -7.577700 20.661285 4.208734 -0.863639
1.055864 -3.029337 16.200890 -1.250326 9.264709 -14.271220 30.141537 7.522780 -13.133003 -8.105260 -18.830467 -3.765991 -6.897242 -26.549847 13.813157 3.193461 -1.839716 8.270421 -12.601003 6.211669 2.241305 6.829244 6.236134 11.442080 -13.328118 7.292187 -7.815530 20.546864 4.129488 -1.077601
2.089655 -2.581624 16.576172 -0.970867 9.528327 -13.809486 30.059883 6.876160 -13.039227 -7.558460 -18.842505 -3.631014 -6.766844 -26.446655 13.757548 3.505723 -2.074468 8.230845 -12.540741 6.488995 2.379763 6.938637 6.497291 11.118037 -13.314792 7.372462 -8.255593 20.366772 3.994669 -1.423979
3.486866 -2.246282 16.814379 -1.184612 9.912321 -13.129906 29.650812 5.675093 -12.634670 -7.018082 -18.889727 -3.476947 -6.374784 -26.338999 13.772344 3.882755 -2.345348 8.167129 -12.493223 7.076116 2.498826 6.982433 6.694971 10.807412 -13.369464 7.454844 -8.621973 20.100929 3.859016 -1.709354
4.587838 -2.160091 16.720860 -1.491952 10.336350 -12.277325 29.006821 4.141641 -12.184817 -6.499046 -18.865498 -3.185511 -5.887176 -26.140862 13.783535 4.454549 -2.563168 7.910290 -12.356088 7.848838 2.613500 6.957613 6.852782 10.335628 -13.519423 7.509639 -8.922565 19.787039 3.689141 -1.944235
5.591418 -2.234004 16.184738 -2.198436 10.867477 -11.850990 28.620371 2.381495 -11.665927 -6.141407 -18.923763 -2.939559 -5.163923 -26.035389 13.872478 5.107925 -2.636521 7.385843 -12.345000 8.780708 2.692090 7.099790 6.807766 9.780255 -13.984839 7.496272 -8.868252 19.122519 3.501190 -2.149617
13.640204 5.238553 8.991487 -15.398156 9.110039 -7.576628 25.114664 0.076164 -18.146511 -5.316354 -12.422264 -4.358556 -10.572556 -16.540501 22.208939 16.576862 -7.288401 -3.395569 -7.318392 14.288806 4.508841 1.245571 3.852686 7.906140 -16.948435 10.280417 -6.179247 16.458324 4.186182 -4.600945
12.450048 5.514646 8.138094 -15.935926 9.624013 -7.576798 24.509022 -0.985859 -18.296698 -5.280235 -13.055742 -4.167121 -9.596983 -15.762510 22.735437 16.634846 -5.698377 -5.293250 -7.595112 13.665371 4.403451 2.103366 4.026671 7.230070 -17.302042 9.984422 -5.928556 16.460011 3.943821 -4.186721
10.927341 5.815055 7.056434 -16.588291 10.400184 -7.223618 23.426281 -2.012424 -18.622663 -5.550518 -14.012523 -3.848919 -8.607708 -14.398406 23.551010 16.130745 -2.958141 -7.466197 -7.902733 12.091530 4.257216 3.064313 4.153162 6.629197 -17.929176 9.559550 -5.452709 16.414555 3.645854 -3.619038
7.690421 -1.868791 6.416476 -10.200006 14.120190 -9.463444 18.648983 -0.316598 -16.042879 -3.054242 -14.991111 -2.743942 -9.218514 -18.954426 17.912077 10.266106 2.187940 -7.569440 -11.318910 13.438134 5.187121 0.780286 4.704775 6.221873 -20.450460 5.124195 -7.070412 16.322659 1.707384 -1.892038
6.673944 -2.428783 4.553578 -10.745277 15.181108 -8.201189 17.793768 -1.481816 -16.655937 -2.995752 -16.237709 -2.044383 -8.640933 -17.583509 18.177893 10.270183 4.311271 -8.410155 -11.022143 13.601278 5.362388 1.334058 4.996813 5.641627 -21.516857 4.661140 -6.633200 16.213312 1.648714 -0.606550
5.096642 -2.823935 2.765471 -11.187277 15.969562 -8.097366 17.088030 -2.392588 -17.262846 -3.330554 -17.299517 -1.279154 -8.576143 -16.199898 18.341801 10.455053 6.241963 -9.070922 -10.471408 13.995974 5.191571 1.974996 4.937324 5.035711 -22.314224 4.313494 -5.994894 16.142178 1.597431 0.772252
3.164813 -2.733572 1.548893 -11.630526 16.628109 -8.964868 16.477287 -3.078766 -17.610546 -3.547403 -18.240545 -0.060867 -9.129854 -14.620902 18.335592 10.904270 6.987468 -9.645735 -9.813117 14.288341 5.014059 2.565354 4.760068 4.740498 -23.064754 3.923521 -5.307519 15.998634 1.521210 1.863453
1.474119 -2.370833 0.872240 -12.270615 17.170027 -9.803148 15.520503 -3.758313 -17.509264 -3.979827 -19.257763 1.011146 -9.642413 -13.458244 18.101746 11.148521 7.068591 -9.924127 -9.334487 14.552761 4.649694 2.909491 4.354683 4.479194 -23.696480 3.521880 -4.506128 16.023689 1.510496 2.908684
0.251055 -2.412928 0.770674 -13.064264 17.294415 -10.214436 14.835375 -4.703638 -16.936436 -4.447906 -20.780073 2.109787 -10.473786 -12.112678 17.479809 10.957989 7.643221 -9.893037 -8.699300 14.073835 4.254206 3.077869 3.900105 4.078237 -24.033800 3.261537 -3.971268 16.063869 1.503347 3.324629
-0.836732 -2.635411 0.835387 -13.908253 17.152653 -10.467611 14.625134 -5.751140 -16.280598 -4.886672 -21.773920 3.023873 -11.228792 -11.105784 17.231314 10.764654 8.055983 -10.052595 -8.180941 13.759584 3.876684 3.073405 3.475337 3.741297 -24.354252 3.068800 -3.584282 16.069231 1.562018 3.777565
-1.716949 -2.974524 0.512582 -14.688788 17.172764 -10.636842 14.230328 -6.560781 -15.879550 -5.229618 -22.331881 3.601709 -11.846066 -10.359963 17.205156 10.560804 8.573312 -10.149603 -7.786341 13.657309 3.556185 3.055563 2.974725 3.714322 -24.721813 2.975968 -3.090303 15.903097 1.631841 4.134106
-2.081595 -3.292037 0.193121 -15.146751 17.240150 -10.578929 13.865524 -7.049752 -15.649716 -5.410167 -22.587904 3.955997 -12.281640 -9.957473 17.190176 10.426830 8.940839 -10.180533 -7.542391 13.696865 3.404694 2.963066 2.747577 3.657664 -24.850838 2.925650 -2.843034 15.945559 1.721846 4.360793
-2.245345 -3.471717 0.038705 -15.372878 17.245642 -10.565992 13.686289 -7.251390 -15.510900 -5.533657 -22.749025 4.147928 -12.570043 -9.706185 17.149628 10.368449 9.188241 -10.205043 -7.371848 13.711384 3.270429 2.924755 2.550508 3.646818 -24.983175 2.896931 -2.621553 15.940806 1.765913 4.552794
