6.656905 -6.347133 4.812152 -12.001271 12.617721 -7.512344 17.549326 3.282116 -7.606819 -15.646187 -14.019575 1.902830 -18.589165 -6.765447 4.077816 6.107066 8.442674 8.937791 -18.450323 -6.339068 1.236511 8.684655 -6.149130 6.525384 -15.003934 9.223691 -4.629320 14.895645 7.762050 -0.614578
6.726394 -6.293015 4.870952 -12.133460 12.629945 -7.547305 17.477657 3.225432 -7.487887 -15.659995 -13.989797 1.969296 -18.739758 -6.754262 3.999164 6.144851 8.355433 9.088405 -18.375175 -6.190983 1.182901 8.640451 -6.255536 6.571844 -14.983327 9.232825 -4.482259 14.949114 7.810570 -0.574701
6.831992 -6.209772 4.974386 -12.338190 12.625087 -7.609962 17.378513 3.158361 -7.301087 -15.689736 -13.950445 2.050904 -18.983971 -6.738326 3.877389 6.176620 8.212337 9.328320 -18.268709 -6.019649 1.102744 8.551726 -6.448827 6.648702 -14.930572 9.248588 -4.278507 15.013118 7.883950 -0.560127
7.020336 -6.091210 5.140864 -12.685505 12.605414 -7.718900 17.255569 3.031152 -6.994000 -15.731033 -13.923538 2.172472 -19.332445 -6.698659 3.710623 6.198238 7.998548 9.676013 -18.121290 -5.817047 0.997603 8.466938 -6.685328 6.738537 -14.871332 9.250573 -3.952324 15.133422 7.979630 -0.450992
7.206464 -6.010580 5.261562 -13.018226 12.592149 -7.876733 17.144577 2.824745 -6.683757 -15.757090 -13.861423 2.392453 -19.807678 -6.603236 3.500082 6.309902 7.733616 10.152580 -17.881460 -5.368220 0.911922 8.410394 -6.873528 6.804659 -14.821528 9.259328 -3.689027 15.217347 8.053927 -0.326406
7.364059 -5.926316 5.473384 -13.368469 12.545202 -7.980108 17.060509 2.830131 -6.394308 -15.876602 -13.782154 2.502373 -20.249825 -6.629704 3.215204 6.318535 7.331573 10.628514 -17.760544 -5.195118 0.834299 8.308336 -7.116681 6.938807 -14.730537 9.280951 -3.351925 15.330111 8.155419 -0.227417
7.477843 -5.951766 5.907351 -13.661965 12.434339 -8.034973 17.014542 3.005540 -5.983645 -15.999033 -13.743643 2.655304 -20.695435 -6.592816 2.933396 6.429137 6.918504 11.167745 -17.582983 -4.831002 0.736170 8.123557 -7.487931 7.128411 -14.580199 9.313685 -2.988937 15.437072 8.287002 -0.228540
7.578781 -5.941724 6.334682 -13.981247 12.329206 -8.030521 16.940533 3.258521 -5.586028 -16.138866 -13.769457 2.723122 -21.122274 -6.568080 2.631415 6.394760 6.454965 11.674391 -17.475298 -4.813024 0.736033 8.018109 -7.680965 7.256116 -14.455392 9.345402 -2.789120 15.494497 8.368214 -0.206611
7.537698 -5.965809 6.693590 -14.163857 12.110368 -7.988308 17.066418 3.439421 -5.391155 -16.286835 -13.842722 2.777607 -21.575676 -6.524558 2.371911 6.315606 5.985477 12.240321 -17.322149 -4.835610 0.680191 7.815290 -8.057873 7.531940 -14.239684 9.368274 -2.551166 15.506000 8.433237 -0.326022
7.561373 -5.905870 6.968400 -14.337141 12.009400 -8.014021 17.051994 3.635033 -5.145586 -16.356424 -13.889125 2.762510 -21.961550 -6.512333 2.221573 6.139290 5.678699 12.808820 -17.176828 -4.884951 0.718867 7.660555 -8.316414 7.812547 -14.050722 9.378072 -2.566621 15.397013 8.403169 -0.620635
7.822250 -5.885105 7.014285 -14.583463 11.913009 -8.038235 16.822071 3.893370 -4.850580 -16.461229 -13.978062 2.761703 -22.309860 -6.410650 2.070888 6.013885 5.372766 13.294446 -17.074999 -4.989468 0.626132 7.535796 -8.569384 8.046210 -13.916324 9.421891 -2.393704 15.413229 8.432404 -0.752413
8.221121 -5.787479 6.956542 -14.897174 11.778186 -8.001515 16.625853 4.101932 -4.647925 -16.595385 -14.016081 2.764672 -22.785078 -6.319125 1.932482 5.887469 5.123075 13.763778 -16.910418 -5.167362 0.517379 7.407309 -8.860001 8.420609 -13.848800 9.438648 -2.416842 15.199660 8.347755 -1.228527
8.617146 -5.754579 6.986611 -15.180383 11.704892 -7.947616 16.430382 4.282872 -4.358909 -16.623747 -14.035542 2.716581 -23.182419 -6.306547 1.809079 5.678891 4.870273 14.099753 -16.846102 -5.548449 0.379818 7.263930 -9.199642 8.763801 -13.813283 9.459655 -2.363583 15.017953 8.299537 -1.597839
8.952738 -5.755332 7.017316 -15.335884 11.578156 -7.847908 16.265169 4.489974 -4.157530 -16.671713 -13.989762 2.703425 -23.775700 -6.266742 1.567507 5.654813 4.459615 14.535230 -16.649115 -5.929385 0.278338 7.211698 -9.377962 9.084193 -13.871974 9.423985 -2.484290 14.737679 8.150650 -2.052665
9.116749 -5.867204 7.111316 -15.537344 11.471147 -7.725236 16.182518 4.672199 -3.927600 -16.711063 -13.966790 2.663102 -24.124870 -6.270254 1.410454 5.616110 4.209682 14.832108 -16.546211 -6.159369 0.071816 7.091292 -9.729459 9.508290 -13.920457 9.420072 -2.480531 14.427904 8.019493 -2.495863
9.193977 -5.925004 7.272858 -15.691043 11.361478 -7.686235 16.131851 4.767437 -3.715291 -16.782446 -13.946380 2.629879 -24.371206 -6.234105 1.350876 5.638683 4.058145 14.994330 -16.448210 -6.368771 -0.061153 7.027612 -9.950424 9.758574 -13.946690 9.421614 -2.428113 14.262420 7.949173 -2.678178
9.212955 -5.955513 7.432259 -15.750793 11.263721 -7.618985 16.130314 4.956786 -3.629771 -16.868687 -13.881892 2.609765 -24.664801 -6.255839 1.251128 5.645191 3.937922 15.113926 -16.344061 -6.555676 -0.163683 6.940465 -10.152683 9.964417 -13.963548 9.422049 -2.475567 14.081657 7.875156 -2.947353
9.217873 -6.031922 7.603807 -15.742359 11.167055 -7.619954 16.167530 5.045490 -3.532438 -16.906164 -13.827039 2.609033 -24.815437 -6.276442 1.148269 5.685837 3.801877 15.198852 -16.309309 -6.616983 -0.213137 6.900802 -10.268100 10.113753 -13.982053 9.412406 -2.554527 13.914963 7.803819 -3.156968
9.227173 -6.073288 7.690312 -15.795195 11.126945 -7.566970 16.160938 5.133825 -3.471748 -16.952814 -13.791608 2.606553 -24.919559 -6.287332 1.086633 5.705444 3.722960 15.251325 -16.284891 -6.665966 -0.245752 6.864165 -10.354610 10.200694 -13.982419 9.419591 -2.567400 13.841836 7.781937 -3.255780
9.229198 -6.064359 7.741377 -15.792777 11.099325 -7.565970 16.169300 5.146648 -3.455683 -16.973280 -13.762302 2.605074 -24.955513 -6.309552 1.045291 5.756194 3.644223 15.262362 -16.277567 -6.682714 -0.245439 6.855847 -10.368481 10.209798 -13.981326 9.424445 -2.573103 13.827788 7.781676 -3.259982
9.225529 -6.078575 7.922196 -15.833065 11.011792 -7.470599 16.188183 5.268047 -3.401279 -17.048056 -13.707644 2.590201 -25.028370 -6.342393 0.953782 5.843620 3.483482 15.287881 -16.272961 -6.770674 -0.293954 6.780797 -10.525723 10.347034 -13.986745 9.436504 -2.612593 13.689108 7.752979 -3.465458
9.231399 -6.131485 8.399560 -15.883101 10.774831 -7.299163 16.254105 5.640317 -3.235861 -17.240736 -13.542981 2.553738 -25.357897 -6.412424 0.785253 5.910285 3.294273 15.292363 -16.213802 -7.098598 -0.444031 6.587943 -10.921715 10.652770 -13.957653 9.488004 -2.645851 13.404217 7.693597 -3.785892
9.243390 -6.087866 9.275020 -15.919550 10.329741 -6.955183 16.413467 6.137778 -3.034000 -17.546755 -13.215587 2.602006 -26.137718 -6.524076 0.310968 6.157634 2.726595 15.287620 -15.961400 -7.707119 -0.567349 6.376482 -11.366500 10.845754 -13.988156 9.466871 -2.913438 12.957764 7.545610 -4.153279
9.426003 -5.934596 10.924607 -15.845330 9.464114 -6.651433 16.845398 6.851462 -2.764441 -18.090559 -12.694525 2.812725 -26.949102 -6.837385 -0.495591 6.748657 1.674160 14.938318 -15.858727 -8.344921 -0.634495 5.790411 -12.223524 10.924876 -13.715798 9.616414 -3.193059 12.578650 7.618879 -4.502307
9.279339 -6.386408 12.555915 -15.283304 8.156535 -6.803517 17.705280 7.775593 -2.480097 -18.680674 -12.040830 3.648915 -28.033575 -7.560767 -1.624838 7.631623 0.368785 14.151568 -15.694468 -8.393010 -0.703735 4.855577 -13.435139 10.922807 -13.107695 10.115075 -2.981318 12.539319 8.160815 -4.421991
10.064762 -7.435694 12.921573 -15.300855 7.109029 -6.917976 17.746687 9.104127 -1.953497 -19.537306 -11.279951 4.570210 -28.932495 -8.532892 -2.609730 7.989845 -0.600653 13.297721 -16.046135 -8.036198 -0.944133 3.631104 -14.929621 10.868909 -12.082862 10.847029 -2.164826 13.076336 9.132860 -4.126650
12.209085 -9.292068 11.075810 -15.538612 4.885882 -7.682021 17.968925 11.494693 -2.341738 -21.663946 -10.547107 3.910957 -29.287014 -8.799275 -3.606132 9.018283 -2.316075 13.309266 -15.995114 -9.881414 -1.364781 2.379322 -16.444031 11.121644 -10.566807 11.490911 -2.148521 13.332594 9.283706 -3.750541
10.562773 -11.843336 8.555644 -15.581546 5.278634 -10.507943 16.521332 14.517710 -0.151459 -21.063349 -10.756646 1.445490 -29.295397 -5.174151 -4.046578 14.034521 -3.127055 13.218642 -13.566310 -13.693375 -2.845738 0.790669 -19.194387 12.150075 -9.293113 11.727542 -3.546288 11.760450 7.661819 -3.053670
8.974955 -11.293545 9.616563 -13.501184 7.123492 -11.100750 14.614203 17.132053 0.448639 -20.378426 -10.394775 0.391413 -30.762268 -4.146963 -3.983763 15.899493 -2.917180 12.338785 -11.757505 -17.427683 -4.030485 -0.538406 -21.357306 13.476677 -8.704144 12.240535 -5.723467 9.261505 5.832142 -3.156407
8.928236 -10.327604 13.840596 -10.653116 8.504691 -10.870676 13.403289 21.766766 0.787678 -20.319534 -9.827993 -0.621875 -31.320702 -5.071257 -3.090650 15.682296 -2.803266 11.097743 -11.303617 -21.243364 -4.537386 -0.859979 -22.700953 15.011747 -9.076894 12.253370 -7.950544 6.259895 3.844913 -4.045884
6.045775 -9.254015 18.342813 -7.939609 8.745442 -13.320952 14.989834 24.352638 1.887270 -18.972073 -9.673083 -0.928767 -30.540667 -7.028001 -2.787136 16.532570 -4.585655 9.612528 -11.164469 -23.106075 -4.959138 -0.671447 -23.562794 16.186594 -9.425178 11.559211 -9.479217 4.300357 2.047974 -5.366584
1.519668 -9.780388 17.782925 -7.266746 8.471463 -13.321476 16.283333 24.666193 1.646715 -17.807634 -10.076474 -0.713495 -28.993504 -8.559105 -3.285189 17.925318 -7.196368 7.728282 -11.467701 -24.044308 -4.525783 -0.925728 -23.950521 16.180111 -8.019243 10.885575 -10.753627 4.447168 1.390755 -5.923191
-3.303448 -11.060444 16.093210 -8.755917 8.621887 -10.902687 15.387703 25.243717 1.332615 -18.088068 -10.197092 0.116138 -27.699570 -9.986075 -4.115266 18.482906 -9.611188 5.303065 -12.351476 -25.132465 -3.601341 -1.232814 -24.046141 16.100462 -6.199887 10.336808 -11.651851 5.117558 1.288694 -7.248395
-4.825489 -10.885550 15.561085 -9.628633 8.889956 -7.787964 14.757748 26.420065 0.659325 -19.321991 -10.604633 0.803356 -26.883656 -11.650690 -4.594077 16.949665 -11.151204 4.189625 -13.779414 -26.553961 -2.596676 -1.458652 -23.944801 15.647667 -5.164457 10.000382 -12.768090 5.166928 1.202643 -9.047492
-5.504798 -7.865110 15.990743 -11.188377 10.440696 -5.887394 12.831046 30.247965 0.154166 -19.629295 -11.449441 0.829715 -25.292749 -12.654872 -4.084055 15.314254 -11.888926 3.608975 -15.048870 -27.932186 -1.909905 -0.832445 -23.066927 14.478158 -5.122834 8.820476 -13.933528 5.518616 0.627716 -10.576779
-5.370450 -6.114964 14.837430 -13.056400 13.137025 -1.757342 10.596097 31.348827 -0.416055 -18.624802 -11.940338 0.163123 -24.213533 -13.685654 -3.466192 13.909010 -11.827453 3.521649 -15.702741 -29.273161 -1.775504 -0.032126 -22.354261 13.417522 -5.701878 7.371177 -14.710046 5.984304 -0.175917 -11.592507
-5.503963 -5.245166 13.435907 -13.695002 15.919927 -0.067145 8.627207 31.333324 -0.306954 -17.078176 -12.403054 -0.528317 -23.137203 -14.416476 -3.168065 13.081518 -12.321553 3.737673 -16.206205 -30.514729 -1.438722 0.415347 -21.485922 12.277369 -5.467739 6.337645 -15.336823 7.017999 -0.531749 -11.981230
-6.274859 -5.164097 12.514183 -14.180170 17.482239 -0.054694 7.697946 30.930965 0.540979 -15.795833 -12.694797 -1.019075 -22.504807 -14.775231 -3.081337 12.146898 -12.140491 4.275773 -16.590839 -30.924458 -1.433889 0.589847 -20.872740 11.541202 -5.315271 5.808830 -15.695717 7.740215 -0.708884 -12.260120
-6.438265 -4.594616 12.236750 -13.879481 18.275120 -0.249531 7.408230 30.760860 0.665717 -14.893490 -12.980749 -1.477357 -21.835983 -14.823573 -2.931540 11.857621 -11.945420 4.311461 -16.788298 -31.204075 -1.539856 0.816546 -20.292273 11.060710 -5.355747 5.452704 -15.856112 8.154737 -0.855180 -12.353265
-6.548000 -4.566740 12.006607 -13.753977 18.588091 -0.378007 7.337894 30.656324 0.655310 -14.593723 -12.946383 -1.610081 -21.674587 -14.977677 -2.871988 11.541932 -11.811011 4.325091 -17.003241 -31.205238 -1.564587 0.885030 -20.083967 10.874730 -5.346131 5.399827 -15.957824 8.269315 -0.896608 -12.318136
-6.572429 -4.550255 11.988524 -13.807825 18.545910 -0.349923 7.301984 30.781078 0.625263 -14.677318 -12.960300 -1.610877 -21.668461 -14.989571 -2.862027 11.587780 -11.833879 4.268765 -16.985510 -31.266859 -1.550459 0.831982 -20.168249 10.937952 -5.305876 5.406716 -15.947554 8.281941 -0.869528 -12.396461
-6.524755 -4.565611 11.997418 -13.911224 18.514030 -0.137898 7.181949 31.063435 0.570818 -14.890950 -12.904591 -1.610084 -21.704048 -15.004180 -2.899387 11.796068 -11.929833 4.128396 -16.990000 -31.379623 -1.465688 0.812300 -20.188766 11.001103 -5.289134 5.447182 -15.992909 8.230763 -0.836377 -12.494398
-6.527021 -4.634894 11.999684 -14.069216 18.414455 0.048089 7.124100 31.382036 0.432020 -15.253975 -12.796215 -1.558587 -21.898659 -15.031024 -2.931583 12.031917 -11.948607 3.957314 -16.933435 -31.454685 -1.254088 0.745970 -20.176004 11.025407 -5.180142 5.523984 -16.118940 8.237391 -0.740282 -12.592273
-6.779759 -4.869789 11.873079 -14.053390 18.301991 0.238588 7.057671 31.899521 0.112625 -15.752152 -12.483408 -1.519165 -22.099354 -15.221874 -2.927671 12.082087 -11.850108 3.635854 -17.096365 -31.546005 -0.935988 0.631163 -20.210548 11.112656 -5.054000 5.650467 -16.265026 8.167765 -0.585105 -12.694426
-6.967256 -5.204628 11.602298 -13.997896 18.063652 0.367472 7.093293 32.234726 -0.289771 -16.335459 -12.207104 -1.509281 -22.106564 -15.360531 -2.846289 12.320169 -11.805999 3.170070 -17.230043 -31.656773 -0.619925 0.542077 -20.259336 11.258883 -4.943716 5.796589 -16.357227 8.099807 -0.395189 -12.954988
-7.255935 -5.734375 11.151552 -13.723907 17.916153 0.489436 7.166447 32.388840 -0.759259 -16.796583 -11.833896 -1.408001 -22.146938 -15.729218 -2.843713 12.567434 -11.933743 2.518221 -17.463114 -31.836880 -0.287730 0.502692 -20.131647 11.256358 -4.857102 5.969023 -16.514345 8.082149 -0.196935 -13.155630
-7.719921 -6.329256 10.907562 -13.360059 17.709730 0.810447 7.309823 32.707737 -1.302550 -17.331282 -11.530127 -1.322579 -22.162682 -15.957530 -2.921945 13.146192 -12.075756 1.752793 -17.554068 -31.932238 0.168668 0.407720 -20.058899 11.313582 -4.769388 6.291805 -16.720400 7.916267 0.088631 -13.313391
-8.358413 -7.250781 10.579915 -12.794924 17.308983 0.900054 7.669983 32.741287 -1.840155 -17.847237 -11.045698 -1.231969 -22.300869 -16.212402 -2.902860 13.737242 -11.990495 1.047350 -17.444010 -31.730980 0.613752 0.238675 -19.930538 11.299342 -4.640090 6.710526 -17.026203 7.754788 0.387275 -13.459932
-8.927396 -8.555906 10.151003 -12.235146 16.621429 1.060294 8.297535 32.368690 -2.357648 -18.431475 -10.452559 -1.154168 -22.329727 -16.509239 -2.917000 14.301249 -11.895304 0.358601 -17.481836 -31.451454 1.258935 0.053426 -19.704346 11.360428 -4.224709 7.155866 -17.335445 7.795998 0.744886 -13.578365
-9.801758 -10.092200 9.693624 -11.407032 15.722402 1.053291 9.090127 32.061302 -2.941839 -18.998987 -9.944392 -1.144204 -22.209248 -16.658646 -2.978325 15.070529 -11.992557 -0.416171 -17.468269 -31.418053 1.746722 -0.190175 -19.473049 11.345019 -3.811411 7.650580 -17.550678 7.832894 1.134951 -13.505135
-10.589462 -11.198727 9.494781 -10.635355 14.941266 1.061456 9.826912 31.782665 -3.499419 -19.359505 -9.295096 -1.079151 -22.191853 -16.760822 -3.312421 16.194267 -12.305735 -1.292171 -17.497791 -31.417294 2.220250 -0.560104 -19.372553 11.466185 -3.095074 8.258395 -17.711226 8.044211 1.563753 -13.499945
-11.463816 -12.148595 9.476794 -9.928484 13.906278 0.860332 10.769844 31.484173 -4.047162 -19.788538 -8.856563 -1.057487 -21.934624 -16.715633 -3.666885 17.396622 -12.600915 -2.082368 -17.582909 -31.275261 2.610066 -0.934771 -19.395372 11.634780 -2.590598 8.844903 -17.846291 8.005211 1.937810 -13.474167
-12.325082 -12.982887 9.508430 -9.206604 13.016953 0.872212 11.747858 30.948868 -4.730469 -20.137003 -8.540225 -1.171863 -21.726746 -16.513229 -3.815066 18.367710 -12.537040 -2.661705 -17.458849 -31.155552 3.089556 -1.241723 -19.293543 11.704679 -2.010473 9.356254 -18.021152 8.093866 2.280972 -13.333976
-13.103364 -13.734097 9.535960 -8.641167 12.220193 1.034090 12.685869 30.420986 -5.332096 -20.424553 -8.312908 -1.193939 -21.720913 -16.444069 -3.998144 19.097885 -12.464887 -3.038167 -17.161341 -30.865820 3.428346 -1.471833 -19.234026 11.804049 -1.517144 9.806451 -18.238701 8.015114 2.450317 -12.968222
-13.755787 -14.451508 9.494935 -8.152566 11.626015 1.336353 13.445099 29.856194 -5.799113 -20.612055 -8.045547 -1.176172 -21.684132 -16.327190 -4.213387 20.019768 -12.468909 -3.491128 -16.833021 -30.558998 3.594975 -1.688915 -19.245771 11.899082 -0.973227 10.141672 -18.326199 8.110597 2.525933 -12.557917
-14.245464 -14.884886 9.478291 -7.849561 11.244805 1.576550 13.994727 29.384941 -6.186615 -20.744764 -7.911140 -1.189313 -21.616371 -16.129261 -4.440253 21.004551 -12.549075 -3.959512 -16.409510 -30.330803 3.701283 -1.855955 -19.285006 11.913509 -0.553976 10.327004 -18.411598 8.228858 2.546431 -12.166122
-14.553301 -15.181103 9.698461 -7.542276 10.889855 1.681944 14.437293 29.100067 -6.392825 -20.847185 -7.943301 -1.324965 -21.290554 -16.099630 -4.370148 21.827877 -12.638606 -4.234267 -16.034807 -30.125210 3.713804 -1.933232 -19.331276 11.900981 -0.416595 10.442022 -18.524223 8.142122 2.484525 -11.771421
-14.744642 -15.402787 9.970885 -7.244760 10.696332 1.786396 14.756861 28.812649 -6.491215 -20.869036 -7.941529 -1.392990 -21.154404 -16.047739 -4.326947 22.318806 -12.656703 -4.367716 -15.828788 -30.030813 3.740201 -1.926138 -19.241446 11.882356 -0.257955 10.577458 -18.585320 8.170959 2.435964 -11.325164
-14.900196 -15.389296 10.234235 -7.089182 10.566101 1.794255 14.972780 28.654943 -6.600290 -20.939316 -7.967563 -1.511981 -21.069384 -15.927922 -4.209396 22.441919 -12.496825 -4.296295 -15.791177 -29.977663 3.716218 -1.895681 -19.183065 11.891612 -0.143914 10.605782 -18.603203 8.233562 2.357998 -11.099361
-14.935218 -15.359843 10.297454 -7.068327 10.538084 1.734926 15.014796 28.604404 -6.618213 -20.961454 -7.992917 -1.598233 -21.006796 -15.875504 -4.108878 22.515598 -12.392908 -4.271172 -15.715192 -29.974277 3.723017 -1.887509 -19.146086 11.878996 -0.124351 10.616567 -18.604103 8.269239 2.347040 -11.011709
-14.939754 -15.358703 10.297825 -7.071787 10.537339 1.729748 15.014828 28.606472 -6.617098 -20.962107 -7.991743 -1.598151 -20.998228 -15.883004 -4.109127 22.510872 -12.401658 -4.275400 -15.728619 -29.979992 3.717302 -1.889247 -19.160234 11.880796 -0.126784 10.614879 -18.608604 8.258464 2.340743 -11.005905
-14.939680 -15.358727 10.299169 -7.070846 10.536441 1.730182 15.015859 28.606495 -6.617093 -20.962662 -7.991743 -1.598151 -20.998228 -15.883004 -4.109127 22.510872 -12.401658 -4.275400 -15.728619 -29.979992 3.717302 -1.889247 -19.160234 11.880796 -0.126784 10.614879 -18.608604 8.258464 2.340743 -11.005905
-14.939680 -15.358727 10.299169 -7.070846 10.536441 1.730182 15.015859 28.606495 -6.617093 -20.962662 -7.991743 -1.598151 -20.998228 -15.883004 -4.109127 22.510872 -12.401658 -4.275400 -15.728619 -29.979992 3.717302 -1.889247 -19.160234 11.880796 -0.126784 10.614879 -18.608604 8.258464 2.340743 -11.005905
-14.939680 -15.358727 10.299169 -7.070846 10.536441 1.730182 15.015859 28.606495 -6.617093 -20.962662 -7.991743 -1.598151 -20.998228 -15.883004 -4.109127 22.510872 -12.401658 -4.275400 -15.728619 -29.979992 3.717302 -1.889247 -19.160234 11.880796 -0.126784 10.614879 -18.608604 8.258464 2.340743 -11.005905
-14.939680 -15.358727 10.299169 -7.070846 10.536441 1.730182 15.015859 28.606495 -6.617093 -20.962662 -7.991743 -1.598151 -20.998228 -15.883004 -4.109127 22.510872 -12.401658 -4.275400 -15.728619 -29.979992 3.717302 -1.889247 -19.160234 11.880796 -0.126784 10.614879 -18.608604 8.258464 2.340743 -11.005905
-14.939680 -15.358727 10.299169 -7.070846 10.536441 1.730182 15.015859 28.606495 -6.617093 -20.962662 -7.991743 -1.598151 -20.998228 -15.883004 -4.109127 22.510872 -12.401658 -4.275400 -15.728619 -29.979992 3.717302 -1.889247 -19.160234 11.880796 -0.126784 10.614879 -18.608604 8.258464 2.340743 -11.005905
-14.955291 -15.355424 10.300317 -7.073463 10.524436 1.704422 15.026597 28.601414 -6.620184 -20.967722 -7.989020 -1.592789 -20.994116 -15.884622 -4.109116 22.497055 -12.405532 -4.270377 -15.744723 -29.987734 3.707818 -1.887637 -19.169918 11.885681 -0.131390 10.614727 -18.613817 8.245766 2.330902 -10.999585
-14.943763 -15.359197 10.295875 -7.074901 10.534892 1.723586 15.017565 28.596569 -6.614162 -20.962973 -7.988462 -1.595236 -20.995253 -15.881946 -4.109855 22.502394 -12.405536 -4.268594 -15.739652 -29.987715 3.709988 -1.891676 -19.171494 11.883432 -0.128809 10.619146 -18.615709 8.245818 2.335185 -10.997403
-14.942248 -15.359178 10.294934 -7.073888 10.535695 1.723994 15.017036 28.596472 -6.614645 -20.962778 -7.990225 -1.595215 -21.000397 -15.877942 -4.109581 22.503630 -12.401150 -4.265460 -15.733651 -29.983526 3.713268 -1.891025 -19.163567 11.881614 -0.126355 10.619964 -18.612293 8.253164 2.339094 -11.000362
-14.940911 -15.357257 10.300326 -7.072600 10.535060 1.726649 15.016268 28.597071 -6.613143 -20.965618 -7.990145 -1.591851 -20.999891 -15.875232 -4.101411 22.502687 -12.403668 -4.267399 -15.734944 -29.984520 3.713252 -1.892178 -19.163883 11.883091 -0.127086 10.620208 -18.611183 8.251781 2.338259 -11.002038
-14.942230 -15.356897 10.301229 -7.073499 10.534351 1.725689 15.016628 28.597637 -6.612783 -20.965940 -7.989512 -1.591949 -20.994156 -15.879717 -4.101417 22.500568 -12.409161 -4.270009 -15.742295 -29.988415 3.710069 -1.892712 -19.172129 11.884494 -0.129430 10.618627 -18.613770 8.244896 2.334240 -10.999206
-14.942353 -15.356887 10.299895 -7.074479 10.535231 1.725255 15.015619 28.597607 -6.612750 -20.965403 -7.989512 -1.591949 -20.994156 -15.879717 -4.101417 22.500568 -12.409161 -4.270009 -15.742295 -29.988415 3.710069 -1.892712 -19.172129 11.884494 -0.129430 10.618627 -18.613770 8.244896 2.334240 -10.999206
-14.942731 -15.356858 10.301026 -7.074029 10.535586 1.725510 15.015514 28.596844 -6.611935 -20.966476 -7.991814 -1.575082 -20.997730 -15.872240 -4.096315 22.498280 -12.408576 -4.275586 -15.742118 -29.998325 3.710270 -1.891908 -19.172495 11.884429 -0.129320 10.618636 -18.613594 8.244534 2.334142 -10.999739
-14.940123 -15.352013 10.304873 -7.069745 10.533331 1.725975 15.017798 28.597694 -6.617057 -20.967712 -7.990348 -1.573439 -21.004158 -15.857919 -4.093084 22.493256 -12.393285 -4.268539 -15.744179 -30.004766 3.715440 -1.890905 -19.170971 11.882610 -0.130360 10.618937 -18.617710 8.242935 2.336576 -10.995432
-6.067729 -14.576385 10.050605 -1.977179 7.518892 6.094595 17.178478 27.088968 -13.574669 -22.456217 -2.404519 -4.014002 -25.059893 -15.001864 -7.660733 16.487152 -1.819304 -2.842287 -20.419626 -25.397675 3.501032 -4.365105 -16.692442 11.442586 -5.859296 14.589052 -17.349140 6.882213 7.042965 -11.434672
-6.067729 -14.576385 10.050605 -1.977179 7.518892 6.094595 17.178478 27.088968 -13.574669 -22.456217 -2.404519 -4.014002 -25.059893 -15.001864 -7.660733 16.487152 -1.819304 -2.842287 -20.419626 -25.397675 3.501032 -4.365105 -16.692442 11.442586 -5.859296 14.589052 -17.349140 6.882213 7.042965 -11.434672
-6.067729 -14.576385 10.050605 -1.977179 7.518892 6.094595 17.178478 27.088968 -13.574669 -22.456217 -2.404519 -4.014002 -25.059893 -15.001864 -7.660733 16.487152 -1.819304 -2.842287 -20.419626 -25.397675 3.501032 -4.365105 -16.692442 11.442586 -5.859296 14.589052 -17.349140 6.882213 7.042965 -11.434672
-6.067729 -14.576385 10.050605 -1.977179 7.518892 6.094595 17.178478 27.088968 -13.574669 -22.456217 -2.404519 -4.014002 -25.059893 -15.001864 -7.660733 16.487152 -1.819304 -2.842287 -20.419626 -25.397675 3.501032 -4.365105 -16.692442 11.442586 -5.859296 14.589052 -17.349140 6.882213 7.042965 -11.434672
-6.067729 -14.576385 10.050605 -1.977179 7.518892 6.094595 17.178478 27.088968 -13.574669 -22.456217 -2.404519 -4.014002 -25.059893 -15.001864 -7.660733 16.487152 -1.819304 -2.842287 -20.419626 -25.397675 3.501032 -4.365105 -16.692442 11.442586 -5.859296 14.589052 -17.349140 6.882213 7.042965 -11.434672
-6.787251 -14.250241 10.914014 -1.561754 8.061640 6.722403 16.923615 26.545816 -12.922440 -23.625328 -2.595348 -1.917267 -24.766237 -12.397620 -4.256062 16.500591 -2.632691 -3.019650 -20.627501 -27.100212 3.786394 -2.455804 -17.509298 10.381269 -5.213441 14.535474 -17.087343 6.888089 7.150531 -11.440374
-6.808716 -14.314470 11.093288 -1.612213 7.933448 6.767900 16.771629 26.515320 -12.831204 -23.908564 -2.308334 -2.034019 -24.837046 -12.125882 -3.771682 16.274696 -2.491146 -2.906362 -20.766052 -27.142578 3.909963 -2.405765 -17.473726 10.168647 -5.064709 14.431409 -17.044071 7.094732 7.219573 -11.332058
-6.765547 -14.217162 10.991620 -1.651880 8.078691 6.991118 16.743832 26.445980 -12.866248 -23.971014 -2.294346 -1.939677 -24.906393 -12.087893 -3.914331 16.209198 -2.344927 -2.879007 -20.848967 -27.329674 4.075077 -2.196538 -17.446955 10.131099 -5.178223 14.532614 -17.004856 6.907077 7.307362 -11.354729
-6.698187 -14.252300 10.931867 -1.636116 8.087537 6.948505 16.744860 26.459414 -12.872293 -23.972216 -2.280841 -1.965446 -24.906176 -12.118394 -3.923759 16.210388 -2.277533 -2.894528 -20.835417 -27.310291 4.044981 -2.241405 -17.435022 10.191790 -5.228451 14.498870 -17.017935 6.907310 7.275464 -11.403645
-6.678787 -14.269913 10.918165 -1.621394 8.078287 6.936072 16.735006 26.459633 -12.880213 -23.983854 -2.243936 -1.960412 -24.925678 -12.101322 -3.862108 16.190231 -2.251241 -2.899705 -20.840498 -27.286213 4.041608 -2.253927 -17.434032 10.195651 -5.228325 14.498048 -17.021618 6.910779 7.275731 -11.400126
-6.678694 -14.270538 10.917844 -1.621734 8.078469 6.937199 16.734655 26.459858 -12.880287 -23.984156 -2.243840 -1.960440 -24.925957 -12.101271 -3.862021 16.190521 -2.250998 -2.899995 -20.839808 -27.286243 4.041817 -2.253957 -17.434114 10.195799 -5.227518 14.497756 -17.022133 6.910833 7.275261 -11.399467
-6.673191 -14.270375 10.912642 -1.624084 8.080913 6.933689 16.734915 26.460184 -12.878689 -23.982435 -2.241662 -1.965182 -24.926861 -12.104308 -3.866408 16.189993 -2.244042 -2.898881 -20.839577 -27.278303 4.049574 -2.244257 -17.432898 10.190278 -5.223970 14.505763 -17.019257 6.905346 7.280357 -11.389050
-6.678256 -14.270055 10.918036 -1.621666 8.078090 6.936195 16.734941 26.459551 -12.880129 -23.984249 -2.243713 -1.960433 -24.925724 -12.101307 -3.861930 16.189999 -2.250694 -2.899850 -20.840525 -27.286140 4.041573 -2.254108 -17.434101 10.195560 -5.227860 14.498075 -17.021885 6.911036 7.275630 -11.399662
-6.678181 -14.270012 10.917926 -1.621851 8.078071 6.936111 16.734753 26.459682 -12.880067 -23.984362 -2.243954 -1.961961 -24.924185 -12.100137 -3.861820 16.192017 -2.251934 -2.898661 -20.840574 -27.285713 4.041640 -2.253157 -17.432867 10.194348 -5.229071 14.497661 -17.022099 6.911031 7.275556 -11.399494
-6.678068 -14.266296 10.895047 -1.636591 8.078604 6.929976 16.751909 26.464993 -12.888950 -23.954800 -2.254452 -2.004274 -24.911743 -12.137761 -3.930286 16.202330 -2.234591 -2.878972 -20.833460 -27.274250 4.050843 -2.253497 -17.419333 10.192061 -5.235488 14.509529 -17.026098 6.900814 7.283328 -11.375824
-6.695235 -14.255960 10.904813 -1.645815 8.082972 6.940397 16.758888 26.463017 -12.885530 -23.947922 -2.271106 -2.003704 -24.903357 -12.141322 -3.955165 16.211063 -2.251931 -2.876143 -20.833109 -27.287090 4.035017 -2.260482 -17.423071 10.196796 -5.235433 14.491404 -17.025040 6.916982 7.270603 -11.397573
-6.695846 -14.255831 10.905323 -1.645691 8.082597 6.940459 16.759106 26.463053 -12.885494 -23.947977 -2.271455 -2.005401 -24.902626 -12.141857 -3.957812 16.212517 -2.254794 -2.875422 -20.832853 -27.286592 4.037032 -2.256489 -17.423332 10.194266 -5.234677 14.493222 -17.024708 6.915239 7.271998 -11.395891
-6.695846 -14.255831 10.905323 -1.645691 8.082597 6.940459 16.759106 26.463053 -12.885494 -23.947977 -2.271455 -2.005401 -24.902626 -12.141857 -3.957812 16.212517 -2.254794 -2.875422 -20.832853 -27.286592 4.037032 -2.256489 -17.423332 10.194266 -5.234677 14.493222 -17.024708 6.915239 7.271998 -11.395891
-6.695846 -14.255831 10.905323 -1.645691 8.082597 6.940459 16.759106 26.463053 -12.885494 -23.947977 -2.271455 -2.005401 -24.902626 -12.141857 -3.957812 16.212517 -2.254794 -2.875422 -20.832853 -27.286592 4.037032 -2.256489 -17.423332 10.194266 -5.234677 14.493222 -17.024708 6.915239 7.271998 -11.395891
-6.695846 -14.255831 10.905323 -1.645691 8.082597 6.940459 16.759106 26.463053 -12.885494 -23.947977 -2.271455 -2.005401 -24.902626 -12.141857 -3.957812 16.212517 -2.254794 -2.875422 -20.832853 -27.286592 4.037032 -2.256489 -17.423332 10.194266 -5.234677 14.493222 -17.024708 6.915239 7.271998 -11.395891
-6.688971 -14.256966 10.896199 -1.648805 8.083611 6.936335 16.760479 26.466257 -12.887247 -23.943354 -2.257166 -2.009838 -24.909580 -12.141311 -3.939460 16.206030 -2.238639 -2.876562 -20.832970 -27.269354 4.045930 -2.255904 -17.418859 10.197354 -5.236166 14.504852 -17.023537 6.905278 7.279158 -11.384398
-6.688971 -14.256966 10.896199 -1.648805 8.083611 6.936335 16.760479 26.466257 -12.887247 -23.943354 -2.256941 -2.009853 -24.909632 -12.141289 -3.939274 16.205797 -2.238101 -2.876706 -20.832994 -27.269287 4.045747 -2.256321 -17.418749 10.197554 -5.235981 14.504907 -17.023813 6.905463 7.279294 -11.384457
-6.688971 -14.256966 10.896199 -1.648805 8.083611 6.936335 16.760479 26.466257 -12.887247 -23.943354 -2.256941 -2.009853 -24.909632 -12.141289 -3.939274 16.205797 -2.238101 -2.876706 -20.832994 -27.269287 4.045747 -2.256321 -17.418749 10.197554 -5.235981 14.504907 -17.023813 6.905463 7.279294 -11.384457
-6.677128 -14.263230 10.897973 -1.638378 8.081662 6.928338 16.749632 26.463953 -12.884757 -23.956652 -2.254268 -2.007513 -24.911377 -12.139009 -3.933163 16.202707 -2.233251 -2.877966 -20.832872 -27.270393 4.048913 -2.247992 -17.421177 10.187919 -5.233489 14.505699 -17.023697 6.903751 7.279840 -11.377596
-6.677128 -14.263230 10.897973 -1.638378 8.081662 6.928338 16.749632 26.463953 -12.884757 -23.956652 -2.254268 -2.007513 -24.911377 -12.139009 -3.933163 16.202707 -2.233251 -2.877966 -20.832872 -27.270393 4.048913 -2.247992 -17.421177 10.187919 -5.233489 14.505699 -17.023697 6.903751 7.279840 -11.377596
-6.677128 -14.263230 10.897973 -1.638378 8.081662 6.928338 16.749632 26.463953 -12.884757 -23.956652 -2.254268 -2.007513 -24.911377 -12.139009 -3.933163 16.202707 -2.233251 -2.877966 -20.832872 -27.270393 4.048913 -2.247992 -17.421177 10.187919 -5.233489 14.505699 -17.023697 6.903751 7.279840 -11.377596
