5.068461 -5.059993 6.097099 -15.565113 10.530959 -10.861664 15.409033 5.708674 -11.783166 -8.654844 -14.023860 1.906963 -18.587662 -6.770169 4.079228 6.105011 8.442761 8.933747 -18.447660 -6.337363 5.163508 10.454797 -11.371559 10.929839 -9.417443 -0.080290 -9.943332 11.725929 -1.271274 5.096964
5.244238 -4.921755 6.257072 -15.908457 10.537360 -10.964120 15.247387 5.585631 -11.476234 -8.688954 -13.954731 2.055038 -18.982464 -6.743048 3.878802 6.174564 8.212424 9.324275 -18.266043 -6.017944 4.903632 10.313880 -11.691856 11.095997 -9.410444 -0.029414 -9.520921 11.856822 -1.139672 5.121050
5.607353 -4.712255 6.543995 -16.608051 10.507077 -11.250242 15.029890 5.252988 -10.850312 -8.740735 -13.865812 2.396616 -19.805962 -6.608020 3.501643 6.307745 7.733646 10.148438 -17.878849 -5.366615 4.464161 10.158688 -12.153090 11.351398 -9.431037 0.027340 -8.800296 12.079279 -0.963123 5.324546
5.871403 -4.644958 7.190571 -17.246269 10.360651 -11.383301 14.903068 5.429757 -10.153089 -8.981062 -13.747911 2.659542 -20.694107 -6.597567 2.934787 6.427067 6.918252 11.163972 -17.580059 -4.829235 3.949625 9.754695 -12.894197 11.607603 -9.311882 0.237647 -7.954830 12.357243 -0.604800 5.239339
5.960328 -4.686862 7.961769 -17.728987 10.021461 -11.359221 14.931735 5.868414 -9.572596 -9.287399 -13.847013 2.781842 -21.574276 -6.529386 2.373367 6.313399 5.985305 12.236487 -17.319311 -4.833838 3.640172 9.293202 -13.587301 11.762839 -9.112144 0.507448 -7.331312 12.559061 -0.190008 5.030647
6.284038 -4.614004 8.259061 -18.152042 9.840267 -11.392998 14.651401 6.337089 -9.023678 -9.466427 -13.982353 2.765936 -22.308466 -6.415481 2.072340 6.011673 5.372589 13.290616 -17.072161 -4.987699 3.483277 8.870849 -14.219854 12.004025 -8.925715 0.755819 -6.937362 12.588068 0.158296 4.525261
7.078814 -4.482768 8.230836 -18.751026 9.632434 -11.302024 14.259047 6.725692 -8.531747 -9.628871 -14.039878 2.720791 -23.180922 -6.311305 1.810683 5.676642 4.870250 14.095947 -16.843328 -5.546557 3.349591 8.423810 -14.909021 12.494846 -8.847218 0.995232 -6.623133 12.358975 0.500187 3.629302
7.562537 -4.588282 8.357377 -19.115339 9.405605 -11.085471 13.996966 7.120202 -8.098921 -9.727360 -13.971087 2.667343 -24.123627 -6.274962 1.411885 5.614023 4.209435 14.828451 -16.543303 -6.157564 3.254544 8.156890 -15.289995 13.021112 -8.924500 1.124146 -6.576501 12.010206 0.634293 2.656255
7.661502 -4.678992 8.672993 -19.333349 9.196023 -10.987787 13.954620 7.406278 -7.802061 -9.875438 -13.886130 2.613987 -24.663631 -6.260630 1.252519 5.642958 3.937638 15.110307 -16.341200 -6.553913 3.096795 7.973328 -15.582067 13.353129 -9.032594 1.255023 -6.436680 11.803118 0.742703 2.120052
7.675066 -4.797323 8.931219 -19.377825 9.058785 -10.935972 13.985135 7.583488 -7.644091 -9.960133 -13.795829 2.610800 -24.918472 -6.292083 1.087959 5.703189 3.722628 15.247731 -16.281973 -6.664284 3.076937 7.871637 -15.705373 13.502503 -9.076219 1.315231 -6.476431 11.658840 0.782482 1.794908
7.673014 -4.802621 9.163041 -19.416010 8.943614 -10.839794 14.012208 7.718010 -7.573518 -10.055386 -13.711919 2.594548 -25.027328 -6.347001 0.955035 5.841495 3.483134 15.284282 -16.269997 -6.768866 3.060776 7.774153 -15.839198 13.595376 -9.108495 1.361139 -6.468459 11.566231 0.834466 1.593503
7.686821 -4.810300 10.521597 -19.504259 8.260901 -10.316163 14.242324 8.588246 -7.203449 -10.551252 -13.220016 2.606193 -26.136524 -6.528463 0.312495 6.155447 2.726690 15.284074 -15.958364 -7.705319 2.901853 7.311380 -16.535765 13.786998 -9.476099 1.544795 -6.296556 11.167219 1.202942 0.815560
7.697775 -5.115921 13.828939 -18.846712 6.070866 -10.176716 15.554116 10.212479 -6.656190 -11.692989 -12.044163 3.654310 -28.033520 -7.566344 -1.624792 7.627873 0.367869 14.147534 -15.693383 -8.391365 2.411291 5.332272 -19.128349 13.307753 -9.703845 2.209655 -5.287248 11.070375 2.786955 0.263377
10.618729 -8.011905 12.371646 -19.091757 2.805032 -11.025269 15.814259 13.926554 -6.518870 -14.673571 -10.549255 3.914956 -29.287838 -8.802567 -3.604111 9.017914 -2.313470 13.303275 -15.989858 -9.881136 3.143899 2.754577 -21.026482 13.258719 -8.333000 4.032023 -3.986321 12.145959 5.722818 -0.448539
7.385512 -10.016810 10.891161 -17.070686 5.061083 -14.451228 12.445690 19.559954 -3.720450 -13.377101 -10.395360 0.394523 -30.764622 -4.152286 -3.982896 15.895307 -2.917691 12.338845 -11.755784 -17.426247 6.780753 2.884051 -17.274874 12.310409 -10.459394 5.148771 -4.317852 13.030563 10.141253 -7.991299
4.486034 -7.968887 19.605511 -11.505703 6.689289 -16.678402 12.794210 26.814480 -2.287837 -11.972067 -9.672514 -0.925228 -30.543949 -7.032845 -2.786873 16.526909 -4.586809 9.614501 -11.162930 -23.104162 7.309403 1.325732 -15.453070 9.181289 -11.966798 6.259338 -6.651073 13.870705 12.523160 -12.715479
-4.881836 -9.786725 17.382296 -12.316592 6.537246 -14.255817 13.250933 27.709446 -2.840157 -11.069736 -10.192911 0.118150 -27.705505 -9.992923 -4.113891 18.473812 -9.607920 5.304965 -12.350373 -25.130911 4.677091 -3.067962 -19.103260 7.499682 -6.593596 8.861740 -8.257731 15.477693 12.892721 -12.412434
-7.096364 -6.598712 17.257870 -14.760639 8.363046 -9.254265 10.689727 32.688931 -4.016933 -12.615559 -11.446249 0.828928 -25.296417 -12.655717 -4.084393 15.311837 -11.883451 3.608534 -15.048416 -27.928875 1.803528 -4.820401 -23.263206 8.071500 -5.650983 9.614568 -11.567956 11.288889 9.342445 -10.030844
-7.078632 -3.974511 14.721805 -17.259542 13.834243 -3.399814 6.488288 33.767078 -4.482203 -10.069800 -12.401490 -0.528326 -23.139988 -14.415235 -3.167721 13.080044 -12.316165 3.737609 -16.204527 -30.513460 -0.689520 -3.909319 -24.838350 6.996734 -7.409972 7.440351 -14.833158 8.103615 4.530015 -7.273445
-8.010347 -3.329351 13.524107 -17.443623 16.181273 -3.590260 5.268478 33.193993 -3.508805 -7.892992 -12.978273 -1.477847 -21.838953 -14.823882 -2.931481 11.856874 -11.940447 4.309448 -16.786791 -31.202686 -2.610829 -3.460654 -25.148003 6.129673 -8.416736 6.547409 -15.735967 7.452381 2.650301 -6.367084
-8.148616 -3.280329 13.275161 -17.376921 16.457966 -3.683788 5.163825 33.212872 -3.547580 -7.670901 -12.956934 -1.609198 -21.674915 -14.986949 -2.861751 11.584715 -11.823945 4.267759 -16.983393 -31.266592 -2.749106 -3.401819 -25.081049 6.037470 -8.484023 6.476733 -15.831223 7.457126 2.516473 -6.286343
-8.103539 -3.364189 13.288904 -17.638014 16.324039 -3.286513 4.987300 33.814205 -3.740838 -8.248185 -12.793411 -1.557209 -21.904919 -15.026958 -2.930563 12.029472 -11.937058 3.955533 -16.930046 -31.455402 -2.469304 -3.456075 -25.041157 6.108934 -8.413851 6.556852 -15.948920 7.425337 2.634879 -6.480731
-8.548649 -3.930356 12.898788 -17.565840 15.981593 -2.964535 4.950690 34.660015 -4.456810 -9.322802 -12.203812 -1.508363 -22.112953 -15.356690 -2.845800 12.317613 -11.795161 3.169029 -17.227154 -31.657385 -1.847612 -3.604153 -25.060499 6.303966 -8.229861 6.757575 -16.117088 7.325253 2.952200 -6.801484
-9.298567 -5.054337 12.203275 -16.926641 15.628088 -2.519144 5.167091 35.132298 -5.470975 -10.318844 -11.527225 -1.322269 -22.168438 -15.954156 -2.921448 13.143932 -12.066162 1.751962 -17.551437 -31.932175 -1.030772 -3.692570 -24.730261 6.454663 -7.987278 7.165497 -16.465229 7.198198 3.365482 -7.271387
-10.517614 -7.287752 11.444448 -15.807103 14.535451 -2.274084 6.159080 34.800617 -6.521600 -11.417856 -10.449827 -1.153119 -22.335756 -16.506279 -2.916501 14.297970 -11.885652 0.358140 -17.479746 -31.449966 0.043387 -3.967755 -24.250996 6.538296 -7.422345 7.963717 -17.168339 7.168808 3.958171 -7.684188
-12.181002 -9.928988 10.788468 -14.204437 12.857532 -2.272689 7.687738 34.219200 -7.665797 -12.345753 -9.293238 -1.078467 -22.196888 -16.757376 -3.311757 16.192574 -12.297318 -1.292995 -17.495144 -31.416311 1.185205 -4.452076 -23.759434 6.632364 -6.154264 8.971074 -17.684582 7.578578 4.790266 -7.703314
-13.908202 -11.709307 10.803556 -12.770682 10.934442 -2.463691 9.609262 33.388752 -8.896552 -13.120137 -8.537214 -1.170500 -21.733624 -16.508593 -3.814698 18.364746 -12.526006 -2.661837 -17.456152 -31.154930 2.184689 -4.933864 -23.494772 6.820426 -5.078603 9.875022 -18.134834 7.755037 5.499146 -7.604232
-15.338907 -13.177896 10.790171 -11.716697 9.543427 -1.999507 11.306522 32.296104 -9.965070 -13.595249 -8.043529 -1.174857 -21.689743 -16.322071 -4.212807 20.018044 -12.458592 -3.491785 -16.830072 -30.558083 2.860225 -5.358521 -23.382998 6.898737 -4.013392 10.521604 -18.532310 7.964793 5.901663 -7.052740
-16.136633 -13.907097 10.993314 -11.106865 8.808206 -1.653213 12.298724 31.538799 -10.558706 -13.830301 -7.940180 -1.325050 -21.295757 -16.096876 -4.369914 21.826372 -12.629992 -4.234843 -16.032509 -30.123974 2.982350 -5.655418 -23.463461 6.784208 -3.452160 10.793788 -18.633821 8.189135 6.057929 -6.510133
-16.483786 -14.115503 11.528607 -10.653637 8.484933 -1.540790 12.833792 31.093655 -10.766304 -13.921989 -7.965091 -1.511897 -21.074074 -15.924918 -4.209004 22.440798 -12.488469 -4.297088 -15.788781 -29.976173 2.981186 -5.654996 -23.309956 6.761529 -3.194200 10.952521 -18.611061 8.393272 6.057341 -6.099007
-16.523344 -14.084910 11.592198 -10.636242 8.456170 -1.605297 12.875841 31.045177 -10.783111 -13.944782 -7.989111 -1.598068 -21.002934 -15.879738 -4.109163 22.510397 -12.393399 -4.277077 -15.725867 -29.977844 2.974104 -5.646124 -23.293331 6.763687 -3.177887 10.960080 -18.609291 8.417395 6.040822 -6.044741
-16.523272 -14.084935 11.593541 -10.635302 8.455274 -1.604863 12.876870 31.045204 -10.783106 -13.945333 -7.989111 -1.598068 -21.002934 -15.879738 -4.109163 22.510397 -12.393399 -4.277077 -15.725867 -29.977844 2.974104 -5.646124 -23.293331 6.763687 -3.177887 10.960080 -18.609291 8.417395 6.040822 -6.044741
-16.523272 -14.084935 11.593541 -10.635302 8.455274 -1.604863 12.876870 31.045204 -10.783106 -13.945333 -7.989111 -1.598068 -21.002934 -15.879738 -4.109163 22.510397 -12.393399 -4.277077 -15.725867 -29.977844 2.974104 -5.646124 -23.293331 6.763687 -3.177887 10.960080 -18.609291 8.417395 6.040822 -6.044741
-16.538881 -14.081633 11.594689 -10.637918 8.443268 -1.630624 12.887609 31.040123 -10.786199 -13.950397 -7.986622 -1.592152 -20.999554 -15.880651 -4.108803 22.496227 -12.395741 -4.272027 -15.741375 -29.985281 2.987097 -5.654781 -23.296419 6.746843 -3.173974 10.949981 -18.609177 8.434439 6.055536 -6.064925
-16.525837 -14.085386 11.589307 -10.638346 8.454526 -1.611051 12.878046 31.035179 -10.780658 -13.945454 -7.987917 -1.594511 -21.005266 -15.874940 -4.109385 22.502638 -12.392367 -4.267648 -15.731042 -29.981188 2.988814 -5.649843 -23.293461 6.759714 -3.174412 10.957128 -18.609108 8.420797 6.046764 -6.054654
-16.525185 -14.086090 11.589704 -10.636507 8.452468 -1.614283 12.876791 31.034267 -10.781806 -13.947382 -7.987251 -1.591237 -20.999514 -15.876309 -4.101223 22.499752 -12.399911 -4.271960 -15.739073 -29.985786 2.989267 -5.650795 -23.292616 6.759253 -3.175170 10.956174 -18.607609 8.422044 6.047217 -6.057014
-16.518650 -14.093258 11.583245 -10.639778 8.446523 -1.640691 12.877827 31.035646 -10.779650 -13.945073 -7.989551 -1.574369 -21.003090 -15.868834 -4.096122 22.497463 -12.399327 -4.277538 -15.738894 -29.995695 2.989468 -5.649995 -23.292978 6.759189 -3.175058 10.956184 -18.607430 8.421679 6.047118 -6.057548
-9.744188 -10.710099 12.885743 -6.972943 7.634761 6.650105 16.359814 29.363125 -15.984529 -14.812962 -2.407018 -4.010843 -25.060513 -15.003642 -7.661007 16.487320 -1.820704 -2.844974 -20.417196 -25.396931 6.388544 -4.754702 -19.841539 11.695216 -2.678081 10.040815 -20.562099 5.522835 3.453522 -5.473970
-9.744188 -10.710099 12.885743 -6.972943 7.634761 6.650105 16.359814 29.363125 -15.984529 -14.812962 -2.407018 -4.010843 -25.060513 -15.003642 -7.661007 16.487320 -1.820704 -2.844974 -20.417196 -25.396931 6.388544 -4.754702 -19.841539 11.695216 -2.678081 10.040815 -20.562099 5.522835 3.453522 -5.473970
-9.744188 -10.710099 12.885743 -6.972943 7.634761 6.650105 16.359814 29.363125 -15.984529 -14.812962 -2.407018 -4.010843 -25.060513 -15.003642 -7.661007 16.487320 -1.820704 -2.844974 -20.417196 -25.396931 6.388544 -4.754702 -19.841539 11.695216 -2.678081 10.040815 -20.562099 5.522835 3.453522 -5.473970
-8.177090 -13.090316 12.218759 -4.977311 5.895414 3.332060 14.688456 28.893608 -17.038456 -16.953886 -2.312947 -2.029648 -24.838799 -12.129386 -3.774367 16.278629 -2.498172 -2.909528 -20.760000 -27.143965 6.341398 -3.081713 -21.423906 10.959671 -1.773085 9.791014 -20.214375 5.473678 3.442789 -6.094762
-8.249121 -12.998566 12.184033 -5.202247 5.992637 3.538879 14.619514 28.893272 -17.043520 -16.937365 -2.285526 -1.962971 -24.906778 -12.121060 -3.924626 16.214149 -2.282576 -2.896211 -20.829279 -27.312050 6.440583 -2.903376 -21.473269 11.141896 -1.913345 9.813426 -20.215855 5.185617 3.369293 -6.130708
-8.253933 -12.996080 12.187394 -5.208126 5.990257 3.542841 14.638456 28.890167 -17.032043 -16.929424 -2.248525 -1.957964 -24.926561 -12.103943 -3.862885 16.194279 -2.256041 -2.901679 -20.833670 -27.287998 6.440484 -2.915312 -21.470919 11.147249 -1.913540 9.813441 -20.220413 5.187657 3.370922 -6.128201
-8.253494 -12.995596 12.187587 -5.208057 5.989877 3.541837 14.638741 28.889862 -17.031885 -16.929520 -2.248399 -1.957958 -24.926332 -12.103974 -3.862796 16.193760 -2.255737 -2.901534 -20.834391 -27.287897 6.438892 -2.914658 -21.470957 11.146403 -1.914472 9.812849 -20.220234 5.187184 3.369598 -6.126111
-8.273992 -12.967302 12.208093 -5.219358 6.015141 3.616958 14.614597 28.893877 -17.036995 -16.926805 -2.259137 -2.001800 -24.912346 -12.140429 -3.931153 16.206089 -2.239633 -2.880657 -20.827324 -27.276009 6.448328 -2.915705 -21.457731 11.143870 -1.920129 9.824923 -20.224524 5.177087 3.377398 -6.101003
-8.264221 -12.977753 12.208312 -5.207746 6.007007 3.606468 14.604723 28.894699 -17.042213 -16.938782 -2.276139 -2.002926 -24.903229 -12.144526 -3.958679 16.216278 -2.259838 -2.877108 -20.826715 -27.288351 6.434424 -2.918386 -21.461468 11.146199 -1.919724 9.808625 -20.223000 5.191235 3.366036 -6.121565
-8.264221 -12.977753 12.208312 -5.207746 6.007007 3.606468 14.604723 28.894699 -17.042213 -16.938782 -2.276139 -2.002926 -24.903229 -12.144526 -3.958679 16.216278 -2.259838 -2.877108 -20.826715 -27.288351 6.434424 -2.918386 -21.461468 11.146199 -1.919724 9.808625 -20.223000 5.191235 3.366036 -6.121565
-8.274092 -12.965174 12.211987 -5.210979 6.017571 3.623338 14.606740 28.893200 -17.039646 -16.935177 -2.261851 -2.007363 -24.910183 -12.143978 -3.940327 16.209789 -2.243682 -2.878247 -20.826836 -27.271116 6.443460 -2.917995 -21.457016 11.149190 -1.921212 9.820392 -20.221777 5.181178 3.373420 -6.109912
-8.273925 -12.965153 12.211975 -5.210922 6.017570 3.623344 14.606588 28.893223 -17.039713 -16.935190 -2.261626 -2.007378 -24.910234 -12.143956 -3.940142 16.209557 -2.243146 -2.878390 -20.826860 -27.271049 6.443277 -2.918411 -21.456905 11.149391 -1.921026 9.820447 -20.222057 5.181364 3.373557 -6.109971
-8.271957 -12.967861 12.209774 -5.210871 6.013131 3.612489 14.606821 28.892654 -17.040440 -16.935034 -2.258953 -2.005038 -24.911980 -12.141677 -3.934029 16.206469 -2.238294 -2.879652 -20.826735 -27.272152 6.446444 -2.910082 -21.459335 11.139756 -1.918535 9.821239 -20.221941 5.179651 3.374104 -6.103110
