-8.121866 -13.104303 12.081726 -5.219567 5.992589 3.540382 14.515712 29.021591 -16.974310 -16.958408 -2.279014 -2.027903 -24.927692 -12.156002 -3.943809 16.185427 -2.289954 -2.830344 -20.820280 -27.311317 6.441504 -2.907472 -21.455647 11.165898 -1.975312 9.828397 -20.206337 5.126834 3.414318 -6.285726
-7.070047 -13.213844 11.416116 -5.727810 5.862360 2.609719 13.792205 29.888880 -16.497698 -17.343378 -2.442796 -2.307123 -24.803459 -12.194320 -3.721252 15.790481 -2.369893 -2.433956 -20.932419 -27.622608 6.716289 -2.986079 -21.412912 11.255640 -2.599837 9.830588 -20.155472 4.837086 3.922515 -7.679177
-5.571903 -12.534093 10.019513 -7.195442 6.546227 1.282194 11.980534 31.204538 -15.730662 -17.793137 -2.626446 -2.652899 -25.214121 -12.578148 -3.191625 14.558739 -2.234613 -1.359304 -20.894156 -28.069225 6.756260 -2.658142 -21.100634 11.279628 -3.414371 9.770394 -19.975494 4.534542 4.170298 -8.702050
-3.759657 -10.694180 9.108406 -8.950788 8.128069 0.168136 9.776111 31.952946 -14.676654 -17.804457 -2.860222 -2.713435 -25.821869 -13.157965 -2.956767 13.229910 -2.688932 -0.285243 -20.822401 -28.571959 6.201158 -1.948354 -20.721981 11.151799 -5.014868 9.111763 -19.632149 4.378141 3.994994 -10.033829
-2.033775 -7.459078 9.840562 -10.706032 10.492707 -0.428123 7.440538 32.649281 -13.314927 -16.772053 -3.723622 -2.044720 -26.492638 -13.520286 -3.032346 11.308710 -3.090068 0.583643 -20.819410 -28.758236 4.687062 -1.144200 -20.898947 10.920775 -6.472505 7.748239 -19.006029 4.626242 3.037938 -10.431005
-0.711014 -3.430630 12.103736 -11.414528 12.798211 -0.587181 6.105268 33.209362 -12.370025 -15.177992 -5.144384 -1.491679 -26.849411 -13.336394 -2.996255 9.097282 -3.108771 1.749015 -20.892572 -29.108912 2.477711 -0.525467 -21.651659 10.317629 -7.666674 6.292057 -18.424835 4.864457 1.648871 -10.297358
0.023454 -0.411892 14.316739 -11.315660 14.437015 -1.156043 5.635541 33.043491 -11.300615 -13.100410 -6.512975 -1.383812 -26.613083 -12.701364 -2.988797 8.186457 -3.418008 2.678779 -20.635248 -29.413801 0.535587 -0.369181 -22.415071 10.195024 -8.156261 5.464226 -17.570238 5.114286 0.776083 -10.191601
0.508695 0.985476 16.003429 -11.572024 15.049769 -2.052655 5.835673 32.353909 -9.985442 -11.566093 -7.571173 -1.262721 -26.507484 -11.819654 -2.884896 7.661314 -3.172000 3.578387 -20.025114 -29.159382 -0.444041 -0.578048 -23.008982 9.958278 -7.902137 5.001462 -17.148285 5.628442 0.356923 -9.553662
0.446468 1.751172 16.861893 -11.433456 15.625989 -2.973784 6.399884 31.498463 -9.243230 -10.120182 -8.535327 -1.015849 -26.228115 -11.298354 -2.814903 7.426791 -3.161628 4.144347 -19.492126 -28.670353 -1.208946 -0.635520 -23.214205 9.749174 -7.484717 4.963417 -16.890154 6.015429 -0.046402 -8.871662
0.275664 1.949381 17.357738 -11.062027 15.739658 -3.548190 6.802050 30.976566 -8.841027 -9.385952 -8.820592 -0.999177 -25.906227 -11.175528 -2.649462 7.088025 -2.903524 4.312860 -19.447840 -28.402252 -1.464040 -0.589065 -23.264866 9.682312 -7.402512 4.989767 -16.775883 6.058664 -0.237123 -8.437368
0.257999 1.709159 17.249693 -11.255322 15.514922 -3.404094 6.741171 30.898548 -8.799525 -9.620375 -8.716141 -0.947876 -26.147936 -11.184752 -2.733234 7.270229 -3.070848 4.391102 -19.271097 -28.368286 -1.458810 -0.647729 -23.362181 9.776229 -7.448750 5.058198 -16.660027 5.975093 -0.120045 -8.504454
0.679177 -0.992967 15.997928 -12.812117 13.269130 -1.253778 6.497740 31.164631 -9.170291 -12.418910 -7.107337 -0.733957 -27.548241 -12.232222 -3.139610 8.151684 -3.984207 4.656265 -18.958048 -27.757200 -0.709217 -0.642388 -23.351847 11.025209 -7.944672 5.773220 -15.890431 5.223337 0.862588 -9.153804
-0.522227 -9.934254 13.536562 -12.465857 7.190540 0.903641 10.274967 29.300385 -9.399442 -15.310648 -5.142158 -0.385824 -29.457676 -13.043655 -3.961083 10.512156 -5.053952 5.885567 -17.278883 -25.089615 1.306939 -1.843691 -23.561441 13.763551 -5.718798 8.712476 -14.701788 4.335016 2.773844 -7.136279
-1.968960 -10.800464 17.403637 -9.570029 6.994088 -0.661495 13.459908 23.790043 -8.314033 -12.580699 -4.127561 1.615282 -31.232786 -14.116354 -5.061531 9.435674 -5.579606 7.027668 -18.106440 -20.709488 0.103449 -0.733440 -22.572998 14.472208 -5.923240 8.693217 -13.074341 5.434325 2.018741 -4.946234
3.227324 -7.559677 19.842670 -11.404695 9.791278 -6.222689 9.779788 21.881695 -4.783992 -12.157447 -5.582250 6.694675 -35.477184 -15.484791 -5.483878 7.310726 -4.779274 8.012116 -15.554379 -15.086691 -1.423066 2.684336 -20.524385 15.543407 -9.054638 7.850474 -10.485322 5.846271 1.076718 -6.729476
9.248572 -12.893435 10.651238 -18.142534 11.578677 0.165094 4.019179 21.995102 -1.645348 -11.128189 -9.928761 9.007471 -36.345970 -12.070596 -5.371015 10.208921 -4.735497 9.644803 -10.520480 -11.059225 -1.400548 1.083704 -21.404657 10.889472 -6.791632 7.099293 -5.756083 13.757936 5.164448 -3.898387
13.227535 -15.761908 8.016208 -19.016157 12.118011 -2.313424 4.622761 19.319115 1.035390 -7.819904 -14.249426 8.848815 -33.994728 -10.410651 -2.658100 10.807031 -2.625996 12.152518 -7.027697 -6.761564 -0.543981 2.410389 -18.661665 9.087523 -8.269822 6.301058 -4.489447 15.467871 6.189339 -1.158242
10.829136 -13.887787 8.585258 -18.897730 13.902019 -4.064176 5.599198 14.170011 0.969212 -5.295249 -16.091263 7.271845 -30.859945 -9.426349 -0.226386 11.575256 -0.651099 13.372853 -6.120558 -4.503956 -1.230662 4.646581 -16.145102 9.481221 -12.269223 5.045989 -5.562750 12.702199 4.416044 -1.757407
10.064779 -12.408888 7.450016 -19.570543 15.369600 -4.996195 6.146843 11.273648 0.455257 -3.810086 -16.648512 6.567153 -28.847385 -8.714646 1.087968 11.648209 0.715084 13.942998 -6.521366 -3.258581 -1.526568 5.831462 -14.794225 10.118424 -13.038981 4.522759 -5.203304 12.558048 3.861800 -2.417035
9.657106 -12.811199 6.041951 -19.122976 15.400434 -5.837517 6.381773 10.362621 -0.111089 -3.740082 -17.169676 6.591094 -27.508060 -8.630420 1.968636 10.968930 1.807269 13.512092 -7.046438 -2.661775 -1.170212 6.461785 -13.801696 9.804776 -12.917703 4.412311 -4.658851 13.443489 4.094147 -1.741486
9.647110 -12.744383 5.931357 -19.012487 15.518962 -5.928145 6.348773 10.254827 -0.203569 -3.667103 -17.236641 6.603920 -27.372015 -8.539059 2.151395 10.890966 2.085348 13.363132 -7.053295 -2.614647 -1.147933 6.581878 -13.640281 9.705472 -12.862038 4.373961 -4.535508 13.639126 4.094260 -1.494566
9.455923 -12.824280 5.462404 -18.963499 15.706391 -6.064404 6.296403 10.095518 -0.453927 -3.656954 -17.237188 6.607371 -27.211655 -8.527225 2.240471 10.986298 2.160390 13.250079 -7.021635 -2.509250 -0.929279 6.765029 -13.288054 9.665488 -12.493361 4.459674 -4.384089 14.049402 4.153410 -1.158947
9.632851 -12.850998 4.558583 -19.448179 16.148720 -6.183576 5.930252 9.798079 -0.489107 -3.592771 -17.261429 6.614811 -26.928440 -8.494999 2.377946 11.064553 2.279817 13.093301 -6.992168 -2.367501 -0.593202 6.921088 -12.879035 9.136324 -12.068453 4.403660 -4.382996 14.647537 4.312136 -0.661740
10.171020 -12.665401 3.216321 -20.343309 16.584459 -6.945634 5.938893 9.458933 -0.538231 -3.254505 -17.312675 6.598530 -26.572771 -8.472796 2.622284 11.052393 2.529203 12.859071 -6.972984 -2.270841 -0.088344 7.058730 -12.306455 7.666883 -11.584105 4.207807 -4.856276 15.627625 4.459156 0.181779
10.617386 -12.694464 1.553579 -19.944857 17.076286 -7.332288 6.201851 9.240226 -1.502336 -2.916140 -17.413002 6.589716 -26.279882 -8.378042 2.788997 10.984760 2.708058 12.715977 -6.930650 -2.230672 0.077370 6.854020 -12.194418 6.055546 -11.502748 4.033090 -5.570219 16.171078 4.608723 0.882136
11.308439 -12.862528 -0.016999 -19.785709 17.505373 -6.843527 6.090802 8.855007 -2.390105 -2.741240 -17.513454 6.570237 -26.082905 -8.264143 2.896888 10.953829 2.847708 12.591443 -6.886722 -2.240412 0.023147 6.702256 -12.020188 4.368974 -11.870715 3.820201 -6.526192 16.484087 4.650787 1.397738
11.881199 -12.944682 -1.225544 -19.257753 18.049332 -6.228298 6.032947 8.468422 -3.282238 -2.380877 -17.610409 6.563924 -25.866484 -8.179955 2.995719 10.965864 2.919956 12.538081 -6.861960 -2.121826 -0.104736 6.639576 -11.859724 3.393770 -12.427518 3.569198 -7.516872 16.263775 4.503273 1.239803
11.731771 -12.959524 -1.557292 -18.334913 18.348392 -5.512028 5.972773 8.870074 -3.998096 -2.083227 -17.650082 6.545092 -25.792156 -8.171120 2.998145 10.978689 2.877432 12.572193 -6.858826 -2.084321 -0.189934 6.458781 -11.915665 2.895150 -12.901784 3.434281 -8.362718 15.821559 4.387563 1.011992
11.321200 -13.040632 -2.046855 -17.692442 18.464848 -4.938727 5.948916 9.399858 -4.633464 -2.005302 -17.657625 6.543614 -25.710783 -8.178069 3.009153 10.991825 2.852455 12.602469 -6.879266 -1.973004 -0.174232 6.272538 -11.818878 2.400935 -13.145162 3.424510 -9.165027 15.473957 4.369486 0.886644
11.166290 -13.085959 -1.994891 -17.283861 18.381647 -4.741858 6.031675 9.731087 -4.865195 -2.028902 -17.638540 6.558815 -25.718044 -8.186416 2.972285 11.023379 2.799524 12.638730 -6.891689 -1.917457 -0.190083 6.200090 -11.851398 2.390019 -13.187396 3.379826 -9.446531 15.222261 4.310164 0.716013
11.187476 -13.096407 -1.978734 -17.300812 18.379509 -4.701319 6.032430 9.802798 -4.874121 -2.066386 -17.633024 6.562043 -25.725117 -8.187874 2.965158 11.027870 2.792273 12.645868 -6.891458 -1.908559 -0.203674 6.184162 -11.874056 2.390358 -13.196243 3.368530 -9.469680 15.196355 4.303910 0.685845
11.540104 -12.925196 -1.795072 -17.656916 18.392437 -4.684544 5.858017 9.839825 -4.576345 -2.112455 -17.629627 6.561622 -25.739044 -8.190488 2.965907 11.019308 2.801557 12.645287 -6.891904 -1.914001 -0.245624 6.192957 -11.924755 2.525009 -13.219174 3.359143 -9.357095 15.191103 4.305017 0.549872
11.704205 -12.998326 -1.732012 -18.216766 18.305965 -4.466712 5.661012 9.988451 -4.228831 -2.332614 -17.595587 6.588052 -25.834091 -8.197747 2.909683 11.017849 2.762493 12.692207 -6.904929 -1.902849 -0.359580 6.177084 -12.021532 2.693858 -13.294985 3.314873 -9.328928 15.063219 4.258629 0.307888
11.673506 -13.003916 -0.905813 -18.353582 17.941004 -4.350125 5.620327 10.420948 -3.751391 -2.488836 -17.557533 6.625009 -25.944370 -8.206172 2.842119 11.018147 2.708456 12.732111 -6.925925 -1.909846 -0.421993 6.264755 -12.127017 2.981400 -13.321339 3.257633 -8.997774 15.121101 4.241888 0.122311
11.446722 -13.233854 -0.216697 -18.654535 17.619946 -4.068974 5.571127 10.980363 -3.270531 -2.835131 -17.501829 6.647157 -26.027010 -8.245079 2.760844 11.019390 2.620345 12.807015 -6.983500 -1.887213 -0.592597 6.234165 -12.445285 3.384144 -13.426538 3.106189 -8.763678 14.934208 4.182319 -0.355516
11.023897 -13.576363 0.305836 -19.106262 16.782227 -3.699404 5.623182 11.583126 -2.791162 -3.455804 -17.310200 6.666101 -26.507389 -8.348370 2.492147 11.054472 2.302913 13.131230 -7.019105 -1.941512 -0.572259 6.351987 -12.398779 3.763648 -13.454513 3.068845 -8.662760 14.745961 4.105149 -0.714228
10.984468 -13.718729 1.133807 -19.599463 16.618168 -2.981357 5.516510 12.535203 -2.489513 -3.850772 -17.079399 6.664002 -27.318649 -8.459729 2.018296 11.244341 1.758133 13.590183 -7.022365 -2.201651 -0.459294 6.079804 -12.625821 4.006474 -13.251889 3.209459 -9.061891 14.397626 4.113611 -1.187431
6.345529 2.189933 8.014564 -22.766426 6.363369 -4.951425 19.104080 8.415760 -14.278304 -13.408731 -11.961454 2.091583 -24.181303 -13.749828 -3.612405 3.282654 3.995158 9.994830 -19.740263 -5.898845 2.844833 5.625613 -12.731941 13.407906 -8.793207 4.308887 -10.905245 10.134063 -0.334642 0.572262
5.988336 1.933731 8.723450 -21.894463 5.967125 -3.932322 19.076931 9.882974 -14.486723 -13.682489 -10.870355 1.935030 -24.723835 -14.632991 -4.283079 4.271463 2.989197 9.147566 -20.051981 -6.835221 3.541684 4.986497 -12.871906 13.394843 -8.112379 4.902324 -11.821552 9.862785 0.058235 -0.225297
6.152354 2.039325 8.895895 -20.516169 5.999601 -3.596755 18.954689 11.062462 -14.996943 -13.662911 -9.433441 1.646692 -24.930138 -15.441674 -4.705298 5.475765 2.151550 8.339858 -19.994366 -7.299408 4.287701 4.536726 -12.726524 13.234615 -7.493038 5.372800 -12.947448 9.631122 0.318442 -0.969761
6.765092 -4.597545 8.044839 -13.393560 8.396520 -8.373478 14.842717 14.819995 -12.965247 -11.461628 -8.885168 0.627924 -22.737730 -10.083728 0.717687 9.031172 2.275232 7.919855 -18.646963 -11.741790 7.142454 5.995857 -13.886743 11.488571 -5.566201 2.901745 -13.704346 10.604206 1.038088 -1.609335
7.175469 -3.873268 7.088138 -12.080464 9.860799 -8.761909 14.542717 15.621244 -14.146546 -10.996706 -8.406034 0.026268 -21.645159 -10.510217 0.969514 9.040815 2.561765 6.968721 -19.370268 -12.911119 7.890110 6.698975 -12.934459 10.898225 -5.539004 2.430534 -15.469068 10.203634 0.215667 -2.067796
5.810490 -3.502072 5.612039 -11.252472 10.964705 -9.237331 14.469881 14.920777 -15.143559 -10.218230 -9.328300 -0.402337 -20.099022 -9.995023 2.016173 7.743341 3.887814 6.501185 -20.445196 -13.532848 8.290443 7.403144 -12.020449 10.173412 -5.770534 1.798014 -16.450413 10.183767 -0.444730 -2.183155
4.192974 -3.670642 4.792074 -11.077685 11.240041 -9.584038 14.871199 13.687069 -15.872705 -10.021251 -10.511003 -0.323508 -18.924305 -9.399747 2.716461 6.916952 5.178105 6.180712 -20.916479 -13.139524 8.575578 8.142085 -11.224235 9.367948 -6.190243 1.029232 -17.145035 10.089745 -1.122794 -1.820261
1.506848 -4.896922 4.584528 -10.832560 10.677943 -9.778822 15.967922 11.519512 -16.480680 -10.272343 -11.707851 -0.166204 -17.361454 -8.767727 3.414435 6.905411 6.473418 5.391036 -21.041370 -12.247248 8.446301 8.763612 -10.682149 8.798862 -6.875601 0.413770 -17.128738 10.000818 -1.553904 -0.904560
-0.568004 -6.053545 4.479707 -10.594788 10.276746 -9.919729 17.033745 9.481612 -17.021511 -10.471166 -12.809598 0.018128 -15.988880 -8.080418 4.195693 6.837720 7.649909 4.882439 -21.077517 -11.414412 8.627472 9.155096 -9.860464 7.807498 -7.437202 0.401970 -17.488617 9.942184 -1.586215 0.506926
-1.880766 -6.176629 3.451016 -10.509762 10.612298 -10.061343 17.459892 7.888550 -17.754890 -10.100309 -13.295584 0.172053 -14.702245 -7.904452 4.838005 6.873176 8.677277 4.021237 -21.426191 -10.665242 8.831108 9.553386 -8.934281 6.974102 -7.967285 0.473822 -17.676893 9.926585 -1.526793 2.186627
-2.991435 -6.074350 2.050715 -10.150352 11.308522 -10.183307 17.649321 6.770621 -18.703884 -9.582348 -13.564329 0.223381 -13.132525 -7.846913 5.629432 6.764419 9.958894 2.681781 -21.823530 -10.080420 9.076719 9.797414 -8.276693 6.384352 -8.282390 0.559629 -17.909206 9.907969 -1.461145 3.291816
-3.472914 -5.773591 0.962691 -9.872128 11.869084 -10.244986 17.588066 6.410704 -19.457750 -9.252365 -13.714767 0.248217 -12.172090 -7.818915 6.144750 6.663424 10.792705 1.890709 -22.013201 -9.712818 9.208805 9.955094 -7.893555 6.176635 -8.433441 0.618177 -17.996363 9.900850 -1.441213 3.879093
-3.458567 -5.641796 0.583489 -9.846064 12.049613 -10.308607 17.530882 6.249318 -19.619385 -9.083796 -13.730631 0.263660 -11.827140 -7.824718 6.329473 6.659553 11.108778 1.569324 -22.108274 -9.594856 9.313721 10.088822 -7.622306 5.988214 -8.559380 0.667066 -18.053652 9.916039 -1.410743 4.297043
