0.669487 -21.262438 5.217501 -4.691687 23.258755 -5.148285 9.266445 10.642584 4.549877 -3.505858 -14.019575 1.902830 -18.589165 -6.765447 4.077816 6.107066 8.442674 8.937791 -18.450323 -6.339068 5.163508 10.454797 -11.371559 10.929839 -9.417443 -0.080290 -9.943332 11.725929 -1.271274 5.096964
0.775857 -21.129257 5.414510 -5.015036 23.278776 -5.292379 9.095724 10.571046 4.871919 -3.527680 -13.950445 2.050904 -18.983971 -6.738326 3.877389 6.176620 8.212337 9.328320 -18.268709 -6.019649 4.903632 10.313880 -11.691856 11.095997 -9.410444 -0.029414 -9.520921 11.856822 -1.139672 5.121050
0.993832 -20.932821 5.771543 -5.659850 23.294977 -5.651125 8.829267 10.383890 5.525321 -3.541319 -13.861423 2.392453 -19.807678 -6.603236 3.500082 6.309902 7.733616 10.152580 -17.881460 -5.368220 4.464161 10.158688 -12.153090 11.351398 -9.431037 0.027340 -8.800296 12.079279 -0.963123 5.324546
1.097978 -20.684076 6.383349 -6.380930 23.265816 -5.941510 8.642520 10.613041 6.170923 -3.696746 -13.743643 2.655304 -20.695435 -6.592816 2.933396 6.429137 6.918504 11.167745 -17.582983 -4.831002 3.949625 9.754695 -12.894197 11.607603 -9.311882 0.237647 -7.954830 12.357243 -0.604800 5.239339
1.065426 -20.517298 7.131102 -7.020649 23.061777 -6.029992 8.640141 11.039911 6.808378 -3.897002 -13.842722 2.777607 -21.575676 -6.524558 2.371911 6.315606 5.985477 12.240321 -17.322149 -4.835610 3.640172 9.293202 -13.587301 11.762839 -9.112144 0.507448 -7.331312 12.559061 -0.190008 5.030647
1.019132 -20.232815 7.648726 -7.561973 22.905247 -6.093215 8.447829 11.441833 7.375262 -4.103645 -13.978062 2.761703 -22.309860 -6.410650 2.070888 6.013885 5.372766 13.294446 -17.074999 -4.989468 3.483277 8.870849 -14.219854 12.004025 -8.925715 0.755819 -6.937362 12.588068 0.158296 4.525261
1.436118 -20.074108 7.937327 -8.045982 22.633717 -5.919675 8.117885 11.757275 7.866981 -4.397592 -14.035542 2.716581 -23.182419 -6.306547 1.809079 5.678891 4.870273 14.099753 -16.846102 -5.548449 3.349591 8.423810 -14.909021 12.494846 -8.847218 0.995232 -6.623133 12.358975 0.500187 3.629302
2.055712 -20.234776 8.177692 -8.244085 22.151306 -5.499800 8.032637 11.975857 8.154164 -4.708406 -13.966790 2.663102 -24.124870 -6.270254 1.410454 5.616110 4.209682 14.832108 -16.546211 -6.159369 3.254544 8.156890 -15.289995 13.021112 -8.924500 1.124146 -6.576501 12.010206 0.634293 2.656255
2.457479 -20.336725 8.561578 -8.357290 21.807297 -5.172315 8.078066 12.188832 8.322726 -4.946128 -13.881892 2.609765 -24.664801 -6.255839 1.251128 5.645191 3.937922 15.113926 -16.344061 -6.555676 3.096795 7.973328 -15.582067 13.353129 -9.032594 1.255023 -6.436680 11.803118 0.742703 2.120052
2.569521 -20.404173 8.816876 -8.394126 21.650871 -5.044625 8.122466 12.293997 8.415187 -5.069773 -13.791608 2.606553 -24.919559 -6.287332 1.086633 5.705444 3.722960 15.251325 -16.284891 -6.665966 3.076937 7.871637 -15.705373 13.502503 -9.076219 1.315231 -6.476431 11.658840 0.782482 1.794908
2.614982 -20.418463 9.021049 -8.413014 21.529125 -4.958324 8.158559 12.391798 8.464133 -5.175385 -13.707644 2.590201 -25.028370 -6.342393 0.953782 5.843620 3.483482 15.287881 -16.272961 -6.770674 3.060776 7.774153 -15.839198 13.595376 -9.108495 1.361139 -6.468459 11.566231 0.834466 1.593503
2.708515 -20.385555 10.500367 -8.499087 20.749849 -4.390540 8.377960 13.213946 8.822100 -5.732543 -13.215587 2.602006 -26.137718 -6.524076 0.310968 6.157634 2.726595 15.287620 -15.961400 -7.707119 2.901853 7.311380 -16.535765 13.786998 -9.476099 1.544795 -6.296556 11.167219 1.202942 0.815560
3.152114 -20.798326 12.892430 -8.113073 19.145859 -3.335640 8.746374 14.941679 9.267627 -6.861999 -12.040830 3.648915 -28.033575 -7.560767 -1.624838 7.631623 0.368785 14.151568 -15.694468 -8.393010 2.411291 5.332272 -19.128349 13.307753 -9.703845 2.209655 -5.287248 11.070375 2.786955 0.263377
4.141418 -20.246504 12.691922 -9.462645 18.316944 -0.881718 7.617085 18.448341 9.063938 -8.484228 -10.547107 3.910957 -29.287014 -8.799275 -3.606132 9.018283 -2.316075 13.309266 -15.995114 -9.881414 3.143899 2.754577 -21.026482 13.258719 -8.333000 4.032023 -3.986321 12.145959 5.722818 -0.448539
0.753342 -13.250187 17.568422 -9.338343 18.109856 6.043636 7.931463 21.062061 4.806310 -10.792089 -10.394775 0.391413 -30.762268 -4.146963 -3.983763 15.899493 -2.917180 12.338785 -11.757505 -17.427683 6.780753 2.884051 -17.274874 12.310409 -10.459394 5.148771 -4.317852 13.030563 10.141253 -7.991299
0.829583 -10.465725 19.670998 -8.284214 15.094739 6.147748 9.273633 25.081684 1.646805 -15.198311 -9.673083 -0.928767 -30.540667 -7.028001 -2.787136 16.532570 -4.585655 9.612528 -11.164469 -23.106075 7.309403 1.325732 -15.453070 9.181289 -11.966798 6.259338 -6.651073 13.870705 12.523160 -12.715479
3.899868 -13.767800 15.282086 -4.243660 13.076667 8.259628 10.799619 26.857624 -2.628945 -16.919100 -10.197092 0.116138 -27.699570 -9.986075 -4.115266 18.482906 -9.611188 5.303065 -12.351476 -25.132465 4.677091 -3.067962 -19.103260 7.499682 -6.593596 8.861740 -8.257731 15.477693 12.892721 -12.412434
7.303048 -14.565332 11.563594 -3.490039 13.462854 7.955341 8.884167 30.823795 -4.243433 -18.797592 -11.449441 0.829715 -25.292749 -12.654872 -4.084055 15.314254 -11.888926 3.608975 -15.048870 -27.932186 1.803528 -4.820401 -23.263206 8.071500 -5.650983 9.614568 -11.567956 11.288889 9.342445 -10.030844
10.129570 -9.347358 12.295307 -2.472710 15.494336 6.758976 8.220994 31.293167 -6.133993 -18.338461 -12.403054 -0.528317 -23.137203 -14.416476 -3.168065 13.081518 -12.321553 3.737673 -16.206205 -30.514729 -0.689520 -3.909319 -24.838350 6.996734 -7.409972 7.440351 -14.833158 8.103615 4.530015 -7.273445
11.175909 -7.635454 12.694389 -0.954415 16.334700 5.290368 8.753548 30.494869 -6.097284 -16.592684 -12.980749 -1.477357 -21.835983 -14.823573 -2.931540 11.857621 -11.945420 4.311461 -16.788298 -31.204075 -2.610829 -3.460654 -25.148003 6.129673 -8.416736 6.547409 -15.735967 7.452381 2.650301 -6.367084
11.180794 -7.549164 12.730186 -0.720486 16.445791 5.148762 8.895679 30.309505 -6.111765 -16.399572 -12.960300 -1.610877 -21.668461 -14.989571 -2.862027 11.587780 -11.833879 4.268765 -16.985510 -31.266859 -2.749106 -3.401819 -25.081049 6.037470 -8.484023 6.476733 -15.831223 7.457126 2.516473 -6.286343
11.234392 -7.613856 12.743741 -0.981054 16.307001 5.652367 8.625179 31.005909 -6.318336 -16.986568 -12.796215 -1.558587 -21.898659 -15.031024 -2.931583 12.031917 -11.948607 3.957314 -16.933435 -31.454685 -2.469304 -3.456075 -25.041157 6.108934 -8.413851 6.556852 -15.948920 7.425337 2.634879 -6.480731
10.689508 -8.154303 12.315824 -1.025835 15.942752 6.021189 8.429374 31.745018 -6.974530 -18.089478 -12.207104 -1.509281 -22.106564 -15.360531 -2.846289 12.320169 -11.805999 3.170070 -17.230043 -31.656773 -1.847612 -3.604153 -25.060499 6.303966 -8.229861 6.757575 -16.117088 7.325253 2.952200 -6.801484
9.823735 -9.246468 11.610319 -0.537762 15.647817 6.638875 8.354373 32.138943 -7.859538 -19.061563 -11.530127 -1.322579 -22.162682 -15.957530 -2.921945 13.146192 -12.075756 1.752793 -17.554068 -31.932238 -1.030772 -3.692570 -24.730261 6.454663 -7.987278 7.165497 -16.465229 7.198198 3.365482 -7.271387
8.264435 -11.315657 10.870977 0.280245 14.563880 7.078163 9.081025 31.889374 -8.797832 -20.169691 -10.452559 -1.154168 -22.329727 -16.509239 -2.917000 14.301249 -11.895304 0.358601 -17.481836 -31.451454 0.043387 -3.967755 -24.250996 6.538296 -7.422345 7.963717 -17.168339 7.168808 3.958171 -7.684188
6.148866 -13.815208 10.061580 1.497436 13.124957 7.153076 10.264455 31.570063 -9.765379 -21.045971 -9.295096 -1.079151 -22.191853 -16.760822 -3.312421 16.194267 -12.305735 -1.292171 -17.497791 -31.417294 1.185205 -4.452076 -23.759434 6.632364 -6.154264 8.971074 -17.684582 7.578578 4.790266 -7.703314
4.045578 -15.510930 9.994344 2.666023 11.485333 7.014473 11.952991 31.219688 -10.864667 -21.663069 -8.540225 -1.171863 -21.726746 -16.513229 -3.815066 18.367710 -12.537040 -2.661705 -17.458849 -31.155552 2.184689 -4.933864 -23.494772 6.820426 -5.078603 9.875022 -18.134834 7.755037 5.499146 -7.604232
2.182723 -17.198271 10.012537 3.689247 10.329414 8.004042 13.613706 30.801109 -11.881649 -21.925947 -8.045547 -1.176172 -21.684132 -16.327190 -4.213387 20.019768 -12.468909 -3.491128 -16.833021 -30.558998 2.860225 -5.358521 -23.382998 6.898737 -4.013392 10.521604 -18.532310 7.964793 5.901663 -7.052740
1.244401 -18.127546 10.309342 4.385899 9.636982 8.709632 14.736310 30.274714 -12.424572 -22.028259 -7.943301 -1.324965 -21.290554 -16.099630 -4.370148 21.827877 -12.638606 -4.234267 -16.034807 -30.125210 2.982350 -5.655418 -23.463461 6.784208 -3.452160 10.793788 -18.633821 8.189135 6.057929 -6.510133
0.826246 -18.420149 10.716552 4.929358 9.377639 9.103769 15.351402 29.771124 -12.754842 -22.074945 -7.967563 -1.511981 -21.069384 -15.927922 -4.209396 22.441919 -12.496825 -4.296295 -15.791177 -29.977663 2.981186 -5.654996 -23.309956 6.761529 -3.194200 10.952521 -18.611061 8.393272 6.057341 -6.099007
0.800871 -18.393312 10.762431 4.960780 9.352757 9.070089 15.410197 29.688091 -12.791827 -22.095148 -7.991743 -1.598151 -20.998228 -15.883004 -4.109127 22.510872 -12.401658 -4.275400 -15.728619 -29.979992 2.974104 -5.646124 -23.293331 6.763687 -3.177887 10.960080 -18.609291 8.417395 6.040822 -6.044741
0.801812 -18.392920 10.763071 4.961445 9.352704 9.070345 15.410445 29.688267 -12.791886 -22.094971 -7.991743 -1.598151 -20.998228 -15.883004 -4.109127 22.510872 -12.401658 -4.275400 -15.728619 -29.979992 2.974104 -5.646124 -23.293331 6.763687 -3.177887 10.960080 -18.609291 8.417395 6.040822 -6.044741
0.800871 -18.393312 10.762431 4.960780 9.352757 9.070089 15.410197 29.688091 -12.791827 -22.095148 -7.991743 -1.598151 -20.998228 -15.883004 -4.109127 22.510872 -12.401658 -4.275400 -15.728619 -29.979992 2.974104 -5.646124 -23.293331 6.763687 -3.177887 10.960080 -18.609291 8.417395 6.040822 -6.044741
0.798672 -18.400976 10.748428 4.955306 9.361910 9.079073 15.402362 29.691940 -12.790978 -22.099430 -7.989020 -1.592789 -20.994116 -15.884622 -4.109116 22.497055 -12.405532 -4.270377 -15.744723 -29.987734 2.987097 -5.654781 -23.296419 6.746843 -3.173974 10.949981 -18.609177 8.434439 6.055536 -6.064925
0.802885 -18.401396 10.755251 4.960752 9.357632 9.070368 15.398010 29.697596 -12.787196 -22.092943 -7.990225 -1.595215 -21.000397 -15.877942 -4.109581 22.503630 -12.401150 -4.265460 -15.733651 -29.983526 2.988814 -5.649843 -23.293461 6.759714 -3.174412 10.957128 -18.609108 8.420797 6.046764 -6.054654
0.796659 -18.398355 10.757674 4.958954 9.358263 9.076383 15.404066 29.693510 -12.790405 -22.101131 -7.989512 -1.591949 -20.994156 -15.879717 -4.101417 22.500568 -12.409161 -4.270009 -15.742295 -29.988415 2.989267 -5.650795 -23.292616 6.759253 -3.175170 10.956174 -18.607609 8.422044 6.047217 -6.057014
0.796563 -18.398560 10.759107 4.959110 9.358405 9.076179 15.403314 29.692823 -12.788724 -22.101606 -7.991814 -1.575082 -20.997730 -15.872240 -4.096315 22.498280 -12.408576 -4.275586 -15.742118 -29.998325 2.989468 -5.649995 -23.292978 6.759189 -3.175058 10.956184 -18.607430 8.421679 6.047118 -6.057548
-10.314290 -23.187693 9.453927 0.722608 13.832471 2.826079 12.152801 30.271601 -4.654272 -14.936480 -2.404519 -4.014002 -25.059893 -15.001864 -7.660733 16.487152 -1.819304 -2.842287 -20.419626 -25.397675 6.388544 -4.754702 -19.841539 11.695216 -2.678081 10.040815 -20.562099 5.522835 3.453522 -5.473970
-10.314290 -23.187693 9.453927 0.722608 13.832471 2.826079 12.152801 30.271601 -4.654272 -14.936480 -2.404519 -4.014002 -25.059893 -15.001864 -7.660733 16.487152 -1.819304 -2.842287 -20.419626 -25.397675 6.388544 -4.754702 -19.841539 11.695216 -2.678081 10.040815 -20.562099 5.522835 3.453522 -5.473970
-10.314290 -23.187693 9.453927 0.722608 13.832471 2.826079 12.152801 30.271601 -4.654272 -14.936480 -2.404519 -4.014002 -25.059893 -15.001864 -7.660733 16.487152 -1.819304 -2.842287 -20.419626 -25.397675 6.388544 -4.754702 -19.841539 11.695216 -2.678081 10.040815 -20.562099 5.522835 3.453522 -5.473970
-10.854805 -21.731371 11.565280 1.412350 14.082713 2.976800 12.386484 29.244112 -4.257658 -16.437908 -2.308334 -2.034019 -24.837046 -12.125882 -3.771682 16.274696 -2.491146 -2.906362 -20.766052 -27.142578 6.341398 -3.081713 -21.423906 10.959671 -1.773085 9.791014 -20.214375 5.473678 3.442789 -6.094762
-10.748470 -21.652727 11.511384 1.502473 14.169354 2.819431 12.476814 29.254646 -4.271624 -16.525164 -2.280841 -1.965446 -24.906176 -12.118394 -3.923759 16.210388 -2.277533 -2.894528 -20.835417 -27.310291 6.440583 -2.903376 -21.473269 11.141896 -1.913345 9.813426 -20.215855 5.185617 3.369293 -6.130708
-10.729784 -21.670382 11.499675 1.519634 14.160251 2.805127 12.468438 29.254826 -4.279891 -16.536518 -2.243840 -1.960440 -24.925957 -12.101271 -3.862021 16.190521 -2.250998 -2.899995 -20.839808 -27.286243 6.440484 -2.915312 -21.470919 11.147249 -1.913540 9.813441 -20.220413 5.187657 3.370922 -6.128201
-10.729128 -21.669315 11.500287 1.519547 14.160359 2.804804 12.468245 29.253815 -4.279389 -16.535730 -2.243713 -1.960433 -24.925724 -12.101307 -3.861930 16.189999 -2.250694 -2.899850 -20.840525 -27.286140 6.438892 -2.914658 -21.470957 11.146403 -1.914472 9.812849 -20.220234 5.187184 3.369598 -6.126111
-10.729082 -21.664705 11.478391 1.505502 14.160981 2.798044 12.485983 29.258974 -4.288628 -16.506163 -2.254452 -2.004274 -24.911743 -12.137761 -3.930286 16.202330 -2.234591 -2.878972 -20.833460 -27.274250 6.448328 -2.915705 -21.457731 11.143870 -1.920129 9.824923 -20.224524 5.177087 3.377398 -6.101003
-10.746859 -21.654240 11.488667 1.496401 14.164978 2.808526 12.493181 29.257030 -4.285173 -16.499342 -2.271455 -2.005401 -24.902626 -12.141857 -3.957812 16.212517 -2.254794 -2.875422 -20.832853 -27.286592 6.434424 -2.918386 -21.461468 11.146199 -1.919724 9.808625 -20.223000 5.191235 3.366036 -6.121565
-10.746859 -21.654240 11.488667 1.496401 14.164978 2.808526 12.493181 29.257030 -4.285173 -16.499342 -2.271455 -2.005401 -24.902626 -12.141857 -3.957812 16.212517 -2.254794 -2.875422 -20.832853 -27.286592 6.434424 -2.918386 -21.461468 11.146199 -1.919724 9.808625 -20.223000 5.191235 3.366036 -6.121565
-10.740178 -21.655348 11.479599 1.493243 14.165899 2.804425 12.494661 29.260227 -4.286993 -16.494787 -2.257166 -2.009838 -24.909580 -12.141311 -3.939460 16.206030 -2.238639 -2.876562 -20.832970 -27.269354 6.443460 -2.917995 -21.457016 11.149190 -1.921212 9.820392 -20.221777 5.181178 3.373420 -6.109912
-10.740178 -21.655348 11.479599 1.493243 14.165899 2.804425 12.494661 29.260227 -4.286993 -16.494787 -2.256941 -2.009853 -24.909632 -12.141289 -3.939274 16.205797 -2.238101 -2.876706 -20.832994 -27.269287 6.443277 -2.918411 -21.456905 11.149391 -1.921026 9.820447 -20.222057 5.181364 3.373557 -6.109971
-10.728334 -21.661612 11.481372 1.503669 14.163950 2.796427 12.483813 29.257927 -4.284501 -16.508081 -2.254268 -2.007513 -24.911377 -12.139009 -3.933163 16.202707 -2.233251 -2.877966 -20.832872 -27.270393 6.446444 -2.910082 -21.459335 11.139756 -1.918535 9.821239 -20.221941 5.179651 3.374104 -6.103110
