0.669487 -21.262438 5.217501 -4.691687 23.258755 -5.148285 9.266445 10.642584 4.549877 -3.505858 -14.453944 0.051339 -22.143402 -16.964878 13.614807 7.846764 -0.616159 -2.037630 -7.379385 7.269248 2.778247 -6.641570 -2.276926 7.303040 -19.283230 5.709679 -3.969538 18.785448 5.240444 1.811341
0.775857 -21.129257 5.414510 -5.015036 23.278776 -5.292379 9.095724 10.571046 4.871919 -3.527680 -14.472907 0.211208 -22.533539 -16.910707 13.453740 7.920271 -0.823727 -1.655936 -7.141026 7.523718 2.641524 -6.772679 -2.576382 7.420935 -19.204662 5.737310 -3.622764 18.902637 5.361253 1.856847
0.993832 -20.932821 5.771543 -5.659850 23.294977 -5.651125 8.829267 10.383890 5.525321 -3.541319 -14.438732 0.475449 -23.263237 -16.816439 13.143176 8.096611 -1.275677 -0.948926 -6.768839 7.981285 2.447011 -6.920056 -3.000732 7.582786 -19.099802 5.745212 -3.035895 19.106804 5.527187 2.084720
1.097978 -20.684076 6.383349 -6.380930 23.265816 -5.941510 8.642520 10.613041 6.170923 -3.696746 -14.318602 0.729287 -24.155136 -16.827723 12.643129 8.239258 -2.108082 -0.075877 -6.450315 8.307044 2.271696 -7.198666 -3.621166 7.903100 -18.855642 5.805431 -2.340177 19.320438 5.765719 2.183725
1.065426 -20.517298 7.131102 -7.020649 23.061777 -6.029992 8.640141 11.039911 6.808378 -3.897002 -14.362288 0.828066 -25.034557 -16.817896 12.095276 8.074762 -2.955128 0.815687 -6.282043 8.177894 2.210449 -7.505708 -4.184712 8.295810 -18.509729 5.838592 -1.876853 19.423754 5.903734 2.091843
1.019132 -20.232815 7.648726 -7.561973 22.905247 -6.093215 8.447829 11.441833 7.375262 -4.103645 -14.555540 0.854390 -25.735434 -16.668558 11.791657 7.810663 -3.567565 1.734762 -6.062517 8.018205 2.159713 -7.790319 -4.696156 8.808793 -18.192160 5.900396 -1.727181 19.316124 5.908753 1.675215
1.436118 -20.074108 7.937327 -8.045982 22.633717 -5.919675 8.117885 11.757275 7.866981 -4.397592 -14.586624 0.775995 -26.528717 -16.430540 11.442325 7.585210 -3.995760 2.425710 -5.902578 7.521564 1.901379 -8.063853 -5.338181 9.525910 -18.091106 5.937708 -1.697925 18.912746 5.772172 0.823302
2.055712 -20.234776 8.177692 -8.244085 22.151306 -5.499800 8.032637 11.975857 8.154164 -4.708406 -14.427204 0.636239 -27.351921 -16.268204 10.990600 7.574331 -4.487217 3.005177 -5.690497 6.922747 1.593452 -8.236364 -5.867126 10.270498 -18.198584 5.897695 -1.814980 18.323120 5.491645 -0.074228
2.457479 -20.336725 8.561578 -8.357290 21.807297 -5.172315 8.078066 12.188832 8.322726 -4.946128 -14.300320 0.529572 -27.826694 -16.169889 10.756881 7.537292 -4.618674 3.248247 -5.564120 6.533433 1.357566 -8.381518 -6.289263 10.727819 -18.237354 5.902552 -1.811046 17.976437 5.348445 -0.526227
2.569521 -20.404173 8.816876 -8.394126 21.650871 -5.044625 8.122466 12.293997 8.415187 -5.069773 -14.217857 0.527309 -28.107159 -16.155273 10.557006 7.552484 -4.819001 3.407649 -5.514976 6.407019 1.276057 -8.460716 -6.491567 10.963412 -18.257580 5.900725 -1.904236 17.736818 5.256224 -0.832679
2.614982 -20.418463 9.021049 -8.413014 21.529125 -4.958324 8.158559 12.391798 8.464133 -5.175385 -14.117353 0.529443 -28.233305 -16.239590 10.397279 7.645627 -5.033804 3.444775 -5.517927 6.349777 1.228169 -8.543578 -6.662704 11.110101 -18.261566 5.917966 -1.949343 17.583817 5.227295 -1.042704
2.708515 -20.385555 10.500367 -8.499087 20.749849 -4.390540 8.377960 13.213946 8.822100 -5.732543 -13.473221 0.632251 -29.536379 -16.393661 9.612255 7.665690 -5.579048 3.569299 -5.309480 5.584177 0.965609 -8.941614 -7.490473 11.610742 -18.266727 5.947856 -2.244668 16.854235 5.023677 -1.728938
3.152114 -20.798326 12.892430 -8.113073 19.145859 -3.335640 8.746374 14.941679 9.267627 -6.861999 -12.032599 1.648550 -31.961559 -17.168491 7.524475 8.571057 -7.233664 2.926550 -5.198405 5.040599 0.812351 -10.465570 -9.560008 11.684068 -17.390781 6.577020 -2.302448 16.451454 5.630735 -2.002503
4.141418 -20.246504 12.691922 -9.462645 18.316944 -0.881718 7.617085 18.448341 9.063938 -8.484228 -9.635763 2.961660 -34.610878 -19.718439 4.954914 8.596327 -10.009521 2.102409 -6.132372 4.058178 0.168920 -12.939541 -12.568624 11.884394 -14.847891 7.971585 -1.477028 17.228910 6.762862 -1.323828
0.753342 -13.250187 17.568422 -9.338343 18.109856 6.043636 7.931463 21.062061 4.806310 -10.792089 -5.445170 3.001742 -38.021751 -22.204865 2.682087 3.263834 -10.272338 2.904361 -10.846824 1.894188 -2.516230 -15.858482 -17.489019 14.259522 -12.965703 8.727565 -5.054244 13.162947 3.300959 -0.762530
0.829583 -10.465725 19.670998 -8.284214 15.094739 6.147748 9.273633 25.081684 1.646805 -15.198311 1.012881 -2.178503 -40.022278 -22.498125 3.903916 0.595002 -6.441240 4.217170 -14.207551 -4.167296 -3.460439 -15.995162 -19.704411 16.963430 -13.690478 8.024787 -8.803371 8.223599 -0.488096 -2.993582
3.899868 -13.767800 15.282086 -4.243660 13.076667 8.259628 10.799619 26.857624 -2.628945 -16.919100 3.792760 -7.171764 -37.013054 -20.597656 1.772324 6.478077 -10.152210 2.648558 -15.459748 -10.915058 -2.096280 -16.534945 -20.196459 16.899599 -10.452024 6.816226 -10.980521 9.023677 -1.252620 -4.870457
7.303048 -14.565332 11.563594 -3.490039 13.462854 7.955341 8.884167 30.823795 -4.243433 -18.797592 1.892371 -8.189895 -35.981911 -16.240036 1.562858 9.758242 -8.024458 -0.724279 -13.967246 -15.325324 -0.412036 -16.140045 -19.224451 15.268571 -9.382459 5.307804 -13.260528 9.418461 -1.909964 -8.194986
10.129570 -9.347358 12.295307 -2.472710 15.494336 6.758976 8.220994 31.293167 -6.133993 -18.338461 -0.616108 -9.866682 -34.595631 -12.607408 3.355480 8.953985 -4.748107 -1.217927 -14.410550 -19.862942 0.054680 -14.894553 -17.636499 13.058958 -9.735848 2.825580 -14.662021 10.926479 -3.065193 -9.600096
11.175909 -7.635454 12.694389 -0.954415 16.334700 5.290368 8.753548 30.494869 -6.097284 -16.592684 -1.850199 -11.455254 -32.713234 -11.169644 3.860647 8.125766 -3.882458 -0.464160 -15.455397 -21.393539 -0.077473 -14.502128 -16.453810 11.831351 -9.635484 1.922293 -15.171807 12.069063 -3.406771 -9.967001
11.180794 -7.549164 12.730186 -0.720486 16.445791 5.148762 8.895679 30.309505 -6.111765 -16.399572 -1.857874 -11.724624 -32.494644 -11.149007 3.955287 7.857360 -3.669424 -0.380811 -15.700592 -21.500969 -0.070351 -14.482615 -16.328873 11.711780 -9.580629 1.895730 -15.271337 12.181847 -3.411428 -10.004768
11.234392 -7.613856 12.743741 -0.981054 16.307001 5.652367 8.625179 31.005909 -6.318336 -16.986568 -1.717244 -11.657651 -32.735100 -11.259795 3.896493 8.239222 -3.850607 -0.639857 -15.665829 -21.642168 0.231193 -14.568646 -16.337234 11.800184 -9.451619 2.012172 -15.440448 12.138292 -3.278863 -10.202676
10.689508 -8.154303 12.315824 -1.025835 15.942752 6.021189 8.429374 31.745018 -6.974530 -18.089478 -1.224153 -11.585187 -33.041321 -11.635579 3.989311 8.443762 -3.765286 -1.318360 -15.913352 -21.807625 0.865377 -14.772931 -16.423422 12.034429 -9.213841 2.285825 -15.680544 11.999552 -2.933679 -10.568089
9.823735 -9.246468 11.610319 -0.537762 15.647817 6.638875 8.354373 32.138943 -7.859538 -19.061563 -0.808004 -11.328524 -33.096603 -12.105863 3.857417 9.312867 -4.284165 -2.565801 -16.264236 -22.039610 1.659472 -14.907521 -16.219379 12.089208 -9.034888 2.778101 -16.043114 11.826147 -2.443739 -10.929436
8.264435 -11.315657 10.870977 0.280245 14.563880 7.078163 9.081025 31.889374 -8.797832 -20.169691 0.115960 -11.129447 -33.166855 -12.606822 3.845326 10.529329 -4.327691 -3.945153 -16.317936 -21.597435 2.759267 -15.265344 -15.861230 12.131836 -8.487672 3.637040 -16.654232 11.719458 -1.776089 -11.197014
6.148866 -13.815208 10.061580 1.497436 13.124957 7.153076 10.264455 31.570063 -9.765379 -21.045971 1.233814 -11.051851 -32.853638 -12.904962 3.509861 12.472047 -4.800265 -5.658445 -16.376078 -21.410894 3.721338 -15.875005 -15.528094 12.236901 -7.356815 4.738043 -17.029583 11.968256 -0.958366 -11.120033
4.045578 -15.510930 9.994344 2.666023 11.485333 7.014473 11.952991 31.219688 -10.864667 -21.663069 2.137638 -11.163178 -32.304405 -12.722390 3.141856 14.510348 -4.807681 -7.070568 -16.381739 -20.960018 4.592794 -16.546438 -15.440142 12.474976 -6.283770 5.838663 -17.354294 11.994640 -0.259687 -10.942657
2.182723 -17.198271 10.012537 3.689247 10.329414 8.004042 13.613706 30.801109 -11.881649 -21.925947 2.912266 -11.280529 -32.212040 -12.683793 2.857970 16.029730 -4.553701 -7.869688 -15.720499 -20.426796 5.095173 -16.991697 -15.392992 12.665734 -5.246100 6.617901 -17.655809 12.016038 -0.018189 -10.165407
1.244401 -18.127546 10.309342 4.385899 9.636982 8.709632 14.736310 30.274714 -12.424572 -22.028259 3.212825 -11.543682 -31.701160 -12.498342 2.817053 17.743038 -4.548393 -8.544112 -14.928285 -20.083536 5.205300 -17.239485 -15.485189 12.670955 -4.692060 6.923122 -17.849276 12.041803 -0.061638 -9.383844
0.826246 -18.420149 10.716552 4.929358 9.377639 9.103769 15.351402 29.771124 -12.754842 -22.074945 3.358944 -11.783042 -31.517778 -12.408591 3.020264 18.183243 -4.220235 -8.591431 -14.732862 -19.963100 5.209936 -17.206430 -15.337296 12.661704 -4.411382 7.088101 -17.928785 12.140251 -0.180843 -8.719209
0.800871 -18.393312 10.762431 4.960780 9.352757 9.070089 15.410197 29.688091 -12.791827 -22.095148 3.365548 -11.853898 -31.486843 -12.381511 3.119641 18.208363 -4.082006 -8.577874 -14.677440 -19.958475 5.212546 -17.200203 -15.313616 12.650877 -4.393086 7.096668 -17.934061 12.167677 -0.196501 -8.626216
0.801812 -18.392920 10.763071 4.961445 9.352704 9.070345 15.410445 29.688267 -12.791886 -22.094971 3.365548 -11.853898 -31.486843 -12.381511 3.119641 18.208363 -4.082006 -8.577874 -14.677440 -19.958475 5.212546 -17.200203 -15.313616 12.650877 -4.393086 7.096668 -17.934061 12.167677 -0.196501 -8.626216
0.800871 -18.393312 10.762431 4.960780 9.352757 9.070089 15.410197 29.688091 -12.791827 -22.095148 3.365548 -11.853898 -31.486843 -12.381511 3.119641 18.208363 -4.082006 -8.577874 -14.677440 -19.958475 5.212864 -17.199669 -15.313644 12.651223 -4.392737 7.097002 -17.933973 12.167397 -0.196466 -8.626566
0.798672 -18.400976 10.748428 4.955306 9.361910 9.079073 15.402362 29.691940 -12.790978 -22.099430 3.365582 -11.843211 -31.484289 -12.387466 3.116317 18.211596 -4.093517 -8.578706 -14.671741 -19.946854 5.203356 -17.197973 -15.323318 12.656138 -4.397317 7.096818 -17.939178 12.154676 -0.206326 -8.620355
0.802885 -18.401396 10.755251 4.960752 9.357632 9.070368 15.398010 29.697596 -12.787196 -22.092943 3.364742 -11.841708 -31.485929 -12.383818 3.116960 18.214848 -4.087049 -8.586471 -14.668678 -19.952185 5.208901 -17.201422 -15.316924 12.652053 -4.392233 7.102043 -17.937649 12.162222 -0.198036 -8.621098
0.796659 -18.398355 10.757674 4.958954 9.358263 9.076383 15.404066 29.693510 -12.790405 -22.101131 3.361924 -11.844201 -31.486805 -12.386540 3.110610 18.214001 -4.080856 -8.584467 -14.667733 -19.951950 5.206538 -17.199453 -15.325890 12.652481 -4.393147 7.102100 -17.939144 12.155491 -0.201782 -8.617569
0.796563 -18.398560 10.759107 4.959110 9.358405 9.076179 15.403314 29.692823 -12.788724 -22.101606 3.359635 -11.846446 -31.485249 -12.388008 3.106336 18.213816 -4.077547 -8.584203 -14.667727 -19.951984 5.209371 -17.194368 -15.326791 12.652016 -4.389515 7.102503 -17.937847 12.154307 -0.202490 -8.622576
-10.314290 -23.187693 9.453927 0.722608 13.832471 2.826079 12.152801 30.271601 -4.654272 -14.936480 0.053605 -6.065914 -28.911688 -12.499896 8.525710 22.625219 -13.181638 -13.035587 -11.329280 -18.387897 5.608829 -13.509206 -15.141223 10.643816 -6.714193 12.683793 -15.394467 10.518597 5.202309 -9.449724
-10.314290 -23.187693 9.453927 0.722608 13.832471 2.826079 12.152801 30.271601 -4.654272 -14.936480 0.053605 -6.065914 -28.911688 -12.499896 8.525710 22.625219 -13.181638 -13.035587 -11.329280 -18.387897 5.608829 -13.509206 -15.141223 10.643816 -6.714193 12.683793 -15.394467 10.518597 5.202309 -9.449724
-10.314290 -23.187693 9.453927 0.722608 13.832471 2.826079 12.152801 30.271601 -4.654272 -14.936480 0.053605 -6.065914 -28.911688 -12.499896 8.525710 22.625219 -13.181638 -13.035587 -11.329280 -18.387897 5.608829 -13.509206 -15.141223 10.643816 -6.714193 12.683793 -15.394467 10.518597 5.202309 -9.449724
-10.854805 -21.731371 11.565280 1.412350 14.082713 2.976800 12.386484 29.244112 -4.257658 -16.437908 -1.514723 -7.781381 -29.212658 -15.119785 3.344286 22.330330 -9.990173 -12.541171 -10.901642 -18.371529 5.464925 -17.308390 -13.675434 10.964058 -9.286292 10.962374 -16.313334 10.797174 4.684298 -9.100821
-10.748470 -21.652727 11.511384 1.502473 14.169354 2.819431 12.476814 29.254646 -4.271624 -16.525164 -1.648592 -7.704378 -29.194220 -15.121094 3.335601 22.323095 -10.052726 -12.569850 -10.897497 -18.271851 5.532411 -17.568453 -13.571276 10.972419 -9.506948 10.974421 -16.346977 10.801769 4.726696 -9.003778
-10.729784 -21.670382 11.499675 1.519634 14.160251 2.805127 12.468438 29.254826 -4.279891 -16.536518 -1.678707 -7.697941 -29.186333 -15.110301 3.319506 22.336222 -10.076596 -12.557654 -10.896415 -18.291824 5.561982 -17.582598 -13.573069 10.979625 -9.507791 11.009583 -16.374426 10.774890 4.746390 -8.987341
-10.729128 -21.669315 11.500287 1.519547 14.160359 2.804804 12.468245 29.253815 -4.279389 -16.535730 -1.678943 -7.696769 -29.187096 -15.110722 3.319241 22.335876 -10.076680 -12.558509 -10.896183 -18.291615 5.562039 -17.582197 -13.573096 10.979739 -9.507774 11.010235 -16.374088 10.774817 4.746786 -8.987907
-10.729082 -21.664705 11.478391 1.505502 14.160981 2.798044 12.485983 29.258974 -4.288628 -16.506163 -1.666722 -7.680753 -29.187347 -15.084876 3.371972 22.334579 -10.129693 -12.564556 -10.902488 -18.291702 5.553202 -17.576536 -13.571170 10.981041 -9.508367 10.997476 -16.363329 10.784134 4.739269 -8.995595
-10.746859 -21.654240 11.488667 1.496401 14.164978 2.808526 12.493181 29.257030 -4.285173 -16.499342 -1.638261 -7.688561 -29.191319 -15.108744 3.369094 22.313589 -10.071197 -12.569271 -10.901004 -18.279968 5.542282 -17.576675 -13.572109 10.975816 -9.508759 10.983816 -16.357252 10.796158 4.733918 -8.998100
-10.746859 -21.654240 11.488667 1.496401 14.164978 2.808526 12.493181 29.257030 -4.285173 -16.499342 -1.638261 -7.688561 -29.191319 -15.108744 3.369094 22.313589 -10.071197 -12.569271 -10.901004 -18.279968 5.541968 -17.577181 -13.572084 10.975466 -9.509099 10.983488 -16.357338 10.796429 4.733890 -8.997756
-10.740178 -21.655348 11.479599 1.493243 14.165899 2.804425 12.494661 29.260227 -4.286993 -16.494787 -1.631535 -7.673789 -29.200769 -15.081450 3.409085 22.326538 -10.126931 -12.583960 -10.903531 -18.281693 5.557311 -17.573832 -13.571181 10.981904 -9.506618 11.001368 -16.363895 10.780977 4.740752 -8.995708
-10.740178 -21.655348 11.479599 1.493243 14.165899 2.804425 12.494661 29.260227 -4.286993 -16.494787 -1.631073 -7.673796 -29.200939 -15.081153 3.410140 22.326529 -10.127009 -12.584232 -10.903563 -18.280989 5.557430 -17.575670 -13.571167 10.981891 -9.507314 11.001479 -16.364445 10.781295 4.741037 -8.995048
-10.728334 -21.661612 11.481372 1.503669 14.163950 2.796427 12.483813 29.257927 -4.284501 -16.508081 -1.667184 -7.677103 -29.185074 -15.082137 3.373622 22.333790 -10.129371 -12.566828 -10.902544 -18.300446 5.554276 -17.577402 -13.571456 10.979983 -9.507468 10.997708 -16.364944 10.783957 4.740430 -8.995710
