6.656905 -6.347133 4.812152 -12.001271 12.617721 -7.512344 17.549326 3.282116 -7.606819 -15.646187 -14.023860 1.906963 -18.587662 -6.770169 4.079228 6.105011 8.442761 8.933747 -18.447660 -6.337363 6.689078 -4.848081 -7.502018 11.740506 -13.702006 -3.608068 -9.247857 15.636777 -3.801706 7.504956
6.726394 -6.293015 4.870952 -12.133460 12.629945 -7.547305 17.477657 3.225432 -7.487887 -15.659995 -13.994082 1.973430 -18.738251 -6.758985 4.000577 6.142797 8.355521 9.084360 -18.372513 -6.189279 6.585202 -4.890440 -7.615574 11.800658 -13.704478 -3.590752 -9.078113 15.691862 -3.755439 7.533143
6.831992 -6.209772 4.974386 -12.338190 12.625087 -7.609962 17.378513 3.158361 -7.301087 -15.689736 -13.954731 2.055038 -18.982464 -6.743048 3.878802 6.174564 8.212424 9.324275 -18.266043 -6.017944 6.426790 -4.984999 -7.822169 11.906722 -13.692983 -3.558112 -8.823363 15.768434 -3.671210 7.527320
7.020336 -6.091210 5.140864 -12.685505 12.605414 -7.718900 17.255569 3.031152 -6.994000 -15.731033 -13.927953 2.176650 -19.330753 -6.703343 3.712173 6.196173 7.998675 9.671822 -18.118649 -5.815467 6.180480 -5.074118 -8.083248 12.058341 -13.711871 -3.528761 -8.423841 15.890169 -3.572872 7.620377
7.206464 -6.010580 5.261562 -13.018226 12.592149 -7.876733 17.144577 2.824745 -6.683757 -15.757090 -13.865812 2.396616 -19.805962 -6.608020 3.501643 6.307745 7.733646 10.148438 -17.878849 -5.366615 5.983432 -5.150908 -8.282307 12.161633 -13.716533 -3.498756 -8.110458 15.991716 -3.496653 7.720034
7.364059 -5.926316 5.473384 -13.368469 12.545202 -7.980108 17.060509 2.830131 -6.394308 -15.876602 -13.786543 2.506536 -20.248104 -6.634488 3.216766 6.316378 7.331603 10.624373 -17.757929 -5.193513 5.752138 -5.308569 -8.583038 12.263906 -13.686063 -3.407175 -7.716689 16.124466 -3.341702 7.758867
7.477843 -5.951766 5.907351 -13.661965 12.434339 -8.034973 17.014542 3.005540 -5.983645 -15.999033 -13.747911 2.659542 -20.694107 -6.597567 2.934787 6.427067 6.918252 11.163972 -17.580059 -4.829235 5.470870 -5.548772 -9.030272 12.413090 -13.594537 -3.280973 -7.270725 16.261345 -3.131747 7.638202
7.578781 -5.941724 6.334682 -13.981247 12.329206 -8.030521 16.940533 3.258521 -5.586028 -16.138866 -13.773749 2.727355 -21.120880 -6.572910 2.632873 6.392543 6.454795 11.670558 -17.472462 -4.811255 5.346079 -5.722800 -9.285333 12.458102 -13.516812 -3.187194 -6.979320 16.378569 -2.961623 7.593654
7.537698 -5.965809 6.693590 -14.163857 12.110368 -7.988308 17.066418 3.439421 -5.391155 -16.286835 -13.847013 2.781842 -21.574276 -6.529386 2.373367 6.313399 5.985305 12.236487 -17.319311 -4.833838 5.146467 -5.995316 -9.719082 12.562082 -13.391080 -3.035126 -6.620259 16.484446 -2.734714 7.422180
7.561373 -5.905870 6.968400 -14.337141 12.009400 -8.014021 17.051994 3.635033 -5.145586 -16.356424 -13.893417 2.766745 -21.960155 -6.517159 2.223022 6.137089 5.678519 12.804988 -17.173986 -4.883180 5.136961 -6.248479 -10.021320 12.656869 -13.274333 -2.893082 -6.538243 16.467602 -2.548953 7.099820
7.822250 -5.885105 7.014285 -14.583463 11.913009 -8.038235 16.822071 3.893370 -4.850580 -16.461229 -13.982353 2.765936 -22.308466 -6.415481 2.072340 6.011673 5.372589 13.290616 -17.072161 -4.987699 4.997618 -6.429218 -10.350357 12.799894 -13.209698 -2.777413 -6.234543 16.505356 -2.375981 6.933018
8.221121 -5.787479 6.956542 -14.897174 11.778186 -8.001515 16.625853 4.101932 -4.647925 -16.595385 -14.020391 2.768879 -22.783661 -6.323913 1.933982 5.885222 5.122950 13.759974 -16.907598 -5.165589 4.958244 -6.649689 -10.673391 13.044379 -13.158908 -2.661830 -6.109379 16.385109 -2.201906 6.420932
8.617146 -5.754579 6.986611 -15.180383 11.704892 -7.947616 16.430382 4.282872 -4.358909 -16.623747 -14.039878 2.720791 -23.180922 -6.311305 1.810683 5.676642 4.870250 14.095947 -16.843328 -5.546557 4.863931 -6.876257 -11.039522 13.290715 -13.131201 -2.538002 -5.920313 16.276264 -2.034091 6.037061
8.952738 -5.755332 7.017316 -15.335884 11.578156 -7.847908 16.265169 4.489974 -4.157530 -16.671713 -13.994082 2.707660 -23.774376 -6.271527 1.569012 5.652580 4.459464 14.531507 -16.646296 -5.927571 4.886131 -6.973782 -11.161163 13.506947 -13.139359 -2.495414 -5.992169 16.100407 -1.993421 5.552288
9.116749 -5.867204 7.111316 -15.537344 11.471147 -7.725236 16.182518 4.672199 -3.927600 -16.711063 -13.971087 2.667343 -24.123627 -6.274962 1.411885 5.614023 4.209435 14.828451 -16.543303 -6.157564 4.768795 -7.143829 -11.420301 13.816976 -13.208729 -2.409231 -5.873784 15.927654 -1.899940 5.064309
9.193977 -5.925004 7.272858 -15.691043 11.361478 -7.686235 16.131851 4.767437 -3.715291 -16.782446 -13.950629 2.634104 -24.370012 -6.238871 1.352300 5.636469 4.057898 14.990693 -16.445353 -6.366983 4.656598 -7.214479 -11.580764 13.998013 -13.288031 -2.339234 -5.723940 15.827568 -1.836106 4.844147
9.212955 -5.955513 7.432259 -15.750793 11.263721 -7.618985 16.130314 4.956786 -3.629771 -16.868687 -13.886130 2.613987 -24.663631 -6.260630 1.252519 5.642958 3.937638 15.110307 -16.341200 -6.553913 4.610920 -7.321814 -11.711138 14.150067 -13.312510 -2.275430 -5.735025 15.720144 -1.790218 4.527809
9.217873 -6.031922 7.603807 -15.742359 11.167055 -7.619954 16.167530 5.045490 -3.532438 -16.906164 -13.831261 2.613281 -24.814350 -6.281192 1.149593 5.683583 3.801545 15.195260 -16.306389 -6.615302 4.603204 -7.382202 -11.777676 14.254416 -13.338418 -2.238615 -5.777016 15.619535 -1.771453 4.294016
9.227173 -6.073288 7.690312 -15.795195 11.126945 -7.566970 16.160938 5.133825 -3.471748 -16.952814 -13.795829 2.610800 -24.918472 -6.292083 1.087959 5.703189 3.722628 15.247731 -16.281973 -6.664284 4.591086 -7.426310 -11.835135 14.298875 -13.357694 -2.214533 -5.776123 15.575640 -1.749896 4.204542
9.229198 -6.064359 7.741377 -15.792777 11.099325 -7.565970 16.169300 5.146648 -3.455683 -16.973280 -13.766523 2.609320 -24.954426 -6.314304 1.046616 5.753937 3.643892 15.258770 -16.274649 -6.681033 4.586318 -7.439792 -11.849337 14.304990 -13.361531 -2.200890 -5.773108 15.565817 -1.741973 4.198637
9.225529 -6.078575 7.922196 -15.833065 11.011792 -7.470599 16.188183 5.268047 -3.401279 -17.048056 -13.711919 2.594548 -25.027328 -6.347001 0.955035 5.841495 3.483134 15.284282 -16.269997 -6.768866 4.574136 -7.523003 -11.969635 14.392450 -13.389861 -2.168315 -5.767991 15.482221 -1.698747 4.002285
9.231399 -6.131485 8.399560 -15.883101 10.774831 -7.299163 16.254105 5.640317 -3.235861 -17.240736 -13.547253 2.558099 -25.356880 -6.417007 0.786498 5.908248 3.293923 15.288790 -16.210796 -7.096733 4.447376 -7.767495 -12.342538 14.579223 -13.475694 -2.020415 -5.610027 15.326818 -1.525021 3.616139
9.243390 -6.087866 9.275020 -15.919550 10.329741 -6.955183 16.413467 6.137778 -3.034000 -17.546755 -13.220016 2.606193 -26.136524 -6.528463 0.312495 6.155447 2.726690 15.284074 -15.958364 -7.705319 4.396256 -7.987712 -12.670473 14.588696 -13.762132 -1.975420 -5.594713 15.072401 -1.338374 3.210355
9.426003 -5.934596 10.924607 -15.845330 9.464114 -6.651433 16.845398 6.851462 -2.764441 -18.090559 -12.699126 2.817043 -26.947891 -6.841471 -0.494186 6.746554 1.674288 14.934730 -15.855655 -8.343044 4.227459 -8.617816 -13.542073 14.549252 -14.005612 -1.756819 -5.336101 14.834773 -0.846967 2.785381
9.279339 -6.386408 12.555915 -15.283304 8.156535 -6.803517 17.705280 7.775593 -2.480097 -18.680674 -12.044163 3.654310 -28.033520 -7.566344 -1.624792 7.627873 0.367869 14.147534 -15.693383 -8.391365 3.886037 -9.965384 -15.259672 14.109801 -13.996890 -1.327943 -4.579255 14.985973 0.232981 2.648429
10.064762 -7.435694 12.921573 -15.300855 7.109029 -6.917976 17.746687 9.104127 -1.953497 -19.537306 -11.283844 4.575634 -28.931564 -8.538326 -2.609731 7.986851 -0.602011 13.293263 -16.044573 -8.033859 3.724586 -11.301627 -16.699333 14.021582 -13.456210 -0.645658 -3.824890 15.443339 1.356088 2.676832
12.209085 -9.292068 11.075810 -15.538612 4.885882 -7.682021 17.968925 11.494693 -2.341738 -21.663946 -10.549255 3.914956 -29.287838 -8.802567 -3.604111 9.017914 -2.313470 13.303275 -15.989858 -9.881136 4.660381 -12.549977 -17.157713 14.037314 -12.609421 0.495955 -3.305607 16.075979 3.181310 1.943280
10.562773 -11.843336 8.555644 -15.581546 5.278634 -10.507943 16.521332 14.517710 -0.151459 -21.063349 -10.760197 1.447376 -29.294561 -5.177829 -4.046267 14.035666 -3.130803 13.217730 -13.562840 -13.692726 6.767866 -12.907300 -15.729800 13.648777 -12.866021 1.006409 -2.581266 17.315704 5.974794 -1.427346
8.974955 -11.293545 9.616563 -13.501184 7.123492 -11.100750 14.614203 17.132053 0.448639 -20.378426 -10.395360 0.394523 -30.764622 -4.152286 -3.982896 15.895307 -2.917691 12.338845 -11.755784 -17.426247 8.293468 -12.424512 -13.422346 13.080440 -14.737493 1.605731 -3.641656 16.956394 7.598637 -5.579675
8.928236 -10.327604 13.840596 -10.653116 8.504691 -10.870676 13.403289 21.766766 0.787678 -20.319534 -9.829651 -0.617084 -31.323124 -5.075993 -3.091184 15.676884 -2.805615 11.097039 -11.302064 -21.242002 8.710670 -12.730443 -12.277924 12.023387 -16.790373 2.161170 -5.243467 16.176401 8.568442 -9.242923
6.045775 -9.254015 18.342813 -7.939609 8.745442 -13.320952 14.989834 24.352638 1.887270 -18.972073 -9.672514 -0.925228 -30.543949 -7.032845 -2.786873 16.526909 -4.586809 9.614501 -11.162930 -23.104162 8.801626 -14.014236 -11.613058 9.944314 -16.236917 2.720093 -5.959992 17.813200 9.994621 -10.316180
1.519668 -9.780388 17.782925 -7.266746 8.471463 -13.321476 16.283333 24.666193 1.646715 -17.807634 -10.074658 -0.713546 -28.993488 -8.560674 -3.283466 17.921671 -7.193237 7.730736 -11.468165 -24.039562 7.653818 -15.723141 -12.560582 8.572537 -13.786565 3.947016 -6.260231 19.463095 10.577159 -10.067794
-3.303448 -11.060444 16.093210 -8.755917 8.621887 -10.902687 15.387703 25.243717 1.332615 -18.088068 -10.192911 0.118150 -27.705505 -9.992923 -4.113891 18.473812 -9.607920 5.304965 -12.350373 -25.130911 6.204807 -18.365572 -15.218891 8.279634 -10.874346 5.346889 -7.574193 19.370712 10.371112 -10.011857
-4.825489 -10.885550 15.561085 -9.628633 8.889956 -7.787964 14.757748 26.420065 0.659325 -19.321991 -10.598934 0.801920 -26.889038 -11.653548 -4.594101 16.944786 -11.144723 4.193258 -13.778358 -26.549915 4.918089 -19.769297 -17.150652 9.164333 -9.521136 6.525486 -9.352922 17.271624 8.990738 -9.423280
-5.504798 -7.865110 15.990743 -11.188377 10.440696 -5.887394 12.831046 30.247965 0.154166 -19.629295 -11.446249 0.828928 -25.296417 -12.655717 -4.084393 15.311837 -11.883451 3.608534 -15.048416 -27.928875 3.290143 -20.107286 -19.406128 8.885238 -9.920203 6.103477 -10.880584 15.173105 6.793507 -7.679956
-5.370450 -6.114964 14.837430 -13.056400 13.137025 -1.757342 10.596097 31.348827 -0.416055 -18.624802 -11.938090 0.163013 -24.216793 -13.685580 -3.466852 13.908822 -11.824262 3.522378 -15.701182 -29.269991 1.896212 -19.609777 -20.318031 8.261069 -11.050847 4.991883 -12.649486 13.373526 4.309058 -6.505468
-5.503963 -5.245166 13.435907 -13.695002 15.919927 -0.067145 8.627207 31.333324 -0.306954 -17.078176 -12.401490 -0.528326 -23.139988 -14.415235 -3.167721 13.080044 -12.316165 3.737609 -16.204527 -30.513460 0.802812 -19.209915 -20.987906 7.795219 -11.667829 3.920039 -14.160620 12.005535 1.980433 -4.931437
-6.274859 -5.164097 12.514183 -14.180170 17.482239 -0.054694 7.697946 30.930965 0.540979 -15.795833 -12.691923 -1.018780 -22.509441 -14.774182 -3.080517 12.144726 -12.131509 4.273584 -16.588839 -30.921625 -0.249040 -19.006315 -21.251360 7.471602 -12.285794 3.464161 -14.688769 11.381068 0.819172 -4.428562
-6.438265 -4.594616 12.236750 -13.879481 18.275120 -0.249531 7.408230 30.760860 0.665717 -14.893490 -12.978273 -1.477847 -21.838953 -14.823882 -2.931481 11.856874 -11.940447 4.309448 -16.786791 -31.202686 -1.124253 -18.769381 -21.293657 6.921541 -12.674024 3.009030 -15.070319 11.366663 0.093548 -4.009685
-6.548000 -4.566740 12.006607 -13.753977 18.588091 -0.378007 7.337894 30.656324 0.655310 -14.593723 -12.942760 -1.609532 -21.680843 -14.976548 -2.871289 11.539211 -11.801696 4.324435 -17.000141 -31.203787 -1.282501 -18.636406 -21.141991 6.778471 -12.789662 2.937518 -15.198788 11.331994 -0.089978 -3.839102
-6.572429 -4.550255 11.988524 -13.807825 18.545910 -0.349923 7.301984 30.781078 0.625263 -14.677318 -12.956934 -1.609198 -21.674915 -14.986949 -2.861751 11.584715 -11.823945 4.267759 -16.983393 -31.266592 -1.244805 -18.706469 -21.225794 6.832523 -12.736325 2.957779 -15.173663 11.356988 -0.030587 -3.923516
-6.524755 -4.565611 11.997418 -13.911224 18.514030 -0.137898 7.181949 31.063435 0.570818 -14.890950 -12.901183 -1.608946 -21.710787 -15.000648 -2.898600 11.793672 -11.918406 4.126659 -16.986467 -31.380701 -1.160639 -18.716818 -21.217894 6.884652 -12.746638 2.989026 -15.197799 11.315680 0.004664 -4.021360
-6.527021 -4.634894 11.999684 -14.069216 18.414455 0.048089 7.124100 31.382036 0.432020 -15.253975 -12.793411 -1.557209 -21.904919 -15.026958 -2.930563 12.029472 -11.937058 3.955533 -16.930046 -31.455402 -0.961043 -18.760704 -21.186392 6.904710 -12.663634 3.037274 -15.289618 11.325946 0.090383 -4.119544
-6.779759 -4.869789 11.873079 -14.053390 18.301991 0.238588 7.057671 31.899521 0.112625 -15.752152 -12.480391 -1.518436 -22.104946 -15.219267 -2.927294 12.079091 -11.840924 3.634910 -17.094471 -31.546452 -0.674320 -18.850882 -21.207850 6.957339 -12.578990 3.121724 -15.393438 11.279936 0.232983 -4.204612
-6.967256 -5.204628 11.602298 -13.997896 18.063652 0.367472 7.093293 32.234726 -0.289771 -16.335459 -12.203812 -1.508363 -22.112953 -15.356690 -2.845800 12.317613 -11.795161 3.169029 -17.227154 -31.657385 -0.336564 -18.899233 -21.198133 7.099578 -12.490461 3.233533 -15.454818 11.223370 0.407074 -4.434412
-7.255935 -5.734375 11.151552 -13.723907 17.916153 0.489436 7.166447 32.388840 -0.759259 -16.796583 -11.830944 -1.407650 -22.152134 -15.726230 -2.843551 12.565487 -11.924953 2.517126 -17.461117 -31.836767 0.016946 -18.920624 -21.018866 7.129982 -12.373557 3.366297 -15.604590 11.220491 0.579277 -4.662451
-7.719921 -6.329256 10.907562 -13.360059 17.709730 0.810447 7.309823 32.707737 -1.302550 -17.331282 -11.527225 -1.322269 -22.168438 -15.954156 -2.921448 13.143932 -12.066162 1.751962 -17.551437 -31.932175 0.480567 -18.984861 -20.865068 7.249744 -12.252514 3.639577 -15.802127 11.095607 0.819877 -4.901468
-8.358413 -7.250781 10.579915 -12.794924 17.308983 0.900054 7.669983 32.741287 -1.840155 -17.847237 -11.042459 -1.231361 -22.306976 -16.209290 -2.902520 13.734665 -11.980590 1.046760 -17.441591 -31.729820 0.915993 -19.128504 -20.680716 7.241770 -12.110801 4.032790 -16.147827 10.989517 1.095928 -5.114825
-8.927396 -8.555906 10.151003 -12.235146 16.621429 1.060294 8.297535 32.368690 -2.357648 -18.431475 -10.449827 -1.153119 -22.335756 -16.506279 -2.916501 14.297970 -11.885652 0.358140 -17.479746 -31.449966 1.550987 -19.262205 -20.390703 7.337164 -11.688639 4.441964 -16.501108 11.060541 1.412037 -5.317734
-9.801758 -10.092200 9.693624 -11.407032 15.722402 1.053291 9.090127 32.061302 -2.941839 -18.998987 -9.941700 -1.143899 -22.214832 -16.655445 -2.977837 15.068529 -11.983869 -0.416384 -17.465597 -31.417141 2.122814 -19.454550 -20.100260 7.308133 -11.209801 4.900059 -16.777981 11.183775 1.814873 -5.307298
-10.589462 -11.198727 9.494781 -10.635355 14.941266 1.061456 9.826912 31.782665 -3.499419 -19.359505 -9.293238 -1.078467 -22.196888 -16.757376 -3.311757 16.192574 -12.297318 -1.292995 -17.495144 -31.416311 2.692274 -19.743364 -19.898907 7.431848 -10.419196 5.448744 -17.015850 11.470018 2.243137 -5.338766
-11.463816 -12.148595 9.476794 -9.928484 13.906278 0.860332 10.769844 31.484173 -4.047162 -19.788538 -8.855058 -1.056067 -21.940580 -16.710564 -3.665624 17.394236 -12.590075 -2.082932 -17.579306 -31.274399 3.131961 -20.008011 -19.798185 7.602085 -9.919926 5.951517 -17.217930 11.489568 2.593017 -5.337695
-12.325082 -12.982887 9.508430 -9.206604 13.016953 0.872212 11.747858 30.948868 -4.730469 -20.137003 -8.537214 -1.170500 -21.733624 -16.508593 -3.814698 18.364746 -12.526006 -2.661837 -17.456152 -31.154930 3.695640 -20.231693 -19.643839 7.622170 -9.332524 6.352445 -17.464815 11.650571 2.953247 -5.249315
-13.103364 -13.734097 9.535960 -8.641167 12.220193 1.034090 12.685869 30.420986 -5.332096 -20.424553 -8.310440 -1.193121 -21.726849 -16.439699 -3.997413 19.095144 -12.454352 -3.038441 -17.158556 -30.864765 4.103055 -20.433950 -19.558187 7.684093 -8.831790 6.731048 -17.729340 11.646173 3.167909 -4.973146
-13.755787 -14.451508 9.494935 -8.152566 11.626015 1.336353 13.445099 29.856194 -5.799113 -20.612055 -8.043529 -1.174857 -21.689743 -16.322071 -4.212807 20.018044 -12.458592 -3.491785 -16.830072 -30.558083 4.372683 -20.654766 -19.530954 7.703934 -8.266696 6.996796 -17.863848 11.857351 3.349748 -4.700562
-14.245464 -14.884886 9.478291 -7.849561 11.244805 1.576550 13.994727 29.384941 -6.186615 -20.744764 -7.909957 -1.188917 -21.620874 -16.125233 -4.439642 21.003223 -12.540931 -3.960272 -16.407042 -30.330452 4.482055 -20.840902 -19.560186 7.641255 -7.841926 7.159385 -17.922922 12.077070 3.466602 -4.409584
-14.553301 -15.181103 9.698461 -7.542276 10.889855 1.681944 14.437293 29.100067 -6.392825 -20.847185 -7.940180 -1.325050 -21.295757 -16.096876 -4.369914 21.826372 -12.629992 -4.234843 -16.032509 -30.123974 4.486182 -20.950436 -19.612612 7.587675 -7.711147 7.265347 -17.955542 12.089240 3.506289 -4.173823
-14.744642 -15.402787 9.970885 -7.244760 10.696332 1.786396 14.756861 28.812649 -6.491215 -20.869036 -7.939073 -1.392894 -21.159176 -16.044268 -4.326458 22.317511 -12.647965 -4.368258 -15.826436 -30.029655 4.500829 -20.967752 -19.515345 7.555351 -7.560654 7.390446 -17.946075 12.205278 3.539892 -3.910387
-14.900196 -15.389296 10.234235 -7.089182 10.566101 1.794255 14.972780 28.654943 -6.600290 -20.939316 -7.965091 -1.511897 -21.074074 -15.924918 -4.209004 22.440798 -12.488469 -4.297088 -15.788781 -29.976173 4.485015 -20.950010 -19.459112 7.564992 -7.453185 7.424082 -17.932795 12.293367 3.505692 -3.762723
-14.935218 -15.359843 10.297454 -7.068327 10.538084 1.734926 15.014796 28.604404 -6.618213 -20.961454 -7.990862 -1.597992 -21.011555 -15.871790 -4.108500 22.514931 -12.384350 -4.272516 -15.711955 -29.971855 4.483350 -20.943352 -19.440779 7.567119 -7.436954 7.433733 -17.931919 12.319181 3.491584 -3.703106
-14.939754 -15.358703 10.297825 -7.071787 10.537339 1.729748 15.014828 28.606472 -6.617098 -20.962107 -7.989111 -1.598068 -21.002934 -15.879738 -4.109163 22.510397 -12.393399 -4.277077 -15.725867 -29.977844 4.480815 -20.945061 -19.441750 7.565876 -7.436417 7.432346 -17.931297 12.321613 3.491965 -3.704516
-14.939680 -15.358727 10.299169 -7.070846 10.536441 1.730182 15.015859 28.606495 -6.617093 -20.962662 -7.989111 -1.598068 -21.002934 -15.879738 -4.109163 22.510397 -12.393399 -4.277077 -15.725867 -29.977844 4.480815 -20.945061 -19.441750 7.565876 -7.436417 7.432346 -17.931297 12.321613 3.491965 -3.704516
-14.939680 -15.358727 10.299169 -7.070846 10.536441 1.730182 15.015859 28.606495 -6.617093 -20.962662 -7.989111 -1.598068 -21.002934 -15.879738 -4.109163 22.510397 -12.393399 -4.277077 -15.725867 -29.977844 4.480815 -20.945061 -19.441750 7.565876 -7.436417 7.432346 -17.931297 12.321613 3.491965 -3.704516
-14.939680 -15.358727 10.299169 -7.070846 10.536441 1.730182 15.015859 28.606495 -6.617093 -20.962662 -7.989111 -1.598068 -21.002934 -15.879738 -4.109163 22.510397 -12.393399 -4.277077 -15.725867 -29.977844 4.480815 -20.945061 -19.441750 7.565876 -7.436417 7.432346 -17.931297 12.321613 3.491965 -3.704516
-14.939680 -15.358727 10.299169 -7.070846 10.536441 1.730182 15.015859 28.606495 -6.617093 -20.962662 -7.989111 -1.598068 -21.002934 -15.879738 -4.109163 22.510397 -12.393399 -4.277077 -15.725867 -29.977844 4.481133 -20.944529 -19.441778 7.566223 -7.436068 7.432680 -17.931206 12.321333 3.491999 -3.704867
-14.939680 -15.358727 10.299169 -7.070846 10.536441 1.730182 15.015859 28.606495 -6.617093 -20.962662 -7.989111 -1.598068 -21.002934 -15.879738 -4.109163 22.510397 -12.393399 -4.277077 -15.725867 -29.977844 4.481133 -20.944529 -19.441778 7.566223 -7.436068 7.432680 -17.931206 12.321333 3.491999 -3.704867
-14.955291 -15.355424 10.300317 -7.073463 10.524436 1.704422 15.026597 28.601414 -6.620184 -20.967722 -7.986622 -1.592152 -20.999554 -15.880651 -4.108803 22.496227 -12.395741 -4.272027 -15.741375 -29.985281 4.494016 -20.953035 -19.444891 7.549427 -7.432173 7.422553 -17.931080 12.338219 3.506606 -3.725203
-14.943763 -15.359197 10.295875 -7.074901 10.534892 1.723586 15.017565 28.596569 -6.614162 -20.962973 -7.986191 -1.594552 -21.000633 -15.878143 -4.109596 22.501602 -12.396070 -4.270317 -15.736368 -29.985310 4.496923 -20.947824 -19.440033 7.560186 -7.432862 7.428931 -17.930954 12.327044 3.499570 -3.715986
-14.942248 -15.359178 10.294934 -7.073888 10.535695 1.723994 15.017036 28.596472 -6.614645 -20.962778 -7.987917 -1.594511 -21.005266 -15.874940 -4.109385 22.502638 -12.392367 -4.267648 -15.731042 -29.981188 4.495805 -20.948195 -19.441916 7.562266 -7.432600 7.429718 -17.931021 12.324681 3.497905 -3.714832
-14.940911 -15.357257 10.300326 -7.072600 10.535060 1.726649 15.016268 28.597071 -6.613143 -20.965618 -7.987828 -1.591175 -21.004786 -15.871835 -4.101151 22.501720 -12.394669 -4.269359 -15.732276 -29.982407 4.496836 -20.945093 -19.442316 7.561804 -7.431409 7.431321 -17.929482 12.324403 3.497810 -3.713213
-14.942230 -15.356897 10.301229 -7.073499 10.534351 1.725689 15.016628 28.597637 -6.612783 -20.965940 -7.987251 -1.591237 -20.999514 -15.876309 -4.101223 22.499752 -12.399911 -4.271960 -15.739073 -29.985786 4.497009 -20.945501 -19.441523 7.559348 -7.431266 7.430195 -17.929546 12.327318 3.499377 -3.714770
-14.942353 -15.356887 10.299895 -7.074479 10.535231 1.725255 15.015619 28.597607 -6.612750 -20.965403 -7.987251 -1.591237 -20.999514 -15.876309 -4.101223 22.499752 -12.399911 -4.271960 -15.739073 -29.985786 4.497009 -20.945501 -19.441523 7.559348 -7.431266 7.430195 -17.929546 12.327318 3.499377 -3.714770
-14.942731 -15.356858 10.301026 -7.074029 10.535586 1.725510 15.015514 28.596844 -6.611935 -20.966476 -7.989551 -1.574369 -21.003090 -15.868834 -4.096122 22.497463 -12.399327 -4.277538 -15.738894 -29.995695 4.499841 -20.940416 -19.442425 7.558884 -7.427637 7.430598 -17.928249 12.326136 3.498668 -3.719777
-14.940123 -15.352013 10.304873 -7.069745 10.533331 1.725975 15.017798 28.597694 -6.617057 -20.967712 -7.988072 -1.572751 -21.009542 -15.854118 -4.092828 22.492456 -12.383827 -4.270265 -15.740907 -30.002371 4.504247 -20.940926 -19.440868 7.555844 -7.427248 7.431248 -17.927332 12.329292 3.503678 -3.724530
-6.067729 -14.576385 10.050605 -1.977179 7.518892 6.094595 17.178478 27.088968 -13.574669 -22.456217 -2.407018 -4.010843 -25.060513 -15.003642 -7.661007 16.487320 -1.820704 -2.844974 -20.417196 -25.396931 8.503161 -13.892834 -18.284861 10.896215 -3.528453 8.129928 -18.614090 9.169445 1.609343 -3.494303
-6.067729 -14.576385 10.050605 -1.977179 7.518892 6.094595 17.178478 27.088968 -13.574669 -22.456217 -2.407018 -4.010843 -25.060513 -15.003642 -7.661007 16.487320 -1.820704 -2.844974 -20.417196 -25.396931 8.503161 -13.892834 -18.284861 10.896215 -3.528453 8.129928 -18.614090 9.169445 1.609343 -3.494303
-6.067729 -14.576385 10.050605 -1.977179 7.518892 6.094595 17.178478 27.088968 -13.574669 -22.456217 -2.407018 -4.010843 -25.060513 -15.003642 -7.661007 16.487320 -1.820704 -2.844974 -20.417196 -25.396931 8.503161 -13.892834 -18.284861 10.896215 -3.528453 8.129928 -18.614090 9.169445 1.609343 -3.494303
-6.067729 -14.576385 10.050605 -1.977179 7.518892 6.094595 17.178478 27.088968 -13.574669 -22.456217 -2.407018 -4.010843 -25.060513 -15.003642 -7.661007 16.487320 -1.820704 -2.844974 -20.417196 -25.396931 8.503161 -13.892834 -18.284861 10.896215 -3.528453 8.129928 -18.614090 9.169445 1.609343 -3.494303
-6.067729 -14.576385 10.050605 -1.977179 7.518892 6.094595 17.178478 27.088968 -13.574669 -22.456217 -2.407018 -4.010843 -25.060513 -15.003642 -7.661007 16.487320 -1.820704 -2.844974 -20.417196 -25.396931 8.503161 -13.892834 -18.284861 10.896215 -3.528453 8.129928 -18.614090 9.169445 1.609343 -3.494303
-6.787251 -14.250241 10.914014 -1.561754 8.061640 6.722403 16.923615 26.545816 -12.922440 -23.625328 -2.599097 -1.912741 -24.769581 -12.398890 -4.256421 16.504105 -2.634989 -3.023199 -20.618834 -27.098907 7.961986 -18.063885 -17.539497 11.748997 -5.966466 6.439660 -19.529308 9.289628 0.912756 -3.675743
-6.808716 -14.314470 11.093288 -1.612213 7.933448 6.767900 16.771629 26.515320 -12.831204 -23.908564 -2.312947 -2.029648 -24.838799 -12.129386 -3.774367 16.278629 -2.498172 -2.909528 -20.760000 -27.143965 7.908447 -17.978277 -17.617943 11.741334 -5.985848 6.315504 -19.502420 9.200952 0.908515 -3.865186
-6.765547 -14.217162 10.991620 -1.651880 8.078691 6.991118 16.743832 26.445980 -12.866248 -23.971014 -2.299712 -1.936530 -24.907022 -12.090707 -3.915496 16.214180 -2.351078 -2.881673 -20.841375 -27.331200 7.922609 -18.182463 -17.608425 11.886355 -6.159931 6.241176 -19.546417 9.131668 0.806814 -3.782841
-6.698187 -14.252300 10.931867 -1.636116 8.087537 6.948505 16.744860 26.459414 -12.872293 -23.972216 -2.285526 -1.962971 -24.906778 -12.121060 -3.924626 16.214149 -2.282576 -2.896211 -20.829279 -27.312050 7.940059 -18.222584 -17.603048 11.907681 -6.180576 6.277519 -19.564781 9.114819 0.822238 -3.742604
-6.678787 -14.269913 10.918165 -1.621394 8.078287 6.936072 16.735006 26.459633 -12.880213 -23.983854 -2.248621 -1.957936 -24.926285 -12.103990 -3.862975 16.193993 -2.256285 -2.901389 -20.834364 -27.287968 7.971948 -18.234293 -17.603695 11.915015 -6.182041 6.313785 -19.591671 9.086131 0.843316 -3.725538
-6.678694 -14.270538 10.917844 -1.621734 8.078469 6.937199 16.734655 26.459858 -12.880287 -23.984156 -2.248525 -1.957964 -24.926561 -12.103943 -3.862885 16.194279 -2.256041 -2.901679 -20.833670 -27.287998 7.973250 -18.236475 -17.603529 11.915578 -6.182577 6.313915 -19.592493 9.086586 0.844474 -3.726654
-6.673191 -14.270375 10.912642 -1.624084 8.080913 6.933689 16.734915 26.460184 -12.878689 -23.982435 -2.246348 -1.962708 -24.927465 -12.106977 -3.867275 16.193752 -2.249085 -2.900563 -20.833445 -27.280060 7.970599 -18.238430 -17.603529 11.914672 -6.185130 6.311695 -19.592506 9.087096 0.842777 -3.724299
-6.678256 -14.270055 10.918036 -1.621666 8.078090 6.936195 16.734941 26.459551 -12.880129 -23.984249 -2.248399 -1.957958 -24.926332 -12.103974 -3.862796 16.193760 -2.255737 -2.901534 -20.834391 -27.287897 7.972064 -18.235353 -17.603634 11.915008 -6.183156 6.313625 -19.592197 9.085911 0.843302 -3.724961
-6.678181 -14.270012 10.917926 -1.621851 8.078071 6.936111 16.734753 26.459682 -12.880067 -23.984362 -2.248639 -1.959487 -24.924791 -12.102806 -3.862687 16.195778 -2.256978 -2.900346 -20.834438 -27.287474 7.971820 -18.236195 -17.603861 11.914554 -6.183103 6.313287 -19.592422 9.086452 0.843275 -3.724105
-6.678068 -14.266296 10.895047 -1.636591 8.078604 6.929976 16.751909 26.464993 -12.888950 -23.954800 -2.259137 -2.001800 -24.912346 -12.140429 -3.931153 16.206089 -2.239633 -2.880657 -20.827324 -27.276009 7.963562 -18.230865 -17.603102 11.917178 -6.181231 6.300973 -19.582016 9.096721 0.835828 -3.732259
-6.695235 -14.255960 10.904813 -1.645815 8.082972 6.940397 16.758888 26.463017 -12.885530 -23.947922 -2.275792 -2.001230 -24.903961 -12.143991 -3.956031 16.214823 -2.256974 -2.877828 -20.826975 -27.288849 7.951765 -18.231026 -17.604277 11.911262 -6.182805 6.286122 -19.575623 9.108107 0.830105 -3.735481
-6.695846 -14.255831 10.905323 -1.645691 8.082597 6.940459 16.759106 26.463053 -12.885494 -23.947977 -2.276139 -2.002926 -24.903229 -12.144526 -3.958679 16.216278 -2.259838 -2.877108 -20.826715 -27.288351 7.952566 -18.230707 -17.603785 11.912065 -6.182031 6.287315 -19.575798 9.108482 0.830467 -3.735267
-6.695846 -14.255831 10.905323 -1.645691 8.082597 6.940459 16.759106 26.463053 -12.885494 -23.947977 -2.276139 -2.002926 -24.903229 -12.144526 -3.958679 16.216278 -2.259838 -2.877108 -20.826715 -27.288351 7.952566 -18.230707 -17.603785 11.912065 -6.182031 6.287315 -19.575798 9.108482 0.830467 -3.735267
-6.695846 -14.255831 10.905323 -1.645691 8.082597 6.940459 16.759106 26.463053 -12.885494 -23.947977 -2.276139 -2.002926 -24.903229 -12.144526 -3.958679 16.216278 -2.259838 -2.877108 -20.826715 -27.288351 7.952254 -18.231211 -17.603760 11.911716 -6.182371 6.286987 -19.575884 9.108754 0.830438 -3.734923
-6.695846 -14.255831 10.905323 -1.645691 8.082597 6.940459 16.759106 26.463053 -12.885494 -23.947977 -2.276139 -2.002926 -24.903229 -12.144526 -3.958679 16.216278 -2.259838 -2.877108 -20.826715 -27.288351 7.952566 -18.230707 -17.603785 11.912065 -6.182031 6.287315 -19.575798 9.108482 0.830467 -3.735267
-6.688971 -14.256966 10.896199 -1.648805 8.083611 6.936335 16.760479 26.466257 -12.887247 -23.943354 -2.261851 -2.007363 -24.910183 -12.143978 -3.940327 16.209789 -2.243682 -2.878247 -20.826836 -27.271116 7.967603 -18.227743 -17.602781 11.918185 -6.179887 6.304761 -19.582428 9.093451 0.837213 -3.732978
-6.688971 -14.256966 10.896199 -1.648805 8.083611 6.936335 16.760479 26.466257 -12.887247 -23.943354 -2.261626 -2.007378 -24.910234 -12.143956 -3.940142 16.209557 -2.243146 -2.878390 -20.826860 -27.271049 7.967403 -18.230127 -17.602739 11.917828 -6.180936 6.304537 -19.583063 9.094051 0.837461 -3.731964
-6.688971 -14.256966 10.896199 -1.648805 8.083611 6.936335 16.760479 26.466257 -12.887247 -23.943354 -2.261626 -2.007378 -24.910234 -12.143956 -3.940142 16.209557 -2.243146 -2.878390 -20.826860 -27.271049 7.967721 -18.229582 -17.602770 11.918172 -6.180582 6.304874 -19.582977 9.093770 0.837499 -3.732316
-6.677128 -14.263230 10.897973 -1.638378 8.081662 6.928338 16.749632 26.463953 -12.884757 -23.956652 -2.258953 -2.005038 -24.911980 -12.141677 -3.934029 16.206469 -2.238294 -2.879652 -20.826735 -27.272152 7.964567 -18.231316 -17.603060 11.916265 -6.180738 6.301102 -19.583473 9.096431 0.836892 -3.732980
-6.677128 -14.263230 10.897973 -1.638378 8.081662 6.928338 16.749632 26.463953 -12.884757 -23.956652 -2.258953 -2.005038 -24.911980 -12.141677 -3.934029 16.206469 -2.238294 -2.879652 -20.826735 -27.272152 7.964567 -18.231316 -17.603060 11.916265 -6.180738 6.301102 -19.583473 9.096431 0.836892 -3.732980
-6.677128 -14.263230 10.897973 -1.638378 8.081662 6.928338 16.749632 26.463953 -12.884757 -23.956652 -2.258953 -2.005038 -24.911980 -12.141677 -3.934029 16.206469 -2.238294 -2.879652 -20.826735 -27.272152 7.964248 -18.231857 -17.603029 11.915921 -6.181092 6.300764 -19.583563 9.096710 0.836855 -3.732627
