0.268830 -6.147069 -3.197991 -12.613105 19.121475 -6.363364 16.661694 -10.182874 -11.452315 -12.271393 -21.486259 5.136409 -8.457473 -0.553258 9.315880 9.793554 17.743164 -0.249896 -17.321756 -0.451030 1.611104 16.353079 0.011739 3.381789 -21.392729 6.420361 -4.147960 12.197533 4.238077 3.203976
-0.112408 -6.260405 -3.594572 -12.972870 19.242863 -6.641456 16.412525 -10.503193 -11.227431 -12.446159 -21.646778 5.537735 -8.894749 -0.098501 9.337372 9.914839 18.328505 -0.293709 -16.967516 -0.148443 1.438971 16.260387 -0.316059 3.326010 -21.771921 6.325872 -3.833202 11.981628 4.181637 3.323655
-0.832933 -6.335592 -4.015363 -13.605846 19.156178 -7.215332 15.945364 -10.857893 -10.788583 -13.093221 -22.007746 6.312793 -9.506457 0.880671 9.761966 9.901952 19.485216 -0.264482 -16.374393 0.400397 1.207516 16.025486 -0.873132 3.187087 -22.267353 6.147398 -3.413260 11.674385 4.065272 3.441420
-1.731092 -6.136866 -3.675372 -14.075506 18.749439 -7.897221 15.185920 -10.628455 -10.460935 -14.065086 -22.455399 6.999813 -10.184189 1.500068 9.813815 9.650949 20.363522 0.009528 -15.846105 1.176584 0.810581 15.495494 -1.976935 3.108176 -22.592537 5.956631 -2.845838 11.579443 4.127892 3.994477
-2.582018 -5.880237 -2.938239 -14.926170 18.018772 -8.286049 14.104148 -9.668400 -9.945086 -15.264394 -23.071461 7.999631 -11.335416 2.388302 9.874066 9.041232 20.660429 1.040530 -15.168532 1.933168 0.378299 14.936843 -3.341016 2.743605 -23.000307 5.813797 -2.449893 11.478483 4.347782 4.666532
-2.808527 -5.703860 -2.886506 -16.039288 18.053698 -8.313534 12.757142 -8.840152 -9.483708 -16.062788 -23.651119 8.588265 -12.501953 2.678774 8.990755 8.714069 20.326780 2.364117 -14.616473 2.489475 -0.097023 14.359916 -4.730236 2.105007 -23.367554 5.591485 -2.014829 11.471743 4.637617 5.189197
-2.681207 -5.617543 -3.115608 -17.263403 17.962730 -8.269595 11.244541 -7.669685 -9.086190 -16.893713 -24.285341 8.859424 -13.631805 2.575544 7.757047 8.032160 19.656612 3.875950 -14.346736 2.975633 -0.465759 13.681495 -5.919185 1.315648 -23.414543 5.587900 -1.888999 11.550671 4.996483 5.828391
-2.443965 -5.656652 -3.504537 -17.879749 17.959646 -7.862386 10.298378 -6.694505 -9.059059 -17.513124 -24.691477 9.002593 -14.494308 2.281775 6.848485 7.454117 18.983280 4.978159 -14.299551 2.823380 -0.801556 13.238214 -6.716864 0.925820 -23.348915 5.531912 -1.622306 11.705154 5.138563 6.479448
-2.453202 -5.583052 -3.629084 -18.207117 17.910069 -7.948008 9.715029 -5.977745 -9.051221 -18.017004 -24.984785 9.132798 -15.163365 2.043850 6.172889 7.013175 18.270378 5.868868 -14.305826 2.685729 -0.827763 12.960134 -7.132946 0.587526 -23.260166 5.556755 -1.640226 11.730780 5.266977 6.912746
-2.462190 -5.590125 -3.611437 -18.383677 17.832630 -7.981049 9.405416 -5.557643 -8.928564 -18.297510 -25.150215 9.179730 -15.463091 1.926839 5.782445 6.857422 17.859802 6.334758 -14.317603 2.516498 -0.896315 12.725493 -7.402017 0.509670 -23.171753 5.592619 -1.592720 11.784620 5.357987 7.175283
-2.326713 -5.301137 -3.612494 -18.264194 18.122444 -8.109003 9.303749 -5.695080 -8.965680 -18.104345 -25.264509 9.086310 -15.078518 1.879907 5.910797 6.913035 17.948040 6.127617 -14.375180 2.605977 -0.741775 12.859460 -7.271094 0.359887 -23.245371 5.549808 -1.794174 11.669292 5.290270 6.922327
-0.414129 -3.931049 -4.705091 -17.236963 20.208784 -8.988068 8.912798 -7.025179 -9.441726 -16.354746 -25.843529 8.924682 -12.154311 1.678542 7.111247 7.488857 17.894945 5.068925 -15.016576 3.702306 0.676528 13.732451 -6.150262 -0.320692 -23.841356 5.389468 -3.022240 10.669595 4.893096 4.987362
1.183291 -1.285298 -5.037671 -13.357695 23.198881 -9.800949 10.258056 -8.654596 -11.980386 -12.655807 -25.320271 6.839901 -6.194172 0.363182 9.774754 8.301138 16.291594 3.095598 -17.285973 7.157862 2.886101 16.113068 -2.432668 0.014415 -24.180317 5.456885 -4.988741 9.409273 3.573689 1.453993
8.436569 -1.357810 -6.065139 -6.548460 22.546513 -15.154415 12.253471 -5.140426 -15.792937 -9.552054 -17.737379 0.050927 -5.670004 -3.443644 18.107506 2.854417 20.006630 2.765506 -19.653528 12.568794 0.538609 12.610250 1.291985 6.456004 -24.981171 3.664941 -6.865712 9.059763 0.329991 -6.197132
17.067755 0.872962 -6.788453 -3.061128 22.489590 -19.247103 15.779563 -3.143384 -16.822269 -5.338354 -12.541251 -6.187142 -4.170699 -6.164297 23.385586 -1.320913 20.186136 2.576233 -22.709089 11.076970 0.432887 11.132320 3.733097 13.986722 -24.642944 3.627960 -6.575374 7.539011 -1.519479 -10.708905
21.066015 -0.314061 -7.613981 -1.257722 20.847879 -19.314138 24.053440 -0.307203 -18.099819 1.162075 -11.180279 -12.183781 1.136105 -10.423917 24.907545 -4.595598 12.108585 5.076042 -28.964575 6.720267 3.031828 7.841947 9.334306 16.183653 -23.765553 4.683753 -10.345659 8.639068 0.216566 -8.030598
18.668856 -7.608355 -6.999815 -1.175853 14.473888 -20.535799 31.372795 -3.598499 -17.135223 1.293440 -8.986061 -10.120997 -3.756321 -8.165880 26.181568 -3.733543 4.399380 7.543473 -28.527922 1.840727 3.821022 2.782652 10.364370 15.654244 -22.709499 7.063800 -12.407304 10.896099 3.800132 -1.887191
13.267212 -13.083170 -5.593608 -3.702411 9.001287 -19.212320 35.038826 -6.197381 -15.913428 0.465239 -9.073195 -4.323973 -9.172919 -4.884543 26.733664 0.178184 0.141574 6.229527 -26.061562 -2.501324 3.634697 0.470851 11.169870 14.060419 -20.261375 8.443843 -12.517971 14.218752 5.539757 1.757104
8.790099 -14.771961 -4.166682 -4.717729 7.235595 -20.539629 37.464691 -5.532900 -15.913478 0.565624 -6.938291 -1.168860 -14.184880 -1.287201 30.315838 -1.857972 0.896639 6.752276 -24.004198 -4.679128 3.160601 -3.193341 11.576970 13.335396 -19.374634 9.663167 -13.297215 16.654219 7.171204 5.973260
6.614232 -15.571478 -3.979964 -4.955712 6.228282 -21.714411 38.978638 -4.709676 -16.033424 0.738907 -5.759381 -0.152407 -17.314240 -0.222405 30.472548 -2.346260 1.691013 7.361055 -22.508602 -5.120087 2.637141 -4.499632 11.473196 12.953174 -18.779751 9.705758 -12.975995 18.412502 7.765527 7.581059
6.270160 -15.642546 -3.905185 -5.063714 6.057362 -21.845472 39.096577 -4.528473 -15.983117 0.689496 -5.544720 -0.012620 -17.746853 -0.110524 30.542444 -2.296111 1.646216 7.445601 -22.314680 -5.040145 2.584850 -4.622044 11.445864 12.905376 -18.652248 9.701081 -12.869767 18.625610 7.834049 7.738420
6.083428 -15.651294 -3.579610 -5.238285 5.915647 -21.880777 39.532295 -4.317850 -15.805991 0.817483 -5.256035 0.182530 -18.139591 -0.228618 30.800880 -2.068540 1.353754 7.497064 -22.281872 -4.887578 2.769474 -4.777135 11.225538 12.922507 -18.481062 9.932553 -12.874418 18.609774 8.073617 7.813676
5.796246 -15.912378 -2.970446 -5.405727 5.474305 -21.705019 40.496384 -3.977523 -15.578208 0.939614 -4.155821 0.423688 -18.992447 -0.395673 31.295256 -2.052620 0.983960 8.022614 -21.865980 -4.178217 3.028806 -5.311582 10.978451 12.916968 -18.177517 10.264659 -12.842577 18.832134 8.479350 8.208799
5.334319 -16.253265 -2.179358 -5.474128 4.886949 -21.070337 41.414165 -3.687785 -15.330080 0.846971 -1.960649 0.586125 -20.464535 -0.853008 31.908613 -2.297852 0.688155 8.942467 -21.123686 -2.753205 3.289921 -5.868092 10.786625 12.701377 -17.679352 10.622035 -12.782905 19.210537 8.951629 8.806967
4.869372 -16.856256 -1.118408 -5.348379 3.863431 -19.541101 42.532700 -3.303512 -14.992929 0.460104 0.776947 -0.317379 -22.296577 -1.878583 32.632408 -2.925668 -0.011251 11.861297 -20.515224 -0.426486 3.637030 -6.343518 10.722796 12.622193 -17.003963 11.144506 -12.598743 19.771301 9.460757 9.622840
4.495709 -17.458513 -0.681262 -5.528157 2.914793 -17.718346 42.932510 -2.698147 -14.749018 -0.093097 2.630315 -0.949273 -24.768505 -3.200752 32.374550 -3.084242 -0.747681 14.900554 -20.105947 1.527194 3.717682 -6.909701 10.299701 12.471383 -16.382883 11.500581 -12.253575 20.395947 9.882536 10.253456
4.239780 -18.270899 -0.782730 -5.674468 2.097894 -15.760015 42.889297 -1.750396 -14.942025 -0.848797 3.562695 -2.830023 -26.682335 -5.274700 30.257351 -3.215060 -0.769979 18.151043 -19.650587 2.645042 3.734232 -7.332772 9.742800 12.230536 -15.678493 11.621066 -11.922705 21.054314 10.130435 10.289115
4.090107 -18.831842 -0.670286 -5.789013 1.449879 -14.433434 42.424530 -0.909395 -15.178688 -1.675393 3.906355 -4.093584 -27.677292 -6.815008 27.810818 -3.080368 -0.555011 20.006855 -19.144503 2.996399 3.737515 -7.318040 9.239703 11.988175 -15.032381 11.593548 -11.550792 21.514912 10.168311 10.021012
4.011401 -19.169481 -0.135819 -5.903711 0.942777 -13.543653 41.756355 -0.219253 -15.325008 -2.517824 3.935829 -5.093815 -27.977732 -7.627226 26.558762 -3.080435 -0.351394 21.317394 -18.808714 3.279907 3.646714 -7.330579 8.910020 11.792274 -14.740820 11.514415 -11.314507 21.810499 10.156348 9.965991
3.846965 -19.218487 0.222633 -5.971631 0.779393 -13.057006 41.325264 0.253296 -15.432267 -2.966980 3.868859 -5.596273 -27.981785 -7.991192 25.661736 -3.178523 -0.253333 22.051680 -18.594191 3.410810 3.570266 -7.311441 8.731658 11.682628 -14.540187 11.443444 -11.189915 21.975016 10.132231 9.887422
3.931105 -19.261286 0.233513 -5.968079 0.760014 -12.975288 41.323830 0.228731 -15.432260 -2.955694 3.881219 -5.739676 -27.907570 -8.092882 25.613331 -3.232706 -0.234108 22.218884 -18.608160 3.477388 3.605732 -7.316807 8.750835 11.713641 -14.503776 11.458856 -11.186912 22.001492 10.132560 9.842056
4.885857 -19.544586 0.235428 -5.746720 0.741968 -12.845133 41.794224 -0.417777 -15.276777 -2.435630 3.980214 -6.431632 -27.221565 -8.701125 25.835838 -3.476682 -0.157191 22.681692 -18.873051 3.796194 3.960444 -7.342631 9.076085 12.188167 -14.443175 11.697974 -11.318735 21.985821 10.125795 9.603371
7.000072 -19.574562 0.679115 -5.077703 1.253196 -12.540897 42.425316 -1.904068 -15.071157 -1.227474 4.272791 -7.486019 -25.076328 -9.437676 26.538910 -4.233489 0.190594 22.516609 -19.278128 4.412295 4.630667 -7.297422 9.821556 13.189779 -14.430051 12.092337 -11.649846 21.662498 10.092721 8.965923
9.794249 -18.849337 1.730955 -4.074969 2.159383 -13.055362 43.189552 -3.012596 -15.037833 0.721644 3.683907 -9.730317 -20.736027 -10.538531 27.018219 -5.218626 0.793369 22.256180 -20.205048 5.251865 5.171320 -6.232701 11.063033 14.366227 -14.314734 12.016953 -11.867435 21.007257 9.644032 7.395336
11.558325 -17.170994 2.949520 -2.015356 3.517946 -13.972761 43.008846 -4.092187 -15.687046 2.144880 0.567840 -11.924706 -15.369348 -12.216290 25.212769 -4.280499 0.783605 21.173471 -21.982944 4.997802 6.026565 -3.709675 12.220825 15.082118 -15.356708 11.421121 -12.330486 19.273396 8.382389 5.196486
12.600903 -14.318801 3.732964 0.857349 5.976027 -12.773510 41.662003 -4.130611 -17.741856 3.063069 -2.314814 -12.580487 -10.188592 -13.122499 22.129301 -2.238682 0.267089 18.712929 -23.487907 5.251019 6.887542 -1.146856 13.160412 13.934554 -15.895732 10.809297 -13.237196 17.972256 7.033218 3.185692
12.386747 -12.364065 3.673789 2.017222 7.890266 -10.524617 38.847576 -5.346080 -18.756424 2.076649 -4.539467 -13.272597 -6.305038 -13.030776 19.332285 0.396802 0.705468 16.716711 -24.070494 6.737940 7.241059 0.778797 13.741632 11.681868 -16.839245 10.526271 -14.084259 16.464638 6.172945 2.821388
21.978498 -0.942929 2.969030 -7.714411 9.225464 -4.892164 30.140244 -4.925491 -15.228454 -12.390776 -9.154059 -3.397069 -6.056479 -20.379225 9.993878 1.258484 4.273102 10.747289 -26.140093 4.395204 4.541105 9.957412 5.580573 10.232295 -16.448185 14.263154 -11.040867 11.072264 7.662745 -5.395916
19.918644 0.637871 2.221185 -9.504103 11.482427 -5.272295 26.916000 -6.034195 -15.171814 -12.892037 -11.203058 -2.450814 -4.655439 -19.323132 6.953567 2.841946 6.848680 6.893930 -25.594152 3.184864 3.805032 12.440735 4.186062 8.338251 -17.253666 12.451659 -9.432200 11.239010 6.032892 -6.706403
16.055096 1.359695 1.332117 -12.208796 12.202781 -5.802640 24.009331 -7.379251 -15.440682 -13.388151 -12.715046 -1.165191 -5.208974 -16.403456 6.037245 4.620481 11.103738 2.362734 -24.369080 2.116797 2.200071 13.421292 3.886276 7.161005 -17.777166 11.090699 -7.924894 12.541721 5.154116 -4.968581
6.016288 -4.767293 1.339771 -8.518349 17.102619 -4.191265 19.622471 -4.349757 -12.482505 -11.016055 -15.758776 1.393820 -5.647411 -6.764634 10.272925 10.082895 12.777747 0.209180 -20.634153 -1.294562 2.849830 15.108715 2.427825 4.198918 -17.434704 7.999196 -7.884367 13.812351 4.469430 0.225324
1.778604 -7.648338 -1.547648 -11.951750 16.052593 -4.251557 18.752125 -4.687185 -11.369981 -13.324883 -17.506697 3.813521 -9.873612 -2.732238 8.957863 10.858800 14.583158 -0.812108 -18.365110 -3.166379 1.796067 13.803820 0.478283 3.046820 -18.489513 7.456569 -5.757546 14.807241 5.387895 4.479075
0.065758 -9.690889 -0.870629 -13.412683 13.845533 -5.762477 18.157980 -4.505024 -10.045838 -15.363443 -18.062641 4.590400 -13.661351 -0.796691 8.017872 9.719201 15.994386 0.219864 -17.158260 -4.656669 0.749509 12.416211 -2.068529 4.348946 -18.609463 7.311122 -3.791255 14.831064 6.091249 5.277912
1.074427 -11.158310 -0.845997 -14.391743 12.230642 -6.140163 18.302279 -3.620857 -8.526588 -16.094204 -17.144077 4.588721 -16.625477 -0.730385 7.083549 8.957045 15.901376 2.784986 -16.203993 -3.987153 -0.345772 11.742916 -3.596684 5.531423 -18.833347 7.425000 -2.091485 14.551446 6.209130 4.800758
2.529093 -10.779117 0.179923 -14.598533 11.428332 -7.234109 18.016220 -2.026319 -7.627569 -16.883186 -15.970125 4.318303 -19.069054 -1.821992 5.630784 8.021291 14.732533 5.148475 -16.057491 -3.863500 -0.607411 10.814548 -4.949630 6.374975 -17.789467 7.964823 -2.066794 14.996778 6.776542 3.203713
4.074187 -9.453326 2.160323 -14.416607 11.162118 -7.105375 18.022408 -0.426711 -7.303114 -16.980288 -14.737791 3.787614 -20.051033 -3.827804 4.690831 7.343671 12.509973 7.273252 -16.623842 -3.795814 -0.693267 9.935671 -6.357343 6.929911 -16.602760 8.300303 -1.759662 15.312654 7.281720 1.637028
5.665496 -8.330251 4.006633 -13.720848 11.399480 -8.123549 18.263435 0.537894 -6.555165 -16.223478 -14.181606 3.232487 -19.903122 -5.383329 3.775254 7.300460 9.582861 9.435295 -17.132500 -3.278172 0.137541 9.026963 -6.924350 6.831644 -15.540837 8.926297 -2.232937 15.584009 7.957580 0.895211
6.772612 -6.781564 5.575143 -13.515451 12.042741 -8.228943 17.761749 1.700381 -6.095396 -15.744431 -14.014717 2.943390 -20.054752 -6.060529 3.391845 7.036601 8.094056 10.441825 -17.229872 -3.616782 0.649973 8.470277 -6.902396 6.532104 -14.961110 9.323764 -2.893492 15.717625 8.323535 0.570065
7.337155 -5.922251 5.527321 -13.448853 12.519008 -7.902769 17.053015 2.950728 -6.341534 -15.884983 -13.789103 2.510811 -20.403481 -6.624422 3.126146 6.297064 7.234200 10.754668 -17.699831 -5.223183 0.838462 8.237183 -7.208859 7.035704 -14.654036 9.275632 -3.387740 15.285839 8.140019 -0.369794
7.516057 -5.959741 5.437420 -13.077273 12.408579 -7.562648 17.086433 3.726544 -6.649583 -15.973114 -13.675211 2.305167 -20.561708 -6.783049 3.055249 6.006376 7.019478 10.690515 -17.853003 -6.108395 1.007181 8.278122 -7.123652 7.177407 -14.611635 9.213153 -3.855153 14.992579 7.952887 -0.864148
