-2.288898 -3.548390 -0.055900 -15.430164 17.260872 -10.599307 13.619077 -7.383461 -15.475526 -5.564456 -22.805035 4.224864 -12.603570 -9.630761 17.196550 10.308388 9.337652 -10.213010 -7.319574 13.808563 3.187133 2.971446 2.487202 3.683877 -25.091518 2.874542 -2.502812 15.895601 1.754363 4.613094
-2.526097 -3.657175 -0.424011 -15.766981 17.403475 -10.691894 13.212851 -7.794744 -15.304898 -5.737076 -22.897156 4.593307 -13.048730 -9.289801 17.284271 10.243566 9.911611 -10.345746 -7.038374 14.260992 2.989401 3.111234 2.198494 3.611066 -25.396254 2.773340 -2.222449 15.767933 1.706226 4.748797
-3.301982 -3.795452 -0.970171 -16.353607 17.360689 -11.138997 12.503607 -8.004294 -15.238944 -6.368232 -23.364120 5.264520 -13.631330 -8.435226 17.487577 10.144626 11.118146 -10.549973 -6.456346 15.021088 2.717280 3.309576 1.742762 3.459548 -25.801035 2.630510 -1.896423 15.602157 1.640388 4.933744
-4.392767 -3.686289 -0.476670 -16.460823 17.035660 -12.028591 11.619566 -8.164621 -14.729187 -7.712759 -23.807932 5.954149 -14.390103 -7.691256 17.649342 9.955168 11.886188 -10.567023 -5.864006 15.938228 2.348759 3.044821 0.631249 3.319769 -26.104774 2.519950 -1.420690 15.409504 1.749666 5.434840
-4.979063 -3.559628 -0.101377 -17.030159 16.748587 -12.434488 10.163888 -7.767085 -14.035906 -9.467316 -24.918091 7.054307 -15.642947 -6.798573 17.527279 9.307751 12.393261 -9.805583 -4.982838 16.830883 1.926576 2.599126 -0.730887 2.904610 -26.512768 2.399400 -1.020965 15.124754 1.973395 6.092586
-4.885534 -3.507292 -0.578708 -18.319212 17.071810 -12.304348 8.700377 -7.061625 -13.497684 -10.439980 -25.569603 7.774390 -16.877077 -6.414797 17.174309 8.829821 12.065482 -8.750751 -4.354686 17.559494 1.525046 1.894704 -1.983762 2.364880 -26.811558 2.272034 -0.564498 15.045447 2.316301 6.618012
-4.575924 -3.793109 -1.532589 -19.812094 17.196865 -11.657581 7.402692 -5.810991 -13.184790 -11.376070 -26.381212 8.234357 -18.012836 -6.412385 16.203434 8.091778 11.102986 -7.136307 -4.015975 17.937803 1.321269 1.163344 -3.100610 1.600306 -26.817135 2.367313 -0.453025 15.016591 2.682672 7.261484
-4.394311 -4.049940 -2.066742 -20.288057 17.198177 -10.816417 6.603817 -4.782485 -13.141143 -12.133177 -26.676693 8.364159 -18.853014 -6.669467 15.598047 7.525668 10.316634 -5.856768 -3.788144 17.895893 1.118180 0.562343 -3.866767 1.290339 -26.747803 2.425477 -0.153156 15.119741 2.819487 7.923526
-4.320182 -4.041923 -2.291616 -20.767820 17.199247 -10.602064 5.953841 -4.133895 -13.001175 -12.693420 -26.756638 8.381442 -19.550556 -6.993999 15.087338 7.119404 9.583429 -4.905412 -3.581853 17.782722 1.173080 0.268121 -4.325741 0.979059 -26.665480 2.552463 -0.152960 15.030396 2.956046 8.330471
-4.169734 -4.072774 -2.344576 -20.999956 17.163643 -10.535040 5.526429 -3.724814 -12.847269 -12.978571 -26.807707 8.387469 -19.829582 -7.149220 14.855245 6.946571 9.255535 -4.538056 -3.528174 17.657444 1.149730 -0.047563 -4.590414 0.890090 -26.573570 2.619103 -0.108587 15.074059 3.054155 8.645304
-4.204557 -3.782773 -2.345969 -20.804487 17.460865 -10.711527 5.455443 -3.878550 -12.945336 -12.815954 -27.001953 8.286922 -19.486666 -7.140383 14.778338 6.977972 9.363894 -4.667399 -3.635954 17.755909 1.271022 0.139422 -4.500396 0.731938 -26.637070 2.563580 -0.274148 14.985770 2.980900 8.385687
-2.952812 -2.394620 -3.614763 -19.760210 19.454262 -12.037879 5.169379 -5.291674 -13.825448 -11.052697 -28.482855 7.865744 -16.094862 -7.099037 14.563113 7.556467 9.443406 -6.021416 -4.849974 18.338326 2.423737 1.863238 -3.460807 0.133979 -26.994331 2.469318 -1.387154 13.987223 2.580391 6.443598
-1.144322 1.723033 -2.966797 -16.431376 22.746229 -12.619710 7.634384 -7.593484 -14.786846 -7.205491 -28.043028 6.379924 -9.966887 -9.170444 15.958392 8.384836 8.750600 -6.604617 -7.318911 19.323521 4.915377 7.097167 -0.289135 0.537691 -26.763195 3.600217 -3.436991 11.285460 1.576580 2.765007
0.179590 10.492422 -3.316265 -16.572298 28.505945 -12.696850 14.279381 -5.623322 -14.072070 0.887170 -29.291687 6.875446 -2.777912 -10.318248 20.976648 7.427184 -1.850988 -2.361877 -11.170844 15.624224 7.718493 13.865862 -0.643860 3.975432 -22.539009 8.395425 -5.099641 7.228105 2.582948 -1.151129
12.463460 12.336385 -2.981606 -11.996361 29.526390 -9.281061 19.297432 -2.599176 -13.603974 3.366601 -25.101295 4.004166 0.957141 -12.590795 30.719389 2.609587 -2.016266 -0.595468 -13.936906 11.371412 6.752342 15.415025 0.738062 12.313458 -19.691326 8.770463 -2.714274 6.720922 1.321458 -6.105067
24.309809 3.933991 -0.680690 1.857154 23.605747 -7.019501 25.848404 -1.540467 -16.154318 1.167893 -17.728828 3.984843 0.224389 -14.670588 38.965977 -2.637068 0.266314 -2.054271 -16.137957 6.246692 4.648467 10.526254 1.777540 18.402296 -20.582876 8.317304 -2.974597 6.910077 1.354852 -8.240295
24.903807 -3.345073 1.075073 3.575855 14.557202 -17.132265 32.194023 -2.129008 -13.533432 -1.488016 -12.966795 6.678495 -6.413518 -14.744792 40.496960 -3.342880 -1.748605 -3.140726 -15.605486 2.886627 4.820985 2.951140 2.665481 21.484793 -22.851246 10.842953 -5.764297 4.569043 4.397231 -4.354809
16.117592 -8.085201 2.088235 -4.664190 9.295760 -23.174221 33.515610 -1.607998 -10.631191 -1.643804 -8.691115 10.352201 -12.733529 -13.298482 42.582001 -2.428137 -4.256354 -2.459971 -13.352073 1.565484 3.661752 -3.082228 7.481562 18.371103 -23.064049 11.103020 -11.146909 8.223416 6.341226 1.973489
9.905756 -9.744411 -0.150225 -7.279312 7.306346 -27.855499 35.721848 -0.291291 -10.672317 0.165984 -7.048640 11.541489 -17.354549 -12.213620 43.286503 -2.503631 -4.275190 -0.889558 -11.631145 1.082392 3.140471 -7.952304 9.893507 16.468840 -23.387724 11.661088 -13.991437 10.755419 8.113414 8.034206
7.109310 -10.178605 -1.731065 -7.597152 6.373014 -29.535192 36.903580 -0.556876 -10.846902 0.989765 -5.651956 11.630401 -20.395901 -11.790568 43.120255 -2.780116 -3.820959 0.893434 -10.266624 1.563268 3.123516 -8.936744 10.187788 14.999792 -22.726715 11.237029 -14.150129 12.533951 8.679547 10.030760
6.839053 -10.331995 -1.625380 -7.530158 6.110661 -29.367882 37.204720 -0.665726 -10.823649 1.000839 -5.428998 11.481018 -20.782001 -11.818213 43.023918 -2.736225 -3.803078 1.197723 -10.084070 1.745803 3.137020 -8.929696 10.253942 14.803033 -22.511694 11.163778 -14.060561 12.866693 8.704959 10.237675
6.580228 -10.537406 -1.504446 -7.589502 5.960625 -29.000578 37.912594 -0.892652 -10.854081 1.273470 -5.001528 11.077994 -21.106585 -12.013349 42.906231 -2.777966 -3.733672 1.620039 -9.917461 2.039405 3.390038 -8.911230 10.239984 14.475831 -22.117523 11.318110 -14.061174 13.221287 8.900202 10.563292
6.152713 -10.997831 -1.464152 -7.630977 5.495223 -28.016150 39.095299 -1.264070 -10.968534 1.667680 -4.367507 10.434695 -21.875938 -12.442214 42.297897 -2.849852 -3.665479 2.441842 -9.534913 2.410570 3.716847 -8.835837 10.274817 13.934987 -21.297794 11.451412 -13.930301 14.223592 9.158280 10.956196
5.538455 -12.091480 -2.017829 -7.619133 4.894516 -25.478294 40.226486 -1.890042 -11.656061 1.749969 -3.531889 9.673827 -23.052567 -13.210818 41.468975 -2.827611 -3.692490 3.484628 -9.144938 2.855237 3.819008 -8.719453 10.146926 13.565660 -19.990997 11.729913 -13.407077 15.556927 9.527881 11.355482
5.396533 -13.665129 -0.817497 -7.437785 3.872170 -22.351103 42.193039 -1.629953 -11.967022 1.397661 -2.645740 8.526548 -24.273876 -14.465575 39.978138 -2.863585 -3.848975 5.094045 -8.844806 3.381352 3.767800 -8.339056 9.562750 13.818871 -18.286095 12.236548 -12.408609 16.918816 9.889996 11.040135
5.396374 -15.876219 -0.183882 -7.455008 2.874161 -17.674080 44.101776 -1.174408 -12.806957 0.943620 -1.883417 7.507635 -25.808270 -15.702689 38.314152 -2.859674 -3.831908 7.201279 -8.351355 3.729733 3.492100 -7.785275 8.745088 13.818851 -16.636711 12.403008 -11.274462 18.832382 10.152113 10.296992
5.303644 -17.180593 -0.138018 -7.678101 2.065765 -14.707569 44.826183 0.542332 -13.381289 0.189369 -1.598239 6.987856 -27.012379 -16.492802 36.911617 -2.817725 -4.045708 9.226271 -7.790792 3.874248 3.391662 -8.438743 7.368257 14.667225 -15.855322 13.032651 -10.168466 19.215397 10.666863 9.963734
5.394084 -17.931864 -0.049432 -7.985851 1.232529 -13.063055 44.889221 1.888200 -13.447364 -0.512501 -1.480788 6.711748 -27.873081 -17.294540 35.289318 -2.572109 -4.202767 10.586642 -7.373282 3.960058 3.170971 -8.882721 6.596717 15.590330 -15.517006 13.406446 -9.197593 18.889664 10.814898 10.011126
6.222548 -18.447155 -0.070674 -8.413216 0.744570 -12.051539 45.040382 2.921274 -13.388572 -0.796377 -1.628809 6.627641 -28.280531 -17.771412 34.124813 -2.235341 -4.316625 11.153831 -7.172920 3.918387 3.094894 -9.091432 5.890233 15.990163 -15.338920 13.572827 -8.556215 18.608704 10.873116 9.994053
6.502673 -18.449755 0.091654 -8.635515 0.709497 -11.541660 44.881851 3.539710 -13.387084 -1.043281 -1.792731 6.588725 -28.335938 -18.068125 33.355217 -1.997845 -4.363315 11.273359 -7.125725 3.834036 3.047495 -9.228296 5.674800 16.077360 -15.313575 13.548970 -8.316885 18.580933 10.838177 9.914386
6.656473 -18.500364 0.122012 -8.613419 0.710988 -11.465668 44.919548 3.554160 -13.393673 -1.020368 -1.800252 6.521734 -28.263226 -18.156551 33.329063 -1.985538 -4.392344 11.336211 -7.172432 3.873201 3.083589 -9.273752 5.606219 16.153374 -15.286777 13.574952 -8.279646 18.533497 10.849214 9.802641
7.719740 -18.713686 0.248924 -8.262140 0.651015 -11.406988 45.253403 3.166067 -13.214465 -0.633076 -1.678954 6.056004 -27.669788 -18.729774 33.892956 -2.078956 -4.656425 11.719941 -7.601576 4.357647 3.473317 -9.492909 5.588922 16.757240 -15.294087 13.873855 -8.356724 18.165474 10.928571 9.366229
10.518143 -18.616713 0.997933 -6.854729 0.947916 -11.220634 45.259499 1.969786 -12.862158 -0.150881 -1.536506 5.638941 -25.945213 -19.669952 34.956776 -2.374422 -4.768881 11.353889 -8.397475 5.250341 4.196105 -9.960421 6.103524 17.869249 -15.705022 14.353500 -8.744298 17.258163 10.987247 8.898592
14.266933 -16.422134 4.433189 -4.388668 1.428157 -14.103314 45.404198 0.605008 -11.359401 0.512010 -1.769959 5.311933 -22.541924 -20.587566 36.920895 -2.884414 -4.444624 10.115718 -9.651787 6.489038 4.862009 -9.697885 6.282993 19.297434 -16.154947 14.552195 -8.654139 15.361861 10.523417 7.394095
17.385008 -13.025887 7.485425 -1.894794 2.662115 -16.326443 43.906082 0.987345 -10.505631 1.200466 -2.710733 5.516270 -18.557190 -21.329449 38.587032 -3.050004 -4.798772 8.789319 -10.977509 7.653590 6.261387 -7.640217 6.989270 20.818724 -17.870728 14.579799 -9.080620 11.502985 9.093158 5.264921
18.790396 -9.010456 10.765965 1.897524 4.871802 -16.313549 43.141949 1.105802 -11.585336 2.083861 -4.725852 6.240726 -14.595259 -21.638630 38.462307 -1.773649 -4.942418 6.663074 -11.987845 8.283677 7.128887 -5.144853 7.332387 20.697058 -19.308355 14.117248 -9.697665 8.666836 7.251287 2.739506
19.796656 -6.276320 11.655406 3.626388 6.868161 -14.141922 39.915798 -0.333548 -12.689622 2.011956 -6.128664 6.396335 -11.089993 -21.134106 37.020836 0.084965 -4.913154 4.827275 -12.401939 9.626100 6.863039 -3.719674 6.810095 20.396210 -21.248220 14.093107 -9.515079 5.871566 6.007544 1.986024
14.837378 4.707032 6.685800 -13.537544 9.051450 -11.416098 30.382818 -0.185412 -20.330397 -0.084705 -10.423757 -6.730440 -9.178458 -18.738014 25.798094 12.738806 -5.204202 -2.344141 -9.275825 13.031002 6.062273 -1.732452 6.076123 9.998452 -18.793339 10.973313 -8.701067 14.762936 4.847085 -4.346316
13.422506 5.868290 6.813352 -14.216656 10.892325 -7.421926 25.897560 -1.867912 -20.088045 -3.231031 -12.937377 -6.094673 -6.901152 -17.361391 23.813148 14.080956 -3.231540 -5.240554 -9.069566 12.791526 5.588026 1.857151 4.647167 7.807638 -18.963728 9.972665 -7.052722 14.803986 3.811020 -4.718103
10.006041 6.024661 5.991282 -16.186102 11.309770 -6.444993 23.049654 -3.373568 -19.815882 -5.288858 -15.410805 -3.787646 -7.142074 -13.692384 23.816666 15.520166 -0.874777 -7.881468 -8.044801 11.698009 4.464391 3.903043 4.241078 6.284531 -18.733192 9.143332 -5.070230 15.928908 3.356485 -3.081372
3.167473 -3.013484 3.563380 -11.356523 14.540982 -9.649586 17.904482 -1.138134 -16.954842 -4.112759 -16.231398 -0.236696 -10.661454 -15.644721 17.937572 11.659241 4.532129 -9.993503 -9.790105 13.841707 4.305298 0.962816 4.477528 4.614416 -21.670567 4.483595 -6.059576 17.003914 1.931031 1.535037
-0.763338 -5.622345 0.450773 -14.752616 13.909148 -9.229803 16.724846 -1.877440 -16.249809 -5.877099 -17.999735 2.451213 -14.528862 -11.895560 16.956640 12.166849 6.079403 -11.024444 -7.958973 11.586515 3.255300 -0.332838 3.208209 3.750962 -22.597485 3.944888 -4.226203 18.118542 2.658534 5.754035
-2.138006 -7.937076 0.959343 -16.227598 12.056868 -9.893238 16.051540 -2.075189 -14.373218 -8.500470 -18.688396 3.069493 -18.023491 -10.097810 16.462446 10.871658 7.187054 -9.955729 -6.525911 9.751010 2.367050 -1.686923 0.991864 4.799422 -22.817451 3.690373 -2.741034 17.852001 3.216822 6.561794
-0.600267 -9.610575 0.541094 -17.728121 10.371377 -9.750282 15.807656 -1.140914 -12.842068 -9.280547 -17.781277 2.912164 -21.010286 -10.177677 16.142748 10.479517 7.016829 -7.219065 -4.950887 10.110378 1.158973 -2.592329 -0.187141 5.978287 -23.015324 3.744180 -1.471944 18.027519 3.468502 6.579309
0.948169 -9.450513 1.421394 -18.225765 9.356356 -10.560759 15.781984 0.443443 -11.855579 -9.844349 -16.814194 2.553951 -23.019257 -11.218095 15.246877 10.075490 5.722757 -5.002398 -4.285344 10.224777 0.897002 -4.278906 -1.174511 7.048235 -22.054878 4.394392 -1.468975 18.787291 4.195942 5.469464
2.517749 -8.173569 3.411723 -17.990675 9.094350 -10.462730 15.839894 2.021306 -11.476294 -9.998615 -15.505526 2.058590 -23.839361 -13.272897 14.322882 10.062017 3.348553 -3.356968 -4.594878 10.376205 0.844016 -5.408001 -2.492550 7.686933 -20.876291 4.784466 -1.098118 19.220730 4.767924 4.075997
4.115711 -7.053237 5.251658 -17.293289 9.332138 -11.485471 16.081387 2.987109 -10.727704 -9.237422 -14.852235 1.361555 -23.588362 -15.389991 13.565221 9.469501 0.444323 -1.465190 -5.486146 10.179079 1.674514 -6.302101 -3.051532 7.593813 -19.816341 5.407445 -1.568830 19.487274 5.437039 3.325871
5.189700 -5.488081 6.852180 -17.082949 9.974624 -11.572240 15.596553 4.136505 -10.265172 -8.764049 -14.626768 1.004434 -23.581581 -16.210838 13.226184 8.782829 -1.016624 -0.693415 -6.097322 9.385196 2.198125 -6.861635 -3.031498 7.295579 -19.231892 5.811969 -2.237563 19.622116 5.806606 2.997935
5.749957 -4.630894 6.819022 -17.008207 10.438582 -11.244887 14.911272 5.375814 -10.513003 -8.896860 -14.308889 0.603701 -23.827709 -16.845318 12.922723 8.076100 -1.734950 -0.496051 -6.609697 8.048812 2.376279 -7.081675 -3.340785 7.803669 -18.927376 5.761300 -2.731085 19.175240 5.612940 2.044249
5.915694 -4.664744 6.725537 -16.650593 10.326413 -10.906826 14.953478 6.152915 -10.823691 -8.973690 -14.235591 0.425971 -23.919973 -17.015253 12.798701 7.817817 -1.881664 -0.563271 -6.741809 7.350596 2.538677 -7.050794 -3.253436 7.953100 -18.887621 5.694257 -3.199116 18.886353 5.424653 1.542370
