6.197738 -21.237532 9.050534 1.874405 22.265005 -3.091304 16.708065 12.460802 2.873464 -0.555349 -10.436390 -4.071595 -16.669621 -23.249199 15.817710 8.484282 -5.918065 -0.022085 -10.534625 12.622852 5.500406 -4.774042 2.023532 9.607117 -17.301622 6.830863 -7.640224 17.572990 3.963451 -3.459040
6.474259 -21.139574 9.222888 2.027621 22.328964 -2.987207 16.775837 12.381362 2.859735 -0.438126 -10.464663 -4.099606 -16.537815 -23.260637 15.833624 8.539457 -5.917460 -0.043630 -10.562951 12.743101 5.561121 -4.697357 2.117521 9.622064 -17.303350 6.857885 -7.715189 17.551876 3.928931 -3.546569
6.999732 -20.974180 9.517987 2.332088 22.388550 -2.765203 16.894894 12.157104 2.844394 -0.205047 -10.519869 -4.093193 -16.276909 -23.289095 15.894089 8.722357 -6.005273 -0.027928 -10.608233 13.017730 5.654236 -4.551144 2.258332 9.601543 -17.333277 6.891837 -7.827877 17.497158 3.871861 -3.666783
7.623490 -20.699900 9.745603 2.645023 22.546440 -2.454079 16.855230 11.779826 2.820990 0.085775 -10.635074 -4.168688 -15.815845 -23.260727 16.041637 8.798841 -5.869964 -0.035417 -10.694589 13.233633 5.763294 -4.318118 2.478886 9.522814 -17.402584 6.901164 -7.961431 17.395163 3.775367 -3.780746
8.328970 -20.355951 9.864627 2.931234 22.876007 -2.161103 16.612438 11.204723 2.803481 0.397932 -10.786390 -4.278584 -15.124450 -23.294607 16.168510 8.896927 -5.686846 -0.067081 -10.790441 13.706182 5.910914 -4.016352 2.794360 9.477927 -17.500492 6.937251 -8.117947 17.228806 3.638875 -3.936277
8.972131 -20.110483 9.823886 3.086447 23.190575 -1.821591 16.396025 10.486120 2.784139 0.754527 -10.928782 -4.280244 -14.479620 -23.367113 16.172916 9.155674 -5.709962 -0.092714 -10.815005 14.398032 6.030629 -3.644737 3.090662 9.339610 -17.621403 6.916364 -8.238581 17.020596 3.471073 -4.128826
9.540667 -19.892223 9.418938 3.137348 23.668295 -1.492964 16.087900 9.548019 2.731440 1.129429 -11.135709 -4.453062 -13.524623 -23.387489 16.321014 9.269756 -5.430415 -0.270580 -10.939818 15.136132 6.169561 -3.174357 3.422842 9.197583 -17.795349 6.850214 -8.292232 16.729622 3.285458 -4.273473
9.838857 -19.722132 8.722672 2.995594 24.330090 -1.195853 15.726351 8.415030 2.677347 1.526655 -11.320353 -4.606944 -12.612769 -23.608665 16.423717 9.349405 -5.302176 -0.358473 -11.138808 15.866766 6.283424 -2.630632 3.823116 8.909919 -18.045446 6.762089 -8.382398 16.483252 3.090177 -4.305407
9.667616 -19.561092 8.063755 2.851759 24.875111 -1.225698 15.432335 7.605046 2.526280 1.933784 -11.546682 -4.780137 -11.718148 -23.642414 16.685528 9.335322 -4.936359 -0.642403 -11.366762 16.254805 6.375095 -2.032652 4.066463 8.650531 -18.331163 6.601161 -8.388484 16.237820 2.874262 -4.437945
9.431555 -19.439291 7.553874 2.677376 25.369829 -1.214231 15.220630 6.835153 2.477906 2.173672 -12.080576 -4.805716 -10.941693 -23.376522 16.878819 9.351986 -4.257136 -1.334035 -11.588296 16.045494 6.407979 -1.625792 4.213141 8.320897 -18.665806 6.444588 -8.449805 16.110582 2.706901 -4.397725
9.166443 -19.287872 7.154668 2.699649 25.840427 -1.071317 15.062360 6.104207 2.323798 2.378288 -12.831715 -4.731344 -10.200800 -22.890682 16.990498 9.264540 -3.462617 -2.050241 -11.771035 15.498549 6.442235 -1.159198 4.357529 8.015003 -19.060684 6.226190 -8.511388 15.979279 2.487717 -4.360344
9.050176 -19.170198 6.906060 2.867747 26.208525 -0.841198 14.902314 5.449750 2.092532 2.488299 -13.246719 -4.703164 -9.573069 -22.497639 17.314095 9.044765 -2.576075 -2.730185 -11.959096 14.977529 6.462467 -0.733937 4.452155 7.729372 -19.494736 6.023031 -8.568622 15.788506 2.284141 -4.287701
8.694626 -19.090998 6.566567 2.996976 26.557880 -0.660814 14.691624 4.804500 1.733559 2.612334 -13.641048 -4.646755 -9.058363 -22.101793 17.644419 8.823156 -1.580050 -3.393951 -12.141175 14.374644 6.537527 -0.246601 4.521657 7.531247 -19.852634 5.857426 -8.569179 15.522032 2.101501 -4.305360
8.317350 -19.005087 6.171735 2.983312 26.873047 -0.563608 14.395838 4.305214 1.356098 2.749558 -14.147693 -4.583166 -8.425199 -21.798294 17.885923 8.633936 -0.732310 -3.835031 -12.284160 14.031151 6.555402 0.132255 4.577169 7.381101 -20.210339 5.674325 -8.552380 15.305511 1.948284 -4.235705
8.070961 -18.911470 5.798243 2.942472 27.212570 -0.550353 14.135840 3.910427 1.051711 2.868014 -14.452726 -4.608910 -7.831885 -21.627878 18.155193 8.419582 0.005386 -4.207415 -12.422894 13.863589 6.547028 0.515363 4.577520 7.270247 -20.505772 5.487566 -8.429542 15.129316 1.810831 -4.199032
7.852130 -18.931837 5.349288 2.894524 27.475670 -0.605693 13.894505 3.473419 0.828309 2.935958 -14.600605 -4.540622 -7.379015 -21.421297 18.438633 8.390179 0.529264 -4.682943 -12.505034 13.826942 6.557113 0.832834 4.596983 7.173759 -20.697784 5.366066 -8.364360 14.988047 1.722194 -4.167469
7.721544 -18.947191 4.962213 2.789333 27.673674 -0.719091 13.698145 3.175768 0.727660 2.981261 -14.819540 -4.560635 -6.977675 -21.335384 18.588512 8.355756 0.950486 -4.927335 -12.596578 13.867978 6.554164 1.049101 4.631678 7.109732 -20.858536 5.255499 -8.298923 14.906132 1.643139 -4.104752
7.662220 -18.950544 4.598117 2.650984 27.857117 -0.788687 13.451945 3.001226 0.665752 2.969157 -15.016552 -4.516409 -6.721810 -21.261122 18.645094 8.363764 1.208977 -5.059511 -12.626275 13.908321 6.527430 1.158193 4.600522 7.048535 -20.953121 5.175123 -8.265658 14.861083 1.606466 -4.055327
7.602428 -18.956190 4.355633 2.646365 27.969902 -0.830667 13.347656 2.861404 0.576838 2.994097 -15.105106 -4.471933 -6.551826 -21.168728 18.743458 8.368109 1.395971 -5.229753 -12.649981 13.911865 6.534351 1.235027 4.580451 7.010541 -21.044531 5.124920 -8.252801 14.801541 1.585421 -4.027453
7.597857 -18.953974 4.262734 2.622108 28.018438 -0.849965 13.308483 2.807214 0.563285 3.004550 -15.140735 -4.448584 -6.496737 -21.132019 18.776371 8.383041 1.451422 -5.292782 -12.651834 13.923698 6.532936 1.256998 4.587297 6.988846 -21.070206 5.107087 -8.246507 14.795990 1.578700 -4.003098
7.616420 -18.947401 3.999636 2.617300 28.145926 -0.916515 13.228724 2.695829 0.507846 3.031299 -15.174474 -4.425467 -6.299160 -21.085310 18.935287 8.353178 1.644503 -5.449362 -12.681153 14.005699 6.555123 1.287402 4.569283 6.950968 -21.159008 5.063987 -8.292290 14.730873 1.574382 -4.015604
7.672678 -18.942533 3.209605 2.581235 28.475525 -1.084938 13.075026 2.452567 0.353116 3.113399 -15.236433 -4.379049 -5.875946 -20.946884 19.298107 8.283377 2.130433 -5.787556 -12.723776 14.172775 6.627499 1.437806 4.500134 6.859422 -21.379845 4.963626 -8.385275 14.524235 1.558025 -4.095479
7.672106 -18.822821 2.123313 2.634189 28.955391 -1.526532 12.692547 2.358019 -0.016003 3.250525 -15.698721 -4.427301 -5.081470 -20.753881 19.626781 7.911239 3.172864 -6.118132 -12.817641 14.201822 6.699563 1.635688 4.553037 6.739003 -21.822357 4.778739 -8.493690 14.240070 1.506108 -3.989184
7.438414 -18.317625 0.872791 2.755925 29.689270 -2.215847 11.854166 2.621557 -0.577632 3.391519 -16.456699 -4.019149 -4.368850 -20.209345 19.966871 7.472729 4.363647 -6.686457 -12.920739 14.154270 6.794352 1.913697 4.427844 6.599046 -22.206993 4.591483 -8.474236 13.877010 1.438064 -4.111770
7.289836 -17.365074 -0.110625 2.761302 30.831203 -2.978123 10.610847 3.138338 -1.034924 3.487315 -17.369183 -3.411905 -3.765012 -19.462898 20.434395 6.944681 5.180488 -6.950132 -12.968228 14.349945 6.656427 2.367420 4.400902 6.546650 -22.575687 4.359357 -8.368030 13.464212 1.298337 -4.285996
7.436008 -16.386229 0.372939 4.285393 32.052032 -3.203894 8.285223 3.092772 -1.622083 1.996847 -19.758482 -4.435053 -2.406081 -20.061081 17.790895 6.443132 6.989326 -5.698521 -12.924496 13.610064 6.626577 2.924171 4.906592 6.788972 -23.978308 4.715847 -9.801190 11.058380 1.666815 -4.534867
7.647070 -15.425727 1.413532 6.768411 33.149551 -2.871761 5.787246 2.801491 -2.608132 0.180753 -22.144238 -6.153912 -1.215149 -21.185863 15.161657 5.471227 9.220199 -3.857894 -12.974696 14.001543 6.129583 3.479927 4.913201 7.284001 -25.625658 4.859622 -10.617059 8.681509 1.591645 -4.824239
7.772842 -14.190994 1.852743 8.351236 34.362663 -3.072867 3.628836 3.625454 -3.777252 -1.091361 -24.332256 -7.360972 -0.965928 -22.078117 12.861213 3.821146 11.794254 -1.525315 -12.715810 14.017913 4.864044 3.546001 3.618720 7.377193 -26.893608 3.899523 -10.761708 8.032061 0.940038 -5.985214
7.459600 -13.266895 1.054240 9.394439 35.054100 -3.335442 2.338694 4.572498 -4.895432 -1.835329 -26.180321 -7.054914 -1.007344 -22.497885 11.707240 1.998626 12.860589 0.724943 -12.401474 12.949833 3.735816 4.171075 2.047928 6.966031 -27.518639 2.736516 -11.208102 7.459007 0.357162 -7.937171
7.651076 -12.040160 -0.039271 10.170988 36.049576 -3.804118 0.580668 5.741696 -5.906989 -2.457518 -27.704351 -6.704121 -0.965769 -22.701935 10.755957 0.191161 13.218886 2.372879 -12.080459 11.902189 2.849648 5.045972 -0.257748 5.965132 -26.299974 1.705567 -10.597249 8.198415 -0.014478 -10.213078
7.723608 -10.381744 -0.036891 10.101857 36.932816 -4.256633 -1.258977 7.268415 -5.660579 -3.514105 -28.338745 -6.188540 -1.009163 -23.422153 9.305215 -0.828834 12.685144 3.684277 -12.190248 11.658491 2.416955 6.770679 -3.107483 5.300890 -24.762791 1.573111 -9.151014 8.236790 -0.126908 -12.740132
8.360697 -9.189211 1.178291 9.072680 37.215538 -3.675756 -2.557653 7.912905 -3.700730 -4.876354 -28.346951 -6.061162 -2.283956 -23.867491 7.695896 -0.971862 11.103375 5.651666 -12.162211 11.458737 2.120763 7.678998 -5.839034 5.101693 -23.626186 1.999954 -8.583747 7.753156 0.158792 -14.779539
9.125018 -9.158409 3.046794 8.277602 37.250431 -2.111556 -3.220235 7.622740 -1.000622 -6.790541 -28.579327 -6.443665 -3.740347 -23.903130 5.947622 -0.370575 9.419429 7.552485 -11.824871 11.371293 2.340882 8.852891 -7.896294 5.452394 -22.685129 2.657373 -7.188231 7.193024 0.447634 -16.479843
9.908567 -10.028723 4.397904 7.848905 37.221336 -0.855475 -3.552167 6.421172 1.287775 -9.092672 -28.679098 -6.683738 -4.826582 -24.073452 4.496409 0.539707 7.468159 9.192952 -11.177857 10.834519 2.481052 9.506160 -9.165913 5.230293 -21.442062 2.855523 -6.365526 7.933646 0.832631 -17.422138
11.326172 -10.645960 5.793584 7.583924 37.312660 -0.342479 -4.401965 5.517749 3.261195 -11.170118 -29.316822 -6.856243 -5.245732 -23.868399 3.191718 1.645004 5.159437 10.328282 -10.623015 10.105167 2.638962 9.545655 -10.407005 4.887648 -20.077618 2.838987 -5.180735 9.170666 1.146149 -17.240408
12.354952 -11.364349 6.620037 6.873294 36.847618 0.223383 -4.921514 5.442817 4.786141 -12.636005 -29.582813 -7.138281 -5.613005 -23.923429 2.372693 2.536869 3.491560 10.733546 -10.286551 9.203702 2.688575 9.180344 -11.894491 4.838320 -18.570333 3.264405 -3.887064 10.187109 1.689082 -16.622831
12.635545 -11.855312 6.852655 6.576557 36.262505 0.446587 -5.580959 5.867172 5.527553 -13.693306 -30.175549 -7.114075 -5.912071 -23.926926 1.440877 2.943385 2.612167 10.935481 -10.170499 7.903174 2.197776 9.005582 -12.974986 4.896903 -17.278946 3.586321 -3.143749 10.939286 1.776892 -16.911755
12.452889 -11.970047 7.278199 6.221978 35.714520 0.573971 -5.725843 6.164050 6.020595 -14.002766 -30.425392 -7.286185 -6.215063 -23.953537 0.976826 3.245794 1.884271 11.113349 -10.085715 6.989698 2.102623 9.403182 -13.488974 4.989690 -16.342434 3.736963 -2.382008 11.484525 1.733760 -17.031908
12.019180 -12.175446 7.431608 6.117450 35.346378 0.607543 -5.626869 6.210881 6.091362 -14.101279 -30.410975 -7.363326 -6.645077 -24.087896 0.630381 3.442217 1.523084 11.137563 -9.975937 6.705928 1.924816 9.661519 -14.091537 5.055583 -15.979423 3.844311 -1.885289 11.743685 1.690788 -17.031052
11.804869 -12.192144 7.558172 6.055437 35.229431 0.652098 -5.498006 6.250932 6.109015 -14.029901 -30.373993 -7.370093 -6.766216 -24.093246 0.526608 3.493347 1.534809 11.012322 -9.955894 6.591600 1.826101 9.733201 -14.198378 5.135610 -15.871854 3.917625 -1.758607 11.811969 1.705981 -16.966146
11.873693 -12.219046 7.547489 6.073492 35.231110 0.629607 -5.488891 6.211608 6.148033 -14.054457 -30.401262 -7.388429 -6.726558 -24.072733 0.552294 3.480641 1.530667 11.010371 -9.986614 6.615771 1.843209 9.756161 -14.186191 5.162045 -15.908649 3.909552 -1.766195 11.751412 1.689112 -17.019173
12.169844 -12.288363 7.483498 6.163205 35.248230 0.555993 -5.442399 6.127882 6.245148 -14.106761 -30.450439 -7.419774 -6.563293 -23.990606 0.735222 3.501010 1.328637 11.016675 -10.067845 6.659361 1.877379 9.768654 -14.161572 5.197909 -15.969843 3.866921 -1.821942 11.669844 1.681819 -17.167368
12.737863 -12.358857 7.404366 6.358102 35.314964 0.418304 -5.364632 5.975018 6.411435 -14.222954 -30.607662 -7.434402 -6.301928 -23.849901 0.953181 3.514793 1.091774 11.027059 -10.189011 6.751281 1.977254 9.809173 -14.078314 5.377852 -16.106222 3.799420 -1.811660 11.512543 1.644908 -17.373701
13.315708 -12.489981 7.336078 6.661895 35.392502 0.342070 -5.191996 5.790645 6.574710 -14.368146 -30.697924 -7.446390 -6.007226 -23.665918 1.291428 3.603138 0.873405 10.896375 -10.335204 6.803109 2.045067 9.780332 -13.981764 5.676310 -16.237803 3.734317 -1.873464 11.322107 1.628387 -17.678831
14.042471 -12.661150 7.220584 6.986812 35.470299 0.166113 -4.889487 5.563612 6.778584 -14.471460 -30.850794 -7.439291 -5.538167 -23.556973 1.666801 3.677173 0.585891 10.905673 -10.514319 6.955906 2.097332 9.793088 -13.967357 5.786642 -16.457033 3.638193 -1.967724 11.074641 1.579720 -18.035400
14.829080 -12.828833 7.179243 7.328791 35.531357 -0.012933 -4.499354 5.361994 7.100501 -14.594489 -30.999598 -7.436728 -5.040289 -23.359182 2.129324 3.743421 0.173853 10.955615 -10.694823 7.138620 2.135330 9.942435 -13.663004 5.977918 -16.691067 3.665788 -2.174295 10.803594 1.548255 -18.280003
15.624435 -12.927569 7.044454 7.552203 35.665779 -0.220201 -4.071462 5.151344 7.432713 -14.658813 -30.978607 -7.440873 -4.582756 -23.254612 2.618856 3.843597 -0.352780 10.951917 -10.902930 7.382689 2.201016 9.976433 -13.481130 6.226272 -17.127254 3.596322 -2.301044 10.469994 1.501193 -18.464373
16.441177 -12.926563 6.917157 7.844365 35.879566 -0.543234 -3.586529 4.770073 7.763919 -14.624783 -30.975788 -7.364349 -4.200898 -23.237093 2.933428 4.022902 -1.149351 11.005358 -11.148396 7.621598 2.234556 10.167312 -13.054661 6.733231 -17.596468 3.534478 -2.406459 10.103268 1.385696 -18.768564
17.282572 -12.953600 6.965388 8.148031 36.010948 -0.841257 -2.900798 4.341027 8.222121 -14.528841 -30.761162 -7.410233 -3.799740 -23.265945 3.422796 4.122175 -1.663906 10.854508 -11.505985 7.927187 2.057438 10.145749 -12.746277 7.239982 -18.038372 3.419103 -2.468807 9.884239 1.300310 -18.972017
17.948095 -12.926865 7.013436 8.426374 36.164726 -1.059326 -2.082594 3.873885 8.609013 -14.256049 -30.569452 -7.454351 -3.346340 -23.219242 4.216641 4.028218 -2.290104 10.997619 -11.795133 8.333121 1.928702 10.114294 -12.346519 7.749838 -18.500792 3.210271 -2.565945 9.747103 1.118705 -19.321339
18.502291 -13.115898 6.937674 8.763003 36.157097 -1.246668 -1.214668 3.426252 8.915175 -14.026910 -30.502449 -7.562948 -3.071424 -23.251287 4.742397 3.928705 -2.778990 11.202243 -12.033533 8.719254 1.831469 10.124313 -11.566769 8.375117 -18.869696 3.126563 -2.812277 9.580580 0.898511 -19.495398
19.171343 -13.342600 6.903634 9.256936 36.019920 -1.628420 -0.463329 2.980708 9.182059 -13.753455 -30.350948 -7.885946 -2.601023 -23.488914 5.353446 3.686809 -3.025913 11.356797 -12.404135 9.217686 1.551497 10.025251 -11.180536 9.033723 -19.300085 2.946942 -2.739616 9.379412 0.686004 -19.695414
20.020422 -13.591952 6.914033 10.003421 35.850838 -2.175309 0.265134 2.477228 9.376896 -13.426270 -30.080364 -8.252517 -2.140354 -23.591389 6.171754 3.522017 -3.513389 11.539909 -12.731021 9.540404 1.513063 9.930702 -10.618629 9.938407 -19.634928 2.862332 -2.690470 9.057985 0.402548 -20.214050
20.908255 -13.792759 7.188786 10.739843 35.628761 -2.871458 0.766887 2.105753 9.572606 -13.251093 -29.677372 -8.721699 -1.803694 -23.777666 7.161478 3.139316 -3.921547 11.835641 -12.996554 9.896433 1.518185 9.832586 -10.079878 10.583095 -19.860708 2.732399 -2.735608 8.936930 0.158635 -20.555500
21.880745 -13.999692 7.648391 11.600707 35.398136 -3.452082 1.404534 1.525903 9.820943 -13.034390 -29.392839 -9.044352 -1.551289 -23.924988 7.939137 2.824388 -4.368285 12.267896 -13.132989 10.108482 1.603262 9.907618 -9.496609 11.310858 -19.981590 2.661475 -2.766200 8.750299 -0.103027 -20.988029
22.630989 -14.138294 7.985110 12.380429 35.224220 -3.857894 2.057275 0.930829 9.965614 -12.750753 -29.076080 -9.302796 -1.204949 -23.989632 8.769043 2.458509 -4.565399 12.650529 -13.256176 10.378809 1.695014 9.836019 -8.967510 12.023735 -20.194557 2.620485 -2.758757 8.521250 -0.283895 -21.260237
23.146585 -14.174451 8.062099 12.913858 35.203175 -4.322587 2.299199 0.456987 9.927394 -12.513939 -28.777254 -9.567195 -0.886319 -24.048790 9.527247 2.232828 -4.760787 12.857731 -13.364512 10.557926 1.663825 9.645797 -8.757320 12.545490 -20.393641 2.626007 -2.767608 8.320458 -0.368165 -21.484438
23.448545 -14.316528 8.218769 13.285552 35.076645 -4.605207 2.576009 0.050450 9.919235 -12.326454 -28.440590 -9.738246 -0.752544 -24.200848 10.010894 2.104155 -5.009088 12.965912 -13.422857 10.662167 1.701568 9.681376 -8.545626 12.926448 -20.472195 2.630239 -2.773344 8.135759 -0.444894 -21.705875
23.754786 -14.367172 8.389499 13.515333 35.057980 -4.740979 2.720133 -0.273981 9.996194 -12.249441 -28.202793 -9.852390 -0.652340 -24.310257 10.322803 2.052838 -5.198318 12.999278 -13.454608 10.723114 1.752250 9.599124 -8.226447 13.235543 -20.617460 2.565247 -2.791937 8.039433 -0.544751 -21.791101
23.840403 -14.361838 8.420334 13.566206 35.064404 -4.793475 2.782473 -0.355319 10.003891 -12.179161 -28.095358 -9.878235 -0.639152 -24.333282 10.437858 2.009007 -5.214686 12.983699 -13.454232 10.741303 1.782449 9.620586 -8.102665 13.300854 -20.650528 2.552176 -2.822489 8.005105 -0.571748 -21.795773
23.840403 -14.361838 8.420334 13.566206 35.064404 -4.793475 2.782473 -0.355319 10.003891 -12.179161 -28.095785 -9.878554 -0.639250 -24.333488 10.437866 2.009572 -5.215193 12.983916 -13.453961 10.741337 1.782251 9.620616 -8.102498 13.301211 -20.650534 2.552285 -2.822347 8.005154 -0.571819 -21.795792
23.840668 -14.361679 8.420266 13.565678 35.064575 -4.793629 2.782440 -0.355466 10.004125 -12.178865 -28.095785 -9.878554 -0.639250 -24.333488 10.437866 2.009572 -5.215193 12.983916 -13.453961 10.741337 1.782251 9.620616 -8.102498 13.301211 -20.650534 2.552285 -2.822347 8.005154 -0.571819 -21.795792
23.840893 -14.363202 8.421725 13.565063 35.064133 -4.793451 2.783290 -0.357812 10.005686 -12.179523 -28.094942 -9.875512 -0.644760 -24.335835 10.438015 2.009227 -5.216856 12.981636 -13.452487 10.737110 1.785979 9.615687 -8.101185 13.302835 -20.652538 2.552013 -2.826335 8.004432 -0.571512 -21.794529
23.840990 -14.363325 8.420890 13.565562 35.064030 -4.793793 2.782908 -0.356767 10.004951 -12.179552 -28.096670 -9.877363 -0.642313 -24.335209 10.438362 2.010135 -5.217974 12.982375 -13.452190 10.738686 1.785784 9.613725 -8.101185 13.304336 -20.653276 2.551696 -2.826088 8.005235 -0.571736 -21.795055
23.840944 -14.363390 8.421273 13.564736 35.064392 -4.793611 2.782596 -0.357164 10.005410 -12.179695 -28.095184 -9.875499 -0.642929 -24.336052 10.438519 2.008369 -5.215529 12.981303 -13.453031 10.737289 1.785784 9.613725 -8.101185 13.304336 -20.653276 2.551696 -2.826088 8.005235 -0.571736 -21.795055
23.840944 -14.363390 8.421273 13.564736 35.064392 -4.793611 2.782596 -0.357164 10.005410 -12.179695 -28.095184 -9.875499 -0.642929 -24.336052 10.438519 2.008369 -5.215529 12.981303 -13.453031 10.737289 1.785784 9.613725 -8.101185 13.304336 -20.653276 2.551696 -2.826088 8.005235 -0.571736 -21.795055
23.840944 -14.363390 8.421273 13.564736 35.064392 -4.793611 2.782596 -0.357164 10.005410 -12.179695 -28.095184 -9.875499 -0.642929 -24.336052 10.438519 2.008369 -5.215529 12.981303 -13.453031 10.737289 1.785784 9.613725 -8.101185 13.304336 -20.653276 2.551696 -2.826088 8.005235 -0.571736 -21.795055
23.840944 -14.363390 8.421273 13.564736 35.064392 -4.793611 2.782596 -0.357164 10.005410 -12.179695 -28.095184 -9.875499 -0.642929 -24.336052 10.438519 2.008369 -5.215529 12.981303 -13.453031 10.737289 1.785784 9.613725 -8.101185 13.304336 -20.653276 2.551696 -2.826088 8.005235 -0.571736 -21.795055
23.840944 -14.363390 8.421273 13.564736 35.064392 -4.793611 2.782596 -0.357164 10.005410 -12.179695 -28.095184 -9.875499 -0.642929 -24.336052 10.438519 2.008369 -5.215529 12.981303 -13.453031 10.737289 1.785784 9.613725 -8.101185 13.304336 -20.653276 2.551696 -2.826088 8.005235 -0.571736 -21.795055
23.840944 -14.363390 8.421273 13.564736 35.064392 -4.793611 2.782596 -0.357164 10.005410 -12.179695 -28.095184 -9.875499 -0.642929 -24.336052 10.438519 2.008369 -5.215529 12.981303 -13.453031 10.737289 1.785784 9.613725 -8.101185 13.304336 -20.653276 2.551696 -2.826088 8.005235 -0.571736 -21.795055
23.842999 -14.371377 8.410702 13.571711 35.065544 -4.791437 2.787660 -0.356584 9.994047 -12.179973 -28.091995 -9.872691 -0.652529 -24.339336 10.436452 2.011752 -5.216646 12.976241 -13.450889 10.738257 1.786430 9.614620 -8.102887 13.302999 -20.652458 2.551678 -2.825094 8.003917 -0.571598 -21.795200
23.843597 -14.373450 8.411660 13.572218 35.064087 -4.790651 2.787881 -0.357073 9.993945 -12.180725 -28.089886 -9.869342 -0.656056 -24.341381 10.438561 2.009559 -5.215224 12.974736 -13.451620 10.733611 1.786186 9.615646 -8.102176 13.302947 -20.652184 2.552042 -2.825307 8.004477 -0.571602 -21.794922
23.842686 -14.371603 8.411154 13.571407 35.065735 -4.791102 2.787384 -0.356830 9.994274 -12.180412 -28.090565 -9.870693 -0.653177 -24.340105 10.436598 2.009969 -5.214264 12.975112 -13.451774 10.736792 1.786488 9.615426 -8.102956 13.302798 -20.652222 2.551838 -2.825104 8.003637 -0.571574 -21.795399
23.844601 -14.372932 8.413044 13.572277 35.063805 -4.789347 2.787547 -0.356939 9.994680 -12.180603 -28.091095 -9.871944 -0.656240 -24.341045 10.438124 2.012093 -5.218623 12.975730 -13.450573 10.735957 1.785125 9.621140 -8.111691 13.308501 -20.645592 2.555725 -2.818926 8.003897 -0.569329 -21.796864
20.264421 -16.674881 6.041831 11.645595 34.533894 -8.274533 4.138323 1.487300 10.646430 -6.804907 -29.124216 -10.144114 -0.242022 -17.992863 16.410950 4.955117 -2.181317 10.434251 -9.361324 8.264894 2.281894 11.591500 -7.337260 12.544297 -19.860538 7.936229 -2.094004 6.099139 2.179873 -19.159000
20.264421 -16.674881 6.041831 11.645595 34.533894 -8.274533 4.138323 1.487300 10.646430 -6.804907 -29.124216 -10.144114 -0.242022 -17.992863 16.410950 4.955117 -2.181317 10.434251 -9.361324 8.264894 2.281894 11.591500 -7.337260 12.544297 -19.860538 7.936229 -2.094004 6.099139 2.179873 -19.159000
20.264421 -16.674881 6.041831 11.645595 34.533894 -8.274533 4.138323 1.487300 10.646430 -6.804907 -29.124216 -10.144114 -0.242022 -17.992863 16.410950 4.955117 -2.181317 10.434251 -9.361324 8.264894 2.281894 11.591500 -7.337260 12.544297 -19.860538 7.936229 -2.094004 6.099139 2.179873 -19.159000
20.264421 -16.674881 6.041831 11.645595 34.533894 -8.274533 4.138323 1.487300 10.646430 -6.804907 -29.124216 -10.144114 -0.242022 -17.992863 16.410950 4.955117 -2.181317 10.434251 -9.361324 8.264894 2.281894 11.591500 -7.337260 12.544297 -19.860538 7.936229 -2.094004 6.099139 2.179873 -19.159000
20.264421 -16.674881 6.041831 11.645595 34.533894 -8.274533 4.138323 1.487300 10.646430 -6.804907 -29.124216 -10.144114 -0.242022 -17.992863 16.410950 4.955117 -2.181317 10.434251 -9.361324 8.264894 2.281894 11.591500 -7.337260 12.544297 -19.860538 7.936229 -2.094004 6.099139 2.179873 -19.159000
20.771471 -15.675923 6.068167 11.434551 34.004967 -9.010494 4.799139 1.138449 9.630406 -7.929956 -28.263752 -8.067205 -0.949560 -20.254082 15.161286 1.069205 -2.537660 10.401947 -12.476166 9.622633 3.420808 12.253888 -7.176188 12.457438 -19.791744 6.446187 -2.936210 5.841628 1.296943 -18.609804
20.988108 -14.994381 6.190419 11.383961 33.701675 -9.298664 5.280113 0.872227 8.955516 -8.491736 -27.970854 -7.358107 -1.253421 -21.040424 14.876332 -0.395120 -2.576538 10.375772 -13.511872 10.157959 3.946615 12.452119 -7.257641 12.552955 -19.538946 5.655853 -3.321287 5.747730 0.839509 -18.226404
20.954115 -15.047604 6.137955 11.592569 33.374218 -9.470283 5.513897 0.904427 8.654292 -8.807146 -28.008205 -7.247221 -1.313748 -20.965992 14.764352 -0.403629 -2.590488 10.354339 -13.594654 10.133972 4.213215 12.489184 -7.191271 12.567739 -19.612688 5.590340 -3.365405 5.683583 0.923847 -18.171856
20.932743 -15.073959 6.162404 11.580653 33.385365 -9.453869 5.501845 0.910454 8.692198 -8.777616 -28.017183 -7.257339 -1.309449 -20.987053 14.766187 -0.393799 -2.587823 10.358527 -13.568034 10.127281 4.209847 12.485331 -7.180189 12.559573 -19.631281 5.625734 -3.346865 5.684985 0.954125 -18.182112
20.928968 -15.079706 6.163371 11.585081 33.383606 -9.452513 5.503689 0.912570 8.691882 -8.777229 -28.017761 -7.258152 -1.309416 -20.986671 14.767015 -0.391451 -2.588028 10.358577 -13.565410 10.126898 4.214840 12.483855 -7.180134 12.563018 -19.633614 5.630543 -3.342210 5.682466 0.960652 -18.182064
20.928968 -15.079706 6.163371 11.585081 33.383606 -9.452513 5.503689 0.912570 8.691882 -8.777229 -28.017799 -7.258266 -1.309294 -20.986774 14.767109 -0.391304 -2.588078 10.358499 -13.565289 10.126841 4.214476 12.483876 -7.180237 12.562957 -19.633032 5.630499 -3.342534 5.682608 0.960202 -18.181467
20.928968 -15.079706 6.163371 11.585081 33.383606 -9.452513 5.503689 0.912570 8.691882 -8.777229 -28.017418 -7.257264 -1.309172 -20.989048 14.767404 -0.393637 -2.588290 10.358165 -13.566332 10.127606 4.214127 12.483754 -7.180363 12.563085 -19.633135 5.630797 -3.342258 5.682580 0.960310 -18.181652
20.930452 -15.078815 6.163188 11.584675 33.380939 -9.451302 5.505065 0.911559 8.689582 -8.780638 -28.017632 -7.257201 -1.307670 -20.984879 14.766477 -0.392654 -2.586886 10.357025 -13.569550 10.126631 4.217007 12.484128 -7.180511 12.564849 -19.631773 5.629171 -3.342587 5.682187 0.959782 -18.180771
20.930511 -15.078139 6.163693 11.585358 33.380608 -9.452117 5.505911 0.911647 8.688812 -8.781056 -28.017626 -7.256827 -1.308104 -20.985157 14.766400 -0.393544 -2.586722 10.357231 -13.569871 10.126863 4.217185 12.484591 -7.179917 12.564290 -19.632336 5.628648 -3.342730 5.682340 0.959849 -18.180950
20.933088 -15.077065 6.163777 11.585691 33.381908 -9.454048 5.509161 0.908729 8.690434 -8.778847 -28.013390 -7.254982 -1.309523 -20.980480 14.776615 -0.393610 -2.590356 10.353103 -13.570758 10.132061 4.217800 12.484181 -7.179188 12.564646 -19.633194 5.628473 -3.342763 5.681918 0.960340 -18.180950
20.933088 -15.077065 6.163777 11.585691 33.381908 -9.454048 5.509161 0.908729 8.690434 -8.778847 -28.013390 -7.254982 -1.309523 -20.980480 14.776615 -0.393610 -2.590356 10.353103 -13.570758 10.132061 4.217088 12.484077 -7.179417 12.564712 -19.632711 5.628728 -3.342812 5.682034 0.960001 -18.180540
20.933088 -15.077065 6.163777 11.585691 33.381908 -9.454048 5.509161 0.908729 8.690434 -8.778847 -28.013390 -7.254982 -1.309523 -20.980480 14.776615 -0.393610 -2.590356 10.353103 -13.570758 10.132061 4.217800 12.484181 -7.179188 12.564646 -19.633194 5.628473 -3.342763 5.681918 0.960340 -18.180950
20.933088 -15.077065 6.163777 11.585691 33.381908 -9.454048 5.509161 0.908729 8.690434 -8.778847 -28.013390 -7.254982 -1.309523 -20.980480 14.776615 -0.393610 -2.590356 10.353103 -13.570758 10.132061 4.217800 12.484181 -7.179188 12.564646 -19.633194 5.628473 -3.342763 5.681918 0.960340 -18.180950
20.933088 -15.077065 6.163777 11.585691 33.381908 -9.454048 5.509161 0.908729 8.690434 -8.778847 -28.013390 -7.254982 -1.309523 -20.980480 14.776615 -0.393610 -2.590356 10.353103 -13.570758 10.132061 4.217800 12.484181 -7.179188 12.564646 -19.633194 5.628473 -3.342763 5.681918 0.960340 -18.180950
20.933088 -15.077065 6.163777 11.585691 33.381908 -9.454048 5.509161 0.908729 8.690434 -8.778847 -28.013390 -7.254982 -1.309523 -20.980480 14.776615 -0.393610 -2.590356 10.353103 -13.570758 10.132061 4.217800 12.484181 -7.179188 12.564646 -19.633194 5.628473 -3.342763 5.681918 0.960340 -18.180950
20.933088 -15.077065 6.163777 11.585691 33.381908 -9.454048 5.509161 0.908729 8.690434 -8.778847 -28.013390 -7.254982 -1.309523 -20.980480 14.776615 -0.393610 -2.590356 10.353103 -13.570758 10.132061 4.217800 12.484181 -7.179188 12.564646 -19.633194 5.628473 -3.342763 5.681918 0.960340 -18.180950
20.933088 -15.077065 6.163777 11.585691 33.381908 -9.454048 5.509161 0.908729 8.690434 -8.778847 -28.013390 -7.254982 -1.309523 -20.980480 14.776615 -0.393610 -2.590356 10.353103 -13.570758 10.132061 4.217800 12.484181 -7.179188 12.564646 -19.633194 5.628473 -3.342763 5.681918 0.960340 -18.180950
20.933088 -15.077065 6.163777 11.585691 33.381908 -9.454048 5.509161 0.908729 8.690434 -8.778847 -28.013390 -7.254982 -1.309523 -20.980480 14.776615 -0.393610 -2.590356 10.353103 -13.570758 10.132061 4.217800 12.484181 -7.179188 12.564646 -19.633194 5.628473 -3.342763 5.681918 0.960340 -18.180950
20.933088 -15.077065 6.163777 11.585691 33.381908 -9.454048 5.509161 0.908729 8.690434 -8.778847 -28.013390 -7.254982 -1.309523 -20.980480 14.776615 -0.393610 -2.590356 10.353103 -13.570758 10.132061 4.217800 12.484181 -7.179188 12.564646 -19.633194 5.628473 -3.342763 5.681918 0.960340 -18.180950
20.933088 -15.077065 6.163777 11.585691 33.381908 -9.454048 5.509161 0.908729 8.690434 -8.778847 -28.013390 -7.254982 -1.309523 -20.980480 14.776615 -0.393610 -2.590356 10.353103 -13.570758 10.132061 4.217800 12.484181 -7.179188 12.564646 -19.633194 5.628473 -3.342763 5.681918 0.960340 -18.180950
20.933088 -15.077065 6.163777 11.585691 33.381908 -9.454048 5.509161 0.908729 8.690434 -8.778847 -28.013390 -7.254982 -1.309523 -20.980480 14.776615 -0.393610 -2.590356 10.353103 -13.570758 10.132061 4.217800 12.484181 -7.179188 12.564646 -19.633194 5.628473 -3.342763 5.681918 0.960340 -18.180950
