-12.284109 -20.284260 12.812057 -2.079538 12.143449 -0.489133 10.313435 31.717930 -8.454359 -9.476439 2.132578 -9.635411 -28.022427 -9.423903 0.601840 17.752455 -7.178473 -8.088657 -21.506060 -16.550175 6.441504 -2.907472 -21.455647 11.165898 -1.975312 9.828397 -20.206337 5.126834 3.414318 -6.285726
-11.699902 -19.315128 12.727746 -2.502196 12.630748 -0.688035 9.777539 32.089825 -8.396863 -9.355478 1.958597 -9.919455 -27.894243 -9.469996 0.807994 17.353251 -7.250943 -7.684208 -21.618444 -16.862499 6.716289 -2.986079 -21.412912 11.255640 -2.599837 9.830588 -20.155472 4.837086 3.922515 -7.679177
-10.596557 -17.475052 12.808066 -3.214604 13.401805 -1.418633 8.783238 32.670567 -8.093186 -9.159039 1.741924 -10.284107 -28.289732 -9.869468 1.283890 16.151333 -7.135230 -6.600142 -21.575790 -17.313366 6.756260 -2.658142 -21.100634 11.279628 -3.414371 9.770394 -19.975494 4.534542 4.170298 -8.702050
-9.014069 -15.439346 12.905856 -4.082963 14.557160 -2.156058 7.367682 33.793385 -7.473764 -8.741050 1.504380 -10.328344 -28.887810 -10.441743 1.538802 14.827687 -7.607319 -5.540676 -21.499939 -17.816936 6.201158 -1.948354 -20.721981 11.151799 -5.014868 9.111763 -19.632149 4.378141 3.994994 -10.033829
-7.055622 -13.953876 12.646412 -5.131667 15.895483 -2.440142 5.639934 34.823483 -6.322105 -7.866533 0.685708 -9.676951 -29.583366 -10.823683 1.467587 12.893139 -7.939051 -4.675264 -21.495848 -17.964121 4.687062 -1.144200 -20.898947 10.920775 -6.472505 7.748239 -19.006029 4.626242 3.037938 -10.431005
-4.755288 -11.901155 13.091983 -6.465992 16.974369 -2.599102 4.377096 35.686222 -5.118030 -6.944669 -0.718350 -9.110307 -29.939068 -10.641302 1.544438 10.654229 -7.966582 -3.518115 -21.575537 -18.313862 2.477711 -0.525467 -21.651659 10.317629 -7.666674 6.292057 -18.424835 4.864457 1.648871 -10.297358
-2.745060 -10.440438 13.470979 -7.380736 17.751762 -2.455221 3.719790 35.861568 -4.378295 -6.151384 -2.094542 -8.998597 -29.703434 -10.019697 1.540582 9.730164 -8.296418 -2.584372 -21.322695 -18.618441 0.535587 -0.369181 -22.415071 10.195024 -8.156261 5.464226 -17.570238 5.114286 0.776083 -10.191601
-1.383322 -9.473768 13.727890 -7.897233 18.021347 -2.680748 3.682877 35.285694 -3.975434 -5.635624 -3.164657 -8.858272 -29.597094 -9.141674 1.637618 9.209856 -8.072565 -1.678783 -20.715364 -18.358932 -0.444041 -0.578048 -23.008982 9.958278 -7.902137 5.001462 -17.148285 5.628442 0.356923 -9.553662
-0.696423 -8.985989 13.719975 -8.065758 18.183516 -2.989362 3.757731 34.536137 -3.702545 -5.136058 -4.139106 -8.619205 -29.317783 -8.628465 1.678580 8.977600 -8.056459 -1.101919 -20.176962 -17.870998 -1.208946 -0.635520 -23.214205 9.749174 -7.484717 4.963417 -16.890154 6.015429 -0.046402 -8.871662
-0.622044 -8.966883 13.462818 -7.883569 18.270212 -3.294527 3.881225 33.882355 -3.694583 -4.789125 -4.423175 -8.604264 -28.995592 -8.505342 1.844397 8.635771 -7.798528 -0.931269 -20.134203 -17.604340 -1.464040 -0.589065 -23.264866 9.682312 -7.402512 4.989767 -16.775883 6.058664 -0.237123 -8.437368
-0.666842 -8.991945 13.617247 -8.069658 18.079388 -3.227773 3.942729 33.850163 -3.642310 -4.922680 -4.318766 -8.552714 -29.236616 -8.514616 1.760977 8.820235 -7.965281 -0.853570 -19.957254 -17.569496 -1.458810 -0.647729 -23.362181 9.776229 -7.448750 5.058198 -16.660027 5.975093 -0.120045 -8.504454
-1.484097 -10.386347 14.473330 -8.788105 16.721134 -2.299722 4.397488 33.311527 -3.209330 -5.801613 -2.692307 -8.347499 -30.638632 -9.566251 1.373654 9.685700 -8.862990 -0.603759 -19.646275 -16.968954 -0.709217 -0.642388 -23.351847 11.025209 -7.944672 5.773220 -15.890431 5.223337 0.862588 -9.153804
-2.808577 -14.062628 15.571851 -8.194775 13.377835 -2.627781 7.042720 30.765350 -2.845920 -7.397030 -0.710490 -8.003525 -32.566032 -10.349470 0.585596 12.048988 -9.878000 0.641887 -17.957129 -14.297878 1.306939 -1.843691 -23.561441 13.763551 -5.718798 8.712476 -14.701788 4.335016 2.773844 -7.136279
-2.335159 -18.330507 14.756778 -8.150755 10.958472 -4.287393 8.787734 28.603058 -1.836961 -8.122558 0.300240 -5.992144 -34.329967 -11.434429 -0.514787 10.950708 -10.429513 1.787626 -18.796228 -9.921658 0.103449 -0.733440 -22.572998 14.472208 -5.923240 8.693217 -13.074341 5.434325 2.018741 -4.946234
-0.687646 -21.089725 14.089433 -11.128291 8.731549 -3.874605 8.860133 25.338562 -0.544913 -9.740093 -1.193305 -0.878903 -38.601959 -12.828696 -0.959932 8.766880 -9.658648 2.839391 -16.247133 -4.264852 -1.423066 2.684336 -20.524385 15.543407 -9.054638 7.850474 -10.485322 5.846271 1.076718 -6.729476
0.599665 -22.427652 12.239047 -16.661919 6.151258 -2.081663 10.669924 19.474289 0.560193 -10.877961 -5.530362 1.417961 -39.457863 -9.352396 -0.822620 11.720040 -9.595921 4.434643 -11.202680 -0.236020 -1.400548 1.083704 -21.404657 10.889472 -6.791632 7.099293 -5.756083 13.757936 5.164448 -3.898387
4.832690 -19.674006 12.096738 -20.693388 6.185426 -3.972794 10.813591 14.584483 2.151080 -9.856454 -9.848084 1.252017 -37.111343 -7.718651 1.845043 12.317768 -7.477293 6.946599 -7.709903 4.057852 -0.543981 2.410389 -18.661665 9.087523 -8.269822 6.301058 -4.489447 15.467871 6.189339 -1.158242
6.871189 -16.581968 12.364314 -21.591461 8.633458 -5.729525 10.065744 10.615232 2.578227 -8.081664 -11.679315 -0.336823 -33.981384 -6.722304 4.274678 13.103355 -5.485952 8.181834 -6.795352 6.314818 -1.230662 4.646581 -16.145102 9.481221 -12.269223 5.045989 -5.562750 12.702199 4.416044 -1.757407
7.808386 -15.744184 11.230004 -22.464846 10.713690 -6.618026 8.868780 7.416122 3.525156 -6.570181 -12.218401 -1.037959 -31.971306 -6.022914 5.605813 13.156377 -4.121160 8.743682 -7.215851 7.548658 -1.526568 5.831462 -14.794225 10.118424 -13.038981 4.522759 -5.203304 12.558048 3.861800 -2.417035
8.341521 -15.322188 9.758015 -22.674685 11.918025 -6.923172 8.335732 6.511355 3.211835 -5.781557 -12.741127 -1.005479 -30.639545 -5.934009 6.496798 12.478989 -3.021567 8.308980 -7.738395 8.150078 -1.170212 6.461785 -13.801696 9.804776 -12.917703 4.412311 -4.658851 13.443489 4.094147 -1.741486
8.278603 -15.382374 9.476901 -22.752844 11.999439 -6.924904 8.295046 6.449036 3.137876 -5.756128 -12.820085 -0.990996 -30.495594 -5.846090 6.661960 12.408549 -2.764719 8.167537 -7.746519 8.189234 -1.147933 6.581878 -13.640281 9.705472 -12.862038 4.373961 -4.535508 13.639126 4.094260 -1.494566
8.203931 -15.420045 9.369352 -22.601767 11.998420 -6.906532 8.339593 6.391503 3.009869 -5.729198 -12.821857 -0.988171 -30.332071 -5.834491 6.753466 12.503468 -2.687307 8.051816 -7.715034 8.293724 -0.929279 6.765029 -13.288054 9.665488 -12.493361 4.459674 -4.384089 14.049402 4.153410 -1.158947
8.157766 -15.417474 9.210811 -22.318077 12.051263 -6.975604 8.424533 6.217751 2.816503 -5.610589 -12.846660 -0.980852 -30.048780 -5.802006 6.890575 12.580418 -2.568443 7.895806 -7.686403 8.434997 -0.593202 6.921088 -12.879035 9.136324 -12.068453 4.403660 -4.382996 14.647537 4.312136 -0.661740
8.025994 -15.337221 9.039542 -22.046515 12.141663 -7.007061 8.496963 6.054269 2.568608 -5.488469 -12.897089 -0.996304 -29.690228 -5.780086 7.135804 12.572069 -2.317101 7.654915 -7.666228 8.535020 -0.088344 7.058730 -12.306455 7.666883 -11.584105 4.207807 -4.856276 15.627625 4.459156 0.181779
8.049332 -15.149728 8.993854 -21.831661 12.245259 -7.093961 8.551009 5.880144 2.409951 -5.309350 -12.997635 -1.005786 -29.398705 -5.685446 7.302951 12.502234 -2.137996 7.514852 -7.624038 8.572834 0.077370 6.854020 -12.194418 6.055546 -11.502748 4.033090 -5.570219 16.171078 4.608723 0.882136
8.109269 -15.015160 8.955585 -21.740093 12.388140 -7.239999 8.566073 5.605992 2.464402 -5.030367 -13.097191 -1.024604 -29.199928 -5.574357 7.410412 12.470865 -1.998144 7.387412 -7.582297 8.561479 0.023147 6.702256 -12.020188 4.368974 -11.870715 3.820201 -6.526192 16.484087 4.650787 1.397738
8.191092 -14.939517 9.025010 -21.718496 12.527315 -7.402785 8.561250 5.210476 2.672322 -4.733435 -13.194076 -1.030921 -28.984226 -5.490997 7.509687 12.480981 -1.925160 7.334817 -7.558026 8.679434 -0.104736 6.639576 -11.859724 3.393770 -12.427518 3.569198 -7.516872 16.263775 4.503273 1.239803
8.201234 -14.966516 8.946912 -21.677210 12.663743 -7.537352 8.552087 4.855546 2.831190 -4.480267 -13.233774 -1.049958 -28.908203 -5.483236 7.512956 12.494258 -1.967561 7.367457 -7.554981 8.717296 -0.189934 6.458781 -11.915665 2.895150 -12.901784 3.434281 -8.362718 15.821559 4.387563 1.011992
8.181062 -14.992891 8.959520 -21.640348 12.679915 -7.570039 8.576706 4.717634 2.872211 -4.432806 -13.240200 -1.050377 -28.828798 -5.489849 7.522001 12.508999 -1.994532 7.398605 -7.574952 8.830505 -0.174232 6.272538 -11.818878 2.400935 -13.145162 3.424510 -9.165027 15.473957 4.369486 0.886644
8.181846 -14.991321 8.947568 -21.611441 12.706632 -7.572521 8.575624 4.688770 2.867611 -4.411735 -13.221718 -1.035228 -28.832714 -5.497941 7.487407 12.542437 -2.044442 7.429013 -7.586237 8.886363 -0.190083 6.200090 -11.851398 2.390019 -13.187396 3.379826 -9.446531 15.222261 4.310164 0.716013
8.187775 -14.987823 8.954968 -21.617241 12.705534 -7.575074 8.574329 4.687482 2.873875 -4.412480 -13.216335 -1.031927 -28.838657 -5.499348 7.480978 12.547471 -2.050674 7.434441 -7.585854 8.895755 -0.203674 6.184162 -11.874056 2.390358 -13.196243 3.368530 -9.469680 15.196355 4.303910 0.685845
8.206400 -14.981918 9.001998 -21.658480 12.684615 -7.589846 8.574404 4.695929 2.919472 -4.421223 -13.212938 -1.032348 -28.852421 -5.501969 7.481892 12.538846 -2.041118 7.433777 -7.586273 8.890371 -0.245624 6.192957 -11.924755 2.525009 -13.219174 3.359143 -9.357095 15.191103 4.305017 0.549872
8.264255 -14.957670 9.080254 -21.749727 12.652228 -7.610886 8.561885 4.763345 2.988860 -4.449772 -13.178446 -1.005297 -28.948120 -5.509360 7.425241 12.537742 -2.080506 7.481439 -7.599558 8.903269 -0.359580 6.177084 -12.021532 2.693858 -13.294985 3.314873 -9.328928 15.063219 4.258629 0.307888
8.346931 -14.900168 9.149965 -21.878834 12.621568 -7.594170 8.526146 4.973954 2.989315 -4.553750 -13.141045 -0.969342 -29.059256 -5.517734 7.357114 12.536620 -2.135657 7.522756 -7.620599 8.892877 -0.421993 6.264755 -12.127017 2.981400 -13.321339 3.257633 -8.997774 15.121101 4.241888 0.122311
8.459435 -14.891159 9.268250 -22.081812 12.540146 -7.553726 8.481460 5.310739 3.039882 -4.745041 -13.084543 -0.944853 -29.141876 -5.555077 7.276433 12.540863 -2.220537 7.594031 -7.676692 8.921091 -0.592597 6.234165 -12.445285 3.384144 -13.426538 3.106189 -8.763678 14.934208 4.182319 -0.355516
8.508327 -14.977188 9.373160 -22.332703 12.337865 -7.481625 8.432089 5.694531 3.135997 -5.064252 -12.897676 -0.934540 -29.631283 -5.659932 6.987341 12.573277 -2.539086 7.939312 -7.710973 8.866705 -0.572259 6.351987 -12.398779 3.763648 -13.454513 3.068845 -8.662760 14.745961 4.105149 -0.714228
8.506206 -15.297792 9.729460 -22.816391 11.960997 -7.256344 8.332310 6.285497 3.465382 -5.648323 -12.667175 -0.956088 -30.436153 -5.781140 6.505849 12.765833 -3.079261 8.401465 -7.714044 8.615207 -0.459294 6.079804 -12.625821 4.006474 -13.251889 3.209459 -9.061891 14.397626 4.113611 -1.187431
-3.166758 -21.820894 7.800155 -12.169521 20.947636 -0.060299 7.468080 18.756310 3.785661 3.900813 -6.443683 -0.054243 -27.358967 -6.921727 8.947367 4.674881 -5.846456 2.703439 -21.139687 2.627374 2.844833 5.625613 -12.731941 13.407906 -8.793207 4.308887 -10.905245 10.134063 -0.334642 0.572262
-3.491186 -21.988560 8.199960 -11.358873 20.378746 0.952038 7.651745 20.200363 3.224376 3.362723 -5.352561 -0.210176 -27.901039 -7.805502 8.277889 5.666756 -6.852789 1.856109 -21.451069 1.692232 3.541684 4.986497 -12.871906 13.394843 -8.112379 4.902324 -11.821552 9.862785 0.058235 -0.225297
-3.224005 -21.829187 8.031340 -10.124426 20.186357 1.316611 7.737682 21.194624 2.417984 3.157240 -3.916580 -0.498745 -28.107014 -8.614062 7.854817 6.868048 -7.690508 1.047398 -21.393827 1.226112 4.287701 4.536726 -12.726524 13.234615 -7.493038 5.372800 -12.947448 9.631122 0.318442 -0.969761
0.940735 -19.805914 7.598385 -6.527628 18.935261 -4.290220 6.579947 21.533907 -1.376506 0.202678 -4.469431 -6.897902 -25.925434 -7.509899 5.012052 10.611183 -2.402153 2.635077 -19.264620 -1.173480 7.142454 5.995857 -13.886743 11.488571 -5.566201 2.901745 -13.704346 10.604206 1.038088 -1.609335
1.291594 -18.654797 6.700931 -5.777507 19.852146 -4.950946 6.397043 22.573807 -2.731279 0.185455 -4.001712 -7.620514 -24.760902 -7.893071 5.440194 10.563525 -2.257137 1.768198 -20.029350 -2.076559 7.890110 6.698975 -12.934459 10.898225 -5.539004 2.430534 -15.469068 10.203634 0.215667 -2.067796
-0.201584 -18.270121 5.583077 -5.213612 20.863319 -5.533619 6.333835 21.777630 -3.400386 1.079333 -4.984712 -8.051094 -23.186327 -7.394060 6.410504 9.286126 -0.990568 1.326390 -21.103895 -2.740555 8.290443 7.403144 -12.020449 10.173412 -5.770534 1.798014 -16.450413 10.183767 -0.444730 -2.183155
-2.164329 -18.458673 4.842461 -4.502893 21.439262 -6.018726 6.701153 20.669989 -4.214690 1.504665 -6.167706 -7.972981 -22.010708 -6.798653 7.110805 8.460941 0.298979 1.006232 -21.574823 -2.346910 8.575578 8.142085 -11.224235 9.367948 -6.190243 1.029232 -17.145035 10.089745 -1.122794 -1.820261
-4.719886 -19.385849 4.842729 -3.737610 21.377501 -6.649512 7.732531 18.544870 -4.843746 1.631303 -7.342398 -7.757711 -20.459848 -6.103764 7.930127 8.437767 1.523069 0.191334 -21.712885 -1.465986 8.446301 8.763612 -10.682149 8.798862 -6.875601 0.413770 -17.128738 10.000818 -1.553904 -0.904560
-6.587151 -20.463175 4.801940 -3.134269 21.184744 -7.126452 8.744607 16.677202 -5.386222 1.650769 -8.398682 -7.580058 -19.100368 -5.436231 8.736028 8.338896 2.778255 -0.325532 -21.748159 -0.609081 8.627472 9.155096 -9.860464 7.807498 -7.437202 0.401970 -17.488617 9.942184 -1.586215 0.506926
-7.754329 -20.656979 3.788064 -2.907406 21.566917 -7.314337 9.044121 15.248219 -6.012418 2.165059 -8.884513 -7.425683 -17.813862 -5.261147 9.377527 8.373648 3.805262 -1.187518 -22.097773 0.139645 8.831108 9.553386 -8.934281 6.974102 -7.967285 0.473822 -17.676893 9.926585 -1.526793 2.186627
-8.678001 -20.418015 2.507351 -2.735730 22.274364 -7.462804 9.111287 14.136026 -6.767309 2.787113 -9.161349 -7.354980 -16.245993 -5.177816 10.190625 8.283308 5.013943 -2.539459 -22.497917 0.706116 9.076719 9.797414 -8.276693 6.384352 -8.282390 0.559629 -17.909206 9.907969 -1.461145 3.291816
-9.168455 -20.158772 1.451913 -2.425035 22.805622 -7.483647 9.053466 13.772987 -7.507819 3.114069 -9.311777 -7.330017 -15.285649 -5.149822 10.707128 8.182440 5.847374 -3.330704 -22.687521 1.074143 9.208805 9.955094 -7.893555 6.176635 -8.433441 0.618177 -17.996363 9.900850 -1.441213 3.879093
-9.169950 -20.036278 1.109017 -2.392464 22.982533 -7.513268 8.987658 13.628120 -7.658213 3.276541 -9.366458 -7.320277 -14.922954 -5.158885 10.849295 8.188913 6.156336 -3.633545 -22.781675 1.173659 9.313721 10.088822 -7.622306 5.988214 -8.559380 0.667066 -18.053652 9.916039 -1.410743 4.297043
