-8.121866 -13.104303 12.081726 -5.219567 5.992589 3.540382 14.515712 29.021591 -16.974310 -16.958408 -1.545325 -7.574553 -29.323460 -15.229246 3.257714 22.153669 -10.226550 -12.585208 -11.011581 -18.331070 5.553236 -17.588680 -13.605186 11.017392 -9.484612 10.983586 -16.377972 10.752249 4.714406 -8.994757
-7.070047 -13.213844 11.416116 -5.727810 5.862360 2.609719 13.792205 29.888880 -16.497698 -17.343378 -1.384072 -7.199111 -29.653448 -15.797265 2.922834 21.323565 -10.669057 -12.476285 -11.342559 -18.401646 5.357341 -17.618263 -13.923649 11.252843 -9.547811 10.786847 -16.361721 10.556663 4.447452 -9.139418
-5.571903 -12.534093 10.019513 -7.195442 6.546227 1.282194 11.980534 31.204538 -15.730662 -17.793137 -1.568457 -6.638221 -30.026293 -16.014164 2.181520 19.644928 -11.223800 -12.024455 -12.584906 -18.666052 4.846776 -17.517893 -14.249252 11.355607 -9.859765 10.452390 -16.397095 10.323170 3.933196 -9.246561
-3.759657 -10.694180 9.108406 -8.950788 8.128069 0.168136 9.776111 31.952946 -14.676654 -17.804457 -2.292852 -6.557148 -29.962608 -15.959674 2.104432 17.480186 -11.533582 -11.034275 -14.185841 -19.186014 4.201315 -17.177118 -14.508101 11.324775 -10.648879 9.992565 -16.355394 9.807196 3.325812 -9.270311
-2.033775 -7.459078 9.840562 -10.706032 10.492707 -0.428123 7.440538 32.649281 -13.314927 -16.772053 -3.440936 -6.956627 -30.160982 -15.500702 2.706468 15.614538 -11.127325 -9.452372 -14.632662 -19.941425 3.299679 -16.879786 -14.923742 11.250802 -11.559096 9.462306 -16.049992 9.295630 2.773514 -9.417194
-0.711014 -3.430630 12.103736 -11.414528 12.798211 -0.587181 6.105268 33.209362 -12.370025 -15.177992 -4.555435 -7.593841 -30.265575 -14.562894 3.376560 13.925096 -10.432765 -7.118744 -14.471768 -20.125650 2.152271 -16.567589 -15.433382 11.105763 -12.741093 8.718688 -15.614823 8.749065 2.181469 -9.481249
0.023454 -0.411892 14.316739 -11.315660 14.437015 -1.156043 5.635541 33.043491 -11.300615 -13.100410 -5.515134 -8.062686 -30.063263 -13.819983 3.700485 12.913384 -10.411884 -5.300683 -14.143590 -20.662601 1.038042 -16.415751 -16.080301 10.894532 -13.372716 7.795096 -14.971946 8.746338 1.651841 -9.141609
0.508695 0.985476 16.003429 -11.572024 15.049769 -2.052655 5.835673 32.353909 -9.985442 -11.566093 -5.762469 -8.641173 -30.312637 -13.404923 3.850091 12.316545 -10.110274 -3.393730 -13.478485 -20.754683 0.245535 -16.315701 -16.483595 10.818381 -13.781960 7.168421 -14.482701 8.785848 1.274751 -8.886973
0.446468 1.751172 16.861893 -11.433456 15.625989 -2.973784 6.399884 31.498463 -9.243230 -10.120182 -6.013300 -8.790067 -30.490564 -13.151109 3.568233 12.008923 -10.156492 -2.169864 -13.120540 -20.630615 -0.393499 -16.088840 -16.517183 10.602477 -14.075421 6.623175 -14.267345 8.917892 0.806864 -8.370283
0.275664 1.949381 17.357738 -11.062027 15.739658 -3.548190 6.802050 30.976566 -8.841027 -9.385952 -6.122131 -8.887866 -30.245407 -12.971368 3.554247 11.574364 -10.031878 -1.696692 -13.376940 -20.520250 -0.592983 -15.904424 -16.408197 10.463018 -14.278965 6.307687 -14.091280 9.055743 0.637439 -8.119404
0.257999 1.709159 17.249693 -11.255322 15.514922 -3.404094 6.741171 30.898548 -8.799525 -9.620375 -6.135402 -8.730208 -30.468040 -12.961155 3.468404 11.886672 -10.200389 -1.772418 -13.035208 -20.415333 -0.545336 -16.005142 -16.516413 10.554387 -14.254067 6.493124 -13.958367 9.013284 0.814588 -8.062080
0.679177 -0.992967 15.997928 -12.812117 13.269130 -1.253778 6.497740 31.164631 -9.170291 -12.418910 -5.585804 -7.806100 -31.231993 -13.203450 3.202443 13.110571 -10.886948 -3.111583 -12.627827 -19.417751 0.342565 -16.526201 -16.554735 11.355180 -13.577863 7.696951 -13.149597 9.247474 2.114216 -8.021149
-0.522227 -9.934254 13.536562 -12.465857 7.190540 0.903641 10.274967 29.300385 -9.399442 -15.310648 -3.061563 -5.962495 -33.654793 -15.171973 0.952914 15.196371 -12.625664 -3.944294 -11.589814 -16.376335 1.332513 -16.885519 -16.369864 12.834718 -12.688600 8.689219 -11.264288 10.382660 3.782570 -7.778636
-1.968960 -10.800464 17.403637 -9.570029 6.994088 -0.661495 13.459908 23.790043 -8.314033 -12.580699 -2.710692 -7.137504 -33.746422 -14.369627 2.149980 17.542337 -12.614379 -0.082408 -10.020310 -12.593053 3.097309 -16.010660 -15.103892 13.791922 -12.873239 8.599035 -8.672029 12.175874 5.944166 -9.119959
3.227324 -7.559677 19.842670 -11.404695 9.791278 -6.222689 9.779788 21.881695 -4.783992 -12.157447 -4.323041 -6.786597 -35.864475 -10.765475 4.589741 14.393420 -7.300815 3.952136 -8.807791 -9.199329 2.769939 -13.814384 -14.762783 16.086279 -14.811112 6.819564 -3.968508 12.991906 5.940383 -8.979853
9.248572 -12.893435 10.651238 -18.142534 11.578677 0.165094 4.019179 21.995102 -1.645348 -11.128189 -8.811459 -2.261393 -35.440300 -6.946431 1.927455 15.048636 -8.706119 3.624264 -8.994864 -5.249003 0.919105 -12.617379 -16.292391 16.466185 -15.356742 4.782156 -1.459501 13.363791 4.130833 -4.139334
13.227535 -15.761908 8.016208 -19.016157 12.118011 -2.313424 4.622761 19.319115 1.035390 -7.819904 -11.708518 -0.788577 -31.018257 -8.692544 2.672580 13.008265 -9.000174 2.859569 -10.939509 -1.081125 0.184594 -11.224069 -15.247635 15.247842 -15.975837 3.796775 1.060669 15.875093 4.086190 1.171529
10.829136 -13.887787 8.585258 -18.897730 13.902019 -4.064176 5.599198 14.170011 0.969212 -5.295249 -13.622936 -1.979004 -28.549000 -7.213327 5.214458 12.050320 -6.292381 3.960345 -9.961299 -0.356403 0.053488 -9.989745 -13.522883 13.629422 -15.893203 2.795532 1.417430 17.837067 3.421394 4.031750
10.064779 -12.408888 7.450016 -19.570543 15.369600 -4.996195 6.146843 11.273648 0.455257 -3.810086 -14.792690 -2.773448 -26.551353 -6.679977 6.462132 10.768120 -5.787760 5.721227 -10.509542 0.931731 0.367394 -9.021416 -11.702633 12.257483 -16.133327 2.331890 1.229030 18.923761 3.312108 5.713963
9.657106 -12.811199 6.041951 -19.122976 15.400434 -5.837517 6.381773 10.362621 -0.111089 -3.740082 -15.112616 -2.936022 -25.726601 -6.951152 7.097402 10.302095 -5.231904 6.048765 -10.778634 1.968328 0.717624 -8.560060 -10.633986 11.634471 -16.109280 2.218947 0.956937 19.441757 3.363785 6.206880
9.647110 -12.744383 5.931357 -19.012487 15.518962 -5.928145 6.348773 10.254827 -0.203569 -3.667103 -15.181299 -2.974358 -25.520834 -7.008830 7.241544 10.152352 -5.087003 6.070069 -10.857455 2.131406 0.740316 -8.440442 -10.488516 11.588399 -16.140785 2.182720 0.953213 19.468267 3.334300 6.264565
9.455923 -12.824280 5.462404 -18.963499 15.706391 -6.064404 6.296403 10.095518 -0.453927 -3.656954 -15.336538 -3.005953 -25.179663 -6.991426 7.373368 10.042603 -4.910550 5.932034 -11.028950 2.255197 0.744884 -8.405585 -10.438736 11.550303 -16.169563 2.159386 0.918541 19.448931 3.303429 6.273571
9.632851 -12.850998 4.558583 -19.448179 16.148720 -6.183576 5.930252 9.798079 -0.489107 -3.592771 -15.577344 -2.963762 -24.559990 -6.850662 7.556080 10.158270 -4.559703 5.597015 -11.362967 2.682428 0.737801 -8.384795 -10.394490 11.460052 -16.199442 2.137419 0.873271 19.441422 3.280838 6.312138
10.171020 -12.665401 3.216321 -20.343309 16.584459 -6.945634 5.938893 9.458933 -0.538231 -3.254505 -15.603967 -2.992848 -23.843908 -6.791938 8.009580 10.476287 -3.795189 4.775751 -11.507964 3.059898 0.739448 -8.296914 -10.246439 11.287137 -16.258415 2.080286 0.778765 19.432056 3.213629 6.397239
10.617386 -12.694464 1.553579 -19.944857 17.076286 -7.332288 6.201851 9.240226 -1.502336 -2.916140 -15.425634 -3.077758 -22.969307 -6.854671 8.661823 10.636330 -2.548461 3.443388 -11.669799 3.223080 0.723094 -8.174341 -10.097614 11.131206 -16.345673 1.989568 0.697283 19.391964 3.107833 6.472409
11.308439 -12.862528 -0.016999 -19.785709 17.505373 -6.843527 6.090802 8.855007 -2.390105 -2.741240 -15.576434 -3.150877 -22.053389 -6.559098 9.211549 10.829159 -1.158622 1.967075 -11.900259 3.138927 0.640835 -8.085887 -10.060640 11.056140 -16.414227 1.944141 0.755500 19.368635 3.061513 6.544640
11.881199 -12.944682 -1.225544 -19.257753 18.049332 -6.228298 6.032947 8.468422 -3.282238 -2.380877 -15.767337 -3.285337 -21.238846 -6.540891 9.454728 11.146200 -0.434442 0.774860 -12.012836 2.809849 0.567526 -8.031680 -10.024118 10.917377 -16.449158 1.912737 0.723930 19.325794 3.005457 6.635353
11.731771 -12.959524 -1.557292 -18.334913 18.348392 -5.512028 5.972773 8.870074 -3.998096 -2.083227 -15.997646 -3.401801 -20.485155 -6.654113 9.505473 11.049091 -0.225634 -0.086939 -12.449361 2.006366 0.553808 -7.975589 -9.940500 10.779412 -16.492176 1.913854 0.761976 19.377815 3.020841 6.825353
11.321200 -13.040632 -2.046855 -17.692442 18.464848 -4.938727 5.948916 9.399858 -4.633464 -2.005302 -16.091574 -3.509521 -19.812271 -6.812188 9.556683 10.987841 -0.229810 -0.570101 -12.851251 1.556715 0.553828 -7.982366 -9.929117 10.725509 -16.486012 1.929662 0.788442 19.427753 3.057344 6.898697
11.166290 -13.085959 -1.994891 -17.283861 18.381647 -4.741858 6.031675 9.731087 -4.865195 -2.028902 -16.082258 -3.581272 -19.415344 -6.931726 9.583804 10.892176 -0.276807 -0.911782 -13.059002 1.138477 0.558968 -7.976047 -9.906393 10.681844 -16.491787 1.937300 0.809199 19.466103 3.079594 6.953884
11.187476 -13.096407 -1.978734 -17.300812 18.379509 -4.701319 6.032430 9.802798 -4.874121 -2.066386 -16.076731 -3.594375 -19.362061 -6.961572 9.560094 10.872610 -0.343512 -0.940677 -13.092690 1.055919 0.554232 -7.987764 -9.925779 10.690604 -16.483559 1.941841 0.821655 19.470224 3.087572 6.949272
11.540104 -12.925196 -1.795072 -17.656916 18.392437 -4.684544 5.858017 9.839825 -4.576345 -2.112455 -16.030357 -3.564110 -19.655319 -6.947291 9.432969 10.908955 -0.531926 -0.688685 -13.027514 1.123267 0.541901 -8.009945 -9.962992 10.704431 -16.463892 1.948258 0.855398 19.487583 3.106567 6.948700
11.704205 -12.998326 -1.732012 -18.216766 18.305965 -4.466712 5.661012 9.988451 -4.228831 -2.332614 -15.961303 -3.582114 -20.098904 -6.942800 9.272329 10.814369 -0.853943 -0.225190 -12.939163 1.090911 0.540334 -8.013438 -9.975803 10.719003 -16.458855 1.944844 0.886070 19.504993 3.116413 6.957340
11.673506 -13.003916 -0.905813 -18.353582 17.941004 -4.350125 5.620327 10.420948 -3.751391 -2.488836 -15.820714 -3.585369 -20.671999 -6.973083 9.063452 10.746546 -1.261638 0.245066 -12.746696 1.011242 0.537252 -8.064427 -10.047527 10.754062 -16.422129 1.940218 0.902472 19.522451 3.131336 6.885857
11.446722 -13.233854 -0.216697 -18.654535 17.619946 -4.068974 5.571127 10.980363 -3.270531 -2.835131 -15.692167 -3.579517 -21.087667 -7.135868 8.836709 10.634464 -1.788183 0.680480 -12.621257 0.914412 0.543064 -8.137309 -10.187243 10.908406 -16.368023 1.976721 1.109394 19.638952 3.242961 6.858332
11.023897 -13.576363 0.305836 -19.106262 16.782227 -3.699404 5.623182 11.583126 -2.791162 -3.455804 -15.566908 -3.579008 -21.644758 -7.225767 8.382864 10.676205 -2.595790 0.965403 -12.565162 0.363822 0.585141 -8.268267 -10.334829 11.137878 -16.273399 2.070806 1.231970 19.707546 3.358819 6.744552
10.984468 -13.718729 1.133807 -19.599463 16.618168 -2.981357 5.516510 12.535203 -2.489513 -3.850772 -15.131949 -3.644479 -22.079905 -7.506204 7.993077 10.942375 -3.227383 0.821328 -12.581731 -0.216536 0.613054 -8.553905 -10.720736 11.666020 -16.084946 2.271907 1.273805 19.579271 3.464741 6.360800
6.345529 2.189933 8.014564 -22.766426 6.363369 -4.951425 19.104080 8.415760 -14.278304 -13.408731 -12.560355 -1.542295 -24.564133 -12.161879 17.200569 13.968019 -7.285819 -1.340080 -3.826243 1.659522 1.210667 -5.507004 -7.461434 9.556558 -14.920877 9.693873 -2.303878 17.041214 6.875504 -4.153134
5.988336 1.933731 8.723450 -21.894463 5.967125 -3.932322 19.076931 9.882974 -14.486723 -13.682489 -11.285273 -1.888861 -25.107868 -12.705804 16.403097 14.910900 -8.364282 -1.838340 -4.292129 0.703440 1.505265 -6.316946 -7.870369 9.698752 -14.013073 10.394456 -3.447067 16.590103 6.990630 -5.103513
6.152354 2.039325 8.895895 -20.516169 5.999601 -3.596755 18.954689 11.062462 -14.996943 -13.662911 -9.834264 -2.083192 -25.360607 -13.485749 15.775764 15.920502 -9.414969 -2.600374 -4.492466 0.130317 2.051092 -6.802882 -7.768988 9.568600 -13.285605 11.034211 -4.717025 16.266729 7.064816 -5.680933
6.765092 -4.597545 8.044839 -13.393560 8.396520 -8.373478 14.842717 14.819995 -12.965247 -11.461628 -8.636470 -1.730741 -26.027609 -20.071774 9.670509 10.945603 -6.593642 -2.936584 -8.161644 1.537381 3.895193 -10.274288 -5.631388 8.880898 -14.878349 7.931339 -8.706066 16.284887 5.323668 -4.469461
7.175469 -3.873268 7.088138 -12.080464 9.860799 -8.761909 14.542717 15.621244 -14.146546 -10.996706 -8.273869 -2.204939 -24.967892 -20.402838 9.977494 10.777203 -6.465312 -4.089016 -8.995689 0.572122 4.786540 -10.329099 -4.565842 8.034562 -14.966078 7.898430 -10.236587 16.294844 5.209449 -4.987184
5.810490 -3.502072 5.612039 -11.252472 10.964705 -9.237331 14.469881 14.920777 -15.143559 -10.218230 -9.335522 -2.726085 -23.409040 -19.945574 10.922282 9.448223 -5.255530 -4.594142 -10.038541 -0.409569 5.192619 -9.912365 -3.617305 7.190687 -15.222239 7.768392 -10.982974 16.465385 5.103060 -5.066205
4.192974 -3.670642 4.792074 -11.077685 11.240041 -9.584038 14.871199 13.687069 -15.872705 -10.021251 -10.688021 -2.727721 -22.128048 -19.248125 11.780713 8.621176 -3.881016 -4.859812 -10.395984 -0.138282 5.247496 -9.359635 -2.636662 6.168108 -15.776139 7.482924 -11.359849 16.777668 4.956050 -4.529582
1.506848 -4.896922 4.584528 -10.832560 10.677943 -9.778822 15.967922 11.519512 -16.480680 -10.272343 -12.022491 -2.458197 -20.528238 -18.578146 12.645335 8.516484 -2.580538 -5.731420 -10.477956 0.622697 4.951844 -8.861445 -1.964426 5.322672 -16.578825 7.137627 -11.358413 16.904095 4.767726 -3.555824
-0.568004 -6.053545 4.479707 -10.594788 10.276746 -9.919729 17.033745 9.481612 -17.021511 -10.471166 -13.184521 -2.195823 -19.216969 -18.030993 13.464512 8.366968 -1.243231 -6.190308 -10.403852 1.598226 4.950768 -8.506718 -1.189237 4.276089 -17.212841 6.989686 -11.665091 16.961273 4.791117 -2.445618
-1.880766 -6.176629 3.451016 -10.509762 10.612298 -10.061343 17.459892 7.888550 -17.754890 -10.100309 -13.708138 -1.977905 -18.030649 -17.843903 14.131302 8.472616 -0.174227 -6.890410 -10.569619 2.597754 5.022266 -8.025351 -0.333326 3.331845 -17.954498 6.939878 -11.773078 17.021622 4.852843 -0.982826
-2.991435 -6.074350 2.050715 -10.150352 11.308522 -10.183307 17.649321 6.770621 -18.703884 -9.582348 -14.006622 -1.819712 -16.500540 -17.678780 14.992887 8.463477 1.087353 -8.177249 -10.844549 3.413110 5.275518 -7.687458 0.287197 2.686936 -18.357204 6.893792 -11.962118 17.041552 4.909281 -0.015592
-3.472914 -5.773591 0.962691 -9.872128 11.869084 -10.244986 17.588066 6.410704 -19.457750 -9.252365 -14.137750 -1.786100 -15.585786 -17.634684 15.516946 8.427999 1.909254 -8.873542 -10.990829 3.895341 5.471956 -7.435950 0.656472 2.421459 -18.560722 6.809325 -11.974393 17.074114 4.928314 0.509704
-3.458567 -5.641796 0.583489 -9.846064 12.049613 -10.308607 17.530882 6.249318 -19.619385 -9.083796 -14.181969 -1.775071 -15.244266 -17.642906 15.664714 8.458607 2.208225 -9.131911 -11.066525 4.054683 5.625951 -7.249990 0.957521 2.204673 -18.727638 6.760717 -12.023324 17.104527 4.943106 0.856370
